450;179;398
-945;-339;564;-630;360;728
99;868;536;201;633;-539
17;-502;-759;-72;983;-954
-532;-756
-393;-128
-226;803;-551;984;-892;-640
-230;-143;639
689;69;-777;-379;-972;333
-241;121;-154
-274
-262;-889;363;827;-63
738;210;38;-666;218
452;555;-380;268;157
665;-636
-68;-730
-357;823;635;-48
132;-967;-940;-480;-336
321;-131;-436;-556
803
-866;-344;682;397;669;-576
-7;345;9;685;-47;-688
-36;307;-314
192;66;164;565;-663;233
35;10;-492;750
-578;-884;-137;527
-104;56
513;-292;740;460;-558;-303
306;9;219;-909;-110;-591
400;19;135;652;-767;894
-866;553
-148;-677
19;-805;708;-239;-511
-850;-915;341;-838;-700;-428
706;-371;374;489;-315;459
874;506;860;-494;623
984;376;456;-697;-477;-62
899;-965;470;-77
-753;228;789;472;-138
706;-198;-159
-307;-216;-792;-536;698;799
28;-382
865
867
-370;713;-448
103;444;-653
-690;707;-485;509;285;-944
-876
-52;-776;-319;783
182;951;23;-457;-314;-495
-369
-932;903;-873;697;685;-366
192;256;-179;-281;-971;-924
387;-58;-396;795;-94
500;-137;-329;249;-191;799
-382;-384;-896
-291;-348
-945;897;466;35;-310;-527
-133
-585;361;-940
-451;-266;906;-909;893;734
-178;-451;-839;443;-351;-47
-420;502;214;252;364
-994;-67;-676;824
-913
-612;660;-796;892
-401;804
288;21;733;-894
-407
-29;-672;-736
977;-819
-899;-819;-745
-545;373;-406;101;-571;-397
-423
561;-134;-236;958;47
-456;-396;-924;63
353;-176
21;311;620
-803;-925
595;-799
-205
64;657;-498;-916;-776;-528
981;503
-661;484;919;-105;-172
-489;-235
483;103;424;952;730;-432
578;660;-534;284;173;78
466;778
988
-222
-993
995
-661;334;-672
-977;-817;881;-692;275;-438
674;-858;42;-796;-576
-167;-234;-524;-750;-864
80;513;159
753
-243
-869;-693;-952;-125;-173
-883;933;135;-920;-32
