-737;-984;-840
-918;-887;11
32;-34
-482;-474;9;-363;283
-625;433;452
864;-113;-423;-729;346;-208
-929;-244;-389;-810;572
-565;829
836;-314
450;-424;-139;-668
547;700;558
628;853;331;252
949;-95;-320
515;-236
-796
146;839;-443;-652;221;175
708;86;7
-179;-89;153;585;203;-384
-914;242;11;109
752;-530;-99;-660;-951;935
-17;385;407;-425;985;-14
818;-3;581;-840
-915;-235;-688
192;-467;675;-276;489;973
691;900;253
-692;51;75
-740;460;781;-926;991
416;-153;777;809
-820;-21;-229;750
112;-996;134;359;-187
-23;440;-395;-92
-161;168;62
-72
-332
498;-103;-699;638
642;402;827
-139;-459
-388;326;487;712;-812;-669
-857
861
-34;-551;-285
984;-139;282
615
-852;919;-172
619
-86;486;870;171;973
896;-293;-329;634;-589;-688
-115;-870;790;345;478
849;951;104;-764
-273;-625;752;388;37;-396
115;996;-71;454;-922;831
-931;-795;-670;479
227;665
994;779;-543;-591
571;-845;-367
641
-900
981;-94;381;-624
-561;-930;-885;-486;677
193;195;-251;767
-114;-695;-187;42;44
-675;518;14
-593;600;-667;-766
-914
289;-965;822
917
666
668
-59;-139;-603;-893
516;773;102;-935;-345;814
-65;289;193
-804;805;-409;797;541
469;-679;488;-652;-654;863
576;-897;-888;-238
370;162;5;143
434;-6;-968;233;-316;-317
288;562;261;566;-904;-602
576;-227;-86;953;-15
146;83;-964;310;-461;-317
-436
-292;603;-128
-433;800;289;69;-535
-689;-422;152
769;803;-981;-729;585
856;616
-197
-869;-359
499;-69;443;-157
-62;-655
-344;-384
-913;-355;71;463
96;-935;360
-305;565;-745;-507
713;-395;-94
999
-728;238
822;-74
-441;-505;-318
-642;-132;260;-918;-345
-504
115;-822;-567
