-770
-196;-694;-730;155;-335
19;-410;637;-768
71;185;620;-864
-781
-421;358;-715;794
501;31
-946;-35;-325;260
-369;-197;552;-777
-65;-329;-893;-16
144;-918;-414;45;351
-281
-28
400;-961;-5;-166;267;749
131;724;-827
796
897;-228;-700;477;846;-495
67;166;-10;-95;-96
930;853;102;886;743;-666
641;-170;-892;-893
784;-763;14
417;-969
656;-967;281;443;652;-768
560
768;210;966;-935;695;-376
44;-607
357;949;886;823;-459;571
424;760;-906;-91;-876;-653
-729;92;207;-656
-257;339;613;903
480;-451;56;233
838;-25;-681;-57;858;157
840
-602;-698;-475;-492;-112
-355;630;826
-850;259
-385;-196;916
-122;-524;-461
-674;737;468;-247;-535;-857
-859
816;-851;-604;124;862
607
609
576;-292;585
769;-35;-980;341;6
616
723;760;939;-269
-876
876
503;-553;-59
113;-992
367
354;371;23;72;828
-227;551;40;665;876
-197;615;-493;-175;-351;975
-261;-121;-187;-428;875
-337;176;-310;-935
611;-265;-906;687
-677;613;967;473;-224
913;-469;-574
-145;-25;559
768;-690;-322;585;-205
-129;-36;-343;585;831
695;392;-986;-11;-653;-606
-25;-554;-80
-245;906
-84;554;-251;203;-140;638
152
-852;-21;712;523;-572;364
-961;-297;313;-780;30
415
-428;267
75;-240
516;-778;542;926;-272
-755;774;779;268;-128
-807;-8;423;602;-638
-673;-491;-270;605;-368
-613;648;877;285
173
-481;256;-614;582;715;492
916;-685;-863;-576
880;-722;899;-668;-206
-51;759;106;539;-909
-249;-718
966
195;-922;124;-879
-206
-218
705;-658;642;-803;761;-426
-977;-325;216;-377;841;-880
689;-135;296;-366
-418;-195;-648;808;-158;847
835;-966;807;-122;-59
352;-112
242
-469;-871;711;-124;251
228;-247;205;317
762;26;-540
763
251
-995;692;548;-342;607
