443;-637;93;-672
-692;-826;793;-560
-634;-139
-983;719
520
938;863
948;-918;750
-601;617
-209;19;-120;-187;478
-131;903;270
-22
-532;-45;189;333;270;831
-535
704;-298;-685
538
-57;249;859
-66;673;629;604;892;-910
548
546;-631;999;-602;60;-335
593;180;296
-484;805;10;-716;-432
599;762;-958;670
138;-190
-51;419;404;250;-364;-351
39;392;-379
946;518;-384
640;-601;26
-183;763
328
586
-964;662;-542
-436;104
836;885;-326;729
-945;-764;95
496;416;849;-934;438;861
421;-840;-155;-796;973;62
-658;318
-546;842;-381
-917;-229;-697;733
-99;467;596;-712;92
579;947;622
-102
-35;643;596;791;-168;-956
466;-363
353;-38;814
-913;497;212;-776;55;-718
450;-53;325;153
-623
176;170;202;442;-365
-137;296;841;58;-688
-329;-45
-679;445;-814;-351
-131;-759
-124
19;-912
-994;154;-811;-271
-274;-532;-102;-666;-604
-930;-133;-986;701;-959;-896
692;-86;460;428;685
469;-336
118;-221;-799
784;809;490;-861;-829
409;-16
-26;364;317
787;-132;-776;-796
-817;594;-358;174
-227;-422;-856;296;-942;206
565;-823;103
-437;-693;-624;575
675
-731;651;-684;-429;254
512;-85
-417;-821;165;170;-107;62
304;-67;-805;390;103;-107
-777;-958;-367;-640
-611;678;-844;734;-911
-959
3;644;425;-442;-12;-416
-719
704;339;39;441;511;-544
467
437;441;955;-848
-274;833;-997;-693;126;15
-594;168;122;924;-142
-739;-358;-410;-986;987
-321;809;922;-493;76
807;444
401;-172
486
-977;433;906;58;-429;-223
373;-488;-632;-10;-730;-540
-324;584;745
-34;-155;428
258;494
273;-35;867;-398;-464
-137;478;670
409;346
502
264;-382;621
-517;533;746;907;-141
512;465;-69;365
