-177;596;-376;-282;239
183;-441
864;178;82;964;-550
162;776;346
-723;963;469;-237;-845;365
-183;-780;973
658;-420;-36;116;974
581;-598
354;679;271
-641;667
-801
802
-981;954;-635;-814;-864
-966;-343;-840;239;-688
-130;-422
-179;-740;878
820;957;62
-81;-739
-567
337;523;493;286;-560
405;-45;-495;-79;783
-17;-450;-133;731;-190;-256
-610;-458;-128;623
-573
-900;-473;287
-753;69;-778;877;157;751
-628;47
549;-476
-293;916;-855;540;-382
332
-305;-247;905;43;-318
-99;180
337
-73;923
33;-228;-341;134;827;-766
117;-717
738;-457;-329;140
-194;481;341;-24
785;369;70;1000;-847
-245;603;828;414;-735
272;-853;405;763;635;669
546;51;-587;-380;363;-864
594;-470;-763;-555;-524;844
-805;-185;-171;542
138;-32
439;-651;-955;-479
-153;282;751
401;374;854;282
635
-529;18;-133;-581;140;191
18;-999;774;936;-91
704;548;-55;662;151;-348
894
-386;772
48;753;-933
-275;-996;967;-43;-415;895
-929;149;135;108;-880
864;-87;566;-431
855;-508;939;-624
-915;644;853;-990
-926
34;899;486;439;908;207
-263;168;665;-509;-461;-784
660;469;-934;732
-420
-657;786;548;294;218
-173
-676;-526
208;676;-5;-23;681;-591
-514;773;7;425
-436;614;-40;812
-502;551;394
931;677;-934;886;935
162;261;-856;-15
672;592;155;-380;-781;190
273;-371;-836;-197;678
984;543;463
720;-738;275;-731;-239
-717
974
532;-407;-847;-927;-96
-756;-223
113;932;-716;651
-726
734
146;-23;71;265;794
-231
912;-946;708;453;423;216
-105;57;-187
-18;-644;564;709;392
-673;-724;438;-814
946;-404;-822;43
-482;530;-101;-651;-48
-291;-845;126
866;355;559
640;-985;825;-43;-191
-251
-25;170;-412;-301;61
-37;516;359;-376;920;-107
-466;-989;-590
706;317
