429;-430
311;296;-604
-501;790;-560
-209;-307;-1000;473
-258;850;-756;-565;709
531
888;126;-480
-674;65;-216;-185;986
-795
128;-353;338;-773;-7;639
434;100;646;-935;535;-751
-167;-139;-848;-160
-726;108;621;286
803
-969;-603
-301
548;343;-937;349
536;-846
423;27;-460;-46
532;-117;153
-315
-594;484;-983
869;-31
324;-295;812
341;-927
-148;-454;216;-892;-80
-592
-103;-171;987;140
-652;-861;-111
-376;205;79
-999;774;319
-867
-833;126;607
356
60;335;-496
771;548;981;565;597;479
-753;-713;665;746;925
-385;-435;917;597;-332
97;153;-315;428
-50;343;-153;223
-929;-933;-807
-368
993;-898;-165;-554
67;54
112;471;296;299;-32
-690;547;-423;-584
-995;356
80;96;-323;-295;-969
497;-804;359;-905;-912;-928
-578;566;918
-836;709;522
-387;-726;844;-895
-449;-520;315
466;187
398
-150;-71;838;-139;-880
-183;-856;953;-589;-495
657
-195;836;21;-380;411;989
530;-248;456;138;-557;93
749;-80
304;-322;-114;-744;665;-461
-340;-277;932;869;-252
68;-346;713;-795;861;-336
-423
643;692;-453;-377;635;-204
-291;772;971
472;985
213;-73;492;-815
-242;612;-605;-173;-288
-185
83;-507;556;-574
-401;162;-131;772;973;94
-97;-349
-807;-923
791;943
-534;102;360;271
-245;886;568;157;-911
-462
336;896;491;-574;-943
55;-520
-946;211;520
416;497;-259;628;795;701
-482;-997;-694;441;-700;-92
-994;581;615;424;411;-300
-81;-915
-916;-597
854;695;647;-795;367
-705;582;-686;61
27;604;301;-510;13;-928
1;-290;165;918;680;557
-757;-936;940
-993;-852;-292;-479;-959
689;899;-318
546;-644;-405
-627;-838;-575
-762
549;517;-631;-423;599;408
-256
8;793;522;-44
-512
