50;-805;-552;732;831
275;-536;364;653;-240
256;305;643;-246;-839;-896
-522
896;65;866;-86;230;-937
131;139
-946;-94
-134;-907
-819;-662;53;-895
164;474;92;-669;125;-975
465;82;244;998;283
340;198
801;-805;-474;-140;589
512;-818;-885;-133;793;-524
-519;169;93;-799
36
905;667
-551
-761;-541;751
691;1000;-185;-186
16;-897;-999;478;-431
918;536;125
-946;-200;345;-270
-41;169;-112;-576
55
627;170;188;-686;943;-160
62
-75
-435;711;-936;-186
-847
-929;-675;-357;7;-379;718
-6;-345;687
787;331;-270
419;-107;810;239
354;58;79;-576
-131;547;596;-493;-878;-752
-229;394;-494;-622;-160
856;-875;619
161;700
-33;-326;358;-863
466;964;-454;230;-684;-621
-100
-819;-100;807;-698;-236;-592
964;-69;503;-207;-111;559
963;-348
917;-203;926
161;582;-312;-968;552;603
-453;-167
707;506;-749;925
213;-86;-295;-759;303
-113
273;867
-979;-678
-420;-298;-173;255
81;-718
917;886;-335;-239;-80
-482;-873;968;-765;-783;-752
-482;-210;614;406;151;-96
102;-745
-307;99;-597;202;43;173
242;-632
21;838;301
880;680;-923;-508;12
-913
-33;820;-581;-677;616
-403
-101;-342;582;198;-249;827
325;549;909;-95
208;-366
-163;-726;985;843
427
229;423;392;666;-813;814
243;956
-33;643;-101;-729;266;-223
-898;-355;326;-984;-153;94
769;-135;936;-624
-323;-821;485;-680;-957;318
-482;-584;366
445
959
210;-948;873;569
-883;-612;-486;252
-529;880;-460;559
-551;-872;713
-820;884;391
-203
719
-418;-47
-869;137
-898;-155;894;-64
-641;-630;997;-720
272;314;-816
489
-439;231;957
-663;903
96;742;-286;-48
-149;644;759;25;-11;-764
-251
-765
758;171;-927;-767
-692;294;-361;618;764;910
