467;136;169;957;-192
593;97;-274;516;-74;-862
-689;-530;-612;-885;293;-910
657;-327;-328;-475;478
532;-728;152;-539;59
523
272;-225;898;649;-810
496;544
-18
304;213;805;-23
-40;792;378;268;158
288;-514;595;166
32;-583;825;926;622
-352;383
-215;183;-10;586
-230;-297;490
-118;649;-237
386;-779;459;-908;-221
482;756;858
371;54;-731
-818
-612;-464
736;-978;-451;-128
-723;-708;-937
769;843;-12
-381;958
-978;850;-838;-57;395;-718
-579
583
-885;534;-11;-446;-879;334
-546;513;-164;755;820;489
-986;909
178;924
-609;422;-329;474;635
-273;112;721;-308;-590
-66;497;-633;-906
-547;635
659;243;901;250;-158;-527
856
-596;-981;309;376;-283;828
329;57;827;414
208;-488;-522;-574
-292;118;-247;934;-159
-579;908;-942
-355;456
-360
-877
-227;-693;-650;-331
408;24;959
293;-663
626
-822;-554;489
-850;-31;-271
-378;204;303
-402;-630;-636
131
432;677;70;-792
211;-181;-139;-636;-749;-944
138
546;788;756;261;92
173;63;-96
-622;686;990;-656
-739;-38;118;254
657;-251
626;-996;531;-182;-390
753;868;757;-569;-624
529;148;-512
-931;99;885;-187;558
170
785;-679;-663;-648;8
176
-596;839;-56;254
955
-961;-498;-779
98;-679;-634
-962;481;-537;234;-943
656;181;-312;697;250
-963;-261;504;826;-701;-368
625;-373;-187;-236;367
857;-141
-978
640;929;899;291;840;-58
133;-359;328;-731;159
384;-166
-476
991
-145;980;501;-358;-424;-781
11;-238
228;-343;746;-892;780;989
741
32;-867;93
577;-70;425;-458;571;-557
530;-697;154;909;-336;703
-49;-247;-715
242;804;102;-649
880;-73;-48
178;69
554;719
16;-403;-838;841;-619;-784
-919;-248;535;488;1000;-602
-881;-534;647
