-470;197;-119;-328;951;537
-52;-517;-616;-159;63
-882;-852;373;952;921
-505;764
130;451;-261;-680;732;143
80;931;-375;-152;990;-959
-290;-39;845
374;655
-865;304;434;-470;78
-44;-381;-96
195;581
-499;390;694;-617;553
978;-964;53;-454;806;-942
-994;-322;945;-547;902;-763
963;-341;917;-359;456;169
-354;930;-644;-486;956;894
-820;-133;900;-987;767
166;-424;-784
19;355;-42;-864
-569;-479
-132;-169;40;938;-110;-287
280
-689;-324;-301
-4;296
738;-328;-587;-381
531;134;792;637
480;-662;-570;-176;111
256;-691;361;156;990
306
704;-917;-95
-5;-917;500;908;589
-49;1;360
865;-4;-612;-728;-333;-16
-593;-180;356;-671
434;389;840;-794;219
-662;-429
-595;755;324;885;491
232;477;-384
-705;-548;803;776
249;-576
534;903;984;696;796
962;-263;489;-428;-590;159
-883;247;967
98;492
593;146;262;-152
370;-313;25
852
-597
896;325;-366
-358;-634;-381
36;725;873
147;-724;805;812;-334;-352
689;692
258;-153;-365;270;478;895
-872;686;-176
497;-180;23;-446
739;-150;-151;423;183;-170
-262;-536;-635;-172;11;716
-178;-54;-829;-206;-494;-911
304;-386;-100;-92;-863
-708;-981;-444;-28;-638;125
886
-209;-657;-537
-194;-772;634;684;-735
528;180;133;714;109
130
-518;-503;-455;63
-354;358;486;779;-878
194;723;-268
672;176;-514;59
338;91;539;-319
-311;778;-63
112;-276;10
-465;-385;641;-245;971;-671
-721;-550;373;597;457
169
-163;-53;46
-371;-570
547;-230;-142
21;-806;-781;-669
-498;884;-88;8;603;557
-374;-312;-204;445
-833;726;808
-532;-758;-314;-715;333
-97;594;-870;859;-29;-910
-145;-678;-570;749;446
768;163;35;-630;888
-460
716
-643;553;826;750
691;375;232;190
-913;-737;418;630;-408;795
17;481;-98;409;314;-907
-952;219
-129;532;-665;-796;575
856;-45;959
884;-390
435;-86;156
-482;547;646;-376;379;559
352;923
255
