-353;-994;749;-160;495
-51;455;360;-428;667;543
788;731;30
816;468;437;-938
-149;-197;165;652;316
288;512;352;804;24;857
-161;229;757;716;-494
-305;-487
535
880;817;-328;-761;952
-628;915;983;-477
317;-32
-34
802
676;517;889
-801;436;-441
39;-139;62
-289;-308;-679;-810
557
230;-554;-494
-737;515;-985;938;218
-58
58
-468;152
-273;-66;948;-282
-915;949;182;727;-987;-30
404;331;780;607
-23;855;761;-492
-846
-993;641;357;538;-878
-963;-292;103;183;393;655
-257;-419;-229;694;-651;779
-961;-852;-614;296
-420;-359;-648;-960
810;-283;716;764;636
-850;509
597
-129;342;-169;41;-175
-394;158;142
-290;834;-430;638;878
-739;905;491;910;63
487;-601;-858;363
774;701;927
-33;391
-321;22;-375;-602;-108
336;-227
-419;-953;409;-428
-213;-602;-906;74
-583;-104;535;-460;-13
577;-344;330;924;-606
-242;-566;-391;317
-594;-510;222
-380
402;-584;-170;-762;137;-171
-513;-485;264;-572;155
551;426;923;-493
-337;-74;539
882;-239
-680;-348;187;-525;829;926
-647;-256
-177;-809;-203;-47;479;895
-81;769;964;-75;-907;-812
-911
144
256;-514;645;878;-848;-16
-17;486;-874
99;-951;703
-469;-839;902
-274;-388;682;-428
-154
-922
-741;-663;217
-676
90;-928;-608
490;702
-113;-789;-734;-80
-641;-410;-922
-659;482;404;966;797;751
481;-322;24;-365
885;-871;167
80;850;-124;-990
-785;970
353;150;-311
769;853;108
-497;535;-605;990;-624
785;258;-278;463
-529;128;-37;-23
-386;-998;-777;-249;-362
-65;-662
243;-462
-990
721;114;734;191
-993
-483;-968;-250;-317
214;-205;477
-866;-230;-633;283;702
-233
-50;-178;-729;-90;811
-130;-531;-419;73
304;-802
-130;-277;-650;301
