4
65;-340;281
-67;-106;-715;364
-69;135;-731;443;-814
12
-341;326
-113;803;-261;549;282;-476
228;-311;393;442;-734
-433;218;-316
947;-936;777
882;690;-323;714;364
-950;-199;-391;-967;856;346
-245;85;969;-462;702
759;-264;172;-301;478;-560
28
834;435;-309;-374;-41
88;-890
145;516;584;-697
-805
-549
-981;332;-672
274;68;389;118;988
265;-155;959
-658;117;552;-315
100;-939;58;-427;332;925
-421;-443;813
402;326;602
787;-125;-608
-761;282;-524;-909;-704
916;248;254;686
896;789;454;920;889;719
230;614;-87;313;-238
835
930;164
71
-194;245;-470;-455;328;877
-6;872;-394;-395
-593
-313;349;47
-705;68;263;218;-123;619
-579;-279
348
-955;796;254
-131;-536;-826;393;938;62
100
25;-384
-769;-244;-101;805;102;311
771;-821;344;-188
-897;-514;-438;776;-315
-50;130;676;-630;182;55
-276;-936;984;-906
694;-329
195;-300;124;861
-881
19;499;366
-632
-150;-458;-426;137
-130
544;-56;-936;-506;26;282
323;-344;252;-622
977;-677;635;-32
-394
-516;660;296;-46
-457;-554;-668;254
864;884;-407;-571;186;-32
673;-728;-872
791;-234;-398
-753;483;294;-605;-863
823;-128
945;521
690;418;-164;406;-136
-285;591;143
866;612
-968
657;-36;-823
1;-883;916;-749
161;-246;-825;-681;876
-716
-947;195;-793;284;-991
983;618;-124;780
-226;-243
-819;13;-688
80;498;-517;-361;264;763
-721;499;-154;-191;351
418;565
-193;118;-911
-305;34;-309;-924
-117;279;62
-775;840;172;-974
-83;486;334
467;277
-163;-629;-780;315
-587;139;-301
129;-467;-580;485;-828
-954;763;-558
450;-597;807;-440;-205;-510
-994;-328;522;-719
-209;370;-921;-489;-527
662;598;266
-820;569
6;504
