995;797
-244;-631;670;463
791;93;-623
-652;-380
-13
-805;8;-396;942;94;143
417;692;341;-966;42
376;-894;526;-543
-242;823;-25;203;-669;445
-259;-39;-415;-336
-654;-879;-799
-541
-402;855;991;127
672;-435;-167;311;250;173
-6;773;-664;445
-118;-523;-686
-373;-502;471;-585;-89;-510
397;685
450;338;851;580;-623
-903;86;365;127
-310;-272
264;318
-585
385;714
400;-951;-42;-778;606;431
-846
-433;818;-502;-986
480;-850;-309;-185;783
144;-210;-271
565;-158;638;62
-966;-425;-651;-780;-80
150;663;-542;-190;-767;-944
692;-775;-668;652
547;-728;-176
678;-908;-652
-901;-618;892
-164;790
-402;-86;605
588;829;621;846;-31;-432
-307;788;-362
-513;-306;647;762;970;-160
-433;-394;-318
726;343;711;-12;-624
-896
-745;-618;476;-271
-370;918;-652;28;-238;-78
-836;-149;534;55
-690;407;-72;215
900;-247
723;-185;121
451;-91;-510
181;-332
-313;-94
-289;999;423;44
-965;-154;-300;92;-111
-483;-268;157;-95;-752
3;853;453;-286;-95
51;348;13;-750;-768;687
583;-301;-766;-959
896;-308;-276;-117;263;-624
424
-938
690;-263
171
-294;-398
-950
439
739;-518;390;-88;664;-747
153;-812;844
698
-852;-699;-892;719
-930;308;-374;-678;461
-516;372;-629;743;730
-482;3;-584;348;12
677;-667;-718
708
-466;919
800;560;770;-393
160;-963;-357;443
723;756;744;-793;-987;-908
-977
-884;-950;-712;-232
-36;533;1000
-988
647;9;-876
-537;59
-519;-441;312;731;651
-113;261;-247;-171;941;-895
-993
-308;771;-729;-585;91;-238
455;542
727;328;648;-314;378;-768
790;984
176;98;242;490
-81;962;291;-488;-924
309;761;122;698;655
307;-684;843;-925;174;527
339;-838
-439;-184;219;237;-942;-670
-765
433;-451;709;-601;73;91
