915;111
771
-818;338;501;-796
-22;-534;758;504;-667;-47
107;413
-402;-38;-263;345;-458;-731
-780
713;969;122
449;935;-859
-782
-355;37;647;-605
337;-722;596;-666;-334
66;628;598;903;-126
707;-357;957
-30
-625;72;842
194;948;760;137;441;-142
-66;103
-85;644;-855
554
304
82;296;762;-61;125;383
176;-228;-53;503;-345
-822
277;358;-423;-713;189
-33;-164;254
464;855;473;717;878
-194;771;613;-779;-716;620
935;-985;-14
577
444;-512
832;482;-990
-789;718
-74
180;-107
353;451;-213
-641;114;23;-729;969;-334
-343
-167;-888;-429;44;-448
851;-166;-104;346;-156;605
308;558
241;-852;-264;121;300;-670
705;579;-122;346;-381
577;612;68;-902;264
257;-888;488;508
-162;-916;-101;570;429;-702
-449;-184
-227;-344;-877;815
626;898;-741;-456;279;542
466;-777;-826;-93;-446;270
-127
114;269
401;-532
-209;-503;667;943
850;-634;365;749;-944
-405;85;297;875;-300;604
-995;-965;540
-559;-607
922
-413
741;600;-749;335
785;-597;-351
-995;-389;-918;684;111;-960
-661;-453;-844
563;659;581;182;519;221
-428
-370;-317
-577;930;-373;280;-266;-171
914;-376;714;974
352;-483;-4;-988;846;-927
193;-452;262;-600;204;-557
336;337;-518;-233;-12;-864
442
-53;-117;-809;-493
-881;403;284
187;-525;300;158;79
545;840;168;-665;362;-539
931;36
304;-210;367
480;-950;791;-783
998;487
385;102;982;-239
338;-294;-538;446;-160
-564;503;-169;-331;-671
-763;125;430
-595;-388;-202;-460;412;-767
977
388;-677;217;-91;891
694;-216;285;479
-964;-471;-824;798;495;223
-281;-585;-476;-621;-61
706;725;280;-330;875;28
-534;203;27;798
-130;-366
97;-948;-822;-106
499
400;-929;283
-466;-531;235
224;-433;-663;472;-875
-758;37;664;875;-621;-448
-136;745;-446;861;351;415
