-67;-486;456;698;-638;-736
-642;-133
-776
-514;-359;-159
144;897;247
449;-676;-101;746;-911;-544
-114;417;-571;717;-736;559
-929;-226;790;-424;-415;-863
99;-534;-570;621;365
-577;-180;734
880;-729;-415;799
806;-526
-961;692;154;506;-672
-635;95
-543
-801;882;-550;-9;447
458;603
-465;53;373
-135;252;-157
-308;-758
-546;-779
155;-349;751
-560
816
994;-200;23
978;607
151;412
-643;-516;181;-200;-649;745
827
-817;33;-185;891;-495
19;20;201;-559
576
177;434;899;-264;522;602
786;506;-364;-429;-176
-838
498;658;389;-960
992;-739;718;414;-351;-703
-705;337;789;-235;-717;191
-465;-655
293;-906
-107
155;-269
-116;-567;-90;809;396;-61
180;-485;516;-844
563;-20;452;5;-876
-850;328;331;-703
-338;-968;362;-463
-327;199
127
-570;-762;686
928;233
-437;-170;-813
226;682
912
150
867;-324;997;-924;-464
-922
-147;-90;-174
-412
-593;-404;-473;841;-124;909
-785;-450;-204
-307;915;-792;56;-603;892
-681
-77;-608
131;452;965;231;375;332
-324;-757;-569;698
465;-660;-765
596;-630;-158
-519;-186
484;569;-858
-387;791;280;793
-65;-279;44;-189;-989
-455
37;230;844;-638;495
712
205
-65;947;-164
-998;247;-349;125
656;831
224;-194;-627;54;215;793
-446;911
-550;-943
361;187;-412;-430;-431;255
726
-651;-763;476;-48
660;715;414;-191;-128;799
452;-613;247;653;509
-228
291;-106;303
-493
626;-324;981;91;892;-237
-900;661
-95;-400
785;386;226;-278;-554;186
-689;209;629;153;-704;-864
736;-4;343;447
229;342;73;461;-606
598;-137;938;637
770;244
-644;358;953;861;-256
-506
