449;114;259;-133;84;763
409;-411
258
259
-533;-751
897;-122
-486;-632;-780;-928
432;65;133;936;-478;206
962;467;-996;605
35;886;922;-287;-767
529;721;567;764
-792
544;247
390;-204;861
-18;376;-234;158
-882;-595;196;-58;268;-238
561;-276
592;275;934;584;733;-783
403;230;941
482;-908;-733;-975;47
-243;538
-41
633;697;762
16;-51;-8;-525
354;-855;-247;394;123;173
-197;295;-872;120;798;-975
-63
453;-776
358;716;-349;332;-990
-273;967;489;-860
244;-150;11;990
609;673;-954
531;-229;-636
-335
-114;708
342
-582;495
-340;-261
-18;-754;-85;-266;-253
-163;-773;-745;335;-800
-901;-134;426;254
599;-957
-162;375;-571;671;-928
-739;-420;-132;-237;-368
672;-451;19;909;989;783
-689;625;722;-116;-777;-895
945;-825;873;142
-50;-386;484;375;-894;-927
-121
293;-23;567;-959
-563;-614;27
84;603;715;364;93;573
-817;-850
517;382
517;-107;-544
849;-547;-440
467;-292;-663;-872;648;574
-140
433;631;937;378;-699
-915
660
-578;982
-761;-41;-859;-269;-78;-448
-930;835;475;766;-735
-53;581;-119;-584;745;-987
560;-141
-145;-275;-169;232;188;846
609;755;-359;973;462;798
401;-250;-10;26
-642;-102;748;-176
276;678;358;141
-547;-908
687
-644;724;-870;-23;636
80;-305;992;-470;634;269
-177
529;212;725;-248;-815;543
-310;133;-695;-334
-951
-39;695;-216
-549;-264;-141
293;361;303
761;-571
-450;3;-246;-45;-992
-353;631;-297;-814;-415;798
112;-145;179;-854
593;338;674;759;-507;-125
-542;-494;-447
461
-463
210
-948;-6;600;268;412;653
768;-405;517;-826;-270
-985;-90;-938;62;-575
-872;-123;-765
-227
995
403;405;-824;251
98;55;348
-818;-712
250
