369;979;612;469;-380
2;-489;1000
657;-248;619
-977;-964;755;-198;-329;681
-243;251
756;475;829
786;419;-20;390;602;654
-306;162;354;-727;791
963;-260;-564;791;-191;303
274
-436;-96
-20
-740;356;313;606
-977;967;796;-816
-562;532;312;441;843
948;-903;-759;426
656;919;-522;-254
-32
581;-616
-932;520;891;-189
548
352;247;-700;-845;141;255
40
-300
-374;165;965;456;712;170
-514;-856;427;127
-23;840
52
-200;-777;-379;-752
-979;-693;744;-378;300;-79
484;-375;975
650;-764;252;-61;495
-324
-739;675;-7
497;561;38
-724;-966;215;844;909;-352
671;-592
545;-83;-982;439
-71;363;-78;-303
-738;-872;494
-513;-898;549;-779;893;398
-351
741;890
-210;836;-103;94
-875
-662;-732
884
785;901;55;425
183;968;680;477;-734;-688
-812;428
-384
-273;-626
-133;519
-646;-968;-698;570;330
822;990;879
688;-853;-949;725
-321;709
930;-756;-140;92;348;175
-62;973
144;210;91;-893;524;-990
-85;-391;-730;490;861
-929;-965;164;871;615;94
244;-395
304;163;453
580;856
400;-130;771;184;-750;-319
683;-268
-242;165;-920;-825;122;-255
832;650;219
-468;295
834;-324;244;389;-969
-583;103;824;-522
-179
-529;-202;-75;-653
377;-813
-386;360;-157
-698
958
290;-148;-663;-439
882;-635;938;-988
179;170;364
-36;502;455;-749;-910;942
461
896;296;-954;-140;812;63
753;789;-567;-808;-635
339;-488;267;862
-3;728
916;410;764;589;-670;767
931;313
-241;20
477
164;-136;-248;-233;-285
-116;853
-484
90;-319
-163;325;-906
48;-930;724;731;572;-654
34;326;-234;-876;-512
274;746
-465;-145;-450;-678;491;-543
-897;384;-61;622;-304
