769
-819;648;684
25;-288
-53;-389;-80
166;-568;359;-521;893;-62
-12
-725;949;86;793;394;-460
-675;-325;437;903;698
756;795
-865;772;-887;-263;56;-622
-793;-493;-813;-222
833;-813
-355;72;-763
-233;-815
-291;310;-700;-287;-336
-541
797
978;-533;-521;43
416;-741;361;508
887;426
865;145;-27;-380;-894
-625;-581;808;363
-485;539;-269;-78
-853;-646;-169;811;-974
661;-365
-964;-678;455;-409;-572;843
-557
577;-434;773;-490;-268;-719
-178;37;703
-49;-282;363;-557;831
-113;872;827
192;-391;-367
-823
625;602;-910
-891;827;895
-597;20
-273;-629;-190
-468;-880
-580
69
-404;-102;-156;990
218;623
842
-918;-328;424;987;363;60
132;-152;375;-585;-955;-432
854
-344
-753;786;-661;228;27;28
-725;-311;-80
402;-969;201;44;700;-736
54;745;601;794;-299
874
913;-630;-906;955;543
-386;-491
723;-681;-523;-400
225;-824;-32
452;745;698;527
-375
-754;386;920;79
-265;987;428
-211;789;-185;142;-143
-99;-998;959
544;-181;-134;214;-95;559
908
757;569;-672
-762;907
243;-571;-736;911
73;-254;543;559
-7;-922
-449;837;569;-427;-366
-33;899;995;373;220;-496
729;-844;285
-626;199
-427
-977;-437;-555
-177
187
-689;33;901;-167;-845;959
786;468;196;-807;-424;-669
-982;-264;796
545;998;-856;-873;-11
-914;-309;-109;110
969
-455;711;201
-463
-98;-310;613;-360;986;-368
-807;-173
984
-945;353;-884;278;-811
-369;704;547;-373;734
273;310;-413;-77;126
375;359
994;-952;-268
400;-19;-56;232;-10;191
408;-907;-268;283
64;977;-443;-460;-367
-233
-134;712;77;95
-836;-585;413
802;618;14;351
-306;-436;-533
