528;898;-653
-388;-821;550;-776;905;-508
-817;-198;505;-784
527
-647;-60;-845
216;840;-313;809
-330;-651;-523;252;-303
-166;-183;-46;671
-451;-548;-762;729;-191;-336
-24
-376;475;-621;-13;509
-929;-427;443;924;783
26
850;205
-548;-701;702
803
-38
144;-934;-823;-473
-405;261;955
160;-932;-424;127
-46
754;870;-298
-373;-997;-618;-603;748
86;-171;-992;-512
21;-732;-368
-88;-992
311
-867;579;-965;-742;-880
737;779;815;543
373;968
-364;589;-575;-192;479
-575
790;810
789;-439;-415
628;-554;-395
832
-85;-237
-385;273;-920;474;-32
851;-938;-379;799
896;870;775;-670
-737;653
256;454;141
-292;-327;-748
-866;-152;-312;264;-362;827
577;-488
578;-229
-498;-287;670
-53;-825;505
160;704;-246;841;-796;734
976;51;131;-359;-267;-413
-98;218
725;54;390;217;15
306;532;-326;-856;648;-942
-962;358;525;110;607
164;886;108
657;-588;-717
-545;849;-703
-913
-424;-844;-158
-456;-360;872;457;-766;-159
-131;242;556
995;-327
773;-488;440;201
-545;726;489
676;-793;713;845
-209;883
-728;542;734;-384
-277;953
424
36;-389;-9;285;-95
166;263
431
496;-246;-570;-143;894
593;-851;133;182;638
235;364;-605;-703
-482;-327;-136;871;-411;30
711
608;434;680;239;-992
610;629;-13
710;-874;-716;671
192;964;-346;284;588;575
980
-497;977;-890;-749;-847
179;773;939;-141
-81;919;-490;602;-478
373;-847
241;-147;537;-413
822;-328;952;-284;-109;-320
800;-279;-733;-272
136;-302;-318
-676;-576
-618;-31;191;687
873;637
833;-602
131;870
609;-85;-680;476;-814
-689;-694;-906
-616;-652
568;-813
761
-810;923;-621
