691;516;586
-289;775;793;-715;-560
804;-283
-276;233;170;-703;847
-280
-593;306;-439;458;-13
149;-138;782
-370;86
-542
-678;806;698;-540
-465;500
-436;5;-891
-722;849;291;675;886;-143
676;649
-772;-43
625;-807;-808;632;-202
-466;-3;-371;-732;-12
-584;475;413
824;572;957
678;-825;-589;429
194;-660;-149;-426;220
-209;-803;703
385;435
726;-426;619;926
242;-100;371;968;-621;-800
210;91;-366
-594;-496
611;471;733;-719
-113;-477
706;-309;-598;571;-286
658;-724;-69;-846;543;-928
-861
-349
-980;-166;-666;-477;-413;47
-801;-211;-630;-760
275;325;-406;231;-153;-174
-209;-261;-661;-902;-104;-778
273;-579;772;454;-25;745
97;-451;-149;985;234;158
528;-244;-56;651
-514;290;-477;77
-967;456;424;506;975
312;-234;521;28
-145;520;-572;78
-296;-650;-11;-960
21;939;701
674;675;571
-132;-629;137;-350;574;270
-210;-115;-452;389
-226;614
-945;547;-138;-877
-135
-899;-195;-404;-646;-299
-908
-399
-656
-806;984;382;-416
645;12
-673;608;528;547;-296;200
-26;-123
-667;-207;-48
96;-339;-918;748
-236;621;798
963;-116;597
-708;413;974
-705;-635;-110
-99;-854;-455;583;586;667
-305;-450;-379;445
-353;-850
131;-971;-956;-222;303
49;-836;728;-377
-694
119;527;303
435;280;536;-60;15
954
698
320;410;-446;-478
707
-919;-45
977;209;931;-420;-328;109
71;248;-525;-256
372;917;969
-931;-805;-11
979
950;-735
913;-227;41
167;-392;698
341;-551;-617;-396;749
581;922
-385;-352
-37;570;972
-930;-819;-470;968
-741
-725;-784
-34;-964
-577;433;-536;634;-191
67;247;-667;-316;-604
-305;657;-482;98;537
-801;81;-556
530;-783
946;695;-267;-556;590;894
