-962;-452;261;-88;-10;732
6
931;-692;51;232
-269
-755;-648;920;-45;798
-385;-705;-601;-825;-121;61
-502;-342;888;-939;363
514;-28;699;-397
161;-596;-557;509;173;-736
-610;68
528;-166;295;909
-806
-579;-921;-396;-862;-495;143
98;-547;-778;-95
298
-820;-5;584;589;-911
-113;560;119;252
97;-857;-572;-768
770;-470;-823;-815
276;566;198;551;-376;123
160;70;265;-395;810;430
421;155
577
33;-355
419;-521;-331;364
581
498;-873;265;10;683
-978;388;366;-623
254;-848
784;-871;681
850
967;471;889;27;-479
-945;-182;-460;523;-46
-343
343
-657;-133;811;-366
-348
823;-218
-921;827
-607
-309;-920;108
-353
825;554
-662;-720
-354;562;-23;-794;778;445
304;452;-379;-272
112;363;-29;429
145;-389;-890
-18;21;-748;-781;637
994;-663;-712;-512
383
-146;-474;794;954;-252;284
866;486;711;889
-908
913
151
65;-221
-166;967;90;-125;158
602;-605;-927
-675
192;833;418
-50;-372
-897;864;-950;23;792
-518;284;-190
211;-740;631;-186;-458;-396
691;812;733;-448;-848
688
727;-954;-464
-436
-951
184
67;-583;648;716;366
176;-745;520;824;-698;-780
52;-838;360;169;219;-412
-113;757;537;-698;-796;-654
-26;-813;638
-469;-666;-314;334;-623
-916;759;586;988;-703
460
-146;-318
5;-154;-572
640;496;-35;-380
218;-413;-783
-291;-408;330;-573;476
466
-961;-290;11
-193;960;897;820;-360;909
-150;-583;71;-9;267;878
-817;245;93
-916;677;968;313;-845;541
-402;885
-981;91;-364
-230
663;456;137
960;449;821;-973
528;513;817;774;-606
-278;170;333;526
450;-525;572
309;407;122;686
854;-746;394
253
