-225;192;-908;939
-358;985;255;143
-925;926
496;-161;949
-420;-181;807;824
265
-374;901
-705;935;906;-861
-885;618;-91;-304;-128
-563;-569;-492;-605;223;959
-295;-154;27;446
-947;90;575
27
-30
581;198;793;58;-576
-578;-479
-529;-806;-700;-304
579;261;552;-587
-660;-726;828
-197;772;438;264;-462
673;-114
81;-948;564;-393;-377
-53
-150;314;-221
784;-631;-92
144;866;-54;-342;729
52;407;359;456;250;845
217;874
581
-898;81;-979;526;607;-688
74
-305;385;433;-934;-171
592
273;-407;522;717;-207;719
342
-963;-37;-136;-825;78
-83;242;323;135;-586;-891
65;920;568;-189;13
336;899;147;-283;45;-783
241;-293;-821;28;-32
-418;-146;901;471;711;-382
16;362
688;145;-530;-196;-551;319
-598;87;601;-718;-14;-254
646
451;646;-905;138;830
-865;839;-861;493
-910
850;387;-581;-569;248;-192
113;695;984;-654;894;-864
690;499;900;-391;921;-426
-914
595;-236;700;-910
405
84;-38;-198
-38;-760;282;-140;-269;509
-553;713
389;806;519;-222;-560
-964;-423;-955;-172;460;94
965;-521;171;-448
352;978;-805;362;-208
-98;-556;396;366;351;735
-684
582;668;461
688
920;25
-594;-51;-558
369;326
720;804;405;469;422;-332
-196;-150;-727;439;-956;379
-915;724
-959
962
-455
-458
-324;438;-573
354;771;-344;600;121;-270
-612;-701;335
-232;-363;-896
724
756;422;441;-892
-472
244;-25
770;988
-550;-442
67;-297;-649;139
739
385;617;92;-352
585;-238;399
33;548;-104;-40;-553;350
963;153;-110
-496
-674;-3;86;264;379;956
659;12;-430
-915;664;-443;621;831
39;-590;798
385;337;-963;-693;540;-368
147;246;982;457;-45
-101;-154;-158;-352
-580;213;245;-506;-908
248;-890;-894
