833;-38;743
-306;305;12;510
672;-419;709;711;-127
356;420;-507
817;-179;868;357;600;622
-699;253;398;830
-996;-629;329
514;968;-266;58;-619;-383
-974;61;-799;670
-168;205;-495;734
-572;-734
-4;468;-176
260;886;38;-634;794;-31
49;882;468;682
-228;-613;-870;-311;-412;351
209;706;-150;725;-575;-112
-809
970;-927
485;-791
176;822;-456;-28;-397;959
571
-828
-962;-553;685
771;-728;-746;-224;863
-292;393;-175
-587
-244;-603
496;179;163;923;556;-447
-476;559
298;554
704;-105
276;-119;189
603
606
802;-372;-486;919
752;-34;-101
622
-210;-724;-376;-729;-300;-78
-21;-605
-117
772;-287;-368
380
594;-965;495
754;598;-279;76
-179;-74;-11;668;893;366
-642;81;-80
993;790;679;-27
-385;-515
-294;263;-361
-97;646;282;186;399
-137
-995;260;916;215
-102;5;854;-424;-298;106
522;907;507
-19;-292;-870;168;-282;893
437;-848
-561;99;724;663;510
643;-502;-555
926
-689;-370;-165;-474
-613;-503;6;953;-58;378
161;-165;697;-204;747;-816
-435;821;694;-687;30
826;-238;46;-208
-244;-187;859
-532;-409
-840;-104
-818;-886;-56;427;-684;-208
-882;-50;977;834;-443
-438
-699
-854;667
-610;-547;633;-943
80;840;360;168;-749
-933;-407;344;-634;-606
448
-760;-975
967
482;962;-724;420;-200;-735
881;604
-462
-208
-983
-755;-420;-950;58;972;367
433;-656
-916;435;-5;500;376;860
-228
-996
208;-933;-591;-192
113;-612;-713;-810
-1000
-579;-982;-375;-88
960;-212
464;262;182;855;729;-720
802;567;488;125;-719
720;128;435;677;584
608;50;-965;972;-910
-252
432;-755;170;301;-400
887;-795;-603
-178;593;-639;-800
