369;-224;879
-257
289;164;-536;376;989
-49;418;-69;-293
-523
-513;905;26;749;383
-839;47
-29
540
258;259;778;429;-160
931;663;-234;893;-175
528;-404;646;472;-633;702
-435;-373;645;-969;-394;974
272;808;-234;986
100;713
357;-154;-954;-318;511
585;-540
-307
337;710;-876;-624;143
-545;-6;398;-672
-225;628;714;990
-314;171;925;46
-886;298;91;-333
-373;646;952;-892;-397
-296;-378;553;442
35;-235;-380
917;-735;143
994;-253;-670
208;497;391
-844
-355;-504;-552;71;313;-333
884;478
435;24;921;-475;971
-277;619
87
611;-632;364
863
-268;429;286;-96
-426;523
-439;567;-29
-465;592;747;-975
-746;-892
-36;713;-666;95
386;506;-782
-626
825;-540;-863;-304;511
-49;-708;761;-636;654;351
-114;-901;100;949;870;495
496;-561;-569
-895
-465;32;305;259
-644
-962;-194
-113;50;551;380;-736
-417;550
-19;156
944;730
807;-413
688;-723;-617
140
910
-780;636;798
-260;-836;900;791;319
-723;-249;266;604;-47
417;858;159
-981;744;171;987;-767
-941;444;-942
-102;-6;-984;-348
-498;487;618;-715;780
-932
-934
-147;-660;-148;-940;-45;749
292;-71;230;-379;-752
-942
577;357;281;494
-659;8;221
-50;150;-281
720;-676;200;-890;-527;-288
920;840;652;220;367
440
112;-135;422;-764;-79
-708
-965
-675;-742;-119;551;-237
-450;-498;-722;956
658;-695;-634;569;815
-973
878;703;-864
291;-199;-745;188
738;-758;-824;634
341;9;-141
-468
980
56;415
-516;-70;-472;903;776;122
961;323;-379;-158
242
66;-936;-683;811;239
-851;163;-568;937;843;237
692;426;414
192;66;765
