368;134;-663;856;524;-703
370;-746;-654
262
177;683;428
-146;-802;817;646;119;654
352;870;726;154;-172;895
130;-292;-248;860;-719
-33;512;-933;-758;973;765
385;-228;-646;229;-783
-961;938
-50;845
198;-10;-490;-239
389;157
-450;67;932;564;156;46
-900;373;725;-160
354;843;254;-128
-900;-431
404;-394;906;-604;-318;-815
113;199
-676;-918
-533;918;390;375;700
-867;-617;-314;715
-316
816;272;950;409;618;-446
857;-347;-11;-559
676;-616
316
546;-633;25
160;132;-505;-301;191
-226;-954;475;364;270
327
834;-406;373;-823;-269;365
416;-502;-285;957
-76
736;26;-268;605
-194;-917;372;565;-551;-376
-994;-822;120;-592;-96
-324;201;-763;-605;-382;-768
-677;-686;-575;319
-772;965;-151;761;-464
-978;413;223
-89
656;-564;-518;-431
-627;-808;-191
-129;-899;818;-661;-361;-142
-726;-395
613
362
465;422;281;-955;666
433;-536;715;-460;-621;-413
-889
-472;615;843;-46;207
272;-547;888;121;218;460
389
341;72;-652;686;975
759;407
-529;432;691;-584;-155
117;287
361;-768
-134;888;-905
666
413
-670
114;470;553;-287;847
-531;868;39;157;398
-565;-535;935
-167
-273;-779;-142
502;263;-267;700
100;-934;901;870;470;-975
144;-818;-874;681;204;-799
-182;-551;-732
-955
707;596;984;204
-753;-344;42;-27;636
714
171;799
-979;-36;58;-16
640;-753;-915;-452;810;202
-38;252
-579;946;834;51;244
17;969
920;-393;971
516;983
-899;821;-665;314;413;750
513;-486;454
-505;732
-145;-661;-953;761
-353;-391
-692;-884;999;-77;-382;-736
237
-355;-141
960;-180;-486;-187;-125;-735
320;-468;102;-43;-155
-465;819;421;661;-439;-239
865;-613;-987;-604;-925;735
688;-450;-963;-21;-954;938
420;88
-133;553;395;-173;909;494
-819;996;169;-651;-207
-152;167;-271
