998;-224
658;980;-526;175
-684;-94
656;-612;692;-540;-206
-91;-432
578;101;409;-318;-783
832;-292;-984;488;649;858
310;730
-914;-615;444;460;95
834;-859
1;-597;293;328
976;-693
885;-135;558
528;648;554;75;-63;-943
176;128;456;-938;-111
-845;-367;-544;943
690;-484;183;859;684;-350
704;-247;871
-274;324
-129;972;285;766;975
-597;-586;843;284
450;-821;685
318
-122;-762;-924;-365;574
-321;-194;538;813
-52;-810;-891;667;780;237
-70
-644;-933;-799
-705;674;-854;408;-109
704;338;664;-864
-78
258;386;202
593
642;932;-168;-812
836;-240
341
688;-548;-612;-654;-208;-32
-612;264;-250
661;263;296;-894;-415
-354;247;-40;-633;923;-494
-476;828
273;275;-70;-299;684;-255
-929;-161;697;-29;-704
-565;-6;710;651;-990;-926
-514;291;-905
-109
242;-119;-232
722;-52;726;346;-352
115
-373
-498;-514;981;698;476
-248;-73;-923;-863;-480;-864
-384
-401;675;-857;-649;-176
-131
899
-229;712;-363;-509
945;-39;247;-698;191
59;12;-208
860;814
-423;296;-281;649;-893
-596;-534;218;-766
712;-540;747
580;584;616;-412;831
539;637
-404;597;-349
-65;625;-399
-673;547;197;774;215;382
482;903;-704
-618;-123;911
-941
-673;-72;201;974
-687
934;775;647;377;-507
882;-899;968
500;-687
-386;-73;571;-556
701
851;921;-302
81;-452;340;804;408;-734
994;-825;282
5;-975
-657;678;187;-302;-367
-58;682;-911;-688
930;982;600
-209
289;-213;133
547;486;745;-288
99;564;-581;-455;-247;-104
-545;-929;-402;893
-935;-295;759
-915;213;-332;-301;862
-721;-900;-598;-294;168;588
677;-472;-683
-736
-230
-487
-33;608;-724;-774;-112;799
-550;-925;-750;446
-762
-954;698
