-380;892
-71;-106;-848
-647;905
259
755;-807;312;-42;-669;447
-12
-86;822;582;-698;-444;860
689;-994;-24;375;-121;603
576;-338;-900;-622;-159;-624
18
-81;-387;484;263;412;-158
744;303
469;-188
640;437;-935;-856;687
-18;-746;29;813;-112
482;-916;724
-517;223
193;65;916;-901;505;-224
-302
-385;-847;-608
289;530;932;277;841
20;279;238;543
-825
-869;731;-944
422;378;283
-574
-690;626;-512
720;-291;770;-563;-571
452;-582;-480;287
66
-99;-953;184;-283;-205
76
226;390;296;-63
-773;857
-66;756;-939;-861
-27;-892;317
466;828;844
861
608;-562;66;629;-391
94
560;837;-376;-925
-361;-493;-414;-878
-162;154;364
372;-270
-501;534;-136
832;17;-91;-654
865;-579;-101;-252;686
-50;509;-94
-737;866;260;133;-508;-382
65;579;-527
419;-569;268
32;984;-891
-705;-642;-969;349;-719
-198;-505;-489;714;860
-129;432;-954;156;495;383
-646;-665;235;-77
150;236
-131
112;769;-118;873;-971;491
114;-950;-998;309;-271;127
16;961;211;-76;558
-906
35;-174
-142
501;459;-191;-624
-628;661;791;140;974
-819;-487;-172;-430;990
-434;-579;-597;-552;475
-577;-237;-111
-966;-359;-456;856
-977;-803;631;-703;414
160;257;114;-148;-517;-794
368;436;597;-75;-141
-115;-48
-133;586;829;-351
376;-925;-384
-133;300
-419;-259;-616;282;-699
-531;99;373;-359;311;284
-434
-435
-712;89;473;346;-892
241;-277;-86;-575
68;-26;-587;-156
64;293;421;-203;-367;751
7;-362;363;-542;253;734
241;-503;154;-878;271
-818;457;299;-300;62;-672
-274;-233;346;827;-879
464;-757;376;202;445
-881;-466;-676;-536;-991
193;-672
208;-773;7;76
464;21;682;-331;302;-143
912;-10;349
450;-948;-324;890;927
944;-532;584
578;940
-577;-183
760;511
433;66;-294;-139;717;-528
