387;196;997;984
-245;599;-585;-699;106;-463
323;724;-776
-933;949
868;-472;696;473;-27;-240
786
-561;200;-253;895
114;564;903;39;199
-731;571;-972;-688
-993;-68
246;-796
372;-603;269
808
-260;-551;-203;507;-509;719
240;403;356;-182;635;380
-742;-392;872;473;-764
-146;-9;587;-44;-431
262;728;383;-160;111
-162;737;-632;9
-612;996;-334
564
484;-982;25;-301;207
944;-899;333;447
-60
830
-627;-9;60
353;-146;-627;-262;-154;-253
-979;392;619;973;-960;-368
-593;-51;713
930;-115;-358;-107;156;588
578;916;-311;-536;-188;380
-211;485;774;-87;-889
18;-862
-844
757;-652;203;220;-863
591
736;-740;-589
337;228;260;390;-107
-660;932;468;-188;-206
608;769
69;358;-783;-255
-258;616
-744;638
-618
-785;-803;-964;-375;-654;142
208;33;931;341;-727;862
-324;-294;-956;-654;46;-751
-8;-489;378
674;-54;505;249;26
500;-358;887;759;-745;-154
-895
-25;778;142
481;901;-743
-740;853;-400;159
709;-539;-555
-593;49;514;158
387
-134
50;708;581;-729;-553;589
648
-194;-338;934;-728;-255;719
672;-898;-984;-521;-715
625;-19;885;741;-871;60
-322;-340;-276;-952;-799;239
992;84;-928
-662
-211;-317;220;716
346;-351;927
-785;-142
467;157;559
773;-359;-634;490;-107
-807;-615;-281
680
466;915;-571;699;462;510
594;-10;-170;-235
129;-371;953;-528
-723;83;597;-620;509;-286
-385;-569
240;469;792;649;-428
608;99;548;-556
405;-215
950;-459;-651;-800
706
393;314
453
419;182;886
466;-71;-861
160;785;-757;841;975
-323;306;228;778;252
-987
994;712;-204
768;642;949;442;751
-901;-454;-680;-249;266
404;346
-643;246;-952;-813;-638
449;262;791;-137;410
-937;-73
985;25
453;-446;-768
903;-650
657;365
