-518
-338;372;741;-715;605;366
224;867;-37;804;-439;126
522
132;790;342;-669;959
610;281;859;61
-369;277;623
-258;-307;-648;-608
579;472;-425;-410;618;988
193;131;374;-570;-62;-31
836;-429;-960
-951;102;587;-77;863;-224
-484;500;-967;-457;-330;410
560
-772;874;235;-14;158;-432
-38;949;297;235;-879
897;818;-691;-460
937;457;-828
259;822
227;-286
-28;-543
320
-499;532;78;-944
770;318
-85;916;-649;397
160;-372;282
-978;-553;-157;-319;478;431
-913;576
594
338
851
-804;-312
-273;530;-533;407;872;-654
95
555;-893;-302;287
-225;-165;245;-615;-363
309;46
-274;173
-308;-564
-17;-87;-138;779;-431
947;-854;-504;185;-396
-368
-34;498;994;-455;906
119
-833;897;-299;-605;-304
-121
-946;-20;948;612;-472
-488;-249;-668
643;725;-57;-670
-517;186;-428;-285;-880
209;-635;-78;-143
907
-663;152;-490;-908;892;621
-851;-885;949;-127
-916;-959;191
-919
-802;603;-720
-827;-350
450;-564;267
768;-642;284
462;606;879
-708;468;-188;844
754;117;441;-395;781
610;-550;107
-357;-538;-540;495
-85;756;740;-886;926
-685
-577;-755;-548;-21;836;891
941
-628;-329;-58;729;-591;703
-610;138;-236;-638;654
541;45;622
-177;-626;-146;821;-825
224;-802;757;-876
53;328;521;-717
-954
-487;778;490;-47;222
-977;2;-664;-296;120;-174
418;579;-613;-889;-666;974
-625;-342
-744;903;-362
272;770;850;678;-64
336;896;963;261;824
147;-522;587
730
64;-242;289;-652;397;879
33;434;-489;-573;-990;334
373;971;-94
16;2;-518;742;-412;396
-85;-934;-637;-957;-943
20;-105;841;-124;-989;-128
454;841;-555;-255
741
-676;187
-342;773;602;-63;287
-482;210;-819;438;-717;111
144;-193;328;-603;-283;-909
-961;-206;-95
-499
-164;-183;-984;910;-80
272;385;-186;234;618;203
