615;573;557;-208
465;788;-893;-622
-946;50;570;-510;830
439;-429
-582;822;710;854
598;-792;711;359;216;202
-655;-640
784
731;-942;-574
273
135;396
711;-987
401;212;-600;267
-881;915;627;-340;202;527
-466;-18;453
-800
-288
-801;833
-290
393;-607;-592
865;-905
-276;181;872;-986;587;942
-241;-663;95
-555
-51;-565;-457;-251
-284;239
-276;88;300;829;-510;382
515;-261;47
325;-198;825;-106;-799
-371;-548;-154
50
375;968;280;-527;-272
512;-328;605;-368;-736
826
-211;-252;524
831
225;243;611;474;815
-578
498;920;699;347;-607
993;-415
244;998;855;-972;379;-157
309;-377
162;-679;109;478
465;-885;-374;-104;-840;-893
-501;428
80;-642;-793
-389;471;763
-340
563;-212;-299;-253;127;415
-424;-265;-943
-865
-897;-450;-598;730;605
356
20;-439;-951;-413;-542;942
384;488
53;7;-429
346;-462
-680;-701;239
-933;-535;-938;-620;-684
-516;-890
-705;432;745;730;-814
-390
-722;-181
648
138
-915;-264;779
657
-537;-492;-910
850;742;393;-779;-860;-752
-226;-197;-600;-540;-636;-767
-503;-928
528;776;-892;254
884;551
646;809;905;-844;-589
-977;98;-345;40
161
832;464;993;-590
-437;-470;-409;381
-913;-403;122
869;165;920;780;764;-511
608;962;502;-621
-915;67;614;956;476
-769;-148;757;-327;-971
803;948;-567;248;284
4;441;-939;-747;-140;430
880;-248;199;-329;-313
-209;-851;-947;-156;-543;191
-193;-233;665;-252;223
-401;522;-333
871;109
-929;-883;420;441;-544
-987
419;116;-153;604
736;-514;-149;-133;905;-368
669;-270;63;271
384;868
964;-600;489;-365
-338;-181;921;602
-497
-647;-112
228;20;-614;86;-264;794
