-435;-334
640;-179;275;788;925;-399
753;228;-464
-777
345;571;-927
161;468;-949;-5;133;-592
624;-782;142
84;647;185;637
-689;707
-807;-495
869;485;678;-377;-352
720;1;419;630;523;-478
-676;743;600;60;-448
546;-229;-423;650
265;-555
-403;-4;820;360;-222
51
313;-382;893
16;-449;129;792;-204;29
994;-724;-997;-202;-922
-931;471;366;-480
-674;-89;444
-65
736;-259;-661;-427;-223
-722;-659;-600;-490;-924
-757;823
82;-967;-456;520;-784
-330;-142;-112
-594;-802;884;-70;696;-186
176;821;-411
-17;195;996;119;-573;125
481;-632;747
854
977;-487;367
-546;-18;454;-504;11
544;-119;-903;-489;875
-979;118
-280;184
966;246;-107;-751
357;-457
-227;86;217;905;142
392;478
293;-55;428;716
-134;935;585
-681;61
626;249
448;661;249;-987
-882;482;-396;-94
-454;-775;359;232
-423;120;429
-483;642;-836;-475
-406;-615;-441;811;523;-768
274;-150;-510
-249;-137
672;-65;-222
749;-879;-512
-265;-382
260;-126
-357;-565;-38;-87;911
652
373;-470;553;972
-513;291;-116;484;517
-933;756;885;-727;-906
-722;-907;186
163
257;-442;-589;-47;-880
-115;-179;6;-905;425;345
-705;465;664
-547;883;747;-332;92;607
-770;820;-480
-705;368;663;-633;-380
436;-693;-688
934;525
-243;683;-333;-638;173;175
868;362;749
700
-612;-602
-197;645
901;693;648;925;-927
613;472;-123
-82;708;-967;444;606
760;-270;991
201
-323;359;664;504;442;607
1;-975
102;362
800;5;53;361;-240
-106;-524;-589;748
128;356;726;142;-928;815
390;-795;878
-647;-951;936;123;-717;269
-925;700
-964;-286
-210;812;-829
695;-602;441;796;-592
-721;422;-507;-703
489
-491
882;682;-397;-928
514;916;-672
185;-688
