-257
704;-187;621;-112
-5
162;-856;-847;255
-325;-582;-635
-82;-330;650;683;107;-767
978;-376;136;810
-565;615;-477;413
224;-850;337;-469;-470;958
897;531;-473;-171
-297;569
-65;87
-209;421;-23;-169;-43
-913;691;406;-185;26
283
464;-390;-218;842;-414
-657;-276;583;-664;473
416;469;277;-825;719
-322;-53;9;-939;-956;-845
-337;-324;-294;-8;671
-723;-36;-301
-805
680;-717
11;-48
-41
-888;77
-979;884;909
912;-405;919;412
-304
219;-781
-513;805;-633;266;845;-207
720;-579;678
965;774;444;-336
-743;-168;967
-37;-293;389
370;531;852;-870;968
886;201
80;-915
-438;-909
-67
216;-539
-562;68;-12;861;479
-517;564;-187;-955
-211;771;-390;918;9
65;-904;-552;-540;-191
192;403;-966;424;-991;862
-965;-551;-665;-203
-801;-898;-339;36;-895
337
-340;-615;-665
100;-779;-685
-148;285;-735
498;870
-6;-854
484;197;-77
336;470;823
273;-547;324;-742;-135;730
-647;30
-618
-874
596;-407;478;-48
-622
928;-818
275;-164
705;-531;968
417;468;-133;551;956;429
-577;-326;-955;-379;571
198;-586
-258;-774;869;-827;-11;-924
-137
818;533;-616;-138;-448;-800
-19;146;-232;955;-524;334
-681;-748
-913;-25;-941;959
749;175
-897;-295
85;-823;-859;-364
-962;-228;-6;105;140;269
467;-517;-186;61
-209;880;-306;568;156;111
-954
955
-960
163;-622
458;-253
179;28
-978;597;-89
-470
-354;-310;424;970
-733
-18;-184;-763;-525;-15;-768
-481
-961;246;-202;-538;716
-533;518;183;-396
-434;-115;-230;343;169;-475
489
-309;-958
163;-486;-584;-778;205;-47
759
-345;-922;-780
-625;-765;-911;766
