-529;968;-667;747
-193;274;519;-473;88;-202
-609;-358;421;231;301
-15
16
-389;-422;423;-763;365
-770;749
496;916;-678;-507;-444;-319
-821;300;-272
-554;-511;15
-385;-277;778;-862;717
-544
158;-127
803
70;523;-924;366
-745;-365;301
482;-708;922;-956;812
-869;315
-278;-379;-603;-317;510
-52
657;-339;567;191
-355;-579;-912
714;621
-829
-849;-598;-9;-570;-892;-221
-325
225;-583;-445;733
69;775
949;505;425;745;781
881;-758;455;824;-810
336
-180;-361;878
-452;-101;149;907;107;-528
434;-778
56;-249;925;893
-244;164;580;-838;325;616
-578;20;-942;895
-993;688;770;-373
164;965;647;878
580;-485
560;917;-446;685;990;718
981;776;-890
-806;-733;670
-129;534;-183;-58;-526
366
290;-918;566;487;-792
-533;359;840;43;171
385;871;346;-207
-562;-309;-777;252;-127;126
-465;-678
-821;791;667;763
632
-18;-340;372;-438;570;-524
577;-72;665;971;219;-957
593;38;743;-990
802;-756;325;734;-719
440;-587;13
660;853;135;-969;521;729
-650;253
-450;-531;706;186;684;573
305;867;-520;-506
-148
-119;-266;-730;-268;-815
289;-930;-660;894
499;24;143
-657;-323;211;488;346;-989
-471;630
-49;-786;200;-554
338;-171
936
680
-513;291;-596;10;-221;604
426
701;-16
437;665;-924
-307;-421;-487;-391;-814;-64
17;-916;630;-664;239
-803;-137;751
-129;-163;-651;-526
-755;195;-886;118;-408;776
-245;-974
835;-919;-296;-665;875;621
450;-868;133;-680
196
-210;406
-277;566;-92
530;-325
-722
-533;742
-533;825;396;-223
-491;-494
-579;-663
688;-460
486
384;-833;-988;-77;-509
-8;-733;974
-777;521;877;639
-687;334;590
-497
976;243;-902;102;-924
280;345;653
