930;919;-12;475
-996;53;-858
-963;-483;660;776
-145;-130;-279;106;-78
-419;503;444
529
-70;857
-953;-767;-864
256;-498;868;-107;-844;605
-799
-913;816;529;243;212;935
560;193;963;-406
436;621
225;775;-329;-748;43
624;-247;-602;890;-941;-15
18;86;957
866;371;-86;921;729;-203
742;-703
-297
-516;-24;-939;158
552
-553
946;456;-80
819;-199;190
2;-669;366
224;612;-23
112;-483;982;-600;-314
-515;-341;-186;-30
-716;411
196;-245;-438;280;154;-256
310
313
995;20;-712;525
829
-643;-190
-677;-389;-27
-506;-123;-976
385;-227;3;596;-638;-702
228;360;729;-668;-320
329
789;-700
-54;-300
-806;-573
-691;725;-203;442;347
-852;982;734;15
623
-8;375
-708;-407;825;330;-926
-961;837;-570;650;714;-544
-117;-245;1000
467;891;-719
-563;-437;40;860;-941;143
-561;134;-234;-46;-448
-961;-794;59;28
133
808;861
-898;82;854;-174
-905
656;-692;-564;522;-988;-864
-452;-457
894;-751
-770;-51;-35;405;-462
592;226;-299;363;-652;687
790;-128
-410
771;442;735
668
-993;81;-532;-552;903;-96
-545;562;917
913;-969;57;442;495
-430
-498;770;821;-313;378;299
-164;598
690
-182
182
-952
-530;-195;-440;-123;588
-882;-549;457;14
449
-34;922;847
-522;-191
880;86;506;269
449;466;827
384;258;698;-366
-147;-821;134;367
176;-836;253;-575
48;615;-106;670;15
818;-933;678;-569;-154;-571
-41;458;442;127
-833;355
-146;-387;163;773;127;463
-487
882;-580;-264;-142;335
257;899;-778;109
-66;547;-235;348;414
-881;-897
-407;-199;904;-953;-681;-446
758
-691;442
-275;-548;381;-64
