-355;-316;94;286;30
881;1000;-825;-77;-158;-560
272
256;-212;-681;635;-528
825;876;365
-531;807
929;377
180;135;-30
-396;28;-174
-899;99
-760;248;-544
-350;-63;959
630;379;-974
512;599;-586;-234
112;-195;840;-701;734;-240
-817;19;-374;-921
-550;-522
-868;-473;939;-926
785;-36;-292;151;-571;11
-516;-456;364;301
-450;-938;666;812;-591;447
-311
98;-923;-254
-833;-33;915;-653;31
76;-654
848;-273;166;24;649;444
-723;-211;-971;794;-380;910
838
-839
-515;-873;-156;-925;94
-883;-596;383
320;709;-204;-206;735
-17;235;-556
-449;811;-157;-544
2;611;68;985;-47
931;-248;-488;-250;-542
-23;-455;583;408;-172
132;197;651;-652;-909;237
88
-306;-276;323;388;-808;586
-81;-930;-744;-909
-154;-207
-994;-649;-512
875
112;-387;-308;486;-108;572
-949;574
611;-310;-680
-169;185;569;-970;493;527
736;669
848;337;-691;550;363
-896
176;824;152;-27;173;367
-497;66;-820;-70;-348
-650
432;661;119;718
650
416;-517;856;412
-146
753;-387;-43;-175
342;-729;905;911
-913;-565;363;-575
-716;47
514;181;-887;-700;478
720;-436;-884;-456;-639
-246;375;-363;315;846
-66;646;425;-446;-975
671
259;660;526
501;-822;-621
-533;-412
-929;495
404;-186;-380;-574;926;-624
400;544;-187;701
929;-503;264
180
-481;-764;-222
931;-223
-81;69;-972;156;-910
-689;-354;-804;424;-796;222
112;944;820;633
629;88
461
-75;795
-450;-611;-361;441;-669;-607
289;-727;-520;633;797
-475
241;-343;282;-911
272;-854;-679;-167;952
-221
-484
-418;131;-204
921;-45;-640
-237
493
598;664
-803;483;710;40;-44;364
322;266;-349
-739;627;863
-339;-100;942
-295;424;-793;-523;717;719
-531;824;667;511;-192
