-617;874
66;-345;-747
-583;575
692;599
707;411;-848
354;-313;-58
272
-564;-999;905;410;141;381
-199;-77
-130;933;-349;334
-261;-838;-827;622
71;-265;986
-502;-300
-883;550;278;-761;600;-78
131;-333;495
114;692
306;-804;298;239
-754;-58
19;-334;269
185;-939;-253;575;991
689;643;68;-524;507;459
564
133;586;283;893;-302
-725;665
631;409;-42;604
913;498;100;-614;-574
707;101;540
-883;-213
-936;-730;571;-878;365
73
721;-134
305;568;-541
496;86;779;109;655
-932;-550;573;333;-784
755;-470;812;-93;-845;-495
-393;989
-753;-82;981;501;519;201
-673;325;-462;-511;-287;-272
-532;264;-333
-346
-838;235
860
-424;-347;-331;-333;830
-979;708;20;-523;-604;252
-358
803;404;331;-716;-926
360
-105
-149;-373;343;-475;-398;-334
-363
16;608
-504;-859;-159;-384
-872;-280;12
357;-391;407
467;421
-772;-920;-944;-48
353;-376;-346;749
770;-195;199;-232;863
626;-405;677;-586;985;-399
519;-232;-956;-957;-669;367
525;382
-386;481;398;-95
-42;381;830
969;714
-193;723;904
726;-171;-812;-924
369;-784
115;-725;-54;-779
-49;707;740;-412;636;77
54;-670;-319
681
683
276;277;328;616;281;700
686
-194;533;-103;-668
-166;-78;413;-351
880;-405;362;-654
183
627;35;-478
-136;-106;-203;-767
-482;66;-667;14;-400
338;-515;884
-100;517;249;811;-768
-263;-704
-372;-825;-26
354;358
200
416;-954;684;829
897;460;397
657;102;-540
820;198;-286
-85;181;230;-472;-716;-639
-183;8;-158;111
435;105;-154;605
928;-722;-343;-986;-906;13
209;-244;-747;-540;-93;-351
232
491
1000;-506
97;-488;479;-848
-194;486;-71;-424;42;-862
