5
-484;-678;-55;105;-733;815
261
544;-131;-932
-978;-146;-41;777;891;-239
-55;61;557;-687;-527;-640
-929;916
-577;-716;-768
-526
-272
-365;348
-117;905;-538;762;285
291;-423;-472;-765;-958
-583;950;601;75;-477;-287
535
819;917;647;975
375;-924
401;-980;539;-765
-559
-883;407;171
244;452;-901;-218;810;429
-818
-566
33;-314;-541
977;356
48;225;-949;619
16;265;987;-638;-943
386;954
320
729;858;429;-158
881;-131;-218;46
-325
231;-554;377;783
-598;15
-849;776
689;-644;-584;552;-188;-414
-433;100
-189;76;110;847
-564;-173;814
259;-36;-1000;379;62
-596
416;-881;706;-905;-701
100;-489;618;223;-368
100;-190;-494;-14
229;182;678;7;735;-720
105;-733;716
-862
-786;-533;485;-29
607
-657;-402;3;329;-908
-614;-153;666
106
-620
-641;-449;-43
98;-676;-302
225;-344
35;-292;406;-697;877;302
-148;-697;-299
129;-948;-988;-413;-718
-594;-964;581;474;124
-124
752;953;761;-858;-508;559
-321;-451;275;-820;-501;-106
-164;-598;845;-478
-675;818;-344;-809;-672
-136;282
259;-901;-325;-505;-989
-578;353;-963;-538;-318;862
784;401;484;-485;-629;-398
704;193;85;460
-933
-634;461
-881;707
819;232;-365
615;586
736;609;-116;-795
-914;-294
169;526
740;982
771;713;751
417;-116;262;-136;-873;893
964;585;-253;-848
-769;-195
662;952;120
338;-437;-358
-130;-626;-851;738;-459;-413
-657;482;-708;-860
-839;-157;-493
-658;-451;5;519;-652
-210;-517
-499;932;-906;687
-563;-918;749
-306;-175
-358;-636
418;-508;-173;-991
-497;-674;-884;517;-889;-880
-690;-20;597;-839;823;-110
-644;-741;-903
3;-293;-694;-216;954
305;-196;228;758;-88;523
834;658;647;520;408
