-789;183;376;956;717;95
-81;962;-5;9;686;-800
288;18;131;-153;971;-991
524
848;-689;113
-116;502;-698;-954;745;-779
-757;-543
-306;-754;523
993;-293;861
836;726
-698;414
-275;-245;533;-425;-443;315
672;-743;-59;415
80;-600;-394;-653
-801
193;-484;39;937;-395
353;-314
-50;-443;-317
321;212;-457;-267;461;797
676;-633
-994;295;141
-309;-998;89;-733;-655
982;171;-574;751
389;437
59
-216;167;-317;830;367
368;786;-281;-427;-636;509
-899;505;330
723;999;171;220
931;732;-429;367
840
-993;663
546;-757;537;105;-764
483;743;391;605;-96
-337
-871;-103;264;-939;636;-350
281;-877
597
672;757;439;778
-856
70;-540;814
416;-545;323;151
881;216;-780;541
392;-746
-610
-100
37;41;60;716;989;-462
-211;568
-305;-613;-21;966;77
64;146;182;-286
914;-931;740;983;395;574
885
-563;-631;-973
-819;-508;-190;-400
-337;-52
-225;919;156;-206
800;676;997;734
-906
-643;-740;979;-505
-193;-114;611;-703
-933;790
335;-480
565;-312;187;43;429
768;162;-270
193;-244;-455;-927
131;119;393;876;175
-417
-67;-584;74;-864
-166
-34;-23;478
-275;441
-680
-564;-404;580;424;-621;158
674;52;199;781
-429
-62;-879
176
-21;-568;-137;233;-746;-992
796;927
-577;626;595;827
918;-720
455
-513;243;-871;-777;430
-563;-455;77;269;463
531;-12;332;127
552;426
115;-38;358;-743;520
305;-488;200;-332;-348;-576
-946;-551
-733
220
-113;464;-152;135;-559
541;-400;-624
177;-579;-438;538;-699
-898;33;708;555;-47;-847
-577;128;-303
832;689
2;-758
-756
-153;-622;-494
-765
