992;-114;-216;525;-927
-58;318
774
8
-913;-98;-405;358;-233
-993;-594;-418;25;123;-463
904;-571;-351
529
-39;679;-745;636
-21
631;-699;91
576;194;-140;-607
114;-906
-280
-291;899;-186;-446
-145;688;-598;-471;-794;271
-796
389;-105
146;395
-286
-251;140;-640;719
-28;60
-289;-80;-432
657;754;-131;-996;-661;924
-533;742;183;985;-795;-288
770;505;812
945;-903
-538;492
93;-895;847
97;717
-865;64;690;997;441
518;810
-967;-935;284;-480
32;-418;335
641;-66;905;619
496;69
533;-222
-689;-644;22;-1000;-894;845
-56
938;910
-679;470;-552;171;303;-288
-952;-268;-653;782
-69
-325
-59;639
468;-189;46
-129;672;-916;533;-91
585
481;993;52;919;-637;572
-418;-644;756;471;140;-895
-419;983;-298;-603
149;-793;137;-747;-108
918;700
193;-500;776;410;-284
-982;679;-809
87
614;-344;330
-401;-753;481;-676;839;603
928;-886;-250;-173;30
866
65;-692;-853;166;957
101
361
608;992;929;-867;694;56
-741;-408;174;-416
367
-171;-460
261;360;333;-576
-886;-764;-253;-527
21;474;811;-413
162;615;-137
-901;772
177;-382;590
-905
-467;938;-11;462
-404;502;637;30;158
-403;84;246;-344
-579;1000;509
-167
784;-962;-629;-782;653
150;-105;861;-542;-192
-923;-989;605;622
180;121;-586;553;378;-205
-738;550
128;484;-363;-652;-893;334
83;-540
-388;-374;876;-575
210;767
376;-158
-626;-475;859;463;767
-161;877;-495
-932;198
-724;-789;-280;799
-791;47
-494
-588;508;-542;-384
750
-495
773;-23
914;343;297;107;-396
640;-120;238
