23;233
850;691
567;296;-267;715;876;-128
128;-34;-581;-503;-717;926
256;385;37;-280;-410;794
24;555;717
17
-418;361;-475
-818;762;-988
26
-178;869;-375;988;-254
528;130;615;-478
-242;835;-820;359;409
159;-192
696;-313;-474;381
197;-920;570;877;-735;815
976;241;-450;787;-491
912;356;135;104;-138;-558
-913;-129;-253;-542;-974;975
-439;696;-974;415
816;789;-632;-473;347;-893
-947;890;538;77
-53;-762
-652;972;220;-493
-929;352;742;909
49;-678;165;837;-686
753;-440
-601;250;-735
-403;-789;-263;439;361;590
529;-68;631
917;617;-395;-813
72
532;329;-366;-111;-464
597
-866;529;-181;-702;781;-415
299;45
-913;585;-587;779;47
-594;-819;-821;806;-952;-272
248;-619;-237
-453;309;807;969
-407;920;-416
364
-36;-202;-896
-403;149;-758;501;393
368;-836;947;916;-79;-687
-456;-175
752;-120
849;468;-712;330;-110;-191
-100;598;393
-933;-472
-613;-902;378;-782
-269;141
-657;916;-424;-601;124
386;-37;277;711;-649;-303
753;340;502;521;62
-81;-51
960;454
-138
230;231;189
900;820;-120;-44;380
897;738;-262;-265;252;-189
532;264;441;-475;459;463
889;107;-334
-933;780
-610;-930;-917
-514;668
688;-167;41;-718
-413
-545;-637
786;-675;-781
928
161
-245;-662;567;-827;-638;-926
-4;-348;-332
-881;981;758;774;905;-571
-678;262;647;-57
-506;314;-495
-950
-440
528;-473;-496
819;-261;909
-289;-866;952;-538;-634;-863
964
810;926
202
311;-108
-531;-442
718
719
979
-982
-470;22;998;551;653
-755;648;105;-348;-604;-558
-258;259;746
-145;-364;331;-396;-828;910
453;390;-333;-750
-163;648;11
-743;-122;367
759
801;740;-314;303
255
