561;-303
3
66;403;-250;442;-668
-442;-127;-271;63
-951;812;-127
-66;-789;853;-120;-572;171
-148;725;-233;-75
421;-694
965;924;-78
-450;-851
-100;893
784;-810
882;-579;885;-537;655
-611;-5;249;394
416;-625;897;831;-720
144;-644;-893;430;415
-551;-928;-768;159
17;-569
434;-166;88;-283;-459;683
753;-547;836;-701;-383
45
672;325;-263;-107;-223;-352
57;-623
-354;-458;-779
6;-575
-806;-327;-375;938
-65;338;148;-649;216;76
944;-365
-89;-974;-288
49;-52;-740;-597;-443;172
370;987
-131;581;54;-683;-76;845
960;-963;292;-478;589;-735
-417;-883;67;566;-183;-254
615;-361;346;860;477;959
82;515
707;-121;-857;-586
89
757;216;-623
340;782
645;921;523;668;-894;286
-342;239
-657;-124;-352
369
-152;-187;636;-416
-977;-82;-920;73;540;479
-515;-228;-149;-7;-391;-878
-337;-774;734
-378
113;986;814
546;-87;-631;-942;223
585;-462
-836;499;780;-64
613;694;567;731;-942
86;-571;-732;220;-30;-128
-131
593;500;-261;310;380;-624
241;-501;-983;-73;825;351
-245;-378;-684;333;-191
656;-419;-885;506
-142
-865;-694;-967;729;-395
655
-33;466;835;22;136
-659;-616;-379;-396;143;479
146;453;523;-973
-276;966;538;462
159
-371;-237;429;462;-752;-208
-978;-903;120;970;-911
421
738;459;940;-688
-756;-183
547;420;-54;-534;821
720;-23;249
184
704;339;-28;-574
-947;-537;808;-236;-813
-20;-345;174
20;-629;-937;829;77;-320
960
-644;291;-405;-598;-733;-415
199
371;388;-555
-673;178;437;263
759;-77;-894
-517;372;-695;-655
849;-291;-518;887;63
982;584;-575
-690;-965;328;845
960;786;916;635
386;-100;755;549;696
-563;-445
45;-543
792;474
755
-759
-724;-805
389;344;540
-429;-143;-192
-995;-553;297;-650;202;-605
