-66;258;461;-975;-624;943
288;852;143
-55;59
-186;-491;669
-341;-438;767
496;612;394;-205
754;-820;665;-618
22
507;540
-866;-5;856;952;957;-590
-281
-899;275;-117;230;-27
196;-487;829
30
-289
-50;-52;867;68;-542
803
968;348
-65;198;-96
21;-822;-315;-477;126;-624
-301
-387;-695;-745;-111;-928
-51;-180;295;280;-844;-63
-827;-540;-222
529;389;-457;378;942;575
464;-998;-808;-767
352;584;665
323
880;-386;-822;-299;46
-597;-700;716
-102;-345;-170;798;399
936;-124;571;222
-914;-439
-125;-254;-719
689;-98;545;562;675;773
347;652;-750;-174
-274;2;707;-864;-928
-290;-44
-913;114;-815
170;-92
-482;-915;994;887;106
257;818;87;216;-187;-590
347
-115;18
86;748;799
-278;232;-587;-491
118;-41;283
508;877
-366
528;-708;-699
790;-279;879
-739;-949;-473
-791;681;796;-61
-882
-370;585;795;-895
-355;-567;-905;73;-668
66;-602;-95
-120
689;-132;-600;679
209;-279;-503;584;-651
672;-818;-559;-960
855;-988
-953;-186;-31
405
-930;404;-858;-815
-436;-900;-352
-465;226;-999;684;-878
402;436;-471;-218;-959;399
-148;596;964;-315;-431
72;88;-60;460;108
-596;-74
-770;68;582;-795;-477;-816
821;363
418
687
960;-822;-198;70;682
80;427;-944
-593;-963;-53;-778;234;685
498;757;-855;103;-314
768;-508;443
-849;805;748
513;-64
532;-746;412
550;-330;235
740;-540
-821;-775;23;890;-288
691;-324;861
-705;182;-986;-858;-254;623
563;792;138
953;31
-129;-597;143;799
-772;517;-222
753;921;-907;478
899;-85;-598;-635;-572
35;-581;360;553;879
864;-268;-365
-531;99;-296;-272
232
-761
903;-318;-78
272;938;-957
