-902;854;774;-983;-505;-266
-81;96;-772;233
864;781;334;-176
994;-836;-426
496;-699;190
741;40
-760;233
-784
752;-596;-56;476;-304
865;-295;-392;235;-943
-81;225;-931
679;-989;812;796
-469;181;646;-199;-439;-255
274;83;-789;279;424;522
-625;-290;375
-876;843
-326;871
305;866;840;589
-401;-153
768;173;126
-370;442;-397;-62;430
-866;70;239
113;-867;-647;-472;-990
-450;-886
912;513;5;166
401;609;-915;-775;619
-147;-379;-844;540
-575
-576
339;-15
352;-741;676;21;-744;108
464;-417;-339;-900;734;127
101;-487;-139;607
257;-282;621
-379;975
770;918;380;-958
116;-422;377;-927
290;-791;311;-121;382;-928
406;-61
-257;818;552
-349
-861
97;306;83;-118;-760;491
466;-340;870;695;-216;172
-821;452
114
-886
-139;-205;-125;350
-632
-535;681;-783
400;-419;-421;-487;554;-524
-449;-995;179;884;540;-288
192;896;-468;-920;686
644
544;449;532;-141;285
946;725
75;317
768;-499;946;-661;-266;619
-981;662;-648;-430;990
-999;-555;379
-60;-96
321;225;916;569;429
-926
-643;-763;-989;-29;-509;-558
-98;263
70;-300;63
-162;675;521;159
177
178
19;998;999;-283;668;-686
640;562;-760;-74;265;829
-442
440;-59;828
-292;-597;278;-601;266;-269
-961
64;-487;701;893;-720
659;323;-874;858;362;-365
-501;45
672;-419;-410;-558
-723;-308;-199
-438;727;856;-427
896;929;823;-587;-316
-594;418;-725;709;279;891
-420;727;-95
199;-809;140
-913;-83;-708;-137;714;141
-218
-836;580;-742;-377;-124
-277;-351;847
-417;362;-158;-526
-471;-782
640;609;-588;-895
-689;-1000;684
-897;81;-703
-722;-544
-327;-427
-307;-185;472;-973;44;-61
391;365
-993;416;514;-855;-522;683
-758
-149;-358;-186;-394;-108;-76
