324;959
-578;837
-597;-264;23;-621;815;127
265
-242;869;966;-654;862
913;628;-694;-442;-416
388;-944;-736
-257;742;710;-159
304;-257;643;201;-812;-605
-526
112;-949;-969
-881;132;278;-890;-142;974
183;648;121;-877;-606
530
832;-146;439;-336
721;630;-301
-796
1;820;-537
796
-925;-398
46
565;249
-21;-28
392;-698;555;-109;-448
-865;-370;-315;-956;-541;-80
-98;-216
-390;983;-889;40;-185;126
449;949;-58
-852;372;-150;615;429;-352
318
-116;-4;41;410
-929;-596;-101;765;271
-808;586;-123
-9;-336
-613;356;877;-270
-759;-811;-669;333;-494
-424;778
560;-161;-548;89;666;-508
-35;-823;-871;186;-94
873
-162;-712
965;-344;-540;-444
769;753;118;-411;-80;-784
-14;638
305;-190
435;-364;-701
633
-674;835;-869;-951
930;477
-19;-668;814
-53;-504;-601
135
496;-678;318
659
234;938
-258;108;-255
336;-705;18;-813;-334;-958
425;586;826;220;-880
-105;11;-318
38;-857;-873
652;527
-398;734;79
-866;851;819;-390;521;766
727;975
281;-109
-81;-350
-99;755;-453;239
-737;-579;920;-816
406;727;744;-730;-762;59
957
-437;-11
596;379;-463;-704
-817;366
-257;62
515;-310;554;478;239
773;454;678;265;942;414
454
128;-65;-420;198;122;235
-968
-355;-420;214;-521;-734;334
-500;-598;-136;328;-239;431
-595;613;-477
395;-191
881;155;-320
-258;723;743;-250;363;171
595;771;879;-496
466;840;475;-288
-982
-233;703
-910;174
-325;187;302;62
416;-705;307;-631;-493;365
-229
820;118;86;-216;-447;-848
961;-454;826;-555;479
346;-251;398
227;390;-120
435;101;-138;57;557;-768
-849;-498;82;251
247
944;586
