-3;405;-249;106
487;216;858;637;-912
-130;977;-532;-165;-858;445
-916;-629
-126;-142
417;-663;376;-781;-493;876
-643;218;-11;-124;828
997;219;76
819;771;-729;-617;-474;-300
565;-250;987
725;135;-138;746;603
-913;-962;-738;-740;198;57
-755;-374;-186
-130;899;-796;317
-404;422;-631;-192
-198;374;-137;-429;109;318
139;157
-673;-901;-501;-61;-878;157
65;-995;279;680;298;-880
-212;133;-856;920;828;252
928;-935;26;-318
-261;54;458;-395;-284;732
-424;-425;-845;174;703
-150;-56;155
245;-678;-328;-377;62
115;-677;872
-962;-276;-665;-173;732
-883;470;-426
-791;-57
704;-612;982;-888;425;495
483;-142
-817;-390;-698;938;92;-239
347
-646;-75;-655
354
788;-327;-728;-889;575;223
965;-342;-488;-552;-459
-552;667
-277;-863
-628
964;806;40;153;714
-997;844;-480
119;904;-698;-986;538
208;100;107;989
342;-922;-570
547;-677
394;734;798
422;294;957
948;-456;-778;-911;-736
-977;-746;-778;842;235
-915
-21;-127
99;-760
-945;180;251;398;687;-976
519;216;-458;-685
275;-941
-677
-803;434;-822
-278;702
681
91;591
435;-389;-218
885;982;824;440;-602;973
384;-158;463
144;-969;521;74;524;910
753;964
-183
-22;-775;-412
499;-20;-325;-824;-429;654
191
-803;-23;-520;-127
-993;97;162;-483
-997;-520;810
-452
-315;-654
-23;-984;-733
-612;-872
210;-36;-629;-764;-525;-511
963;-548;-624
-433;-338;-199;758
-564;773;-567;296;-298;573
-215
-402;-71
984
-552;76
220
64;336;41;-251;-412
-275;229;268
-517;917;-168;-456
-899;4;-456;-857;-960;895
256;-20;-485;474
-817;501;-423
800;484;789;969
641;-137;-988
787;-471;141;270;-239
785;914;388;-245;538;158
-178;613;-926
113;379
885;680;-816
548;741;-218;446
804;523;718
