-290;-616;888;187;-732;45
54;311;664
-375;746;-636
912;354;-180;218;-493;-800
-930;913;-713;845;-335;-48
-241;-288
22
176;401;131;25;941;399
-609;578
244;-987;-572
803
-84;-725;-509
948;501;232;-361
-553
242;-309;-937;395;-460
-934;632
-545;-324;184;428;558
-685;991
424;397
-778;-815
-314
849;875;446;-223;158
317
-401;986;-125;-77;892;-432
272;-274;855;345;926
-335
-402;-403;-307;-453;-278;-542
833;533
646;-301
-260;839;793
-865;959
128;87;600;-464
-676;-444
960;-691;-53;-893;-878;-80
355
621
-791;-602
-689;57
378
-123
530;-212;-983;792
-995;730;-892;-541;-671;-319
918;38;407;-720
-17;482;-500;-198;-829;-352
724;886;573
-455;-889;105;826;-892;908
396
-306;-470;92;653;-415;303
-143
-246;-542;-894
960;-210;770;-404;-92;-622
609;-277;25;-444;-61
576;-722;-10;-605;910
-114;50;676;678;142
-245;422;745
-415
560;-281;-121
736;191
240;600;441;-559;-304
-916;906;431
340;-634;-640
169;442;-412;-878
21;-472;-874;-715;987;-142
684
544;-914;-871;-184;-288
-291;934;-296;-857;490;-926
-179
-181
645;-374;701;-159;143
-500;-104;158
-213;821;390;584;-795;172
-72;264
915;-473;475;303
-712
-529;184;265;795
-229;-440;106;-412
-689;-273;961;334;-799
771;-439;390
-339;839;263;203;-861;876
912;-116;188
-857;906;-605;-173
995;27;734
1;658;-180
-736
-613;710;-857;-249;556;-544
-980;5;-166;571;-685
-946;628;-233;732;-813;-879
890;622
-163;-202;-636;508
48;661;296
961;-69;456;-314;-155;895
-263;-746
-678;-806;218
-915;-405;-632;-937;-426
800;-677;-879
-914;-290;-182;118
914;-158
199;-958
-983;311;-25;184;-507
514;249
464;-757;-269;-973
