-153;-315;938;173;638;767
280;282;-46
-497;-242;-722;-681;648;719
-823;199;104
417;-84;-407;510;-448
-13
758;-408;-957;-431
-966;951
-422;-280;683
464;258;-245;-522;63
-213;-965;-8;-409;379;172
-610;226;773;-923;558
-245;728;-508
-826;-224
-562;678;-362;-428;-893
-287
626;-888;-235;-558
-33
-15;47
-193;643;-431;15
-489;729;-205
-292
-88;-974
-673;628;-823;631;199
498;978;680;186
244;-288
-483;-164;347
801;307;-341;813
321;774;-378;-173;589;703
867;987;-269
823
-370;-292;-182;-651;670
-385;-995;434;834;329;607
-233;360;443
740;637;223
592;339;-952;-825;11
67
884;950;-713;728;267
836
752;-581;-134;-379;-736;-528
-499;-100;-663;-778;686
590
918;377;-192
-698;764;781
769;-146;-72;666;-880
17;-611;-267
194;729;-61
-723;-8;-60;-845
-225;-631;-953;554;-604;477
-452;-757;71;347;892
-995;452;-137;63
-102;966;698;-732;-719
755;-203;716;223;-96
97;-522;-719
-306;-626;-252;-972;-781
755;180;-811
-273;914
-855;-813
774;127
276;-854;443
-982;-363;683
448;673;-726;311;-173;-383
147;407;-745;840;527
-667
-924
-676
-323;-746;937;-32
-103;-573
1;596;-265;-633;-428;-461
598;-937;-746;-366
-889;204
-401;-411;-524;363;542
-561;788;-37;280;733
-785;-100;-44;491
663;-377;779;158;-784
-435;194;-967
305;668;908;-926
519;28;-96
329;282;-428;110;670
912;826;767
-57;763;940;607
-741;-312;586
881;-579;-791;-107;125
-417;-244;247;-366;-719
259;-166;902;296;-47
131;955;-236;286;-656
-917;-41;413;30;-736
-67;98;274;-75;-972
-151;892
741
230
-178;-306;-72;-746;523;-988
-490
-494
-751
-499
35;-405;150;728;362;-623
-226;-423;682;-493;-558
369;-964;21;-182;-315;-716
-982;219
-482;-179;452;-184;903
