-567;-729;860;-336
-117;335;-480
-276;37;-502;-44;412;894
-525
276;519;-648;121
-881;-311;-618
118;-940;-461;526;783
-321;482;726;313;874
83;116;854
-945;531;-250;699
-865;278;583;587;636;-928
-296
809
-178;835;-901;-661;601;347
352;770;466;-678;-607
-577;785;134;940;-464
578;-883;-372;-887;999
-466;-100;228;280;-507
-75;619;557;-16
-64
-326
-727;-750;894
-532;56;-875
-328
-681;-415
840
800;803;980;821
-962;371
689;-986;892
-497;-918;-286;-943
929;-722;-147;644;-537;-765
288;545;84;-424;-400
-247;-360
-131;-868;-136;-681;-587
275;-660;282
466;407
154;719
594;791
-81;-279;793;953
-177;948;743;919;489
570;-476;-461;-526;958;303
-882
-898;360;-109;-239
705;950
-890
786;-453;-586;-381
-739;70;-478
-257;849;-946;-94;-448
866;275;265;-827;333;-784
660;492
-552;108;575
388
-353;304;-404;-485;-904;426
-994;-423
-633;106;-525;-366
788;376
-545;-875;813;205
720;535;186;-782
1;-791;379
149;550;-939;411;751
-414
274;290;-873;344;428;719
-161
948;73;-605
258;-279;503;443;-492;-13
-165
369;-179;-202;-862;-574
-791;366
-603;-590
-961;-233
-486;230;-967;-39;-701
577;647;-90;555;-236
-372;165;918;-279
544;-933;773;-937;76;911
36;628;-904;218;732;236
944;770
-58;-126
181;780
963
-451;-283;11;572;285;63
197
-808;-416
-203
99;469;151
-449;-587;59
-260;-502;518;75;638
562;823;-941;799
-535;55
-421;-773;-295;-528
-345;-652
369;-588;-253;-784
904;-858;-267;-780
-490
-625;506;-894
-441;-316
138;941;190
-146;-899;4;565;-71;298
-764;-766
915;-153
52;618;508;-670
935;-683
