-581;-343;-393;-685;463
-3
-519
114;-820;-327
266
-930;-467;618;286;-544
-792;-443;-829
-161;140
-146;-50;706;-697;-349
279
230;-763;559
-801;-72;845
-406;-135
-889;938;-79
293;504
-101;820;-40;712;173;-510
455;855
-193;-580;-28
228;-108;668;-495;511
-546;993;-67;-726;902
951;888
-97;369;821;746
-48
930;516;-981;-470;-999;440
529;-643;-662;-570;523
56
-930;868
-5;-549;-361;-796;911;-800
-643;837;-22;-298;793;-732
-435;-884;230
-773;871;151;72;-329;330
-180;-932;-328;120;-953;158
-150;264;-825;780
-354;-451;627;760
-726;123;271
544;556
610;749
867;-248;1000
342
-851;940
416;-995;-794
-901;-728
958;431;-16
-94
-583;73;606
256;-514;-805;453
194;-613;566;-139;-908;-478
-613
-913;-801;916;277;219;-829
558;831
248;-138
-338;-179;-598;-618;233;363
-274;996;920;-633;-381
-68;-281;-462;927
-753;378
224;-84;-652;-508;-413;-736
160;985
193;-23;-46
470;-90
278;-920
-818;324;-511;719;671
80;243;-988;-302;-143;-816
201;-858;393;-127
-961;948;-408;-893;-368
912;-964;-980;614;316;-560
97;56
-922
145;-499;-212;-342;294;200
-961;913;311;919
696;-473;-990;351
-529;-900;632;381
6;472;-318
-12;431
-166
336;-692;-88;967;670
100;-742;471
5;727;-444;142
531;227;-392;313;778
928;482;997;847
165;-586;860
-169;-783
-292;-57;-538;-332;-510
-738;853;-778;-815
673;807;-664;986;701
331;892
826;925;-287;-752
-517;-974
199;526
-952;-544
35;-923;813;-912
-708;-901;874
-758;-554;572;-511
-483
283;-767
-947;835;740;-166;534
662;171;-335;511
-243
-786;-484
176;-242;-805;-504;-408
-676;-694;-952;-750
-551;839;-544
