-993;996
-151;477;622;79
-519
10
-946;609;-998;556
160;-17;-453;-902;430
-162;-73;216
352;-627
-433;546;-259;125
-308;244;-374;954;-845;-208
-630;662;250
-241;841;-574
400;-829;-910;543
609;293;-873;-876;221;909
-946;725;870;-279;423;-249
133;-171
306;-102;149;-522;718
-210;-982;-410;283;-556;300
-631;954;-668;-253;46
-675;-692;302
-260;-869;522;-493;-734
72;-31
-242;562;532;936;47
-963;-531;87;824;283
-500;840;761;-28
584;748
-36;8;-187;268
-897;-535;-926
-212;184;-235;-973;93;-447
-19;586
964;-248;-313;681
65;979;-213;254
427;-749
-212;-367
583
80;-941;271
528;897;-85;-237
33;962;178;-68
598
-606
240;581;-870;-393;540
432;-328
-17;434;-479;687
707;179
244;-583;263;91;876
-722;-776;682;-574;239
-145;290;-726;503;55;-875
35;-264;249;110
870;377;684
-673;274;-292;-731
-509;-654;429;-655;478
12;-701;782;-751
-212;179;100;244;-969
-804;-247;904
-773;-748;988;-638;-256
964;-664;503;-986;-734
279;-687;-240;703;95
-667
-17;-594;633;154;413;590
-593;-612;-824;847
114;-869;518;104;809
936
-883;355;-934
443
-958
563;421;490;251
220;-846;-78
-259;-313;-954;-45;-159
967
658;-103;669
864;455;-140;652;-350
848;976;683
-719
49;610;650;-847
210;780;-574;-880
-296;-378;-303
-52;-821;-405;-331;-140
212
832;641;390;143
-227;-313;319
512;418;-5;-376;184
990
581;758;-874;426;378;491
-947;311;861
-756;-938;540;413
-742
-85;980;-7;760;-427;-735
486
-906;-863
839;921;26;-528
695;-72;651;-783;-48;-208
-769;-533;204;861
-230;-8
919;-347;-816
243
-210;99;504;107
912;598;314;523;205
962;-456
848;429
305;612;-342;446
-597;437;168;-908;-637;-509
