-261;180;-374;874;730;-124
258
-515
711;827
387;-328;9;-446;-654
-273;-515;130;-826;957
433;931;-805;919;-440
241;723;-181
160;788;-408;362;651
434;57;44
261;-237
-900;872
-705;833;-695;-506;186;859
656;-655;-304;591
288;-629;-75;126
723;11;-701
609;81;-886;-280;312;-895
660;618;413;-112
-163;149;-375;-936
192;-146
913;926;-512
480;-663;-640
-824
-737;818;691;571
-321
-889;-202
-327
3;-808;876
484;-727;-777;-381;558
-77
590
-178;-21;-439;717
-417;-889;458
437;-780;-256
88
585;-494
860
-33;83;-757;11;-124;462
738;-83;-870;-265;217;153
-226;-728;375;557;-864
433;-995;-538;-606;-462
-309;685
96;-733
-126
-194;657;707;839;345;76
-901
-854;-48
935;-284
652
899;-421;-622
-146
245;518;455;-816
-5;153
-149
-918;-215;-844;-991
410
-851;803;-340;533;266
-546;601;107
-417;-644;-900;-628;185;959
-865;788;-89
-34;-392
354;-480;-816
646;856;-153;617
816;-384
-567;-636
706;875;-172;-975
-440
704;496;71;-316
368;963;-861;300;-960
-87;-921;559
539;-736
7;-974
-967
80;897;931;-372;712
-970
400;34;-70;953;-525;-334
-690;262;200;905;-475
-385;-818;503;119;840;-976
870;503;-313;937
-718
980
-278;293;37;982;715
215
928;960;-354;547;-326
-273;567;585;876
371;328;699;621
-228;663;-622;926
-136;248;794;797;61
-88;573
577;-345
528;385;855
289;-947;788;-622
865;-68;83;697;-970;142
640;-485;358;301;-494;431
-458;-347;-876;-607
51;712;618;942;222
483;-727
-202;747;-301
-760
324;-167;-924
767
