679;-158
267
977;-755;-919;714;-667;382
-82;-955
821;-646;875;-781
914;-646;262
322;-407;103
-466;577;20;143
19
-818;-134;-23;-90;605;735
-325;-975
-642;619;557
416;-483;163;-902;-264;-238
356;536;-862
197;744;-907
-818;387;627;39;25;-222
-443;-651;395;-623
416;-167;-207
-851;-452;739;-776;782
-817;193;-548;771;-413
900;297;-894
-52;355;-488;731;782
-54
-568
999;-174
-314
-82;901;-863;-272
-497;674;82;261;-41;-540
459;-141
-647;89;44;-751;-79
752;850
-67;393
980;-139
-216;360;-526;-463
658;418;-920;-712;477
-482;243;318
-371;-931;-712;-138;186;861
848
-84
55;-888;-10;521;411
181;390;-120;151
-54;503;-281;956
113;499
-963;-580;-4;-57;988
929;-566
647;744;510
-881
27;-397
-785;473;-572
-372
-483;-468;-198;647;-812;430
-886
-594;915;564
-120
212;922;334;446
-384
644
-919
-413
625;617;-524;206
-54;839;-364;237;-495
-178;421;-361;539
811;636
208;977;342;-24;335;-896
-420;-948;-343
834;-613;661;-655;463
-625;-323
706;-270
673;370;674
307;228;452;773;215
97;810;283;-493
-274;500;-566;856;-331
99;-725;-907;-191
762;-317
-578;210;-741;-586;-524;492
-644;-23;58;414
370;756;117;999
707
713;-909
640;-868;25
-804;-612;-442;-106;139;-941
-206
205
784;629;589
616;284;-15;-672
993;-386;-70;390;567
130;229;-282;652;-511
-474;699;-576;-384
-673;-631;-391;-698;-893;751
550;663;-858;-315;191
-774;133;-954;-176
-373;-825;-890;444;781;-912
-239
499
-211;772;407;-730;682;861
-504
743;520;9
512;85;-825;733
722;59;236
-894;127
-70;6;-877;685
