-194;-581
-930;726;824;410
-824;504;300;30
-193;-501;-535;8;186
631;247;927
-131;290;-292;421;423;-697
389;-647;300;-861;-991
644;-583;231;239
769;-68;103;424;-432
740;631;-414;95
552;-393;-124
-807
-39
163;-571;-656
-439;905;410;-749;924;270
935;-638
6;615;680;-315;-828;652
-25;-139;-142
-791;729;-538;-112;-624
978;148;182;42;-621;-413
256;575
-164;-746;586;59;-573
-179;-232;72;922
-306;468;405;920;-634;-269
-389;678;-967;-171
67;87;952
980;-631;902;-859;-398;-334
544;-504;302
812;284;-718;798;191
-546;-343;312;268;908
-601
-197;869;534;58;-603;-751
91
-258;835;-472;183;316
-36;116;149;536;-14;623
1;289;-530;649;-108;-909
-121;456;170;874
-305;258;247;924
-998;-954;59
-786;170
-858;715;-478
864;502;29;814;238;223
423;202
-532;485;-150;822
97;851;958
-116;851;-295;760;-89;799
-358;-934;277;-792;152
-162;386;723;-583;266
-658;-754;-585;792;985;93
367;271
-353;-113;759;-744;216;106
313;845
995;549;-414;29
-465;176;675;-519;59;-319
484;-968;-937
528;622;-495
-161;-50;993;114;-774;536
-661
-549;153;665;572;285;-974
-679;716;-959;-511
-993;-737;801;867;915;-441
193;919;-316;-638;767
-632;471
-929
-945;-264;-93;-447;-784;-192
737;-163;-131;811;460;-526
896;-902;696;-907;381
-169
680
453;-314;-380;829;95
-338;567;-380;-317;-222
883;931;659;-197;396;-191
688;-964;68;312;380;-925
-340;422;265;863
740;-298
-977;-865;-291;917;-765
-486;-103;935;616
-963
-241;691
869;-41;-633
791;55;-313;-427;-560
17;-132;426;607;559
312;734;-336
-501;198;-160
898;698;-364
-533;69;-520
-728
115;245;-878;541;-752
-180;-967;150
-353;-340;793;-910;-702
674;387;-955;125
-212;-997;-245;442;779
-18;-308;-284;734;879
-305;-721;164;710;-522;909
497;195;-102;277;245;664
49;129;936;249;940;-526
4;-427;60;-910
249
482;280
-485;-58;-684;46;-96
-643;551;345
