244;-776;-266;-106;-458;-431
400;896;531;475;-509
520
-289;626;-327
523
483;723;-229;-726;-235
900;726;-345;-496
353;-837;843;-189;397;735
83;582;264;920;221
658;389
721;-276;-728
964;603
835;-167;454;-346;794
416;595;-217;92;943
-38
-481;-99;596;278
777;541
-387;3;793;575;847
-946;-948;260;-198
-149;781;-80
811
-517;472
-301;350
1000;12;-959
-822
642;998;-816
-403;-71;-95
785;-862;-750
401;878;574
65;-887;759
-145;4;44;-174;575;-880
-33;67;-999;938;860
864;-542
-69
-327
662;519;-72;-799;-640
850;-767;-416
76
851;4;394;367
722;900;308;-201;-443;331
-339
-94;957
-677;-701
71;762;187;-814;30;-592
-501;-200;169;268;799;79
818;920;669
-86;-104;551
105
681;-604;542
241;-504;903;-13
608;705;914;971
402;517;-279
640
-513;-506;-907
-137
85;694;583;-603;-111
-628;323;-471;760;-938;-976
-437;-935;29;-336
938;-972;907;924;397
-228;8;698;-332
498;562;627
-305;-874
-729;574
-116;-312;839
384;-799
-25;444
-691;246;-234;-256
-935;-200;746;350;207
-427
-49;97;-949;-38
385;-963;-729;-746;89
480;-421;71;810
465;-169;776;637
942
97;-837;-236;799
-419;674;-437
-289;201;-940;46;158;-639
706;883;-149;-150;-336
711;-297;-441;62;-736
851;182;460;620;-640
836;637
-74;-284;-94
112;-7;-400;95
708;-794;619;-733
370;216;126
-715
-978
547;692;509
393;77
215
-644;-602
512;741
-487
-194;937
-308;-697
-274;-381;-509;285;127
-871;-74;189
500
-898;-793;-169;846
96;11;909
-465;-307;354;-301;-814
