313;-924;507;-928
9
-962;-899;776;-410;109;351
-418;149
269
454;-730
-533
-178;376;-220
996;57;505
-217;682;-204;-237
-545;65;-155;-77;430
-823;377;-862
-914;626;-101;-614;203
984;-185
755;-549;-104;-138;619;988
549
-642;-500;835;602
203;94
554
81;293;-409;-858;-176
450;-792;-763;-732
-482;-312;218;-892;397
507;-685;-431;-464
-355;136;-458;-300;157
930;-985;651;-288
-313;-508
-19;-296;-509
-626;946;-421;763;-719
897;547;-632;-458;-412
-643;-444
-642;498;888;-843;682
944;966;-904;-952;-461;335
706;-746;623
-421;-844;-508;-606
-603;332;-62
162;922;-319;-688
-935;-684
851
-449;145;212
244;-152
129;497;-980;472;-25
-607
-98;-357;-665
612
257;-840;969;-732;-572;-464
96;-626;804;-889
-865;968
-872
-100;461
3;-365
800;176;-146;57
-273;722;-773;-70;-295;-971
787;-724;500;410;-924;843
382
787;919;714;924;-351;718
-387
-881;756;71;169;235;-220
545;100;-475;395;846
-803;868;-904;-283;477
-152;286
-353;68;-8;-456;351
-656
656
133;12
-585;-331
-118;246;-554;874;-43
-330;-79
-898;19;-966;-366
-593;-680;-939
611;-373;245;-700;-622;-862
769;-644;-358;-40;985;-544
-116;980;-694
-565;761;-367
610;532;-714
-840;556;110
-791;375;-780;-957;-846
-952
955
16;468;473
-757;-459
16;-557;349
291;611;570
-577;-436;-208
-453
-481;-981;-440;-344
416;-324;633;-528;783
245;-854;-396;123;157
-513;153;-892;124;-367
176;83;659;-863;-271
-849;-829;940
741
-146;49;-184;-365;-864
74;-560
113;-996;-661;548;-457;-827
946;-903;-844;-349;-878
500
-425;89;426;922
232;590;959
-546;-407;-807;25;973
-229;261;-539
706;-70;-447;830
