512;545;627;-198;-735;-752
-898;727;169
-277;459;622;222
225;-186;-559
112;-739;453;583;-845;703
-268
-418;1000;251;-813
-677;-38;-569;239
-502;-441;490;430
676;276;-186;25;-607;-464
660;-268;-368
-867;264;-192
-453;991
-481;-315
29
830;223
-31
-230;-634;956;-125
464;-971;-475;-844
-723;756;554;286;-912
-858;-462
680;-955;459;623
-243;282
-278;831
736;292;-999;-890;-720
913;-34;199;-536;-848
563
-210;530;-681;-460
-824
-113;-50;533;999;88;140
3;-69
901;857;873
400;-757;726;184;152;-780
-645;388;-846
-591
-353;-501
289;19;499;-69;821;-956
598;840;703
-865
849;-35;-73;892
868
-519;-350
260;-876
310;13;-942
-306;-291;27;203
-497;-151;-425;-319
-625
-771;-852;582;927
354;727;831
-896
928;-692;-600;748
-566;218;-412;-685;-478
-644
-26;926
353;-594;-917
976;450;-172;-607
-566;-120;-475
592;626;-344;-506;59;223
-600;-762;877;-766;-527;-928
873;555
962;-467;-260;937
-153
153
-114;780
-962;-67;-440;-991
-642;230
339;598;-152;138
-290;-887;-585;-188
934;-476;-622
-39;331;-461;-765
-689;-34;-469
-852;-948;905;-812
912;-754;631;151
-457;361;-592
-177;561;145;71;-747;-32
912;-823;-271
-402;-811
-718;271
961
449
214;-297;184;59;187;-543
338;-586;46
-550;-567;23;-219;-494;-448
-561;468;-870;-780
867;-436;917;399
594;-211;-839;-524
208;775
784;762;-556;955;-30;93
-218
916;69
816;740;200
544;402;811
-645;59;764;-928
-866;-484;-692;523
496
725;-683;-605;319
461;237;189;126
-98;-803;20;119
529;-199;120;825
-337;913;-171;779;348
510
