913;-789;-184;701;335;-464
-497;-562;556;541;222
521
387;837;599;-41;-748
-267
284;495
486;-376;-843;-47
432;995;-645
848;-962;951;718
610;-792;-747;108;31
-123;-381;-32
-962;277;-652;541
-211;882;-700
452;-853;198;-263;584;-90
-489;-700;-894
867;147;43;-750;-271
768;897;613;614;985
506;253;-863;-192
68;772;630;638;239
-950;809;-672
-877;828
184;-907;667
48;545;747
-145;-790;-201;525;-223
400;177;-468;-440;908
-401;-530;322;535;-831;319
-931;89
579;-358;-39;-888;364
760;605
-195;114;265;-187;911;719
641;276;-934;-360;216;-188
439;-344
-101
-386;994;-662;-973;700;940
517;-200;298
274;87;937;-427
800;256;948;-619
626;483;825;477
419;931;-21;708;-648
257;110
182;-520;-799
-729;844
-323;123;-685
-643;187;-686
-886
22;-144
-964;-246;-719;15
595;181;117;-298;-717
-675;517;823;-297;-748
-165;-666;-320
640
-898;763
-513;120
752;-892
865;-853;-409
21;567;-607;927
-369;-26;-762;-522
945;209;268
-869;-748;-64
656
-867;-244;452
-772;-708;-373;-389;557
867;740;964;980;437
1;65;-643;691;-517;811
154
-213;9;-186;810;-575
-995;-52;-325;36;-615
918;-889;-192
839;647;649;989;878
210;980
964;598;654
177;817;353;371;-327;-185
702
-404;69;330;-893;-574
-915;69;-24;-538;-715;138
-298;749
-996;763;-349;125
178;279
673;-838;-443;717;606
178;35;-393;-665;-476;604
-738;-149;-860;-636;-557;174
-737;-693;-310;586;-845;-511
384;2;727;889;-525;780
994;-597;215;-585;184
-727
460;13
66;-856;826;-606;-366;206
729
-731
-642;226;-611;806
-177;910
-945;-326;-618;-893
658;-166;201;-924
-113;-452;85;411;813
108;895
961;564;260;-938;-95
-314;-954
694;70
582;-330
-421;841;202;910
-692;-76;812;-141;350
