-594;-612;391;557
-690;869;-73;-624
5
819;212
-520
-617;607
-737;309;808;488;-89
915;-932;-900;182;-920;-922
801;449;46
17
400;-370;-709;-5;-697;-954
-884;917
850;436;214;839;-766
39
-41
855;-106;9;-413;-301
-179;-852;-38
818
593;-454;-22;-411;506;-268
-276;500;-745;-380;411;-591
-502;650;-719
865;218
315
-531;933;-283;202;254
712;-235;-542
-69
-325;906
984;-874;-426;-267
-771;-202;-378
-753;-369;515;276
637;207
945;65;346
-225;-621
-321;399
305;999;-890;-494
656;-116;-405;233;-43;782
596
342
-35;339;-250;-206;-830;894
-417;-226;167;202;363
-914;818;-867;-148;826;-62
577;584;953;-507;-236
121;-27
-360
-313;474;-524
106
-161;786
98;-551;-330;715;-814;254
-633
70;-713;765
-246;122
640
562;-694
-858;-43
-977;-633;-317
-516;-756;309;602;-446;943
227;-682;-43;894
-322;679;-537;-844;-782;-896
-851;-948;170;252;-558
-865;-324;22
-56;873;-671
-694;342;727;828;735
-513;401;724;-760
549;151;-984;-602;218
-645;868;485;395;-910;-864
-435;-104;39;-362;-893;828
136;-297
-373;516;293;237
197;-616
545;-852;138
-949;726;631;-139;924
-938
-485;-988;-239
-519;-890;409;-604;-621
-884;467;-188;-349
-418;-291;872;301;317;-591
703
-227;-631;25;810;475
-966
-209;785;-389;-982;-685
267;188
962;-761
-901;-438;941;-831
-504;-475;-925;-607
-916;-829
579;421;107;-893
512;772;-358;-471;600;188
-372;756;-934;602;428
-84;-855;-56
-322;-564;-365;269;-271
934;-762;541;-367;-576
467;965;847
-119;105;620;140
913;929;706
-803;187;-142
-388;791;-650
567;-440;-891
-388;-120
-566;-151;-47
404;135;-252;221
-453;-869;122;-13;733;-800
