786;-262;854;926
102;412
440;619;-544
773
-520
817;-386;345
-854;487;218;139
-998;731
774;-247;-697;282;-395;269
624;-274;-446;-687
112;-598;441;635;-573
-308;-789;-170;636;701;717
586;-606
-788;-902;-123
-289;22;-13
371;677
-138;-144
-539
306;744
594;408;761;841;-751;479
932;-903
-32
32;-424;-494;-174;-142;-624
-40;844
800;676;712;-843;-285
-165;647;-729;-815
-691;-644;-437;325;6;635
995;-101;583;-686;271
752;-165;702;287;255
810
-609;-403;518;397;142
-643;-377;-585;714;939;-352
-147;197
313
-482;-850;740;-414;734;-816
-548;-285
976;-547;530;-356;-25
587
78
593
227;388;-614;-854
-427;-684
-562;-643;-244;-505;-731;-733
-82;226;-484;-314;893;-848
867
930;626;436;205;-672;111
-758;825;-668;957
706;679
-601;-826;-204;-669;-367
880;737;-36;998;11;-942
-244;-968;712;-382
-865;327;-668;-895;-576
-979;-275;-852;198;-395;-123
891
-833;-722;-244;548;359
876;-751
419;734
352;657;946;-544
164;479
944;-676;665;-286
600;-205
840;-444
-66;-869;631;-249;202;491
194;-848
910
-850;-228;-603
481;-962;-872;439
913;823;714
465;131;-747
36;774;270;-160
960;-34;-771
-529;-962;-434;933;-39;361
-888;-554
163
-532;-582;-844
804;885;-872;922;987
-242;-824;122
-346;524
-665;-794
-369;-839
-883;-502;599;921;-319
960;-516
829;-384
447
-932;-517;-328;-491;811;750
964
69;344;-922;-347;-621
967;855;-793;973
818;-266;-764
753;-99;-297;-140
-146;-802;722;474;-46;15
993
546;339;-667;523
160;329
706;36;-677;619;717;-144
-978;610;681;58;186;446
592;819;875
290;-132;55;858;-460;-366
-248
433;-962;121;876;-221
-929;115;196;853;-1000
