994;-555;810;-479
178;370;-339;405;728;713
432;561;488;-731;-765
-530;-614;-839;-152;983;365
-147;-506;-877;-653;-398
533
802;755
-353;-854;8;-892;-750
912;544;-131;-996;-504;456
516;85;933;541
-549
16;-353;577;-487;-729;426
295
2;-229;-680;-384;479
-679;9;-910
-177;-339;-72;-494;269
557
48
416;-723;-934;860;942
912;674
913;-566;-890;236
249;106;491;-93;-190
136;746;-575
567
-776;184;-92;-862;-351;-720
-321
693;810;-412
518;-187
84
246;-617;29
-498;133;839;-345;-28;-445
-899;-725
-404;491
599
-641;557;62;686;-575
347
-391;-890;-348
343;-346;-347
-569;941;750
-355
885;494
64;-388;936
-37;763;655
-321;-181;-206;94
-922;303
-673;-130;546;364
994;166;-285
109
-883
-648;-585;92
-385;-471;-286
226;-135;30
517;885
149;744
-81;208
128
-387
630;72;686;14;-495
-465;68
-932;-582;860
-911
230;25;-112
-562;159
-356;708;247;-426;508;-528
-890;732
-209;-177;-774;221;205;575
256;-882;-693;-122
-674
-754;66;-388;-503;907;508
-167
-730;-462
-401;-309;395;-942;-366;686
864;-578;473;-701;-15;127
405;-824;-601;635;28;-335
-453;-731;-509;476
-739;-735
-870;-860
459;-910
17;135;508;559
519;-973
33;930;-508
-66;779
592;19;102
464;498;-117;-125
-405;156;-349;-317;-320
-945;921;-347;-608
177;-836;-795;-60;-495
917;-407;222
-753;-268;28
800;-949;-746;477;-575
-738
-484;631;-26;429;638;-960
-84;-152;-732;-288
180;-55;555;-912
-259;747
663;-616;-552;887;955;-79
-675;-869;149;-125
759
26;735
-513;-425;-336
-252
