-470;983
-709;-728;664
-564;-772;374;490;-813
900;902
241;29
-281
-227;647;985;-234;-123
386;-84;579;683
-643;-410
-30
-306;-163;649;61;798;271
435;500;-648
883;-917
547
-547;610;-835;807
547;-587
-578;-934;439;8
432;120
608;785;-964;790;-154
-502;-812;-476;-48
17;563;69;984;543;-336
914;-851;254;-847;-800
-132;694
-51
336;-891;-269
-67;-566;102;-248;713
-467;-136;-490
691;-694;-886;968;-922;-253
656;-580;425;-831
849;887;903
-339
178;-196;932;233;826;927
801;-979;-835;916;438
-345
-642;500;-839;123
194;541;381
-693;696;-605;589;-862;526
838;166;282;-27;124
-338;965;889;126
902;-284
-455;855;903;42;299
-482;-908
-367
816;117;714
-120
225;-967;-457;-970
-667;30
-951;359;94;-400
460;-607;14
705;274;996;630;230;-654
-22;-624
-902
421;549;-90;-507;-556;-975
-648
-51;-67;-377;-509;-189;-735
-321;289;-292;-203;-895
-931;-358;-395;-477;-798
-241;548;180;-892
-722;-341;278;-649
737;-642;-762
411
977;-853;-806;631;207
414
-161;-512
657;-420;163;-325;346;508
-561;822;-91;253
720;-117;779;-446
-129;961;772;295;-543;607
889;-204
946;-997;778;-861;-797;495
787;292;638
-483;-452;-134;-794;-717;349
951
977;-486;859;-141
-698
447
452
-709;-263;-762
-469;-422;-333
691;659;-426;-859;-525
854;-651
-689;513;-982;696
-799;-688
-464
-810;345
128;-248;841;-254
-695;824;-217;334;478
-643;645;-295;876;687;735
985
977;-132;-38;524;-864;-944
100;918;-797;-925;-800
-103;123;460
-147;707;218;90;383
242;-471
-483;-837;-190
-419;-486;554;-397
965;-455;935;987;108
-417;547;243;152;490
560;-310
-147;-180;-965;324;715
-511
