-513
-738;-137;-921
773
296;-304
-130;-812;-461;-909
-12
165;838;-266;812
256;708;-935;-122;79
673;-194;47
-578;870;809;-314;588;-334
-23;-252
35;726;13;94;174
369;18;-773;-279;-122
107;-895
532
-518;455;40
-280
-762;-799
288;-819;114;-132;-361;-396
-594;803;-984;217;938;159
-577;376;617;-511;-959
800
548;102;-970;315;765;557
-19;-277
-657;276;-24;107
-861;-462
983;857
292;-779;-332
4;-173;-653
705;884
816;161;594;-983;493
6;107;-29;-144
-178;-467;514;917;-920;-442
850;131;548;134;-861;-736
165;-551;-442;-842;-445;766
146;485;11;-717
-862;15
-308;-840;296
434;83;-661;58
-86
-401;-881;721;-891;-540;-654
-209;-49;644;342;-215;-858
-713;490;891;446
-452;-806;395
130;-292;-247;43;-413;684
-644;-477
867
85;956;-365;-607;799
192;693;503;-233;-543
516;325;-942
-88;-783
360
-109
739;651
-390;-493
672;514;-899;-483;-395;218
-962;-436
-594;123;590
-121;-512
68;342;222
226;-325;-678;-792;-603
289;861
1;321;68
129;-985;-74;-493
-385;-580;-871;535;-842;970
274;-165;-247;251;44
-209;97;707;316;-192;719
35;-165;-982;-457;831;-448
-675
931
-485;-365;430
-679
627;820;-694;603;348
66;871
620;63
-431
195;115;676;983
-437
-219;-221
-997;694;568;266;-925;-303
368;-759;205
837;750;879;447;-672
-517;234;205;271
-856;921;-940;-239;-623
-405;86;58;460;-400
-218;10
-197;-886;875
53;-169;-93
-33;868;-624
-965;750
561;-85;229;-908;-780
-950;918;-956
-673;100;662;-935;-152
99;760;441;-812
832;-86
113;311;-665
800;2;-788;615;382
-737;291;-55;746
257;869;535;124
464;558
-549;149;-624
