-273;457;844
-166;-344;-363;-797;-383
-833;582;-333;-960
-344;425;-91
738;-58;-413
705;-579;654
271
16
-866;-179;-985;472;-653;-878
530
-388;324;-694;-544
458;-47;526;-656
25
-898;-999;-455;-573;334
-232;519
-88;894
-662;-167;783
923;-141;-445;989
-405;-570;-987;779;-144
-65;-978;-979;-74
-434;346;651
119;792;-860
788;-598;-710;571
355;164;-618;-443;91;397
-306;-195;-520;-314
-568
-353;36
-709;981;-845
-34;501;695;440;507
545;529;-915;-229
800;-210;194;-456;664;-410
-689;-161;882;-873
-453;871;215;-729;-239
449;-243;-123
256;579;597;-282;-554
786;-819;-682;-907
693;-391;556
-546;5;903;-489;28
613;-619;-350
480;-152;-429
358
355;-196;-358;-299;619;749
-865;-919;-446;-639;718
496;358;535;762
-459;-926
19;-553;953;-766;-526
-193;-138;-811;-717;-816
656;272;-554
308;118;-183;-426;811;-509
-633
-946;-196;837;182
-640
-385
594;-206
-962;-933;-246;727;-1000;-281
-913;961;724;-826;557;399
-162;-594;691;458
480;-70;-953;-763;-368
-153;9
-912
163;964;-207
-412
673;-613;902;990
934
-946;452;231;430
928;737;580;-284
945;292;724
390;39
-98;-67;356;-37;537
948
704;-163;-979
400;-614;908
-710;57;745;619;-460;-959
706;729;572;701;-238;543
517;889;540;61;-15
485;490
-465;676
-729
-218
532;709
546;168;-220;270;223
564;-87
990
-902;-345;-426;732;716
-244;420;-872;-41
-226
436;557
276;741;807;-573;510
640;-87;-9;-74;-142;-560
744
291;202
740;276;921;522;-956;783
355;67;-218;-76;780;-414
-389;-108
-482;-264;-520
-247
96;944;548;601;-762;-668
-183;601;-170
849;-167;230;872;-413;927
210;-454;-779
720;-339;594;648;-684;-172
