722;-325;-791;909
592;-451;-421;328;-43
-419;804;-138;-15;543
9
-579;-804;915;-313
-563;-987
-385;435;-921;153;990
309;-728;634;219;863
392;889;-267;542
533
788;-905;909
567;-619;77
-145;705;1;-535
538
642;932;-793;-80;863
-683;142
551;-10
5;647;-683
852;202
-293;788;645;-616;-236
118;999;-729;927
-946;-695;824
946;835;315
992;-723;-355;647
885;-839;6
128;-438
-823
-130;946;6
55
312
-635;397;-847
-519;-311
-664;-441;267
738;-504;296;-204
769;293;631;216;-42
-132;-391;870;-287;-400
-598
963;-581;-183;143
-346
211;-886;-363;-333
486;-583;807;744;430
-605
994;-297;-953;-846;30;-303
784;-978;531;956;-943
-369;-310;-190
9;461;911
-689;625;585;346;-510
562;898;-52;981;902;-365
196;903;-234;-748
566;-871;935
-889
-780;397
755;-806;-78
-290;226;420;-698;940;-463
-401
842;845
-980;-103;-462;543;-432
-389;-982;444
147;483;41
627;75;-543
804;-279;667;635;399
436
-481;-506;-476
16;754;-132;980;614
432;-370;-504
961;-150;-856;-798;-112
-849;810;-285;511
-929;-19;774;-489;-93;943
868;-341;-441;300;-832
-960
-899;692;-680;439
705;599;858;847
868;-906;522;-495;863;111
-708
-354;807
99;293;581;902;-649;-511
-500;886;807;-220
464
68;918;426;939;-350
-213
725
96;378;765
984
-906;332;-158
-273;-385;-551;-937;-281;412
-97;-180;-807;-536;-141
-996
-454;-390;-156
-232
-993;342;-872;520
960;557
513;901;359
-240
-162;916
-499
-986;-794
-244
770;-921;-621;14
386;-138
-757;854;410
-930;212;-758;-636;-192
