177;872;698;302
-518;-510
688;-41;-908
-706;966
-129;-500;617;-332;862
689;613;-985;-842
-114;625;-692;150;556
-930;851;-37;-311;-125;-749
278
161;376
995;-853;180;986;830;-320
326;-89;557
796
293
450;-84;-469;911
327;-368
-691;-136;250;619
-178;-122
688;-939;555;767
116;308;-986
51
64;-307;552
739;-279;92;783
912;836;232;381
827
-451;-612;-791
325;-664;-875;-254;638
464;626
946;517;791;-443;-719
-37;-344;860;110
192;-112
130;437;-778;665;908
406;838;634
-978;-851;995;-791
-963;-309;927
-901;422;-107;-256;495
-612;787;868;-232;-681;473
337;634;-365
-213;806;-488;584;397;-734
-614
64;-827;-607;751
672;3;87;-169;-223
-277;-537;699
-53;-775;-446;-334;-558
-632;-939;427
87;651;539;123
-791;872;-458
-546;-534;938;-221;-14
-209;608;-314;-206
-129;693;806;-810;188;-623
182;263;-320
895
946;-551
-219;891;-973;-352
-261;-797;-94;-191;-80
-354;-901;-502;950;-105
341;105;617;347;781
-950;-375;413
-529;194;-51;790
-149
-609;162;-679;-41;-364;-160
-534;-298;-268;-335
598;-311;-701
914;820;-344;681;843;828
931
679
-305;113;-307;932;-264
475;-48
-433;-71;72
-852;-168;74
-691
784;995;947;726;891;-831
-487;-744;457;187;-367
194;-644
450
-708
-706;59;-847;-240
416;198;-271;-143
469
-138;-666;587
241;-227;283;717;-30
132;-923;314;-767
384;497;-952;-553;-620
530;970
-436;341;828
-178;466;620;-175
-648;968;-544
480;484;157;382
549;454;502
-739
-641;-869
-532;-680;-11;-796;110;143
-497;983
576;100;-408;252;-288
-472;138;-559;-624
-225;1000;233;-284;699;606
806;988;365;-639;-512
-409;-352
3;-633;120;24;-380;-412
258;882;-677;-925;-816
254
