-737;-161;611;44;-430;413
656;146;-728;874;-688
946;-134;-358;63
-99;-538;-602;825;-621
592;994;626;-149;-86;-687
266
368;-212;-516;-246;-431
-342;-192
-610;76
-81;642;-901;60
-226;-358;-74;922;-240
752;-773;103;-364
-737;209;810;667;878
-71;-941;974
550
-387;632;345;-650;-971;-544
-308;3;170;-814;653
-609;501;710;-344;-538;236
352;-678;-999;-536;204;845
-814
-882;610;-933;-792;301;-400
480;339
-615;-463
-914;-51;-423;-971
402;147;-862
593;653;126;991
387;-920;215
-407;667;411;-350
672;945;643;403;-918;-654
582
592
-850
-482;102;934;808
758;349
336;-150;667
-746;-732;111
-611;-694;856;537
-695;-759;-952;268
349
755;328;-475
352
546;514;262;-970
656;-758;454
193;870;-247;-302;558;-975
833;-434;470;920;-156
-102
-366
227;492;879;-976
980;-405;-549;-790;141
-358;-269
-227;-696;40
425;714
150;-31
120
408;-32
-450;71
-802;114;-141;956
-628;-389;840;297;745;-219
903
438;-832
291;-685
-754;-229;-790;198;216;-571
-759;108
530;-980;277;-391;-600
-654
-227;-115;-39;-234;-302
882;-404;840;878
406
99;308
704;-970;-299;-109
-305;-243;486;-728;94;-240
244;756;837;-376;-765;239
-609;630;438;839;-105
-296;125
-403;-984;191
873;-874;266;-491;655
881;740;-53;845;-192
-134;-313;876
-353;483;-745;-524;-493;-336
581;362
-451;963;-359;-174;-687;15
950
296;-106
49;52;-421;-601;858;255
-673;260;-87;251;959
712
-917;405;119;-64
-34;-169
326;203;349;606
581;-681;105;524;-992
465
724
985
497;875;-384
-231
-674;69;840
-627;-180;-756;45
-178;-120;-974
912;883;-777
-764
-594;914;308;-376
