-689;-305;-580;4;-735
88;138;11;-496
48;-178;-386;120;-636
-791;267
133;-136;15
801;276;-119;-106;-11;-573
516;-374;-86;570;-895
98;942
16
641;143
-981;520;-922;-685
-294;-535;-215
533
534
-453;676;117;-280;90;-942
705;-42;-125
-152;185;202;-14;62
-626;-275;360
-274;-407;135
-135;169
608;-499;-996;869;-792
-300
-730;686
424;-123
-423;-311;174
514;46
-209;-929;471;715
-691;-919;-234
51
546;2;20;-538;25
568
981;342;904;9;892
642;504;-63
635;-318
573
71;-138
560;-422;346;30;-447
-327
-458;-384
-291;-886;-684;92;-32;191
-851;-83;725;-73;204
-609;309;-376;-939
994;123
607
-819;-167;-713;-681;-234;-299
-340;239
-682;58;267
547;67;-455;-231;-199;-599
-898;643;807;317;-766
-356;133;569;-237
-583;582;503;793;-747;588
-625
-913;-581;-133;-521;-463;-64
-632
-892
896;765
-370;-579;675;-404;295
930;-470;743;90;-621;734
242;-152;554
-499;258;617;-943;-80
-706;690;-771;-532;-103
399
368;850;-323;885;666;-253
234;-892
-337;596;-954;459;638
468;-906;635;-350
-737;512;-245;-278;601;557
-914;170;331
-532;980;665;-219;-526;814
-869;-315
448;736;-771;776
-612;308;-47;-847
943
753;-114;-277;616;-957;157
434
545;-123;526
-533;-672
277;-347;509
-275;-668;923;972
-195;-439;-842;522
757;633;-298;525;109
-980;-553;826
-199
49;-761
400;-595;-921;-235;638
-651;-173;317;-975
853;-651
-460
821;-616
-732
-257;-618;142
224
994
-979;825;-77
491
739;781
784;657;-825;-858
961;180;261;934;-967;666
792;988
882;-55;390;-971
-84;-331;-509;223;-576
