-516
259
-314;-718
652;125
-738;-36;52;-313
-599;651;475;-669;125
-737;343;616;-202
-339;-69;-220;351
297;494
-25
898;-228;168;-155;879
-961;32;-316;-574
-226;-867;946;-551;920;-763
486;-154;-299
-995;631;489;-92
134;521;-107
-81;659;-874
-337;885;57;-411;-495
378;-333
848;490;765
-820;-520
900;74;621
316
151;-985;894
737;755;-104;-984;-682;351
-421;343
488;824;-90;-368
-321;753;675;724;-551;601
602
129;-373;334
16;690;-631;-599;175
409;-59
-308;116;695;-601
611
-218;-398
-434;-484;-341;-761;154;-30
619
515;873;255
-94;-271
-616;232;-409;156;-847;863
-167;-458
464;225;-778;203
674;-788;276;776;-475;-347
182;-327;-936;-828
-166;-344;-313;-619;300
868;-263;841;-573;524
118
789;-477;319
-805;428
-28;189;-718;430
21;217;-496;-896
-215;345
896;437;38;-636;-189;-413
422;174;-735
-397
-263;598;63
646;8;665;874
-435;-263;284
273;-854;70;-295;-376
-66;244;974;-992
-636;219
-225;-996;900;158
102;23;557
-771;-173
-24;809;-172;78
26;-462
-120;-684;-656
-407;-32
802;-710;396;-47
-899;-611;500;-27;-878;957
-436;901;631;379;507
-497;5;-183;-28
-722;-150;-860
-691;234
-458;-767
124;780;-798;607
-720
-777;986
-261;983
-356;-453;-685
-983
-100;-118;-509
979;308;-55;778
149;838
-372;-105;-377;202;-592
-222
228
406;-893
199;-796;811;-190;975
-568;216;-393
-490
-978;742
-708;742;925;815
944;787;44
834;-877;669;382
-771;116;-316;-557;510
577;-438;-939;-220
252
764
-356;-645;-457;-636;-208
442;-461;-861;-863;910;-959
