261
-519;-520
597;967;-859;-351;430
-65;808;157;525;-639
532
-675;647;-605;-749;335
87;-953;-507;-700
517;759;841;122;-683;-251
-963;166
337;-131;-708;-392;-329;-346
321;674;-279;-750
-68;-622;655
548
642;-966;361
231;63
-678;-727;-73;155
992;-296;-714;-524;-527
387;917;-297;-447
-38;-408;395
-886;344;-250;766;559;-848
-358;299
144;-611;978;583;-524
-832
-83;-294;742;-334;-352;255
577
455;-634;826;-237;-861;-640
533;-966;426;796;-720
838
-475;318;-432
161;-706;-739;-331
-592
880;-949;-758;-167;-622
179;852;-758;140;-750
-83;331;-349;-782;15;-496
-293;639
880;946;-455
949;379;555
-349
802;318
-499;227;-264;90;347
-793;-586;511
-100
678;-71;-711;204
39;831
614
99;-681;170;-206
161;929;-227;-676;180
-344;-699;-988;382
521;-891
706;995;-502;-572
93;366;-864;-224
-275;-358
644;-617;-665
395
707;-436;-667
907
-838;-217;-878
-957;557
-658
690;628;517;778;-160
407
-722;-757;713;-154
923
-673;-803;-835;617
946;916;344
-417;738;294;857;479
162
-551;-568;906;859;-479
-424
-68;454;-361;-314;685;543
-946;-999;-795
458;235
-149;-102;-90;157
954
-609;4;184;-26;-252
-899;-918;-311;119;280
-692;1000;-841;874;-539
-475;15
-193;769;-872;-59;-829;-815
-83;-455;840;-316;476
979
-258;42
-213;196;950;-205
-113;-34;-857;-202;269;-48
244;133;-409;-319;-384
-946;580;590
866;-39;-603
388;646;-327;30
-374;-375;-954;-123;271;-464
-97;679;-524;-798
-99;-390
372;-200;397;-223;142
-747
-276;-748;-240
513;984;25
-209;-694;-9;-585;-106;78
754;324;533;201;-29;-510
762
-483;706;536;106;156
119;903
-728;727;-217;-458;-604
