-724;-459;157
-198;200
-823;702;-400
562;898;739;740;52;92
518;-232;750
54;343;-896;767
785
-562;-343;855;71
-100;931;230;872;157;-14
30
544
17;662;-520;-127
144;274;-52;-442;42
579;340;-9;600;633;-60
291
123;158;527
-580;-260;284
215;44;348;158;558
582;-136;-920;-345;-507
579;-182;-968;344;-909;830
49;483;542
373;-678;614
-182;677;918;-439;-921
-311
-963;-120
-483;148;278;907;780;734
740;804;788;535;522
-64
-115;-547;-71;55;-303;-623
355;-488;-873;-410;-845;-879
-70
-737;465;-551;-478;462
375;-47
-841
912;785;-98;626;554;-399
-294;-247;462
120;-715
-644;89;-203;413
-725;815
720;-499;-694;-506;-460;-190
-978;-594;-884;-215;782
965;662;-762
612
104
99;-973
756;-393
-930;707;-751;-928
848;-965
-631
736;885;855;904;-956
-241;128;-594;-10;-944
384;-866;356
594;708;-153
516;-102;966;810;-528
-387
513;-690;945;114;-407;937
-328;461
132;-267
592;858;574;926
-309;708;-870;453;-747;-396
720;658;-885;581;-422
673;-883;-835;-67;252;206
659;-184;-620
324;844
-737;161;980
-673;-737;341;5;-880
-530;340;-381;-911;558
926
178;499;83;-600
708;221
-122;285
-962;795
553;-720
-882;459
-172
-484;357;-560
-497;-212;-456;55;926
513;695
-481;291;212;-464
18;-117;-777;-62;238
-188
673;-693;-774;70;-829;-942
-713
-561;-177;-292;-967
294;8;920;969;575
290;890;-203
-181;22;-567
470
-947;786;-423;-875;476
-81;-344;664;749
729;-253
241;498;135;-397
336;-558
265;988
-662;-103;-760;12
-882;536;857;58;-286;718
-338;-758;-935
-760
-760;887;-635
-764
931;-488;103;733
