146;626
522
933;102
975;-192
-658;-639
-947;-948;499;-934
515;550;137;25;-123;460
96;593;932;281;943
-51;-202;796;510
917;-119
661;650
-866;68;830
424;-122;187;76;748
-241;81;647;699;-640
86;-841;207
913;-946;555;988;-543;-160
482;-524
726;-172
81;-824;167;-367;-896
-916;324;542
-824;424;-603;-731;-880
824
-610;-471
-53;110
-60
-179;493;-255
305;644;-631;-717;716
16;756;360;-558
-185;250
-257;946;-843;-366;591
336
-771;854
-790;780;861
-977;-132
33;901;554;-381;-766
274;181;-122;-443;-751
-673;-485;-486;599;-443;-144
-212;-782;638
355;-916;-516;758;-636;-429
112;402;-678;782
-386;748
514;-406
-233;11;-912
-950;-441
622
-467;835
-165;548;-502;87;138;-733
-641;608;-259;-291;953
-821;567;138;954;300
-551;-78
375
-562;-340;100;135;-223
379
-954;-778;-189
458;-848
-177;266;254;-896;-864
-908
49;-963;-102;440;-555;475
-625;-196;-351
-130;81;-250;702
-626;-402;934;-744;685
-517;-918
966;-43
-6;-983;319
315;-158
864;575
-148;-374;278;-172
880;403;-806;-315
-132;-69;-987
84;-252
422;-729;474
995;967
428
-995;708;-229;-246;-185
-145;-435;275;995
-612;-518;216;826;654;638
757;917;648;-299;-816
-626;439
-189
935;446;94
774;-745;-619;-413;495;959
-711
529;-402;-764;-413;-431;-768
-38;-183;394;62;478
-580;53;379;-764;-320
321;721;724;-873;-427;767
-521;138;538;157;125;798
-609;-727;-121;139;-573;397
233;492
-728
-842;-912
-475
496;-978
320;-648;-89;-441;-506;-910
585;-813
770;-728;-272
-291;-35;-688;-752
-338;-658;-420;-456;-856;957
-723;-860;-958
880;320;834;-441;-364;-478
-452;-778;-795;748
