512
-993;-900;-279;-56;794;-622
-266
-981;-775;974
147;314;-923;109;-686
816;737;311;634;589
130;-967;-974
432;945;771;-77
258;-118;-649;-27
-910;623
70;-137;-542;-960
-577;742;635
-801
48;736;-996;-537;782
38;507;-927;-143;815
546
865;-909;590
835;-341;980;-777;-848;-912
592;33;-252;-606;-831
-162;149;968;73;555
817
-804;356;395
873;973
-963;999;487;301
-99;-467;627;-874;140;989
195;-133;-224;991
-273;674;611;790;-475;-494
-293;360
-581
880;-390;476;-783;398
-587
-844
706;869;-987
-711;-330;-60
592
-152;-186
-100;931;277
450;-536
-345
25;346;-557;-560;-112
602
-468;-453;-648;-875;559
-94
-241;-231;377;-252;604;-607
530;-359;-56;808;633;846
-401;-308;-165;-862;-672
579;-476
-465;-276;-293;-774;-344
-360
977;212;-501;-777;-153;137
37;-24;606
-369
680;859;382
-645;-966;-136;-176
-358;872;-380
-403;147;-823;-936;-937
689;67;-283;-477;398
-915
374;-600;-763;-988;-221
-587;-75
-202;-110;-95
-278;-650
159
672
784;-150;-540;-733;477
-194;-455;490;-238;559
498;434
170
-658;532;967;-668
437;-6
-437
-232;-233;969;-906;-557
-146;-596;551
497;453;11
825;138
-341;-111
864;-963;-151;-459
-627;-566;-39;-985;-826;284
823;88;-763;-587;638
457
-841;-905;649;457;-538;-304
741;998
716
-353;753;469;621
-98;82;-390;-88;185;521
-50;-166
-729
900;-171
-307;-951;15
-308;980;710;202;170
-162;-952;-696;-969
221
736
883;-548;-490;893
405;846
-482;254
-994;227;726;-746;-698;-283
-232
-754;-421;884;-454
-235
-225;-291;546;775;-108;317
