257
513
-339;-965;-7;713;411;-333
278;-999;199
553;-29
-724;198
721;817;708;55;136;396
208;853;806;-540;749
753;-461
-806
-739;857;-156
-296
386;936
690;148;101;200;443;765
355;539;942
45
10;474;76
-501;663;655
434;895
-405;229;550;-521;744;478
547;-764;780
947;-1000
259;-825
-803;1000;72;41
-513;546;-345
-936;-776;375
314
827
625;429;543
-319
-470;-74;-544
-737;693;-952;-313;526;463
-674;740;-55;7;-175;222
834
577;-663;921
-851;482;-212
-465;589;61;399
194;-780
192;-642;434;-500;-988;-364
-333
-848
9;220;877
802;-980;39;479
832;657;724;-380;812
-68;-279
93
607
-98
-89;-989;-46
659;-714;-507;462
66;-259;-998;570
755;804;184;441;538;717
-385;643;-231;294;-952
-113;-467;-780;765;973
-993;-922
128;-795;31
894
-209;-178;118;138
-882;-708;837;-519;-252;111
819;570;619;429
145;-67;178;761;794;-397
-397
641;-874;636
-691;684;-654
489;175
-745;217;-347;-78;30
-923
410
488;-701;-717
-322;-614;-199;-567;-296;42
353;818;-340;540;845
229;-456;57
-940
199;743
-582;618;398
-758;-582;-379
123;60
-843;-622
-514;197;-80;207
-897;-674;-692;739;310
977;-571;924;141
-417;330;-46;-575
-965
-691;651;909;366
928;936;141
802;403;-999;-250;-940
-18;-805;390;-1000;-315;764
177;-714;-191
988
566;423
991
16;-343;823;-25;-173;189
491
-582;345
-146;-355;22;-105;953;-608
248;761
725;325;-38
756
250
-791;537
65;-324;-117;-201;-653;-816
