-994;-324;667;908
-690;-804;-580;-204;-284
-289;-292;-101;6;984;463
-260
722;-985
69;-55
-18;-852;-517;73;271
-788
536
-418;-363;-269
-285
-212;-844
227;358;728
434;934;714
33;806;88;-891
674;-975
483;-831;910
169;-989
-309;-150;-668;764;927
970;893;-271
752;-131;-779;94
2;999;-538;202;795;651
130;-404;-559
960;643
581
769;-441
-914;-579;819;950;-862
-855;726;-186;-732;972
-811;-380;636;316;-749;-623
764;-688
611;-724;-778;522;703
-231;150;488;156;428;-144
-745;412;989;974;-271
-469;37;-160
336
563;-644
-932;-429;525;751
-342;215;-680;206;686
343
-579;-182;918;-952;-713;-122
353
386;-566;601;-541;796;958
-19;233;25;-140
100
-358
68;-661;-200;-285;446;-239
-514;-517;764;-862
513;-469;316
-196;819
-692;214;-251;-508;-30;-894
454;-312;-986;-811
304;880;486;-268
-417;-988
321;850;584;-795;765;-319
-293;-71;236
127
-472;602
561;-131;-20;884;805;-943
-344;104;-74;-478;397
711;-522;463
652
-518;90;26
464;-909;591
-757;-671
881;228;-890;-368
-152
-833;97;-999;459;-928
809;620;156;-272;559;79
929;-971;-639
170;268
-115;237;-639;702
817;-20;821;9;-672
260;822;791;637;-271
-849;386;72;-319
864;-279;638
458
459
640;617;-302;-239
279;-74
-207
-129;-563;-543
980
866;756;68;-487;-424;971
533;-142;335
-391;23;839
211;-41;939;-92;971;-237
-337;757;-718;-686
-371;-486;-392
992
-439;278;-64
389;-328;169
-485;-329;-956
235
-642;694;188
-501;-367;238;383
246
-149;-325;340;-902;-555;-192
-945;-73
-222;-288
-999;8;-190;926
806;-824;-90;685;766;447
