-258
-833;-195
-262
761;-240
-502;491
899;-214;-540;-670
-625;-970;814
-449;792;185
-466;-643;-710;952;-944
-22
-579;601
26
-947;-6;-266;395;539
-114;-168;952;-556;620;575
-470;967;488;-443
-229;151;-840;887
643;692;-534;554;-556
-803;995;757;37;-794;-160
-283;572
-625;208;442;-574
752;321;-295;-799;831
810
-340;-342;-541;348;575
-300
35;-330;410;682;651;-124
556
390;-88;-255
-577;528;726;456;-301
228;198;-137;-345;121
578;877;-110
475;-112;223;-512
74
-393;61
-946;-981;314
117;794;-556;-432
340
181;343;73
-371;-586;-413
-468;557
-916;570
-94
913;132;-102;-13;205;238
865
-837;-631;-41;-382
256;242;-454;-87;-317
-610;-217;-810;-635;-173;-221
192;-870;-406;-424;876;270
-803;-979;822;-24;988;-368
-179;-773;-393;-604;-77;637
-357;-421;-358
-161;-962;162;335
929;36;648;632;429
498;789;810;-701
-580;648;-154;972
-628;-260
631
609;-325;904;-121;78
-501;-517;781;-142
125;-512
-389
-425;-990
390
292;-941
906
545;803;681;-975;366
-994;-530;-210;917;405;15
646;615;839;344
908
-531;-382
773;390;-269;-749
53;-360;-329;-105;-171;764
-113;-517;-22;503
737;179
-435;585
-339;405;-342;-105;538
-257;-425
-889;664;604;622;-832
114;151;807;380
-82;620;-366
796;-958;-782
-709;-821;-666;-286
-947;740;6;-747
245;-73;489;-251;287
-43;-144
-801;-924
-918;471
-705
-195
-168;648;760;505;-779
-117;-294;-424;-72;698
-245;488;990
-723
-215
135;-361
-18;851;-710;981;-106
468;152;794;-524;987;-111
-752
-119;-520;617;730;812
548;-669;876
-274;515;-405;885;-8;300
-966;200
