-692;-335
-673;-610
-994;-499;-822;-506
-212;548;444;477;31
-405;485;191
107;-414;-862;-640
-852;-837;-282;-843;270;478
321;-789;-41;776;58;206
960;-698;-538
-409;-379
532
21
-149;-312;-332
-26
792;-252
544;993;547
-433;-901;502;791
-945;-53;539;-95
-194;929;357;-679;118;-829
-259;-934;989;-335;-15
-897;147;-917;566;-222
-811
-689;380
-471;-352
818;214;-904;891;605;-544
-61
-164;230
932;-635;-879
-549;221
899;167;503;552;443;844
87
857
345
368;-500;727;10
274;628;-453;-827;75;653
790;-888
-706;65;-663;-333
614
107
482;-535;102;-157
-929;-719
369
884;999;793
384;-795;-736
-273;150
37;-922;-859;-685
-290;933;794;-335;-208
-52;-374;296;-524;302;735
-751;878
884;781
-980;-205;797
-307;-886;277;919;-379;-14
-980;-181
-398
-687;-511;-992
275;-128
738;195;121;42;541;814
-962;-821;607
920
-501;775;11;445;-575
-259;166;-407;455;-696;72
-244;-394;-188;156
392;-634;911
-482;883;725;319
167
341;-855;-952;-238
-174
688;-244;486;-650;-395;-573
263;871;-793;-317;159
48;-790;-966;422;76
804;-363
-453;598;-936;-905;-27
993;2;-276;749
-446
-857;-875
-966
358;-903;39;959
-339;-410;-411;539;-221;-127
-38;-262;-458;617;-317
865;873;-715;719
-179;259;894
-649;-11;-318
67;934;-24
784;533;776;777;413
98;-999;822;907;333;334
982;-765
886;105
739;-68;-906;985;-267
338;-634;-957
-966;838;-88;-367;750;-399
-211;-998;-263;471
606;398
507;-237;-190;-750;-79
-273;964;-200;-860;-381
494
624;-569;680;-431;-64
496
-242
437;-938
-760
976;-691;-692;-43;-671;-415
