769;-509
-519
774
-625;290;-165;980;39
-419;-359
626;723;820;311;509;-927
-627;-917;-924;-429;-621;175
673;-375;262;-954;844;-175
801
599;168;-906;-987;-957
-97;-467;-394;155
-547
-163;310;-455;599
929;-118;-745;-620
555
211;164;-218;-714
626;-839;470;-859;219;941
50;185;-475;-576
-696;-376
-868;-598;776;-825;-669;-941
-418;-923
-996;-436;580;-445;-814
-536;731;637
-259;-310;469;422
560;-360;824;-730;955;-669
840
-911;990
-369;82;-952;-379
-754;-98;255
88;186;847
913;658;232;-682;-512
-355
594;901;-230;-761;362
-610;995;356;381
212;655
-276;379
625
775;-891
883;965;-488;-221
274;948;-583
129
251;-30;-942;79
-396
674;741;-983;-496;-592
402
660
882;643;-933;549;-253;286
406
-738;115;821;-222;-640
152
-754;145;870;647;525
-677;-106;202;778;-799;-832
-459;894;-847
-883;773;726;710;-368;223
-116;628;925;-527;271
-757;-123;-560
928
612;-246;-361;635;-687;207
960;-866;84;-566;-798
161
627;-839;-923;93;367
640;-114;-361
-801;-979;726;678;-330;874
-757;588
642;-868;54
-686
737;-304
993;-131;-125;-333;141;-367
-180
692
-501;677;777
197;-841;-268;-383;847
-107;494;127;-64
-538;-267;907;862
-977;928;247
801;-346
201
496;769;402;-164;493
624;736;513;777;-876;-799
832;582;121;-301
98;-310;-855;-940
-820;603
-738;806;-874;10;378;635
-387;519;188;845;-687
497;453;838;842;668
887;942;958
740
21;117;602
745
238
341;-727;-136;40;-926;-879
-417;506;-268;-830
-705;-947;-68;-468;281;-382
592;949;183;343;-287
-738;132;-134;327;231;-576
427;571;-526;29
-273;789;151;-90;185
741;-343;621
507
322;186
-511
