995;542
-258
273;-515;-791;-506
343;-860
516
465;-436;-22
407;-825;-619
402;-416
433;727;648
-915;802;516;281;-667
-900;723;-373;-40;-587;-383
-321;-580;-776;-652;-639;-640
792
538
884;-619;-220;-333;-494;495
930;532;549;853;840;427
-967;711;-539;-556;799
-6;-106;761;-608
641;-661;-86;759;567;-153
755;-457;-11;-574;381;206
-695;-217;956
800;-678;90;347
864;882;862
114;-62
464;-546;-883;468;444
308
130;-551;988
-284;-541
641;758;-696;-651;-111
-374;-536;909;686;-624
711;377
-97;-291;-872;-170;-174
325
-756;471;552;-873;889;558
208;770;658;-218;-828
-178;-653;239
-518;-87;636;-623
-82
-596
-871;728;58
-277;261;918;-87;-904
-374;285
-466;-392
609
992;850;-563;-69;168
614
-107
442;-316;238
321;54;507
705;-487;73;-987;-443
118
-849;-963;266;-109
-325;444
257;631
-706;-825;124
639
55;842
-453;-358;24;-447;-896;719
17;1;-457;829
885;-218;751
867;-245;287
529;-981;54
-408
-788;791;-813;-880
-177;947;52;-711;-270
-738;934;-264;-93
-422
-465;-984
-388;-341;559
-881;-722;117;725;78
-946;546;436;136
-220;654
-691
790;-607
698
917;474;76
-193;-387;-202;-237;478;-672
189
616;-427
496;-306
-199
-993;928;881;-130;793
-866;727;-8;602
-273;17;-888;-303;222
207
199;8;-416
-727
65;-757;-965;38;121
-987
962;-851;53;569
-612;-820;-886;41;-219;-288
-484
-997
-231
-842;-238;847
-914;-290;-566
-833;36;856;232;650;574
560;584;41;-333;-608
52;-461;-607
-181;183;505
-468;-12;-29
