18;965;295;-765
282;-382;-415
837;701
-517
773
-465;-370;28;-992
-469;990
673;465;963;474;13;238
-754;68;-137;859;-223;-336
524
-547;-579;133;-935;-617;-800
498;-457;-349;-734
-561;835
534
-554;-750
247;-204;619;-428;-208
-49;-178;-772;-56
-644;117;442;-622;-862
147;-677;184;57;140;-399
-420;70;183;-894
549
-469;180;-154;-364
5;-598;-667;-845;527
-257;834;820;917;54;490
-954;-346;-92;-445
208;-355;839;633
-609;-401;-788;534;-318
-502;200
304;226;51;915;-70;667
742;503;-170
-305;-577;103;-393;589;-238
249;-814
-822
832
-152;476
-578;-675;-217;-93;-559
996;-950;750;-672;975
78
-514;-747;670
-627;-276;-535;606;-15
243;-580
-598
-791;879
166;-265;456;-618;607
-898;-790;828
-351
-870
-193;-99;394
961;-725;-919;952;603
-481;-116;504;-782
132;-920;-652;-110;-606
-614;-439;698;-844;-448
-899;19
-469;6;575
285;-494;94
-513;-885;916;-39;583;61
129
978;471;219
-997;358;-775
-648
908
-402;825;-27
962;458
817;210;-154;298
-648;-783
-642;235
-402;-262
690;-277;-390;-618;747
-667
-229;213;-555;415
-422
423
-130;298
496;184
-563;-995;403;-940;-973;-688
-111;-64
864;-595;-933;-277;-517
-434
434
-293;-135;-520
-977;2;-677;821;726;-845
-467;627;932;-652
732;478
544;-484;516;823;327
865;-338;-532;-550;-151
225;-883;-820
-759;-552;-971;-735
-390;591
977;-870;504;-283;-77;-974
-469
69;399
66;664;379;908
325;-315;795;684;-750
-477;-13
-898;-100;-837;-29;349
-982;777;-30
-759
248
252
-259;-436;995;-744;189
-883;-213;212;-229;-935
