676;439;-538;-795;219
544;-806;908;302;78
101;-311;-857;-219;-604;351
-532;292;-901;890;254
433;-484;568
8
656;918;-286
96;-850;37;-615;-312;-926
242;-900;-568;903;588
147;390;-605;846
663;-137
-180;-861
-19
727;683;-367
968;847
913;236;415
-429;141
545;514;186;-109;-78
805
723;-364;-957;733;158
-723;-662;-189
-390;-503;-599;682
976;-678
-70;795;859
-610;867;398;-607
625;-568;777;-460;956
161;-950;-294;-234;-429;669
-307;-102;550;-842;-602;-543
913;-603
826
321
-68
32;-275;726;-264;440;-331
-76
-418;-915;-52;494;-272;63
-690;-446;30
17;-674;101;779;236;653
857
-194;666;-909;-687
6;-620
-324;-873;-187;509
-849;10;731
108
-898;-748
-662;-984
835;987;-688
-628;440;795;-814;829
439;-281;-490;443
-50;913;772;996;284;527
376
-325;-74;315;974
-738;164;454;-281;-27;-464
-930;408;396
-839;199
-218;860
387
355;-223
-133
950;792;-970;-640
-229;-987;714;893
-596;211;100;565;495;-384
-636;-526
450;-613;486;843
659
664
-693;692;-181;821;-487
-339;-677;262;-687
-675
576;613
-627;-7;-509;973
-116;-614;-694;357;125
655;543
944;272;610;-132;-383;-623
-613;792
775;297;891;589;894;-192
-698
-337;-834;705;437;-928
546;-709;184;301;-976;-816
-404;612;-12
-460
-579;-171;31
227;-873;472;189;-736
-897;-734;909
416;-206
404;-424;-56;-953;-976
-715;-782
306;579;-475;779;-205
-658;148;-38;-758;-26;334
-739;-676;-837;-651;-511;111
-257;915;-420;39;-509
545;-20;630;-106;681;-219
-325;-136;953;956;-448
273;967;-28;652;-864
-166;281;-604
234
-612;375
-961;-899;-404;-522;-525
-484;582;-249;-734;78;-464
764
89;219;747;989
48;528;-830
