-482;-407;39;-618;443
-417;864;-773;-617;442;-528
-547;-20;788;-215
498;276
-695;687
929;878
-342;888;-272
177;20;613;598;-794;-895
225;315
34;763
448;206;-368
544
-154;443
517;-967;634;-731
-705;-756;-340;485
-760;520;825;285;703
403;473;523;943
704;741;502;652
144;-326;891;-719;-543
297
855;-330;284
821;-472;-239;478;223
-819
-369;-515;886;-199;985;-479
-247;-333;14
465;870
82;499;107;-796;-812;859
944;720;691;966;-444
114;-101;566
587
-837;502
2;887;221
-88
-419;-954
-162;-923;236;-272
-356;981;495
641;-375;935;-41;988
784;-645;806;-171;-525;-864
-721;-259;-777;-906
753;118
-258;-615
-502;-695;-31;95
-724;-726;-777;552;523;-493
-209;976;-502;-54;587;334
-884;-789;-22;-555;-606;-335
-129;193;-435;-566;47
484;-727;-215;539;45
-896
-561;161;-422;-301;-799
897
-392
771;262;-327;-762;959
180;-573
-439;314;-988;-304
649
394
805;613
-910
-143
56;792;94;-32
-919
-247;-281;105;-573;158;431
773;-927
-668
785;-626
-216;-201
962;-904;743;-860;732;-255
482;-679;29
-680
354;405;486;236;735
938
-686
685
-83;229;-330;921;717
-113;-173;942;-303;894;-48
-948;-766
677;924;-142
995;-137;346
289;-730
-178;499;-312;376;-58;-140
267;-287;719
624;579;-298;-187;-272
-423;-794
994;325;763;-608
-459
592;196;-838;86;60;367
129;-330;-267
704;-194;-298
-724;404;-407
-418;547;38;-423;647;847
454;-238
915;-132;500;181;-311;89
-732
-641;-326;-780;-29;15
-869;383
749
880;488;891;559;-528
167;76
714;300
-181;-375;-986;46;735
-167;282;682;987
