-777;-764;-253
103;426;-173;669
17;275;40;729;521;-299
-513;775
-343;-776;-75;-478;-384
-265
211;-165;-55
-97;-132;-856;-428;223
-470;661;-585;383
-241;898;19;-148
839;61;910
23
-610;442;-368
-539
81;-108
-515;807;890;126
-122;876;781;542
539;43;795;188
-485;-374;-745;-313;107;-270
-579;-199;935;-959
-777;-140;-144
160;-883;-372;103;442
-657;272;708;678;63
947;-70;200;-782;-848
630;-200;791;-744;591
307
822
208;896;706;548
272;-470;765
-562;181;-955
551;567;936;618;972;510
-166;902;409;-298;748
-691;115
-930;-370;54;-876
192;-36;-458;-314;681;268
-631;311;221;-240
147;-186;-170;363;701
604;445;447;895
-37;-791;-28
-173;-941
770;727;-125
-916;73;491
144;-835;-420;747;461
101
708;888;-826;-412
-946;675;212;-90;766
-275;-758;-825;-218;-335
931;232;-987;703
-112
-193;-231;264;156;-879
370;-84;660;201;553;974
656;981;270
-854;-247;-538;60;-847
-177;-756;884;-489;-701;349
500;-295;106;474;-926;781
-133
120;425;-506;-431
-195;-870;-937;713;-895;-768
-246;999;-650;-495
565;343
-724;-268;-429
-247;810;29;-303;-688
898;13
-370;757;-105;-877;-864;-736
193;689;-452;42;955
-854;741;296;105;-140
922
-156
615;968;108
-596;-72
-915;489;269
865;452;-1000;152;586;126
415
193;484
677
-168
423
944;80;-242;-534;-586;508
940
728;793;45;143
-610;-419;-940
-689;132;372;-984;474
444
593;148;-188;205;861;-400
708
704;-805;-214;-144
-833;-34;-868;764
721;-598;-140;157;318
-865;641;739;-884;-805;-829
-130;83;-613;-133;137;187
-65;729;922;347;78
770;-421;-827
561;-340;-439;-540;285;701
233;873;-955;189;-830
-564;-650;-814
-22;-732
-146;-984;-216;-153;-316;-733
755
-482;-980;-746;-107;-283;303
928;-338;675;-954;-734;-80
-871;759;365
