-593;-176
1
343;-858
-257;-902;-710;-951
778
-289;-342;298;-351;-352
-258;-708;-152;-969;793;-766
-593;931;-298;-635;-956;-767
-19
-562;580
-535
-289;736;858
657;454;153;-989;-303
404;137;511
624;411;-751
-182;-845;-30
33
-946;306;196;-648;-446;-544
-803
-100;600;-825;522;95
848;322;-340;724;-59;591
-161;-407;12
-562;-306;947;477
289;259;-184;-924
-50;999;716;-239;927
-530;690;580;-970;653;-478
-948;-134
827
665;-155;-556;-272
319
869;779;207
976;-146;938;539;478;351
-166;-570;12;-349;653;-928
-481;548
-75;286;-144
-897;-33;861
324
529;-855
147;709;-472;-492;-814;589
644;-364;828
448;-362
605
786;308;-86;5;106
-562;277;-745;668
836;-137;-537;461
608;535;506
56;313
-182;-445
408;-780
769;67;-75;893
-632
-898;-20;-550;6;808;-492
-342;437;-184;119;-921
164;645;-935
-386
-8;-125
-626;237
-145;674;-139
-393
-145;-67;871;-267
-307;70;-759;855
81;274;119;25;59;-701
-563;-372;-712;-859;301;782
435;-121;58;443;-160
-293;949
-498;436;951;-744
-387;-549;263;904;174
3;-38;953
722;-59
130;-283
-420;-245
-562;-354;-388;36;878;799
-291;-950;-823;-907
897;-679;-61
-131;19;-47
946;882;-422;-457;395;95
-419;627;-468;-297;686;31
682
-245;-519;-617;-764;-77
-805;-93;-350;-351;655
-857;-602
561;-504;939;719
-437
-82;-89;-266
-883;-680;-843;687
-359;807;648;-651;764
336;705;-329;-11
967
97;817;-389;503;298;923
-922;-986;-28;-61
-66;932;-461;412;158
-984;-505
432;128;597;-944
-514;-674;-850;-938;-492;-845
914;387;39;-269;-592
274;-759
-105;-124
468;920;-687;558
493
916;604
229;535
