-133;646
866;-1000;648
774
947;341
304;-610;315
524
-528
849;-551;-828
32;378;-941
777;267
-353;-275;904
-663;712;-29
-177;379;846
32;661;-719
85;-215;796;-382
-802
148;-118;-122;-475;858
817;-260;41;-845;-816
624;275;-661;824
307
657;-902;552
528;-840
641;841;607;527
-119;551;491;670
-641;-938;826;-335
-164;153;-907;-720;-992
-918;-792;-412
-241;-435;116;-185;122;-731
-309;644;-853;-150;-701;526
-229;-614
-844
342;758
-533;191
235;844;-510;-912
634;751;495
-418;-50;665;-879;79
993;355;-134;621;-720
528;-114;-391;-295;-846
-339;393;939;639
100
288;-907
128;-554;12;-976
-593;-544
-441;952;-158;783
-695;-190
-383
-435;-974
-454;747;604
166;-328;-233;-201;-303
-133
-347;58;539;236;671
389
241;-930;553
-353;-452;467;-997;-985;-122
-530;-874;-77;221;863
654
999;-251;-604
210;854;873
641;-165;-879
-645;-272
66;921;-428;-476;-269;335
578;-867;-501;-359;73;922
-671
-690;-181;39;445;-286
529;-535;168
419
-930;509
-417;-290;30
-724;-869;-877
-422
-13;-415
428
325;619
-498;706;-359;-616;-794;-410
658;501;507;-895;-592
-993;673;321;-436;126;-384
-978;-307;711;263;-127
803;836;758;-459;-732
-466;300;863
-936;493
191
864;627;-408;823;590
-723;-325;-748;-701
-850;726;-587
-355;293;73;841;-285;-112
-434;-472;730;-668;795;-670
-20;-158;-958;-608
-214
-263;-536;605;414
832;54;-841;-857;762;-172
991
739
-98;582
-451;-586;-222
-293;-455
-735;495
-131;-599;975
931;-489;-585;216;684
626;995;232;638;-192
797;942;-208
880;662;535;-894;-672
