-33;-612;950;875;-924
-898;419;179;-726
-145;-596;-285
64;865;-419;-708;-602;541
540;844;-334;-63;-991
969;458;-397
992;-324;197;166
-195;-420;846;-240
-129;273;-53;902;808
82;20;120;812
871;778;635;-992
-375;648
-103;376
530;-951;-696;199;-334;-559
-88;363
596;790;136;-570;266;-171
-281
672;-667;-30
-97;-665;974;686;-928
-225;353;164;204;-208
546
547
807
338;-452;185;-925;895
-993;944;-405;889;570;573
611;69;182;-391;40;303
-559
-451;-228;-908
-867;-88;-424;-265;-43;-924
-82;-996
-58
369;713
-573
640;-498;-584;520;-972;828
-67;-853;231;589;-575;-416
578
-225;560;-275;-461;77
866;-298;-766;-686;47
-917;-543;111
-658;-230;551
-323;-341;-188
889;474
-674;-180
858
401;-797;-142;191
787;844
-609
-901;-886;-504;-840;920;573
992;561;-682
-867;501;630;-839;-299
343;-56;619;-288
-622
244;709;-842
-257;-580;582;-72;-138;-672
-591;703
516;620
504;557;77
897;-329;570
946;-139;78
229;-910;-718
515;-890
-714;-686
-723;899;-343;59;-12
-341;-376;-175
493;-367
-849;375;40;-720
-181;-464
193;676;679;894
-140
-275;-148;948;-837;-935;-954
-803;166;-221;654;-464
-705;309;23;537
-765;940
-819;-518;-632
178
-694
2;-294;110
677;-23;-442;-365;13;-560
-499;310
-323;-888;186;-715
688;-264;-219
-993;657;542
689;-152;-281;719
-737;-715;730
544;-274;-99;-383
980
579;-365
980;-759;-267;-687
-101;-121
223
-484
780;733
490
720;553;-618;12;-432
-693;-85;-714;-31
-49;368;833;929;-12;990
-67;723;612;712;76;237
593;-810;-285
501
-419;-804;-520;-217;-367;-224
356;660
