2
-337;-581;-632;651;127
-261
497;-469;-582;-38;871;238
-520
69;-614;537
-98;85
258;-427;-30;-591
98;-292;-245;-566;-302
-385;83;843
579;52;-390;559
992;485;-950;-300;829;-256
577;-310;313;990
864;-83;-853;652;-30
-297
514;-597;636
-695;825;-794;779;-190;30
948;28;-671
432;-966;479
690;585;318
-36;872;-267
-62
-578
-865;796
52;-953;-698;249
-501;-519;-458;382
965;-376
724;-390
724;583;-683;653;-175
-610;753;-812;749
242;67;-10;-892
-852
-258;599;-366;287;847
853
563;-886;670
-833;-852;-457
-456;971;93
282;-892
-54;411
817;-578;802;-166
391;-378;351
240;-355
209;562;694;1000;-46
53;71;-443;844;111
436;-582;-238
-193;770;-227;-222
-34;-40;-156;-924
-386
-324;455
360;524;-750
-706;564;868;-167;-953
690;454;-494
-911
896;290;712;-730
931;-783
180;-477;143
272;83;185;540;-110;-559
-926
857;954;140
672
464;969;203;60
324;-185;587;700;782
592;136;-908;-495
-86;507
-168;683;-94
689;-695;663;-666;-909;-272
-502;-503;-446
805;-392;-111;638
-943
-850;755;772;-773;-521;-75
-680;-782
487;718
561;-388;732;47
-66;787;297;954;-764
-810;-143
-961;-905;-233;-298;-605;511
-765;318
243;-950
-230;824;-142
608;393;153;906;958
-377;376;-459
-83;-389;873;923;159
-997;-840;349
626;-135;424;830
-756;827;829;334
772;-414;621
-35;661;459;61;46;-976
-689;-723;57;313;-970;-510
899;744;-350;975
209;-472;-218
-994;-215;984
-985;-265
-337;792;26
720;-627;-534;926
487;-524;271
-891;397
501
280;-782
917;-857;442
-402;-74;-364;-687
-498;978;-420;189
