-514
-249;-779
361;795;895
-517
597;-860
-964;189
-195;60;653
-147;570;607
775
7
-931;693;-252;-32
-873;-10;475;-125
-369;-434;825
468;-442
-285
71;-953;714;794;750;-575
145;326;152;-508;687
967;93
929;-867;-615
553
197;-155
300
620;-576
-114;-596;-293;997;-555
-753;419;-469;-110;606
691;-91;314;-606
964;-936;-233;-364
-148;723
-657;851;-9;394
769;-981;143
-585
965;-312;72;-811;158
-257;-35;-951;-408;57;-272
-75
-953;618
447;-368
-935;-140;477
-674;915;712;-765;333;-607
-550;247;216
-762;-542;-255;959
-81;-466;-213;6;-872
-98;447
-930;426;986;907;-526
-259;-201;-236;955;-989;829
-235;-559;94;335
596;-840;-393;237;157;127
-631
-498;379
-635
-722;-804;-902
535;-667
736;-89
344;937;137
400;835;124;-191
242;899;-821;-855;-843;-47
802;-261;-181;197;-155;510
913
962;-150;-411
273;484;618;-332;127
-149
660
780;221;175
665
512;604;318
-625;645;-432
789;278;808;73
-839;169
159
-177;515;-87;570;-844;959
624;162;-179;-436
-437
738;644;-917;200;539
809;396
600;-27;922;734
-788;951;-348
-714;267
788;-108;956;-416
469;-922
-197;-666;665;843;575
-628;-342
-458
118;-73;-620;-605;-48
-675;-643;-249;-635;205
-945;737
134;326;-280;795
-515;889;812;303
-71;458;-699;491;-832;863
341;-554
-294;763
-220
978;743;472;842
640;934;-839;-762;937;335
-665;184
224;-241;930;-532;-922;60
640;-915;-262;763
753;-211;964;-952;697
976;-709;-968;-812
-991;-912;895
470;543
353;-643;-812;-60;399
-435;515;-823;233
