114;645;694;743;876
611;669
-775;551;648;859
-783
-305;-359;203;509;-63
486;886;950
-609;-297;120;573;-543;735
789;-717;-606
-280
-801;610;-968;43;-444
27
-242;-788;618;587;-559;670
577;385;862
-548
752;-884;506;-411
32;-324;504;120;815;175
529;-931;549;604;-192
757;827
-486;-75
-569;619
613;-951;871;-89;891
568
33;-738;201;603;-189;-991
-317
768;-581;-249
669;-910;303
-33;692;414;527
-756;520;-489;-26;686
-689;930;-55;936;-205;-592
-529;-259;-655;670;191
581
105;-944
-584
-907;-189
841
-867;102;-765;718;-623;-432
-353;276
693;565;-966;-343;-541
260;-853;-122;713;-847
-278;358
452;-89;-27
274;-900;-841;24;-175
592;128;880;-258;260;-1000
119;744
900;-549
-722;-55;427;667;-222
946;-36;884;-475;571
-833;220
-872
-727;215;-730;-143
-694;-75;988;-398;543
738;398
853;713;649;973
884
-616;-169;153
-537;-95
482;-349;-255
-476;78;-239
-18;-918;-599;824;329
-508;333;-719;-512
894
627;983;713;110
-899
133
-516;214;811;-112
216;202;110;-831;702
-920
151
-897;-541
243;727;-811
-177;-978;467;842;-862;-735
-900;-918;648;969;-141;764
-424
-764;-944
-25;-252;717
-978;536
-513;-954
180;134;-123
-803;-822;25;972;-845
705
-850;949;138;986
-822;-519;-794;636;-749;765
-241;307;996;-376;990;63
355;-166;968;986;621
581;-759;-941;718;-303;-527
549;-952;-521;715
-899;-501;-393;297;-12;-239
-546;44;-222
-725
50;105;571
786;964
-999;-200;-780;-813
236
-752
787;682;-972
306;964
-167;-89;281;26;-987;686
-508
-253
918;198;-730;891
567;455
