720;-882;756;-824;-27;-512
518
-295;-736
-165;-344;-269
-536;504;-173;-62
-965;-123;-173;-800
442;-429
692;-679
-161;-391;25
614;-667;-462;-526
136;-410
-866;515;70;-255
-884;710;200
-799
630;106;95;735
-897;884;-921;664;303;-832
646;267;-368
-922;-651
-897;854;-555;-208
-561;516
-946;805;614;887;-302;526
-50
884;-21;535;445
-625;-7;-188
836;-373;-392;-124
-565
768;-486;-679;-329;-202;990
-386;322
-169;744
690;-344;-840;167
-839
864;-213;-149;678;281;-621
-103;-232;968;-560
-599;-424;-952;411;718
496;344;-505
-388;980
-325;-525
838;526
-198;-348;205
802;820
-603;-764
-305;-498;692;-233
343
-998;-632
-562;-323;773;630;759;-926
-977;947;-215;-366
-706;-470;-971
-616;-510
-51;325;-666;-991
-874
-877
-72;-828;-239
884
135;-621;639;991
-722;-759;-552;583;398;-608
-273;-98;85;412
766;-640
-388
-385;520
561;-233;-556;876
-771;-420;-616;-797;-862
819;773;-966;-392;-139;315
-178;-852;937;426;590
675;-511
-962;825;620;-61
288;226;843;605
-772;457;-624
-172
128;-163;-906
963;660;-6;-183;407;396
-385;-179;-301;-94
964;-712;-61
-193
-513;-627;916;-821;-430
-626;803;-342;-922;953;585
-69;-634;922;828;941
-201
-713
-148;803;-453;-874;875
-933;-327;31
-462
32;-513;-240
615;-824
534;-795;-461
-51;772
-342;810
-249;974
-467;371;-948;935;-40;365
-290;-534;616;-557;-990
-993;82;99;-948
-515;898;742;300;-943
628;374
352;231;-284;-254;190
770;436;-502;811
214;907;139
493
944;933;181;-765;-30
-496
-247
-375;345;587;205
606;927
