160;-323;-379;285
221;-479
-433;-324;826;701
341;-344
688;-790;583;-747;-668;-93
-826;829
-772
978;-964;937;-555;539;94
768;-965;-806;-29
146;340;-495
289;5;952;925;-112
780
177;-446
-806;170;109;-255
879;159
404;-938
-648;265;778;-446;591
-533;135;647;-538
-115;147
439;430;31;415
-804
-297
864;-305;-600
300
-82;-724;775;508;94;-624
-234;-170;94
992;-469;868;-454;733;-336
-58
-482;818;-903;-217;125;718
900;85;-264;-783
-953;378
-67
69
32;17;758;-478
-498;-819;132;-940
-293;757;-551;-519;-169;185
592
611;629;378
-163;501
912;694;-878;383
858
-531;707;-36;53;922
-657;-293;856
-713;921;654
103
-104
-583;223
182;-189;-414;782;-255
-883;7
-229;-822;-903;265;204;-671
-856;-857;-603;666;-508
64;404;838;-557;-733;-384
114
-965;-246;119;-973;669
-182;-857;-858;-13
995;981;-854;-999
-982;935;-845
867;662;-892
485;152
313;-123;959
-788;149
127
672;-543
854;312
916;165;57;766;-480
5;653
248;189;222
-354;466;553
-979;980;727;-574
-470;-312;-399
-255;559;623
834;821;985;-766;-432
-295;567;-986;877
-853;-151;-955
-183
608;929;802;987;702
545;-931;-840;663;88;284
-530;-946
-166;88;-909;-334;-671
114;-60;-256
723;-292;-23;823
144;-865;-737;852;377;-493
536;728;-189;-48;975
-467
214
855;-648;783
-849;881;-512
225
-370;115;-506;988;255
739
-722;-440;-25;446
160;231;-621
25;206
-179;325;-391;-167;-508;-592
-724;-310;-991
-673;-243;-603
-153;-283;-61
932;-176
716;301
452;600;-191;670
-883;-141
