-113;-99;-815
-8
-232;-137;890
593;357;934;664;-490
-13
752;-356;-567;156
-20;323;-261;-315
272
578;-131;595
-37;391;-92;13
-891;911
530;-533;-887;-41;-281;-601
282
17;-484;-823;-394;187;445
-355;-713;527
129;-827;602;-301;108
-401;-644;152;713;-110
290
180;-477
848;-309;-156;763;-334
294;-603
-802;-276
-825
-771;-216;-954;-378;105;619
63
-900;725;-489;-330;667
567;-238
304;2;792
626;-493;-208
128;-595;-723;-165;905;781
-330;204;-974
588
-66;-524
847
675;709;-279
-611;-240
596
341
863
614;-344;632;219
-613
405;-1000;237
-373;-791;-71;139;-157;893
66;514;518;797
-140;28
-833;858;94
449;644;-218;-240
-35;-871;-328;-237;-13;845
148;124;-399
-801;816;370
192;-834;-7;-845;-429
-340;-485;791;296;-650
200;-604;-380;651
-934;-479
747;12;-15;671
-292;428
-137
-163;-486
-907
-900;-731;-587;286
-399
80;-79;911
-151;807;-508
-757;825;-476;781;-526
528;-613;-956;-653
692;516;869;-411;27
272;-112
243;-281;40;-779;762;943
561;-922;907;895
625;-516;232;591
426
-350;-848
-944
432
616;-363;-431
-792;716;253
-133;135;167;826;-222;942
440
657;3;-470;550;-135;605
757;297;-478;301;590
848;112
195;819;918;568
-609;-708;-389;-823;669;894
-724;-729;-109;-543;-911
225;691;503;-282;-300;-381
720;-263
-913;-27;735
-215;680
544;439
528;-354;659;-105
758;-392;10;-444;-412
-481
-934;997;408;-699
-338;516;-389;439
-995;-51;7;-220
-35;-267;-603;156
993;311;-552
53;70;488;-333;479
-885;125
-420;40;202;252;910;-224
-254
