-903;-667;286
-185;-554;-428;-317;-142;335
-530
-884;-121;-813
26
285
-529;707;570;-718
864;578;195;699
773;408;937;478
-961;-345;-12
102;-343;438;855;-668;-684
965;105
-788;-758;-487;-493;686
-162;945;836;261;478
-375;317
547;-501;549;488
-311;-26;-780;-368;143
594;-309;-120;168;-909
724;-149;392;716;-958;366
-71
-568;-29;14
-583
71
73
374;-448
75
846
497;-594;980;-344;-877
83
-881;-561;844
721;-628;-180
-470;381
548;132;388;807;-507
92
-349
-386;-228;372;-364
868
368;80;-241;745;941
-369;-868;-717;940;908
-899;535
832;44
46;831
-452;-732;-653;237;-816
868;312;90;634
-939;-413;-878;-832;-640
-353;-83;554
-338;103;25;540;47
-55;-263;279;-571;-796
32;-451;-525;-207
-258;786;777;874;-912;655
896;-184;764;190
-901
-391
-532;804;380
-181;37
657
36;201;-74;-907;-686
64;192;551;-144
979;-22;-475;235;460
922
156
-705;212;809;-987
-33;-114;530;-149;57;381
-772;-486;-952
677
791;-364
560;-148;-844
-296;472
193;113;-850;404;829
-291;340;-966;955;139
183
305;67;328
-466;769;562;-180;39;747
-213;-779;543
994;-228;-651;-523;-812
-994;-180;133;522;731;-668
-984;271
275;627;633;73;-382
-972
-819;311;-464
-898;-967;617;-748
-961;-837;230;999;776
-521;-874;-475;891;509
-565;-376;-153;955;-336
308;-528
545;140;-206
-369;-119;716
-756;644;-376
912;311;-844;110
-747
-917;-857;-766
497;-263;663;874
816;83;-152;-731;-511
224;-531;-701
-241
-865;-50;-788;-587
-65;-263;569
691;296;-43;-189
130;376
-252
240;888;-361;766
