768
259
777
782
16
944;771;19;308;299;493
-467;438;839;488
-792
32;-250;-64
-114;908
245;550;601;-811;-734;687
-689;972
28
-604;575
966;-489;-667;219
148;-487;678;715
816;-457;298;-688
-565;-751
-850;324;-984;-318
-102;858;-720
952;334;543
32;-305;-247;103;969
-181;222
554
307;-598;998;233;-988;-510
-760;-570
-370;788;-381;269
-211;-445;92
451;-10;-496
-561;-130;-684;331;476
739;-665;-889;-282;-779;27
-62
737;914;-54
-576
-964;917;-158;270
-852;394;-539;-861
290;-616
320;176;-566
-385;314
-585
-690;-38;454;200
892;974
567;-892;-573;765;-206
887;-345;825
-858
672;-357;-231;166;-681;527
993;641
-519;-664;377;-61
375;892;-142
709;105;714;-253;621
-468;-72;670;-240
-980;-597;-72;-94;829;29
-482;364
161;-484;-571
655;495
307;-490;889;74;-143;-767
146;563;-923;-684
497;71;-960
337;339;-437;-358;-790;-764
395
-1000;-763;-429
-453;-342;135
915
-310;-567;-826;270
-859;-189;750;-368
886;807;615;-761;492;-605
-411
-211;-310;-7;183;137;-206
-353;819;-314;-444;-124
467;-695;-680;-425;-621
882;-843;894
678
-689;199;748;-430;-768
812;-384
597;102;441;43;14
-65;119;-491
-757;-714;842;443
-594;-99;-805;542
32;-838;-406
-708
-455
-714
216;-13
976;99;-103;-263;-650;-270
210
-356;-368
-49;945;934;-810;477
-220
36;84;213;-954;955;-559
-887;326;104;-922;734;-351
232;-463
-994;316;733;-288
-748
993;995;-937;-303
498;-668;124;285
677;231;8;604
-90;330
-354;-965;41;11
500;-748
440;-944
65;-546;450;164;-150;782
