976;-148;-60
516
521
291;743
807;-952;270;654
-739;230;-272
-751;-544
-180;-861
-485;-934;-73;297;-123;-748
280
208;-482;85;-863
-31
441;617;763;-766
-674;-968;-491;-204
470;846
-835;286
-813
929;-517;389;-141;-94
-386;931;948;-950;536
313
64;368;-257;-482;620
994;-502;-585;-733
803;662;-490;876
-359;793;-494
485;-152;-858;843
-183;-137
831
-132;947;-494
834
-841
-533;-472;-92
-754;-330;-959;-655;831
76
-67;324;-380;763;716
-734;143
-113;32
81;372;-475;-319
-979;-995;-454;998;-192
-89
-35;-616;232;650;347;-671
-605
357
-729;619
448;-339;115;-602;61;206
850;-725;-471;-695;-862
320;303
-673;785;148;389;-490;-528
-372
-692;982;-920
560;-339;926
34;-116;-91;635;-396;574
178;-819
178;-324;-229;-108;667;460
613;-712;1000
739;-27;890;-924;991
272;-962;-165;117;-682
977;-36;478
18;-676;485;-991
-242;-914;-663;-121
662
-152
-997;-217;536
752;949
-614;441
611;597;-746;-895;255
689
-306;-697;-10;-908;974
449;-884
-324;-134;359;73;828;-366
-162;754;102
-695
-705;-482;-323;-67;-59;684
-842;-110
954
-20;883;-438;134;-779;925
694;-648;-907;155
-866;-791;-749;-606
-306;-738;333
-658;-711;-983;394;475
-531;180;-665;-763;-796;-191
-883;-279;-855;-552;59
80;-210;-876;542
-577;-582;-855;92;-846
885;710;-392;295;874;652
-948;280;218;796;893
727
-405;166;716
-326;-262;-6;151;-507;-811
-835;-676;772
-962;-178;611;535;478
891;108
87;-222;366
-236
-386;-763;-624
896;-775;-619;-444;702
272;230;617;-922;284;783
-904;-377;286;-15
-746;988
811;205
250
938;-173
