2
771
-929;675;-263
-613;954;-446;878
-264;271
114;-893
-19;-504
676;85;503;-287;158;-352
630;-103
-529
273
354;-643;-836;-460;237;-720
-179;-645;-150;-950;-522;378
-282
113;-36;-120;-846;606
-390;919;268
661;-135;551;-680;-428
-852;-262;-967;-767
149;-873;-12;189
929;-892
864;-758;534;-347
-105;911
249;-427;476
416;745;-75;493
948;-904
-465;515;118;397
-868;-310;-759;-682
-721;309;-603;699
870;-329;-892;-477
-665;969;-939;477;-927
-478;-607
-449;-658;274
-345;156;765
711;428;-671;111
-595
-852
976;-275;-164;476;-430;782
-119;-75;-220;-332;-878
856
345
-229;758;631;-814
866;771;215;-733
-483;-5;587
356
98;583;682;-236
673;-778
-193;133;376;-425
-878
-136;667;-812;924;509;238
-690;402;-487;886
673;-370;-601;921
74;-380;-831
-6;-109
-371;998
272;-374;473
-337;-549;918;582;526;-767
629
-115;-515
-642;-420;941
-388
-865;-968;-607
-650
-400
-273;896;663;39;872;254
-663
-997;-1000;267;541;830;207
122;30
-739;70
-517;442;796;205;-480;735
-672
416
-725;887
-690
-995;-564;-534;728;-350
-321;-117
54;311;88;-636
-597;158
-291;524;-47
955
-161;-870;586
326;631;873;-315;-301
419;-105;234;556;-752;607
-18;-806;-573;-78;-111;-399
723;-228;132;-300;236;654
-801;683;-783;-575
746;732
206
-200;-520
81;65;55;696;94
-370;-261;776;296;473;590
-679;-63
-466;-498;-626;-582;-137;795
956;557
235
372;981;-811;-46
114;-836;979;311;-810
-563;-84;373;-38;555
-500;-1000;-216;955
320;658;-916;-491;-79
-214;421;473;-157;-670;910
-515;-476;223
