833;-723;373;-302;830;782
419;94
770
706;770;707;-920;-492
791;-969;-73;760;521
614;-623
322;-883;475;862
502;582;300;-608
-472;937;569
-731;109;-928
525
-450;-851;-507
783
-724;195
-131;-21;168
880;234;954
-54;634;-303
772;441;603;-256
32
113;183
-706;-107
-46
128;-515;630;58
-913;754;898;261;-778;-176
814
-487;535
306
-913;-356;806;-953;9;843
-708;229;374;-440;9;-541
202;620
-387;649;617;426;-736
422;-505;-524;-189;-479;191
563;659;-986;-556
817;22;806;-41
-102;351;79
-611;-363;-636
449;649
-332
332
-497;-864
-577;-644;-967;822;-875;619
-418;643;533;-233;75
-259;133;473
720;-802;-997;-582;-736
-978;872;201
-352
-945;-804;-652
49;47
-788;-335
-101
-291;732;942
833;-553;-11;861
-337;848;499;708;313;891
-675;434;-887;775;-524
-366
-641;-6;534
-164;-534;-73;235;939;-32
-146;818;-262;358;-140
294;-924
121
720;882;-952;714;10;540
51;-949;37;-87;-184;749
-913;500;518;377;156
-449;786;963;996;903
912;-778;506
581;-218;841;974
-650
657;-264
-307;84;990;-368
947;743;746;779
-467;472;-956;-269;-974
517;998;-938;953;155
67;310;856;-858;718;-688
-177;-962;390;-683
276;278;-887;490
-450;-615;300;349
-325;-186;557;-719
-836;675;-624;-400
833;821;534;-217;-734;205
709;-442;506;122;810
160;979;-119;-936;349
-754;63
16;-599;398
371;-263;91
-417;-297
460
-995;-835;-566;142
340;-169;-635
464;-466;-291;-915;-968;686
950;-736
98;-54;969;-286
-953;-42
-178;561;359
-101;-440;-971
-918;-471;-909;13
2;-245;-614;425;-829
-513;320;3;-40;479
-705;-483;-438;-568;-105
-996;346;-909;636;926;-512
509
511
