-628;-341;604;877
180;333
498;548;-298;-106;42;-686
-517
261
601;-379;811
-449;-218;143
133;905
988;-718
-615;-183;-793;-957;-544
276
736;-804;-644;648;890;-800
535;-249
311;745
556;508
212;-392;43;95
-756;-217;-94
-812
900;-310;726;554;222
-97;-311;-151
865;307;328;-11;-812;908
-20;71
-885;-71;-456;-220;812
310
-404;-316;-365
980;-167;-222;335;-352
517;-936;683;-844
-195;-168;167;554;268;-46
-402;76
725;-55;342;-361;187
-952;-144
310;-895
-116;227;533;774;-507;442
-802;770;-387;67;-713;735
-65;-999;221
272;-102;184;842;-861
505;987;590;302
-211;836;-27
-437;92
497;-899;-421;733
-833;-213;708;-43;-477
412;-318
-277;-518;485;-791;55;-329
96
690;-600;-537;350
609
-137;-730
-962;979;68;39;58;-542
-449;344
-65;-821;-199;-889;331
48;-965;-550;858;716
720;836;857
753;36;-616;-122;829
880;161;561;713;-380;-540
-645;-457;264;-61;270
-374
866;-728;-313;904;-235;654
-756;-565;-247;-362
-139
818;-960
-804;373;586;-477;-77
-547;-69;-297
-147
-131;475;732;-670;-559
-667
392;905;399
745;699;927;-160
-311;-655;543
684
-466;-245;500;773;473;-94
-431
174
687
177
-791;95
-187
-146;-883;132;757;-240;-320
-447
490;-300
-849;-611;-527
149;469;856
803;756;38;601;301
-257;-197;255
855;825;569
-309;-454;-686;478
294;-8;-414;-478;-878
-717;510
691;723;709;-906;782
723
368;-113;-50;-628;-583;-235
-641;-346;-511
-643;-22;446
-673;-749;-847
-514;-450;-228;-330;782
-291;133;-937;-380;989
-230
851;-518;422;649;619
-750
789;215;268
509
167;-379;-300
