-155;925
980;85;-151;-845;-333
-22;7;-684;-428;847;287
-66;-451;-933;-41;-603;-990
416;832;-129;866;35;552
738;805;-552;281;-731;-813
978;-488;667;-349;749
945;-970
690;356;-765
-327;70;9;138;-31;-912
288
436;85;537
5;998;-360;-40;905;319
-594;-530;955;-639;-256
225;-778
-453;-381;271
-356;-719
565
803;-859
48;-453;-854;-462;813;-943
-513;-247;233;844
-421;-43;-111
790;43
-177;-977;572
-761;126;-464
334
-79
-146;-681;701;719
-216;285;525
-88
-29;-63
674;-163;372;-197;807;-122
945;-900;613;570;-382;782
846;15
-789;-73
209;-147;163;-951;-649
96
-404;-229;-551;315
377;236
-375;-775;-953;606;-144
-157;-719
629;-266
992;-49;-796;-512
364
-111
625
371
101;694;471;-25;888;-734
995;-756;-874
674;35;789;902;811;-272
897;386;-550;558;-656
-417;-820;533;-776;-123;-60
-130;-117;-261;231;-107
960;-290;-947;-758;409;-526
-291;-899;-277;-920;622;606
-257;-513;-949;117;233;-558
-652
-932;390;152;-810;-478
-194;866;-872;-889;-336
-898;486;813
-754;-932;-166;926
-164;964;-983;744;46;575
-261;681
-913;-651;186;507;446
960;-627;440;-778;-940
181
-39;-136;-457;-381;60
549;-408;-120;647;-204;-908
564;904
957
656;979;919;539;829;-910
-855;-238;638
496;-49;946;341
-711
-712
-166;366
-715
-450;950;55;743;663;-478
-914;-52;837;-775;585;-397
753;714;-495
-259;262;968;-510
-311;-812;-253;655
-615;8;152;-266
676;-359;584;-234;863;991
-262;-246;-893;159
986
-642;993;-827
368;-566;-137;713;875
661;-23;-953;-684
-491
529;645;-8;-217;618;207
437;-697;25;506;-510
-202;442
448;50
257;945;-871;169
-450;946;278;588;-862
-406;374;183;-334;126;-191
760
371;501;-824;713
-883;-613;-472;856;345
691;-821;-230;774;-653;749
