-261;280;-794;697;-717;799
528
484;745;-107;-398;318
176;-469;951;-445;-192
870;842;-139;-333;829
1000;431;895
-451;-377;-475
-795
614;-650
293
-130;-819;-325;166;552;-768
-139;683;782
302
-574;878
48
131;966;-536
390;-874;-592
123;-528;-416
565
-311;-793;-537;-718
128;-104;-336
-954;809;713
-995;-149;267;-669;-303
-163;551;136;-208
-985;795;811;-685
-789;503;-185;857;-76;268
433;-692;-320
-469;-679;456;-954;-444;-285
-434;761
947;660
816;-883;307;-661;92
-371;674;-38;-455;654;126
-407;854;-108
117;-969
-497;412
851;-324;-21;741;249;892
-774;373;-968
466;-120
754;374;-858;588
992;-339;-331;-927
-498;919;-26;889;348
356
-338;722;1000
-619
-628;-760
356;901;504;-765;909
209;-823;239
-819;-212;-511;687;-128;607
68;-958
-134;150;-652
240;288;21;-166;6;-7
-898;981;341;-556
1;-706;837
136
649
753;-322;401;758;-762;78
-90;410;-718
-913
-997;-232;890;-639;-192
-420;-548;-586;492;142
434;707;-734
-321;-641;-470
-453;-185;-107;333
-482;70
519;503;647;-906;-607
930;-435;-71
683
688;508
180;-567;825;-75;-190
-467;227;-583;167;-906;620
577;365
680;-860
-693
24;745;-701;-205;831
242;-580;-806;702
698
708;346;-93
-213;132;-139;-13;431
-705;192;-120;88;746
-612;243;216;-313
466
-199;671
643;757;-54;-823;206
226;-118;-856;-250;523
-595;323;-586;619;-798;-976
-389;-859
-353;-537;-409;-205
225
-291;388;677;-136;535;78
675;-253;317
323;-644;-168
820;692
-625;-293;164
953;572
502
-289;641;995;-93;-494
-5;986;-413;-63
-245;-373;569;555
-901;-378
801;-777;28;508;975
511
