178;306;-373;-598;-285
-490;410;76
-459;-320
-700;-335
-513;527
271
517;553;-286
-997;-534;-791
-276
-122;398
-387;-788;-779;141
277
-794
-338;593;120;938;-684;-655
-247;-347;878
-801
441;878
560;761
-83;803;183;712;141;-686
-211;456;649;-763;940
-837;-539;126;942
36;296;746
-609;368;756;933;-744;377
97;727;-505
244;-199;-682;957
-321;513;163;451;538
755;-231;-186;-794;125
-75
-626;-338;517;758;777;-496
-753;580;-170
402;-261;697;-606;-319
-343
-555;463
625;-819;-775;876
-177;758;-232
872;-266
-983;694;-331;523
101
-211;-534;427;-812
-50;-995;51;934;635;303
912;938;970;844;286
-978;-739;323
370;-323;-468;-55;585;780
-341;56;-95
-422;392;492;942
-24;56;-874;59;974;190
961;-67;450;-887;790;-860
181;-314
-481;337;-469;949;343;-812
963;-986;637;-942;-848;-496
-82;373;-727;829
-376;440;586
-485;-215;-248;808
85;822
576;442;-59;206
118;-359;-41;-59;-60
996;567;-650
151
241;-372;-278
154
657;-883;-796;-925
-413
-977;672;-728;-905;-13
96;153;75;91
737;-35;-939;654
-936
913;211;197;-408;185;94
-577;-978;771;-567;-872;-762
-468;664;296;-795;-814;175
-178
-529;-120;-301
-441
-185
-700
764;813;-622
176;533;280;991
-505;953
455;-906
-102;-103;-107;285;654;79
917;988;-558;-158;-735
202;253
455
980;454;-201
211
-470
864;-502;454;551;782;-656
-727
-884;-250;-366
475
192;-114;674;548;455
-897;-845;-543
531;243;996;613;-862
18;105;-622
-501
-483;-437;-600;-424;-862
405;169;-794;-31
402;179;-422;859
-807;73;604;-157;-733;767
-358;-919
921;-650;926;-688
-881;67;840;-282
