816;197;149;-987;-880;-576
901;282;-927
-899;-128
-753;-675;-551;601;956;-95
-452;11;-493;159
467;-53;950;-408;77
263;-264;-523
752;51;489
-994;52;260;-520;-508;-95
-611;99;-85;584
864;-617;8;-270
-876;348
-456;-585
17
-81;200;890;-573;862
-257;913;674;-436;916
914;41;91
115;-69;443;814
-788;-375;183;-825;-222;-304
693;166;-792;537;447
-273;-168;855;-494;61;46
-395;427;-685;111
-632;-1000;-366;174
549;-587;683;989;222;991
547;-24;-232
-850;-244;-805;-711;-872;-395
-250;-475;-80
321;740
467;-372;195;728;813
808
-66;-244;-908;989;590;-320
676;-117;507
-626;-131;665;956;-816
727;346
784;-734
212;726;903;984;45
-99;755;425
96;450;-661;57
-665;264;-176
-181;903;-152;776
530;-854
307;28
612;-407;-232;25;-428;92
-289;209;-436;152;-106;-381
5;335
547;-278;630;775;206
352
98
913;755;-249;445;702;-416
-120;-240
-148;164;-556;-845
-170;988;-958;-831;863
-622
-367
-242;49;449;-709;-426
-887
882;629;-438;649;-62
935;231;-251;236
307;-231;-361;-106
801;358
742;791;680;-28
-228;-996;-393;-58
481;434
-979;-86;437;-896;95
-617;-250;747;349;-80
917
-470;534;247;-42;138
81;17;-822;-680;-586;558
-920
978;825;399
945;-527
-561;914;983;218;-110
97;-723;-698;633
438
-201;-463;479
-358;168;952;-253;189
-851;406
-689;295;203
-753;980;-422;138;251
-100;-870
720;-262
-903;698
205
-18;-226;-28;-959
-270;733
-178;-286
65;724;660;-184;-32
757;478
467
513;-974;-15
-83;-310;27;-367
-485
306;-9;-585;24;-907;942
-486
-417;-594;-358;934;-631;830
-651;411
-129;-354;-70;-715
-161;216;959
-374;-631;-408;599;807;-496
-979;500;778;205
517;-169;-985;109;-239
