499;614;-89
453;-280;-202;29
-516
-233;-444;-734;894
-775
806;-800
-519;633;-463;-176
898;598;566
-593;-118;-359;-985;-265
710;216;-650
404;-825;843;-622;-334
-499;-38
304;836;165
-564;409;985;-860
-180;554;412;812;-158;126
33
-35
-644;351
928;-417;870;199;394;-655
-689;-131;780
339;-85;-171;-124
289;-970;-128
-437;991
-300
-304
-530;481;44;653;942
294;679;535;120;780;-304
354;-691;371;-100;-40;-463
371;-404;25;235;-285
-828
674;611;343;939;-860;-876
898;191
-596;772;-204;349
-693;729;-939;746;-444;925
614;-887;588;941;94
-330
-85;671
-848
-182;-86;21;-152;734
97;-888;202;508
-645;-88;-409;682;123
81;-931;-744;743
227;198;441;-124;877
374;222
449;-502;-230;837;567
486;638
304;-705;50;-7
101
357
360
-530;515;-405;169;-828;205
193;-325;750
-386;-453;73;363;-428;-47
576;813
-539;655
-419;-648;9;254;110;-448
-374
-267;-363
962;339;-951;312;-507;479
-387;499;616;888;-811;605
-709;-78;655
-869;-390;-666
163;180;-23;329
545;789;-169
562;-712;-921;252;-352
305;-267;-446
-410
-260;617;-971;363;-927
-306;-20;-868;-440;-475;-605
-500;342
-375;329;206
512;-311;663;-94;-95
420
80;-465;-627;698;-573;-47
707;-55;602;-734;413
826;652;-285
-65;449;-964;664;506;-157
-178
-369;-615;-475
-232;808;-139
185
-161;-75;939
672;-498;-918;39
-967;-763;-827;-717
-773;104;-303
464
-951;-361;331
-580;149;-822;-392;-618
470
613;661;-142;-400
-222
-19;100;-534;-982;-936;89
852;180;-585;-683;924;830
66;-9;442
183;63
-40;-976
995;964;905;713;682;-171
353;515;-374;474;-893;942
518;-793;-459;-796
528;998;-952;702
255
