17;358;-727;-519;-410
807;345;-540;156
-856;-862;-79
352;-347
64;-279;206
-625;438;470;238
-15
402;-489;361;-554
-484;-551;535;235;-271
-357;-693
-550;-248
848;-115;982;538;-655;-288
960;-342;-230;620;-720
-33
16;-678;-886;138;-160
-865;-196;947;903;783
754;-534;726;-41;414
944;-148;822;-169;216;936
-561
817;626;711;137;-522;846
-259;-566
-665;-940;779
641;-326;-72;-559
21;-200;-649
-329;12
572
-738;-132;-201;669;-944
-165;-711;-409;-317
-354;180;500;-890;382;-400
-321;24;367
-839
-466;2;922;-607;78
-577;867;804
-466;-393;-496
587
-110;-991
-469;487;826
-965;774;-664;-376;908;911
548;-919;759;408;-718
-727;826;748
-242;-86;637;543;767
-906;-204
240;-6;-190;46
321;-791;-396
624;-26;-314;-845;781;-575
-247;-621
-729;169;460
-850;747
-530;-355;-597;-173;269
-107
192;-812
899;-788;233;-219;-511;751
-170;-522;-447
322;-73;924;479
325;727;858
452;950
-131
787;773;694;632;-816;879
-358;-235;458
838;-540;606
834;-975
143
658
405
-706;517;-696;734
131;37;183;-954;-830
-981;-667;-61;-238
410
-502;856;-509
-341;-490;-444;351
412
-881;-280;103;-330;719
925
-641;672;-161;-861;830
-455;-477
-916;-639;878
384;805;-760;951;-191
-425
611;950;775;909
-430
640;998;-344;857;330
976;960;-115;-84;-790
-870;666;60;-78;-223
689;-51;581;139;77;-735
999;986
545;675
48;-280;-479
353;-979;-534;-64
-971
715
48;-450;626;-966;-174;-574
-679;-431;638
476
-693;-552
-807;730;26;-445;14
722;-585;682;431
176;-386;-706;776;-219;-383
504
-618;-157;637;-880
360;-157;815
129;284;95
