-50;644;166;265
880;-406;11;253;-736
726;557
-132;-550;-40;716
81;-357;-678;-107;-175;718
518
434;51;824;-11;763
-679;-617
-165;196;-461;446
-49;658;-999;-62;-335
918;-941
-739;714
-789;252
-466;919;-792;364;511
-355;342;-272
-259;969;-170
-225;387;-827;379
182;217;-574;-270;990
-346;-556;-924
151;141
547;-997;281;222;-352
-300
371;182;-313;-284
301
-613;566
559
720;607
48
205;-15;-496
227;10;-779;235
-917;936;-633;-478;-240
-566
791;263;283;-382;126
628;5;-698;-780;-829;333
-246;-8;637;445
901;53;-215;26;-416;-32
-319
706;526;879
-98;379;-844;-783;766
641;-534;632;-666;250
52;966;-40;120;508
587
-978;645
-545;833;-263;-122;158;-143
-6;-983;247;-153;652;-607
339
810;554
432;-83;523;718;543
544;-197;-958;909;-480;783
-53;374;-412
304;-66;-6;-940;892;-94
691;-86;519
363
-212;-485;667;477;174
-148;403;-918;-412;-269;-559
-867;-857;-266;-684
884
-881;-996;984
449;-38;-295;939;461;-110
-341;249;202;-701;-448;655
-739;647;-205;686
262;999;519;-365
98;-932;-952;-761;106
392
904
581;-679;-556
-908;509
544;66;616;936;-992
537;-687
50;467;-327;-776;-904;57
411
256;-401;627;-760;-29;-368
419;-135;646;-795;-302
869;-170;-543;606;-79
-515;-681
81;-775;-219;-28
-579;-876
-115;549;-758;-878
-161;-132;-636;495
377;74;717;-990
-721;905
451;-137;-778;58;847
738;984
442
-931;-488;-10;666;733;989
448;-311;806;-233
462
966;778
258;5;-48
-116;532;341;901;-927
-939;204
223
-131;676;916;298
640;289;-259;-438;891;893
-228
16;533;630;840
608;-790;933;343;-604
-612;407;-297
-658;-984;-266;892
-609;-898;883;-277;-631
511
