-402;-328;473
-514
496;169;106
114;-150;522;286
497;569;460;15
881;-691;-516;504;-698
98;-301;-574
-714;-832
253;525
587;-606
-50;693;-137;792
-401;882;343;221
-490;-812
-598;568;-812;-892;942
538
-497;-580;-488
-514;-665;-493;-416
771;309;297;876;159;-576
-533;-29
792;651;911
-347;909
311
-578;453;-54;539;-47
-625;-689;217;780
678;150;-316;573
119;-698
-163;-483;868;-887;-713;28
-341
781;590
-348;-765;508
198;774;-250;-557;396;-656
-863
-37;260;102;-430
470;58;506;-319;-608;767
-62;-816
-994;116;-677;-453;-666
628
-507;-491;366
-705;-21;571;-892;476;-574
929;-772;988
692;-935;-648
-578;-570
673;249;-154;-957;574
-290;932
17;696;104;-430
145;-10
136
-500;-117;726;30
680;-28
-417;-658;706;825;378;-431
148
-920
407
-850;-327
740;356;-442;778
144;-556
708;740;-524
464;533;-585
926
927
-689;933;-359;264;778
170
810;-636
-198;197;-456;-888;-623
-178
-261;933;-587;93
165;-457;-394;763;220;653
439
-513;-309;536;-602;-509;444
-738;435;857;-368
702
-296;-156;812;-493;-576
199
203
274;954
974
-726;538;650
945;70;-440;-368
219;252
-257;-466;322;618
160;-852;-184;-746;-557;-94
995
-482;-228;-21;996;853;-634
633;-863
-185;-953;587;-927;-255;735
32;20;-679;-216;-668
753;-276;43;-32
-18;-966;-361;-409;-432;159
-914;467;-812
-90;138;-492;-669;109
-237
-516;22
-386;-248;824;-607;-591
-258;-744;281;479
65;90;-685;-847;879
502
-344;-840;379;556
-994;708;791
262;-392;894
-134;-376
-833;-594;-632;524
