-547;196;183;-635;-223
261
-306;-583;-651;253
-8;527
8
272;-868;-629;762;-396;845
480;728;392;76;-430;-976
615;428
-792
-520;824;-443;-348;876;-926
-356;-164;900;-347
464;-97;868;-166;-599;-432
298
-555
97;-211;53;-726;830
754;-708;678;956;924
881;-787;226;292;93;623
-561
742;846
418;-537;891;-461
-881;-99;-566;117;347
60
582;422;-152;747
321;-602;-46
36;-997;873;-493;254
-78
609;-450;904;-908;-78
-419;-995;984;-331;141;285
837;741;966;350
597
-298;-270;-463;175
-344
421;598;-671
-522;588;143;655
564;-893;668;781
436;165;-699
309;301
99
513;193;-615;966;392;957
455;-815
-371;277;-778
691;790;-679;56;573;-815
-34;-682;-416
364
621
-387;-811;62
-961;335
-801;-642;397;206;974;-767
-951;151;-555;-351;-719
-453;437;-200;24;445;382
-532;134;-333;156;-574
755;836;-953
-211;-838;-843;-700;-608
-673;68;-184;-25;763;-78
-453;-182;765
675;-743;-8;712;266
193;853;181;-22;477
-257;-54;-348
336;-194;-277;774;455;-939
417
233;-910
-300;-124
-802;-261;757;732
32;-717
487;-760;490;-235;-924
-721;66;-649;969;-351
-785;-71;551;-429;527;639
-946
-385;-737;-786;932;324;-557
960;658;516;-999;-329;-365
-595;-164;-628;997;575
-579;-999;535;-168
-868;680
955
190
769;555;-877
-450
-356;-117;729;-60
-715;-492;-271
455
883;-426
-275;71
-403;-826
973
560;-55;-968
86;412;990
-468
-70;374;166
-660;-324
-674;707;612;-862
-474
994;-902;-279;-919;-141
146;78
663;-872;284;-557
-362;-122
18;-717;-559
-546;389;537;-143
826;299;-780;-317;-271
-545;-987
118;-121;255
-629;772;-397
