-931;275;437;-550
-332;590
129;-565;-586;731;-160;447
689;-76;-349
688;673;-170;-378;-302;-496
338;-954;777;623
-17
-795
-284
798
-722;-114;-184;443;-735
288
-755;-957;142
-273;644;-54;983;-763;-573
754;-85;-630
-773;507;223
555
-433;-594;-552;255
-737;853;829;893
566
913;-243;-725;-888;696;188
-904;-474;570;747
214;9;-541
610;707;182;-411
-194;-917;-26;813
-722;914;259;-102;-761;479
-977;-773;343;1000;541;-976
-609;50;222
-40;-72;26;939;509
338
257;-196;789
-113;-817;586;939
-870;-842;810;298;-718;719
272;-771;-309;717
256;-757;-615
656;884;-807;729;873;-447
-867;664;-589;-334
-101;-693;932;-998;502
258;-442;-174
289;-355;-739;172;-494
614
433;341;-345;363;-176
-738;65;-489;543
-628;262;-380;125
-404;-213;885;167;122;-447
944;450
-628
-325;710;-794;-621;398
-593;208
-210;-201;617;-43;222
755;291;-600;-576
-644
-162;-323;-259;-822;-263;159
296;-943
-904
-405
69;198;215;-888
-669
822;328;553;-779
-456;-730
176;-916;-150;-552
358;315
-630;-922;845;542
736;-708;-182;407;-457;-474
-679;-425;780;812;-64
252;174
70;7;296;969;110
-173
80;-593;17;243;12;670
-943
687
-52;488
-915;498;-292;-421;-332
-950
229;-47
-609;737;485;-476;558
705;247
-443;-768
929;71;-126;-431
61;-255
-196
-756;-804;-637;-48
-947;292;-582;630;-871
-717
241;-754;-149;340;-265;123
720
768;-324;100;212;477
-739;677;527
979
437;-966;-330;382
341;454;-921;-649;-988
567;-77
-630;-924;-478
899;773;-683;-749
-646;-441;330
502
-247
232;782
-867;969;-864
676;773;426;379;45
135;120
