-693;-518;893;366;-48
883;790;638
-922;-523;413
-778
-577;417;-713;105;-526
-526
272
-530
21
71;-892;796
893;413
517;759;798
283
673;-981;-234
-551
244;-219;-155;-365;-573
-974;-95
727;808;396;-398;-208
813
145;34;678;-904
769;-695;-571;-588;526
898;-852
-196;-875
-211;-756;405
-522;667;267;-719
643;534;11;911
-820
52
976;-884;390;-616;443
81;232;-233;-26
-754;707;-392;-840;-250;-576
-342;-486
291;-671;959
-758;-335
582
375;89;681;730;-444;-848
780;942;-880
225;-342;325;-796
-612;41;202;-989
-753;71;205;559
384;-978;883;36;789
-211;103;519;-377;827
-737;496;588;-254
851;789;-454;-745;426
-371;-357;619;-652;861
528;466;548;-454;-207
916;5;583;-236;382
-116
642;-724;-10;463
119;360;-9;-587
-408;920;474;157
500;-616;-345;-428
-979;168;10;-797;-61
126
562;-435
128
-628;812;207
-274;804;-528;-176;-992
-97;325;969;-650;366
-993;-661;324;488;-331
-632;-969;-602;730;381;686
790;-314;189
722;486;-827;286
162;-900;772;-424;999;830
-322;-707;-671
-170
430
-434
-947
-153;-172;142
466;679;888;200
-979;-324;-87;-539;459;-256
624;3;-921;-154
-801;660;101;697;302
-707
-458
-795;-176
-203
356;21;-568;-378;426;-317
461
224;-409;-633;-299;492;-350
-865;81;-885;-774;376;-444
248;-715;-253
574;-111
473;410;93
325;651;-255
-594;-405;261;997;-490;-491
-678;488;-202;301;814
-866;689;188;206
-853;-648
594;-937;121
230
288;454
-747
-391;-103
-706;277;364;558
945;434;-132;-495
928;-963;-523;619;-575;-496
-306;667;396
231;-735
-881;-260;-981;487;874
