-519;-766
-261
-519
353;343;-542;623
66;711
16;699;-589;-829;-78;766
-738;725;-441;25;204;-303
674;648;-425;-666;89;-43
873;90;-988
-371;964;-71;-779;539
865;-72;-440;-109;-912;-640
-948;900;922;-700;-320;431
769;-101;468;-618;-283;317
-613;-54;757;-825;860;173
964;-566;686;-288;527
257;193;105
-99;644;24;-14
-91;45
-276;933;670
307
-310;-895;-896
-258;609;635;862
-965;391
-965;444;-253;-62
544;-259;-294;135;-59
-130;322;724;437;764
673;-594;758
-881;689;263
-546;533;822;166;-392
921;41;-748;-542
-692;965;571
-706;517;103;-809;-975
-641;-137;698
-594
929;-702;878
946;359;828
-627;-778;-12;-976
-161;-610;119;-843;205;173
-81;-546;-235
976;577;845
95
-993;-567;-632;-557;93
-947;-883;408;-474;-111;-656
400;-33;-955;-60;-543;575
-361
105
290;-805;-277;954;698;270
-689;99;-748;605;-656
816;65;84;484;-316
241;295;93
126
469;682
645
48;-696
98;890;925;526
-45;-94
-723;582
133;-619;475;414;511
560;-396;239
-917
-418;97;851;356;286
406
928;-54;317;-271
665
-923
412
413
-980;-502;299
-450;-502;-22;555
966;477
513;-147;-597;-553;-186;-991
-273;129;308;-968;878;863
476;975
-427;203;-719
-803;19;-22;567;-281;89
-175
390;556
-922;-603;-860;156
915;-363;651;-509
448;-438;-985;-747
-226;182;-271;-640
-447
-229;-604;124
-781;63
900;588
471;-365;-654;-687
-274;40;-861;367
731
1;375;489;925;990
547;966;-713;-909;334
529;929;-599;487;-522;173
576;601;781;-959
-492
-739;-521
403;-182;-715
898;72;-219
80;557;-463;-671
-756
-453;-629;-486;457;-159
615;600;828;255
252
