-20;-343;-767;462;-112;783
144;582;200;-409
-39;-224
-929;321;85
305;979;869;264;155
-229;-614;597;55;-943;-416
-15
529
-897;-33;259;-136;874;207
280;-558
-865;-695
451;283;604;222
-74;-698;954;-684;782
-808;265
720;726;-136
-644;884;815
-17;-377;827;623
86;-344;871;957
-198;59;430
-979;-887;-288;319
-819
-467;-837;-539
-403;-564;-324;-489;-281;986
563
564
-566;247;552;809;-988
549;-376;653
912;-853
-909;335
357;652;-957;493;-607
196;-265;-666;-96
531;980;-838;854;845
-521;-973;-765;654
836
954;653;765
-659;210;837;-295;727;-896
314;-684;959
-695;-920
-401;19;645;-104;-844;764
-502;841
-42;-90;330;-637;524
-603
208;594;-581;137
-81;675;-55;166;-811
-770;662
258;786;10;333
-402;-789;215;-715;43
-657;872;924
789;629;214;-362;127
736;401;171;348
-113;162;-440;-46;559
337;372;741;-828;205;575
816;-85;711;440;-362;140
-215;-891;-44
-276;215;956
297;-970;318;-543
1;70;317
825;332
-36;484;-361;-670;-320
-405;182;715;412
-596;406;328
-389;917;638
-129;-103;888;-444;957
308;350
147
-33;-136;-748
-705;-569;-156
-403;237;13
967;-395;862
227;357;-359;955
264;749;142;799
851;591
-641;786;25;762
421
-740;84;596;-105;847
-673;-65;833;-706;-153;331
-289;-133;-269
692
-226;-35;701
199;234;-622
-706
-596;534;839;185
-917;455;-283;508;943
33;162
385;-466;980;390;-320
96;-180;-374
-771;39;-889;904
3;-406;197
928;32;244;282
135;-89;-767
512;-530;-741;232;427;-365
-666;-828
-564;515;-421
560;17;-68;-664;633
-469;953
405;-441;811;478
97;-986;381;-495
-898;562;470;-729;-233;585
-243;-233;718
-625;136;856;492;253;-351
-441;185
