1
-454;-829
-881;-563;-311;442;541
-323;341;374;-27;268;652
880;690;754;724;855;-57
24;-42;299;972;-735
263
723;390;-457;890;767
560;373;366
-949;-967;-411
535
-490;989;126;-15;-640
798
672;-978;-750
512;-533;825;331;445
-303
968;877
-403;-615;374;631;729;107
-145;786;-101;996;825
-787;-371;904;-121;138;-592
351;991
291;-408;-459
-64
419;934;841;-80
-182;-950;-634;-94
582
165;390;798
-883;-595;820;694;39;-408
-8;728;121;-252
-753;-898;-357;-487;-143
536;-458
-888;329;779;-797;239
81;-131;-212;-846
948;-139;635;-336
802;826
-769;-178;583;410;-731;-688
-305;-500;835;-893
513;-181;-631;397
-358
-497;-117
-872
17;-359;-455;-843;-512
880;114;-505;921;-492;-559
976;464;656;-99;667
-658;-983
-915;311;391;-713;-861;-624
770;-742;-922;-750
905;-571;542
-387;-692;-69;475;-589;-384
690;963;-356;-86;-779;446
-986;170;331;-141
567;572
-52;-603;459;510;574
260;-294;135;363;396;28
-891
-420;20;789;104;47;-160
381
-639
836;-598;277;156;-862;318
-122;252
199;-239;143;543
896;-291;387;583;607
480;115;-789;-710
-516;387;-616;89
912;-371;52;536;-217
146
-243;194;456;329;747;460
608;721;-933;782
157
162
241;579;-70;-170;-458;42
-484;535;-186;556
961;756;741;-24;-477
577;-691;280
424
641;758;-300;-798;893
938
-676;500
-265;-74;-908;364;-62
-946
624;292;628;686
-498;113;-406;-653;316;-80
-833;196;968;378
976;513;745;13
-458
128;-133;207
-549;916;-694;822;855;138
-465
-21;742
-500;536;-813;-973
82;-726;806;-104;233;-762
-402;-132;35;-752
81;914
-721;-214;-831
963;362;443
-291;525
749
832;644;359;24;-668;844
275;550;-360;649;-623;-991
-647;-622
-258;-325;-567;-461;-685
