744;779;526
150;583;-457;751
172;-944
516
-817;321;-695;-650;555
-578;258;-42;-813;-62;207
560;476
-467;-938;127;-528
913;866;530;13
533;766
-724;1000
-998;635;639
-385;-289;-466;40;-970
-391;246;75;462;654
-998;-62
-598;-663;-537;-697;187;990
-546;-978;-151;-185;26
41
433;-291;-616;264;-284;-829
-995;570;203;331;447
-562;65;-873;-635;-364;-493
261;886;-921;557;30
464;-823;201;-955;762;909
69;489
-513;-755;754;-559
625;-419;-996;117;623
-690;-775;-636
-707;-88;-27;-957;445
833;105;142
833;-8
-316
18;-848
-616;296
-961;2;-391;511
-757;828
98;-984;44
240;816;645;842;669;703
76
-551;-407;983;-939;-701
-850;995;295;-538;-669;429
-81;-662;-296;329;-60;687
787;-871
325;-105;-26;-492;638
-89
91
672;-498;737;493;-800
261;534;-122;681;988;573
529;-522;605
679;263;953;510
198;-346;44
-361
-197;840;922;75;-510
370;-659;708;677;442;875
-673;677;-217;585
320;567
-388;-760
129
322;-685;-797
-545;641;-325;621
-650
395
-497;-705;386;535;426
-787;707;933;424;718;-48
-821;248;413;317
-207;-720
-228;-852;-601;-719;-64
913;813;-543
-369;853;491;-47
833;-643;367;-720
130;-937;-985;731;-894;766
529;451;-266;223
-594;865;-933;265;412;-445
-942
-851;-310;-471;683
373;584;844;942
-852;-277;11;-348
352;315;-224
956
-550;776;268;718
-788;-424;-684;924;-832;591
64;608;17;146;632;-255
700
917;53;-442;942
-385;-697;489;-522;-138;-222
-356;582;-443;-734;-16
-451;905
-203
576;-113;881;-340;-795
-242;-372;-871;921;-160
-41;-176
-379;-608
211;599;551;108;287
-179;-85;-519;854;-300
1;979;-453;-824;-281;811
115;855;-216;893;335;-208
-401;996;923
176;-102;-823;75;-958;622
761;586;956;-270
-758
-761
960;659;394;-734
