-627;597;286
736;369;579;-406;9
946;434;66;-838;327;-153
977;-884;550;-751;414;734
-946;-213;629
786
-795;814
-22
-23
-386;903;186;59;29
281
306;722;-535;47
-287
242;183;-313;-96;-48
416;127
258;797
-707;-677;-823;-441;-139;446
-977;434;-787;308;437;-989
-301
-787;661;422;633;-430;-190
723;245;-73;74;364
660;-328;27;-416
-756;419;-886;359;714;719
-570
900;-85;-874
643;-519;-439
916;934
977;-340;-708;660;751
98;756;245;-491;-380;92
596;-919
-162;-931;547;868
945;-935;829;253
928;-853;682;-667;635;-398
-643;-421;-55;104;687
583
840
215;840;-649;-76
531;100;615;-42;410
451;292;5;-413
-88
-99;866;-229;-791;-971;878
266;847
614;-264
-352
244;104;-921;-233;-782;462
663;974
-617
366
-657;-229;-957;-830
657;578;414
-948;-192
-35;-228;23;123
-616;-269
886
258;628
-482;-517;-855;-570
229;-862
-262;639
467;-966;-392
-659;-35;-249;713;-363;717
755;53;233;110
769;405;-345;-141;-46
-904
161;519;-782;765;-16
-136
-141
-498;900;421;-682
544;707;-295;-63;-751
-529;400;-307;473;268;94
243;758;555;127
-52;-378;858;76;-912
436;-936;-216;-973
240;-909
-669
364;-782
-674;253
-167
114;258;998;-585;346;573
224;52;-958
-817;645
120;-938;-362;730;271
982;-921;586;795;-653;-606
-981;734;238;-688
545;854;-922;713;-735
928;-161;-386;915;-73
-485;-301;-701
210;770;-324;-916;534;703
662;478;799;319
-962;-723;-867;-222
561;-835;196;-38;332
-802;-36;868;295;120;-224
608;-995;-864
944;-289;740;950;-457;394
-483;-675;-1000;-382
495
241
-49;-514;-866;165;662;-664
674;-919
-789;-480
-765
802;219
