-674;130;-422;971
-774
517
357;789;-505;152;233;-763
-180;569;-910
-758;-600;-286;-159
-993;-117;-874;-846
353;-330;-74;-221
400;-633;506
788
-21
-482;759
543
858;-267;-624
896;981;-797;-558;-623;910
-555
-556
609;680;-953;-175;398
-548;568;796
801;819;989
852;503;-937;-112
-657;-994;402;827;-398
569
-706;513;302;463
-318
853;-74;-460
-67
985;635;-269
-753;714;-939;940;622
-311;904;810;-45
612;-277
531;-839;398
603
-105;42;204;239;735
529;595;-776
961;374;-136;-600;811;219
865
448;497;758;940;-112;383
-290;961;967
480;-643;267
789;631;-841;-684
-996;-391
-364
48;316
366
-914;-940;877;525;-174
-263;-680;600;-686;398
592;-644;68;8;702;-352
-113;-564;23;490;542
-993;-840;-697;105;378;-382
867;263;-746
-152;-752
249;345;666;299;-703;47
-259;-901;-454;536;766;175
818;979;219;653;957;-928
652
-273;193;-890;828
-433;916;966;-540
-651;795
-873;-796;-12
-487;638
-69;-439;-188;287
-762;-160
308;-329;686
-155
-670
-114;184;169;-891;683;-447
-805;293;329;107;285;463
803;-455;-585;-124;-60
566;-732
936
-161;176;565;470;398
-684
124;-815
99;-859;-956
-808;-795;381;958;-176
451;275;580;197;429;303
307;852;-313;-384
-305;-437;534
210
-645;-485;919
-966;-615;600
464;548;-797
304;225;770;-246;186
643;-952;11;76
19;-20;-359;121;-895;-112
-735
862;-95;991
102;-280;-814
68;-538;-830;47
-865;-867;-948;85;-631;686
-177;644;-230
494
-433;-964;564;326;745
300;-799
288;-660;-727;759;954;909
513;613;637;-815;575
57;-558
487;-734
596;132;-344;891;748;-493
225;-38;-970;-539;301
