946;-900;374;-185;-794;302
-225;291;-140;846
-84;-697;-31;-991
610;-212;355;-421;-408;-704
15
-629;388;518;-223;-624;847
484;-997;791
116;-237;-429;189;639
-537
330;-140;-604;-637
712;-428
-145;694;699;-445;511
-293;214;984;700;-238;462
614;-487;166
-163;715
-833;-490
-811
-467;819;-118;-169;-206;-416
450;755;-950;-731;284;-878
-325;-296;317
-818;-663;-9;-96
753;-985;188;606
707;117
318
546;-467;-262;-395;-589;335
-545;-774;-281
-488;935;-700;397;-464
839;631;-330;716
-162;-533;-572;-590
-968;-746;-141;766
-835
450;-382
649;447
-260;-420;838;410;-239
481;246;-141
242;-915;535;808;668;-749
333
-629;-473
-131;-970;972;719
211;126
-306;-274;642;998;269;-990
-658;-35;-964;-72;-938;-236
-599
644;585;141
92
608;-702
880;824;905;556
385;194;565;-457;-783
-487;90;492
-501;141
-977;352;-308;-868;755;424
321;-516;-101;661
881
453;25;665;794;-286
-885
16;871;765
-599;-288
-376
400;374;-142
-133;759;-123;-382
-291;-100;182;-174
-388
-66;-834
851;-904;-9;57;-160;-736
-359;-825;-986;-923;-112
-770;-136
-908
-132;-522
790;382
-385;-165;-469;-810;602;-973
-196;-188;668;-126
927
418
-963;-740;276;-454;-39;984
562;-308;-565;-823;703
431
-658;981;358;615;-542;-320
816;489;668
464;817;936;-393;-91;-15
-756;676;470;-888;826;878
-737;913;563;-837;135;-477
-959
662;-232;-891;908
-18;-514;-215;301;253
-34;648;-636;-988;-63;622
-452
711
-644;615;-58;-811;-591
-355;-182;101;-31
-727
686;558
-323;262;-696;536;953
-69;-181;-557;-349;-862
-805;-934;-486;-140;591
737;291;581;677
705;-324;-774;-519;206;-303
448;-313;-637;-511
3;-325;-390;62;479;-80
-68;261;-652;-780;475
673;114;491
800;-424;903
