464;-614;150
-914;401;-518
-866;5;614;-396;299;-432
162;-147;-24
15
-562;439;138
-993;82;-677;-409;-970;-892
-82;-978;-38;-699;-190;431
-230;-558
-116;782;127
594;-917;862
-285
540
437;661;-537;492
624;145;-884;309;364;-528
-513;49;-516;664;-714;-539
-582;7;537
-135;987;-77;-430;765;-560
195;38;-795;522
-301
642;468;165;-364;811;-909
-885;69
-315;10
-610;802;178;-548;-167;-217
131;-597;-933;-700
-337;904;509;-512
-515;-891;-446
-611;788;932;-93;-957
513;580
-754;-499;116;580;970;170
-179;-935;682;507;253
635;717
-699;-269;126
-75
112;-472;153;-845;-47
-913;-132;6;602;76;285
881;852;293;-670
846
-161;641;-755;659;-48
513;311;938;-910
-866
354
-308;867;-711;252
784;-310;935;-397;-141
520;-509;78;351;431
-675;-86;-428;620;-495;703
497;611;661;-383
914;728
80;849;-230;-696;714;-607
438;605;61;31
-547;707;-732;941
-697;-379;-812;652;-254;606
372
737;-365
-410;426;970;75;-367;191
-529;705;-58
-729;-521;-490;846
839;-714
-130;595;-841;122;683;-301
720;-851
596;-938;987
-722;-196;212;997;-939
741;-935;-200
-397
910
-595;-997;-187;-924
-385;-50;-479
-582;536;-170;874
411
-450;742;633;10;-524
544;-833;-418;-56;506;-412
737;-134;-924;-541;-63;-768
933
934
130;-516;-250;-714;926
914;419;710;-824;-876;350
432;-249
309;85;-105;-732
-533;89
-998;421;-895
194
-769;-205
-681;-732;-592
208;10;252
-727
256;-754;-105;-895
-475
560;-85
-735
401;-133;40;777;-92
997
-488
488
112;-754;355;-202
929;76
-369;-248;-187;-797;-687
-579;570;-763;-493
500;341;-86;534;-650;-142
249
-337;-170
527;-16
