-770
-993;-753;945;226;701;-896
67;-1000;937
261
-242;40;719
544;-793;-172;685
-353;-433;-754;-579;731;-926
930;-822;-664;-845;876
325;970
498;-21;-459
-561;-88;669
540
-257;1;-295;390;252;-126
9;235;830;-527
-292
-209;594;695;-911;-719
-676;124
-585;-412;445
-810
-44
814
469;602
-705;544;931;871;793;174
307;-812;446
737;360;-187;943
614;218
-36;-980;889;891;-926;-928
-948;564;613;-956;412;895
-594;-962;536;-842
72
-73
518;-848
704;-820;-604;-829;-750;-336
-115;776;537;670
-589
96;227;-918;-59;-62;127
-483;84;40;425;377;-109
688;415
529;195;196;-134;-192;255
149;446
-84
984;892
-513;-54;-379;90
-772;-263;904;872;-506;621
-340;-262
601
373;742;-760;-89;-43;-832
848;497;452;917;713
308;-921
-226;18;646;-504;-299
-153;268
-118
-308;-42;-31
-812;686
-612;248;203;798
-273;-739;162;-301
638
594;303
-823;-407;841
-627;-548;778
397
-232;-957;-253;-495
738;179;-119;-648
-834;-341
-153
-318;-95
416
678;983;-844;-144
-483;194;-136;-346;538;63
-788;-263;879
172
850;440;-347;-508
-421;997;135;-381;-511
-956
-186;954;270;-512;943
551;919
-788;582;-200;-43
229;-726;302
-369;-947;995;-791;-599;747
663;-860
337;-471;813;798
-392;-575
-55;-656
-150;-489;-589
-37;244
632;-844
-980;-981;-812
674;-518;-56;-364;461;-671
752;566;-842
-223
-993
-481;-243;-191;431
485
753;354;-140;-220;765
-181;-710;-986;953;-620;284
235
-33;32;-488;-907;-317;-62
-742;-220;-494;-638;62
84;-458;-636
337;-386;-771;-191
-514;-509
