768;1;580;-777;414;-207
-277;535;-270
-502;232
-724;484;118;507;142;255
400;519;-569;-395;63
276
-564;456;-825;910
-993;-578;-215;231;-266
30
548
-203;-604
609;181;518;427;95
898;674;-299;814
295
-275;-787;40;297;171
-578;-597;550;-89;-96
-842;-736
897;-471;807;-248;-685
-305
-451;18;717;126;-720
-438;-267;493;797;125;111
341;-396
227;-662;380
828
934;392;-570;843;492;-751
-565;373;183;473;829;47
-616;-729
323;507;366;159
98;234
565;23
-787;-742;102;360;-252;462
-646;169;-333;-815
348
-977;981;-582;407;136;-316
94
577;-758;-582;695;-286
-947;646;-313
-871
-705;-424
-129;231;519
528;662;-328;-991;495
-964;84
-593;736;102;710;-843
-369
800;101;492
118
474;76;-750;-943
-120
564;-684
3;822;807;-232
147;-807;794;652;429;957
964;566;-426;-460
18;406;-247;103;601;542
-656
197;-122;394;749;990;-16
-742;-142;734
152
928;-835;-867;-919;-526;-752
923
-422;183;-942
-927
417;-627;-229;-268;-750;-240
-258;325;-838;-327;168
115;89;-368
-680
-403;711;361;604;-256;943
353;136;-543;990
-722;35;516
165;649;121;-763
-333;-575;14;-80;-224
708;-566;-103;-759;297;249
-359;-186;-367;-31
837;919;-301
553;347;-463
677;519;-10;26;13;494
-977;131;-790;133;-895;-864
288;824;-236;-430
-369;-353;-237
396;-590
-519;375;104;-780;-910
448;-802;71;-203;-736
-577;868;-493
-803;627;635
-753;582;902;743;857;-334
-228;-454;203;-62;78
-551;-936
-68;387;-263;-922;-671;-464
-520;986
-664;-959;-688;303
-359;-951;-505;317
-481;416;919;-474;607
-474;-779
-439;951;281;-781;13;974
233
723;-41;-874;841;-413
97;-856;264
-753
231;-733
672;967;-622
763
81;-429;93
