36;-533;906;-416
845;142;-975
291;323;-24;-316;253
193;103;-281
-272
-338;-71;-522;921;-411;-365
274
628;470;970
-371;-23;-74;-798;413;-704
-562;-341;838;966;-191;-687
74;974
-284
508;-224
-724;-182;109
510;79;-48
-899;-244;760;969;-970;-671
-915;-772;867;-777;569;223
518;906;-96
-646;694
-818
706;-424;-622;286
-258;129;652;301
-834
-214;966;861
533;569
343;-427
-344
-88
-625;386;2;-789;-24;-575
-982;-505;602;-556;-221;287
324;-648;-474;92;-414
984;283;-429;28;254
-533;-693;188;541;142
385;-286
305;643;-469;-777;-650;335
388;245;-615;519;-639
736;-373;-344;-521;749;111
-874
-875
-499;-856;9;650;331
-402;-722;-932;-363
-833;-823
193;-418;-363;-876;396;943
-325;-743;-791;555;923
-177;-962;-147;-463;-47;895
65;-967
390;-780
290;-265;109
-483;-423
-614;888;731;413
-655
789;376;-511
514;371;903;504;-970;-154
-358;758
-660
-595;-390;-140;-559
-259;498;-644
352;67;-393;-988;555
-409;-634;-654
90;778;843;-525
-932
689;-876;-380;685;-542
18;149
914;-933;807;-957
149;-831
704;-194;941
197;645;-170;412;-656
-478;301
305;-83;-888;-536
-469;-90;219;-574;223
948
544;-433;838
896;757;-187
145;647;423
-969
640;388;-150;-393;265;731
-972
995;793;-490;-975;-784
-33;321;-711;-857;-973
-852;-490;-299;59;11;-944
-212
-725
353;-968;-202;617;-271
935;-464
162;-982;-568;-877
332;654
-929;-226;820;765;302
114;-344
692;-503;809;-987;731
-769;576;227;-682;-604;252
-428;-668;95
747
290;-55
112;-434;-290;259;600;-11
-968;-809
-793;-474
851;-311;-41
-503
-897;-18;226;-375;-904;-73
178;70
786;-291;618;-604
