673;-835;-328;-330;556
-195;-618;25;777
271
-355;-950;-825;-490;-538;-704
-790
740;-763
278
-433;-680;-24;345
36;262;-791;780
87;204
43
242;460;877
450;-676;835;341;-440;-207
-642;546;-264;-426;-828;541
872;28;941
227;-169;252
881;691;724;-192
-313
912;-499;981;230;-348;317
58
59
-354;37
448;836;-648;-586;523
-695;-392
-916;-954;270
-931;-93;957
-361;-989
816;916;-508;875;-300;575
920;686
407;-250;509;-239;366;47
-539;-47
-843
-614;101;-311;-23
-54;-265;-448;-752;-608
870;-954
-934;-75;875;-974
-600
803;-459
-836;-630;885;-665;-426;558
33;516;-133;677;344;-832
-95
-866
-513;611;598;570;111
-769;717;-543;831;-336
-614;-254
-869
-115;-919;-472;893
-409;-973
-401;585;430
-104
-899;242;-711;797;-303
-883;345;-554;-298
624
-115
-630
-886;725;422;-633;301;702
33;455;-957;-174;973;815
-381
-641
385
128;611;-405;613;469
-742;-683
-453;373;298;-171;523;-717
144;530;-276;-250
-337;708;293;270;-272
1;661
757;-185;-745;-762;526
801;-88;665;10;557
-924
-951;538
-609;932;727;903
-164
505;477;462
-938
916;23
-322;-598;69;743;-376;-458
52;-999;-894;-639
-688
-321;-689;-357;-936;73
-737;-217;-922;669
-466;-546;792;409
-590;782
795;-992
-118;-137;-970
-769;-963;-12;651;-142
370;-628;283;-749
243;-612;-309;-503;198
355;839;45
-403;-341;967;-426;-269
-838;567;-169;-73;233;61
-694;-39
145;-66;-579;-149;-136;-208
145;-162;-148;-73;719
-403;550;-191;-271;542
225;-974
-65;-289;147;-677;-939;-720
-244
529;-210;953;-317;60
-509
-725;470
-722;-194;404;7;953;-960
