-952;105;604;77;-606
-370;357;-104;-10;522;-656
436;279;695;-875;238
-524
524
71;329;302;526;-704
-786
115;-412;315
-309;-325;-922
534
160;241;949;-827;-240
343;-633
422;-712
244;741;102;-329;347;-303
-666;-798;142
650;-93
-562;900;-231;-349;799
834;50;3;-904;-298
-581;22;59;-77
-100;-584;521;463;-880
-274;-51;-231;743;-512
-674;-164;-276;-124;207;-64
72
82;-905;-381;285;558;30
-721;128;807;889
147;388;-455
723;150;-201;-80
48;-994;342;-39;204;-413
118;39;443
601
-90
578;791;-254
450;-148;486;-185
867;532;-901;-277;-519;396
-997;892;974
-289;2;37;415;-64
647;479
-519;-216;-297;-95
320;41
849;-948;549;281;-539;-560
-498;-502;-919;58;-349;-718
850;693;-379;-796
-724;883;-775;295;-650;858
342;-223
-337;-727;391;-425;-508;718
-561;-275;322;85;252;-464
145;-920;619;542
-998;-159
26;108
-738;345
433;850;979;200;748
-626;35;-61
-134;-519
542;111
-691;789;-554;58
398
752;-661;135;381;31;-240
518;-600;871;-778;940;733
676;-246;986;-240
156
-146;-202;969;-781
164
-916;750
-837;677;665;895;303
-885;-56;-235;-575;814
-163;883;580;437;-790
695;183;-888;351;863
-67;-294;-586;766
950
-181;308;-711;552;-410
-707;263
98;-613;-966;266
-274;436;153;-124
-596;-840;217
-291;787;-839;-698;63
-168;378
-759;-989
644;-173
723;393;682;-43
-563;676;516;183;-682;858
1000;-954;622;-192
737;677;-154;-492;-990
101;-631;-254;302
-521;-43;906;654
362;-523;940;733
389;280;920;-332
128;-595;55;701;525;-576
-866;727;-380;812;206
578;-824
-151;-823;-471;686
247
260;680;568;-58;77
-193;483;724;-535;794
-691;676;311;-268;733
421;-345;446;751
133;-383
-339;54;-734
-132;708;-837;821;-310
-763
-561;-376;586;-157
512;754;212;505;62
