-804;-297;155;-79
-690;225;661;-199
-259
258
-469;-816
881;484;-583;70;-218;-896
208;-337;-855;-718;46;-912
467;997;-392;631;-941;270
-10
528;-482;-611;-488;537;-267
-818;737;-760;251;124;-830
-613;888
-535
-25
-500;-922;-398
433;-723
563;-271
-390;73;121;940;575
-772;454;871
-533;488
736;-322;245;137;-173;-671
-864;-208
-417;-664;615;347;845;351
896;869;-176
929;-201;-315;251;414
-521;73;201;813
569
-826
-706;-802;-440;922;-315
317
537;-475;-79;-48;-512
-980;-652;29
624;920;186;-940;-208
-305;161;-823;127
-934;156;445
-645;-870;918;535;683;-704
-275;618
-563;150;58;-508
-245;375;-810;-331;477;175
148;581;-637;429;862
753;888
-869;823;-575
-465;832;254
-99;-445;-591
513;872;393;701;959
-274;-788;99;-164;986;29
-369
-610;-807;265;-508;-620;-141
-121;-729;-811
-599;-56;647;826;335
50;308;-693;-232;696
-649
-906
728;-762;-651;-558;461;-383
80;677;919;-251
-289;27;-77;396;-782;318
-260;435;1000
-193;-964;148;-342;780;-94
465;962;-697;958
784;721;441
675;584;-846
-758;-249;-763;-555;-364;-288
848;-594;245;808;681;478
-613;-101;-734
705;-483;-515;-840;-249;957
20;918
-275;-141;653;190
-801;689;-157;-254;94
-819;324;341;-475;-587;-749
-323;581;949;661;150;714
-567;-120
-83;706;-332;398
-290;-439;217;380;-560;511
-327;-120
496;-149;582;286
-915;651;523;446
-706
449
97;867
713
686;286
928;673;-636;396;893
657;-50;-886;-150;-822;-751
768;-214;-764
-403;-323
-792;-958
882;327;187;-159
-230;-359;-650
-217
-785;-456
496;596;-823;-504;-74;526
-529;-502;812
-422;-57
993
-449;849;-899;-214;-796
743
-561;882;932;-702;-319
-323;361;-315;506;-976
-749
884;510;-640
-691;-312;424;553;-939;461
