611;-836;-806
451;836
-945;347;-269;492;895
433;164;-359;-665;874;587
-893;-654
-290;849;-568;-11;799
-849;183;654
-897;690;212;-71;542;-207
-657;671
783
-979;682;-652;508;124;845
-929;-789;102;829
6;-285
320;-708;923
217;318
-498;-806
816;488
-66;-219
-68;99;-422;-263;-153
-300
-625;-886;-847
309
56
-210;-855;-425;748;799
630;666;124;-848
-822;-775
345;-490;413;-383;-207
-482;401;884;260;-998
386;180;-635
-244;309;-566;-696;-444;284
-739;917;-263;-187;-524;206
949;154
289;-420;-987;797;-272
-940;-316;-269;-862
-87
-962;437;182
-836;452;-101;-379;-251
-609
-422;890;746;-109;-752
-583;600;858;556;974
-979;614;-120;-281;-185;586
108
-881;883;741;199;-344;-970
657;-20;-249;239
886
579;821
-899;612;-982;-713;-714
-55;-121;-250;780;-495
544;579;811
654
-818;-678;-455;527
-754;-402;-229;-39
265;267;892
452;-342;-143;-624
884;581;-950;-663;298
473;764;-574
194;825;-702;607
-242;709;-903;774;76
-594;-292;835;-406;-72;-400
-421
-690;122;732
-678
880;-803;-614;959
962;963;-999;-408;-686
987;718
-793;954;331;702
-721;311;120;-300;-623;271
-430
688;-949;-375;-506;970;602
673;452;-151;-445;-158;61
-486;521;654
880;147;936;-556;-397;-576
231;971
-950
437
-195;677;357;-567;650;-735
-152;361;-653
-194
416;612;-172;876
722;500
-979;-756
833;-598;-919;-285
-386;-99;374;-861
-498;-474
180;237;-847;207;-752
726;766
266;972
-130;614;-960
192;849;-183;153;233
-849;209;-312;-233;857;554
-819;118;-816
-626;514;-459;861;-527
305;361;-429
-184;-266;-396;924;-318
-757
145;613
-929;56;-650;795;-941;140
-506
371;-948;-953
-241;490
511
