-769;-945;-227;164;-712;-329
929;754;-474;-411;-27
544;-708;169
-211;-774;198;-487;-527
532;-797
-337;-76;-109
659;-405;-438;-778;972
524
-465;627;905;-989;-351
-308;-365;-624
759;455;792;831
-760;-89;570
-243;-38
-113;-664;-696;105;318
228;408;888;-908;-77
-829;973;398
-33
707;317;-222
160;966;326;-123;-269
180;622;-767;-352;-496
400;161;-212;-304
707;-631;86;396
65;-114;756;806;458;636
-772;-805;-74;-269;493;-926
181;733;-527;430
-102;293;744;524;126
677;813;-927
-920;665;905;683
-129;277;-458
-315
148;-742;-490
-259;-62
-627;535;330;-172
-938;-413
211;742;759;-873
-770;465;-726;90;-668
866;935;473;12;157;190
497;-787;-773;-518;811;844
609;748
-49;851;-463
48;977;199;-72;-42
192;-693;582;-316;-878
961;-827;11;-701;-301
-785;39;655
-604
-529;-899;-426;61;-95
113;293;-682;-686;606
913;643;-653;989
-887;271
-595;50;901;-584;-73;-60
576;307;201;-974
-817;-226;901;877;143
-627;-344;-25;-186;813
229;503;-463;-640
-552;-124;-464
18;789;277;581;-716;703
-865;724;-360;138;-109;844
736;-115;-388;840;328
724;-921;650;-331
241;-581;-650;-413
709;-327
579;839;-171;-95
113;-613;-149;-268;-830;846
-210;882;733;782
-243;-485;-438
-97;405;95
-920
672;481;-821;-806;406;732
740;182
576;-802;306;-236
-424;8
674
424
400;18;-661;-426;-43;29
-307;-755;147;-646;-414
-774;760;876;605
-737;-219
-807;952;815
-322;770
962
-695;-12;253
688;-234
969
754;468;-854;584;-873;125
460
852;-89;-74;285
-324;331;540;174
20;-742
642;738;597;285
114;-775;812;-880
-465;-419;466;103;-136;667
293;-768
-222
-823;854;-471;695;735
881;852;862;-975;911
-66;296
-644;629;41;-938;253;159
-667;621;-382;831;-160
502
727;-810;556;653;-623
511
