-385;647;503;-841;540;-463
179;-116;-997;-605
242;-438;712
528;849;-602;-781
774
-982;-582;279;766
-309;421;-155;-43;651;-301
448;625;-473;-542;462
521
-370;-443;-703;478
-265;648;873;762;74;-540
-481;-34;758;-782
-934;693;-812
797
352;65;-183;136;174
-114;770;386;270
9;-42
33
-469;728;-634;668
65;116;-219
864;231;-744;61;399
46
658;-611
-546;-311;458;349
657;777;665
-821
468;-778
774;137;681
-70;88;-591
-708;-981;404;-59
528;149;535;-891
300;-366
-194;-931;679;12;367
-837
838
496;292;389;-864;15
-75
-555;-765;477
-85;-184;345
-647;-455
-977;-677;808
-693;-491;-176
-340;981;-122;74
-873;698;-172
-483;706;290;693;-859
-611
144;-586;955;-157
-535;-328;264;-271
-340;804;164;-60;45
613
-161;-207
-76;733;478
-341;-171;-63;687
-902;-493
-642;921;604
737;-622
292;858
-177;481;846
-551;122;347;-332;860;972
496;-117;615;171;511
404;-266;-267;314;-523;-576
52;-262;455;-254;-143
-636;-543;-767;-768
818;-501;93
34;379
507;-158;-191
20;661
-356;422;-750
-244;-905;-890;812;798
241;-674;291;827
689
-436;-510
-353;-505;107;-877;492;445
443
754;106;-411;202;-207
739;451;-151;-847
817;802;-339;-359;-729
-453
-455
153;636;-991
896;-772;-119;26;171
514;-917;69;794
-499;707
501;-488;-280;-889;-139;574
258;-486;-746;617;971;-141
353;308;244;828;-669;-589
-991
735
882;-245;-298;634;-700;719
432;470;-808;-831
872;968;859;-924;-781
928;704;-354;742;-681;424
-295;535
-286;526
866;-245;-791;-73
756
-359;859
849;994;196
713;-124;428
-979;729
-763
