86;-56;103;25;-416
-865;788;904;-378;-460
-882;-584;683
527
-901;598;492;-208
705;183;-989;-944
917;-249;859;108;-79
535
65;114;-155
454;553;603;975
-795
759;-602;921;-843;-702;-847
-291
-497;198;-254
-867;135;1000;-105;-842;123
977;-299;-411;-525;-303
-152;-777;459;-61;-910;879
737;-344;823;-985;79
-994;-261;430
371;-971;31
307;872;843;-429
641;882;871;-907;362
-791;728;632;-255
-409;92
-114;-631;426;892
802;872;-443;623
900;745;218;-556;815
-67;654
993;-981;-118;135;-827;-47
-678;-935
435;152;-922;-511
-673;-967;794
590
554;443;908;-797
945;758;440;-283;-638;398
346
934;-472;-940;299;527;767
-39;987;13;-623;-944
-177;527
-95
182;-360;348;-270
359
-801;593;197;5;342;-233
80;25
723;952;-922;-783;-80
622
832;984;603
-452;951;537;794;77
215;-589
-597;982;647;-399
-721;-114;959
638
19;-311;535;649;-254
-179;-774;312
-777;345;-382;719;479
-673;-946;577;-182;-281;-672
-872;-797
132
949;-104;57
561;-275;-422
691;-908;-478;525;-223
-241;-785;-722;-837;393
911
625;-453;471;268
-309;-618
801;-457;298;442;-158
-202;619
-675
385;-104;-665;217
402;565;24;715
428
196;-485;-904;826;541
-721;-354;-986;-43;-573;-830
64;-51;134;-11;299
721;-533;-624
-626;817;-486;890;-158
-950
249;-235;-813;990;-383
646;536;-413;-749;431
-840;317;-47;799;991
306;918
931;-389;-904;328;813;702
203
193;-405;-409;-858;937;333
-9;-207
548;-950;85;442;-301;397
746
-610;-340;-714;-747;639
-70;-985;1000;-859;-702;-670
-533;-855;491;-141;-208;-272
369;493;-624
385;376;987;539
18;-678;-861
-39;538
-419;175
897;-36;90;604;-798
452;-286;847
-435;187
-354;529;-627;195;22;1000
808;-299
-551;522;572;479
