-513
-836;438;140
529;1;-533
-850;82;777
-68;485;952;220;-333;-735
268
-498;966;220;-960
-916;-253;-896
385;-856;536;814;-863
-725;-422;726;-990;111
33;-822
642;-841;-592
775;-749
450;659;453
741;310
-812;15
-967;55;-264;-171;-654;-590
-705;965;539
145;985;411;782;-240
641;997;-216;698;223
-90;-463
-810
-371;628;-22;279;-472
-375;631;844;-799
928;399
224;341;588;-847
-54
149;-974
-774;-968;376;539
435;325;-444
-577;-550;-985
-261;344;237
481;7;492;-430;30
416;-547;-99;883;-583
-882;-985
628;-711;782;911
-997;615;887;-558;-878;-687
112;-963;294;894
339
262;-332;-237;732;429
481;-330;-495
160;-98;-950;-939;-123;-445
603
949;-519;183
-616;474;236;12
-210;317
-366
784;-868;-461;-541;719
-225;-440;-985
849;292
-259;962;314;382
259;-68;440
-594;472
-306;-771;-837;552;761;478
609;-20;-797;-367;-319
-242;-275;-136;954;-685
-407;22
643
784;-466;-183
647
386;-420;-872
-904;970;842
-866;852;412
913
-213;-703
-152
480;181;-750;718;559
422
-530;-425;-618;638
-402;-870;649;-315
979;965;198;-663;920;-688
411;-813;-288
-757;-702
818;-950;-559
-964;692;662;361;-76;15
-306;678;-810
-698
-354;609;754;-957;-831;79
-241;-851;-936;-923;-683;-652
-995;626;-166;854;382
497;-482;904;-474
-619;428
788;-983
176;-627
149;-858
-214;678;537;939;-558;351
454
832;395
-500;-186;475
785;-631;811;44;-542
-404;-635;-460
65;-691;792;907;-990;653
-433;642;788
404;-583;442;-317;141;143
641;-972;-238;622;-544
-178;414
-211;-819;837;-893;253;335
360;906
-854;620;989
673;-597;-87;519
-545;385;917;777
