-258
171;668;220;-974;782;-864
-227;824;942
-849;-946;-850;-932;-782
400;-385;-500;531;-566
161;-661;-536
-673;-999;104;538;762
530
-343;-828;127
96;673;469;61
-20;-679;-602
-609;-420;-615;-396;-285
256;528;-146;412
-216;823;28;-96
-540
-980;436
23;168;-159
-913;-787;-500;3;-812;415
-593;195;-37;-681;-717
-634;362;826
944;960;-870;-823;712;655
-609;401;-724;-667;733;911
293;87;-334
304;-969;-361;-283;750
385;-85;-251;444;-189
-888;-187
512;-323;647;-332;316
-61
896;888;458;636
319
304;-793;-298;-59;270
-257;-84;267
-690;50;839;-153;799
-787;243;357;-407
-836;822;310;-491;111
773;-952;617;-619;635;910
-691;-232;57
-291;596;-361;-298
-354;456
292;-399
274;89
364
-916;116;-40;840;78;-192
914;223
-770;-691;-868;-469;-907
-786;-520;-104;-762
225;418;-421;-325;-294;-751
-275;-105;446;-192
25;829;301
565;-953
578;-85;663;-460;-559
653
391;871;8;-863
-354;-359;490;989;-608
928
849;164;-551;474;255
-424
19;-72;135;602
-900;-197;-648;-394;684
-209;705;309;550;103;253
560;833;163;-357
947
-33;595;901
-517;-360;-844
-342;934;-825;-335;382
484;-379;12;-303
433;-878
-371;-324;-52;-101;-365
-998;294;507
82;179;228;-438;-248
-354;-803;-167;95
-849;-338;-276;-953;-861
460
-770;38;351;-848
973
-975
-84;485;-490;-571;-157;-670
210
-882;348;-957
53;-806;-22;456;699;-848
4;405;90;-286
-730
987
354;709;-584
369;278;344
741;762
226
706;855;201
-775;-221
-70;885;886;-426;-747;-299
804;-454;599;-376;810;-893
96;-579;824;667
277;-521
475;-720
-902;398
-49;-818;-83;-355;260;282
-632;441;-891;575
658;348;526
-551;-8;812
-435;-727;139
147;516;872
