-67;-196;664;573;-975
403;-664;-509
-775
635;-621
709;-695
-356;885;599;59;445;-336
-386;402
-917;-508;795;-668
-283;301
-787
209;-597;919
-178;-615
-971;-846
-201;60;-429;-223
-485;-326;550;285
-915;37;343;-569;-460
-209;-531;290;101;938;-48
480;208;878
993;-152;-41
676;932;793;-858;-142;686
368;-769;503;-63
960;-194;466;280;-239;303
-706;882;854;-600;-728
-298
123;892;205;-656
-163;419;-471;-752;911
-279;726;-426;-750;159
194;632
-646;-522;-940
931;-359
470;-632;-333;174
-373;-263;663;-348
577;948;-631;-906;-11;-301
-353;-490
-592
918;-728;-43;426;-655
880;770;742
-738;930;263;327;-844;-541
91
-291;894
422;553;-26;-156;-189
607
-321;-820;-888;397
-738;961;594;773;-152;-62
-642;-675;996;103;332;-990
147;-38
-982;149;645;-394;-557
33;851
629
881;-982;-39;968;284;-736
598;-666;700
121
-932;-37;-824;841;330;748
21;376;409;346
577;261;310;-139;-877
50;598
-911
-657
-35;436
-627;275;-56;-488;713;-480
-455;-169;-554
529;195;-821;934;-992
87;-713;-298
-194;-915;-859;539;-780;254
115;-772;899;-9;699
-707;212;-582;-88;-799
992;993;-388;-244;357
-433
947
504;-687
277;998;392;-972
-977;-828;-14;-671
-673;-282
547;567;-954;-845;-861;847
483;-201;408;728;-720
369;-455;-376;537;477;-366
-980;-871;-920;270
-882;-982;-715;333
294;424;361;-618
197;440;-138;-763;-571;-652
-673;-938;506;-188;140;-848
-306;-434;562;-170;-27;844
378;603
727
-477
476
-242;729;-954;-266
-962;372;532;380;-77;751
741
-754;-663;-428;845
385;-776;-936;792;652;-350
-746
491
-323;-171
-238
-791;-376;-427;922;-829;237
289;-738;-275;-986;-42;-542
678;969;-698;-430;-768
-497;849;-260;580;857
-705;755;100;358
-129;-755;116
