132;141;-272
4
981;-827;156;462
888;653
868;934
641;418;294;-61
621;-159;575
624;-902;167;-928
-952;940;604;221;-190;-607
417;-39;-824;-186;-926
-465;-522;-318
562;-844
516;90;748;-15;223
-614;330
-625;597
-721;-590
131;-679
-692;277;680;-556;157;95
-721;-724;326;1000;813;-655
261;-758;344;-878;734
406;56;-700;795;509
289;-746;158
-977;114;-356;52;603;-508
373;701
-433;372;-759
944;-276;-37;570;-379
906;-846
319
-358;-251;-736;-192;-576
-594;915
-17;210;533;805;-185
854;492
816;832;-674;-409;-538;300
218;490;-782
-130;266;-60;767
-101;-198;135;-473;-350;911
-913;-115;-743;716;-751;-319
-23;-617;521;-747;-748
807;-200;-57;-90;-989;-64
80
788;597;-806;-935;13
-593;885;-648;535;471;460
4;506;604
-806;-887;310;-250
353
467;655
-743;-140;-734;494
148;-617;649;-77
769;-152
-467;830
-241;810;-749;205;-399
-886
-612;807;-829
-891
35;663;488;796;190
-85;133;1000;-668
125
-401;867;-522;-59;-271
387
-644
-389
-67;-292;196;792;-843;602
662;-272
689;81;-420;44
980;957;749;270
-404;-763
641;23;810;206
400
122;-268
-114;-868;-39;824;280;63
395;-799
-123;-287
-999;-903;-457;521;-367
-661;-151;326;73
913;-932;725;535;456
945;852;456;504;732
-595;739;-184;-635
-482;-132;427
-446
-614;-488;-112
209;361;699;-124;-445;-510
-774;-699
963
657;50
964
-456
641;631;-617;584;-329;828
834;675;-647;505;396;-272
212
546;484;182;185;873;506
-695;477
113;-533;-567
-736
-738
484
881;289;-403;546;452
-490
-947;837;347
-578;-837;-109
-725;394;-795;187;-702;-912
-81;588
