500;-967;-187;911
-913;-14;429;495
-262
6
242;534;-752;495
775
405;741;-667;332;-800
-244;740;-389;949;558;958
16
451;-359;-623
132;-151
-961;-246;-506;411
230;-907;399
-162;139
823;-171;652
-99;-375;-320
541
-295;874;731
-98;-830;638
-133;422
-853;887
-145;132;-728;551;409;330
594;533;-716;347;-317;364
550;-892;-893;558;383
551
-321;-467;146;87
535;231;45
-307;916;-952;297
209;755;-635;-637
420;-555;-943
497;312;526
-569
-228;-534;679;-761;-762;-252
277;829;-272
145;676;-741;-234;-683
585;-922;-730;-286
585
945;306;-580;-598
-721;-147;-499;-69;-809;-908
594
514;930;-825;473;923;-909
-545;-530;722;423;-158
-993;-243;-20;-760;-121
883;792;585;395;253
-709;-134;-381;684;191
-642;-88;60;-960
94
-244;-681;573
950;120;-876;-303
415;607;-400
-981;-923
566;-474;-975
-917;-992
546;-680;392;-252;-895
633
-487;-156
39;-172
16;977;882;820;-249
-728;-121;-832
-85;916;-362;957
147;-551
-900;-644;326;954;-30;-880
-283;-924;542
-306;885;871;-527
-388;-469;700
-423;9
-245;-570;396
-897;915;-438
736;-34;-755;963;-490
502;729;-554
-674;-8
451;232
675;420;-807;140;-606
434;-741;740
786;-362;9
-261;437;-747;-157;-478
518;-959
338;-471;-648;-187;781
-755;-200
-611;771;-534;-314;-719;703
-995;324;740;-886;518;494
390;-843
160;-484;-244;101;-344;93
-241;692;-101;-839;553;910
99;-566;-408;411
-210
-982
-66;546;820;776;750;-47
938;-205
-482
-505;-490
-561;465;-598;-984;426
-546;-201
-589;702;638
800;305;764;-350
418;847
677;985;-748;-158;766
-834;-355;98;-649;-315;-750
-481;594;-711;375;-8;-784
-611;-411;-254
-741;-648;23;-873;-907;334
