-322;882;-560
-194;818;-403;-151;699
131;-372;-246;-810;268
938;347
-613;-933;-429;-78;510
-270
678;905;-544
611;38;391
789;763
-184;-345
-18
1;529;53;894;-432
-689;-102
-826;-362;330;13;-718
288;-697;-714;-955
961;-163
-544
464;292;-857;651;766
816;-86;429;-430;-176
242;627;296;926
-180;277;-400
438;455;-589
322;-483;210
546;564;219
161;962;-387;85
-918;-920;-554;346;-317
-498;454;315;-333
449;707;698
-579
-443;511
514;-795;205
-469;969;-861;285;-256
-848
-146;980;-491
-962;-35;-500;-117;-155;-368
95
-929;293;901;-220;334;238
-273;723;-857;300
-818;290;83;-677;-12
-291;-75
-769;754;-822;298;732;428
609;-873;-331;298;-283;-811
-243;-892
800;866;151;535;-492;44
-37;406
-183;-187
-803;550;-169;-974
320;-154;429;-479
-243;-70;542;911
307;-476;286
-89;-542
-290;-420;-356;-422;-870;444
-383
-662;-489
992;433;789;-744;-639;575
352;306;978;243;152;-877
386
-455;587
177;-229;441
212;182
464;-708;-967;783;-992
-866;609;474;-283;-587
-660;-585;-633;-937;365
-130;-722;-243;-908;318
448;497;-51;535
-920
-515;-899;595;646;1000;862
482;440
-18;726;-184;-939
-59;923;-703
947;-295;169;-986
104;-330;633;-814;-527
-642;817;-8
545;675;902;518;345
-806;789;-359;713;77;-591
467;917;333
-529;-881;340;708;-727;392
-737;-388;357;316;398;751
186
-466;277
931;-452;853;-183;-43;874
-49;311;-187;-92;-944
803;-265;88;-427;-908
354;-634;990
529;-595;-585;191
467
24;-237
978;834;219;43;956
479
-737
449;737;930;-918;280;796
-353;-551;511;-96
103;-336
-609;375
932;-553;444;-77
928;-178;211;-598;-601
393;-893
-757
-50;154;140
-468;820;667
787;20;-197;54;-409
