514
-833;56
289;-884;-900;-165;360;267
211;743;-617;170;525
-67;78
-689;-630;791
-985;-827
-276
-99;887
664;-746;107
-548;8
-406;-888;-526
288
-162;-706;-603;670
-327;807;120;-282;-651;367
-613;884;854;375;-681;-528
-721;-291;370;-854;894;639
-808
-438;936;313
97;566;413;766
784;-242;-791;935;904
311
-683;-175;-480
-278;220
577
-307;631
-583;-639;-384
865;770;947;661;-1000;-379
545;-595;937;-922;-301;925
305;629;152;-494
432;-130;9;539
439;-523
-209;-372;-344;-27;-158
-884;59;-461;687
834;324;198;-360;381
-114;535;-874;331;732
800;149;-588;989;285
868
752;530;-499;-453;-951;-252
-625;-439;647;311
-132;-367;607
876
-111
657;503;826;428
576;46
-885
-625;-268
-894
-326;198
212;504;-971;-683;-989
-801;-433;230;-907;301;-831
-579;-342;-839;-887;462
-950;984;-684
626;389;182;459;-751
-305;-119;-74;894
-145;898;-612;-286
178;-643;-245;-725;-554;-462
-675;693;-206;847
-819;194;628;-343;-40;-537
659;-36;-549;-200;-287
211;201
472;-634
-566;-359;249
-721;769;474;923
-67;-531;69;950
-513;451;-873
44;334;814
-109;-829
59;879
-979;838;-999;-776;-763;715
228;106;-512
-227;-687;478
-338;162;646;479
-278;-672
838;-935;-169;-429
440
656;809
-338;-788;-424;-825;-367;-528
-482;-290;410;-348
-947;-899;872;-842;-989;558
-442;-302;-735
-295;906;-813
144;676;295;-138
-481;693
562;-839;203;-399
-954;-237;348;110
-224
-611;516;-920;313;203;-239
-227
-145;566;422;329;45;-222
741
489
577;246;-813;991
849;-184;-586;409;-362;-366
130;920;-394;-157
800;-873;494;-47;127
-872;-572;831;367
210;787;-421;185
380;893
506
-481;-422;-663;-989
