656;-85;-791;-524;795;462
976;434;502;237;157
624;-34;665;-939;-350;30
517
96;-275;-830;222
-541;942;-383
-773;795
-698;140;527
515;-968;-217;718;495
742;938;-143;-735
-945;-370;-52;-10;538;876
-465;144;32;-66;-868;-607
-65;577;-453;237
-866;950;-743;-920
524;287
819;-951;343;-767
304;244;584;664;812
-629;-188
544;-132;-521;671
784;466;22;315
496;21;-682;778;-47
594;-917;585;-335;-240
289;931;-854;296;-606
672;-227;978;-718;477;158
-486;-134;-872;-572;-814
112;97;-527
-326
944;-707;616;-186;173
-113;692;-856;-859;426;783
532;697;441;-796;-256;479
-79
256;869;588;-576;-800
-497;-305;744;-505;217;943
-857
2;659;-752
615;649;876
605
900;-966;-540
862
-753;327;-923;-637;-416
657;-259;326;585;698;394
262;-72;666;-960
-369;181;-331;-284;605;814
-468;-825;-606
-289;913;738;27
-711;-168
-99;-554;541
960;944;82;284;-622
823;831
433;-306;-290;194;811;556
244;453;534;-970;-157;15
903;-525;767
-870;614;-376;571;-832
242;178;956;285
416;558;-591
807;344
450;-950;-539;398
-578;-152;792;220;-414
256;-898;771;260
902
-906
-379;-784
-259;-809;-873
-420;270
-833;138;-480
-409
400;-207;735
850;643;-869;-951;1000
833;-968;681;-828;110
182;583;-632;-650;-426
708;-662;-313;27;63
-486;-652;-320
530;-390;551;875;-525;-349
-482;362;-62
-577;-885
640;-193;18;229
-868;580;997;-523
-994;-236;14
386;-212;-462;95
294;667
594;707;389;775;-650;682
736;581;-620;191;335
-861;-126;781
-424;-268;-430;-367
979
770;-918;202;380;-221
168;-378;-874;95
84;667;-527
-931;-100;-30;830
549;-198;903
-824;107;-31
435;-854;-331
965;485;741;863
416;-294;440;-653;733;366
-675;-803;-918;363;-429;428
678;-552;56;-329;570;588
-804;-933;-813
-484;734
128;853;-169;633;-586;159
-788;-569;-12;653;-816
-35;133;669
