9;169;79
-465;475;-476;-48
-886;-791;-712;-619;636;829
982;216;233;-400
327;-64
-230;221
726;825;442;-363;683
-369;-904;872;-377
85;-863
195;-718
930;67;-459;-270
787;-981;-764;957;351;943
416;728;344;937;505;413
19
-20;69;-103;28
259;-454;-599
-369;-643;-550
456;762;-812;203;396;303
-214;-283;-604;876;254
-72;378;492
609;-406;-856;359
-778;-798
-101;-583;39;280;319
308
679;-733
-55
272;-213;-71;-139;-928
-129;-83;532;885;-811;172
-613;646;-91
19;442;877
993;403;-966;-491
-49;-885;9;-432;-752
-725;661
-801;-290;853;389;-267;-461
838
710;566;-940;907;-142
-401;-359;-440;-671
846
794;-875
-72;-637;-909
-851
-740;-486;374
87;-684
-817;694;-745;-681;-189;111
-33;-534;-473;-458;-348;731
304;-327;-248;362
-481;854;121;845;-735
-94
371;550;-60
370;-427;-508;461
508;-832;943
688;446
768;631;-297;889;522;-864
-929;672;210;-37;442;524
-918;678;120;-940;268;-862
528;790;-686
752;141
-705;-243;194;-143
406;249;9;205;894;-95
691;-85;856;-235;186
-531;829;95
880;-280;521;297
-909
435;-886;262;-520;-252;815
147
261;-922
-918
-881;496;-674;947;54;-96
609;-902;-313;-686;-399
-113;-555
774;443;412;575
930;472;-938;45;415
16;421;982;-491
595;563;-822;-312;44;861
802;754;260;700;974
529;5;-539;366;-784
881;578;-310;558;622;-112
171
-686
871;75
691
-442
-126;-576
-202
-307;643;-539
204
-865;-692;323
853;77;-911;959
-502;-631;551;-62;175
608;561;-551;75;-909
-601;120
480
-497;849;805;93
789;550;280;-46;-320
-67;-599;-237;589;-686
-886;140
-491
912;150;-600;-860;-350
240;-840;-104;-815
402;-1000;843
194;950;-896
