-578;-917;-453;410
-803;-200;953;250;26;799
416;-947;-884;39;588;-496
-678;695;-27;271
64;913;821
903;104;-842;906;763;732
-266
81;-341;-405;-698;73
-753;-754;129;387;-45
-15
209;-210;275
-626;-325;-647;-987
-81;-452;37;-807;535;-30
-833;34;-456;-571
-200;-863
-370;-166;632;59;395
48;-369;-533;70;-794
-689;434;-311;-40;-30;-432
-568
768;944;-117
275;555
-566;-75;-348;171;-526
-957;637
-903;-247;587;-846;-191
576
-579
-839
227;741;894
326
225;-86;775;-331
160;50;-432;-624
766;-176
-1000;908
102
-852;809;-975;-367
560;801;-361;-383
-484;-471;742;935;-398;-687
60;575;-528
817;289;-914;978;158;591
544;320;498;564;311;970
-498;292;789;-410;-571
384;915;956;191
475;-623
-406;-878;-656
32;184;649;889;442
-711;-720
709;725
-645;788;428;-158
451;598;-891
-160
673
464;-212;938;636;222;-863
325;-505;-495
-369;705;-919;954;683;-124
675
-566;-111
944;501
-935
-425
-785;-753;88
203;-31
172
-680;-635;622
514;-697
-10;-176
-914;-246;909;-959
35;-326;-135;284;-720;-864
-190
959
-452
977;210;615;42;-368
978;-14
-712
739;-391;620
538;-79
-460
-26;-859;-956;-924
-882;-859
-887;-600
-145;-594;-51;-442
80;-546
-886;-861
387;-617;14
-473
419;-549;-600
524;76;-381
709;39;751
546;-452;742;-41;-988;671
-289;825;459
-644;-431;847
230
101;791;937;-91;828;-288
979;-492
746
978;804;-103;-457;-731
448;883;-727;-840
628;-197;573
65;754;936;-445;-175;-639
961;-728;654;-719;78
257;-507
-708;-904;-476;781;-223
