-707;451;-278;362;603;-173
-260
-269
1;122;-540;-877
43;-317
120;715;207
275;-181;328;878
-561;977;-947;-503;-525
25
-401;-518;73;-716
932;-646
548;-186;-332
264;-938;-207;-559;895
644;158
808
224;-598;-951
-193;403;-740;-522;505;-782
822
272;995;-700
-568
-676;388;794;317
-214;906;-124
-215;168;139;477
-791;-983;-509;686
-573
-318
-319
-417;-497;675;-854;-747;-15
69
-33;360
-532;-660;-999;-954
163;934
-332
760;-858;-496
-771;-80
-232;-875
-785;-949;-890;941;575
241;999;-552;685
-351
-995;295;89
-980;839;-427;666
-485;197;853;807;9
593;-729;-682;298;-606
501;-726;-600;807;537;94
-177;-440
-877
-930;22;-135;-394;47
621
-455;-168
602;-491
-83;725;122;-653
368;-252
-123
-817;-950;361;-701;703
547;-949;-582;791;-907;719
-384
720;-754;116;-775;-459
909
-400
-662;-778;14
-707;229;-647;463
-887;-792;-954;522;875;61
-481;178;-387;867;-569;543
624;-404;503;-58
410
-581;-88
853;502;-430
561;916;932;-326;-150;-492
-54;-938;362;-558
-404;-504;-284
674;-999;494
165;649;473;-331;-478;974
-173
885;-376;-538;459
437
-966;-840;-940
-50;-358;167;664;-92;366
928;578;146;-568;894
-86;-812;-429;-397
-965;-172;-78
147;918;88;602;-332;-975
835;-245;-248;-904;-906;251
756;207
-819;514;469;166;-527
192;66;-135;38;-586;-287
-114;884;968
-913;-690;433;-563;634;-640
723;725;-443;734
716
-369;-342;-109;-928
-479
484;52;-278;-492
228;-55;-555;-112
-214;891;333
-930;-488;-361
-680;923
-471;326;390
757
-33;-177;608;146;-907;-908
219;796
802;221
