-963;-645;104;569;-363;-239
227;275;11
386;-243;-141
213;301
622;-96
-177;789;-279;-318
-769;-527
704;-946;-373;-215;45
-279
-610;35;-357;229;664;575
-698;730
289
-177;-441;-442
36
294
-434;898;-328;-252;671
339;222
-856;541
609;532;-600;-604;-512
-576
-610;-713;569;-268;189
899;222;479
640;390;826
917;-680;936;58;-685;287
324
-74;-510
-595;821;-816
-497;-104;520
434;-698;-394;318
-227;755;139;92;349
-457;-141
858
-692;345
231;-538;-44
-863
-849;881;805;987;574
-577;225
416;514;-772;68;-584
-809;-574
-873
721;-38;-666;-476;-990;-192
-680;953;-378;522;187;525
788;-426
-529;891
-369;-50;341;-774;-825;-991
-771;-361
-49;163;-789;-205;-512
-327;956
400;851;-229;-951;-92;141
-890
-252;-382
-49;-674;371;644;891;477
128;115;-368
882;322;307;711;-348;814
384
886;14
-422;-491;459;587
257;-754;571;-926;206
69;-718
881;452;374;-26
-405
841;-684
-929
-963;-180;279;-233;936
-164
-139;-286
-195;-858;-11;638;110;-368
-594;853;-361;-506;-428;863
16;156
560;884;69;715
1;-739;994;180;-295;42
-953
66;-405;869;678
-743;6;926
945;-516;-165;-71
-164;772;-534;981;-603
309;143
148;763;-621;-93
-344;542
947;-228;836;294;-57;460
-276;-182;-518;918;776
-705;-275
-833;364
-730
936;-718
773;438;541;-95;-671
-756;-486;-215;-829;271
-195;-872;332
736
-932;950;-347;-172;-462;-287
160;-683;-475
754;-664;-636;60
928;497;850;-372;633
787;472
656;-579;56;808;-762;-671
-334;-160
755
-369;-915;12
-193;690;-471;990
949;677;151;857;-76
-275;148;-953;489;845
