897;967;696;-154;572;-928
529;-835;-838;-141
-786;190;334
-578;788;-149;445;157;366
499;-409;-799;382;591
224;355;135;604;-109;-432
835;-359;-360;-696;-874;-349
736;852;600;-382
23
-289;570
752;240;-771;62
-729;441
-356;-230;869;-602;-237;591
-804
593;-883;248;-443;191
-481;-330;-154;969;-46
-785;-915;-373;-74;-973
-581;486;919;841;-364;287
-97;307;-822;988;188
-866;466;-854;-729;-890
771;-357;-231;-680;-842
801;562;233
317
61
113;-342;167
-308;-808;26
-834
-664;775;317;-494
962;-771;391
433;-882;953;335
577;34;-467;134;-791;842
964;885;775;-250;265
-261;822;776;-121;-624
64;-707;-361;426;-16
-595
624;-258;243;-12
137;461
-501;329;-252;-845;892;-480
-658;883;375;-216;890;-669
-754;739;53;200;-142
771;-203;-667
-442;-542;-400
-618
773;-521;845;-687;-304
-163;-420;916;958;-415
947;485;-156;-62;175
848;554;-461;-831;-736
-84;-518;-854;573
-116
307;-316;126
86;-233;986;-635;604;334
120
-738;851;-357;878
-530;34;-357;-41
725;-342;8;-681;-457;618
-131;181;-791;-158
899
659
724;-187;894
-84;-581
291;629
-690;-836;8;-522;91
-886;921;731;-557;718
960;-147;-397
-274;-355;-662;872
-296;-41;411;-495
-642;-706;-355
-929;-190;-79
-150;6;-799
832;-142
865;930;179;510
996;-48
-50;245;565;447
581;-615;-841;-79
529;170
-980;819;-702;413
691;117;-350
-647;855;-168;-154;-604
-84;870;507;-320
-401;-937;-681;-894;-878
-340;-377;-779
-180;-549
-985
-369;482;692;-789;420;550
-530;578;264;875;829
-290;563;356;422;-570
864;577;-567;890
-341;-688;799
483;-732;-876;429;687;-736
18;712;553;-27
679;-793;-731;-670
-21;135;108;110;414
-679;951;-600;92
873;-379
-161;-468;-299;685
102;397
921;860
-913;-1000;-383
515;-532;-489
762
784;-881;82;-333;-144;239
