130;-10;139
-8
83;-790;645;-203
673;995;708;-857;216;-702
256;22;-936;-633
497;147;-198;552;-220
545;407;73;265
736;-54;-327;-510;-687;318
-482;281;378;-959
-899;216;942;527
944;612
291;532;727;-536;573;-31
-226;451;515;983;94
256;-677;697;-559
288;161;817;955;763;-397
165;885;69;522;-844
-260;-662;-679;-72;-840;-78
-721;322;111
433;-140
-338;300
-628;-806;357;214;-411;-813
-551
421;-175;-287
596;-299
481;274;-133;597;569;47
302
-102;407
789;-86;-571;-763;476;973
672;-180;-281;-158
68;-382
321;-309;-790;714
166;-103
577;996;852;198
-840
-433;994;340;248;-941;124
-848
-325;-781
-934;-696;-105;-169;1000;-974
-598
833;-853;-600;-747;-316;315
-742;-393;-493
549;-136;-9;10;-319
194;-757;-47
-949;516;-824;521;26;-158
384;248;312;-42;-31
696;233;-587;-492;76;-542
-617
752;-678;-938;970
432;881;995;-679;-665;-589
-633
-626;-10
-404;787
-481;817;466;308;138;-607
-897;-227;599;394
-234;-75;300;140
-133
337;722;-950;981;551;796
133
481;-20;-905;-716
580;-918;-873;303
-418;-884;136
484;-86
736;338;710;795;284;-159
-966;517;712;394
-961;-723
-418;-151;-169;-410;-364;-432
485;-743;-58;-92
576;855;-606;-414
-412
-986;346;-317;-430;975
-660;-393;127
-834;159
752;-588
-757;77
424
273;-301;-701;814;-256
-948;691;-363;-320
-292;-910
260;-293;-997;-616;187
-517;-974;-992
-338;-102;681;522;-285;223
-703
-550;86;-873;121
446;-896
775;-763;-464
784;688;229;-796;315
-41;-845;-350
-760;-842;109
982
-802;-355;-874;-364;-383
-986
-727;919;-394;908;-301;589
-181;166;954;781;-976
33;-180;-950;165;-905;-700
976;100;-533;440;267;782
-243
-611;366
961;52
-261;-966;-495;-320
624;-899;-807;791;393;-864
-913;-595;-885;-24;-940;-478
