-513;-81;-645;773;565;157
903;729;-300;492;-79;-208
772
-577;386;-343;270
-667;-558;-575
339;691;-934;-426;-448
752;913;666;495
-532;596;615;-601;415;-224
948;-934
962;421;-88
-337;294;-935;-831
-274;690;-597;-422;-891;-315
-403;-639
-881;336;270
-26;-10;828
-538
-796
768;-775;-408;-894
-802
292;-312;-297;862
720;194;-368
42;-77
-721;967;-540
-300
557
896;-344;775
560
-295;-14
-549;-810;-413;-79
571
-55;630
-283;315;-864
225;-884;-72;666
160;130;-184;219
801;-307;-772;197;-503
673;-964;-805
563;-244;-533;-265;-525;-861
626;729;-234;95;-368
80
20;422;-936;-330;636;269
-595
298;-382
18;419;376;556
-117;196;824;-843;30
-740;648
488;-318;-79
514;89
-306;515;-309;932;228;-457
81;969;79
-994;417;-873;73;-778
-49;-35;-875;-364;703
289;75
-625
-882;-424;-348
-963;-726;-347;893
64;809;-240
379
209;747;-942;862;-239
-390;-539;799
151;-794
753;-392;330;463
-984;344;876;671
-836;-73
-241;-412
911
-49;-754;-100;742;-504;264
-97;-728;424
-339;-628;-460
-641;530;-323;838
96;-743;312;-923;-239;63
848;835;-503
415
-947;-970;-299
-833;128;629;-856;-316;-716
-547;-772;276;-671
784;418
304;-979;-47;30
992;691;-422;457
753;-681;-352;95
441
699
528;723;-725;-421;-25;-270
-960
-594;-115;-404;215;-587;269
-757;-678;743;780;-542
337;562;-852;37;-653;767
912;569
969
807;-350
208;-435;9
-564;836;795;-847
515;-852;-142
-291;-198;168;745;-346;-302
-266;-219
-523;-475
548;197
-948;-313;-938;-907;-717
-49;805;-279;167;23;-428
420;588
-630;-893
747;-237
