402;-163;-150;-359;-747;-781
-818;-212
833;-34;483;693;-728;-473
-76;-958
-289;-936;957
785;680;-683
-419;-215;-487;615;235
865;51;554;-943
705;178;607;-960
121;-140
-594;-902;154;491;317
-930;-376
-152;696
288;-162;-936;-490;-203;956
-554
-324;905;809;187
114;-661;-183;415;-976;991
-114;731;-61
867;-389;-343;794;395
-342;406;728;-635;-716
-529;-930;674;218
-452;763
418;-988
-389;-837;187;-301
-63
830
521;121;-844;203;540;-477
-785;-962;-745;171;-896;-944
230;830;399;143
41;538
272;-265;-330;697;-444
-306;-179;20;-695;-264;-953
562;-163;-532;-920;969;157
-890;-365;669
-860;-415;-495;926
588
705;884;-185;251;-876;-190
449;945;-746;361;-412
576;561;-536;631;647
912;96;-290;353;-580;620
-438;262;-426
-859
-864
-557;831;-176
-67;298;-637;-510;47
617
876
-185;-955
464;833;36;708;124
-339;806;233;953;-126;638
-344;-544
-51;-692;-421;-240
790;-185;-254;-303;-943
353;740;681;-896;-240
36;411;-832
-514;900
643
-738;707;-600;-553;156;638
-147;-756
771;-380
514;23;-827;-747;-12;141
-68;-475;-112
-33;-227;982;-824;-301
-98;774;-24;904;-589;717
208;-683;-959
922
435;-280
414
-97;-963;740;-96
519;88;-767
-417
-673
597;-184;268
940
-933;981;383
292;-629;359;-202;-939;426
-376;-576
518;-76;-512;511
958
-452;725;407;538
529;-644;-422;-427
-455
146;675;-213;-582;981;472
-981;-491;-188;-847
321;-964;-455;380
692;-911
-475
502;-376;-264;490;-571
-994
-641;-565;-622;-703
-865;-328;359;601;-250
-529;674;-788;-439;-425
-999
-51;67;548;-617;285
-492
-385;-82;530;-308
-737;982
262;-217;812;669
-951;40;696;889;-426
-706;402;-665;-187;-92;-285
934;763;220;127
