549;205;782
660;-663
-745;-172;-879
-881;789;38;-843;123
-865;405;-104;-472
322;970
795;-782
325;202
402;-931
-275
913;133
-500;404;-695
-707;-164;557;-478
-866;839
800;-183;-588
-849;-706;-356;-556;-894
544
-548
36
81;983
856;-42;-314;109;-111;-800
-184;248;221;-592
384;-582;-218;107
21;54;748
-34;453;86;-472;-859
-573
-697;-121;-220;461
-403;563;-726;330;812
-322;-601;-90;-591
693;-185;168;360;568
-466;261;694;809;-462
354;-472;175;527
945;139;-236;-797;-638
99;744
192;147;-872;-857;797
336
-83
-211;-905;-378;-298;-684;-685
92
-329;680
-743;982;-619;138;-973;862
-482;-227;-804;-676;-215
625;86;-969;922;-736;-800
220;142
-98;803;73;-430;-975
-455;-696;-457;-394;379;-31
785;-580;-134;-935;-535
-759;127
-994;-229;613;985
306;-964;197;-684
-147;-691;487;-953;492;431
277;809;-448
-643;-659;119;540
-905
-653
576;161;-148;-847;-816;415
-862;253;206
466;871;810;-414;-816
-24;-126
-533;837;935;427;-493
384;-466;-517;54;-780;-620
885;714;347
-337;-918;646;-361;889;235
805;-394
993;-804;-774;537;-636;-752
-769;-931;294;-632;87
485;-391;-158;-863
-927
680
-546;374
-693
-967;-239
-662;-800
641;-995;292;969;553;-509
157;493;559
-196;37;-391;991
-967
719
519;231;-286
-235;699
565;407;-763
-65;314;-875;589;-943
464;-98;-953;-396
576;617;797;-318;-943
-865;209;450;343;-537;-589
962;-189;220
-308;439;377;233
-163;-328;-763
-117;439;-40;-650;506;604
-51;-90;426;-62;15
691;-729;442;221;814;591
240;-418;-355;292
274;68;-457;-123;478
-529;-275;-244;36
675;-71;455;-559
-869;-504;-889;553;-586
-612;860
344;-169;-954;-494
308;711
-467;179;952;-362;974
679;569;509;-736
