949;25;-378;-79
-884;949;-886;-700;748;254
-265;392;396
996;299
277
-929;-572;-829
51;-121;863
-870;486;-362;-651;-798;-654
740;-522;-507
-743;-72;-810;505;62
-707;874;-431;-31
304;209;-532;-884;68;-741
484;357;-717;429
800;-785;-275;-41;-254
826;-380;878
563;872;24;75;-687;-800
786;-211;742;-907;-492;31
562
977;-628;293;-698
944;-884;-458;-426
568
784;-23;-297;937;284;685
384;-578;200;840;-779
-69
-209;-135;-471;743
-65;624;980;-316;-830;-63
-385;-901;502;860
-594
-801;463
-326;71;779;-223;-384
886;221
340
-833;754;-473;-969;716;-816
-49;-42
-227;-637
-294;-795;-799
-419;898;195;605;-926
-357
832;-729
-903;-552;-473;-494;270
-874
384;-546;996;822;-905;891
498;389
435;455
514;377
640;764
-895
-164;997;573
-513;-994;578;-410;186
-742;613
-513;378
516;391
-656
210;484;733
425;-829
659
896;-497;150;-637;-654;-431
400;859;812;-704;-448
202;139;-494
-994;-532;-389;-543
898;714;941;-606
160;253
225;226;259;-182;550;-656
115;-503;-714;-863
176
49;915;237
-498;678;511
-394;830
480;-709;-247;311;604
-82;498;-580;613;759
-692;-776
443
-445
-243;331;444;175
-772;573
449;-82;852;-229;92;654
577;386;822;-744;473;479
-401;-199;-237;269;526;-672
466
-930;-630;517;-960
-626;99;743;-621;-830
369;326;-667;621;-862
870;-459;859;-575;63;223
112;757;-584;104;-859
628;-949;-967;-463
256;901;-174
-328;807;631;953;458
774;568;-606
-225
-98;-35;188;909;543
980;565;-376;619;283;716
880;631
49;-282
401;65;-356;-981;788;317
-888;137
-706;-483;-900;217;606
755
99;968;842;-383
640;80;650;363;-460
-9;-233;-265
-113;930;714
