609;834;325;-759;-799;815
129;-706;146;-166;600
-153;-875
-706;-323
-673;-867;729;-315;-416
51;-794;-799
-97;-418;389;-650
-520
-10
304;230;-103;61;206;847
340;-997;-942;-143;-111;-463
548;5;919;312;120;155
418;-724;-775;153;-846;-543
-513;705;334
-807;-747
64;-274;390;-552;392
-867;-597;439;490
-562;-884;-888;-506
-545;179;8;830;-496
-769;-537
283
624;-679;854;502;-604;-157
129;140;-239
-401;-503;934;745;-624;-112
661;117;582;-858;-205
-527;222
-819;-456;329;-207;-944
-305
-562
608;485;-182;-551;29;942
-579;-134;-364
-501;719;863
-738;996;904;-714;121
327;-104;140;-48
-802;472;648
228;602
-129;-441;249
992;-642;-565;-649;603;-829
-236;-140;958
-583
839
-346;-496
-853;-502
-977;546;473;379;-496
171;-94
-87;376;126;-752
-115;-991
570;-652
-145;610;-68;91;-831
-88;571;382
898;291;611;645;-749;-63
-804;868;-89;894
-757;56;890;173
645;38;-574
177;628;341;406;-376;-298
679;-984;187
891
903
-38;-506;458;-109;637;463
-141
915
659
801;-280;139;-556;-654;141
66;342
672
-934;842;-846
-225;-610;457;569;-619
-60;459;558;-784
-935;-9
432
729;-986;-172;252
820;-344;460;28;351;143
177;4
-758;318
-853;-278;-584;55;958
117;296;-862
243;-599;473;333
-708
101;-182;-632
-801;644;183;-154;252;333
-716
881;676;741;-440;681;-799
81;-340;884;425;73;874
-856;-891
849;337;-984;762;782
-626;-868
-322;-776;-89;715
-219
260;182;-329;-335
993
615;-457;-91;-589;111;-336
192;-941
-290;-307;278;-686
239
240
-193;-707;-622
-234;475
-422;652;524
-869;-215;358;478
-584;-944
673;-628;-388;420;-330
