-513
72;-329
-515
-762;-10
147;-756;325;279
628;-845;-157;894
-526
610;260;-760;-217;203;685
627;934;602;509;-864
-130;-804;-21;-853;-455;966
-162;-232;-394
800;245
-26
-434;103;696;-874;762;286
864;332;879
313;-843;-780
832;-741;-950;-23;-175
-666;-907;-252
-769;673;-151;-635;-188;524
-148;948;295;823;-344
352;-610;-695;-879
80;-707;84;918;-154;76
773;-715;751
675;-260;-614;841;-942;-768
-210;-874;527
88;-956;-206
-136;216;-714;-317;895
57
570
737;49;914;-41;-92;796
951;330;140;-750;670
-710;390
949;-87;-282
-578;-906;-639
-754;419
-853
-35;-794;-796
210;998;-71;41;-794;-474
-850;915;540
-350
-675;-120;-392;-334;142
342;894;398
-854;168;-861;-351
-104;-184;-425;267;-429;-255
106
-918;-553;-432
-120;745
-388;-821;-664;734
950;701
-375
451;-772;-614;519;40
483;-861
786;-39;966;584;-379
-849;-289;761;-266
181;726;728;411;-173;-717
465;632;62
-897;-226;-296
6;-25;-877;-528
-834;407;363;463
160;118;-392;-554;523
-338;-546;-90;-206;894;686
147
-917
929;756
663
23;-202;106;-80
665
897;-949;677;-471
-155
-884;406;-238;559
-389;149;918;-409;-42;702
678
864;240;438;714;476
-433
579;-46;717;207
-500;-548;20;334
691;292;644;-229;-199;-249
-696
343;-941;332;-766;591
-307;37;-887;-904;-686
528;705;-707;-429;-288
-865;19;653
-418;868;664;395;476
-194
-321;-625;-788
2;-343;-221;-174;-496
112;-397;495
966;-218;859;396
-328;-144
496;-146;-966;202;890
-67;498;-644;948
-225
-1000
-817;-978;692;-554;398
96;-968;683;780;830;-672
-500;-27;-284;573
356;-645;-887;-345
-133;-587;220
-689;467;-426;-624
253
-578;-213;-233
