-771
131;756;776;-537;414
209;586;-332;811;-752
177;-72;460;-576
-561;353;165;-216;-250;-784
-513;703;335
-658;885;810
261;918;631
531;276;-533
935;-143
280
-274;-132;740;-181;-329;-875
579;-606
388;-454;-887;936;-268
-514;-198;682
97;770;-740;-469;934;-44
-354;-198
297
-42
302
-569
-133;296;72;-554;-764
768;-421;742
578
130;581;791;-154
601;-621;349
843
644;-886;-91
838;551;503;-874;-875;191
856;507
522;-701;572;-733
202;43;94
40;814
-370;-824;391;-316
-946;-342;425
656;722
976;518;-522;186;604;-383
-210;566
513;-408
-877
-370;-323;121;459
370
213;-766;-592
626;-133;651
-339;-299
625;-552;600;809;-845
-197;246;-394;-475;702;-272
-594;916;324
390
944;-551
614;-346;699;-572
689;-294
689;478
913
147
-615;-168;-506;-399
-34;-613;72;-253;-350
925
434;-340;180;-921;-793
-625;-282;-652;-446;-575;-144
-901;357;266;-656
832;-629;-103;617;153;-703
273;-599;-377;-650;-351
80;-786;-677;694;-279;799
786;-519;-617;522;461;-462
-942
482;-912
946
-833;-18;600;72
240;-794;-651
-849;708;-968;937;378;-395
-253;780;942
450
-321;-49;148;-326;621;639
794;431
-641;147;709;-11
694;711;-443;14
130;591
-97;-419;-739;-812;-93;413
-1000;-493
146;403;-294;616;367
726
-354;229;-94
986
-324;542
-322;-386;-370;261;85
-532;-970
704;-285;-733;92
-918;232;-698;-61;620;-686
233
976;769;467;118;614;-407
489
-307;820;183;-233;798
-690;530;355;419;-553;-812
589;-350
-116;312;-538;-668
-54;-40;-571;-955;750;-144
-766
742;279
-613;549;830
-770;452;-825;8;890;-11
