-769
-514;-803;-516;-987
-371;254;127
-526
-819;36;676;951;-317
-244;293;7;216
306;-102;325;-255
-279
626;-645;422;-265;654
536
-194;131;646;-552
999;702;158;991
-387;371;-789;-768
-866;114;901;-345;236
977;945;870;-192
972;863
-902;-251;-507;-944
43
-561
-869;423;959;559
-629;725;-47
898;279;-427;-140;-430;382
-8;572
19;340;665;-458
-242;-691;-74;-907;-703
-386;182;-559;-63
890;191
340;230;550;-328;41
-497;-340;-901;-888
-260;327
395;190
304;981;41;347;-895;319
330;650;-267;-304;-336
-845
-886;791;232;139;63
-918;53;584;-858;954;271
337;673;706;578;-260;-663
659;454;-507
128;961;-355;-154;650;-111
-226;-579;-839;-583;-590;-95
-354
630;-296;-377;411;-15
963;-22;694
900;533;-521;-348;-428;-239
912;929;98;-924;-656
-250;-781;158
110
-657;146;137;-573;-638;-62
-34;162;-567;-585;266;-379
688;417;595;249;-315;-752
-277;-94
-211;-148;-103;-600;701;733
-164;412;909;-16
997;920
818;589
100;-374;-507;908
-571;958
-995;227;39;649;474
-882;34;-405;88
-610;2;-405;646;-975;430
144
-707;-581;-439;952;8;622
675;636;-909
608;435;-229;683;-221;668
368;-168;731;715;-717;766
-51;-40;87;-766;350
163;-629;151;479
420
-692;-310;983;727;889;-655
467;-57;-235
-435
547;-248;-844;108
696
930;642;-471;-219;75
-977;39;491
-149;855;-696;-969
447
561;-807;-968;747;-238
826;396
-535;360;-973;446;-15
625;690;123;-158;205
-788;-212;-933;702
-566;-160
-257;673;530;-219
-473
-790;887;-319
337;-562
-514;-517;-986
-514;725;-439
458;107;430
228
-486
454;-618;909
-234
-750
-81;-661;-778
560;424;377;-862
-36;-388;-604;492;780
-514;-677;-887;-440;519;-298
422;-857;232;-957;-320;975
-326;985;410;459
