3;-189;764;-318
146;-263;183;-329
128;-870;523;-302
-266
145;-462;-975
-83;611
-774;-839;-57;554;-571;-636
-809;-92;-144
-273;117;138;379;-382
234;559
113;-343;511
-482;324;891;-511;-191
448;-562;-596;311;-60;492
-293
599;987;-509;-494;734
-808
-91;-207
625;443;254
832;-980;-504;-477;828
-513;-933;630
-833;-900;662;506
316
-676;-921;765
240;-267;-796;-701;-77
434;-468;84;855;57;-895
-193;-883;-85;-508;719;-656
-867;948;-665
256;587
77
953;-459;-572
-325;407
-194;-486;-24;875;-510
736;-141
80;160;179;-504
64;788
372;437;-23;952;651
-243;-775;486;-425;-878;-47
881;931;-852;441;-60;31
113;787;69;218;685;-240
311;-236;203;331
-891;-526;-798;-191
-417;564;-507
197;-695;136
-801;-739;-198;607
834;-903;-43;732
-662;763;527
821;-653;718
594;292
-662;542
897;502
752;-437;-118;309;72;-699
-122
-390;-230;646;950;-249;-92
-81;557;478;-319
133;986;492;-974
-839;-568
-211;34;-404;900;233;90
-929;221;63
-636;-412;143
-653
-342;-199;682
549;361
143
176;550;-64
561;-410
-425;271
154
-645;-902;574;-975
-274;-982;522;170;-45;766
466;67;-871;89;381;30
352;-901;54;-58;780;-911
832;-582;86;955;-511;-351
-577;-63;815
-754;994;726;637;622
439;698;-319;127
-583;-364
-931;-789
-81;779
-700
64;112;339;-791;618;106
211;884;-967;439;904;-255
802;-596
611;710;-631;-859;797;93
722;-339;-534;360
597;213;856;-413;494
264;-989
368;697;905;522;28
-730
-665;-831;510
320;611;-709;252
32;-55;999;379;-480;623
995;-872;-985;-382
481;593;103;956;909
737;296;776;-302
-805;-870;-139;-411;461
-20;101;-647;889;169;252
232
-865;-454;646;-267;-733;925
-751
-916;676
-247
