9
603;-591
276;763
-692;662;455;-955
-738;-803;423;59;286;750
572;524;-414;879
-514;484
-454;741
64;147;668;-592
-835;-691;-68;-149;169
295
-90;-976
-850;-163;985;-784
736;4;-694
-339;757;-442;-796;-93;-415
-820
260;-360;45
-823
-545;392;633;-140;-909
-973;-624
118;201
-218;-795;-331
576
-74;-539;-990
33;-168;264;-138;-314
468;-11;843;-720
65;-516;308;426;556
-842
705;-834;-662;284;-335
-214;-120
513;641;-52;533;-681;-618
-818;478
-546;-228;-117;360;14;-336
-57;316;-175
-853
856
-92
-93
-475;124
672;193
178;-549;-214;-248;26;-316
148;804;949;-378;972;-349
144;885;-653;-654;175
103
618
-242;-183;-744;-895;414
178;-104;-445
-546;-66;-230;846;623
151;-937;378;-316;349
-203;-880;-832
-580;-309;-601;-427
380
-167;506;60;238
-919;-745
294;-332;-863
848;912;-770;-360;782
391
201;703
-651
224;19;933;-616;859
-83;708;-294;-189
66;-227;-494
-434;947;579;425;-590;-15
466;-612
-705;928;-675;-474;252
-675
-676
419
-674;-149;987
659;-430;-511;-559;159
-869;-841
-885;-832
-373;-670;93
611;52;-905;779;414
-962;266
993;340;196;558;-368
-440
596;-392;366;335;559
-56;-76;828
353;-835;-324;762;-654
-626;3;180
-262;-843;-875
-193
112;773;589;159;95
-342;-791;169
-206
-866;179;-821;-421;998;-43
-628;-8;728;-585;28
-21;676;437;-950;-104;172
998
-114;-515;-741;-871;-808
-641;228;168;-91;-923
914;-878;-638;110
869;905
-548;788
-385;550;-728;-973;781
-709;885;409;682
-337;-947;-837;-469;713;-415
-501
592;901;-280;-665;-460;414
-36;104;-318
