-498;-932;918;990;-736
-836;-183;-9
-180;612;772;-431
528;469;-807;-731;-157;174
783
-466;-371;562;549
785;-254
-929;-743;-955;559
24
-771;290;-660;612;198;-719
-294;8;-443;795;-655;559
850;-743;-144
549
836;-168;184;-972;670
-870;872;217;845
-916;-298;-493;-863;991
467;198;439;732
-998;-424;-159
609;50;-899;-998;457;-544
-518;198;-923;429
-109;365;-814
592;-852;-189;-880
275;285
850;491;-509;797;-542;-783
-129;917;287
900;838;364
-513;-339;5;-39;943
837;-266
-577;-866;259;612
-555;239
-865;773;837;-248;-816
624;228;-922;-878;623
-72;653
-610;-166;344;361
-74
576;18;-741;221
-546;-850;-390;-424;-937
590
960;898;-906;716;333;893
-337;216;-988
32;-550;826;-365;-766;-544
-344
-348;-942;-336
150;151;157;143
67;923;733;287;143
-673;780
-198;902;-816
961;293;395
-67;18;261;430;-528
-817;116;-567;382
-131;360;-940;831
-892
-737;564;-207
126
128
-897
-452;-822;-745;346
392
-723;802;-859;815;-176
982;182
-548;-744;-139
144;-66;241;466;-825;-367
-951;26
642;358;699
-677
-166
609;-188
855;893;-559
-171
-309;-716;-176
-33;896;-520;905;-559
-700
81;325;134;983;553;-864
-710
193;-565;71;-969;766;703
-949;-22
707;-484;-589;956;382
717
-562;99;611;-919;-791;-448
-886;679;-924;285;-559;-608
-225;866;979;586;63
-551;-953
481
-754;527
448;-148;-676;-644;-748
274;802;599;920;-653;-686
-865;898;342;871;137;-639
163;-503;-665
-469;773;188
624;-690;747;-189
-387;-619
307;215;952;827;-527
866;-483;-807;-425;297;794
711;811;-173;686
757
848;678
550;439;26
-426;-334
-440;840;105
418;88
-321;273;423;-105;495
