464;-297;220;-798;670
-231;328;-620
915;-904
779
572;-846
-273;-978;714;-174;430
-786;-643;-36;-596;-410;397
-437;155
-342;-170;540
-849;308
33
-196;872;-364;-783;-80
-529;497;-550;-584;615
897;-100;87;-364;-175;462
39
497;-847;-464
480;48;126;-352
240;-339;-979
642;-484;796;-895
62
325;455;376;-154;569;796
-162;-671
-570;-26;-858;-59;-348
837
531;564
-292;793;-172
-881;-223
-546;882
465;787;131;-682;636;287
-349
-740;-245;-901
-886;-488
-40;951;-858;554
273;-859;-31
818;-845;-334
-163;-292;-934;-633;923;-30
97;931;-667
-620
-109
878
-161;50
80;-691;356;923;-47;-991
628;-887;632;253
-373
498;693;936;-985
853;-729
-948;-404;-541;-845;-463
-129
-402;-819;836
-338;483;-695;-666;571
339;41;57;-304
714;28;-95
-802;-854;920;-731;-238;-480
137
209;483;-383;-960
-658
-473;-458;650;443
673;-755;373;632;457;-960
-577;-825;-235;958
426
-428
-942
178
-657;-36
263;-702
183
-66;-887
-179;-533;776;-554;-156;460
442
515;-644;-60
-984;808;-810;78;191;15
703
944;752;980;870;-538
320;596;300
-44;493
288;424;-830;-847
-325;492;-877
178;-249;525
204
-479;-751
-101;69;-431
-132;-870;357;981;638
305;-692;-132;-520;63
596;-745;858;570;-621;318
-641;224;-943;894
560;662;-72;-969;493;815
337;-548;-54;986
677;-791;-473;-137
240;-769;-549;-797;61;575
-611;-506;383
209;-436
-369;595
-771;-163;338;853;217;-703
864;-386;-714
-99;307;740;-120;-333
-721;962;-996
561;-196;396
224;210;215;-173;542
-625;-18;642;-712;842;634
498;-343;200;313;-414
-131;802;611;910;367
