888;905
-579;-27;607
-275;1000;-842;-909
-516
-513;-773
818;949;-410;297;-59;971
954;122;-764;-47
817;986
803;-280
-12
977;-965
20
982;-57;571;459;-654
-625;422;-587
-421;-230;-935;-568;-173
541
200;-682;-923;910;-911;863
537;-572
133;695;200;-170;667;47
-211;505
18;902;604;-205
-885;326
738;78
-900;692;-613
-966;-726;424;190
225;-210;963;727;461;-64
832;944;-691
-801;867
386;-983;-631;219;684
529;757;710;-269;782;383
-846
-116;-476
503;-701;-142
84
888;991
614;279;988
483;70;969;-907
-109
784;262;39;-601;906
-826;458
162;102;-638
-178;582;-427;-96
-323;20;933
-484;423;-832
722;-996;199;968
-641;-966;-56
-465;521;202;314;-445
856;217;-685
866;-378;-877
960;162;951;504;-795;-624
-851;-947;884
802;675;-760;552;670
-771;-580;-295;857;203;-589
-274;502;-893
-721;809;345;-844
293;-934;-799
582;601
160;627;655
800;-993;34;890;507;-560
-667;-527
544;273;754;-555;-78
-546;147;676;788;197;-64
-37;326;295;-409
965;-408;-991
644;-494;-846
-530;-676;505
438;-586;-683;-687;-720
720;-915
594;580;5;232;-399;-816
966
201
-463
130;-468;-749;-656
-208
112;689;498;-873;139;926
192;834;-614;955;637
496;-306;120;-10;-957;444
609;393;-394;282;860
-738;-695;711;-648;-973;334
832;-421;-649;-617;729;602
-996
-849;621
11;-444;204
-289;228;-742;565;279;-526
849;-984;876
742
-817;-436;99;100;-971
224;36;533;-328;-861;-94
-771;-987;-526
-451;214
-749
236
113;131;-710;871;-985;-169
-750
-135;889
-245
986;796
-71;318
291;599;-25;107;815
767
-338;915;698;-764
