104;-874
-97;208;-425;157;159
400;-594;-84;-441;475;-16
-917;-363;507
25;237
-353;84
-225;465;-313;232;-138
274;-356;-859;-557;-575
673;417;-211;180;506
-770;19;781
469;891;-47
-40
384;-325;342;152
528;120;-778;-220;-974
-345;571;-783
813
20;395;-974;-768
-977;928
720;576;-434;722
-386;-178;-661;-966;-934
385;418;803;238
-641;-913;-550
-626;-882;-659;61
17;-986;-96;495
-828
-998;186;751
-829
736;274;-275;915;678;-476
-593;-631;232;-765;415
-804;105;377;-605;860
914;-870;939;907;-286
-114;433;40;905;-171
497;-538;-461;636;447
721;873;-75;-92;-541;-303
-770;700;911
-549;-681;-78;-303
369;980;103;-864
-333
-52;-823;694;-568;411
-994;142
192;-867;999;-667
577;-148;-777
-791;903;235
-566;-535;-272
-867
179;-811;-239
-722;-644;746
833;558
242;-484;-391;569;393;809
210;-373;-22;183;746;651
-375
-633
-897;-901;-23;983;-58
388;344;-602;765
-337;-433;562;51;245;298
-868;267;-556
-145;-648;471;-777;-858;798
-693;-982;521;251
-904
993;322;20;-505;90;-271
-660;-311;795;-221
18;-279;711;300;-111;271
915
663
785;-946;-867;-595;189
512;-515;117;-781
-233;-12;399
593;-418;213;281
449;929;706;791;824;814
-50;386;962;-742;-745;351
305;-679;670;-719
160;835;-794;223
-773;-364;-270;-303
-355;-714;-907
978;771;-392;-603;234;732
-359;-71;-253;-46;286
-701
-755;98;-164;184;444
4;-965
-450;-389;-380
801;-836;998
530;-726
709
683;380;-863
276;-478
240;473
-897;-75
-204
-849;-130;-508
755;995
-339;-213;-390;-541;-78;573
-258;-23;774;250
-721;-900;42;-496;303
-162;-294;950
257;-695;-839;199;155;172
-259;184;-973;-142;-335
884;-383
762
-274;-418;145;-473
656;-513;-499;295;968;-141
275;729;603;635;317
