-865;-729;152;159
-693;-102;-459;-798
-839;-190
-441;-637;558
257;291;599;398
-269
-190;975
-265;-778
324;294;426;-604;270;-991
-455;136;-731
-515;-645;148;-121;-427;509
-593;721;-325;-568;810;-848
-81;370;293;950;361;447
17;275
964;-727;359;-715;669
307;100;598;252;431;655
-386;-227;-822;-844;187
594;452;756;-871;139
-996;551;-61;957;-639;494
-657;94
-308
64;-489;-908
-689;743
965;858;859;701
-420;276;-198;-71;905;847
311;10
-580
866;-675;68;885;470;-11
-529;458;908
-584
-73
332
847
752;-531;-326;-746
-851;-839;-76;-254;910
777;-176
-547;153;-58;362
-498;843
-626;-402;163;778;-270;703
353
240;646;310;-682;-747;843
-67;-71;749
-514;-612
-116;948;-188;-732;558;911
865;914;722;631;939;-382
-971;-411;508
708;314;-910
165;460
144;22;-778;-330;316
754;-933;-237;-512;799
352;-484;-532;277
-389;-766
-802;530;376;-923;-336
-801;16;580;-698
-922;938;140;494
-498;-213;568
-869;565;822;618;-224
321;-843;-252;-140
401
-246;598;-696;-862;-270;-463
359;556
195;-856
-405
-116;547;-69;373;-619;-525
660;778
881;54;-263
-385;898;133;43;239
949;522;-173;-112
-45;463
422
657;692;-156
-945;753;-236
-514;-964;-439;45;-352
-33;-998;550;-720
-72;-190;-95;334;926;-719
-289;-789;425;-45
800;872;-975
952;-906;634;-269;-158;703
-977;-901;268;396
-161;-433;385;-524;555;-15
930;602;-525;-302
160;-355
352;624;324;762;-558;-286
-708
913;561;788;494
-889;89;-301;-126
427;31
-55;-759;94
-978
-980
-323;131;-196;-904;-460
996;-262
528;737;645;843;-222
-819;-727;-477
-747
-748
-913;246;904
-769;192;-211;562;419;46
592;721;-818;757;-617;-395
994;132;-582;-824;-224
657;625;-246;-541;812;-286
