-264
8
488;153;458;-62
-883;69;828
129;708;713
113;-551;-95
-353;-722;-232;-256
657;-163;-472;634;-940
-678;582;892
-799
-31
-405;-653
209;921;-459;-684;814
85;974
-249;-458;317;-928
786;-826
233;831
753;-755;-216;174
-557
-163;-51;-165;665;270;-256
545;-323;-619;-332;428
433;-274;-981;-621;172;-574
567
-100;860;-191
691;390;-777;267
-932;308;-166;-649;-238;-688
97;732
310;-889
-881;-698;-715;-845
-918;-282;873
-339;572;159;-320
-588
978;-951;-169;-938;652;349
663;-186;-557
-259;-531;-314
738;19;777;-170
800;565
832;209;581
-530;900;699;637;429
772;-598;-264
-859
-899;775;487;-298;287
104;-826;810;74;186;-448
464;471;424;-812;-509;575
-807;89;-300;653
369;-478
116;29;494;-15
113
617;9
-890
-422;-299;-427
768;594;-214
196;-709;-380
-383
898;-628;-140
551;-11;203;-352
913;-69;646;58;-347;-544
148;-248;-559
-230;666;-31
978;201
-157
789;-903;334;-63
161
-418;215;878
676
421
514;-101;693;72;14
483;714
-404;-282
-175
-785;663;-381;63
2;114;947;211;91;-414
184
-753;-483;148;-933;152;143
40;618;558
-293;-232;-105;-862;-240
309;399
-682;-798
368;502;809;906;765;-591
-226;738;-20;44;-238;670
714
913;534;-457;-14
353;-851;-868;900
-484;-843;605
899;-456;39;872;-665;-223
467
470
-835;-917
-946;218
899;-683
-99;979;949;695
480
469;791;505
-581;-934
-274;978;216;-793;-794;431
744;586;109;847
595;-776;-249;349;30;-448
371;-233;329;-221
977;-419;405;-793;334;255
71;856;603
-641;534;-442;-858;-492;365
