130;-743;-922;765
416;810;-219;-747
-762;751
865;-371;-276;743;333
578;95;879
307;221
529
532
-549;614;-939;-766;78
-755;405;-958
-241;-754;-875;813
-801
563;-517;-342;709;-934;-24
357;-343;232;746;-959
674;-389;-186;-347;-765;-557
291
-610;-194
624;-660
234;-940;668
41
-338;358;137;-651;442
-309;-70;822;377
640;775;519;-586;-782
-209;-276;746;-315;-96;463
313
-132;-516;597;-390;462;-591
400;507;943
781;558
571
-277;-14;863
453;-247;366
-66
-914;580;566;-25;-489;347
234;-863;303
-103;282;-796;943
-327
-530;200
-845
305;-382
-983;-697;319
81
662;683;-494
616;-12
-70;326;-607
34;535;-921
-227;-974;-606;687
-914;-39;283;461;-400
-161;-707
720;753;-938;-412;-429;670
-129;2;200;-238;-239;287
99;116;836;-664;-937;667
-633
124
-482;932;651;-878;-351
-518;969;-283;-815
390;-729;904;-841;-381
-66;-10;733
645;269
-609;-54
-359;-781;301;175
-54;-822;-230;-234;-96
-17;-549;-871
581;603
-391;808
930
-597;-336
823;552;-316;507;526;-640
-630;-635;-12;331
785;-94
-231;-206
903;42;-508
-246;-488;-680;975
248;763;-718;-991
948;774
-417;-852;-792;-891;-204;909
882;-424
-216;873;826
-972
-597;-421;39;-252
-208
-377;-345
369;4;-72;200;-795;507
250;220
211;677;822;-984
880;-97;-326;-714;-910;-590
-989
-734
569;-652;-957;-718
-629;-652;-734
-248;-489
884;903;-236;-159;-144
-823;-40;296;-188;-496
-726;958
-865;-819;451;-69;44
848;-117;-940;444
788;-554;-732
913;-516;-25;62;319
-84;-342;-870;29
161;-661
595;233;-412;-284;-636
499;775;-24;29
