0
19.506553585196606
31.148804934464145
40.90208172706245
56.02351580570547
62.75057825751735
67.41518889745566
72.9568234387047
73.64109483423285
73.97841171935235
74.73978411719352
78.88396299151889
83.0763299922899
84.88820354664611
87.89514263685429
89.48535080956053
90.15034695451041
91.0851966075559
92.43446414803392
93.11873554356207
93.98612181958366
95.16191210485736
95.9136468774094
96.33770239013107
96.7135697764071
96.97378565921358
97.32074016962221
97.76407093292214
98.22667694680032
98.58326908249809
98.66037008481112
98.82420971472631
98.87239784117195
99.0555127216654
99.38319198149577
99.45065535851967
99.5277563608327
99.55666923670009
99.57594448727835
99.61449498843487
99.66268311488051
99.67232074016964
99.71087124132616
99.72050886661529
99.76869699306093
99.80724749421745
99.80724749421745
99.83616037008484
99.83616037008484
99.83616037008484
99.8554356206631
99.8554356206631
99.87471087124136
99.922898997687
99.95181187355439
99.95181187355439
99.96144949884352
99.97108712413265
99.97108712413265
99.97108712413265
99.97108712413265
99.97108712413265
99.97108712413265
99.97108712413265
99.98072474942178
99.98072474942178
99.98072474942178
99.98072474942178
99.98072474942178
99.98072474942178
99.98072474942178
99.98072474942178
99.98072474942178
99.98072474942178
99.98072474942178
99.98072474942178
99.98072474942178
99.98072474942178
99.98072474942178
99.98072474942178
99.98072474942178
99.98072474942178
99.98072474942178
99.98072474942178
99.98072474942178
99.98072474942178
99.98072474942178
99.98072474942178
99.98072474942178
99.98072474942178
99.98072474942178
99.98072474942178
99.98072474942178
99.98072474942178
99.98072474942178
99.98072474942178
99.98072474942178
99.98072474942178
99.98072474942178
99.98072474942178
99.98072474942178
