0
19.506553585196606
38.82035466461064
49.74942174248265
60.40863531225906
69.25597532767927
76.0697764070933
80.90786430223594
84.05936777178104
87.40362374710872
89.53353893600618
91.29722436391674
92.88743253662298
94.04394757131843
95.02698535080955
95.90400925212028
96.781033153431
97.33037779491134
97.81225905936778
98.10138781804164
98.40015420200463
98.60254433307634
98.71819583654589
98.85312259059369
98.90131071703932
99.18080185042406
99.37355435620664
99.44101773323054
99.50848111025444
99.5952197378566
99.62413261372399
99.62413261372399
99.66268311488051
99.67232074016964
99.68195836545877
99.6915959907479
99.71087124132616
99.7590593677718
99.80724749421744
99.84579799537396
99.86507324595222
99.86507324595222
99.91326137239786
99.91326137239786
99.91326137239786
99.91326137239786
99.92289899768699
99.93253662297612
99.93253662297612
99.93253662297612
99.93253662297612
99.93253662297612
99.9614494988435
99.9614494988435
99.9614494988435
99.9614494988435
99.9614494988435
99.9614494988435
99.9614494988435
99.98072474942177
99.98072474942177
99.98072474942177
99.98072474942177
99.98072474942177
99.98072474942177
99.98072474942177
99.98072474942177
99.98072474942177
99.98072474942177
99.98072474942177
99.98072474942177
99.98072474942177
99.98072474942177
99.98072474942177
99.98072474942177
99.98072474942177
99.98072474942177
99.98072474942177
100.00000000000003
100.00000000000003
100.00000000000003
100.00000000000003
100.00000000000003
100.00000000000003
100.00000000000003
100.00000000000003
100.00000000000003
100.00000000000003
100.00000000000003
100.00000000000003
100.00000000000003
100.00000000000003
100.00000000000003
100.00000000000003
100.00000000000003
100.00000000000003
100.00000000000003
100.00000000000003
100.00000000000003
100.00000000000003
100.00000000000003
