504;520
-545;-477;508
-996;742;-393;941;735
691;644;-376;-185
673;-54;406;-647;569;-955
-193;833;881;772;-159;-335
836;-345;797
-114;-482;443;142
928;436;-982;-27;-479;-656
-753;313;170
-772;327;13;446
-548;597;153;-475
-947;-100
308;-278;453;-169;-173;652
691;569;525;-478
-482;-787;613;998;-510;-640
986;-684;252
299
-302
513;5;811
-306
512;-506;46
-754;324;933;-202;553;735
176;835;584
-147;-326;966;328;-26;-223
963;-135
319
-102;213;183;794
422;922
-579;709;-120;-846
581
145;-660;775;185;556;348
289;132;-350
-657;-466;599;858
-710;-391;185;-445
656;-283;842;-111
-340
-129;337;265;123
673;875;-284;-924
-87
385;755;-537
355
354;840;441
-357
899;-725;267;926;526
211;-340;714;-892;204
832;-599;230;155
-595;-134;584;968;27;285
-721;736;-438;-842;-383
-112
929;818;413
-67;-87;-216
-627
565;-443;-92;861
788;633;-543;271
147;495
-785;213;-262;582;-798;654
-755;-8;1000;13;-111
368;553;-11
423;-11;-270
-421;-748
-826;-267;-92;-140;910;270
405;252
-291;936;-92;-701;-512
406
370;980;-630;972
158
-932;772
419
-85;855;138;-124;-621
935
82;-371;823;-703
642;898;803;-948;907;430
753;-919;-184;906;-189;-191
388;950;-602;-108;-140;460
-677;-56;-216
27;157
128;-481;425;-524;638
497;981;328;-592
-916;312;621;943
-161;-545
-691;-984;105;703;415
-822;-55;696;-573;301
601;878
-733;-493
977;418;-826;-526;671
-742;491;47
-501;-874;-603;491
-945;225;530;410;-412;-16
-418;-596;-734
803;148;517;-233
-68;-632;856;-893
640;484;1000;169;411;-429
-854;998;-680;-425;-57;-747
485
257;996
-786;489;-448
754;194;-584;424;730
66;103;-617;203;-254
977;-216;-138;-380
-20;783
