625;-99;403;485;634
-700;958
-264
-20;-597;-416
160;-687
929;196;-328;-121;507;-656
720;448;338;79;895;95
-707;692;757;-422;-199;-140
-200;-412;-431
464;689;372;-758;-569;334
-370;345
-537
434;324;183;423;-540;-798
323;215
512;-882;-979;-375;924
-802
580;-170;-444
-211;340;-157;206;-144
912;-579;367;-992
770;-732
579;-725;-150
514;-330;-666;185
560;-769;-397;-13;63
-469;436;-424;760;765
289;51;-630;590
-146;19;-996;522;556
644;427
960;-562;295;-175;303
370;886;983;151;-538
-549;788;-558
-246;-790;615;-668
-786;-304
21;-87
21;-858
-163;707;773;-666;-720
-709;778
832;-451;-197;893;-734;-671
773;921;73;-590;943
432;562;359
-51;-550;181;-348;-191;879
113;690;-229;40;747
658;679;488;-171;635;-924
-66;165;-552;524;-414
532;681;926
936;-585
-401;514;238
432;436;341;-138;-460
-785;-983;134;-201;-892;62
-693;887;-670;-910
-838;-650;-795;381
881
615;-733
-758;382
752;694;-807;727;-734
375;776;827;-574
-402;530
756;396
-885;632;-443;811;270
-594;-560
37;184;508;-591
-396
-709;-857;-267;668
142
-513;-737;-663;487;-331;334
171;-364;-207
608;144;-803;802;-461;110
663;-57;424;-107
130;68;88;943;-560
130;541
-725;-826;873
-723;555
-264;-538;-362;-618;845
-632;216;233
-369;-472;-987;652;-287
-484;-757;-837;-919;748;-239
945;8
-996;296
365;847
-517;180;148
-161;321;82;-565;-376;251
194;918;698;-816;-544
857;106
-228;412;-718;-175
-660;599;824;120;-122;461
722;-884;617
-514;647;664;-204;891
-723;-307;-644;651;-208
-103;854;-634;541;-190
-434;-629;79
176;-150;-423;-587
387;-680;-42;937;907
800;-209;919
-306;724;-650
-793;-620;667
-833;517;-24;-602;-64
750
-248
977;535;783
-817;-657;229;-940;143
672;946;692;501
976;-11;811;780
