864;386;950;956;429
757;310;204;-557;-719
-936;825;588;-448;239
-433;-853;391;186;-331
787
281
736;570
100;837;710;374;-488;-480
-595;-37;282;-704
-369;-430
544
843;-877
-913;-421;-566;155;940
-501;199;-632;-154;218;317
552
369;597;236;-671;-831
518;-295;922;-318;-31;-495
-435;136;187;-703
224;-482;-557
664;153
609;-210;-916;569
658;-195;-919;-878
-374;687
505;-446
-438;-903
816;791;-363;-669;-318;317
-966;-70;454
-19;-756;297;-876
272;-579;-281
-77
881;-959
880;-288
787;181;342;-461
-932;980;36;869;-414;-622
-422;-779;746;-141
-604;443;331;-430;175
-977;132;-889;409;-810
161;-86;-440;-920;173
240;-225;770;515;-500;57
-354;-596;357;938
352;534;-792
-385;343;183;-332;542
-996;-767;-991;-671
865
867
32;67
469;-839;102;-345
962;677
873
105
-342;-953;634;-717;-526
-513;-226;590;-223
-691;-628;842;-156
547;-489;63
-948;-714;14;-16
-130
406;780;-525;-799
-961;-998;-104;-891
916;139;-910
336;-233;952;553;841
179;-804;389;639
947;-543
-164;357;726
152
229;647;-541;-494
-786;-868;212
-200;-988
21;918;330;10;-348
-797;334;-736
884;-885;-950;-253
449;870;762;-44;-319
695
-440
483;869;-88;-264;975
-788;-900;521;-810
549;-614;935;-761;588
955
654;-448;-272;767
706
706;-772;-645
456
-802;386;441;541;-735;-288
-971
973
-402;115;750
801;982;315;926
721
-49;-587;846
849;-293;805;-662;604;446
-985
-964;293;-487;-329;-270
507;-287
-627;-852;-117;582;23;253
-600;-474;-523;138;207
-567;-365;191
2;-380;-622
726;-960
219;-750;287
-179;-758;391;-668;-93;-733
-771;-265;634;654
-937;313;-144
