514
-695;699
661;-656
945;-994;-985
-244;-663;918
770;931;660;662;573
-469;-869;391;157
-371;331;318
-643;754;132;-267
752;-226;-244
-326;295;-685;-847
542
-753;354;-100;613;941
-81;768;12;-29;-381;511
117;175
-676;-918;-439;204
35;279;861;-623
112;-898;-282
609;-66;783
-194;-454;250;494;-143;95
-20;68
112;-64
-993;-875;27;767
274;-584;471;103;-926;-415
528;657;-530;-69;660;-424
-709;-53;-63
-571
-611;-373;10;924;893
-66;210;-68
66;347;687
-978;-883;724;-989
855;-890;-283;251;-13
-593
182;-584;423;-923;-460
464;-642;-340;-846
-273;116;70
708;405
496;-868;-747
7;647;-811;62
-996;388
-245;70;406;-969;-489;362
868
594;-644;-710;-40;200;239
-183;77
-161;-915;329;636
366
-199;650;813;253;-895
1;85;-600;-621
632;-762;-59;77
626;635;-125
-578;802;278;93;-399;942
659;758;-104;-299;-589;-799
-609;-23
632
-892
931;-885;-535;877
680;-282
-178;579
-193;-642;-579;893;-656
257;-323;-37;-123;573;574
273;-518;453;-394;58;795
545;378
887;889;170;-254
-977;-309;551;695;-120;-266
-242;-355;-197;-295;-683;-446
-209;-182;-665;810;90;-527
-358;375;-958
-961;464;-531;-243;-709;-503
-324;964;-918;533;-76
641;772;-715
-445
213;487
-100;500;837;-971;-715
-516;793;-731
400;449;945;290;-422;842
968
973
-517;246;-448
869;-810;-267
-230;-491
-324;-24;168;-30
514;804;953;-269
913;-446
832;-469;616
-440;-650;364
-482;994;729
-673;322;-827;540;-861
307;-532
628;440;-394;-604;413
585;414
-406;-713;954;653
402;-695;71;-523
-529;-778;602;-539;-334;-448
-465;117;711;-127
608;22;-937;985;105;-288
-103;861
502
882;-775;519;487;-351
-659;-872
892;-976;335
84;-246;326;572;540
