-178;-834;755
-692;25;635;-669;958
-450;-438;630
769
-82;-165;-784
774
-833;311;-718;207
-146;-437;-630;-862;-751
-82;739;533;-824;-889
264;-795
-404;874;572
659;-725;167;699;-589;-192
-711;-152;828;-127;142
409;634
934;-216;891;462
529;474;-251;379;173
-523;-797;269
-178;450;519;-253
163;-959
-596;773;56;-205
28
-341;-584;125
-20;467;358;-829;573
532;-832
-711;666
-644;-567;-360;-221;-559
353;-310;-198;585;-527;911
323;-298;362;173
307;862;-352
-99;996;309;-839;-936;263
562
886;438;775;-942;174
-117;-631;-855;782
618;-927
193;467;823;922;-44
947;41;862
834;586;-590
-68
-325
-580;-77;269;221;-704;-224
630;-27;-13
-882;963
689;-711;872
-66;578;-99;183
182;-647;151;-540
547;-826;-576
-745;334;-591;-624
-753;-681;57
-354
992;-839;-907;139
358
-305;-986;-112
-124
368;-990;-271
512;-947;-552;167;-396;574
963;886;957;125;-239
275;-506;-683;10
-661;998;150;-296;-329
-907;-316;572
-652
272;712;-221;-112
720;-902;-330;-399
-913
115;519;-924;620;-751;14
737;312;-555;430
-577;-722;775;-265;-891;751
64;84;-37;-853;-588;-368
345;842
-998;856;89;414;-528
-764;-687
-562;866;-964;-604;-190
658;-228;244;-519;-586
977;-564;548;377;795;-928
-438
-787;568;-732
32;776;-621;765
128;-436;581;284;141
816;-372
577;818;739;620
194
-131;-787;-411;-508;347
528;775;344;-926
344;-635;43;-479
240;867;-567;703
178;810
385;-204;317;-720
-478
735
992
485;-619;-478;-222;190;-96
480;532;343;413;990;543
-33;-887;-985;-265;-109
-165;773;-121
997;-520;-187;207
-86;-88;-508;477;447
754
518;903;75;123;-96
-721;-215;-41;104;-121;749
-339;44;-879;926
758;-936;427
-101;-614;825;763;-750;639
