-578;-447
115;-167;-976
-519
629;778;141
-194;36;-624
-242;-540
-993;-401;-727;568
753;277;439;-141;-544
-531
22;253
-43;-750
999;-617;154
62;-783;526;991
-82;622
657;-709;-935;844;428
-285;204;-318;-655
-197;-807;360;-924
68;-231;-638
-166;-583;201;-767
295
344;60;-959
-434;403;-613;-774;606
-579;-249;15
292;777
194;-615;630;-842;682
-375;58;-812;-669;-558
-452;244;933;-102;-571
-248;300
-545;474;-495
356;-213;-823;-553;411
56;268;-14
386;279;360;329;971;-735
280;-592
758;-702
-722;947;856
-106;-464
-59
-65;132;987;796
834;947;-198;-699;-924;620
278;-986;126
889;460
496;964;-262;409;-512
818;930;179;-997;507;939
-979;724;-359;57;-494;462
-698;91;-240
944;-324;-21
464;624;-370;71;-446
353;530;-739;-745
-865;466;-484;24
603
-353;834;612;901;-104;765
256;-130;-323;486;607;735
610
466;-367
65;533;109;-95
724;-110
971;-862
820;314
322;-208
371
-917;29
521;-747;731;-158;-222;767
-637
142;79;-96
381
402;-229;-189;-111
-662;359;765;-335
-642
632;13
-58;-91;683;-397
100;344;-300
688;-229;101;-407;-299
848;35;181;-216;-447
-664;-506
262;-922
919
36;-184;-24
-242;670
368;-259;424;890;30
262;826;-655
-699
592;-855;966
-101;217;588
-868;-325;54;-847
945;422;-487;281;137;-848
-81;-791;-605
753;4;-998;411;797
982;-61;-206
-462
-210
272;-796;734
930;339;422;330;138;-912
-579;487;-249;824
-993;388;-8;-728;-521;604
-596;-408
-633;873;-382;-95
-775;-13;-477
754
162;-734;-960
765
-945;727;762;-591;-975
