36;477
832;-904;13;575
-212;104;-894;-350;-446
-520
886;-941;47
-563;263;-475;254
-786;49;-650;-93;445
-941;269;815;127
-6;457;79
98;-248;169
-789
-281
-819;-747
-929;-449;-83;-622
293
658;660
980;-431;-255
866;708
-737;434;-699;-576
-980;22;856;122;-319
-757;68;325;920
34;-868;-27;75;-798
228;76
833;-823;727;169;-730;-125
-472;-573;-288
929;808;875
192;969;378;75;750
-753;-519;-503;-80
821;267
-981;-181;70;-136;138
325
4;-918;453;-475;-416
693;-88;792;-253;-559
595;296;-798;-15
-454;-444;45
-820;-566;489;299
-739;396
944;-324;792;281;329;-908
861
-259;-341;-987;-811
-247;-620
-868
-979;-629;549;151;-732
-88;-536;-393;-426;58
-146;-181;-952;-555;702
352;781
118
833;451;756;-839;103;351
-67;-581;517;502;-494
-965;-694
115;-654;-848;-528
-636
-163;340;245;618;108
674;724;-73;-688
126
-871;-795
-69;203
-918;-582;534;-55;984;172
97;-374;-375
-911
-726;-697
53;-555;474;604;334
655
547;-348;973;255
-519;742;745;28;-254;-592
-978;-455
785;35;-663
950;70;889;-460;572;700
-690;376;604;-128
912;279
938
-939
739;566;-364
-181
675;-503;-143;414
-444
-385;-741;442;490;459;-78
-631;-72
48;-360;-41;-489;-539;-91
-696;895
498;-956
371;-574
-462
562;415
407;829
-116;776;-761;-538;-347
288;-359;-716;924;-141;733
208;-533;-662;-217;729
-82;565;506
-433;-147;101
-242;770;68;646;218;559
-674;-932;548;236;-687
-938;-827
196;869;348;-159
-84;21;-680
224;-453;936;458;95
-898;645;-406;-588;-15
-755;-44;559
566;425;-303;319
-776;-750
208;340;-774;-826;-108;140
