-881;688;-581;264;250
193;-770;-227;978;632;-796
497;515;359;-846
-434;-293;105;446;-896;-224
-629;101
163;-822;-126
864;151;26
-978;86;106
216;572
-418;-644;103;716;526
-675;570;-190
-712;636;-735
961;-406
658;-958
643;-213;805;102
208;-883;-611;-341;-613;133
-789;425;-208
113;-943
402;-324;-164;-807;730;-670
198;-776
330;362;-624
-18;-354;-260;-964;-11
-421;796;959;-448;-560
501;405;519;-841
-571;-526
162;-456;-812
-436;-39;202;684;236;716
690;-350
387;472
-84;-775;219;-991
50;483;-261;-423;-970
-961;-577;-53;196;-73;857
-867
-161;595;-41;808;-938;350
-977;500;-598;87;983;876
-817;-787;-937;426;331;398
106
903;-795
-321;-662;841;-956;525;206
-819;451
-113
401;-1000;746;-27
416;513;-440;168;-779
992;642;643;-874
-54;597;134;713;526
-852;-26;-636;430;446
-383
-663;-378;427;-30
-702;-719
-912
-916
688;737;-197;-983;-619;222
288;869;-494
-993;788;-204
-312;-809;-123;476;-893;-285
452;-550;-491;-79
-646;56;-906;251;831
454;985
-935;775
-33;-896
533;-375;70;727;-155;-126
-114;308;199;268;781
785;-101;-191;-912
-339;244;-630;695;551;410
-117;793
450;-949;-438;202;794;-736
-609;35;424;-527
881;821
740;-999;152;536;-460;-140
938
695;-874;-511
437
-810;991
561;898;43;734
498;204
-98;713;-924;-140
900;-427;-622;-830;-543;-464
-49;198;-983;639
212;613;394
454
-785;-436;808;-301
529;658;-473
203
-886;-856;104;-922;-207
433;484;-583;-985;858
645;-777;-590
-21;55;-857;-191;-479
-753;-741
930;706;277;-86;-807;-551
-693;-296;-174;-846
-125;-606
-593;723;724;-725;-213;-648
-629;885;-518;665;636;974
-68;43;511
-866;724;-391;602;-300
662;-121;-618;-335;63;-400
496
-502
-530;869;-39;170;459;-684
-641;-611;-791
448;-917;75;141
