-868;-581;-88
449;-190
946;883;-615;777;62
-775
-777;-571;-59;364;12
275;-268
780
-563;-581;331;-992
15
595;325;872;-764;-752
42;-892;14;47
832;742;168;-43;-444;-719
801;-1000;622;-944;495
-881;852
150;655
-811
-562;-678;5;167
59
-298;410;972
961;-388;-478;223
384;-425;361
-182;-712;-829;-814;-352
677;311;621
721;-629;-24;840;957
35;339;793;189
962;-261;-184;586
97;901;488;-636
-774;-414;335
-86
-997;38;-999;311;791
-345
480;470;-94
209;-419;51;237;141;895
769;898;627;19;-8;602
-201;458;92
80;-329;-363;-989;223
585;25
-868
232;-332
-788;68;265;-572;926
434;803;868;-135;951
533;727;573;-191
-513;35;-598;-569
-627
-754;-642
-867;778;-556;-892;30;111
785;355
-774;581;-103;43;636
-517;-381
-977;-391;344;57;-956
-133
405;-152;-888;-571;-428;988
177;-43
388;-489;248;874;139
-168;489;682;300;-254;-654
422;9;477
910
760;-651;-254
-737;-548;787;-841;937
-769;468;277;-840;409;-976
470;791;476;989;-16
-657;-18;-691;-820;-363;349
-772;-775;-78;95;607
-668;255
215;-249;-379
244;936
-449;896;291;-759;185;505
533;-71;-47
-161
-721;-66;-400
-916;196;518;-745;269;-767
-276;691;-999;-363;13
884;567
336;855;-78;-942
99;999;664;761;-815
549;955;-702;510;-624
-516;-197;357;235;300
128;-340;-886;-135;29;766
529;-714
-928;735
-932;794;365;221
16;194;-452;437
-913;-981;501;393;-445;221
-712
-456
81;259;631
813;670
912;-149;-488;954
851;-21;-110
-722
448;994;322;627;892
-405;4;-711;-536;-920;303
-538;-382;701
-837;468;568;938;107
610;644
-545;-982;55;-40
-979;-469;874;588;829;-606
309;442
357;-523;-846
10;491
-123;810;621;879;-656
