321;-251;955
16;-626;-836;-534;665;-736
677;93
161;-726;-234;-155;-588
-754;-710;-360;-296;-456;522
257;-642;884;233;378;431
544;408;-447;-768
-515;-867;950;281;670
-387;596;201;797;-78;415
-354;674;999;280;266;-576
113;-101
-129;-49;276;-629;838;476
-642;914
689;-671
880;817;-662;684;606
-25
281
-85;-251;-909;-576
560;-641;-610;-163;435;-125
-762;555;-653;46
544;833;481;508;-639;878
-961;420;491
112;519;-393;58;892;141
-551;936;-478;143
469;-778;-495;-528
53
-482;-920;-957
418;-7;-94
18;302
-802;8;-379;-429
337;-484;-101;571
-353;113;827;76;-557;-688
497;625;-322;-598;727;423
-466;771;-889;-954;-76
-307;-27
-850
353;402;-724;950;902;-520
727;750;-976;95
641;-557
-597
40;-894
593;995;-502;-985;-957
32;806;150;381
-977;378;-300;-480
512;417;104;506;-927
-133;901;-570;-560
946;722;229
451;230;-42;-522;-911;-80
-618
-664;-537;-522;-652;971;526
800;-117;-188;-605
770;-629;-985;-346;27;796
-882
643;340;-984;408;219
627
835;-596;947;-47
-106;-842;-766;-959;-927;-112
406;-824;104;-955;-908
900
-421;559
-742;346
908
-401;-67;963;717;-815
-276;-440;151;729;-796;781
-673;-85;-840;-347
-465;802;-438;199;824
414
431;-16
323;695;-428;-429
704;-85;-783
-406;-422;821;-775;903;-542
1;436;239
-577;164;-781
-419;244;-535;-328;954;765
-872;72;-202;235;-172
963;870;-383
800;946;-132;-670
376;680;-718;-160
122;317
-953
656;541;-494
256;391;59
197
376;-890;59
757;-957
227;997
-884;-87
256;-718
-341;-758;985;-381;286
482;-229;57;172;495
128;241;-741;-377;537
498;758;494;511
2;378;603
-964;-133;-249;744;810;527
-209;-786;-166;-137;46
-498;-200;-809;766
-722;881;-629;743;-650;-110
353;50;-788;812;828
995;188;591
498;261
251
