-102;-159
-374;698;-221;942;239
992;853;-454;556;988;655
51;244;-59;30
580;-617;-43;366;239
-528
-578;-83;178;947;575
-689;983;492
177;98;-181;-71;777;-14
-26
129;330;-366;445
612;-197;-822;22;415
-404;-759;695;-588
-99;-613;729;782
-865;-391;936;-923;-892;-975
294
-402;659;-597;-10;570;587
-129;721;-900;-182;-606;-224
737;586
816;-433;949;-425;-26;698
960;-853;-104;680;-637
-49
54;364;399
-820
-738;659;-409;-76
-116;-953;-778
576;-98;568;520;795
-787;-249;717
63;-640
-153;969;-496
-402;-647;-364;734;-415
-854;-568;999;871;-632;-398
816;792
-177;-306;535;-382
-631;648;777;-715
-552;842;-268;875;27;-332
845;-95;-832
-114;-710;907
833;242;562;965;297
-371;338;886
-19;617
96;592;-7;-103;-696;973
800;-612;421
160;739;901;30;-448
-871
-689;177;-626;313;-509;717
96;81;-434;884;-733
352;-327;-167;-125;-445;350
241;-54;5;-555
354;-247
-354;722;435;835;-422;171
853;-171;-204;366;606;-63
402;694;728;-843;14;654
-371;-301;-941;206;78;959
756;53;-844;-607;270
-404;211;-216;781
118
886
849;151;-9;410
546;-404;-951;-90
599;557
304;-438
-545;740;92;268;95
519;-91;-302;-527
4;54;-203
657
403
-611;-51
-151
409
-916;166;-185
176
177
38;-12;428;463;31
697
-98;-163;-643;-28;-287
-969
-898;184
-980;663;-880;223
623;-416
912;-244;135;525;-96
-724
-725
-243;29
848;-377
-737;-882;-780;-797;941;-528
-869;856;680;-442
-386;18;248;602
961;290
979;-492;-477;-112;-640
-371;166;-794
192;-595;201;-254;943
993;56;-27;491
227;264
593;156
-355;-85;-294;331;-861
293;504;-556
405;92
545;-439;361;-285;381;-64
288;737;-658;-136;-988
485;693;550;647;862;-432
