772
305;-194;-413;-861;-46;-848
-801;-823;859;987;301
692;389;5;974
80;-449;-520;553;-160;511
-373;-392;-765;414;894;495
678;-985;-992
530
-82;898;484
1;20;-60;591;751
-65;113;579;-347;236;-798
35;-573
960;-933;-153;-672
688;849;-693;-203;-672
-210;805;-184;-700
-33
-140;174
320;-284
-578;212;-475;-541;63
776;443;-669
296
299
224;-782
321;805;555;925
146;-901;875;-172
-244;164;330;-572;268
184;652
73
-929;37;-841;585;-13;573
-713;125
647;-729;808;713;175
85;247;856;-74;253
-858
-373;-999
292;500;-443
350
353
354
352;-11;-459;-493
-81;-791
-295;-330
-881
-118
715;171
123
-963;-532;-933
304;-328;-56;-714;410
641
768;-898;759;14
-133
-611;-549
528;4;-886;-551
-49;-345
653
399
640;644;908
-657
662
146;-820;-472;-107;589
-920
-409
864;-584;-44;174
-122;618;908;-224
673;-340;847
-393;-953;-347
413
784;-114
322;-372;760;475
673;-255
168;-859;526
423
978;-299
995;84;823;461;878
169
-933;-357;-10;-442;-301;334
240;848;818;-148;-560
-641;-149;-344;958
368;-6;-294;470;-734;638
-5;-170;-411;143
-856;-76;-543
400;-625;-228;325;86;-154
66;898;67;-253;270;-80
103;986;652
-481;-494
-82;290;212;7;-891
530;757;141;687;655
-769;407;-474;-299;714;-46
689;814
-881;-419;195;954;-332
-113;801;732;974;767;-880
-961;950;-637;734;-832
337;153
-743;508
-700;-816
529;-707;626;867;-823
-385;626;-5
242
243
505
-506
-18;-117;-203;591
