-341;709;-109
290;851;728;-747;-862
261
134;-712;507;844
784;886;730;414;783
-947;-524;-847
-113;155;396;350
183;-525;-448;-720;463
835;165;965;749;173;-48
281
208;817;148;52;-685
33;-419;-426;-875;634
-721;-276;438;742;378;492
-762;349;526;-47;-864
-884;854;572
-163;-899;-381;-127
-562;-899;-998;888
561;609;203;-528;-880
-833;353;965;-23;89
277;903;824;-685
-882;820;-878;-640
-52
373;447
-227;665;-654;781
-553;-395;668;-800
-769;-68;195;-903;-872;569
852;519;733
964;747;125;782
317
98;5;444;349;958
-787;-814
226;-437;-263;599;168;285
323
-372;340;-901;-590;718;735
906;60;-383
81;744;-618;58;634;-973
722;-55;-665;588
336
679;221;-303
-961;-861;-831
2;-324;-857;155;-812;463
-353
-884;14
899;595;470;441
-359
768;322;-310;426;-63;239
-104
-84;956
107
321;818;231;-844;-637
330;42
773;72;-217
852;538;779
-891
-433;467;518;231;540;-944
-283;302;-399
636
546;91
898
-209;-345;-442;348
370;-888;136;-524
-786;-437;901;-718;-895
-711;-713
209;-468;-327;-841
915;-820;218;346
-755;-920;696;522;-719
36;629
-519;-477;-957
-515;898;-53;-889;184;-46
933
-201;-479
53;-479
400;965;664;-576
325;-728;711;-297;-698
530;-649;-30;-288
-650;-443;395
37;-991
752;-67;-874
-642;18;-268;812;-367
-933;904;333;-478;285;-304
736;82;776;635;12
-209;208;-678;345;362;-479
800;-740;-872;-394;-13
612;-181;-236
966
967;361;665
146;-602;-637;111
736;-948;-261
616;-332;411;-381;926
-727;13;495
-481;-767
-67;292
-387;327;23;-957
-195;-867;403;345;-171
368;-676;-758;-297;605
245
328;-575
436;-614;-326
48;617;-155
771;167;-842;670
511
