-461;140;-448
594;-699;-155
-951;-937;89
-521
-85;862
-468;998
208;-994;884;-635;-751;-272
-437;-775;774;570;-380;783
541
-82;785;-779;874
-23;762;60
432;-33;-5;-938
736;149;39;169;10;-303
738;935;679;-396;382
-165;726;232;730;-541;847
-647;686
43
66;857;-828;-351;303
641;980;-793;360;398
-822
565
569
-118;761;446
-567;-525
739;838;39;-59;-652;956
234;92
68;-910
846
192;968;-379;-798;462;-527
-947;915;373
98;965;303
996;421;-166;440;11;-847
736;473;415
466;658;-629;666;-44;767
607
481;-245;-6;381
868
-135
-265;655
882;116;-598;854;-347
140
673;665;-603;190;-271
-771;-398
293;647;476;349;686
406
800;-951
-321;-598;-6
-946;246;-989;252
854;70
212;998;-795;510
927
-609;611;135;-185;-603;812
-211;-403;-376;827
163
-677
-817;-116
197;-936;904;-587
882;568;729;-154;447
70;-24;635
724;-342;-29;941;415
686
592;-230;-486;-458;202;555
52;231;-892;-366;29
-665;-538
-906;-42
-115;-68
-193;-535;-992
183
-610;794
-468;-393;413
-866;-375;-666;-78
-227;970;475
453
501;-921;746;895
801;565;-121;490
244;452;852;792;-622;-495
213;696;-764;-477;-127
387;551;-921;-857;-922;-234
-227;551;-776;-296;875;332
113;452;154;622;655
-578;-291;-373;-150;926
179;-904
469
853;359;793
-682;-939;604;-734
-788;-309;357;-631;-681;300
-178;-581;719;-688
308;885;5;-712;-13
-723;-935;551;-747;-670
-145;874;-559;-400
884;373
677;203;126
496
151;-397
69;-537;553;-270;31;911
835;100;-441;474;558
354;-905;538;-27;-463
-465;-135;-552;842;814
855;920;812;-205;429
816;-354;-887;603;-622;-64
613;-104
