225;562;-792
-754;865;-886
995;-103;-667;-619;381
-193;898;506;-942
417;-631;-665;-672
-291;808;985;-191;79;-96
-341;-598;-748;-252;-125
919;280;-77;-592
-25
832;563;-602
96;852;437;741;886;88
288
-67;873
483;214;472;489;940
-279;744;-28;-396
-772;815
-261;216
-978;165
352;210
818
-225;21;646;-752
-290;-370;-244;387;828
403;167
19;-568;607
533;42
35;790;7;-512
384;272;-370;628;-188;878
-380;-460
19;86;-568;-378
-109;-478
498;-966;-985;-414
-290;-697;841;733
-418;-373;828;207;399;-976
-561;-625;-484;-757;519;-475
-450;-712;-456
594
-84
345
-385;884;-262;-364;-990;-767
-193;-755;-843;-462;366
163;-517
149;711;136;40;-844;684
964;685
738;-564;-375;-175
1;-402;-131;-323;475
516;-393
-376;282;-686;111;-736
-228;-487;334
-802;-467;-198;829;269;494
-894
-213;-981;-154;-571
784;67;-697;-794
897;787;339;711;-301
-114;817;-133;-700
135;-730;237;-382;351
-436;831
-877;-686;142
932;-505;-60;543
-143
-399
-481;898;163;22;-202
450;-376;-430;-560
-51;474;-109;-477;15
-103;254
776;345;319
-792;-925;781
167
-680
480;945;-342;806;-840;-873
-802;-617;506;606;-639
-951
120;318
-680;-345;139;190
66;870;-103;-585;-64
97;-231;327;-954;317
832;776;-445;-207
453;-663;-168;-618;-171;719
817;916
962;516
-453;454;-618;697;586;557
459
-417;-756;-532;-603;-397;-63
-216
912;180;-758;-280;-776;249
-823;-782;61;927;-368
-987
817;-340
479
-869;-424;267;-141;-111;286
-178;723;677;794
882;626
-402;-883;-758;-969;556;-334
721;257;67;-166;-617;-31
116;-583;957
69;646;871;-186;761;634
493
-740;373;438;934
392;-473;-414
-786;515;-255;15
583;695
-642;-342;-807
