512
-774
-193;-370;663;-665;826
786;41;524;-831
779
963;867;950;303
-389;868;645;615;343;492
-982;197
786
481;838;296;-393;-778;-464
-70;-720
-4;281
-194;690;854;-185;-75;-44
-115;-427
-945;804;695;171;781;573
287
-578;609
-530;531;-889;-426
-962;-133;165;-822;-762;943
677;382
-950;-86;-713;-79
513;82;-106;571
947;-598;-519;-126
131;518;-679;-779
-300
-815
961;37;795;47
-561;-803;-165;729;750
296;524;254
308
420;-552;343;745;189;-320
64;762
571
-228;287
-88;28
401;338;388;-44
826;-511
3;-102;-583;-156
131;-458
-470;584;-827;-509;780;-397
-33;642;-728;344;-153
-821;615;24;281;732;781
-578;18;-980;-25;717
-758;-8;-298;-557
-681;728;-714;-299;-655
-95
288;86;-185;121;298
-104
-899;328;-558
769;-645;-362;473;-619;-491
-690;69;-983;-295
-497;72;795
-886
-121
771;52;-453;-872;359;-491
48;-325;-518;120;217;78
723;404;711;941;-608
549;-936
-866;-324;-326;-967;558
-44;-510;-208;623
395
193;647;-761;829
852;-360;-349
-929;-402;253;-96
-833;578;-691;-808;-332;910
-611;-355;-825;-921
352;-914;-41;363;-173;-253
415
640;915;473;-428;863
-949;118;668
314;-989
-593;-545;-499;426;858;189
-432
464;565;24;-365
338;741;821;70
948;86;169
544;609;146;931
162;599;-944
951
-353;-81;-412;-365
-98;-121;41;-779
-884;-664;-824;-698;-686;750
-226;631;-651;-206
441;11
-449;-469;-166;409;874
841;-266;-683;-96
208
535;185
-69;156;-462;-607;-255
-658;-586
372;-888;-475
434;-918
73;-304
233
66;-452;-10;-607
-169;-334
-759
930;182;456;-763;826;668
150;-552;-619
368;-258;-793;76;861
-641;-785;-757;-653;-845;-415
