-131;56;75
101;-776;599;845
737;-388;821;-490;860
772
-929;915;326;-152;874
979;915;-633;985;-538;-926
-39;567
-163;786;466;-375;57;-750
-372;419;-601;361;987
817;-933;-792;-122;393;-928
-179;627;53;-536
16;-806;-423;265;683;-796
294
19;789
688;633
-816
-978;-884;245;373;285;398
819;757;-102;-887;231
336;342;-728;-1000;-696;925
404;-437;377;-910
-625;686
82;218;-171;445
449;-146;-984;104
544;529;190;-175
-69
548;824;362;-319;959;-256
321;388;-358;774;-871;-584
-897;-534;748;654;-304
-612;535
-830;-528
-273;913;516;971
-754;902;248;232;989
337
804;615;-826
-142;991
772;997;215;-617
648;570;682;239
-561;-470;682
401;658;62
-866
-566;-346;46
791;88;-204;-316
-876
632;504
-853;121;847
629
305;-807;806;632;206
-713;809;-380;-894;-927;-576
120
-325;600;-909
728;-603
145;195;-837;196;428
-98;406;331
-938;283;829;-63;255;-496
698;-492;-592
-665;889;-12;429
496;450;662;-840;-44;175
356;-553;973;893
714;699
-114;-435;476;-222;-864
-649
393
-143
563;117;331;621;287;-752
-833;-657;-190
-606;861;-656
-689;-883;-21;-615;793;-778
758;-909
407
162;419;713;-367
-418
848;-308;-958
820;821;-841;-667;286
-481;60
680
326;-155
-437
772;470;525;461
-9;702
-546;163;-180;727;-316;847
170;43;-912
418;803;-212;374;348
-455
-865;-618
976
978
244;709;695;-904;-285;780
342;-140;14
720;898;-779;-111
477
-326;-413
-738;968
-115;-724;-471;-632;-108;283
233
745
746
409;-655
985;30
-572;-190
275;808;703
208;-162;-354;-516;317
