337;-454;282;859
-745;72;-347;204;557
146;-398;-527
256;258;34;-372;-190
64;145;916;936
-482;843;-909;-383;399
-164;792;-91;-511
386;676;-234;-544
660;149;-780
224;-951;-873;925;126
567;750
33;773
297
195;348;844;958
-341;25;-812;926;-864
-302
-465;-769;-613;-410;-270;-592
-900;950
571;668;156;703
-231;-11;730;-672;751
-569
-211;490;-828;-270;-239;-31
-931;755;423;75
906;444
562;21
-962;-564;-149;-790;-508;-172
-971;-895
82;-595;285;814
208;-83;-715
334
805;-825;106
-129;-630;-939;-188
594;-244
355
293;-160;-32
-280;-15;398
337;28;428;-176
-653;-735
144;-395;-636;-783;879;-864
-339;612;-155
194;482;199;299;-798
950;-55
-897
96;626;-22;393;618;-302
-506;-620;-829;701;-414
992;-68;-790;-523
-473;-941
946;-852;-470;668;-157
-369;-307;930;373;795
227;-854;41;-588
-945;-371;595;998;-683
-153
-594;695;456;-969
-833;-325;-423;142
-467;755;-998;-807;838
-681
-529;546;-440;56;-12;-559
-898;594;630;854;249;-491
339;-767
357;53;-953;-653
-773;938;75;-926
977;-677;901
-997;-135;536;-187;92
-180;-708;444
-209;-865;-515;-825;-590
-550;-518;440;-330
-852;-198;-680
707;255
-82;807;750
130;-485;507;-765;-927;574
-405;858
-324;-858;-444;911
886;-426
-594;338;-563;-905;89;-363
-463
463
353;850;998;-808;780;-686
-342;759;559
114;-677;744;-410;-26;46
-945;789;-486;-72;504
928;-291;855
-756;484;-774;-937;554;-832
-948;221
-728
706;-377;361;906;796;-126
977;665;-28;399
310;679
-737;-8;-634;-891
-374;217;636
-609;-836;197
152;586
698;814
-641;-674;-136;-74;765;526
-491
-67;148;668
-495
241
480;-993;-182;842;-159;510
499
765
-802;-964;405;-487;-728;-496
