-642;625;196;103;-26
194;-198
-247;763
-667;927
-324;519;-190
892;828;589
656;629
-225;647;-698;265
914;-126
-915;585;-973
-33;594;-841
-388;-968;-717
939;111
-833;-987
-771;153;892;909;-847;463
289;-788;-709;549;-682;285
-33
790;940;414;-64
-649;-922
-199;-93
-612;-501;-207
656;-627;916;646;-842;62
-871;508;62
-513;-929;483;-58;75;383
50
-53
52
-801;905;-720;559
96;218
-804;-389;-359;297;588;-160
-985;266;-364
841;-781
-854;-488
-594;358;-872;-204;-800
68;10;-142
577
246;-871;-8;-462
841
835;-998;-921;-782
432;-216;-280;8;299;-319
-740;-617
-273;884;247;839;602;-686
405;-793;-458;826;-59
210;791;632;493
722;663;-606;414;-927;-864
-940;-428
-340;-789;-957;206
-161;-956
-353
-549;-840;268
928;-379;59
102
105
948;773;213;-711;1000;954
365
-790;263;-459;619
163;-709;837;843
-164;532;102;534;743;924
374
-674;83;-88;407;-346;-782
636
256;385;583;-75
736;358;-681;921;-491;-205
597;122;-668;333
186;714
645
-676;541
-934;-25;696;-394
-562;229;-377;267;845
304;-978;452;197;-638
-628;-549
924
-414
158
707;-153;-395
-213;-972
-916;746
545;34;109
-451;314;-284;-525
325;-760
883;440;76;-960
324;88;285
-699
696;-508
269;-464
560;-363
321;-180;-984;-989;-15;-912
596;-647;198;359;205
-881;24;-203;603
736;-983;-991
-42;-717;287
944;-995;-540;764;-286;-624
-226
-689;-198;-426;59
-984;-72;568
273;-695;-474;-826;-48
852;410;-124;334;46
50;-362;-604;-608
-977;658;668;156
763
-353;320;881;-836;-958;-334
