-852;-234;876;-559
128;-849;435;-393;-91
-435;-791;214;239
-931;-389;469;843;527
674;-180;-486
-19;-101;-551;-618
114;-792;633;811;523
608;-209;754;756;348;317
-789
-690;934;-554;-476;507
-195;-74;442;-459
547;-262
532;-661;-158
-138;10;-845;685
-488;-312
-546
-553
-531;340;-618
290;84;53;887;168;-672
145;-836;734
-481;-279;615;-188;-479
275;-567;-574;478;431
-227;-876;463;591
-819
914;-643;-361;-475
-823
-756;807;-667;-191;-16
-290;626;101;-989;-16
-724;-392;424;636
-513;-425;-170;333;-110;943
624;715
563;-21;85;-246;-320
528;-658;-884;-437;-280;-126
-70
-887;-215;-332;-173;255
-454;440;-573
450;-781
-561;-516;932;828;-14;-80
-225;-962;422;844
209;-184;-953;846
-326;-526
801;-460
-4;-853
-81;859;-430
790;1000;-346;-751;943
165;-779
-774;-585;-956;-61;-800
103
88;317;-511
933;-59
275;567;-478
305;-647;232
-401;-261;36
-20;131;-647;651
-929;960;1;597
564;-392;664;-461
-785;-182;-695
432;-298;761
307;516;724;-539;-880
-869;437;280;-748
-258;582;328;762
-647
134
672;-678;654
-498;163;931;328;462;-991
-466;-821;810;554;-61;382
-54;613;-155;428;79
4;-150;853;206
768;913
-723;-211;-831;-175;-512
241;-538;-109
156
150;-729;874;-283;-684
417
968;-26;-12
801;-407;-7;-795;-780
-888;-302
-451;-852;-824;-681;-330;666
869;-439;506
-307;-663;343;458
497;899;663;941;-782
803;710;393;425;-621;255
943
176
545;-362
275;677
-66;244;-70;-552
500;460
-98;-376;569;858;-749
-932;6;248;633;253
488;411;-688
723
99;52;-247;-760;-894
210;-396;-29
299;-142;319
-407;-136;-944;-784
484
-492
82;789;-636
667;348
-933;612;-872;398;543
