771
-245;252
-724;-821
211;536;-736
-280;296;-938;922;-525
-867;-683;-255
-386;-886;-775;-784
67;-410;140;991;255
-278
391;459;587;685;461
-274;466;-676;-251;540;479
-785;-269
483;-346;74;588
-417;-722;-826;428;223
-802
-946;979
64;823;174
-642;707;-693;77
-933;-262;-103;281;-173;383
-391;359;585
-42
-658;-535;506;987
658;747;-335
498;-265;-107;-973;735;-704
-921;-283;-380
-817
-322;-653;284;-639
-382;-704
-276;136;201
-434;-115;-166;149;199;941
400;-129;-678;262;-426;250
-418;503;492
-211;182;-889;476;878;911
304;-182;966;-45;-976
-838
-897;59
640;389;-199;491;30
-993;-874
-588
706;-853;854;650
385;-767;-720
-882;-421;-957;-637
531;-758;-843;845;-624
-81
-597;255
626;-707;679
-362;-750
704;49;870
131;634;861
-361;219;-990;-144;415
-737;-580;-827
163;-309;788;-374;-171
344;779
-945;-753;529;555;637;334
-406;567;891;-813;-798;189
965;407;536
441;187
330;-908;685;-480
-609;212;-695;845;-384
291;-555;383
-627;789;-138;-59;237;430
660;-264;-1000;967;365;-95
-705;-374;444
-231;-954;9;794
880;34;812;-941;109
1;-823;-586
244;-358;-16
-134
-740;877;509
465;390;777;187;107
-707;756;549;-502;-488
-899;-727;-588;174;46;319
141
-915
512;342;-104;616;412;-862
-225;-567;-492;109
758;888;826;-653;382
499;-309;-648;-568;345;13
-417;23;-528;-272
5;-393;-41;234;-494
689
-498;319
-616;-683;538;-444
-226;161;594;-918;-316;524
905;299
914;219;267;909;-848
-308;547;-249;-685;876
695;-506
256;64;513;-329;-44
-229;934;664;-650
754;661;887;-266;702;31
-213
-43;-427
596;-824
-467;179;-442;-525
-578;50;722;-682
449;770;-677;-8;-972;670
-139;-607
241
-505
112;485;121;348;-559
