67;447
-358;389;266;220
-263
370;521;-956;-124;-79
66;898;-902;-680;12;-688
260;-651;362;556
15
532
848;-229;-101;677;283;-940
-706;-228;229;-952;93
-562;-948;905;828;-925;-862
-284
851;373;678;877;-239;-208
512;-500;-522;217
804;-725;-312;782
976;-757;443;399
49;-610;-378;-90;990
674;-871;359;-202
161;19;-936;441;572;-558
-53;-650;-442;764;684
-818
-561;259;452;-620;-96
480;-74;-460
289;564;-297;10
-786;217
316
-691;-118;-984;184;11
177;-758;-791;841;-44
576
-215;-647;796
530;-853
-610;-534;302
711;638;783
642;-166;585;186;891
-109;12
-513;-8;-347
611
739;645;839;-73;-256
564;-669
-978;-52;-295;632;587
-545;625;-615;214;-555
-449;-428
-365
194;-150;-155
-709;357;-239;-639;95
-216;346;-828;814;254
439;-811
-771;-659;-548;518;202;-397
-887
37;200;910
-103;25;586;-973;844
721;947
17;885
-903
321;902;-95;-992
-821;958
258;-597;775;281;-188;-668
384;402;-983;-826;-397
-433;225;349
650;-251
-899;-20;-379;-429;78;-800
-209;-518;-526;-574;-783;671
982;488;970;285;-527
-668
-180;-261;294;-285;-494
963;213;-183;791;24;397
465;-307
-569;1000;-512;751
673
-993;-713
274;505;-606
-431
151;188;860
-499;-840;138
761;-940
-754;452;-138;-252
-387;595;-774;-894
91;331;-861
-534;-746;461;622;14
305;648
549;-329;990
-956
965;919;269;-462;-224
37;265;-492
388;845
724
-370;-821;-727;858;477;-144
419;308
-915;-582
-732
-593;-6;-903
467;-584;920;701
-948;888;-939;-860;-671;-256
883;455;361;-382;958
-492
506;-13
-835;407;184
-226;-19
-369;-646
-504
-308;-201
