1
-659;-442;-971;572;428;814
416;-411
992;-273;-138;-316;-256
373;54;-202;-11;-204
145;739;-407;-15;831
-528
192;-597;-508;124
992;613;805;286;-624
794
769;179;917;-702;911
-796
148;406;-840
824;443;811
258;-72;-746;-319;591
786;-581;-24;552;-234;-464
307;-455;-312;-11;507
912;890;796
-39
3;373;-423;-424;174
-484;-486;327;-557;-896
35;707;-138;-911
-390;504;-26;730
576;-9
52;-329;588
57
716;623
827
-318
181;37;-155
-582
884;-300
866;-794
934;-862
-363;-767;799
805;-600;8;120
786;-230;-166;968
-82;451;478
-950;-825;409;-955;-464;-112
-961;211;280;-125
259;-345;968;-543
-228;-955;331
488;-858;-747
605
-551;520;381
-914;-227;-195;-243;-846;782
-108
-897;504;472;-60;107;750
176;856;361
-170;283
102;-734
165;135;76
433;-259;325;649
437;-936;-907
642
598;-986
-977;-501;-69;-379;255
444;638;-944
-753;354;-329;-937;-524
-834;691
642;905;-156;-223
-561;-675;363;-925;367
58;346;-251
992;-946;-998;988;-669;221
709;-728;941;-255
668
-886;312;-96
-49;-147;-852;136;440;47
170
-891;206
279;-457
-738;578;-520;860
225;659;-781;-797
-554;-940;-750
-19;946;-390;-736
626;-473;989;-558;127
226;249;974;-31;574
-641;438
971
-81;-242;227;-880
-417;753;-248;392
-179;-966;774;-556;315;383
-33;168;-969;-474;-203
-545;776
115;52;-656
-674;532;180;373;732;-398
-515;-883;-518;-158;303
-212;-230;474;620;-159
-776;681;847
-243
-260;-676;38;398
-373;-857;473
-882;965;-921;968;-377
-961;745;-32
-354;483;677;87;521;-911
224;232;921;-781;-686;-160
-488;237
978;818;515;53;-64
257;-767
721;197;-439;792;-761;-764
-512
