949;-41;217;570;875
681;-635;990
-289;612;969
242;-644;693;239
322;808;-683;523;-944
-284
540
560;-850;-664;-122;553;491
-37;823;505;-602;-524;125
-808
-433;826;573;-926
948;69;-601;-251;-462
865;490;-924;-157;-445;-640
-310;-535;-478
-555
17;-584;9
401;-132;-565;886;-599;-551
-50
276;283;523
-546;-888;92
302;-240
-323
325
786;-835;23;-940;-975;335
-385;760;206
-772;540;-607;-256
513;-440
-226;-602;-43;138;-172;830
-228;825;-11
385;-388;-847
-556;-958;-383
333;542
66;595;-806;326;795;927
-867;-308;596;698;795;989
544;-872;-44
895
522;140;268;733
896;-469;488;280;-43
-284;732;-63
642
-980;-485;-986;-703;910;574
-134
-577;245;216;264;458;555
612;120;648;299;956;318
907
-198;70;-526
851;59
889;-491
-548;648;811
420;538;-46
16;482;-632;-281;-108;667
658
-241;603;236;462;111
498;419
-739;-949
-184;-77;109
-601;-112;-208
132;-566;-90;602;110;479
418;-7
-927
21;649
-746;362;-800
768;-162;881;-963;-940
-600;-633;302
418
-741;245;-888;426;314;-543
960;-147;-277;-173;-783
936;-106;14;607
-641;-386;-53;-648;-239
400;-225
12;-958
340;-518;-362;-572;-750;-110
368;400;48;-946;226;340
-697
-17;-482;721;938;-459
768;-387;-7;839
96;630;-281
707;510
965
928;-801;230;-169;777
688;258;581;-296;426;589
-18;-404;-806
-975
976
-977
-215
322;692;533;716
-370;597;297;154;-77;-383
-437;-613;245;28;45
384;769;-163
540;-61
272;100;809;-874;-79
-737;-229;581;780;863
806;551;-90;570;-526;462
-385;-212;52;838;459
930;725;-330;813;-542;189
994;537
930;278;-680;839;-91
592;-67;-16
-113;323;484;-357;-903;-714
384;261;762;732;-925;-959
