-1000;906;-348;397;302
628;-584;763;219
-486;458;30
-273;-929;962;22;215
-266
777
-531;407;-441;299
-628;-52;203;-815
524
641;118;-746
-466;469;-460;476;511
-962;-950;-669
848;-371;-212;-726;-360;286
-787;180;582
176;-913;-82;-778;-414;958
-120;-810;-28;989
960;400;-181;-361;-204;444
-500;186;939;316;364;780
115;-133;917;-791;185
161;-968
-55;106;-397;-206
-212;277;-557;-318
-116;-629;520;268
-20;-455;714;-444;-605;-271
-724;676;-781
-467;436;695;-604
-440;-648;-894;-640
32;704;-799
-529;-281;-810;346;125;317
-548;23;364;-416
817;469;859;-429;652
933;-839;-827;75;990;-912
276;-166;277;44;927
689;-918;568;762;-828;574
-785;100;766
-326;-874;-395;556;956
850
-610;962;-703
355
805;713;-588;-206;47;-160
-581;-198;-841;750
-81;259;-797;-767
928;54;519;911
549;-857;793;314;-397;734
-625
-10;-362
562;-760;-943
689;-822;342;936
-945;-977;-339;-168
688;129;91;-941;926
-884;505;510
-945;-612;333;877;751;-272
859;43
336;257;-242;55;-270
-140
689;986
961;746;-800
498;-895
-49;-709;-182;857;-124;-191
-611;-555
653
992;-620;540
594;855;488
148
-409
-849;-20;-489;365;-766;62
545;185;-10;-46
-162;754;-582;664
-282;-653
-449;705;981;70;-879
679;263
-435
-280;-667
-436
-418;300;397;414
-770;-437
240;711
-696
953
-449;-609;-629;874;-27;651
1000;-619;-189
-713;-510
755;551;489;362;602
-68;163;868;-506
82;-71;-888;-456;-922
722;-758;-990;734;-687
98;968;170
-989
903;729;-895
129;251;556;766;-192
-291;-964
-465;40;-575
129;874
515;-599;-889;568;-46;687
1;-360;40;-176
422;-920
504
529;321;421;-12;269
890;639
1;-838;-438
-307;-405;-310
