-513
-86;856
-278;-839;87
-643;-565;-678;-937
786;-727;-151;-792;986;-93
-789;-632;-639
268
506;-556;-80;911
-166;8;686
-818;-498;-580;646;-970;410
-20
228;377;956
283
914;650
-901;-56;-352
30
-465;212;789;8
-653;109;511
962;863
-802
-305;344
-298
-4;437;635
-941;990
-69;888
688;149;503;796;-31
449;-767
848;583;935
-319
612;-725;408;540
336;-484;166;-554;-45
-369;982;666;844;764
260;-934;-712;-991;-256
578;-645;842;-702
804;262;-487;540;748
-838;-263
881;-231;343;487;-186;-448
807;24;-752
833;853;790;108;-655;719
-68;-503;-680;-382
-531;-515;-155;77
-339;950
400;471
-353;214;569;443
736;610;807;-329;-234;-205
-914;-731;-12;783
-246;312;299
130;-752;351;-608
948;806;-361
-626
117
179;115;-924
896;-93;-174
981;262;396;783
-388;-933;789;-582;-271;-528
513;231;505;665
932;-294
562;162;-582;711;-201;-13
-577;209;77;-95
-81;946;440;618
-389
825;-958
579;-823;173;-831
396
-67;915;-150;774;503;-298
66;-298;234;651
194;355;135;-763;525;-47
230;-631
-50;786;979;277;573;141
-244;-424;520
-242;-738;787;857
227;-391;316
-331;-335
536;394
595;-760
-119;232;985;-747;-621;-157
-427
-985;-223
440
850;-915;-126
-690;-28;971;-63
-947;-261;552;846
576;37;-713;793;524
963
496;229;-296;283
-969
245;854;183;-568
379;-175
978
488;-971
-487
-389;396;-239
-886;-22;668
-817;-526;589
819;-441;-138;-268;-109;637
-902;-967;-504;846
240;-743
-251
-721;-604;780;-589;-559;-608
-961;578;-691;899;-973;382
675;348
