-948;943
688;-757;373;-472;988;-816
5
-264
-358;375;-538
-225;-41
-621;-158
418;589;287
-253;782
250;284
645;-888;267
961;-437;676;183;-74
145;402
592;297;745;-831
297;-589
673;566;-176
-373;548;628;-295;-808
268;543
515;-559
-371;-839;88;-715
-19;564;-637;46
341;-678;-222
34;840;634;682;-608
774;-74;-394
-259;-634;-939;-14
652;940
2;-420;-69;-263;491;575
-774;-23;-800
147;-266;-587;-445;63
871;-616;-191
677;-999
551;856;-829
-161;-114;-248;846
-214;328;-697
-385;170;287
464;-135
-977;947;-149;407;951;-845
-593
-547;-654;863
593;536;136;602;251;269
-801;985;9;-363;-525;-159
-87
157;190
-290;-466;546;-809;856;-701
296;808;15
608
-805;518;279;823;-462
801;243;792;472;-959;286
-517;234;383
-357
-217;700;-813;431
-692;717;79
772;630;760;-429;-592
-836;-565;-679;57;-843;700
962;436
-385;-977;52;-902;506;-718
-194;-339;-135;-732
305;846
-769;-756;-389;-901;217;-350
83;-605;909
-594;753;714;286
752;865;230;-553;764;638
-500;261;440;-730;924
397
153
978;-21;-604;-512
-437;-377;397
338;-915;997
818;-806;870;-712;-591
-691;90;767
-41;463
-614;781
680
-469;-582;341;777;-496
-260;778;266;671
-741;501;613;519;-859;911
945
-312;-393;985;-555;380;-286
721;-516;-88;-298;750;894
-295;991
421;28
296;-749
-663;-79;31
50;20;-373;309;-464
-290;85;938;239
502;-457;-923;-95
34;244;710
675;-37;-330;169
565;582;-426;269
626;710;393;842;-411;879
339;548;-536;712;921;-736
226
722;-884;-617;121;539;-365
-104;-892
176;593;697;-845;639
675;-439
-449;992;-757;167;778;-493
488;617;-731;891
-652;-109
481;389;153;254
-280;952;863
