263
-194;917;518;566;474;31
674;-244;6;-731;58;-286
-12
273
883;996;-102;247;155;-624
-277
-628;652;-558
770;-755;-134;986;-990;-416
-67;165;251;-63
226;68
180;456;872;-442;765
-923;877
928;-717;-48;911
570
948;-791;807;296;-717;285
573
-305;324;-86
-103;525;157
-883;179;311;-171;267;367
194;197;698;-251
-177;-161;672;-307;962;-662
98;148;-133;-62;-382
274;953;474;-669;-702
330
844
-806;-42
407;442
-438;-668
-389;-459;682;314;959
-849;194;570
129;-133;405;154;606;-304
209;-611;903;122;747
339;-935;943
-344;696
-741;-742;-663
-291;-621;-542;-446
993;946;87;-894
898;-407;-601
-367
-631;263
193;-596;-990
641;-757
480;-518;333;589;941;-174
577;21;-614;649
-930;963;200;153;-764
-690;812
-577;52;-245;-70;375;590
-410;-746
643
368;305;-596;569
-489;-159
-418;-134;-42;986
51;-190
651
-396
656;6;-380;-141
557;-959
-530;498;-563;746
-58;-864
-411
-939;-752
930
-881;-770;-562
832;-85;-760;728;761;-287
-149;315
-683
-309;-247;-623;495
431
-982;854;40;-591;-527
-438
-641;-67;709;647;815
952
710;-525
-61;-895
689;374;-939;831
-500;-714
-569;-649
-70;-573;-575
-707
788;-459;-525
914;-6;-679;-427
-818;615
-459
288;-789;-728
-462
561;406;72;155;44
338;946;-342;809
-513;-283;-940;-16
-982;-633;-395
592;-133;630;922
-500;760;169;458;795;588
-24;505
770;-31
-486
49;-579;-521;-204
-772;-694;-566
480;449;594;118;-888
-499
-263;903;-569;-139;-431
474;-156;-429;780;382;991
