-578;-788;340
902;-888;248
-520
-634;-398
724;-574;-495;-815;382
3;899;-75;975
-722;198
18;165;85
-273
-98;375;776
465;195;234;-908;303
-141;687
-455;364;47;591
449;419;-724;-934;-391;-906
-44
788;-169;248;601;-656
97;100;-583;454;732;-846
-5;-555
-850;-53;-694;-775;936;363
80;-386
-788;-552
-61
-84;-424;584;72;654;-224
272;563
677;-983;473;927
72
899;483;-411;378;-253
-149;-88;366;-207
-913;-278;442;669
-610;151;-475;-940
56;-397
321;294;728;10;781
855
-545;-421;-361;-940;-896
-860
-705;-667
984;459;959
-678;-999;218;-688
160;336;-5;888
-418;449;500;-405;-54;539
69;-427
-359
-180;-599;118;797;-32
-769;-876
877
-321;689;-376;633
-387;-756
-513;-930;-724
-515;419;376;-428;460;830
-33;-229;-933;-366;-512;159
-456;-633;957;-256
-133
-646
131;-646;-140;412;109
582;-987
657;803;-151;730;415
393;-267;492;303
922
656;-774;583;-304
227;446
964;478
261;-90
384;-774;726;-953;795;-608
-737;321;857;-555;-541;-800
-628;-73;876
343;603
459;-895
-452;103;-601
866;804;757;570
451;893;493;-112
-472;138;-112
18;-564;342;906;-255
163;-22;-279;172;398;527
456
200
-933;324;-233;473;-90
-520;155;-95
-612;356;-204
4;12;959
-354;-819;696;10
-865;-374
818;-611;-215;-921;457
16;-482;-263
-730
-898;454;919
223
480
737
994
-914;421;-217;-878;-143;479
320;-342;-423;327;-110
-678;422;-682;-670;-526;-912
997
577;-872;316;-878;-655
304;369;164;677
353;-852
-161;-595;516;-165;-998;648
98;-931;-246;8;412;415
-758;550;634;974;382
-385;-998;138;-285
881;-757;251;-125
