-689;-210;568;216;174;-576
816;4;-298
276
-913;884;117;-423;-25;-430
-353;20;-470;457;-61;382
82;199;312;-953;79
128;20;24;-793;936;734
-628;965;-600;-392;-652
-290;804;647;600;728;-156
-254;286
-806
-597;806;88
-555
-803;594;-602
592;112;-405
812
-499;-60
675;163;582;711;-767;478
103;715
-310
-723;404;-566;62
32;-947;-660;371;966;-73
32;413;383
825;89;-271;-704
276;185;890
882;-180;684;190;-224
563;-892
-84;-825;-588;143
-920;618;44;-846
755;972;-623
624;-599;-426;409;-730;-128
264;-636;-479
213;125
34;-374
470;56;313;558;991
-897;298
-626;290;-52;-681;618;107
748;527;-928
977;-1000;664;-575;-416
54;-823;-231;215;-591
434;429
-787;-334
-98
-852;-628;999;-169;-223
874
-913;961;-824;408;735
884
628
384;353;-148;425;127
-739;-612;653;-703
-214;-92;396;542
-177;179;228;728;-809;-526
530;-151
-22;742;859;-944
-433;272;882;-340
870;-456;-760;-905;184;940
544;434;-404;-958
-437;774;47
317;-816;-400
738;595;-183;6;410;-412
-721;83;612;396;-462;991
-516;228;-102
818;19;-374;694
880;-554;505;587
-194;333
-582;101;471;313;-443
-881;-517;-794
867;966;106;764
-242;-662;-552;439;-859;-831
-677;742;922;701
-182;792;664;-732;925;734
-119;-807
976;-693;-151;26
-929
192;-438;-360;-844
224;6;173;286
995;245;566;-953;862
900;312;-570;-234;-174;-671
438
-754;-23;-695;-826;-286;863
519;-331
800;33;-858;220
501;294;39;-665;-878
-390;840;521
164;617;-63
131;37;-378
-466
978
-354;421;-488;-188;637;447
354;-27;203;-752
54;199;-941;814;-352
770;-295;-90;-171;847;447
-611;-835;-446;894
276;215
-461;-287
-993;498;787;-968;-155;-173
33;-629;-966;887;-495;159
-162;-949;602
509
-306;679;172;829;974;-815
-5;-507
