160;-409;233;-524;493;47
-97;-82;-83;802;-21;506
-648;-382
868;-487;392
261
-10
-499;-567;278;107;670
-547;754;61
-119;-696;792
-225;514;-266;-812;253
-22;310;-265
560;801;-835;-883;-698
545;870;-649;552
117;-951;271
-498;-242;244;456;942;430
786;-309;215;680;-522;-541
-227;953;41;-859;-221
-801;658;968
-134;502;-943
148;813;383
-299;-635;-924
820;20;-151;-188;396;-319
-901;933;-441;-943
932;841;557;-718
846
-576;559;-320
259;-907;-845;-304;943
272;-118;-566;-958
-994;-258;-615;-784
-348
-993;-367;-784
530;-756;6;828
-484;630;-890;-122
-996;-954;315
-675;-934;329;970;-317;525
-513;291;-393
674;-316
-708;-628;871;-672
-707;-182;-586;-943
488;728;-700;623
-163;980;8;-586;393;254
-851;114;616
-67;397;815
634
-865;-538
-65;690;708;-10;-558;894
573;-702
-886;-735;719
897;883;-622
-834;658;-969;216;-91;-909
-247;-73;-572;-782
388;776
641;84;404;-71;439;-844
398
181;218
-964;388;431
-881;223
-609;913;772;-794;-941
-344;-828
707;309;-824;683;348;205
-930;524
-257;-290;-124
-417
-162
-378;444;703;-352
425;762
-243;261;-603;749
-529;-818;100;165;-454;-422
2;-171
-453;-294;278;638
-844;-95
625;-726;-279;-599;-729
580;390;680;571
-176
261;21;920
-182
555;987;399;-224
375;104;-924
753;-770;-866;-404;-519;-176
51;906
-195
505;939;-590;621
-706;360;-364
-385;213;-297;924
961;-70;263;841;511
-500;19;-390;411
-417;916;695;-540;-781;-334
-921;-506;-780;-205;142;271
816;-986;410;-108;-573;653
980
388;484;728;-139;-783;303
-610;-740;108
124;429;-543;-495
664;-176
371;-774;-423;-431
870;201;954
-52;-791;-296;136
-247
341;122;954;333;-735
-21;484;788;741;-206
-767
