-977;609;770;920;938;301
-261
-964;-644;-447
-12
657;267;-860;-844
-609;-149;823;-30;383;-432
978;-42;-124;-540
577;-620;318
280
-794
817;-71;-297;972;446;719
-310;758;681;-570;266;-286
-178;979;-56;-332;-236;-718
581;614;647;750
546
-627;-243;-778;781;62
627;213;584;-108
-50;-84;-596;598;90
114;-459;315;270;831
502;-455
1;-581;21;23;363;221
51
-306;362
-481;994;328;-42;-171;715
115;-393;298;302
-468;-166;823;137;490;-749
369;-179;84;-774;-558;222
180;101;554
-650;-190
32;-403;162;-132;163;249
75
897;-166;-44;668
-532;-228;836
770;-980;342;522;703
853;-664;-780
4;-665;-893;-254;-575
928;-843;427;846
-801;195;805;-679;-7;-877
568;797
-419;551;-732
-402;243;-56;-10;-381
498;-358;-792;556
241;-342
-817;-613;757;-249;-716
868;500;-885;919;492
594;374;927
-102;902;182;440;989
-877
-109
-540;429
608;-225;49;-64
629
630
81;925;558;95
723;-684;-764;235;285;78
-791;-510;-624
-603;-989;941
582;71
910
68;334
-154
224;913;-819;-628;-102
2;922
-806;-956;427;-622
-993;-468;-794;297
343;696;-874
832;162;755;-304
471;-640
-939
936;-697;474;-284
503;233;381;-863;943
688
466;-533;375;127
752;672;-162;-778;-943;638
-132;-503;-317;-766
181;-619
821;745;412
-278;-87;586;734
197;198;313;873;-367
451
882;-629;712
-898;499;-888;489;862;911
-471
-435;-474;-507;-271;766;447
-817;-505;953;844
759;-922;-347;-223
-81;702;-144
-831;351
-851;-84;-667;-928
-226;-516;947;564;55;682
114;-51;772;-697;607
583;344;250;-141;222
492
-613;-473;334
336;-244;-598;-9;-111;126
836;837;-204;44;269
483;920;-574;734;478
762
897;-197;783;559
-742;151;-362;106;-686
-884;150;-487;-795;-575;-736
