49;977;646;586;-687;-800
641;131
497;20
-945;427
-818;-898;-652;-30;-686
-783
644;910
136;398
-133;903;665;-526;653
-690;-51;-844;783
-145;-470;-681;906;-157
944;-910
-954;554;365
978;-955;-576
843;875;-700;47
-995;-197;442;-828
785;-75;-156
468;-280;312;60
-402;-416
562
176;297;-527
69;91;-957;-30
-573
720;-803;234;-876;-364
564;526
-324
325
585
-641;946;-980;-342;365;319
209;-501;949;341;-666
-466;-891
657;-660;-757;-42;-428;895
307;543
-342
919;638;-960
602;763
177;962;646;-446;158;-128
224;277;-972;379
-834;-595;-712
606
805;-999;664;586;-733;285
97
16;370;-502;726
944;946
-612
356
48;-995;-807;791;379;-30
359
964;-21;156;797
-106
-967;602
-849;417;-164;613;566;-697
213;518;409;-956;-973;-863
358;795;-445;-734;143
-454;-169;651;861
610;-500;535;9;-750;223
560;-243;-958
-274;517;-455;854
-645
-137
-645;747;-751
-141
522;-141;-239
722;-212;675;173;-960
832;708;-874;-652;-160
-746;-282;-144
130;514;-328;856
-33;565;999;155
-151
-801;-788;585;-299;639
247;-655
-692;-165;-455;-991;-416
-549;-763;-622;750
-673
930
-727;-473
103;-634;-509;-446;542
-567;-891
-440;185;-700
981;262;479
641;-563;-152;328;107;-173
-451;-12;364;-381;-926;702
67;-775
-422;-543
65;-920;-622
-454
293;280;601;-734;-671;-224
458
-975
211;468;-408;-698;-43
-97;293;-601;377;-122;-832
-803;-295;105;-874;-143
-147;-87;455
-434;-797;333;-95
-577;-179;867;329;-666
677;249;489;91
256;358;-103;-568;543
232
-437;-357;331;-799
707;-341;-633;892;-813;685
-321;-930;705;-654;957
