204;-718
-227;258;741;-7;9
777
689;-419;788;744
-230;-487;744;-429;-62;-64
576;52;88;-749;556;524
-708;-88
22;-891;-380;-574
155;-190
192;665;975
-43
-817;417;-820;-532;-342
-738;691
994;-836;467;-891;-651;-671
128;625;-445
53
821
572
849;-455;-649;-318
-881;800;-194;-499;-958;639
325
304;-157;-735
395;-13;973
-20;-453;549
-501;377;202
-80
-614;-711;651;-942
-84;263;-154;-187;-432
82
256;-306;-373;905;-571
-453;798
-818;911
-99;251;-700;-318
354
880;-51;823;856;152
-871
-994;-518;-94;223
-629;773;472;968;-395;-318
433;-84;11
-433;404;645
-193;87
720;413
-514;931;213;953;410;172
386;-566;215;281;570
528;260;-214;-200
929;-322;-563;148;137;-960
-466;946;-548;839;-395
577;312
-577;956
303;591
-561;-226;-437;-524;-684
-640
658;-804;182;92
-693;644;281;860;573
-642;39;-394;-778;11;863
-646
835;534;586;-605;-94;926
471;-633;40;361;666
-19;-659;-772;964;264;-176
-529;-180;91;92;765;159
400
-403
788;895
-929;-500;-570;57
-773;-647;423;-905;974
868;165;-537;474;221
-756;-597;123;460;-175
272;707;477
266;43;127
566;-908;764;-463;-752;975
-692;-247;-523;412;-414
438;-474;-715;-459
83;996;742;664;234;285
480;432;519;-985
224;963;284
-195;-768
-353;41;-123;239
403;724;-358;-56
-388;20;-862;255
720;929;149;854;855;542
577;642;3;-279;-280;571
-882;-564;374;-826;-332;479
-146;100;469;-925;958;15
-515;-107;-475;-590;702
-642;-151;873;396
50;133;-153;-478;381;799
-388;-603
738
-579;-884;-969;365;303
243;-554;-174
-39;-300;107
883;996;-263;841;-688
336;905;-267;283
-452;-263;472;-763
896;132;-309;798
-482;-41;-143;-783;-848
514;179;-649;973
-408;232;-971;127
-675;-468;-681;233;571
448;816;913;183;9;188
21;-729;-395;335
