308;919;-266;-110;-688;863
113;629;377;-75;-123;878
-441;-537;-569;-491;940;575
98;171
819;375;-984;-505;-489
304;945;-868;-260;-397
-385;977;-154;-796;-557;638
-817;-165;917;360;-970;699
753;7;-479
368;-469;-603;988
965;535;-473;410;-893
-419;236;-112
-372;851;-853;-185
-529;576;-434;694
-548;-805;-27;269;-735
256;858;-800
-114;-201
195;378
-740;614;680;-874;255
-69
967;-652;12
-585
321;-790;-695;281;41
-981;139
586
-787;-795;-878;79
-334
-119;-936;-249;-27;-287
199;-795
-969;-345;41;826;106
755;776;568;-138;-589;510
-322;676;197;230;536;-714
162;227;-9;-666;635
4;90
936;584;-910
-1000;-125
82;-246;201;-157;221
675;-59
-7;264;457;42;-638;-736
912;177;-788;-744;-431
-619
-130;675;11;319
790;118;776;-778;-287
928;-306;194;779;-205;509
-595;-716;175
-418;146;-341;-696;985;-301
-257;498;-949;-935;-395;-126
130;-760
342;-364;684;735
-632
565;104;477
901
722;835;-986;74
136
401;181;246;-730;634;685
599;234;76
416;-644;-309;964;89;395
354;-611;-404;-286;799
-291;-772;924;287
150
-130;-341;-614;90;-555;876
614;317
-113;785;259
-499;335
361;59
518;-939;589
-429
-695
-596;19;916;534;846
420;533
-46;-911
306;404;315;-846;782
706
-372;204;-957;-671;63
880;554;300
53;-838;155;670;159
977
976;-802;-800;415
308;-78;239
177;100;616;863
-533;-198;-472;248;809;-76
-737
-321;-931;488;218;-557;110
226
185;809
-489
-420;909
-643;-615;-410;203;974
-852;359
-289;-806;599
-515;-852;-502;-425;-251
499;-518;-152;-763;-846
-481;-276
370;-148;-470
-258;132;-405;-1000
83;871;-443;522;-172;413
251
659;423;-57;909;365
790;761;-495;-895;-671
-274;-750
241;589;-575
