-419;-484;184;76;-126
914;-197;-976
628;-368
-6
-435;547;-536;-863
-706;419;-740;-788;-744;495
-784
866;-392;137;685
272;-425;-490;-830;431
946;-838;-696;-56;-590;-64
946;195;728;-266;-971;-907
737;834;-824;249;-970;-301
-18;629;-474;-748;79
656;145;163;-421
32
-291
293;-330
785;-181;-423;-396;-606;15
-181;-246;-184;649
-305;-503
-193;-873
-644;151;956;-766
896;787;-855;-807;216;-191
-498;597;969;9
-660;-152;698;428
-433;-133;695;443;254
-309;999;-921;-603;798;863
-153;361;365
-431;527;223
-18;-994;-453;-85;39;-346
400;82;-760;488;761;-138
322
-505;956;-287;671
-820;-539
785;-707
753;-668
-152;238
-128;-224
616;505
581;710;-456;521;395;396
-648;365;383
-361;-768
9;-667;-989
-707;-819;328;-362;-460;-140
752;595;791;-830;-558;-127
-707;258;-4;-342;-888;-735
441;893;318
-401;-148;-166;549;476;63
134;-441;936
-181;758;728;348
340;-283;-429;252
-738;898;-41
448;-181;-760;-656
-481;-924
697;-60
899
-787;711;463
210;-600
-393
16;49;-326;-571;442;251
-365;508
912
-610;-628;453;-390
918
489;-76;508;-768;767
666
-785;610;-838;411;446
963;-40;-155;445;-815;782
693;-936;-891;-171;558;590
413
352;-753;-558;191;-960;-480
-370;-938;122
-114;-354;901;-941;-94;766
-131;-276;-262;-182;430
-393;-457;170;508
225;-136;-138;222
915;630;426
-212;-199;231
-356;795
353;918;410;780;413;-640
442
-635;379;-958
806;409;767
-642;659;-820;349
-342;-797;-302;317;606;63
417;-455;394;363
-788;324
69;472;569;377
-523;731
244;-458
821;-346
-321;258;68;261;222
-596;-629;26;703
-177;-279;955
-245
336;-642;645;872;189;894
-583;77
-887;599;795
-999;-280
255
-52;341;167;-201
