840;250;-302;-271
-755;468;-487
966;-712;9
-526
455;552;-93;220;142;-239
272
20
-535
604;189
193;630;-25;-459;380;847
-710;-535;137;813
-82;642;121;-13;413;-528
-865;-483;-389;-182;-685
-257;-630;-8;-734;302
-740;-201;381
512;-803;-602;78;511
-563
359;-442;393
658;695;442;-460
-476;-605
674;729;-90;266;429;-671
-19;-613;873;329
577;-930;-868;693;197;-775
-27;876
406;445
128;468
90
128;92;383
-949;-168
-175;-975;-31;-448
576;-706;578;-147;-956;-975
720;625;180;-151
17;-629
130;68;28;-125
-358
499;597;-457;-764;-495;-512
-291;954;-556
482;772;-552;686
-368
880
451;452;-134;37;797;558
704;-341;-85;-251;-222;78
593;33;-498;730;26
210;-884;-246;133;475;-575
375
-417;868;822;-8;-216;607
352;-676;-184;-381
-124
438;-217;-475;-187;731;-671
625;-500
-81;-558
-613;741
-33;-962;-672
436;-198;840;333
692;475
-195;852
-131;114;-500;917;743;540
-405;696;809;314;782
786;643
-209;-886;-970;-938;-731
210;615;-892;491;-719;-368
407
690;195;487;157;414
385;674;-981;-168;155;-732
-84;-790;-712;650;269
-673;481;-932;230;238;-783
-672
480;870;-312;-617
452;-729;701
681
-657;211;873
683
-871;153;287
-971;27
641;387;119;-426;220;525
457;123;172;-847;-608
-851;-56;713
-8;-840;-522;-875
197
2;103;-491;586
-276;823;-781;-223
583;488;602;-349;845;79
231;-808;-395
975
192;-155;170
242;850;-631;263;253
-132;903;839;-968;219;638
-480
933;649;-74
485
211;-583;457;-667;-160
-197;-679;582;41;-620;637
-899;-675;-581;247;-122
-673;-342;-525;-174;-575
-691;-452;583;519;697;-158
816;-49;371;627;279;-265
115;665;42;446
-897;245;854;-360;923
-722;-835;21
309;442;-734;750
-865;-575;-864
