146;-467;294;25
-231;856;-366
-401;962;325;-285;175
-777
264;-665;669
947;860
672;96;783
-453;-590
789
402;954;139;-701
-516;-536
-28
129;467;-582;166;712;-607
944;886;790;489
-354;121;-575
673;308;548;558
-659;-919
222;846
-265;906;-943
-355;-391;359;-298;636
128;-901;805;412;-495
-817;115;-374
820
18;69;-375;-122;-603;447
-169;-858;445;-559;575;255
-802;437;-263;55
-577;-385;-66;-58
156;-480
256;-529;-914;95
-900;856;-268;-893;-143
-402;-579;807;952;315
721;-215;364;-800
-840
-585
451;-821;-536;-448
512;-772;-949;871;-43;-207
912;480;-376;-429
-822;663;795;719
-847
729;123
88
-18;706;326;584;555;-272
96;-387;-596;325;-729;-346
34;-393
900;-839;568;-889;-557;-575
839;968;-413
116
66;953;42;-944;-240
-881;-179;35;917;73;415
304;-580;150;765
-614;731;333;543;671
550;-936
-675;-468;-104;-987;491;332
224;436;538;-380;-686
145;-820;501;41
-947;298
563;-408;711;330;-380;-957
-791;138
-82;343;-10;410;877;141
-164;773;518;55;986;26
722;-134;391;-856;364;173
168;-922;92
-663
923
-668
-696;-41;-861;-607
790;743;184;778;-60;540
416
34;74;-783
-423
948;-606;-495;-784
-776;201;-412;556
-180
-865;618;683
944;929;772;-454;-726
-451;947;374;105;778;-799
-145;819;120;-604
-145;-165;-21;-201;-191;-496
-33;-548;-586;459
944;857;90;-44;222;687
-771;-243;-645;-678;346
-674;876
-306;786;51;-599;-765;-656
-402;-148;-429
608;-820
-212;-518
33;99;42;573;-46;543
-756;278
-914;-430;-671
308;423;-360;157;-752
-273;-978
757;238
-881;-246;54;-443;-29;798
-724;-765;-525;-397;893
-347;44;61
-499
-610;785;818;677;-620;987
-505
-990;734
-724;-804;326;710;-889;-411
-243;-548;791;987;-158;-574
