-865;-354;-381;319
-130;387;-710;-828
2
-389;393
-962;701
578;612;-558;654
-11;-764
448;-460
72;154;-875;-925;316;733
-787;372;-381;12
-134;954;-429;655
537
-29;430;-944
-161;275;326;503;-399
-833;405;375;856
593;114;568;523;-224
-571;-668;926;-496
-984;56;732;751
288;688;-615;935;284
-423;-654
160;228;-680;-367;670;-576
-929;225;643
244;905;-715;859;-718;-640
-577
840;763
-804;517;-377;-430;-256
81;-210;967
-595;11
436;404
176;865;755;298;540
466;-851;-766;-719
240;-717;399
-596
-804;458
-706;-339;917;538;-813;492
835;883;-775;-347;-943
352;-467;425;-954;-475
746;890
-466;995;-582;197;-120;78
-113;-866;99;406;216;362
576;-309;-247;647;-376;334
755;37;-685;-990
-163;952;-154;251
115;-581;-679
123
-178;-565;-874;-396;347
-356;550;231;-557
128;-99;-515;809;-191
-417;490;-815;95
16;-674;689;-645;359;-649
397
-708;-692;233
668;-270
71;-905;-318;-798;270
-54;903;829;-766
-913;-579;-851;-377;74;-572
-497;-450;706;-772;538;620
212;533;424
661
688;-195;280;-924
644;-493
-408
-131;419;436;-877
-669
658;88;952;280;-541
288;273;-412;590;446
929
-166
-739;-843;442;540;268;-350
-979;-83;515;70;-461
322;596;-998;742;-585;-761
-962;-563;739;-137;232
385;114;703
-693
295;-111
518;568;666;-31
115;-838;-155;-830;238
-647;-634;-396;717
450
960;208;391;-92;527
688;769;338;-132;756;856
629;-374;-735;990;974
-205
66;910
-789;102;-664;-764;-876;-44
222
-739
322;40;-480;-368
-739;-899;-981;693;873;-203
-834;-427;795;620;845
746
-353;-691;291
951;570
-500
-82;-163
64;417;407;381
-761
-145;-141;-992
-706;194;-102;-361;-304
589;-335
-758;357;534;122
