0
19.506553585196606
34.62798766383963
50.76137239784117
58.028141865844255
65.54548959136469
68.263299922899
71.62683114880492
74.68195836545874
77.87201233616037
80.87895142636854
81.437933693138
81.69814957594448
85.94834232845027
87.17232074016962
89.12875867386276
91.10447185813416
91.69236700077101
93.17656129529685
93.60061680801851
94.14996144949886
95.00771010023132
96.62683114880495
96.7424826522745
96.86777178103318
97.42675404780265
97.78334618350041
98.09175019275253
98.32305319969161
98.37124132613725
98.49653045489593
98.80493446414805
98.91094834232847
99.27717810331536
99.30609097918276
99.46029298380881
99.46029298380881
99.52775636083271
99.5566692367001
99.57594448727836
99.57594448727836
99.68195836545878
99.68195836545878
99.7205088666153
99.77833461835007
99.77833461835007
99.77833461835007
99.80724749421746
99.80724749421746
99.80724749421746
99.8554356206631
99.8554356206631
99.8554356206631
99.86507324595223
99.86507324595223
99.87471087124136
99.87471087124136
99.87471087124136
99.87471087124136
99.87471087124136
99.87471087124136
99.87471087124136
99.87471087124136
99.87471087124136
99.87471087124136
99.87471087124136
99.87471087124136
99.87471087124136
99.87471087124136
99.87471087124136
99.87471087124136
99.88434849653049
99.88434849653049
99.88434849653049
99.88434849653049
99.88434849653049
99.88434849653049
99.88434849653049
99.88434849653049
99.88434849653049
99.88434849653049
99.88434849653049
99.88434849653049
99.88434849653049
99.88434849653049
99.88434849653049
99.88434849653049
99.88434849653049
99.88434849653049
99.88434849653049
99.88434849653049
99.88434849653049
99.88434849653049
99.88434849653049
99.88434849653049
99.88434849653049
99.88434849653049
99.88434849653049
99.88434849653049
99.88434849653049
99.88434849653049
