0
19.506553585196606
38.82035466461064
49.74942174248265
59.29067077872013
67.56939090208174
75.26985350809561
79.4236700077101
84.46414803392445
87.75057825751735
89.86121819583654
91.20084811102544
92.98380878951426
93.98612181958364
94.8438704703161
95.43176561295296
96.29915188897455
96.89668465690053
97.39784117193523
97.54240555127215
97.71588280647647
97.83153430994602
98.07247494217424
98.18812644564379
98.26522744795682
98.54471858134156
98.58326908249808
98.727833461835
98.77602158828064
98.97841171935235
99.02659984579799
99.25790285273708
99.51811873554355
99.62413261372397
99.62413261372397
99.67232074016961
99.701233616037
99.71087124132613
99.78797224363916
99.78797224363916
99.79760986892829
99.79760986892829
99.80724749421742
99.80724749421742
99.82652274479568
99.82652274479568
99.82652274479568
99.82652274479568
99.84579799537394
99.84579799537394
99.87471087124133
99.87471087124133
99.9325366229761
99.9325366229761
99.9325366229761
99.9325366229761
99.9325366229761
99.9325366229761
99.9325366229761
99.9325366229761
99.9325366229761
99.9325366229761
99.9325366229761
99.9325366229761
99.9325366229761
99.9325366229761
99.9325366229761
99.9325366229761
99.9325366229761
99.9325366229761
99.9325366229761
99.9325366229761
99.9325366229761
99.9325366229761
99.9325366229761
99.9325366229761
99.9325366229761
99.9325366229761
99.9325366229761
99.9325366229761
99.9325366229761
99.9325366229761
99.9325366229761
99.9325366229761
99.95181187355436
99.96144949884349
99.96144949884349
99.98072474942175
99.98072474942175
99.98072474942175
99.98072474942175
99.98072474942175
99.98072474942175
99.98072474942175
99.98072474942175
99.98072474942175
99.98072474942175
99.98072474942175
99.98072474942175
99.99036237471088
99.99036237471088
