116;-373
496;313;989
778
193;-972;-269
-963;938
369;917;-238
-799
-402;-399
-146;340;804;-389;447
-530;-278;842
883;526;-863
-475;510
-37
247;-285
816;321;387;981;742;374
-65;-742
578;-115;-167
-308;348
-545;-434;50;-663;527
-300
-813
562
-678;-233;633;-621;589
512;-83;-436;317
-741;-152;-235;-734;271
100;532;-70;-394;-234;636
-788;-553
-561;-340;326;-510
342;-26
691;-746;-12;220;-781;-975
-737;-261;-350
-293;-288
-116;53;935;734
-507;826;957;77
-568;493
851;-965;-985
938;-861
436;901;-189;-303
-836;997;918;-439;-280;-444
-179;856;-554;474;-509
-374;29
676;186
-936;584
-243;-631;456;-703
197;-472;-591
-290;233;-814
-387;952;-205
-850;-643;365;510
875
705;-157;-912
449;645;-471
531;-405;-329;137;479;-784
-884
-165;-902;-317;12;-461;-848
529;-834;-853;523
-594;975
-899;979;-342;-172;-975
392
-465;-470;-295;-956
960;193;81;440;952;842
-911
-257;311;973;-110
-324;966;854;71;-138
-969;985;139
147;524
-416
-97;758;-495
-308;-116
404;54;-1000;714
898;-998;-409;78
-695
976;-281
-263;-905;-969;990;-575
-690;-610;851
-118;567
-542;-430
34;402;-101;-472;247;862
266;-765;29
-321;128;-917;-477;685;-336
678;792;490;46
-253;-734;-256
-270;494
737
658;55;312;-544
-37;-438;775;-92;-333;607
897;290;660;-764;939
98;855;-457;796;253;735
489
930;698;911
-165;-93;749
469;885;-859
-834;-244;69
-753
-961;-436;724;262;888;-236
963;-205
-755;57;-573
-508;-765
16;471;-571;845
761
-675;-580;-692;-869;24;750
646;-137
