-515
853;-982;583;584;522;747
779
721;-396;-909;364;957;-208
-873;891
-930;197;-189;717;991
486;814
-662;-951;-124;-589
274;-469;169
336;946;-422;-486;585;347
-30
-481;-17;947;-164
199;-633;-124;15
-583;950;263;680
-754;-117;69
-884;406;-840
291;341;-887;790;-585;88
-310;886;54;967;282;-304
-45
-814
-261;-811
134;951
-214;437;621;-782
-54;875;11
-802;-437;-773;-218;-397
274;-59;30;-176
582
273;660;-492;-813;300
627;441;780;-750
82;149;-118;-43;845;189
-593
135;-217
760;-666;202;-590;-48
577;-361;637
-274;-163;102;824;379;-781
-345
-707;534;-106;-75;-300;-975
724;358;-59;751;367
-853;311;-186;297;781
33;855;746
400;-634;30;-671
-643;754
-610;-627;450;-60;958
156;-272
211;-69;-873;-938;-752
321;151;-590
896;-548;264;906;-667;-972
626;979;613;-48
-612;708;901;199;-969;923
630;476;45
-677;-597;504;1000;409
-360;509;239
-133;-358;-7;-89;123;75
-770;-659;693;869
903
689;-194;-277;-522;-91
916;453;870;-920;-922
-723;-73;846;606
32;69;55;298;203
659
835;374;-233;-316
-913;-10
836;861
-952;-748
633;-461
593;92
-175
-850;-150;-551;-184;-234;-10
-444
546;-228;-612;-522;-218;844
-449;-418;163
436;533
-261;-437;-136;375
-705;-290;-951;444;-494
-464
-162;978;116;404;727;-64
-977
-979
184;-651
-387;-99;-438;-348;-637;-351
723;-214;710;-295;313
-243;71;727;172
192;-465;-484;167;424;381
-747;-238
-193;-347;-253;333;-271
908;78
-145;-162;-131;-147;-89;-313
-849;-396
378;363
-785;850;410;13
801;563;886;-248;89;701
147;775;-432
368;-153;-185;-634;110
-609;-328;231;985;955;29
-117;988;524;973;-848
-418;123;-94;-624
503
441;319
752;-922;-91;-844;-413;-13
-764
723;681;233;187;-895;350
