-242;-70;-287;654;719
-769;886;633;-667;-155;-448
483;297;-939;683
-600;-136;-91;44
-516;884;774;-921;-860;-656
-357;-684;-255
-184;-488;8;-299;-589
-247;89;-27;-892;-220
-753;369;-454;778;335
-505;783
-17;-36;-616;24;620
497;789;567;220
-946;115;803
528;-913;897;773;27;508
-610;-792;567;-731
-425;265;958
685;-654
339;725;-792;-396;91
-289;-723;-741;999;312;730
-919;951
194;-627;211;243;-347;-988
712;-748
-418;-643
688;516;-142
-305;-275;-679;-41;748
807
-49;844;-240
310
-56
-914;610;-697;-958;366
112;256;756;-42
545;793
33;834;-515;628;-949;-362
640;947;-965;-635;-524;459
-677;-903;-807
-241;-999;-384
-324;-244;21;459
213;726;-490;267;652
483;889
118;201;-414
-339;-13
372;862;143
-437;-329;413;382;-303;175
201;986;-64
-645;261;-568;715;-302;-592
136;537;713
261;-921;-234;15
-758;-776;313;-716;-479
112
791;199;-58;-810;122;126
160;226;-759;-919;-942;-192
-754;-661;-615;680;728;-527
383
193;-5;676;90;203
881;-580;-678;-583;-650;-828
-225;-515;709;167
-395
-217;332;-254
-626;-247;728
919
-321;-599
194;-452;388;651;-111
339;-409;-939;-430
913;-38;503;-520;-892;-640
-162
496;-194;119
-978;811
-680
424
-376;472;588
436;-235;-380
-611;791
-834;-196;458;-635
-676;468;780;877;526
562;952;-93;-542;957;911
535;-200;-397;-640
-820;137;782;606
-803;19;565;-154;-336
-993;421;-359;-792;-525
72;26;-555;-974;-848;31
595;405;230;519;-525
755;568;-890;348;956
-406;-583;-747;204;-144;191
-922;204
-210
-516;-184;-29
433;-291;-621
-983;-153;264;392
417;354;996;36;70;-111
-290;983;-634;-287
-561;546;-115;-148;-460;974
-52;36;-486;700;302
-819;-949;311;363;859;479
-952;-63
-177;-933;329;-990;-270
-898;859;-239;783
897;-162;406;90;556
-767
620;-366
-725;935;45
-773;469;-464
