388;-581;-88;-73;350
-519
263
342;-971;363
402;-136;488;794
-270
-782
-56;42
210;851;948;-12;-957
-104;330;46
771;724;710;-761;729;-364
-281;-553;862;-287;-16
626;-600
291;420;-151;-783;511
-517;-543
-881;423;-651;-208
804
-241;-308
196;-248;728;-383
788;-454;223
-305;321;579;117;-552;397
530;724;-90;-411;574
-500;-841;970;-446
544;-660;325;-631;11;462
-994;-163;246;59;733;430
585;-542;525
-697;638
-322;-249;557;-47
-576
-553;-544;-512
520;-203;-925;221;686;286
-134;762;-702
-500;-390;762;-459
-418;695;55;295;-218;-747
-836;438;711;507;31
376;220
786;962;-631
-3;947;-613;-429
-611
594;980;-23;791;319
360
548;69
896;450;-457;-15
374
546;-781;-142
-642;625;-947;-852;774;664
934;470;892;-637
973;-591
33;162;-792;663;476;-415
-835;696
578;489;-928
212;426;-317;-974
561;-585;-780;-29;-845
-930;788
50;389;-298
-866;311;409
184;218;250;-799
-289;-617;-510;-718;-575
-966;300
-609;838;-41;-608
-106;-59
165
563;116
-532;340;-872;-42;123;302
-502;-838;-11;925
425
116;614;438;795
-866;-451;632
274;-23;-681
32;146
435
721;-866;-36
-884;773;728;333
-957;-590;-175
116;500;-616;156;798
16;753;-990;-734
-447
-450
-578;-133
-737;-290;196;-522;429;719
-273;777;-876;-700;-252;94
-626;-681;489;-795;894
-705;256;404;488;-987;335
-442;-28;-158;159
-165;564;-262;-783;175
-389;-908;-557;894;-799
-273;-964;-876;-160
661;231;-218;831
48;-530;474;-734
3;181;-822;-618
-488
964;166;438;87;-361;219
-599;363
673;-910
939;-446
113;-327;-282
-422;922
132;-331;604;-366;718
-116;-550;-568;27;892;62
898;964;1000;-619;762;-192
384;-419;-804;486;630;234
