-449;144;-725
742;-110;-111;62;-576
-627;-115;180;572
193;-739;-235
-615;121;44;-845
595;-568;391;111
-408;938
-611;499;85;295;-249
-932;-583;-570;-240
-916;-933;-54;-712;-313;858
-401;-946;387;724;-300
280
160;-449;881;740;-6;236
-450;998;761
-609;-343;843;-944;255
-392;-152
-788;-798;-751
134;667
-517;693;171;-637
-291
660;-232;798;606
-52;-165;260
-482;306;-520;457;-61
-305;605
128;193;-911;-224
-723;-870;-262;-839;-666;-271
-580;884;118;647;-205;718
-817
-529;578
-836
-290;212;-247
645;344;761;715;174
-342
593;-23;-523;812
-349
19;-249;26;670;655
-145;710;-648;8;-282
946;-611;328;719
821;343;556;430
360
-618
434;-922;58;-716;780
-163;51
-628
758;895
-977;-728;-9;570
-391;426;123;732
449;162;22;-28;31
793;-829;-606
-18;-822;454
-853;981;-103;-316;251;171
1;-888;727;648;671
-132;267
38;-176
-467;918;-425;137;90;397
-353;-788;405;-937;760
-292;-421;-936;282;-187;895
405
964;-814
-677;-518;407;-142
560;86;-76;-991
624;-99;578;-873;-397
-938
448;-548;53;-888;508
-481;-934;589;141
-529;-116;-26;-270
-70;-22;-25;-554;-334;575
-899;-556
-913;665;-459;-749
-570;651;-624;719
946
-179
-980;-792;-250;554
-599;-873
-757;-277;821;407
203
641;53;792;522
840;-623
432;433;948;455
-161;-259;19;-76
-627;-366
992
58;-800
742
993;-251
-742;-518
738;114;772;313;858
-257;-915;-292;459
-337;97;-597;-277;621
-550;-712
751
241
38;-536
118;363;-240
-262;204;525;814;-528
-289;-933;-312;-586;985;890
-673;-225;-536;407;266
-114;-508;-590;-63
-251
-777;58;-557;-768
448;-372;431
