497;785;777;219;798
-516;-886;-582;469;-29
-769;727;647;-617
-52;-744;712;-956
-486;-44
325;438;24
-777;750
-357;-183
499;-539;11
117;12;-96
595;-363;-237;-222;-576
784;312;378;-671
816;757;-608;95
547;169;636;414;575
43
-515;-148;808;156
576;-723;690;645;138
976;147;663;441;396
84;709;39
272;-484;-438;-698
-354;887;814
-916;-468;-736
364;221
850;134;-392;-236;-686
832;372;375;-12;46
-336
918;-410;-588
-739;-836;949;9;732;989
592
485;951;344;92
-20;-967;904
-532;563;966;-655
-599
-771;-502;-956;77;-751
705;-531;-725;207
-710;358;42;221
-851;770;-453;875;-432
-465;368;984;233;509
33;572
-482;-852;581;-823;571;397
-884;810;-540
-426;-332;654
-617
128;210;-233
400;-962;-887;-121;-331
366
128;980;-761;537
-50;-451;195;-568;-14
-129;-98;420;923;731;-959
868;-983;157;591
320;433;531;-166;934;-649
913;-402;-725;-389;221
288;-914;755
482;-613
130
-853;-140;525;-944
-611;600;-634
-131;-201;217;492;-511;-512
180;-316
640;698;590
-769;695;-832
-865;64;-366
398
480;257;258;102;74
66;-503;-618;649
275;-952;-121;-379
145;-558
755;-423;-493
-353;-423;695;280;217
16;833;-35;789;198;-361
-793;-653
172
-184
-211;-471;239
880;888;-302
963;118;-666;969;-940
-837;-295;-520;-522;-795;731
-959
702
959
-706;-82;-835;-395;799
484;102;42;619;-509;-288
-35;-676;500;266;397
453;-839;488;-957;701;-47
754;453;278
-305;-583;681
705;-130;20;-59;475;732
976
705;-403;-121;-363;-284
-273;882;-551;-524
440;540
-696;-251;286;-832
482;757
-994;-585;-527;302;991;79
-893;-878
418;-566;-107;-956;-654;93
235
50;953;-765
857;-42;-718;654
833;135;-121;172
-766
