-260;259
-387;-694;-904;-956;-172;-991
-452;-183;-30;142
-641;-308;-473;-666;202;-944
64;-179;-923
130;434;443;-333;877
-530
-707;243;937;-939;445
-211;101;-631;-280;-697;-351
-458;-76
34;-488;173
834;154;62
-786;945;-899;-420;581;861
162;-439;649;939;508
178;-759;-473
165;-502;-973
705;-308;213;-230;-75;238
208;-233;-185;-349;413;-911
-741;-326;-439;492;973
-810
-43
-755;-740;196;346;349;-720
496;-854;-823;280;-315;-111
-962;-248;-650;507;941;109
-964;723;24;169
-371;634;107;414;-464;751
49
-38;-630;-663;118;40;-926
-950;-78;719
-676;341;-487
394;620;-320;-640
-964;-886
-258;452;-933;-422;-934;-267
162;834;-682
164;152
736;-163;-204;476;-813;-351
579;853;919;-527;-224
713;-187;-460
586
-518;-232;-109
756;-165;11
-403;-282;26;-684;-799
549;57
931;362;122;27;-831
-417;-579;983;-93
630;-267
455;122;813
432;-440;-906;-317;-495;846
-641;994;451;591
384;-563;-707
-978;-20;485;-982;-508;860
769;439;-832
68;-489;634;-79;-768
-154;366;-847
310;-698
626;792;-795;-492
-356;788;-38;45;975
-542;-814;-576
565;600
224;485;456
-706;306
-129;-962;-995;906
-916;820;-918;-375;-48
-82;117;334;815
272;-611;659;877;-718;-896
-161
130;723;133;-57
384;-391;906;892;-989;-128
-437;-936;-250;-298;-621;-703
687
-766;943
-439
370;-681;-989;860;-750;238
-194;9
-577;770;968;-298;-416
-369;288;-873;905;-960;-976
344;314;-269;829
323;-406;791
-712
803;936
973
309;-521
-981
48;933
-513;-403;-693;-746;91
-904;344;-607;-592
-225;148;105;-653;-367
388;-807;920;-298;-683
-659;308;575
785;771;579;312;-174
-131;150;-121;280;-634;685
81;-998;-950;-189;-223
-418;548;-757;-133;-969;730
-259;-164;25;-987;125
-934;903;778
769;-549;-454;-472;-555
-241
-17;-480
224;803;355;565;329;-239
274;875;412;365;623
-341;294;552
