520
-961;-74
291;-816
12
289;925;591
513;-660;-91;-32
65;514;975
-373;-554;698;-814
-725;-134;54;890;-621
914;-122
-49;-914;275;119;543
-795
181;-406;590;687
499;376;489;203
98;447
-219;254
528;-627;755;515;-204;-927
552
212;-677;-966;-871;-687;-127
819;-629;622
802;216;-763;558
624;882;697;-10;-701;861
672;-423;-284;-272
-177;-578;-405;-171
-898;-870;-616;72;-45
-249;-319
1;-754;-583
530;-218;651;-589;-432
569
-573
898;836;806;-943
-323
-434;-243;643;549;-535;-47
-579;478;446;-927
8;-79
-66;-675;994;281;-460
600;-14
-847
-433;100;439;-523;-175
384;-529;-531;565;566;904
-274;868
-869;936;-59;333
193;149
-65;921
896;-424;376;10
848;-198;934;559
-352
-353
483;-584
-530;-389;106;-684;-46;-608
795;77
-362
98;-460
-524;-351
837;422;-537;728;-573
365
884
-373
-630
-148;759;-859;-749;621
379
-865;-29
544;596;-751
19;-469;-263;-488;-682;-44
544;-682
-908
-933;70;393;-284;-668
-593;209;-25
-55;-73;794
864;722;-758;-810;907;-255
593;551;-474
-889;-857;557
724;198;-984;156;236;-496
-196;-133;341;637;-31;-784
741;922;92;398;-448
406;583;746;-796
786;-468;-968;-649;542;942
379;319
-327;134
611;84;-955;-75;-828;445
-543;-431;-816;559
-838;376;392;-987;-176
928;-385;-84;182;219;-652
-603;-123
627;601;428;526;-175
898;-457;-991;767
723;-501
-370;-554;314;-126
577;-706;-100;725;-762;489
-738
-996
597;519;-618;-444;-541;718
-354;-651
-375;137
-68;728;520;826;285
-52;295;-488
565;-320
758
-834;924;158
-507
434;-469;-712;536;-267;-544
