-259
4
-916;595;841;925;-415
519
-230;103;-282;140
-898;390;-520;664;93
817;-339;-612;-629;-135;-141
20;424;-122;973
614;54;-29;-655
784
672;-67;455;280;-809
-962;921;-172;-366;606
-797
147;971;447
-148;-399
913;482;-597;507;13
-51;-243;-6
355;-53
17;617;761;190
-98;406
816;-120;-8;-458;-924;-128
788;-223
311
-312
56
-59
-325;-134;399
624;-643;-137;-522;666;588
-580
178;-108
-129;-65;961;705;-346;-32
692;-621
21;-236;-335;623
305;26
-609;-402;51;109
90;-173
55;-638;239
-486;394
-67;930
-842;942
-357
708;681;602;157
-360
-945;-626;565;-378
208;-457;345;-458
979;132;537
530;387;-267;236;-256
-82;-632;-654;-32
-122
634
561;563;453;-632;714
752;736;-151;-443
-264;-376
-183;-460
242;-885
-968;-169;601;-445;-127;-48
354;-231;522
135
-37;-102
588;237;-431
-396
-612;469
-824;681
655
506;-651
-740;980;-326;698;557
-177;658;-631
-242;650
784;257;-162;901;583;93
436;-85;57
-914;737;450;-921;-457;-74
-924
-164
-421;-570;349;62;751
530;999;-330
-948
323;474;172;670;-432
789;760;442;-540;525
34;420;-695;-972
-241;-587;571;702
-691;-534
464;-178;307;-170;666;652
205
513;7;-58
-746;379;573
-487;-312;-846;158
-438;134;966;-327;-74;205
616;875
338;-57;26;-523
-474
-113;195;-856;267;-992
209;-696
672;274;229;-726;-217
-68;565;759
-647;152
-611;111
898;120;280;393;-235;-188
-505
340;823;479;655
-83;-629;360;606
-402;821;-442;-810;-523;845
