-994;218
348;941
268;510
914;915;-775;-253;751
-786
678;-138;-379;571;-751
451;772;22;843;268;-544
-389;-904;90;539;477;463
961;-822;156;237
144;-679
278
-755;899;564;-217;558
-867;-294;-54;518;413
-800
545
480;708;911;-16
593;-132;902;-567;-745;-603
-801;505
-842;537;-763;-254;-511
-884;360;-813;686;-816;-112
160;609;531;-742
-514;-285;-78;62
-818
-115;-585;648
305;-602;860
821
-353;578;601;77;-47;223
-865;36
-963;34;-455;-184;-76;46
-817;516;294;-56;728;-346
-885;-938;490;-268
-18;914;373;663;-585
-978;-242;903;43;206
-68
-790;859
707;-324;-534;363;-286
663;-92;781;-574;-191
690;727;-315
-325;-585;315
86
517;70;170;-894;-207
347
32;-802;-435;-683
607
352
16;56;60;766;-543
178;-229;87;-650
-388;508;-479
871
972;-607
-994;532;955;-383
180;213;214;-719
774;618
722;-5;421
-507;811;301;541;255
660;582;-80;-528
-499;164;517;71;-699;-960
-244;-869;-808
502;-587;-907;-590;-351
-913;946;-388;-712;890;829
143
68;214;-138
193;-19;760;-9;-330;62
-741;475;925
-499;984;-268;443;-511
-769;-227;467;900;-568;347
-387;163;-436;-388;886
267;-944
592;-83;983;-716;427;-524
-676;484;-873;811;-685;-510
708;742;-904;-972
501;-728;73;795;-509;-560
-566;854;-872;-154;-810;-160
928;-244
-941
310;265;-749
896;-650;844;364
717;-287
-677;-69;632;74;-909
468;711;-384;-976
-209;961;980;313;733;222
947;312;-59;-431;703
961
-85;-761;842;-591;590;-192
201
-307;510
33;102;839
-836;613;951;-313;-400;703
-790;-954
-724;-677;-743;646;-249
418;-695;426;-300;-62
791;-58
826;-92
-561;407;-921;-940
-33;-789;-791;-328;-846
-835;-396;991
758
291;-598;40;-332;351
819;-552;955;-319;-143
758;263
721;-164;-6;-807
