211;-854;-383
712;60
-518
-54;831
501;28
161;984;-266;-93
-425;397;559
-81;977;-132;-999;-298
-196;563;-982;886;710;-446
-962;-405;540;-990
769;-163;957
-609;-274;-514;83;517
577;-548
-884;-613;-854;-331;459;-367
-613;-139;-587;28
-402;995;-624
-433;965;268
-378;666
-338;774;878
-970;-95
-163;-491;-667;254
-555
890;-459;-987
43
-305;352;-949;889;58
-54;-393;-889;280;-784
66;-644;440;953
625;209;358;-810;-91;525
-81;209;-435;234;590;303
313;-368
-961;-753;-929;65;731
516;853;-875;331
-759;967;445;686
-60
741;777;-891;-814;509
-484;631;431
-580;-661;725;920;430
329
-867;-743;-359;-969;713;-671
-467;642;886;-471;570;717
-706;929;777;106;527
-450;564;680;-202;-235;-254
-371
-566;-328;-26;186;-684;-236
343;680;284;350
601;-75;410;-636;589
-770;148;-487;344;-489;106
579;825
-945;598;582;-876
-227;692;-936;955;-96
281;111
49;-307;-454;343;764
593;-758;358;973
258;-725;981;-666;-220;-32
496;449;-148;-200;570;269
-868;132;-744;-42;-687
387;-395;283;14;-128
100;824;267;716;-208
80;342
-903;478
-546;-521;-895
-914;-836;-54;-455;508;300
736;-562;131;998;-712;348
-687
-181;-933;-855
160;-611;-997;855;121;649
436
181;-187;186
419;-629;710;-64
898;820
869;-775;601
-625;631;-191
897;472;-394;924;334
81;-933;596;954
688;261;-807;-139;394;45
643;568
82;-887;-264;586;671
355;233;-332;-957
-967;-762
-676;-32
708
-710
-803;748;-159;-128;-624
568;-797;943
644;361;479
-38;-167
313;409
-946;-386;55;-297;427;-863
-165;360;-413
-449;-626;596
402;-855;554;747;223;-592
292;-87;-232;745;-236
-385;704;245;942
538;971
225;-516;-581;-939;268;-736
788;-557
-499;-134;-264;-764;139
97;338;-533;504;170;-332
-247
785;869;-505;634;-45;-975
996;573;733
