501;677;444;940
965;-232;343;285;-846
514;-410;155
97;852;-265;-922;-619;863
816;983
918;167;-90;-250;990;-447
163;280;589
-993;-978;426
629;-712;-153;748;268
-796;781
-993;-52;-332;-28;620
-418;-213;-669
417;355;-238
48;391;-463
-800
550
802;-708;-203;-845;-878
808
515;-815
596;200;-748
-770;401;-728;696;-416
-482;19;265;-63;-15;-544
-181;647;-618;971
564
567
-868;778;-699;970;-126
737;345
176;-872;857;972;911;63
573
-3;55;824;-557
740;717;-718;349
470;-539
705;691;581;252;-159;-208
-739;412
407;-665;186
-70;997;170
-289;433;-754;14
209;819;-260;-871;-495
-675;5;-77;-366
-947;453;-647;729;349;158
-965;-843;491;-830
-641;-290;-482;-269;45
868
786;-484;-965;919;-153
-33;-213;142
-619
-514;620
181;-74
915;217
832;588;-799
-110
-115
-309;-278;215
-898;421;488;874
-534;-7;26;795;-398
-637
-113;-418;-731;-13;126
881;883;-839;-632;860
385
-984;-427
-691;355;-906;414;959
-241;-533;-502;-393
219;687
-385;-167;344;924;703
-140
816;418;436;-91;-12;-912
324;-123;637;349;-272
582;589
472;796;-864
-402;67;916;-332;-364;269
-598;357;395
963;472
896;-20;916;-918;378;702
176;195;-743;201
-372;-349;-110;-751;-895
428
-749;-446;509
385;-534;745;780;396;-317
-101;-204;-205;685
-434
640;129;-677;345;-843;588
-522;393;411;798;-383
-898;-684;860;527;639
-629;-584
-408;-25;622
336;110
-200
-177;-884;438;826
-771;-1000;-731;843;172
-389;489;-298;-267
546;687
74;395
-242;459
-371;642;-747
-770;955;237;-191
-625;-280;671
944;-870;-570;-750;-190;174
-578;-596;629;302
124;92;974;847
-683;-75
560;578;-378
