191;-160;-544
-562;-820;551;315
-801;825;-285
337;662;983;-555;-910
-106;-362;205
775
16
-722;-708;-348;-239;-48
-21
578;-199;-400
-188;-94
642;599;-701
-535;-394;-270;910
-131;70;170;93;-511;-751
850;211;-583;439;-798;942
536;271
-788;458;-604;799;687
-489;187
480;211;-405;-629;389
112;787;390;-574;622
704;869;535
-686;-959;815
832
-66
-578
195;-744;411;-830;-895
803;-948;472
213;379
-741;-110
-103;-494
-993;-741;441;-474;-831;-560
613;213;-527;815
288;-467;117;-494;463
835;-391;-94
-181;37;-776;-922;-302
672;356;-905;-11;574;-784
-744;-329;-123;-956
534;-447;-431;-528
-874
741;134
464;156
757;-392
-563;-105;744;-412;-813;271
-8;825;-941;719;543
-33;787;-103;-651;-331;-300
-949;-169;570;349;239;847
-196;260;180;-121;510
-706;357;343;-121
256;599;807
383
-406;375;427
-956;815
112;722;-989;13
-450;867;214;587;716
-399
499;611;568
560;-835;578;-538;90
-426;570
354;-693;907;-236;-878;143
-210;657;-52;222;302
-403;916;151
-937;-602;874
-771;532;-742;614;-876;571
806;-967
672
577;-979;631;-735;927
-562;851;-584;973
-644;439;89;843;-301
608;404;886;-701
678;265
432
566;-904;-975;607;15
53;-749
242;-262;166;-44;-800
673;466;-615;-79
566;-202;282;-192
68;-441;575
524;958
202
529;-245;-759;235;-988
-177;-450;-547;296;-350
929;-402;-314;875;654
435;-469;901;-102;-887;-858
693;-912
373;-343;839;-139
-417;738;836;-56;843;-957
688;625;-230;-216;380
389;92
115;-393;747;-622;781;111
745
-369;-961;21;45
258;362;-124
174;-415
-755
802;-558
-68;572
981;-476
644;502;-896
226;-541;-704
763
304;-52
