-179;949;954;-171;-525
306;-612;-408;-571
-263
-265
647;-266;-682;-971;238
-291;-852;857;905;-173;845
162;227;948;213
754;-980;-790;247;185;47
25
-468;723;88;248;203
-705;288;-420;-571;-381;-287
-353;-517;-344;-31;-576
-705;80;-769;-259;-425
130;-915;-147;-378
-821;666;123
467;-857;-364;-47;254
-545;-679;-503;-556;-413;863
160;-337;-936;-126;463;735
-260;819
466;-19;627
-422;-557;-272;175
817;15
833
677;-971;-508;733
404;-426;876;-960;175
-994;-147;25;-235
560;673;-674;-644;14
544;-228;694;154;796;-95
-437;-981;-248;170;397
-837;438;856;-747;-479;-591
400;267;-332
-596
-113;-712;-621;509;-688
-487;-951;-985;-875;-127
-3;-606
-695;598
-17;-467;83;46
979;211;-669;861
-39;-984;442;-555;-204;-46
-262;-614;-510
597;710;-441;265
323;-565;-936;300
360;25;236
-243;-139;828;-909;-591;943
879
853;555;-16;-256
929;516;423;666;477;686
992;-649;600;361;-234;-188
80;691;693;-576
752;-665;280;12
637
784;545;788;573
854;557
387
-651;-507
-550;-487;-890
139
786;-927
655
-531;-212;-404;-536
-979;518;-808;-927
498;277;105;250;285;14
-259;-38;824;744;-731;126
209;-114;706;-565;-648
925
415
756;-585;-667;-176
961;-73;27;526
-11;942
-430
-950;-150;414
-147;707;-139;-188;-668
148;-583;589;-782;-832
-438
38;-223
-817;-740;491;267;-909;-782
-52;503;697;12;-719
229;-928
-306;748
768;-394;-138;463
-257;-418;-379;-109;463
-56;253
-935;776;217;572;-943;-144
679;105;394;491;780;-189
-593;-965;405;683
-474
913;51;772;-751
176;-658;233;954;540
928;152;-525;-783
338;-619;-383;-79
577;611;676;-311;-297
512;-947;786;-86;991
580;-92
-642;-763;-622
-641;-52;-837;-374;-486;362
-754;210;676;310;406;411
-593;449;-969;-377;990
-257;-881;897;-263
200;-704
-145;-386;-898;-762;-365
-292;-824;408;-571
