513
-809;-828;-669
-261
738;-971;-540
769;-842;-317;797;-415
-690;983;699;812
49;-483;-215;380
434;354
-178;-166;-456;-121;559;639
-705;-643;-634;857;843;-512
997;277;566;886;-45;-605
644;410;509;-511
-544
-104;455;169;-78;-990
182;-282;797;-735
673;-979;-582;968;-699;61
472;-635;-399
-565;254
946;-691;-374;762;-332
-570
689;276;-664;-988;-398
897;3;871;-687
562;-616;136;-987;75
916;-473;-510
595;-462;190
-435;200;633;76;-910;-144
-945;468;694;875
-131;-709
627;567;201;-139;-925
-905;330;-269
677;-520;-489
288;563;262;873;139
337;900;437;375;711;909
512;769;-498;458;461;-847
856
81;-345;10;347
-83;-853;472;559
-850;-530
339;-311;491;-880
106
589;287
374;-568;649;859;-174
-738;613;-122;939;-173;-638
-380
518;-391
896
-392
-655
-930;-739;793;121;-925
144
-531;-389
453;-521;221
-571;-607
-414
-509;-254;77;-815;575
35;422;-347;10;138;667
-289;-643;450;-94;415
-834;561;7;648;744;58
-177;245;374;983;-603;879
-598;135;107;509;-510;190
681
946;683;-796;333;222;830
353;755;-501;506;-748;63
-242;117;-222;174
688;-481;-707;-965;-314;-444
-137;264;-974;-608
-481;6;167;-124
290;-443;-414;-383
130;564
-953
579;373
-523;396;-319
-775;-442
-401;962;-758;-584;551;680
545;754;248;-425;-92;189
-469;277;120;-397;15
900;-54;-13;142
-786;807;1000;89;893
-459;-718;-318
113;-295;457;-495
-468;549;-902;-731;-206
496;-733;14
978;13
-177;-754;547;646;987
-1000
641;871
-913;-822;72;-282;957;-783
20;822;-362;187;239;-672
288;-131;421;79;607
288;728;700;30;543
-98;404;-138;846
497;-132;406;57;701;254
87;-109;271
320;818;86;-951;396;861
-252
883;-376
-853;89
-773;-663;927
770;251
833;324;85;-989
-909;398
