244;-152;-954;349
371;-368
213;815
-517
789;-571;206;-96;191
-420;-149;559
-226;833;-3;562;898;-5
515;-741;681;-187
116;-282;-587;-939;397
-658;-773;-438;28;-734
274
-819;-739;-372;995;-937;826
-116;723;-744;-620;222
712;-554;764;638
-612;871;-523;332;-607
640;83;-536;-670;511
689;-147;-453;-171;-203
930;-960
-500;213
-361;794;-109;732;238;-240
850;531;-132;-280;919;959
-545;467;996;132;-189;-574
161;-195
-769;-275;-270
40
422;-126
760;-208
-914;872
-615;330;650;-459;-973
-977;-273;896;-202
419;394
-787;724;661;-553;-604
-867;262;-7;-620;671
-355;662
-568
827
224;646;-487;-619;862;-688
-67;-105;-923;-252
615;220
-338;9
66;-617;-345;-154;207
-131;-791;-983;38
-775;-873;219;-958
852
820;-734
-786;866;-500;537;-652;-832
-433;592;449;36;223
289;977;-363;-414;-848
-103
-105
-789;424
2;107
995;394
989;-367
387;485;346;652;-736
576;-996;-858;910
416;294;427
880;417;37;302;270
883
257;-279;-233;889
379
64;-278;-758;326;-123;-125
-51;-53;-839;-748;12;270
-563;234;300;861;31;-992
768;896;-246
-273;927
741;535;761;942;-528
148
49;612
53;-391;-377;137;60;109
914;-760
-159
-515;664;28;238
-331;-380;-285;-960
-215;887;-251
-769;-172
691
-513;-118;810
755;-61
-437;-790;649;138
65;385;242;729;813
-641;-293;-505;-778;494
963
770;132;966;551;-174
456
-441;731;427
577;915;69;-72;601;-93
690;799
-150;-988;671
257;-504;-508;284
-929;242;-392;536;-186
730
219
107;-589
-919;-575;750;-512
-489
832;984;-426;123
137;619
512;-233;-527
-504
254
