594;-857
-212;266;-94;303
737;-292;-772;-534;-176
-449;371;-358;-125;830
782
-674;-386;-244;216;-656;447
-498;-700;924
-19
421;519;682;-64
619;428
-282
624;625;276;-183;572;415
-513;-722;-970;-175;-207
690;-292;-886;-648;744;681
-774;7;218
-455;495
-497;-116;-680;-554;988;-207
-323;516;-103;696;-442;-302
-467;856;-108;77;-528;127
882;293;470;-840;-761
-48
962;916;733
801;-373;-992
-662;-25;297;954
625;836;895
547;-997;206;191
467;-264;-120;-810;-431;591
-898;101;-12;-365;140;-303
-513;274;819;532;841;-608
388;-568;-910
852;471;923;125
569;779
-562;386;739;-890
912;738;-243;468;88;668
-589
664;121;267;-463
386;662;-201
-868;-240
537;62
-402;868;-27;-908;-525;-894
-518;134;938;-619;-141;815
832;-866;648
546;-932;965;520;121;-605
-562;-566
80;-81;-371
-995;243;635
-629
-808;-701;621
-833;-822;678;-410;-270
-52;-869;-422;-285;-29
-225;-918;-795;-637;-111
-383
-791;-551;-169;618;764
259;383
-51;-21;524;447
756;759;412
-418;-323;-379;682;827;-526
464;-866;-548;45
-401;-898;-473;-313;923
384;562;646;55;204;79
-823;650;-224
-911
-129;161;367
-274;-121;-362;-301;-111
-849;913;-723
-274;641;-195;856;58;-683
-370;737;-793;808;795
-155
-926
560;516;773;-103;463
705;163;-983;41;-604
208;-242;-244;-144
560;354;-373;948;405;-191
429
-385;-546;-739;-547;402;101
98;-260;616;492
274;36;-185;-10;-303
388;838;-270
672;324;-663;551;393;191
-706;-855;296;-315;494;895
-161;863
-447
504;488;-540;-301;559
-129;839
530;-660;630;-920;87;-635
992;243;-168;775;923
130;-229;-597;-552;586;875
454;-343;-1000;-30;447
-705;802;-963;-122
-774;437;-969;922;-864
6;-361;825;249;-239
963;836;475
848;32;-773;120
-81;453;663;56;-315;479
149;37;521;299
500
-419;-343
451;-957
385;-893
-742;997
417;-455;297;331;-846
