913;307;-635;954
577;-84;999;-976
22;840;-79
-809;825
913;-648;-284
-340;275;596;327;185
534
-150;55;-89;-556;924;606
1;458;843
-849;313
-774;-440;-603;-768
-793
222;831
599;-558;-143;-960
261;951;855;-235
135;-176
-370;898;842;-396;-685;-336
559
48
-897;-481;-312;10;860
835;755
889;-63
-330;91;-590
113;657;-148;-13;-32
496;500;24;939;668
-289;-586;-733
320;-4;-84;-839;-489
842
706;805;809;-75;954;719
450;599;-441;168;-922;-958
-277;-792;122;-653;511;239
-917;-551;534;859;763;-350
-710;-142
560;-85;-487;951;-681;-173
-103;217;-29
-257;-819;435;611;-796;-799
896;210;519
850;-332;-989;-29;590
-869;9
-603;139;-572;-80
-599;507
608
551;-157;253;94;-399;783
938;701
674;-453;62;590
-72;328;-622
-726;902;-393;538;-432
-623
432;514;-313;-361;351
822;571
52;-410;-924;-860;396;607
353;-676;-216;-652;-13;62
-401;852;-904;158;-80
432;710
-899;871;-681;828
-774;-152;-490;205;-399;-816
195;-695;137;222;-751
-913;-519;922;-222;-928
-836;-58
-65;453;-872;-748;-47;126
-51;-244;-165;-37;374;-265
-778;922
960;516;-265;537;410;-733
66;-964;-374;56;717;-160
802;-139;-781;-431;-880
-930;269
-758;552;-889;-155;77
-515;216;-425;265;-91;955
661;-512
642;-229;375;-968;-459;-798
413
563;-984;7
670
671
-821;23;473;-74;239
641;522;699;91
721;66;-340;-53;564;-281
-962;-165;-742;-441;202;-107
-57;-684;525;-464
326;858;59;-588;412;382
-145;-660;-554;-910;765;-719
955
966;376;952;-441;127
-446
754;-390;411;-812;-415
-242;-770;-103;918
-49;52;165;373;683
715
-867;52;-158;510
-889;-188;-941;526
226;-841;-986;-603;-61
113;-823;-535
881;948;-247;-587;506
-708;-717;893;718;559
-199;-347;124;-461;-672;287
176;802;-886;-422;830
-759
371;-903;923;-365;223
762
-509
-986;-443;-940;-700
