258
-81;900;-7;472
802;-668;-653
356;762;685
277
-338;-86;-366
-951;670
-70;421;-666;-734
-390;550;-970;-140;413
811;-16
-114;691;-357;-966;889;140
797
50;293;-679;-199;7;-784
-801
-596;887
193;-498;-7;-522;476;-960
-66;901;869;-279;984;445
-231;813;-623
736;528;-501;47
914;738;-556;-797
299
-306
245;439;-120;74;-75
-901;-684;44;461
-437;-136;392;605;-575;719
330;-716;573;639
145;-518;-151;171;411
58
-323
323
672;613;408;-441;-414
-842
-82;242;-860;317;557;415
-673;311;-152;-589
665;-331
-396;-462
-801;-982;-623
-130;-632;-814;-319
908;221
-813;-63
-905;201;-573;-733;557;-191
518;-408
-579;180;855;-830
-374
544;-952;-106;986;-942;590
-369;245
636
742;-585;-797
-881;-166;-247;265;-235;111
85;761;-893;175
-281;-425;-907;348;-271;639
694;463
645
-648
-581;276;-519;-336
-657
-358;777;-941;-653;-30;-224
410
-689;5;-495
402;-813
-949;728;-251;363;751;-800
-418
97;147;132;-316;-222
64;-578;662;-393;-222;302
937
465;-854;217
500;695;-328;584;266
181
-440
-822;-55;-333
-275;230;-910
955
903;233;61;-911;-383;-352
-633;184
960;99;68;919;-954;638
530;233;969
-193;321;-905;-14;-431
-679;925;463
577;193;-969
-53;933;-170;-30;-480
-458
465
534;615;296;-366;925
273;627;308;286
-987
-787;-968
-97;-743;-584;457;473;270
-342;-908
996
-963;-139;-363;-588;30
-584;7;-489;-474;795
547;199
-647;-651;-476
-534;854;-711;297;-831;430
-835;-630;-790;-203;170
-99;-468;355;-838;421;-896
946;-868;249;-30;461
-562;-843;-252;-896
-108;-143
-370;210;402;146;67;-965
-512
