258
210;-503;476;79
775
466;57
912;738;-821;438;156;893
-353;817;921;153;684;351
405;-24;298;-509;-989;-733
401;-931
-21
545;-694;422;-841;-222
-962;132;295
-18;997;905;956
-242;387;870;-477
-854;56
390;922
545;-805;-183;438;-28
545;-578
-81;548;-903;-680;57
179;-983
-914;-839;-77
913;451;501;-22;-679;924
811
-558
481;-387;453;-391;-334;127
400;-498;44
311
226;789;-294;-409
-543;-288
577
343;-588;813;-495
-977;-406;103;909;958
852;-263
657;642;-568;-921;540;-14
595
-194;-644;805;295;-174
16;896;338;963;184
-457;72;-458;250;-270
-930;-356;-151;263;24;543
-869
-818;524;236;159
-791;743;-795;-284
881;801;-204;-607
-876
353;-198;602;636
529;-156
796;-222;575
-754;898;370;252;-127
-180;724;-197;806
138;-12;-524;-252
-499;662;744
-529;613;-634;-731;-398
934;-279;249;121;731;-332
-467;994;-788;452;-46
274;308;20;-56;-76;957
-577;-177;310;-920;984;-793
917
-770;641;-739;707;55;255
-359;-551;664;862;47
961;-758;-746;-491;-911
608;837;-266
256;881;770;670;430;479
-356;-60
-245;405;-311;-521
-18;859;-492;-765
82;595
-964;276;728;-719
-99;-692;-27;-638
946
-436
946;-509
-789;-406;-10;110;-111
-785;-210;-6;-975
-285;-158
-86;280
-196
-562;878;-816;47
850;-676;123;-77;653;863
147;-349
304;448;-750;-974
533;-423;-142;637;111
-467
161;82;100;638;511
725
-161;-821
793;703
630;934;-183;-746;587;-238
632;-925;511
-612;484;-758;872;793;-43
-594;-143
452;285
-708;361;-843;-319
773;488
386;949;997;-557
432;-83;4;-597
-916;519;-937;584;-778
-248
504
244;-670;-510;175
-50;568;201;441;-912
421;360;-137;568;457;890
290;-408;-936;798
