-470;584;-112
-993;-619;-301;-141
752;436;-606;-575
777
-38;439;503;-8;907;-255
-755;-373;603
526
-276
-67;599
96;-103;-393;122
900;389;374;824;-186;795
650;-112
676;181;278;840;-636;-30
-632;664
-853;-135;-471;567;926
-241;-626;-148;-88;43
-643;967;-344;55
-323;-179;-632;345;604;479
-898;-292;955;-829
256;-116;823;312;-47;351
-691;949;134;-151;61
-17;-193;-7;632;-171;60
577;-119;695;359;331
-309
-161;34;-444
554;394;-623
839
994;-6;-279;905
591
100;-118;524;863
-993;-633
-516;391;730
-450;-917;52;-341;597;-573
-627;232;729;827;-365;-701
-790;-78
738;-380
402;-69;981;583
384;-518;-521;-634;414
-503;582;-684;956;-174;-798
372;761
-930;855;954
-467;260;549;283
241;-267;909
-402;372;-822;56;-397;-974
33;402;452
-33;338;-805;101;520
-902;517;-172;-79
-381
802;566;-476
545;567;824;-683;907;-494
320;214;-143
-593;652;334
-823;427
-213;521;761;-539;123
883;550;-268
-753;-570;10;-878
290;110
704;-265;699;-224
336;466;-872;-860;11
-595;443
992;-804;681;490;363;-287
416
-344;-106;-655;943
-883;357;-279;423;585;986
423
580;-632;-523;495;-864
-929;-627;738;-85;-156;-656
-168;-528
952
978;-359;79
-739;-151;394;-206;-767
703
760;-604;-45;-382;974
192
-502;504;-585;-734;-462;-976
978;-181;-104;-888
-195
-290;996;-424;-734
417;805
-935;169;505;715
691;-232;-616;168;331;-800
161;886;666;109;61;111
-391;712;491;-573;991
529;-134;-602;415
326;-538
506;989
400;-611;230;107;860
733
477
-958;479
82;227;-103;954;107;494
368;-259;291;389;713;11
-750
768;790;-281;-382;781;-415
848;-514;423
210;646;-135;-776;-192
400;193;358;726;908;990
640;-787;-341;949;264;-476
-255
-979;724
132;-854;56;810;111
