516;8;-137;638
-739;-675;679;-476;619;332
554;-816
517
950;102;-25;-139;910
-22;-93;557;-175
561;569;-604
-20
80;291;694;-552;-793
-561;-951;54;-617
625;-339;564;-312
-402;1;882;830
835;-341;-461
-293;165;-520;683
-929;690;-243;179
-724;-103;317;462;-768
49
-771;199;408;232;-251;238
290;708;-686
7;-832
-570
240;76
-145;341;329;-207
769;-499;947;148;490
608;663;-232;-382;175
402;-54;-488;410;-592
674;262;155
274;-856
-371;-324;-407;200;205;766
-260;709;215;174
328
-292;-710;-429;846
993;708;-60;-32
-83
-356;138;-173;-592;127
407;-152;60;862;958
96;-787;-678;-768
-914;-899;-630;29;-798;301
306;646;-104;-876;636
-340;-199;-585
576;-739;-725;692;982;-173
802;-628;743;569;28;894
-162;-850;895
5;890;491;782
437;-375;-823;639
968;-841
-645;-72;-233;361;461
-57;107;-717;-239
609;-301;892;493;237
-988;335
-803;-619
-314;170
-309;-669;-878;-720;-640
-693;-970;14;-544
453;-987;893;813
43;-704
656;309;732;-542;-495
-964;533;233;347
305;-131;963;357;-616;807
484;949
793;-219;348
-668
-354;-570
-181;-663;175
194;-233;745;218
-49;-692;901
-85;-695;-153
-113;-932;301;798;878
485;-319
355;681;411
-100;-53;775;-333;-717
-175
832;880;-101;280;649;-574
-689
-225;546;-308;-902;137;318
-563;21;-89;-571
560;-802;-210;-647;664
-248;620;-190
339;-854;697
-770;330
609;87
560;676;-539
640;-311;12;-336;-448
289;664;360;925
-161;148;424;-346;-779
212
-945;-548
496;-678;504;-233;-970;666
-273;620;125
-965;344;-702;-431
985
-785;449;-483;855;264;-778
226;-613;36;-684;44
-770;706;-724;84;776;-811
977;423;-207;62
498;-5
-750
675;965;651
-903;-584;-809
677;-359;710;-520
-510
