-611;-585;233;-575
388;-935;247;298
-433;961;373;-153;-234
995;307;85;-950;-654;733
112;-930;433;374
-451;147;-5;613;398;-176
-15
577;-562
722;403;227;20;181
448;-425
-230;200;250;316
26
-294;844
512;-786;-883;91
977;774;-203;-992
2;-299;252
-814
-4;-694;634;877
-913;284;60
-963;-887;263;-587;-590;143
581
849;466;405;789;888
226;-500;-597;149;-716;-685
567;-123;203;-572
-706;-19;901;-893;413;-799
-842;73;748;-158;-927
-132;-991;526
-913;-147;-439;710;-104;-218
-369;788;-278;970
310;375;-42;-44
561;40
-209;-611;212;292;-534;757
351
-340;-532
530;-292;-519;-336
930;-469;671
365
-802;-245;-793;538;-92
737;-338;291;-60
-632
33;-485;-602;-95
144;263;328;157
-78;686;543
785;-55;-809;-650;490;367
385
-51;122;-909;973
73;-236;812
-663;523
672;-421;-875;764
-41;184
934;490
-403
-81;-658;217;-590;-863;-735
150
-610;-629;550;-743
-4;-60;221
-869;-614;-379;-607
977;728;746;-764;782
-678
-468;-469;-558;46
546;-484;-409;953;589
-172
-610;837;136;217;284;-688
544;114;58;-140;-590;447
307;565;37;-107;143
407;315;-32
947
897;230;38;-471
-184
-280;-633;603;750
-886;-105;-474
-456;824;444;909
-981;277;-764
738;217
-190
-694;727;-992
-225;840;555;-846;670;990
771;-519;-525;493;-926
-451
-741;936
-903;-91;285
200
496;565;872;-684;923;-685
723
211
-677;-702;-15;94;831
-421;-69;-493
-929;160;625;850;-963;-985
-961;99;19;623
643;939;173
-4;756;-973
881;644;119;-617;329;-365
-849;-611;707;820;-279;951
385;851;147;-422;-221
560;373;-775;108;478
-733;-269
-545;820;870;-140
757;-663;-333
272;-776
288;641;726;-809;892;-719
-765
