-84;-279;105
771
-469;-332;734;335
-34;5;-752
723;680;-366
435;667;-748;428
378;-908
-770;149;789;-39;134;-285
-163;871;25;-586;-123
-676;-373
-209;-791;-55;518
534;918;-217;843
-17;531;-77;798;846
960;338;503;459;-589;159
50;-796;703
276;-103;-396;-334
-938;300;332
-769;-97;-498;386;-788;-588
-514;-248;444
-438;-585;842;-908
-901;-957
496;277;106;-427;-127
129;-322;-66;503;-764;443
1;803;-164;-871;154
-899;-419;836;-735;-943;-480
-228;-109
-625;189;-926
84;902;-620;-269;-61;815
-161;-442
861
862
978;396
-531;-920;-537;201;156
-608
-356;-154;414
-242;-420;580;516;460;-541
-802;228;501;-375;88
456;-816
-244;-358;-329;8;-461;767
872
753;887
835;840;222
160;353;520;204;-126;-750
362
-168;-746;314;493
-674;-355;618;10;860;-94
-821;455
-377;169;-414
-114
436;-60
983;-780;-333
-835;-904;120;793;687
-482;55;-808;-697
-385;-757;164;-806;620
-979;5;598;-394;-912
740;852;792;-957
660
787;132
-157
225;-805;-607
-114;265;-91;715;461;718
421;254
352;-969;780
-324;-890;-493
564;730;635;-206;-527
832;-450;806;-297;-202
592;-401;385;-140
-949
-183
-323;792;-287
839;-400
697
-422;456;-429;-958;654
643;-437;422;474;364
-465;-235
-418;483;986;-349
-137;-779;-14;222
-588;-380
-516;247;-43;107;-766
-725;-406;213;518;-318
-166;758;639
-753;-984;-776
-387;949;857;-443
-164;564;-969;699;591
-436;-311;536;792;141
240;753;-388;-761;-958;638
-786;-118;329;-670
355;-741;84;-634;202
853;-918;-842;171
577;405;-263;-186;-875;-656
-342;328;442;219;-558;398
114;-520;856;329;734
892;365
239
-344;232;345;973;925;927
969;559
761
816;-626;237;847
-981;-23;751
-470;-360;543;-480
-679;423
