-483;211;-22;-157;447
804;-799
64;-499;-99;899;331;334
929;-532;-916
-83;326;281
-519;103;-366
-820;-980;-808;-479
945;-118;22;-504;441
-757;618;670
-449;677;-551;347
818;-136;-144
282
-148;-909
-801
-34
294
-692;742
-564
385;807;919;-552;797
-561;994;279;-489;-538
-67
-785;323;643;-201;458;142
-705;777
-372;-934;-983;680
163;-821;900;90
845
545;801;586;-76;13
-232;-522;-415;575
338;-697;109;13;831
-86
913;-706;-583;-224
728;217;235;445
351
-817;49;-844;347;-526;669
784;882;-247;-199;-841;745
832;900;-886;-919;-28
212;-357;472;446;-160
96;774
704;-292;-756;533;938
753;-460;-653
-934;120;-651;587
-905;-233
471;-589
-630
160;470;45;735
-225;-37;869;726;-285;-656
-656
-439;-41;186;-107
-101;501
913
507;636;-736
-723;-709
-373;868;117;-460
-548;806;-169;831
-307;-615
-769;51;-719
-737;929;-232;490;475
288;-499;359;364;927
-209;-241;673;387;-597;-429
-678;-599;654;782
-930;69;375;-381;-735;415
1000;463;-16
-891;-45
168
-169
849;-677
802;651
514;243;19;-650;559
-439
240;676;-632;184;-266;748
-787;6;343;488;-959;-47
-902;795;123;204;-30
-225;-996
-200
712
-970
-578;-902;-280;522;780
64;391;648;458;-332
562;102;264;425;138;763
744;314;570;-108;-990;958
-723
4;-74;-652;380;-639
432;-324;886;-488;-686;909
331;155;-13
321;290;323;21;-394;683
-961;-709;-615;15
802;958
-902;597;629;663;279;-15
512;-147;888
-234
-517;-347;-651
769;402;-613;950;-455;-816
631;187;254;191
-897;-370;-469;790;-316;509
273;932;952;-891
-244
-506
-307;-201
-83;-775;-59;-157;974;351
113;323;234;-61;877;559
-804;-652;-592
