249;764;269
-322;450;874;-491;-253
-203;397;-191
-548;-375;-408;814
33;-566;859;-174;366
-179;698
-395;-894
915;-925;462;-703;-16
512;68;954;747;-477;-768
-372;-646;811;-621;814
801;-194;-261;-581;-249;-300
271
-163;-456;639
211;-760;151;-392
-536
-794;767
128;979;455
27
612;-640
488;794;-367;398
931;-971
-809
996;-442
-874;-746;-122;-124;287
-840;538
-326;631;508
-699;330;-925;462;783
194;-100;-757;613
-297;-778
124;-799;111
544;657;583;-169;-27
-307;-522
-65;278;250;111
-582
-689;371;-790;519;778;650
584
679;-752
-587
-293;-536;-265;250
-401;-701
592
322;-602;-219;874;478;767
-855
676;-392;-9;-525;157
502;-568;-29
96
-162;-645;-72;795;-782
-438;-119;911
-37;652
-105
834;660;-152;-976
110
-6;663;-602;-779;-767;-160
33;291;-203
890
-389;757;781
-127
548;520;-123;-303
240;801;694;-761;-955;879
449;-317
-34;306;264;110
-469;23;347;508;956;-462
-547;628;567
180;-615;617;-331;798
-908
-898;-965;950
-914
209;296;265;-477;110
881;483;-955;250
404
151
-468;303
-17;-259;467;486
-936
259;743;703
-289;-823;-349
374;-220;-717;636;110
-642;-515;342;88;61;-287
-406;668;-960
186
262;696;252
515;447
962
-455
464;801;403;456;-124;-512
448;-497;-928
-89;-538;-607
385;471;42;-173
867;-139
-389;-521;-299;990
854;263;-636
-740
228
-21;518;-268
-502;853;-942;-670
-830;-943
688;-532;-633;-409;-794;158
-439;-316
-254
518;553;334;-383
-762;506
