454;-460;-526;-751
-169;-91
305;771;-293;26;636;-160
261
849;-803;531;853;-144
519
593;446
804;237
647;377;-843;-763;859
257;-284
-821;374;-663;311
-849;-775;311
-53;-438;5;189
887;-73
560
-99;-166;213
816;-914;-340;291;58;141
769;307
-113;705;996
517;-155;412;-830
-369;-530;-20;-692;-171;954
130;-423;-474;190
-407;988;286;478
-835
-81;32;-753;-936;-635
837
641;-19;-355;132;695
-291;930;-668;-45
237;861
689;-904;538;970;829
386;201
930;21;376;700;-416
-579;-548;282
946;-612
83;411;-350;-480
-825;300;591;527
34;-374
370;-53;518;-89;619
624;487
87;570;974
451;-596;743;-139;-780;221
336;452;728;378
-231;-640
662;-768
978;965;855;379
816;-199
-561;741;-905;360
134;-552;-717
-802;-259;854;103;875;623
-104;458;-859;-382
-891
890
-641;114;-104;714;-158;-560
980;-312;-411;-381
-303;175
520;-876;-285
240;-979;-388;-796
131
388
212;-861;-973;622;-160
-578;498;821;230;955;524
485;430
664
-850;-290;-807
-51;-150;630;71;10;671
577;161;789;265;729;-572
670
145;485;201;-622;462
-884;183;29
592;674;120;-201
-424;-59;266;-971
274;-953
-881;995;-506;-443;716;799
-940
-954;-746;-844;-958
-585;-796;523;172
-945;952;552;-125
-740;-773;309
234;124;-542
-305;948;358;-555
432;944;-871;-569;-794;153
836;-218;586;-221;733;271
643;435;-87;44;703
114;725;329;-960
904;730;-940;830;-48;-496
904;-809;-571;-510
23;-345;-13;-350;-814
33;-884;-900;789;70;-608
989
969;-90;-814;669
736
228
-771;658;-101;789;-344;-717
-193;116;-669
107;-12;876;-478
-369;852;358;806;-440;-202
322;-150;-199;967;-445
-982;23;719
993;407;381
-581;-663;-312;-760;-234
547;-36
