-513
288;-692;-367
65;-900;614;503;939;573
592;24;667
-200;984;985;-362;316;77
264
12
960;-948;-745;924;79
854;-72
-530
-20
197;-376;843;380
195;-373;-966;761;-155
650;143
439;135;920;440;537;-654
418;-134
802;547;472
-370;803;259;729;-957;590
-288
-471;182
498;770;-234;-426;-572
305;391;-955;861;-896
-676;131;-742;-590;46
-328;26
497;-867;676
-759;703
403;-455;-183;-473;585;-703
912;-563;-523;474;782
274;-822;-456;-8;762;191
929;-940;-816
945;551;-508;-670
-531;210
320
753;-7;359;696;-201
833
951;911
-83;866;-857
608;-354;786;-117;-585;765
-468;278;346;-492
-454;102;-141;173;911
-88
451;-438;-10;-605
-375;998;491
-420;328;969;-794;-431
-801;949;725;-264
880;-933;773;-618
521;350
-98;-244;-167;-393;604;-576
288;-741;374;-283
-846;-542
-450;-436;406;809;-702
-662;-231;-601;-858;953
-122
-898;-467;275;-853;502;-731
198;-507;-589
753;658
-225;-680;-937;-349;988;303
-248;744;395;205;573
395
48;290;-997
577;-183;714;652;-590
-546;-674;-774;822;487;25
-390;-907;637
661
-773;975;719
-412
55;875
167
-771;-196;-710;-541
-435;607
-513;-684
97;322;-788;-502;122;-192
-435
768;483;964;101;682
-359;520;-601
-838;-832;383;591
192;-949;61
-520;-345;266;156
566;136
-678;-583;-599;185;-315
-946;-853;266;-636;-848
-225;-917;-711;-141
-883;-587;-13
-163;502;311;152;24;-109
-503;-777;-464
306;157
302;-512
-402;281;-92
578;664
226;-839;-440;809;974
-946;-20;711;347;-269;910
-209;-498;-164;677;-474;-332
-564;468;294;-408;-120;-927
243;-478
993;865;786;741;487;461
-625;512;669;-800
372;-309;951;-825;59
-522;489;-299;-430
-211;663;-217;847;447
-252
449;135;968;553;-764;-318
