327;-842
24;-796
900;-906
711;-525;-176
-577;587
-121;554;-989;-736
674;-537;-141;15
781
789;505
-929;592;273;-919;377;585
688;-970
71;170;924;-894;142;383
36;762
-94;893
-456;570;686
-354;453;-344;-45
-38
-641;529;87;154;-428
145;-701
913;922
576;80;-612;-485;-6;492
-303
-134;-439;264;793;843
-389;-750;-607;-831;-32
-4;-221;79;-928
886;535;-603;-288;31
-50
818
-401;628;-174
-857;-442;476
-97;162;99;-479
-98;2;-307;900;824;-493
-434;-909
-929;-450;803
-786;-767;-560
-676;-213;311
128;625;3;995;356;266
326
73
192;-755;-116;-808;-381
-740;-872
160;161;-551;295;-508;780
564;492;-718
-869;-952;90;859;14
-994;-920;282
-17;713;89;492;-669
-104;-107;-143
-948;410;-461;-637
-99;-611;-563;-619
-465;-275;595;-519;-759;-215
294;-393;41;-300
-470;664;393;285
-129;-482;-409;265;-186;-701
416;401;145;-442;-157
-467;712;858;542
-305;738;189
516;-406
81;-789;150;503;135;543
641;-342;-217;872;-842
659;-812;-365;526;-640
-697;-192
633
513;243;-519;-619
100;-361;-510;-384
496;-146;533;70;-743;-77
-355;162;-711
-115;-539
177;627;-570;-11;-365
-673;-529;644;-361;-762
771;-166;696;-895
497;-346
-294;-312;-618;410;-764;141
458;-765;-878
-3;441;-189;718;558;-80
-17;-273;22;-157
689;677;-428
517;-904;-652;-447;-480
224;-564;11;956;60
-241;-674;-838;183;-683;28
832;-292;-988;14
-259;-933;-807;27
-189
-497;-435;229
773;917;-407;233;-924;111
-42;234
-995;-735
-945;176;721;9;-924
-964
904;572
231;-123;602
-842;443;347;-285;-383
-850;642;758;-56;-284
-322;579;795;-685;622
-274;71;716;-736
995
805;-262;-252;-63
176;18;36;-380;-607
147;329;29
-466;100;197;949;267;-796
-947;-188;-910
-680;857;332
