-562;-722
-6
162;-904;-124;-636;-365;-192
-580;-328;-128
13
147;-153;-634;-171;395;-367
529
23
536
-18;-323;-726;-751
-625;822;984;728;317;110
208;-856;953;-14
835;-747;-894
-370;-151;-507;974;-496
704;-407;686;-943
-810
298
385;-361;25
-51
-680;858;-126
-98;-915;372;-181
-963;-932;-464
312
145;963;-233;-253;462
772;312
40;602;702
-69
601;-955;26
659;934;938;490;122
-34;618
-482;153
-676;-587;923
-276;388;741
88
-604
-371;975
161;-725;550;828;861;-47
850;-947;-901;-283;-237;143
-178;-822;360;286
-93;-141;589
104
-178;-20;436;-136;1000;-224
560;-292;-886;-231;905;570
998;398
-118
80;550
260;633
-754;901;-521;-155;-572;462
-241;369
-805;-970;-957;-222;-511
322;85;-858;846
568;681;445;14;991
-153;-969;-267;-416;-640
-737;-129;-518;824;957
880;-61;-253;860
-967;134;247;-589
-921
913;-425;-844;-317
-246;262;169;-350
560;-923;-765;-894;318
-171
171
593;-163;119;729;-255;-592
355;886;744;-538;267
371;873;27;957
-693
385;-435;-644
-950
227;-820;-102
-50;-594;370;-709;475;-700
676;440;348
-443;-767
789;-347
-307;820;151;-173;-48
-177;720;767;927
-27;540;-320
-853;-774;-7;-608
208;279;-938
-915;463
259;996;747;-270
931;101;428;-46;-270;847
-595;-854;872;-201;318
963;-949;-885;473;602
-770;974
621;-350;-703;638
-293;100;276;789;888;-272
308;-584;-448
816;-99;-249
-374;250;-685;-78;-95
473
401;342;-585;397;686
161;329;74;492;876;-687
-405;934;56;-907;-572;-96
755;473;105;-189;77;797
-388;-265;441;-272
-723;266;-686;-624
-420;-215;-888;524
-194;-46
17;37;-567;696;569
403;100;345;-93
866;907;412;-974;573;-255
