-195;-552;-121;-413
-340;502;-407;-760;825;953
-264
-536;376;-362
337;-359;662;650
656;-129;-900;950;988;-784
-529;562;-327;391;-80;-32
738;-407;313;491;-352
-920;-201;-349;445;-719;703
738;50
161;-132;-517;837;327;-393
-421;949;-215;-876;-493
193;241;276;436;85;-685
-87;540;-685;-64
945;561;582
-282;-783
-690;-786;450;-583;-88;120
-903;-311;-619
775;-90;-685;-816
195;-72;-939;639;-896
-291;-520;841;-971;572;319
-458;-474;-399
224;-67;-886;-136;301
260;616;716
-551;187;-860;796;349;-240
649;650;-380;171
-978;71;282;301
-434;-115;564;-345
346;-12
785;146;-180;884;493
80;-692;-838;-919;22;728
-465;611;-778;-571;-316;667
-451;-916
363;749
-358;958
931;-438;101;-249
-291;-707;517;-424;-280;-441
496;321;499;248;72;-267
-693;120;-380;862
594;521
273;439;-539;-525
-243;-111
36;575
992;-643;915;42;79
-499;132;918;-121;-542
370
163;-836;216;572
-211;-472;-571;879
452;873;556;542
-85;972
545;-917;310;633;61
-755;-611;-857;-458
-567;519;-330
-970;538;-716
-632;1000;-909;830;-415
-589;463
-660;-362;-843;426;-992
-731;650;-461;670
-402;817;-828;28
305;-803;-280;71;-462;-496
193;-133;581
736;-962;401;4;462
214;-80
152;-365;349
-113;-482;-301;-14
-762;618
-233;-939
-964;-720
898;-276;355;-73;-363;125
307;871
-689;-917;-855;122;-172;-207
926
672;-257
151;826;-44
756;952
-647;-39
-833;945;-215;280;152;-765
-439
272;922;-268;-92;124
-98;-404;343;-987;910;943
-883;244;-392;-527;-432
-421;837;966;-408
544;942
-210;-509
736;-866;-78
770;404;-376;-601;-26;-383
68;-774;471;-856;905;654
-417;-532;-918;-173;-736
131;-953;985;-640
-913;-266;958
-746;-315;-701
-938;218;-988;844;382
-561;961;-835;-35;-969;953
965;-86;344;799
306;-501;244;794;668
-422;445;-767
749
-65;-196;-493
920;858
-252
-498;629;102;811;412;589
