-33;-117;729;-42;843;157
485;-688;719
450;-708;965;-698;508
-755;963;-746;-492;109;-368
938;108
280
-410;506;191
-180;-218;762;-332
-35
291
441;-736
294
34;-233;-96
242;53
-758;535;-379;557
-99;467;-325;-965;614
307
-40;-699;-460;123
-162;215
288;-388;493;-447
565
-55
450;-134
533;-855
-231;-348
835
-262;821;378;251;159
162;-552;-506;378;415;31
226;-304
994;-148;771;-399;958;975
-609;-245;809;10;-368;-448
-340
-899;820;-510;-271
867;765;253
496;878
-378;474
-899;326;503;-553;269
-100
243;-725;584
643;790;205;-767
-548;-676;772;-152;-552;-233
-327;-858;-972
516;-583;-792;286;463
-836;22;924
752;-616;-378;-189;-560;879
656;465;-230;-918;152;-750
-520;-361
-456;-684
-951;520;408;-108;283;-527
-849;-75;-220
288;-353;676;-731
-289;-897;-488;888;-363
933;39;-856;779
-618;746
370;754;701;-14;-656
-83;-196;611;118;42;159
240;772;708;696;27
-653
-548;-101;199;-201;793
912
343;826
661
850;178;-533;828;109
-410
-547;392
-305;-433;-620;174
20;-950
389;-807
935
902;-39;-55;-158;-303;847
-233;-651;906;923;765
376;826
-451;579;-507;-156;-45;-880
693
-209;-999
-793;607
999;872;-265;-298;381;-991
-178;643;-637;-783
521;-332
-248;231;682;-220;-30;543
960
-660;-813
454
-403;-646;614;637
481;325;-617;-650
-205
641;-840;-522
208
-420;-279;758;539;891
640;97;-270
642;882;-371;354
-114;-856;-265;746
101;-614;-423;-441;-857;-560
677;-311;-679;809
-513;16
439;315
-473;299;-332;-975;-303
262;-767
416;-819;-455;442;-716;-141
827;-655;335
737;-867;638
