768
-708;-311;406;72;25
-947;-856
-523
226;676;601;-842;-395
779
979;-346;-362
-68;-934;906;-28;428;-29
-20
949;-160
33;517;951;59
-950;668
833;-870;583;-572
-580;-470;313;-859;-223
465;-131;205
661;-122
898;-661;-265;730;826;-219
48;-754;-195;-438;941;367
-641;-932
-260;565;583;472;185;29
96;352;-581;-582;41;-396
561;98;412
836;-535;70;-491;-957
551;330;-571
969;366
-691;-839;-831
-561;564;-821;86;-863
-694;999;-988;364
-647;-972;-942;-831
-453;-637
738;-343;813;910
114;265;-219;-751
-849
822;-807;570;-923
-915;-22;342
-234;844;-15
355;-566;313;-703
-67;-539
225;-323
594;948;581;-506;-240
355
-612;131;-981;935;887
451;422
362
-545;868;181;151;91;-384
-365
180;-806;-650;780;-383
-423;-407;-59;570;685
913;-899;610
-932;283;-494
-770;742;-45;-560
834;732;604
804;324;-360;124
-639
298;90
-485;-407;551;207
-177;-296;-377;-953;-699;-448
646
-296;585;-955;379;-412;-208
-651
820;652;509;-560
721;-981;342;-527;47
-434;-131;-697;138;234;747
-399
-690;-4;-516;982;-792;620
-526;847;79
128;-323;339
754;-164;-372;920;543
18;405;-135;281;95
-803;-788;388;-999
513;631;-681;-138;441;-347
422
915;147;726;248;-617;31
-339;-725;-40;-121;1000;397
166;518
686
547;395
692
824;-384
-994;338;-41
452;759
702
448
-705;-787;-101;-986;-299;378
-171;-559;-528;543
-977;-312;828
-726
405;-343;664;-942
259;-565;967;760;412;-79
-711;-792
-82;769;408;922
-483
-439;973;975
932;502;955;-814;446
-69;413;398
-147;390;-344;-776;-234;623
481;870;-473;890
-707;472
-126;-622
953;-459
835;-309;-32
