-769
-482;-580;373;-86;-765
-537;88;443
801;492;477;286
-504;-282
544;-980;-999;-121
-773;-784
-243;-554
-891;618;-269
417;19;169;-974;78
49;-919;-752;-464
-612;-710
-973;-351
273;-831
-657;610
-339;-260;-103;-381;28;-784
384;-929;513;-394;474
820;346;-445;95
-90;-251;-316;476;-639
162;-885;775
-311
389;-199;-377;-250;507;-896
-571
-450;-196;822;957;975
-918;808;426
-402;-941
-577
-66
97;-489;-446
-294;-342;-26;731
-19;-823
581;774
83;252;510
-25;507;108
997;53;295;888;-874
964;140
560;-241;233;-491;603;700
85
129;-148;516;-728;-377
-402;465;-900;-310;-906;-604
215;650;-492;-157;988;686
838;714;-77;-607
963;-345
852;-234
421;-391;986;922;734
-369
-196;-859;427
753;241;915
-870;-236;731
-163;83;-502;-652;124;991
603;542
-318;-319
638
-389;407;-921;-128;895
-900;771;103;711;730
-619;-798
549;714;298;907;-924;-382
-195;-613;-634;602;699
51;601
-226;658;371;-152;-255
-869;441;601;-32
-579;-581;-583;202;362;525
-232;648;239
-817;-209;-483;596;78;175
464;-449;-963;158;-640
249;670
81;-362;-511;639
-157
496;305;883;-357;879
160
672;417;-468;711;376;-12
948;-583;262;-984;521
-87;-592
-898;-853;638;687
-433;-284;-736
-389;729;602
432
482;820;667
-627;601;-413
994;-492;-319
851;-156
104;777;922;687
-321;468;901;998;904;825
-450;580;150;360;426;-363
-299;-923
-456
641;390;-42;-666;-333;-447
456
529;-473;317;-831
420;551
-20;-137;-783;734
496;-452;-101;260;6
-498;122;-350
-627;-581;-918;-903;950;-699
-866;-695;-969
-529;-513;-695;998
336;448;355;-757;857;524
-294;780
304;446
-851;-187;-428;925;-799;830
-195;-69;-247
