368;914;723;-102;-823;456
515
-276;-37;-295;790;-187
-518
-263
-772;406;746;523;-588;-46
-657;125
-499;706;-665;-78
-538
-993;-674;-666
798
-33;-451;246;-121;-25;-671
886;764;941
-38
194;-4;779;605
-648;983;985
306;-963;-854;985;-800
47
-119;-59;299;555;908
-417;-963;355;-614;392;941
821;5;-906;172;-559;-608
-821
-417;658;-950;634;-750
-485;630;-203
826
560;-433;-407;-520;-924;-640
17;46
279;-472;-648;713;-448
-207;527
833;-84;-502;439;-746;380
-641;-833;-101;356;-639
736;501;715;-989;-526;142
590
291;-565;390;717;525
-341;-764
471;-313;-542;-334;637
-117;965
-98;291;70;-716;-141
82
-113;-178;-564;-141;140
561;-218
-345
898;-40
-737;-902;522
-355
-280;523;879
-995;-887;951;92;-846;-975
-675;-149;-549;-7;255
-842;905;-267;-397;-14
-145;-519;-975
-443;335
-834;-560
608;52;854;475;398;31
450;-51;-934;-455;298;63
848;-818;-356;917;810
753;711;-858;-187;683;-718
-375;328;-681;201;397
517;309;839
128;-440;699
166;-810
144
-881;-257;289;-359;-474
-53;-647;631;-335
-758;-799;-383
-405;-968;-716;-494;-127
-404;808;-816
-835;-602
671
964;-293
-90;510
-241;661
289;466;-468;663;268;-541
400;-866;721;936;-800;287
673;775
-530;100
-435
324;-503
-483;763;-366;14;-624
-699
119;840
-642;-10;218;-175;159
804;695;904;-925
-385;722;-72;392;-26;-431
-972
-115;-774;953;-524
148;-734;-398
369;883;-681;540;-382
384;-962;-578;341;26;59
-662;183
369;-519;-297;-890;90
64;-130;-261;-159
-454;684
579;485;87;872
-985;-718;702
873;826;-363;-637;-717;765
-386;-499;-614;-137;250;635
-482;-15
-706;-48
977;-838;-890;-509;460;301
-995;-965;-919;-680;-959;-336
760
