880;3;792;476;-351
-487;-87;615;-30
594;35;794;-956;-736
-710;185
640;-498;754;-887;171;603
970;-988
545;-485;-937;-173
-285
641;707;294;200;235
418;130;356;-918;557
-961;-245;518;-298;365;654
-195;260;-583;-119;602
-274;-983;-141;-94;-336
804
-667;-94;429;381
-625;-900;-830
-930;-487;-649;88;-378
576;165;-295;886;-256
805;-630;-903;783
569
572
546;898;-405;-376;-392;-588
528;804;778
-867;359;926;14;-368
122;-447
-625;-939;906;76
-563;633
177;322;-339;-181;762;-671
840
-332
590
560;-36;581
-596
-801;-89;-170;-652;924;702
-20;23;-347
-386;986
-502;-359
311;-442;-474
213;904
-408;56
-979;380;-526
601;779
321;-199;-664;840;61
360
215;-832
-107
-642;229;-680;794;107;555
-6;758;-24;-457;-605;221
-81;328;636
368;855;-762;635;671;911
-119
-435;-228;-391;-331;138;-412
-313;425;779
-818;-336
-885;485;-119;-892
928;-380;284;-222;-271;47
644
-649
-881;-996;665;-668;461
403;870;732;30;414
-99;307;-388;584
16;805;-330;-108;123;-656
481;-72;-441;313;749;-880
-689;645;-624
835;342;-601;94
-609;967;-169;-171;45;-223
819;838;810
273;196;294;-215;-906;-320
406;262;-568;-783
36;-501;199;89
865;-165;-554;-699;-141
-146;-265;-846;-464
-690;-642;579;-565;108;-512
-897;497;-806;-407;-795;430
832;-786;929;-916;-422;807
-277;998;-911
-193;963;461;494
-995;-214;985;-990;-910;-640
290;-790;489;714;14
513;874;-668
691;371;728;-478;-848
722
-162;133;423;328
723
-292;37;-984;-254
433;116;794;-107;-239;495
-277;749
52;935
221
193;163;-132
-152;650;495
-146;-279;438;359;-602
993;264
235
805;-54
-81;-867;803;-681;-138;-301
-402;-917;985;575
80;-581
-501
-507
-929;-327;747
