625;-437;874;554;-925;78
261
17;-395;-76;-125;668;684
5
-168;974;-543
-244;-586;393;955;-510
-898;-19;244;873;-192
-161;946;620;686;-799
-88;-91;-652;637;719
304;-739;983;856;760;156
727;-379;-76
-306;-723;-407;586;-192
-180;628;666;828;-896
-354;595;-777
-791;252
-682;345;-235;219;62
-866;-195;820;-360;-458
-919;363
-673;-949;-245;469;-249;-959
821;405;663;636;-944
912;-163;-440;215;-425;203
-225;113;-247;-905;411;-989
-353;981;811;-108
260;85;205;271
-451;-980;550;826
532;-357;759;-430;-543;607
294;-138;-221
71
-584;505
964;654
498;-44;909
498;-251;367;-272
-787;909;-32
-484;-888
-609
-519;-859
-613
928;-150;645;119;760;-922
-529;209;181;-890;843;-174
617
301;94;991
-866;-442;-764;876;590;495
-196;-507;-624;-992;671
148;731;-511
624
484;-461;-943;-560;863;239
-380
832;641;248;-61
977;545;-983;-892;-31
129
-961;137;-587
-873;-874;-970;379;159
352;34;-379;637
113;421;-234;346
-884;899;-809;586;170;941
33;-955;-240
395
563;-762;-122;973
-451;-717
164;-409;-570;-315;-812
688;531;-984;184;-363;-463
-921
563;-278;126
-145;-804;-935;445
-67;595;-665;813
-771;-467;-390;-589
937
178;775;-604;76
-838;-489;424;218
626;-227;-803;741;809;-972
-483;439;92;525;-942;799
-33;-760;361
258;514;-903;-301
179
180
-851;887;-283;939
724;743
-445
641;-452
-305;-581;102;-942
566;-762
196
160;-549;981;-798
643;987;-399
389;885;74;-13;476;-831
929;740;4;-475;-510;814
736
737;-920;-26;-557;429;-144
819;483;807;-91
-886;-235;716;-799;974
-230
656;-887
-81;569
64;683
-610;-939;-124;252;159
-579;-870;954;990;766
800;820;-918;680;-298;-589
-978;-103;-888;-832
-758
963;-728;329;-61
-226;-100;-887;410;842;-287
