928;-867;195;52;325;-633
773
336;64;-963;-825;-671
-257;-209;375;471;-319;975
-435;-453;-152
407;600;-442;954;-478
224;610;-819;135;795;-972
-565;279;-602;93
260;-581;-525;-286;591
-962;51;-911
449;-643;645;135;183;285
-372;340
256;-821;-407;858;78
37;766
165;-458
549
-551
978;605
-349;652
-49;248;-185;-92;492;-110
306;-517;472;959;879
309
995;-390;-40;-505
-899;-277;-214;-719
944;945;-339;-774;331;238
-194;71;959
416;696;505;-524
-51;132;-59;-413;302;414
736;-375;-891;922;-464
144;465;-676;134;-910
-659;-515;643;-505;173;270
101;485;982;-973
-777;-478;830;-943;-767
176;-679;-794;572;382
-385;-291;451;-250;-382
641;-41
-787;-115;630;-906;-960
819;-933;-488
240;-325;-376;-398
-864
-245;-396;-829;861
-723;-724;-393;652;-704
-690;-226;-884;-809;205
513;930;852;623
-658;764
-628;521
362
620
641;439;-203
-885;132;699;-60
-161;-643;340;-661;-454;-330
-390;855;105;59
564;-185
986;-95
353;-229
48;354;-9;456;399;-608
-521;-762;-384
-72;-63
-375;521;-10
133;583;-64
288;449;87;344
657
-473;-746;41
384;705;-870;958
657;422;630;-784
945;-309;-614;806;-667
-451;-184;-475;268;319;687
-898;436;-775;393;-602
-679
-340;504;824;522;-542;-798
38;985;427
-305;755;164;565;-235
452;-456;-686
310;-552;-496;559
324;-406;56;-414
700
-131;-468;-395;-878;-624
-980;-457;-124;-972;-988
-785;433;402;-981;-542
897;-398;207
451
-465;994;-104;-622
-595;-372
-709;-135;-124;-255
-705;976;507;701
-201
-177;769;259;281;861
963;7
641;242;387;725
-977;-349;-160
928;-866;598;71;263;491
-372;-501;661
477
950;376;920;779;204;-192
227
-241;641;597;136;745;143
-549;781
-676;-949;519;55;30;-751
-495
-792;-478
-313;-350;414
