-741;-799
32;739
-4
784;803;884;154;-363;-464
-785;-772;-808;-716;-512
164;613
360;-218;-651;-46;-992
194;426;670
-178;-933;-409;-331;47
339;231;87;504;-218;861
-526
577;-484;51;708;-233;-889
391;-121
611;291;-632
976;-69;900
496;792;986;187;-653
-84;-960
-674;-611;-331;828
276
-243;377;-188;204;845;-462
722;373;326;-184;441;397
-610;466;-36;-694;78
-247;790
-673;-677;726;-135;-940;127
311;748
321;146;-196;-981;-70;-538
-323;418;203
-966;-586;-411;764;-125
371;188
112;-163
-755;191
-261;-304
-488;-334
-53;878
-63
-631;103;462
-609;-200;-795
128;960;513;-611;-142
723;341;-172;175;-976
-616;-811;-269;-446
466;-52;-510
850;771;-150;-860
-626;868;-375;844;190;222
-357
-987;623
-611;151;-235;-446
885
-12;652
896
-642
-75;827;-111
-993;-531;387;-582;-717
307;-984;668;399
-531;-403;-616;-123
84;698;-427;-749
-662;-536;-584;873
-146
544;850;99;-165;-667
84;100;-489;713
-921
464;-212;835;857
224;-866;-408;639
-340;-406;-294;-140
801;-838;-983;-488;-173;-14
-85;456;46
-359;-316
208;-50;-230;747
-817;390
897;738;-3;-585;-364
-553;-605;316;669
324;502;-397
-433
-51;489
-679;663;457
112;149;264;747;-126;319
225;985
-253;-703
704;768
880;978;-699;571
193;-754;-355;-666;-412
193;161;-354;613;614
-673;-214;477;397;-176;-784
-34;-243;547;195
103;904;956;572;-48;543
99;-540;-31
73;142
727
-196;837;-423;599;-668;-366
478
244;-501;804;302;286;-912
-483
450;99;181;777
10;731
-258;-194;-436;-392;-237
-963;358;347;751
19;-507;667;-478;461;845
-837;580;-599;-411
548;53;154
-529;547;435;-822;53;-955
706;-204
992;-119;215;697
