229;-234
294;-315;204;989;-400
-162;679
740;389;-855;-455;648;-205
921;844;-991
-9
-780
12
50;388;279;-448
658;50;197;-919
-629;-646;505;-587;830
527
-214;182;-760;908;572;-672
-900;-837;-699;-655
486;41;443;124;-47
643;-822;796;141;-15;-207
944;401;931;100;246;219
626;616;429;-126;-527;-736
-393;110
796
-34
-433;-387;-678;-329
744;314
450;-744
-465;-754;600;-59;-927;287
-297
118;137;-317;-494
337;-359;-888;-587;-604
738;-935;424;-541
132;580;489;877;541
260;-262;-934;150;-236;-575
676;412
33;-371;405;-871;-542
-51;-133;982;-362;911
932;854;-249;-443;253
919;-542;-448
-289;645;-200;904;-718;-271
-586
523;286;-223
-275;-596;-22;846;542;351
-596
84
-146;641;931;963
405;-11;460
977;-437;-37;535;873;-286
32;61
-913;-337;-20;-109
674;-36;-852;667;-620;-189
-850;54;-842
-603;-782
-983;697;-282;666;-235;29
65;-660;774;187
-200;-777;120;73;894
533;805;616;-109;108;462
-128;751
115
-723;642;692;199;331
-587;732;494
-321;961
896;550;732;511
-394
-424;285
145
-673;263;-682;-558;990
507;205;-863
-310;717
561;456;-907;299
-184;-408;398;351
-162;771;-523;845;767
-185;-493
-450;-36;100;154;398
146;-579
467;-535;119;-984;-649;381
-789;-726;-264;-538;282;-448
609;-276;-758;-11
-467;-579;803;132;-886;38
-849;-200;-296;-767;-896
978;749
-289;-561;-578;755;-484;698
462
-470;-215;649;-954;254;942
-976
-981
-57;-924
-51;-551;-383
193;-886;-294
-221
228;509
488
-236
554;-636;573
-424;-761;744;635;-944
-565;-953
-239
-338;583
339;726;972
-387;-267;-989;-398
-258;834;-611;260;-173;-559
-805;-215;-921;-667;-971
352;-341;455;796;909;-382
-436;180
