482;-85;-554;156
-646;-892
-309;69;-790
594;5;-780;701
-778
587;702
11
657;-197;309;267
467;313
279
-740;-87;-871;-584;-504;-318
-337;914;-212;438
804;-152;413
454;217;-973
-850;-530;-632;-412;-445
-821
119;856;-649;-381
-152;-555;140
568
866;-808
501;502;-172
595;-933;-220;621
-34;449;-328;-954;-222
739;681;-542;478
-916;323;965;950;-988
932;-263;-856;-297;-590;-31
-274;-743;600;-747;-125;-845
-21;921;-828;782
343
-601
-139;-463
-596;-262
91
-340;692
789;-886
-770;964;-789;747;203
273;597
97;932;-24;599;-622;-111
-977;-566;861;319
-501;614
453;-584;571;-718;-95
641;740;-239
528;854;-55;330
-805;-615;-333;142;-560
194;-275;484;764;493
-353;-290;369;-632;522
641
-20;948;-88;-747;-844;363
977;-900;-902;437
944;-263;984;745;617;-75
-393
-257;-596;195;264
437;950;-617;653
917
-802;-21;344;633
-156
-925
209;-904;-778;-635;414
-671
-177;-548;51;-218;474
-228;404;646;841;-541;63
-132;-542
196;-5;807;953;-764
2;358;186;-332;-895
693;-267
641;-757;-567;168;-938
534;-889;152;313;318
-259;-733;-959;-495;479
-293;-142
-321;-884
-433;97;-102
723;484
499;-313
467;-23
-813;367
-358;-74;621
-448
784;260;104;-751;-880;-480
11;-720
-74;-636
-710
149;-604
97;619
-37;533;-663;-616;826;-254
240;498;-723;195
-775;988
369;130;-907;622
-731
578;-825;681;556
-481
-503;-238
-294;456;-860;-812
-289;-723;812;-175;607
-292;662;809;846
-689;498;-303
-515;698;59
-403;-839;486
656;99
688;-914;394;700;-366
-132;102;-731
-763
