324;-133;-698;506
262
-7
-769;-210;-867;557
-378;-942;285
-679;201;-510;-560
336;65;-117;711;201;-160
676;-677;-25;541;271
-534
562;227;-24;796
-820;819;565;230
-436;931;-328;25;861
825;-858
-291
-881;304;262;57;746;-780
914;-583;472
-545;-450;-466;930;-21
636;-255;943
535;-234
-48
481;-277;25;985;-654
-287;238
-849;960;-247;-248;937;-605
824
727;599;616;985;-559
912;464;-127;607
930;-718;622
-998;326;-314;-746;383
-980;909
-196;952;793;986;-621;204
279;152;-41;-717
402;358;-425
-483;-117;426;605;-768
-597;-262;733;718
-66;401;-852;-847
976;496;900;-238
468;-122
-453;820;-663;-58
-849;-596;-342;-103
504;-363;-44
914;-527;478
354
-757;103;-408;-378;572
873
196;-88;-120;-864
-405;488;442;607
674;-889;554;155;-238;-622
513;-114;482
-225;452;-646;73;461
-389;149;-651
-434;497;-291;-310;874;-973
893
-273;985;75;828;-47;863
130;402;467;-518;-96
643;-512
-854;718
-465;652;719
-258;-804;-4;-181;149;186
752;52;853;985;445;-128
949;486;-251;-272
19;356;69;952;46;-271
915
-665
-667
261;-103;-695;231;-874
-773;105
83;44;-733;-510;-47;238
-709;69;-799
-834;995
-899;479
-243;-698;811;556
-422;-281;878
165;-918;-728;-491
-440
-600;221;-830
-350;-608
418;540
-193
-597;-535;-856
-405;603
464;436;311;523
180;-525;-878
100;-166;537;-266
998;745
818;-739;472;-745;-378;-923
-728
834;152
568;-347
-994
694;812
-106;-171;-574;-144
-742;922;-911;959
66;-152;829
774;-542
46;-511;959
192;-920;487
-805;341;346;538;988;-909
-504
-500;-776
787;215;-634;142
-99;582;539
