515
-322;340;-630;92
-324;313
51;997;-75;62
-997;-295
850;-819;-404;629;-139;155
-993;-629;-859;-352
-25;298
272;-183;-109
-282
146;485;-665;829
-34;883;886;535;-555;107
112;643;300
-167;-893
-758;-264;-491;-75;571;-45
550
-763;-44
704;96;-645;519;-635
-262;886;408;-480
-177;-562;-530;-985;-94
787;286
384;-662;-566;-297;-445
-379;684
-276;-533;-10
86;-139
-483;-969;-348;-413;623;-768
-58
-572
-307;-692;-997;758;-55;-57
642;723;-37;127;927
-177;257
-226;-994;962;85;-886;-46
912;611;-728;-426;-394;362
-458;-379;-430;-352
-113;-118;569
82
102;-537;650;383
-114;-982;-968;-27;-301
576;-293;69;630;823;330
400;-969;478
-115;-787;-726
-806;-154;-413
-753;-275;532;-373;756;206
-851;-583;-648;-57;891;126
464;582;-523;-621
870;120;392
-361
320;808
640;-162;-70;-329;427;623
928;-820;-216
627
-634;666;-925
288;-581;-822;220
136;761
983;-521;217;-30
964;361;718;-880
-657;-483;-939;-623
653
387;-662;-622;-15
655
117;933;-775;-680
544;999;-621
671
-262;-187;-124;939;-784
964;60;-94
912;848;-660;710;423;746
424
-682
788;-917;869;299;-989;-221
673;306;552;-92;268
939
-429
-175
658;311;-649;27;-335;-191
-353;-130;-325;-539;909
704;336;-931;455;-378
-242;647;42
321;-740;-167;-283;-765;159
610;-459;556
834;-7;427;-624;335
-968
-276;245;-134;876
660;774;-600;584;-363;-592
707;-597;-970;395
324;-968;-574;-15
-401;-898;-447
-438;650
80;308;856
-225;965;-886;357;12
401;-390;-747
-23;793;-206;173
838;-231;536;11;-672
32;-216;667
-228
-340;404;213;-984;222
-234
-818;89;-285
-506
33;145;471;968;171
-138;379;267
-511
