-711;-152;220;-270;-463;351
624;84;-42;-990;-192
996;589;-798;-14
611;-605
7
306;-116;91;959;-208
-597;-758;-702
324;-590
-970;702
-291;-804;952;-894
-16
-135;-907
807;666;-943
-209;-466;-971;187;365;-208
913;438;60;-318;-526;991
-25
1;-745;206
993;-245;681;-813;-79
534;-841;588
-549;88;-492;63;863
274;-5;-790;554;-832
578;797;959
-162;-51;-630;-922;-909;335
393;-686
549
594;-664;587;797;-910;-447
896;104;-250;574
-261;57;108;397
339;-101;999;567;-735
977;-629;985;332;173;-512
-965;60;-175
657;35;902
482;460;654
656;193;234;-719;-943
-327
-438;790;231
469;-798
-914;578;920;-172;203;-286
753;-83;459;-540
707;-229;601;-234
-478;111;287
478;-816
-796;877
994;-339;28;940
99;-839;392;-457;810;-96
920;-987;734;-528;-48
-870;-568;681;-110
-931;575
880;-324;-564;373;502
-674;-773;310;206;575
-53;-537;-539;-764
-213;-473;906;-848;735;767
-626;990
-641;-604;475;143
435;-583;-985;108;653
-689;804;58;412;-208;-496
449;2;-360;-682;-908;-670
-657;210;515;179;-759;-893
895
546;-69;-150;-24;-952;265
-626;382;111
-145;7
-980;-630;-249;441
520;-250;-365;140;349
499;-500;821;245;-93;-64
480;712;-537
-438;-222
152
-925
675;250
-984;682;-368
994;884;964;486;-45;206
513;388;-805;71;632;-380
584;606
32;-178;-338;655
417;338;189
981;-408;730;986;-319
-275;668;-573
-66;-115
-443
-486;7;457;314;-688;-560
-134;-343;-126;158
368;658;-573
-115;277;-620
-386;-838;-905;893
-322;754;37
923;12;-720
-657;-570;205;-559;-431
731
-97;-178;744;777
450;751;-464
677;-841;-319
738;-511
-915;370;885;-521;302;111
495
754
288;178;-501;347;-700;-367
166;987;-654
-821;57
529;-772;-21;-501
-342;-141;-717;-334
