-562;258;-392;-589;-255
214;-205
-450;-196;760;-47;-80
864;174
-50;-331;314;-350;398
354;-20;-698;-188;-492
-33;-760
-838;813
528;-326;-936;-379;828
997;-522;-539;-477
307;708;807
-498;356;-888;-539
-626;372;-296
881;-563;-838;766;47
-232;759;940;623
627;-564;-106
299
899;430
51
822
826
771;151;-302;-560
289;262;887;159
-356;564;-123;172;-832
180;-199;985;970;-591
-248;-569;-90;-443;-767
-855;362;-718;-191;958;-143
-420;-424
-177;849;57;-142
-194;259;740;-199;-10;-928
-852;772;-812;494;670;-352
946;-502;9;859;815
-184;987;557
-689;-547;372;842;-829
-282;-828
-65;-326;478
89
-19;-330;907;812
819;551
-850;-83;-948;-516
914;51;151
953;539;972;348;-670
94
987;-636
-609
466;194;183;-25;-477;525
-210;566
129;579;678
993;-404;543
368;-997;-137;540;-656
646;-712;39;-153;220;-414
-662;21;711;631;713;-784
-293;934;-523
645;-185;-459;-348;-287
-485;903;571;157
-500;694;-72;-571;827
184;297;234;-92;524
784;-568;200;222
579;70;-745;634;794;-944
-305;835;549;-1000;409;-351
396
-885;-794
290;-852;204;-686;895
481;694;664;41;-399;718
624;357;-806;-379;-669;-304
-164
517;-982;45
-530;-915
-932;549;-109;-846;957;-815
32;258;243;87;841;763
-4;-204;156;-141
705;996;541
-81;533
960;-5;-921;250;-29;461
-667;749;-800
-3;837;649;-765
946;467;760;-250;650;-574
787;-919;-333
-434;-409;-314;-588
176;-61;414;-320
-362;812;525;-494;-272
513;467
310;-525
496;992;-165;-422;-394;220
132;-934;-618;-76
-154;-576
385;632;-59;588;-560
-886;359;-393;910;-656;447
144;931;740;-570
720;787
-898;59;-925
-484
-82;-851;104;-44;-893
496;229;-822;-999;-842;-349
-728;-24
483;-886;58;-491;-688
832;17;771;-94
-504
-881;-883;-613;-175
806;-301
160;-375;87;-843;463
