724;742;-952
-259
-514;-579;787;728;861
625;405
560;-554
8
-69;501;246;-600;956
-728;-793;-796
782
335;-352
20;-87;407;590;767;367
-386;609;529;-286;-447
918;-615;247;520;-570;543
532
-24
131;820;-342;-891
181;-391;806;-600;878;431
283
-130;-914;-963;-316;-268
-774;-315;-491;588;-320
816;281;906;-620;956
-369;436;-184;78
-178;-757;-181;-775;858;-799
-419;2;357;-439;799
737;676;6;998;-519;-567
225;947;-775;520;175;239
273;307;-269
-874;811
-918;311;30
322
64;20;-664
-227;934;-280;-568;-188
706;903
330
588
-334
-708;-869;218
-317;236
-177;867;167
705;722;245;407;184;-381
352
-881;-240
-99
-418;932;37;488;602
420;-725;-425;733;-111
366
965;682
936;458
-273;-759;-75;-702;414;766
864;-918;184;-843;-428
-249;366
326;-921;-490;-571
928;691;550
449;-770;310;-39;171
304;322;699;700;-637;15
-294;662;-76;652;333;-383
973;-334
-662;361;172
419;-630;249;606
-433;297
395
914;436;-439
849;-20;667;446
-153
-126;-62;-526;559
116;-327;-201
224;-163;693;70;-217;62
-356;-500;-549;245;-679;-624
256;336;949;277;-11;-109
393;954;831;-224
-626;-180;215;409;635;478
-225;-326;715
932
169
680;362;154
431
193;22;-907
-997;634;542
817;520;331;-205
914;-470
304;-749
789;985;-560
-706
5;-839;631;654
-710
409;301
-200
976;805;357;621
-468;102;-506;671
202
961;332;-319
-503;-235
-754;-708;249;-816
-851;101;-919;-476;879
681;842
-849;-514;777;137;204
-5;-410;-507;-91
-806;-699;492
630;822;-682;-283;383;143
-947;548;-363
-883;419;-263;918;315
