-737;251;987;-764
-129;139
-791;-316;-957
752;-305;560;-59;58;-734
521;-799
280
-642;-549;-56;-154;638;-544
867;-838;-700;812;815;-928
-159;-639
-549
-41
-553
-302
-559
-338;-32;-192
803;270
866;899;-85;792;11;-381
212;136;731
338;-230;157;814
62
-770;562;323;-406;-63;-479
288;150;750;158
-449;-87;567;168;169;-46
-600;792;-811;-428;-142;-670
-101;679
-326;-510
388;-7;-24;-940
867;-28;-254
579;7
-466;104;445;-160
328;745;-379;427;236
-657;5;427;-109
176;-3;968;985
-529;739;676;999;809;201
-84;-967;-57
-402;770;441;-990;-159
473;383
345
114;629;121;-477;-479
820;-85;901;504;-444;-832
343;-523;667;-846
-369;-322;102;-744;60;-366
-625;708;-935;312;-332
-245;756;-151
873
-929;-202
609;-291;-119;54;-604;-16
-788;359;541
370
785;-20;-661;821;887;-160
886
209;-331
240;913;-949;26;827;605
-754;-659;773
-146;-435;-308;534;-888;600
-440;-717
86;-573;623
-836;-583
-837;88;361;782
-854;429;638;-864
944;627;556;62
-211;164;-633;746;31;47
-865;-731;427
924
414
836;91
-455;-985
-920;475;284
-647;-792;187;319
-634;-239;191
427
128;-851;180;277;909;-816
-429
976;-51;838;-663;-856;953
-193;100;245;846;-304
-189
595;515;618
-198
738;-284
-354;67;-261;-441;-236
432;-290;-571;-29
225;837;838;-154;956;830
352;-33;305;-735;-608
513;-677;422;973
951;-748;-669;-319;-143;719
-919;-632;539;-573;367;751
-818;868;-999;906;511
576;1;962;-777;12;719
471
-538;-75;397
-261;-471;-521;-426;-158;-687
-817;-470;-583;-911
-820;679;874
-273;-455;503
129;579;-312;346
-322;917;-808;-27
355;566;344
81;-324;-757;-631;-410
726;-777;556
763
96;353;-936;-25
