-7;-250
642;387;-469;216;24;-795
-774
304;916;597;838;583;-159
161;-594;-864
256;836;-522;-844
-392;-395
803;-347;-989
-857;-751;-208
792
-172;-623
26
209;470;488;-618
549
400;-259;-278;-463;-720
301
231;-536
256;-930;-886;121;698;-333
-162;772;-794;-124
-737;642;-40;956
-55
992;305;-68;364
-661;856;-767
-481;-178;-710;-700;-816
-583
-342;14
-657;482;-922
928;-902;295;-671;-751
-392;315
-68;-582;-742;-311;-953;-494
-152;-184
129;482;883;-581;-151;-169
928;-73;765
-21;600;-219;495
-625;147;-647;730;459;542
-648;1000
881;465;-736
-277;-389;-921;410;-973;-510
-100
724;841;-683;-781
-305;662
53;21;70;-250
107
213;-72;855;683;477
-913;-695;-279;986;-239
403;-793;-235;253
480;-775;791;-490;365
-802;-275;948;-891;-893
-634
224;656;-355;219;-268;670
-659;-551;-808;-616;873;-926
160;795;-61
-384
-117;-23;-169;-796;207
388;254
-370;-4;-406;-791;-679;-442
-440;-716
785;-388;-603;778;204;892
561;833;-750
-135
-17;211;171;876;175
566;-761;334
-547;-710;183;-365;-750
-65;771;872;-670
-964;-856;140
-796;395
-129;330;207
-407;711;345;-234
-834;-435;84;117;394
931
-420;-583;522;235;237;942
-851;-596
-659;852;-237;-125
-370;869;-857;-649;-448
385;275;-612;-613;997
18;51;900;-485;717
-737;341;358;472
183
-627;-389;421;-424;-446
768;-391;-489;539;270
-161;545;-421;-262;518;223
35;-22;696;-892;-910;383
928;177;-884;-807;9;377
-593;-332;-303
723;804;-855;43
881;-773;-569
695;571;989
561;996;373;-186
-209
-676;564;-358;407;-409
-707;537;971;76;717;-352
224;-552;-617;426;-988
-307;-900;-503;-938;-907
496;432;597;682;-908;-559
-997
482;-973
800;5;-54
-497
144;678;956
-820;585;-255;174;-287;847
-644;-891;-332;-687
