769
514;-986;729
-3
-805;-326;615
35;773;-814
-833;906;491;-573;-254
-998;571;-685;78
529
-209;625;-266;987;-572;479
528;-837;-425;-554;-906;636
-915;636
-145;741;86;732;-175;-447
165;-570;27;-828;156
305;-837;933;-686;-254
-796
-286
-131;-758;906;-300;572
871;120;-686;-415;655
-97;754;-571;-766;-384
-331;-223
178;540;860
16;195;-615;360
98;8;809;331;766;-943
306
819
305;787;-406;-919;284
387;550;519;-206;-430
-313
-707;308;620;861
793;-187;-543
769;-565;-822;-344;938;90
696;313;-717;286
480;228;-793;892;-143;-736
560;209;194;516;-53;-74
291;249;-554;-315
-883;810
834;710;-650;218;-781
256;-178;-883;531;-902;76
-450;306;988
-433;770;-774;806;760;-537
-322;658
128;-985
513;337;565;-887;-922;-976
882;50;357;-167
849;530
852;-23;54;-984
-85;-23;-618;221;606
-616
-950;57;-235
617
512;873;-767
-170;61
-949;965;854;-185;-623;-432
220;-574;-528
-834;-698;-44;-589
-113;201;397;783;-336;-48
-596;661;-120;428
-420;-679;519;875;605;-14
-888
-167;-731
97;801
372;-693;185
880;-841;-140;237
625;-213;-999;-170;107
565;134;55;-956;-960
-398
400
280;921;-493;-176;223;159
-514;754;322;-804;93
97;821;135;776;-570;683
160;711;632;442
-579;787;517;712
-414
866;-311;839;-168;253;223
684
-685
49;-498;-994;137;107
-167;986;637
-36;869;424;201
449
-577;342;-216
241;145;744;186;-95
288;-214;631;-748;-925
-97;-366
-545;728;25;-362;874
850;-516;-116;-183;-456;-313
-852;-654
993
-743
928;82;659;-198;-278;-192
-217;650;-670
310;951
102;887;-752
-239
-580;-908;-31
-7;888;895
-465;-644;-413
-338;-646;-394;-828;-557;-45
-404;-985;-654
-596;806;553
-673;-587;842;-475;125
