466;-328;891
338;-534;-698;-716;-447
-946;-114;-214;-238;733
230;-907;398
944;-834;968;-800
-744;-560
984;-446
67;-607
-658;-551;-536;-60;508;-526
-348;349;-800
676;379
-961;660;-520;953;713;-556
-500;-983;-664;-989;285
-196;-644;-516;788;861
-305;-763
913;-499;855;569
530;227;-726;-336
49
567
370;-542;-655
756;-816
433;-834;583;121;-124;909
-497;-939;651;895;-176
51;119;505;670
-246;743;281;315
-481;-948;-501;586;331;173
866;-525;-928
846
-629;213;-936;14;-800
857
-802;196
-706;851;891;-942
-865;87;-841;-123;879
863
328;10;-126;142
-401;340;664;235;543
-513;-757;-357;-271
-324;133;-174
110
622
247;-984;-479;-176
-291;-856
-324;-971;-285;-189;365
-131
900
768;514;-636
-653
-51;547;-28;187;973;-207
199;8;702
910
338;615;-107;-671;-319
-132;598;-137;620;444;287
272;130
-149
-599;-171;363
-920
-81;-839
665
515;-629;-518;182;438;-910
-614;57;-283;429
848;-289;-532;-694
770;-678;-489;968;-985
642;-615;-903;-488;-537;462
260;970;-48
-904;489
17;-432
512;-779;-859;-748;-77;767
-262;795;655
560;308;-405;470
431
560;800;-465;21;540
945
-722;141;-366
546;-676;456;-331;938;781
-196;422;839;954;-892;590
904;777;859;716
961
-419;-294;-768
930;739;-366;-846
640;-740;-746;-908;527
-464
378;-445;-878;-544
-417;572;956;639
592;-962;874;735
-220
156;-670;-478
241;805;-475;-13;-477;910
738
-981;423;842;874;348
994;-612;537;589
-148;-868;-646;824;27;-445
323;-560
784;-710;775;-766;414
-852;-54;630;278;495
624;-383
224;-802;-488;-74;-383
167;311;-777;-363;379;527
-274;-850;657;-899;-345;697
810;283;-444;366
136;-122;-861;-430
511
