-290;548;727;-985
772;-553;426;-175;654;415
176;-870;-152;583
-962;546;-677;-968
268
-50;999;859
244;541
961;-404;-340;-22;-551;-176
689;570;395;670
-244;67;453
83;-420;950;-393;-684;-77
-103;38;-648;714;-700;412
689;-405;134;921;-794
49;-118;-248;376;490
-370;-486;231;-921;479
323;981;725;535;458;349
-804;-677;-201;-906;-272
608;-518;853;-896
-820
53
822
610;964;-875;638
786;947;901;-447;-592
-406;789;10;-77
-318
293;232;937;91;300
-243;948;677;487;-783
-116;917;-456;-138;-784
-324
-257;452;-552;939;-654
-243;915;470;-296;792;-285
-243;564;228;89;715
-708;-907;-812;-464;-768
834;-647;39;-814
467;-661;822;-458;-506
-531;563;633;937;-556;828
529;580;-662;872;106;-62
-641;-500;-488
-96
437;650;-988
-809;-448;127
-962;579;693;905;173
-539;174
211;-282;445
426;973
-590;189;-238
-340;298;90;445;-174;-959
-85;-584;172;-751;-928;511
406;552;-173;-400
900
437;598;919;-925;-384
-904
772;26;877
2;-948;853;234
-163;-726;-137;-397
-668;12
146
629;-424;967
-487;-973;28
664
923
464;-778;-939;763;43;-222
-373;-23;105;959
925
-671
226;190
-3;276;-553;955
385;-323;357
120;-286
-644;789;918;-983;631;743
-176
258;-596;-606
-931;773;-342;774;299;-749
722;-487;-380;-800
49;-934;-232;489;-573
-116;-309;596;518;-509
647;-521;-314
661;-23;-621;687
-130;-3;-406;-122;-398;607
709
464;179;-716;-128
434;-245;-647
202
587;-413;-381
707;-919
-549;-999;-345;-683;811;525
32;241;113;-371;-292;494
865;262;951;571;-156;29
592;54;-459;-219;-351;606
-417;672;162;419;4;-614
691;134;779;-573;814;943
-999
-235
-54;-697
370;118;633;-109
-899;217;926
-994;-67;290;-55;-702
-760
321;-803;195;531;470;815
-788;-24;986;-685
65;505;-204;-476;446;-592
