-1000;-282
899;-379;-780;220;956;111
834;-101;-357;709;967
-613;-134;-30
259;6
-849;610;-390;-455;-776;314
689;-777;78
726;199;-940
290;-581;69;-936;-458;-192
-99;778;876
528;326;958
833;-578;-164;996;792;-576
-27
502;-792
-37
-929;565;-859;-351
196;-236
66;997;-639;-16;399
-515;-903;663;24;-78
553
-322;24
787;-988;157
818
-785;913;498;-870;191
805;-493
292;951;94
-819;104;748;-894;-334;-400
178;-515;948;952;-991
60
-62
384;370;69;523
-180;508
-705;-138
335
594
-930;-948;515
-790;117;232;216;137
88
144;-369;-563;344;538
760;57;810;-765
-21;100;277
-568;-442;653
514;-266;73;11;364;942
-146;-726
929;917;214;603
-258;662;199;185;-173
-930;-954;74;92;334
18;-640
-150;39
-113
852;457;-683
912;945;435;-23;200;-814
912;-564;885;-857
-725;298;427;763;-637
895
127
-705;-610;-756;-651;-685;718
179;773;201
-129;-8
290;711;-604;572;-910;846
738;-229;94;-463
397
656
658
-917;-255
-706;-451;-272
150
-50;786;503;-813;653;-160
976;-568;-253
-929
-914;-404;-703;-448
-422
-625;-613;650;-476;-639
-705;865;-330
-498;-853;-104
928;-387;-804;-631;-328;-235
273;371;165;903
694
442
385;-83;963;-54
193;275;612;-650;-394;-480
-261;-123;-317
148;198;-363;-431
-258;-387;51;260;949;-424
193
-260;803;855;-201;300;748
566;-889;-169;-669;702
462
-807;-683
-467
579;399
-435;482;-43;-412;27;-863
-868;-165;-981;134;72;-205
-868;484;774;216;440;-825
272;226
281;-685;-864
841;171
-961;-354;-87;151;602;-110
179;244;-790;5;744;634
-505
832;161;761;798
