81;705;-158;397
-611;739;-716;-192
-33;896;-195;-936
2;-679;-426;-636;958
-563;-164;-103;-650;953
-513;1;473;-460;-32
-33;384;242;-873
17;421;183;426
-22;-295;-840;362
-379;74;941;-607
-931;-508;895
806
403;85;-442
499;-69;-314;188
-209;456;584;-812;542
867;838;154;495
72;-235;111
-308
-241;-931;550;362;700;-128
-499;308;-635
211;-149;378;652
-820;120;-428;-174;142;-191
497;-26;-491;734;958;702
660;184;-121;875;269
131;387;867;-424;-558;-480
-335
-465;340;-984
658;-317
-177;805;199;540
-194;-950;-412;187
-70;293;246;471;685
484;104;-31;-463
-551;-903;-56;-125;-590;-688
985;-955;-92;-367;782
356
-370;-265;-700;-302
146;723
-900;739;519
-979;325;-230;124;-880
873
-290;-116;935;-637
-450;-861;-79
738;-503;598;-201;-667;-847
-724;995;-389
-244;331;-830;719;-608
-633
-754;472;-96
-753;134;825;954;-781
548;966;-666;-460
-197;357;-811
-964;-84;-296;-589
837;585
-370;-885;133;509;-48
918
674;760;793;-842;539;-750
176;165;-263;345;-14
666
-242;-836;873;-652;189
-820;407
-82;-962;-1000;490;-731;589
-456;879
306;947;-983;-412;-573;-990
-428;-78;-255;591
240;-211;-202
-817;-678;853;694;890;-510
113;771;-969;-974;-143
244;344;217;154;858;923
-115;724;343
-68;964;420;340;-942;239
-281;664;-475;-350
-979;-355;-244;622
369;-983;935;891
-49;785;386;-649;-521;-399
-103;806
-169;749;637
224;497;931;340;693;-699
-134;214;-777;-108;-206;302
-193;-518
-939;-287
-970
201
355;148;-485;920;31
323;139
355;-740;985;-221;-621;-478
-610;-112
-545;-72;-858;-476;204;764
984
-977;-372;166;-59
-641;-900;-472
-569;-426
195;-680
320;-38;743;650;715;-622
-747
162;195;821;521;-299;125
-370;395;-783
805;213
496;55;-45
250
307;983;-15
833;-470;-525;-93
-3;-142;-943;-415;735
