-708;-379;318
-257;753;372;-314;-254;-815
167;504;777;-283;538;607
-951;841;44;589
814;-80;559
-985;-569
-918;-347;571;-351
538;-816
-201;-89;73;-575
-327;-203;-510;-783
645;-680
-229;-742;472;795
3;10;-828
-737;394;-475
-738;-85;711;-441;-170;-351
69;279;473
96;216
-139;-687
-401;-755;-584;746;-716;-141
-865;482;114;56;-205;989
-61
-291;994;34;470;648
187;-511
212;-760;936;-347;31
-258;982;8;30;79
4;-677;746
-451;120;121;140;143
-18;-134;619;-798
-454;584;108;605
337;230;726;-621;-80
-693;775
-37;-517;469
-113;-554;-954
-372;967;249;522
83;502;377;329;425;-860
992;640;763;-766
-863
450;-455;614
848;33;-311;-809;141
-801;944;101;623
868
-372;601;-570;-507;491
357
-657;-691;477
103
723;-869;820;-792;734
-915;-570;-413
-147;770;-549;-359;-633;297
195;925;590;-832
-196;-815;-127
-67;503;-108;557
214;-334
-227;-436;747;-46;-672
-125
515;29;861
402;708;-215
291;531;-774;411;702
932;725;43;-604;-702
-174;-239;-240
-359;-558
-258;-179;868;151;-734
-897;-746;-956;142
-776;-348;524;190
738;920;-736
-669
404;-104;-143
135;-488;616;670
521;-943
673;-824;-272
160;-677;118;-778;-526
192;283;-415;750;831;-960
865;390;-317;-768
192;786;867;-314;-555;731
-839;-312;-558
405;456;-891;-943;-960;-800
-173
963;165;118;-254;237;-288
429
-194;-308;-246;395;-80
-691
-311;282;-927
-565;-581;-603;811;237
935;-234
599;474;398
-963
945;21
738;595;409;506
225;-786;-51;-451;-456;285
-996;595;-807;-540
-723;-53;-62;622
560;81;388;522;463
991
-226
-373;-966;-108;-573
-802;146;-340;185;-235;301
-167;-839
312;697
-932;-335
840;-588
-254
-801;-754;666;635
