548;-806
660;996;1178;-651;-1214;-1230
-886;313;589
673;535;841;-751;510
-1041
673;-1075;-138;926;399
339;703
-534
562;-132;341;-906;-400
245;-122;668
672;-690;-214;140;-925;-800
1147;-864
752;-906;123
808
257;-147;-5;295;29;383
18;761;-475
-852;724;-983;695;247;-394
-122;110;63
801;-67;342
-353;-259;5;1173
-487;-763;426
1080
134;-348;783
1000;-777;-798;-254
-753;177
1235;-682;139;395
-964;713;701;893
1048;618;702
-433;-66;482;182;-1178;-845
152;684
74
-290;-810
180;-102
1090;979;-1014;886;953
-85;645;-134;-1004;-525
-435;-116;204;1197;511
488;924;463
596
-689;-979;-900;756;-326;-253
912;674;1187;727;-42;-43
-1113
-644;676;-261;1083;-766
354;483;-317;-431
92
276;-1110;-301;-239
-1121
-929;981;1196;-574;-864;287
-530;-185;-906;-429;-864
-225;258;-727;-688
-913;-216
81;-677;647;-907;-203;1165
327;953;-827;-1072
-177;1140;903;-216;-1226;-317
-675;595;1143;-1162;-254;462
-452;1112;668;1005;-688
1133
-1201;864;483;8;-42
3;324;811
-609;-21
597;-87;-632
-193;690;-373
1241;-860
894
944;1139;-325;-951;-443;-748
709;-841
-259;-501;407;475;-510
-850;317;1181
140
784;-227;901;123;-927
433;562;-1140
-1170
-291;-965;1204;-1119
-659
-149
881;-294;502;-764;-1244
-1106;1076;538;1178
-469;569;-765
-931;212;1127
1105;163;565;-74;-330;-252
-985;778;-1232
-1075;-451;-484;-262;-175;-1040
-225;2;140;-77
1056;2;1142;889;-1136
-166
1168;1078;313;74;-1053;125
1028;-375;-824
-174
-1043;-1116;-320
-801;-101;-763;-560
-1157;-629;475;860;-238
-678;199;-714;-1083;1051;-750
948;-104;623
-150;-1129;874;-1117;-974
449
240;-993;645;-679;-1200
707
453
198
-200
8;-956;492
712
80;-1046;157;607
865;616
-1036;-1102;1166
979;506
-354;918;774;247;-608
693;166;-584;703
1019;861;1151
466;-4;-388;-613;-1190;-280
640;1152;881;-451;1129;-1086
-990
1049;-797;-477
897;-686;14
-742
997;-361;1003;-239;-144
-850;-154
493
513;-821;69
-755
-1012
-505
507
-628;-118;874;894
-1042;470;923;1183
-17;-835;1107
