512
-501;341;-360
627;1172
-1217;674;659;3;-202;859
788;-313;-730;1033
162;34;-758;325;714;558
-581;-1045;149;-137;-959
774;-937;-362
337;-35;486;-152;-910
276
-1233;-612;-295;-984;799
-150;1195
1220;-663;332;-1167
-23
-337;1142;-958;-895
-503;-889;377;735
1201;-873;793;954
594;-1011;446
-286
787;10
-309;677;-654
-436;-406;713;-252;94
43;-716;-128
35
164;53;669;942
-98;-1000;602;202
695;-736
912;274;1084;1214;143
-948;-633
-97;-1076;165;-1001;12;159
-981;-1191;845
-369;-579;934;62
679;-732
-152;461
480;360;-768;-640
-312
-1042;331;-253;670;1118
416;-731
-1085
-626;-1243;15
576;-52;-1126;796;734;-992
-56;-1032
706;182;681;543
-1201;-1156;-581;539;540
-1091
276;-1109;903
260;1092
-225;560;834;377;-703
-2;-843
481;-50;759;265;426;-269
-801;-46
1058;-615;668;46;975
577;1060;-519
-660;-973
-97
-866
-100;-694;-458;779;-190;-208
1092;-695;283;-781;205
-106
1129
-477;-143
-365
-1169;67;-325;-665;280;-90
-1066;1129;-1199
704;-993;21;-312;-1003;702
-1050;-1194;-688
-505;-74;1193;783
-1220;333
-514;-146;1039
-642
65;612;-790;-439;684
804;1093;460;1103
1110;1031;-1034;-718
741;-1033;715;-30
-1090;930;18;-933;-89
369;324;183;-1211;987
-582;281;-1229;941;191
742;646;-680;715
834;920;-26;-45
384;-19;808
-132;793
-244;538;-318;174
386;-1172;1238;840;1115;559
34;-958
-934
704;-266;-272
1044;-776;155
122;303
-725;-1193;409;332;750
-1074;947;901;-1017;-971;-493
-941
-178;102;-679;-444
176
-500;-20;954
112;-1059
-1203;-372;627
-754;668;-863
-1238;-904;1239;-48
561;129;822;-568;-91;-157
-1036;-686
-955
435;263
-950;-262
-445
64;-426;-859
-1018;-58;541;-688
-772;595;244;260;-41;424
-673;17;-243;341;-411
-824;-698;1178;94;-79;-128
-275;-918;-1224;-601
1027;-678;-137
388;-902;-283;-1212
-137;315;1067
-1057;-1092;533;-407
-1008
884;-70;-264;457
2;-164;-437;24;78
646;-762;-314;1183
112;-439;11;558
-273;-713;-863;-703
-248
515;-1228;-925;877
1221;-23;-392;618;-923;-751
-610;262;58;-859;895
-838;630;1229
