-436;950
-945;-1125;184;858
1232;-613;408
817;-131;-1012;997;-680
783
992;434;-723;678;-237;668
-1018;-796
1138;-52;1048;191
976;-698
322;22;-698;316;60
790
-371;-964;789;-744;1006
307;-24
-288
233;-1037
816;-328;829
-962;-130;626;-84
-498;-611;-618;9;1162;-251
1094;-31
-887;78
-1016;168;74;667;-190
473;1241;443;1212
530;261;41;235;429;-431
-437;-1143
306;253
851;-539;-571;-557
578;1006
-359;921
-309;29;-543
976;1127
-1234;451;149;1031;1227;-1055
-1082
8;379;-958
1184;-385;272;705;519;-701
-319
-819;1094;-346
579;116;-1159;-632
-388;685;287
784;-582;-863;735
743;-1226;-876
-243;1075;-358;329;459;-928
-520;376;-704
546;344;-268;-960
-657;-81;1169;340;813;-222
852
599
1113
-1044;611;-11;-1163;493
-1109;501
-1057;-360;-410;-1088
-228;1172;375;1083
-869
83;-380;654
816;369;-1035;-108;14;46
976;610;-459
226;1099;654;-847
-880
-182;-954
932;37;-952;95
-39;-332
-1141
-97;1001;748
-867;-963;429
128;848;-1093;-613;-927
65;-1058;-754;-106;-443;637
-892
-895
422;584;857;1081
65;-89;-874
899
-497;-868;-1109;-731
1157
1091;-1079;-151
241;-1187;423;634;-747;-784
-226;-35;-679;1110;-939;-142
-708;-437;-234;-702;-208;-672
692;198;814;494
690;-1108;518;568
1040;497;1093;183;1054;-639
482;-661;-677;-1163;-1131;1197
-726;5;-776;-714
-932
-818;851;-487;1115;-704;975
-201;-890;670
612;-845;399
339;-1236;-1062
1009;984;-255;-800
419;-876;1148;1165;1054;334
-38;-538;-110
-686
-996;-42;1194;-1004;-1118
208;-1077;118;-1216
-657;522;-220;-397;1182
800;-196;148;727;749
693
1232;1010;467;102;728;-1051
-70;-439;-111;-592
-946;1142;1161;1018;-652
945;-675;-387;853;719;-1008
402;1077;-1032
-514;644;-40;522;1117
-913;-1201;817;-216;-474
-355;723;903;-298
739;4;778;734
1201;949;617
448;-240
-1155;-389;1128;504;-554
-1195;-523;-31
-241;-601;-907
1079;-972;-1023;190
-1241
644;502;-506;556;1071
-449;-258;-1175;-152;-362;894
449;2;-967;518;-857;-1162
-35;260
995
625;1150
545;-50
-242
-40;-236;-845;557;-704
-313;-1211
-197;-490;570;1084;45
-1185;-466;52;-202;-1053;47
1187;-698;1019;476;1036;557
658;322;891;1086;-1167
