-1092;600;-650;-141
-1060;1012;-981
224;36
-274;484;821
113;979;678;-730;809;-304
-1059;660;1158;-238
132;1028;-599;-40
-475;-48
694;599
781
-533;-1146;-636;509
-262;56;-208;671;15
992;-1034;63
1;-167;-1208;280;409;-110
-753;780
27
983;-714;-813
-7;455;-237;332
-544
848;-2;465
-34
-1046;22;422;-602;-287;-592
1058
-8;-764;223
-338;275;665;907;255;-960
981;-687
298
-497;-817;-599;361;-1022;-544
1025;-720
50
-457;-218;-959;559
849;-213;-200;-490
-280;-31
-567
-261;-1193;-140
-247;188
1010;468;-822;1197
-535;-295
-569;-11;-685;-590
-965;133
67
-984;-890;13
129;945;354;-334
-632;-380;685
-83
18;340;1034;44;-831
1056;690;1016;-620
775;25;-1119;-32
-834;202;-237
-1057;187
674;214;-523;782;494
-876
737;-362;-267
-305;-1170;597
-1028;-649;-682;1135;591
1144
-1186;-339;123
1218;651;-92;139
-833;-258;371;-365;957
118;521
708;-727;-1195;986;-157
-393;781
-471;1097;-316;235;-157
645
-902
138
-50;706;-916;-1143;886;655
-673;278;519;1179;-396
1166
304;-244;676;711;1001
-1170
354;-205
-1236;-196;-1244;829;-864
1058;-323;-853;679;-874;-1118
-467;-842;-1116;-1150;-1136;-304
-1202;-24;47
-1042;-950;394;-285;701
-356;-1197;-510;-400
-54;729
-181;-1099;-796;-1117;-814
-169
-482;-525;-702
1199
-1201
-28;717
1088;-823;620;61
179
-81;-1217;1160;-681;126
-129;310
852;-648;1004
697
-769;-854;-188;1117;879
-785;-979;-804;309;-1129;-895
662;301
708
-98;-868
-1012;1020;381;-1103
1121;529;-354;81;306;56
320;-753;373;-863;-816;767
-461
1229
980
-1077;918;-825;-1066;890;-590
-937;-1071
710;-494
272;256;-307;-951
730
470;47;-992
-786;674;-883;34;-797
-1000;9
135;861
208;-1201;-308;612;-825;-508
231
-417;-1096
-491
-164;655
915;-410;186;395;1199
-612;324;-779;317
1014;1131;1167
784;183;-1209;250;-507
758
-215;-119;-524;-416
-214;585;123;1037
405;362
-498;978;883;758;-985;399
