599;525;-574;109;111
-851;-776;295;-207
-300;815
515
423;860
-613;-425;313;-47
-536;-493
-643;819;183;1032;713;1231
288;961;808
-522
195;291;-167;-971;383
-1222;-1095
1059;470;696;-698;154;124
-694;-872;89;-1099
-598;-86;-103;-254
-81;441;201;-30
-519;-823;-940;-1117;-719
-844;-204
83;-621
402;884;-745;509
-740;712
27
-839;-233;-1006
1072;-1218;-653
-288
-1107;-206
-1058
274;-212;-58;1119;703
37
131;643;-1144;-330;571;-685
-737;773;521
913;-968;9
612;-629;6;29;-1088
-500;246;-1082;-1131;-655
-1105;1058;-3;738;442;-1180
402;422
786;-843;254;-367;-911
164;-949;-663;-743;-939
838;759;-106;1130
-129;-1208;617;-368
832
992;112;450;406;-872
196;166;-428
144;-340;-344;728;490;-748
117;-632;440
1122;-23
-146;-915;-229;489;462;927
339;-998;70
-551;919;-89;714;108
225;644;854;-876
658;-1030;-412;-1088
-806;-664;-1227;1071
-1169;311
-351
278;567;-940
-1042;34;-967;-233;-960
-1117;252
-710;-1180
-1009;1089;259;1158;-1144
1048;380;-303
359
528;88
361
1088;613;1165;957;-896
-178;578;674;-772;1092
-819;1106;308;-1229
51;1113;876;-894
1149
999;632;719;79
997;568;619;907;876
-327;-635;-461;-878;846;559
-645;1028
-769;-710;565;1066;-1020;-798
530;-53;168
218;428
-1192;219;-1214
132;-517;1209;-173
577;-978
-1139;1225;922;-351
-1173
-401;1152;166
720;170;29
-1028;-1191;986;-204
806;-1227
-4;-823;934;825;-779;14
516;-229;828;846
1220;423;319
289;581;70
-176
-1107;1096;699
-1237;-1111;-652
-865;809;1182;-63;-112
-132;485;-57;75;-1149;78
-703
996;869;-394
706;767
704;65;597;621
19;-1240;-521;-1019
586;-589;460
338;-131
322;-1115;957;-143;479;735
193;341;517;-584
-212
-930;1138;-1188;-772
-1240
119;-1104
-662;-486;-1048;-219;-622
889;-252;95
-992
1104;1105;227;-360;-632;-447
994;1123;328;685;430
1084;1198
1028;-40;-155;-268;-800
-92;-144
-723;229
387;261;-934;-410;843;1115
1007
-753
-118;-598;-1211;-587;-799
629;615;-890;10;-608
210;470;844
-834;245;-200;1033
130;499;-964;615;478
1025;1203;-1142;506;-1084
-501;341;-329;939;-1216
