1080;713
917;109
1128;159
-306;-1206;362;1165
-836;-903;298;1166
18
1045
-835;856
-340;-1142;-1102
-934;142
1056;1043;998
-1155;215;-879
-540
-182;1128;365
802
-226;-1033;488;1178;-510;-958
544;-742;-877;782
1160;1181
855;-1151
-1025;-297
306;-794;1161;-971
-673;785;-307;-617
113;-1083;906;-141;-96
419;1080;-377;430;30
-1129;-906;-1086
1057;21
384;48;-530;121;-590
1160;943
-1140;388;-278;1085
-155;-416
-161;-116;-775;989
371;-999;-720
-1059;734
-1234;-1224;1032;-361;-618;543
762;1101
194;645
-1059;-665;-397
866;-1060;-1013;39;-442;-768
79
-152;363;125
-726;1063
257;-770;-84
768;-1075;1241;-333;253
-1173;-935;-604;575
-53;-302
-281;-1050;719
-387;-1092;1155;139;542
-616
178;-725;-599;-777;793
-690;-899;711
-1135
-1139;1110;395
-961;-175
1136
-113
-277;775;-286;926
64;-265;-795;-655
1104;-514;-1081;9;363
562;-187
-1145
-274;-359;887;-1149
1088;656;-251;749;447
-1217;-442;-125;-143
1184;675;809;795
-650
-900;1146;507;286;655;-272
-400
577;-326;-907
-674;-562;769;-403;868;406
33;689;-818;438;-557;-958
-577;323;-1220;1210;-654
672;242;-1062;-1242;-892;-943
408
-243;1155;-790;-294;-345;671
-388;233
528;656
529;-687;319
491;-654
901;-954;361;-143
-852;654;-224
-5;485;726;-16
935
289;900;409;778;572;-733
661;410;1146
1195
-176
677;333;447
1203
935;13
-969;-826;76
-244;1239;-169;1151
-642;1013;-558
-515;-1208
-805;-710;42
209;341;1132;-398;-830;-911
202
673;545;-325;566;23
-462
-441;601;-624
211
-1154;642;-775;441;-1067;-348
-1027;20;-533;473;-940
611;-953;812
721;-343;423;-1017
-474
-740;920;505;750;-704
-476
979;408;-1166
-1237;-1033
1073;953;-525
1060;1209
-1057;-804;-408;-57;-1228
-1;-947;1031;793;1163;748
-1012;857;-906;829
-1242;-795;778;-909;142
-770;-490
1233;-934;-440;1115;-736
-194;18;-1127;23;-1164;155
-1012
-945;674;516
-249
817;566;-875
765
509
-512
