-945;-339;-26;844;-590;799
2
-866;-771;-1109;181
835;198;763
915;326;439;-1164
833;196
873;589;-175
-520
-1174;141
-341;489;426;-860;-271;-480
-14
-113;127
782
1013;-264;-24;315
948;-440;984;572
-1044
48;-1172;-69;-880
-722;-252;-461;-878;1007
1050
-116;-421;9;-523
-540
69;-360;-285;190;-895;-288
-1188;105;-266;-733;766;-256
-37
-1138;984;-303;-863
-449;-97;-995;-454;-958;-1183
-1202;307;499;-904;462;30
-568;252;365
128;-183
311
-58
-314
-998;-1224;295;-1018;-604;670
247;587;510
-679;424;474;605;15
-818;759;-526
373;-604;332;-687
-1195;-671
846
-53;934;734
-38;-554
847
914;358;440;-863
-660;583;158
-19;-292;-631;937;-779;445
820;-903
-676;-521;-508;-381;45;415
37;-326;598;829;-1230
848;-932;262;-569;-763;-988
863
930;1214
-870
1059;-36;-1240;-701;815
-770;-665;-208
595;537
-233;-1130;-27
877
-993;-22;679;-283;845;654
753;1233;258;174
961;-947;-231;38;444;-382
195;101;-925
-104;951;1001;-347;-203;-157
-867;-1093;-857;907
-1001;-747;93
16;932;1061;750;943
801;-1010;581;-106;1115;-493
720;1121;401;-328
307;708;-439;-252;-960
995;-390;-236;-1008
-1191;-984
-1125;362;1147
-635;-188;-332
-452;-1143;999;-415;879
642;823;717
741;678
114;-1162;378;811
-756;902
-885;-1055
235;1197
-1155;-660;637
688;-856;328
-705;-469;485;415;-144
162
480;308;1046;1146
-217;-507;46
768;-1128;-63
-562;-1090;-1030;423;859;718
-429
133;296
-210;-4;454;-829;1134;-976
446;-1152;-1008
-97;-130;1089;519;13;-192
-519;-61;556;-813;-1055;175
-722;-114;916;-1031
-443
753;810;-1120
438;984;-858;729;-895;558
704;468;-983
336;-946;114;-708;936;714
817;-1110;246;-522;-75;842
-1228
1200;287
903;1017;591
-499;-51;866;-633;104
-296;-138;891;781
416;1122;998;-119;-247;93
144;-1081;203
-990
-242;183;793
865;132;504;-1081;843;-784
532;-234;-1035
33;-296;1019;1196;-703
-659;5;470;1178
-241;337;920;-925;764;141
561;-1235;600;-843;-848
726;-623;1150
432;-663
1042;627;294;-88;808;877
1137;-1093;-278
627;1003;654
1057;293;502;-590
-692;-310;-699;-1103
2;627;-742;454;-1098
-993;-202;-492;-1120
-1042;534
