-674;980;-920;507;364
695;-958
-1139;-660
7
-266
-194;-1156;899;-843
-885;726;-492;923
-1137;-834;-660;-860;-909;284
-1044
-164;440
1184;481;-1075;-1140;-1208;-313
131;406
1173;137;714;-1228;157;-414
-1166;-1071;-608
-593;875;-397;-79;-863
1000;889;-63
-291
-772;479
-244;340;264;703
-866;-309;-888;11;493;494
-43
556
45
-406;103
483;-1204;1032
-1107;-791;936;1034;511;-640
-228;-343
-50;-738;846
444;-383
1157;-1094
1025;-1107;130;329;604;109
660;174
-1093
582
-983;636;-1101;606
851
194;293;1148;-1040
596
996;-655
-857
-1058;401;-264;904;-765;-1102
-310;-1063
900;-885;-600;712;478
-1091;1203;934;840
-692;-887;-520;-45
1120
120;747;1214;-959;799;479
-565;-301
934;-183;921;1244
-425;376;-363;-524;-702
-433;290;756
-1153;-289;1078
-745;777;-525;125
-949;-958
-1044;-948;185;154
-241;1196;268;-848
-568;1199
-855;-315;-875;-1148
-968;334
1124;7;314;-1228;-96
949;-314
672;475;-768
-594;453;-299;268;47
611;1052
-403;1191;776;-925
-1142;-807;-602;-1163
401;1122;1207;-41
9;-1178;362;-860
401;918;473;-1101;-62;781
-673;-483
1156
468;-47;-288
128;-1190;-392;-1099;-143
98;1067
-226;-1224;28
801;9;-219;-734
-755;-570;413
912
1140;117;682
-155
160;912;1122;1234;-1225
-156
-289;-967;-216;-761;-378;-111
310;1142;-778
-935
866;-822;295;283;316
-371;-826
-470;-728
-465;-991
800;-1202;1139;-558
-1027;-311;-1149
307;906
50;827;-1151;-943
1137;548;300
450
594;371;-7;987;430;1151
-946;-905;-398
290;-84
1028;-710;-1116;1212;-623
-211;-838;-298;-1166
473
-474
1125;-138
-947;627;344;522;940;1038
-1155;678
-723;566;557;-622
-498;1077;1178
-224
546;232;554;-907;-509;-653
1205;776;1177;394
887;875
-229;-1192;508;174
226
-418;-162;-791;-137
229
-17;-311;-1183
-692;565;37;568;-1226
1122;-248;-634
-436;280;-601
-567;812
288;-1092;-1046;-702
-433;-1207;-77;1213
578;183
249
612;-666;-1131;-1118
