660;-1244;316
273
-97;-19;277;-156;669;111
-513;-1096;873;459
-794
1202;899;998
-641;256;-258;305;-387;-585
561;-693;-21;443
292
-1043;-778;-1211;-592
1064
-857;815
34;-980;-935;-120;-90
448;1134
-145;267;-557;-125
-304
-307
1024;-214;758;-184;652;-1216
1162;1196
-273;-859;-716
-1206;1150
-51;363
60
-1180;1148;956;-351
317
-658;546;-1078;1240;12
-966;-727;1142;1131;635;-1152
98;-164;437;217;-731;463
128;-54
-949;104
334
-707;261;-152;538;908
741;1133
-1089;1059;547;519;-312;895
-340
-154;-188
-49;-68;-553;-956
-116;-773;-85;-949;-358;655
18;100;-121;-1115
-1012;-107
-438;1146;1180
775;312;-222
-612
-1186;634;-1086
-705;-241;418;-580;604;862
-1121;-1043;-245
323;293;357;27;-990;1119
118;172;-592;-1088
878
-308;-1083
-623
-226;-761;1144;-780
-368
-867;-783
320;-872;-843
885
131;-617;1116
-433;-610;625;-199;-1040
-1147
-147;-356;680;-1068
928;3;-662;-1049;908
-18;-759;-1179;637;-95
562;567;-840;-153
593;1064;905;1017;-187;331
-177;917;342;-686
-1234;1159;735
-18;-436;1059;-21;77
-151
-5;214;-360
230;442;490;763;-749
-183;1176;553;-106;123;893
412;510
411
-51;930;-356;-613;-391;1149
-1155;836;-607
-849;-130;-965;-264
415
159
-551;-126
578;-964;539;1149;-94;494
545;1203;1079;670
1197
-664;-633;-1053;382
175
740;-981;1209;842;1182
688
-321;-1092;-815
-49;849;1041;-124
1207
375;439;-843;-159
-81;-182;-488;297;-506
-1058;500;327;-1242
-627;404;821;-599;-192
-370;174
883;-648;-376;-26;-604;574
-609;-627;-1141;-86;-295
-199
-49;-1093;-597
459
498;906;-1180;-1197
-147;-5;-1207;-232;-890;-28
-5;-700;-687;-1039;-79
-1191;648;-688
464
-513;-225;888;314
-786;-1053;92
-611;1077
-738;-1015
-65;867;-165;1222;-1130
458;527
946;563;-447;-320;-1216
598;138
-425;-844;-493
-485
707;-477
244;-102;-615;-783
580;-582;409;-123;-796;-495
-299;1148;1182
-314;555
-1073;-885;-103;-955;-956;-879
192;114;1220
-1061;557
560;533;-662;-937
320;752;420;-501;837;-42
-214;-134;586;-750
