224;752;-2;-1046;-326;1166
1
-515
-708;393;-206
-214;-141;1212;-1135;542
-84;-438
-870;-150;474;-748;-1151;-384
640;81;810;-894;-510;-911
-785
224;480;597;917;-1176
603;587;620
977;-147;-885;-488;-765
-529;-13
-962;-1013;-422;775;-540;-1200
1058
-807
593;934;-1232
-865;-980;-244
755;-1048;778;-1150;46;-960
1172;-1128
-126;-175
-369;-242;84;-487;10;447
821
-946;-1014;-143
-664;-432;-864;-656
-33;-87;327;203;1228;-815
-771;-870;281;-571;-687
448;-914;-872
-572
1086
321
1200;-434;1094
-610;505;-733
1095
-372;699
849;1138;390
801;337;983;-139;142
-1138;-563;435;-343;841;1102
-1105
596
598
344
867;-776
-1057;-324;936;793
370;-229;740;236
-891;539
-385;-1122;-1091;-955;-605;989
-1220;-158
-85;-1142;-666
-97;-131;1010;-803;382
-435;-1031;312;-233
363
-202;94
390;-283
-993;-35;-105
1058;1238;921;553;-333
259;548;441;-878;1086;446
-1135
384;50;1107;-405;-667;413
-754;644;-232;-286
1168;891;108
403;-982;101;-922
883;-1108;-229;1086
-122
528;-708;-966
838;-620;927
-1126;9;-1054
-636
-353;-633;843;524
-1025;1189;476
-402;-453;-93;-1119;399
873;1177;-586;-442;-379
-345;-812
1219;-61
-323;716
-33;-242;755;-1014;-664;-989
-1233;-955
-1169;577;-119;58
-654
327;-986
769;-467;-548;1162
823;809;-459
-226;-698
320;-898;-1011;-1174;1069
-676
356;901;-88;-557;1087
1043;-604;-16
426
528;1201;930;-822;10;123
-1091;-839;-183;712;-59
-698
515;422;-696;-590;-863
224;-325;-1148;-990
-82;402;-986;523;-48
-102;999;830
-659;-351;-976
-641;773;-140;-445
453
662;-990;510;30;-672
33;1174;1047
-208
196;1054;495
-468
1028;-910;1039;1103
-898;453;1157;1174;-842;-320
-514;724;-215;535;-1160;159
-679;-48
-218;890;-1149
-230;-695;-1088
96;-1053;766;-1055
-738
-994
-1121;-533;-137;618;1147;1022
-530;-835;-403
-492
-962;-950;325;999;-777;-412
1024;529;-808;-955;-1056
-1139;711;-80
448;1171;680
-385;-483;-150;550;-1065
509
-67;-564;-487;902;201;524
-404;613;-720
-1106;34;-616;1177
-898;146;934;1098;1197;-174
