816;1220;-582;-806;-956;-461
-179;948
341;-345
-295;905;986;170;827;-542
6
1122;774;-183;-1195
-625;548;-965;-1016
921;-400
-1218;-147;1012;-327;-376;-236
-783
1042;1037;751
256;-659;-44;1231
-723;-830
992;-1137;-146;-885;1158
-53;20;216;990;-895
22
840;-815
-27
483;-103;-411
-546
1057
-599;-488;-329;-155
961;1012;-1080;-937;-249;251
999;-874;687
752;-360;-169;-879;959
-1009;-33;-807;632;-45;957
274;386;376;936;158;-32
196;-981;-792;-1036;-256
-1233;-867;-980;292;-1064;215
786;-1225;-894
772;-1126;44
513;994;-743;315;-30;286
1089;-776
-405;69;901;473;153;-877
826
-1092;-519;119;489;-336
830
885;1227
224;225;-149;-879
-250;666;-236;911
-1169;1224;553;-77;-1118
-590
-1020;1103
-897;556
-132;805;700
-689;-434;1025
242;1125;-986;954;302
-914;-1067;-587;-1119
115;-793;1018;-957
-497;1155;-298
-1108;53;-231;-473;-1005;-158
1162;735
-862;-1038
-360;252
304;-699;284
328;-957
-827;-571
193;-611;-725
-532;-551;-811;494
887
289;-436;-229
-821;-582
832;640;-906;218;-1003;94
-277;836;1030;647;-62
-128
1184;-1029;391;159;703
-931;-439;-409;478;-880
645
136
1093;-332;-623
-322;-211;1234;-918;-184
455;696;-109;127
674;-1076
-916;-438;-842;766
-499;741;1126;-1131;1162;543
150
-1218;-742;1079;-812
-1043;947;-822;107;140
577;145;594;-211;293;297
400;291;-853
-932
132;-1191;-759;-652
721;330;139
498;663;-990
877;319
431
311;634
-822;-343;-90;555;878
-641;1076
-437
601;94
185
-186
33;152
-955
-189
-193;-4;838;-1087
-995;-84;-597;-888;-1211
649;89;479
-692;1142
961;772
-380;587
-338;-1141;-521
-1011;-228
472
50;-184;792;-286;-847
933;821
690;-1174;-109;1071
147;246;-619
-225;-999;-858;890;1020;1165
210;885;-201;-156
820;-615;169;1133
871;-1097;570;397
514;-390;-856;-781;-254
-231
692;-101;503;-780;1199
-1220;88;-298;700;238
-492
928;1047;-171;-800
748
-796;559
-753
-17;-903;-841;490
259;-1077;469;-1241;1021;-959
49;-710;602;-190
