-993;-361;-571;-1151
-961;832;614;-1149;-878
-1025;-771;164;-1190
-577;-105;-348
-1041;-835;-324;-1128;412;93
-706;-596;-90;-154
-561;1169;376;-718
-346;811;-477
887;-362
1080;266;716
-339;900;599;-617;-815
420;742;441;1230
224;978;-340;-164;44;557
612;692;888;-635
919;-952;8
594;456
502;-1144;1064;25;606
854;-1004;-398
-646;-663;-828;-318;110
131;-88;634;426;731
1008;-978;-358;854;-61;-766
-402;260;189
816
850;-1198;1165
-52;-255
452;870;-215;991
562
-53;-1194;939
-775;718
-306;533;871;-812;93;703
-370;-917;141;62
577
-278;-1072
-1132;-223
-166;-86;1061;-222
-588
-1018;-1195;1035;587
-450;-356;-617;831
101;-616;-680;552;-266;61
848
84;-1193
-18;868;-1194
-214;122;202;1243;-717;476
-1237;-981;-432
67;435;-972;1071
-945;100;-1096;298;-540;299
977;-691;83;955;-301;-413
-105;-1052;-223
-519;618
-613
1093;-169;-233;-1050
48;417;531;-615;732;15
-617
-40;888;1049
321;-174;-142;-112
-115;246;-752
66;949;262;-621;-766
697;1098;619
816;402;-137;841;-1040
819;-646;93;-863;-1055
371
530;1161;987
470;1160;651;653
832;274;553
-369;-421;820;-666
638
-113;-738;-749;1214
-755;21;-617;-698;382
-753;-103;-359;827
868;613;-648;-140;1231
-257;-51;-1127;-235
-953;-461
-388;-1045;-149;-91
512;654
-146
-1172
-276;-1158;662;699;-478;-1136
-664
17;-1059;-809;-606
-149;-582;550;761;-990
624;-66;-969
-292;-936;536;-731;-269
880;416;793;-910
84;132;-998;150;523;-1072
960;989
419
194;-647;-224
1140;342;-1064;698;843
940;511
940
-1186;-203;924;-126;-352
754;456;1131;652
-794;-1003;-685
-100;901;-455;-1144;618
-1153;-947;-263;-377
-1205
721;-867;1031;-191
835;-171;-1136;-736
954
-1089;-1014;124
-1217;597;1240;1098;-1020;-237
1008;-1128;522;1086
-97;-625;-322;-916;-44
-162;1124;-72;827;799
-699;911
-470
-476
-788;694;571
-903;-1113
1191;939;301;-734;-192
234
-1137;1057;-1063;-362;-1099;575
-1234;774;568;-124;-301;79
951;-9;-445
-724;-102;1014;-1199
-1047;-124;-1120
-819;-214;-1115;-863;-560
210;627;-42;986
-1015
1168;-370;-39
-465;1027;1205;39;-377;-926
295;-44
-98;-499;326;779
-1090;-772;-165;491
464;-408;1163;1084
