1105;-342;854;-77
773
944;576;310;215;922;623
-7
-289;109;-350
512;-104;666;-319;543
809;1066;-670;-928
-28
1239;-362;431
-1053
954;-667
-321;195;68;-441;-365;831
328;-1130
-34;370;-150;442;685
-65;-823;1067;111
-678;584;-570;-653
898;-92;-256
-4;-1065
-1186;-114;-795
-561
211;645;1146;863
-1217;-856;-106;943;-608
544;-930;-114;710;440;681
1152;416;-473;-748;-1068;669
721;-915;562;854;1176;-43
-152;-414
227;-174
1081
-869;-215
501;70
-312;-89;463
1092;1019
-695;-907
-690;728;-874
-579;1202;1190;262;151;-1134
416;707;1092;264;-362
-342;521;-1054;-223
330
-290;-556
823;-201;-428;-63;1231
-597
657;-665;-284;1148
-1218;-711;664;-1129
-1046;518;-1240;554;1195;877
-857;171;-526;95
-964;615
995;-1076;-782
-495;591
496;615;-316;-190;-495;-1232
-401;498
16;-213;-310;-136;-888;408
393;-495
883;246
708;-950;470;-336
-985;218;1214;175
-629;-506
705;81;338;-1027;-1044;1059
-837;468
-370
1220;174
1078;125;-319
768;1029;214;-103
-915;-826;-1194
-1219;88;-282;1213;830
124
864;-785;-330;650;-1164;638
-1142;-1034
898;765
-389;-393;684;-32
52;293;-632;1191
-914;-243;660;-1221;-42;-431
753;1157;796
-410;-763
707;69;199;-57
-659;-504;648;490;-1180;542
-644;293;186;636;-862;543
1137;452;-925
595;1145;845;-896
-155
-390;-1175;-922;1052
417
418;-1110;598;879;-624
-546;84;490;-703
-1188
-465;-10;-718
-468;326;247;-856;-954
-609;1121;-341
-49;-211;150;793
-979;130;438;872;479
-980;-1243
96;-721;-1086
686
-687
786;-1239;-648;-1209;-427
-610;-964;-1125;277;-827
293;1045;326;294;136;-380
-107;890;-604
1206
449;548;-858;1004;-447
-955
375;-329;-1036;799
-1105;-880
434;-391;-495
377;1100
-55;-920
-1011;-988
-609;384;1067;1164
731
995;-341;-1014;23;-139
521;1113;-107;-284
258;1242
-1026;488;248;664;107;-704
17;291;356;-853;-1061
833;-1170;-917
736;-504
10;478
627;125
-756
-1013
-499;-22;765
-1233;612;761;878
1058;498;743
867;313;-160
255
-256
