-114;-546;818;302;-976
632;1166
-1186;-692;135;825;909
-625;39;-1162;988;796;-48
-721;371;618
142;895
708;-137;-939;765;-1183
391;-411
-1001;-43
689;536;-202;1195;619
-532;1066
-1026;278;-1100;-992
100;344;-521;-972
-872;920;-235;-95
-842;-1232
-540
597;215;775;-57;-734
-542
-241;833;261;505;-478;175
-1201;1190;-222;-62
-812
515;-965;533;587;219;-333
217;-139;479
755;1157;-1080;9;-812;-1102
660;-1141;840;1228;1021
-132;-175
-881;-390;278;685
-774;-366;958;558;447
313
-609;988;-63
929;1161;1081;223
755;-847;415
944;533;726;-807;-746;-719
-82;11
-840
-641;-532;900;-311
-978;147;-310;870;190
-819;438;-200;-744;219
-1090;-932;-470;-152
309;-649
882;1189;60
-167;-943
904;-1070;78
306;821;533;794;-63
-593;-178;-950;-424;776
862
1042;-698;-1214
-277;553;-75;-989;430
-859;-846;830
107
-1171;-349;-1215;-816;-144
-21;-90
-578;-24;-732;-576
630
-596;363;-991;847
849;259;-1226;537;-1165;-1168
-1155;1236;-245;-155;45;910
-637
225;668
-1217;1135;-304
897
679;986
-838;-205;141
-134
-837;1046;1207
801;-1028;-245;-166;-1226;445
1156;1174;218;203;171;-222
-286;-880
-680;-905;-93
1184;-84;-808;39;-380;958
1019;-109
-912
113;1155;904;-793;46
-914
-964;-678;-1163;-669
-1173
-898;406;58;572;1038
929
-199;873
-276;-1237;-702
-1107;-520;-667;334
774;-584;233
-996;-100;-1192;-1208
-931;-1221;-230;-121;541
-569;873;634
940
258;-227;665;954;574
-593;-851;-469;-729;793;-636
-865;1047
-83;1107;-869;822;-1095;1068
-185
1201;1173;-615;-1055
-1202;-98;851
-839;-554;173
195;-1045;-806;-335
200
835;904
1137;358;-11
-757;-216
616;-412
-245;-390;697;573;-174
-976
128;195;261;-182;469;-1084
82;307;-1030;-1111;-509
659;905;-859;-46;-254;-878
-908;-591
-1044;-951;-911;1151
-221
-514;-51;-119;203
-1057;319
-132;-1161;43
-86;682;1116;-206
-997
754;-227;213
-449;1189
465;1073;-820;535
642;-870;22;-44;-493
1173;-150;-1019;-1007
436;357;-423;-1119
-751
244
-1059;-469
-465;1062;-1032;-809;-361;331
-226;-677;-885
-247;-9
