-228;356;1013;333;575
340;-1113
164;518;1161;1099;795;109
-370;919;552;-154;-956
-266
544;337;821;1126
-911;-511;-95;223
279;567;-1180;1115
146;20;1127
1041;-980;1222;268
-913;-294;-343;-152;-140;1052
465;-139;-351
-920;-1181;1052
-756;-551
1105;801;-870;695;600
-1222;-1240;-472;-728;-718
129;-925
821;-794
-1234;-404;539;492;-446
544;-661;1111;748;-687
80;-690;-67;-900;1033
-614;857;1068
-562;1154;-407;1130
145;-950
-1105;1025;739;-779;188;-112
240;-551;-343;218;-428;-205
-1031;327;511;-112
-273;-179;819;-313
-55
-562;274;-1080;1182;-1024;-640
-957;-1216;575
291;-1061;-1191;-1196;-1116;-654
575
244;-565
-533;-1179;1131
679;-751
657;-731
65;1144;728;444
-697;633;-1038
465;827;-702
-79
642;931;-601;-253;-511;894
151;956
-1113
499;931;-317
-625;70;-1194;1146
-211;-963;1155;-666;782
529;-1049;250;170
102
-1142;1006;239
-276;851;131;-71;1005
113;169;334
-106
704;-838;246
880
1203;-759;-686;-1039;398
899;246;251
471;937;-12
369;420;-1112;953;511
-1143
227;-861
-123
-945;-372;-1130;75;-525;-1069
872;-490
-1233;-175
1152
1030;-381
-908
752;631;-649;281;25;894
1073;718;143
614;-855;-671
-3;1187;-216;-681;-702;14
673;-1240;-1052;-832
1094;955;-622
147
960;-630;376;-604;1071
-722;946;39;1019;-877
-786;744;715
417
-130;-1058
784;738;440
1234;-358;390;509;782;-336
36;-951;599;749
-85;-204;411;572
-356;999;-636;-878;-336
149;-121;776;-890;781
-70;1102;175
-818;242;-965;551;-605;-384
-958
-1214
1214
191
-326;-680;1035;-478
-1239;-236
427;958;95
419;-602;639
-89;-1136
775;-315
-606;1069
719
-610;-1220;-651;223
807;1053;142
-468;-1221;-60
-1159;-847
-514;594;918;1046;-408;-655
-727
882;-151
368;-947;564;-662;165;-732
-277;-712
-1207;442;-736
599;876;-735
-179;19;1236;-781;1215
743
-749
917;342;-346;1131;-751;-800
738;-1232
-914;-1149;-1183;1215
-276;-573;-895;-288
498
500
-353;1220;-1112
-291;516;-298;-398;590;-368
292;727
510
164;1239;-1210;-954;1241;287
