-769
-385;194;-788;-869;-1142;429
1
-1124;185;170;139;367
1031
780
-1061;-1007
722;-998
1205;232;634
130;-667
272;576;-823
-299;-1229;478
514;-1157;1172;-933;1150;-719
-1090;-323;582;1117
-665;697
-19;389;-806;-314;-491;-75
-292
-361;-443
485;-840;393
853;85;-312;-665
-82;-137;1144;905
-497;1088;689;1162;606;-960
-1175;1130
-387;949
920;588;590
-98;81;762;862;958;303
137;-1216
802;180;-636;1149;-416
-483;-148;452;436;-295;94
1008;-484;-406;-1241;554
277;-697;187;12;-352
-322;499;291;885;954;571
-371;916;100;429;525
404;-518;-90;781
-999;87;845
-326
-916;-6;-651;989
1090;787;-358;-1192
-274;-311
48;-378
448;866;1203;1075;-695
-1106
368;134;246;-1161;184;-623
-342
-1111
-1235;196;-76
370;741;-443;703
860
-561;209
609
-817;-1076
456;670
-482;-132;1157;-395;-45
912;1033;698;42;234
-1073;278;-105;571;-31
-1123;-548;30
874
1078;54
-930;625;-245;-824;507;975
-1137
880
-979;-555;394
-899;-1171;695;489
-1074;1177;-478
-467;277;-1065;-1210;-717;-781
740;952;217;778;1022
1061;-1034;-414
1104;630;119;-157;-541
-12;655
994;-607
934;903;887;-107;316;15
-963;-403;260;486;-1052
-1069;-861
-915;265
-497;813;591
909
-914
289;-676;788
-403
1243;1214
-436;-231
-1014;1000;1034;414
-435;483;1134
-551;1064;748;-590
1218;477
-165
1171;-198;-934;-206
-49;1240
-1025;884;-983;-76;-428;-1104
770;1237;-221;-335
-904;220
513;-1030;-170
608;-1043
3;181;391;-1160;-218;107
785;425
958
-279;694;-1034;-442;-413
273;178
-785;333
-98;-279;-1099;-126;893
-715
518;886;-176
690;-868;1079;-72;-1226;860
-817;177;771;36;789;-748
695;-826;-79
-868;-154;43
-1242;-508
-50;-582;-941;589
115;105
-733
432;209;386;4;-42
-228
310;686
-999
88;-576
-485;-264
1216;882;199;-158;-223;-400
739;584;-830
-321;1187;-997;709;-486;-842
-1204;-59
-434;674
-82;215;-1144;-511
-764
497;1164;126
774;-1015;-780
