256
1088;-50;775;748
-1157;-270;-1104;479
583;-574
-1155;119
-1049;-313;-1017;200;-251;-655
866;918;138;235;-351
1222;584
1173;439;343;-233;-923;-1071
950;200;379;-735
283
668;-382
-146;-1077;188;1149;686
1152;928
640;465;-1177;876
-756;793
-802;690;-218;-526;895
-1172;-361;-685;-895
-730;250;-587
529;467;1113;927;847
-1203;116;-358;-138
-145;169;747;108;-64
-177;708;-904;-907;1229
-994;-597;-765
-947;1062;-908;-796
1122;501;326;-360
-869;-602;75;939;-368
-12;-702;-880
-1084
829
-450;-406;744;-720
852;747
64
-66
-836
339;-169;-555;61
838
96;-785;-642;1003
-743;636;-733
866;498;55;135;-283;-944
583
-562;-380;-1101;-1087;1007;-256
1102
1104
593
-562;-904;-570;-1118
359;365;638
-342
-81;1153;743;319
832;892;-864
-695;730;508;1101;-542;-751
1089;-67;-825;-378;-939
-459;684;895
-914;-530;-1187;-1207;126;1054
-866
647;668;-1215
-228;900;-775
1088;-211;-1044;-1189;-919;633
848;-1218;259;-4;-248
-296;920
85;287
865;-1238
912;-1186;361;362;-654;-431
-451;471;364
-545;-950;-940
-324;-1159;-359;-1000;1111;828
1161;509
135
-901;508
1042;871;-671;431
-241;-914;-388;184;1214
-915;634;938
-425;-235
-725;-1109;-1239;108
432;295;959
-582;-1149;300
-235;-429;-256
1203;-405;-1078;-184;-201
423;-169;411
-305;-213;-1207;-736
1173;-758
-928
209;-629;372;165;463;863
-1189
916;88;-571;-269
1104;342
-1192
-979;-696;-30
544;-125;-605;-1008
-977;-322;1076;948;1226;11
1147;559
625;817;521
-590;-862
-325;-874
1089;-950;-838;121;-1133
-1092;243;-508;411
-133;-558
-82;-166;776;-523;-604;-348
1088;769;1218;-602;476;-208
-738;1080;-1039
-1138;658;-917;631;-1214
-306;915;439;-859
-446
544;-917;-331
-1091;-371;691;-384;959
578;-267;141
199
1105;725;-93
-883;-601
-204
150;-363;-155;1084
-1076;-442;-606;1150
-274;-746;-347;955;940;1215
-725
39;-617;875;-158;845
-997;533;423;121;-1068
-867;1221;-1224;424;-287
1063;-829
-1058;866;-612;-204
4;-599;343
-722;693;-431;159;-208
722;-692;505;811;444
359;-489;-125
304;418;903;-684;-687
-1099;331
