-435;-94;-1008
-1186;787;-506;-574;-463;-623
-982;-887;-1111;159
-6
-322;-453
-916;918;792;1161;-669
450;52;-742;-887;862
-1155;-789;-840;-41
-2;-183;-360;-1243;-493;991
-12
875;-238;-623
48;465;665;-154;1149;-1134
-369;-1107;468;222
-22
-534
-536
-565;838;264
-72;-522;-972
438;-1112;-617;-28
849;-684;-125
-902;647;296
693;1145
1217;-399
-1077
-467;884;489;1196
849;-1164
631;682;285
640;-1217
-584;-1115;555;508;590;623
1089
-1204;-399
-1129;-988
70
19;758;683;-1085;-1039;-944
328
-540;-286;-783
-843
738;361
624;-613;-855
1099
-177;-412
992;-163;-740;-789;-824;-89
593;161;-677;820;975
-1110
-1130;187;-942
-873;268
-1235;516;-439;553
-1118
-863
-865;-613;1126
1088;-1;294
-1091;728;-253
944;1088;-2;467;-186;-415
-1049;682
988;-878
-962;-1043;421;-1095;-11;1039
1106;-1178;-858;1148;-15;-832
1079;26;-491;782
241;-344;-270
657;-1234;90;-187;44
688;-882;710;-399
-35;387;-826;1065;588;220
250;893
377
-580;-919;630;233
-852;517;-267;477
1156;325;-844
593;375;1207
401;881;355;-997
722;-372;38
-179;311;-169;1242;-1072
66;-915;202
-1029;601;-987
1028;389
-228;358;409;-107;1242
240;412
724;1066;398
457;-363;46
-1123;-436;692;-757;-1082
404
858;237;79
-1175
809;543;335
987;604;-1182
-550;-56;-63
157
560;-1220;105;429;1053
-563;646;76
-625;-786;-659;-134;-779
-1122;771;-1238;254;399
168
-184;169;1019;445
-1105;-805;-118;518;328;-1039
-661;485
-946
-693
577;-323;796;926
-131;1138;381;334;-1024
705
1041;290;853;-10;-796;-672
-469;164;872;553;-204;-463
-1222
899;-446
-712
50;-823;935;761;1070
-1202;-532;-228;-922;-1244;-429
128;77
-720
-404;-1188;-664
861;-1072
-585;-956;-542;335
-1217;913;-1060;-473;1083;541
490;-251;1004
-1026;-1099;622
740
-292;-55;-1064;924
739;1018;490;543
721;278
807;520;-1180;76;381;655
493
494
1185;-690;20;-201;-813
897;738;291;631
-226;-56;727;-956
-404;1047;635
