85;-456;9;827;-207
-772
1234;-1125;-105
261
-818;-971;-1035
-402;-1077;701
1217;-564;-126
-241;-371;-276;615
257;20;470;-1015;1048;-251
1027;-38;-733;332;-863
834;-1192;138;27;172;-511
-385;-1032;601;-477;-782
-97;-344;-72;-541
-421;390
-762;474
-813;845
801
-865;-401;-789;-486;714
-37
-130;1217;329;925
369;100;-1159;1048;-1118;-815
922;-112
-1068
-305;560;262;553
403;1207;-1097;-395;957
1076
1012;-554;362
-435;-967;-109;702;863
-1057;726;-496
600;-894;221
1099
844
930;-387;-739;-631;107;798
-164;470;1115;-188;638
1030;-58;1145;588;638;-191
-371;-480
854
1185;403;186;-972;-300;-157
-979;422;-607;-720
987;-895
865;-666;60;-608
-788;-1098;-44;556
-1153;-485;-506;-512
865
997;-382
-81;-99;-1205;-521
-708;-596;-92
-705;419;-88
-914;27
-962;843
48;-307;771;-220;-928
-613;-951;492;-334
-1026;-786;662
-161;-106;457;-110;-208
581;118;151;-984
-774;383
491;668
210;-707;-403;-772
-905
1032;-637
-946;1170;-621
-415;1070
128;-1078;-220
-146
16;-968;-219
-226;337;1041;-862;-350;975
915
-260;724;-631;619;-286;-574
-739;323;-138;-1181;302
1179
1154;-1157;484;1035;-653;1085
1180
1225;729;1018
561;-260;-9;825;-702
-1186
-359;-1210;893
448;-645;-1000;1017;697;158
-311;906;-173
1217;230
-161;-1010;-25
-804;37;1015;1209
-577;145;1193;-1020;-444;524
-914;138;-428
867;822;-1240;-923;-987
1186;857;475;-543
-883;759;-829
-371;-373;-343;-635
-698
444
-374;-502;-622;1197;-144
-376;185
519;583;-910
-835;325;-1079;-652
-452
-1220
945;-307;806;-44;332
-769;-18;930;-340
67;-88;731
1073;402;1208;826;-750
-938;-799
244;1034;461
-644;775;73
-1060;-101;392;872;-746;-331
-938;907;958;559
975
33;-818;-876;940
-449;-393;1016;717;-1104
-1106;-777;810;603
-755;-1240;-15
300;-78
223
-405;614;1159;523;1020;-639
-225;1104;-82;-475;429
-541;588;-287
1202;548;27;-256
-615;-142
1237;-1115;890
886;639
-1092;588
-165;-439;-381;-799
249
1185;355;1222;-765;813
-1148;381
-1204;1158;300
242;605;-80
