947;-714;1033;-781;284
-565;823
-263
-1026;-679;-1098;538;-1150;79
-563;-340;-292;-807;458
273;-1155;181;123;-1005;-477
1124;-809;-586
-372;1155
387;-166;-239
853;1143;-795;-1183
-53;-1063;-39;-281;139;254
-1061;1164;558;223;-608
489;300
-325;443;-814;-607
-405;-1036;1003;1230
-538
796
721;-1027;-725;-972;-236;-862
-306;631;732
786;297;1002
806
272;-5;678;630
320;-996;467;148;-198;812
-810
-919;984;1098;-352
833;-180;822;1196;445
933;1165
400;5;1030;921;-768;511
1078
-825
544;342;-631;-828;-1023
-828
772;581;-1035
-499;-844
140;-77
1043;-443;235
584
-501;-120;-1100;-782;1215;447
-474;-367
74
-278;-506;1035;591
391;-57;-922
881;-958
333
177;-872;-412
560;1111;537;651;1148;685
-948;-1014;1143;122;-1035;878
-87
-676;-949
35;313
737;-162;-1182
869;-667;1019;412
-866
98
-871;-255
-33;-1035;-1084;255
116;-187;685;-510
1131
-401;-65;-647;26;-1070
-1025;-1137;-50;151;-793;185
-995;728;1151
118
-1009;925;461
-818;-414;910;-719;-368
1168;817;1031;1051;-767;927
-289;-19;472;1212;558
-1106;-142;-688
420;1003
594;-1140;1203
484;-1142
1216;114;-887;859;911;-784
663
1171;-920;-409
-615;41;-1120
1182
1042;-709;-873;121;-510
690;-294;-235
-164
-1192
-937
391;-889;-266;-432
-11;-732;59
-1197
-708;23
-899;-555
1136;-18;738;-409;780
-708;-37;456;314;619;559
1200;772
338;-523
35;-373;-758;-1128;152;93
96;240;390;-539
-386;561;-482;-1044;-888
1217;451;317
240;-1175;1078;295;-411;-991
50;-1044;-437;-838;759;28
1090;-631
87;-1195;-1019;-382
-883;821;87;-523;-989
1169;-1090;-166;-168;638;-592
-1202;1057;693;-811;-717
467
-245;-757;-792;-825;-1178
-1107;-394;522;732;31
-578;-406
730
67;151
194;1238;791;120;89;91
1122;530;1126;-248
-33;-1234;-1026;-1150;-624
544;912;1136;-716;-368
995;-437;1046;-863
486
1139;534;-1113;410;285
-488
-727;600;-364
-562;-187
-421;-519;391;-200
-436;-313
-1185;-18;705;1028;-618;-923
112;-274;-67;-87;-1209
757
-754;244;101;469;-263;-46
81;567;167;986;239
1019
-398;909
