257
514
-874;-156
261
83;-822;216;-938;937
-710;-327
-658;-19;-618
216;761;634;-733;-798;703
-1045;1060
-50;834
-995;-733;173;-766
-1044
-1171;-643;-396;252;-879
-785;-327;-74;1165
1058;421;335
-497;1137;1207;264;730
-1044;-134;-684;108;334;-912
-286
-469;-588
-353;434;581;439;-714;414
-1089;904;939;303
992;-657;-630;-1022
722;1108
-758;373;-519;-74;-90
-403;-117;476
-883;-963;-1236;-1188;182;-1081
-836;292;-149;217;-251;-861
1169;385;228;-970;1034
-904;-688
688;418;-1162
-316
-67;-1204;-839;650;763;636
-774;-200;-77;733
-276;819;917;469;-76
644;45;397
837;185;58;733;-974
-484;-356;-537;-411;-844
-97;-1185;993;-1127;-704
704;771;259;692;-502;-1081
710;-746;-42;-395;362;-990
-1101
336;-925
241;-467;8;-554;-877;-477
589
-1094;793;1180;-288
-802;-692;-698;-447;670;-416
25;58
931;836;1124;169;-554;906
-99;1076;-508;-828;956;-512
-625;178;-675;762;-1008
-339;-232;-798;-768
870;-504;1149;878;1023
-995;-131;-740;-440;-1114
625;-233;-301
704;-116;-831;847
861
693;-312;-220;701;-255
-486;-384
-195;647;-350
1222;584;-268;107
621
624
-183;-572;-1151
625
561;631;-1193;713;-1115;287
371
-292;-1224;-650;-511
1140
-1145
-193;849;372;-1127;-60;284
-327;903;63
66;-324;627;1190;683;957
-114;-756;584;158
-1011;-3;725;873;-1230
-1202;372;1095;1148
-38;-441;-1194
-947;-356;-73;217;1163;395
-238;1151
-466;-708
-1029;-1174;1209;-363;-1102
160
-196;-725;759
-209;-741;-1077;-682;-271
169
-999;1163;204;830
659;-229
946
-1203
-394;-907;-926
-180
-225;-755;543
-971;-492
-1139;-582
-984;-296;-700
-307;-233;730
576;-277;-125;-366
1024;-977;-825;362;221
358;-1067
1223
-680;-120;314;-1068;1133;1135
-715
259;-356;-949;533;-1230
165;55;-328;905;-590
640;-1106;-627;-323;11;1196
1094;508;639;-240
114;582;-571;-335
978
1140;-831;414
208;1106;1207
917;264;938;-365
-735
1190;-617;760;937
416;-10;-395;-1003
-196;-1053
419;-1094;903;-719
293;1237;-759;42;893;-1216
-437;-103;-558;398;-928;623
226;20;821;422;795
148;-198;-189
-133;-1144;525
500
1041;-930;-1131;-1020
547;-716;827;1004;1151
-1057;65;1219;1016;-1147;-1119
-916;-43;-587;778
