-513
-756;19;725;-888;-24;152
-242;-647;-142
-741;1065;-1102;-911;-367
7
-1223;-679;168;236;-559
-5;724;761;605;-350;-959
-914;804;118
1036
705;-1231
-778;250
469;-362;938;252
19
818;335;671
-837;-839;471;-270;1183
-68;-1013;1078;-376;414
-740;703
306;675;-426;-1104
358;-652
179;-142
-51;931;-363;-223
836;485
-42
738;-696
883;260;-998;-1225;13
-300
530;276;-725;219
-567
-609;513;318;863
-64
63
295;-872
803;-1173;855;-1210;-941;-191
576
-129;706
-179;532;-313;653;1006;-608
977;-341;-251;-61
1201;-708;-26;473;926
1;758;470;716;-45;478
-929;-193;-948;-841;-764;526
1008;-1124;789;684
-1185;881;-167;216;588
291;-168;-778;-509;701;542
547;-222;1037
-113;-722;-232;-699;-109
-899;-500;-110;-623
-869;677;170;587;543
-1057;-136;1129;-909;-141
-1043;-1131;-1038;-62;-144
-754;867;-773;-454
-294;-1079
113;-20;-1082;-1034;939;735
-1042;-915;1095
-945;-1160;-476;-1181;-862;-592
-609
-769;1241;-1051;-635;1115
1096;286
956;687
-885;-104;-506;-26;890;-1020
-785;156
-476;-412
-1237;-822;-622;-768
625;614;265;666
-380
1027;-1014;871;8
639
801;-1005;332
899
810;427;-366;1053
1094;575
412;-272
1166
913;-322;871;986;254
-143
-37;-233;40;-907;-604;829
389;933;-923
320;472;-586;-1099;749
465;546;1236;644;-956
83;-442;-42
531;-743;-543;-671
432;-965;936
275;-935
-245;1225;-268;-350;-1024
-499;-965;-90;1147
289;-954;-1023
195;789;822;728;-842
-51;-501;726;239
5;679;-170;-1018;-428
933
258;934
257;551;-57;-1180
684
836;360
546;-696;-28
38;781;782;-1167
-963;594;-1156;-777;843
-259;-436;708;459;877;-144
769;-491;-1069;95
710;1017
959
960
1222
1224
-4;-58;-1165
-822;1096;-733
-322;-1097;-729;-1131
849;469;-104;-1114;362
-113;787;-485;-397
-1122;-949;-471;859;-398;-943
640;881;-157;1070;1103
-1105;-808;744;-124;-718
-221
-471;-632;366
231;-666;1083;123;892;1134
864;-1221;-151;922;-173;-736
-1007
176;-457;777
-641;-551;-1066;-543
608;-982;-246;-217;-685
401;-964;69;-365;1086;1039
-978;-246;534;-1098;-700;-828
656;-1113;682;1035;14
1107;-88
-178;725;70;-1224;-672
-1061;805
