144;-1218;834;-343;298;1055
-23;888;-1130;-1007;415;1119
546;-443;-96
1012;-283;815
264
-16
-1074;-748;830;1007
-673;822;423;-847
357;-1031;26;-652
-161;-644;827
-203;124;-1230
797
-31
-473;506
418;-118;134;583;-1181;-1151
705;-619;461
737;-812;623
424;990;-352
-1043;883;797;1198
16;706;-953;344;-158
46
833;994;427;-95;447
-47
598;-650
451;68;1224;731;-798;685
-1154;-424;-16
-338;731;-973
804;-841;1113;-396;990;1214
387;-1226
420;500;-329;250
-692;-1017;-1100;1196
333
-923;845
846
-1104
-177;-927
978;-128
290;-715;1229;303
-340
946;-405;1016;-939;540;718
-857
602
-929;317;846;-144
-603
-450;-563;-166;-860;155
-604
944;-564;-619;1195;-608
-1105;673;1049;106;1163
-434;760;-634;777;1228;190
-1089;1185
-449;-165
-1012;-1144
161;550;-1016;535;1096;319
946;-1031;-1020;-654;-912
-1136
-913;-180;-45
1008;-87;1033;-48
-993;434;-452;-667;555;495
993;530;-628;-266
565;854;315;1131;-188
-341;1029;86;-600;-1209;-620
-577;129;-563;-4;1173;1243
920;-30
385;119;8;892
-722;1106
-868;932;1034;570
-226;-901;476
-280;1193
49;1090;1203;186;-830;-784
1072;-1219
-918
554;-960
409
1120;-388;1189;-903;-350
-481;-1178;299;-1102
-415
900;823;-554;525
676;-167;-92
-1057;-1154
1186
419
66;340;1173;-121;-1083;45
-755;-180
-1169;-507;682;827
-681
-657;-755;-740;475;-541
-308;52;681
1010;-372;555
373;-202
608;843
245;616;56;-233
774;184;-779;-1120
-175
-755;-1155;-89;-475;-827;-972
-260;438
-1204
626;882;-676;822;-216;539
1073;803;-168;425;442;940
1;1117;1118
196
-145;-764;-1148;-957
-342;-953;-700
707;667;939;-61
462
-613;-1134
659;-85;534;-1002;619
-214
-82;1225;-923;507
450;23
-500;771;715
-338;390;-140;588;-1037;316
566;790;-8;1005;687
-739
-353;216;174;447
-1042;-724
-507;-1006
721;25
158;847
210;-441;936;557
-495
1121;371;13;15
-760;1001
-225;-502;-797
-140;-429;-77;-111
-1025;410;1147;621;381
