514
-227;-601;-1082;-1165
276;597;-246;-807;953
389;-504;106
930;500;-182;278;-493;255
211;-1220;-967;1129;-954
8;414;-1039;-336;431
681;714;139;-1165;1020;159
-817;-422;-1081
-1175;-122
-859;586
1041
554;1115;652
-1047
-84;26;-111;-463;-928
-274;311;1097;125;414;142
-1108;-1082;-1102;1215
-1011;-262;696;862
202;-93;-911
186;796;1100
-547
1061
38
-721;-418;-1205
-961;-920;-207
-500;596;-905
-303
561;-660;934;237
912;-167;-1052
-1077
1205;-681;747;11;-76;1150
-306;161;714
1104;-23
-936;472;-876
642;1113;-1004;396;-141;590
-182;101;1210;-300
-58;890
167;-237
-1029;189
1099
-65;-180;1076;135;904
590
-466;804
854
-87
530;-1237;180;-300;668;-1214
1120
96
-499;406;-1095;136;-587
656;961;-968;733
-1127
-1189;1206;375;-971;475
-369;-83;-323;-1145;-1085;-687
577;-1157;340;-814;-79
1170;-38
-705;-801;-930;-1240;-841;-713
-695;-1223;631;409
-353;-1011;485
-368
276;277;-510;-1183
800;600;-697;-587
996;740;790;-1224;-416
-1057;570;1243;-637;-847;1103
897;-266
416;786;-202;-880
304;-102;950;795;733
320;641;-313;539;-557;-752
-1014;422;73;1227;-1086
-1235;-549;-870;-1053
-635
-353;-282
-1162;1068;220
464;-226;-213;358
1090;578
913;933;1174;952
1090;1155;-683;619
-1126;-287;510
-581;1188;1093;-286
905
-885;-790
-81;-1058;914;532;-960
-469;-1210
-404
-150
672;-825
1059;-394
741;-1064;1226;-509;-351;879
-157
-250;-938
-933
512;-679;-503;-876;-924
-1203;338;-787;510;990;-16
-529;-659;-565;-1189;-1070
-1206
817;900
-129;337;33;947;-743
112;883;-1125;-681;1004
-66;580;-1191;779;95
-966
1000;478
455
-517;-716;987;380;-848
-179;-24
-677;-230;-57;1003;941
-1233;545;795;1132
-776;-328;-793;909
-129;-388;295
-216;1196;525
-229
-401;170
929;403;-839;-936;-44
-625;856
-949;-823
256;-201;714;1004
1007
-231;-712;-360;-474
-1157;117;798
-1234;475
-961;-690;-645;-491;235
248
-866;-683;-1004
-360;537;329
-782;-752
-210;419;1068
-1141;-731;-462;30
