257
-65;615;1160;-395;-1055
770;630;470;201;638;-912
-337;194;54;683;684;780
-1036
-527
1186;263;-153;-314;955;1150
144;341;726;-967;286
192;-186;954;-173
-536
80;737;715;28
251;445;-271;-400
-567;284
354;-70;951;-569;-127
-153;-1163;-523;-494
848;-1185;-284;428;-1134;-495
-643;354
505;-1179;-639
33
371;3;-700;287
-450;-562;933;-986
-1137;134;791;253
-198;407;-1024
384;-309;-1211;-413;126;-1184
1105;85;182;-728;-1226;-235
-243;1060
-882;830
-225;-998;-391;-124;-366
-265;-185;891;383
-81;529;213;411;1099;1214
374;1223
-321
-1122;-1165;509;-592
154;1196
-584
-841
1200;-803;1202;579;-469;411
1137;-1187;-1002;938;315;-126
1100
-1074;151;-699;-971;-302
78
-591
-1233;184;200
-73;411
592;-1073;36;-842;-335;-767
272;672;-1190;1100
-1113
-460;-911
-769;-242;-1123;-1239;839;651
388;1000;-1196;-1052
-918;678;-1132
611;181;-570;-571
153;954;1039
1026;35;-8;791;559
915;820;441;-1051
-417;315
-97;1217;-250
-130;937;575
506;909;479
615;-1048;56;-410;684
-354;130;1219;-405;25
-965;-933
610;1155;117;150;638
-103;1080;670
756;-713;-617;842;-637
626
-1142
-642;-391;490;157
455;443
64;-660;-151;359
850;-532;-553;-858;-176;-656
-50;-835;771;-153;-637
472;431
-322;-842
-114;-1127;-969;-1113;668;-302
50;860
-278;1194
-89;-831
-921
-322;1226;-749
-1218;705;1026;728;-317
327;1208;-506;414
-322;1090;-1189
424
197;-624
-417;-817;-406;-152;-429
210;386;-1204;-687;863
400;-1012;276;712;523;1069
1200
381;-350;-1232
-1158;-839;-104;-638
-183
-1233;-130;-836;-1209;-588;-540
-309;149;-1238;56;-586;461
741;-666;-267
-755;-712;-73;62
1228
-500;1028;356;600
1231
-210;648;-619;-972;-592
647;797;302
-705;-530
899;-917;-616;631;633;606
-1073;-359;-504;952
-98;-376
-65;-423;938;-668
1090;-132;-789;1110;61;1183
222
790;-568
960;627;378;-973
1008;753
-691;1237;-774
-801;-932;-1165;877
997
-676;-777;-1082
-61;-174
-401;-115;-804;-26;203;140
-1137;656;715
-810;76;-14
-403;194;-355;-1130;-1054;719
-240
388;757;41;283;1085
-643;-1172;612;-841
-471;217
1;-563;-708;-197;836;1141
