1073;-213;1242;811;-608
242;-106;-139
-279;726;-1225;121;141
547;-31
137;-1163;715;-1006;-79;879
625;-967;603
34;-196;-856;265;363;-896
-777
320;102;-153
-785;-1121;-414
1058;502;663;744;633
889;-907
-86;104
876;444;236
-792
-537
148;-774;27;92;-1055
1184;-740;-154;-832
1026;543
1060
1088;563;-746;1083;-335;175
805
-452;238;-1104
227;-895;-656
-68;-793;1161
-275;931;-582;488;-864
-559
-1125;-149;-233;-1101
-1073;610;740;-1179;620;588
1140;180;-920;1191;766
-102;741;-839;263;1000;1039
209;-487;748;-1022;-672;-624
720;-266;-142
-454;-423;-206
-467;1059;-1222;-968
320;369;297;-154
-577
195;382
1107;1155;1061;221;366
-817;-215;934;280;-511
-726;1017;-109;-511
-586
1024;1011;-1193
387;-1014;1158;551;810;237
-339
-631;-734
-324;-773;-266;1038;111;-128
-1111;-605;1118
544;310
848;-248
646;-201;-1242;827;1099;-13
-377;361;-333
-52;869;-247;-603;-316
-211;-907
945;-354;-691;-486;987;1228
-374;934;60;-719
711;155
1027;-484;-244;726;-410
-232;-650
-1218;433;-932;389;54;-889
-439;554;-732;1020;-397;877
-75;-269;797;-416;847
242;244;585;-955
1243;1115;-959
-632
210;-1144;-440;-794
-299;-60;-157;1149
1202;668;941;-126
-385
-389
80;913;786;-507;138;-1022
49;-1208
397
-8;24;-303;-368
1057;243;-795;927
-19;-805;795;-1148
816;-874;-507;154
729;410;571;-1212;-1166
1182
-900;-1189;393
630;-1048
930
682
-1185;-1137;1220;1225;-698;-622
1202
-313;95;1167
-836;-120;-796;-414;703
-627;374;171;252;894;398
-627;741;-152;990
928;1124;916;569;747
-701
-1204;981;667
-261;-406;-296;-1150;-15;-112
358;998;-74;701
-690;498
1077;779;-127
-1169;570;-252;-1052;171
994;-692;412
-939;735
1172;471;-158
721;766
712;8
16;1088;-905;-923
-1060;845
1153;881;-370;-1192
-1073;-802;-905
449;1138;1193
996;-151;278;-1112;-348;-1166
1159;600
164;661;568;1067;-1213
-737
198;571;-286
-324;372;-1048
-561;1172;-630;-679;-1086;1039
757;-823;-168
-918;-729;-381
188;-942;-590;-686
-835;898;175
-84;870;-284
-914;-69;219
-1041;-20;-184;-1056
214;392;1183
-1142;-617;-31
865;520;1082;411;1215
785;-694;-745;1054;367
