694;-951
-866;1125
773;150;-89;-316;526;1007
-774
-386;-901
-548;812
676;1158;1147;-94;-574
10
113;808;-541;143
-401;565;-832;143
1120;-308;1108;-616;-267
741;845;223
-774;-793;-893;700;718
-1153;229;-1015;-574;191
529
852;703
148;639
787
277
896;152
337;-676;470;7;399
555;495
368;647;1033;26
359;424;781
-288
-33
709;375;-410;-842;1178;558
-248;861;1117;-671
1238;-620;1100;253;-127;-271
11;283
276;808;1002
-982;1022
-297
-631;294;-1242
-975;-351
819;-1241;-394
-41;857
851;167;568
176;643
-742;-1147;301
-177;-1043;546;-407
-658;-24;-425;-987;-829;-976
339;341;-808;955
-870;-982
432;273;-915;-331;-287
-1011;423;636;12
-529;-1;847
-214;-807;695
-1185;-935
-1099
1104;259;1022
738;948;4;843;365
-129;-1138;-290;1090;-640
1008;-513;598;1174;376;-256
-852
-993;-579;717
-914;-1077;620
578;-660;-838;520;-250;303
52;-901;262;333;-1119
1042;996;-169;-510;46;-288
208;577;-1170;-733
330;-683
-355
-1009;49;-822;-734;-144
-936;-445
-358
-403;487;-699
-1081;-156;877
-1191;566;264
105
-707;-533;1126;-42;-719
-624
679;-1117;1071
464;-739;658;596;21;-876
240;-1204;-1049;-1071;143
305;1171;-260;-571
903
1228;446
-321;982;715;559
-1089;452;-123;-1180;-1020
-145
-1170
515;103;-1080;59
-228;804;-1127;-876
273;-724;613;602;781;143
-928
763;-30;-62
-497;-229;-1130;926
-945;-21;-678;-102;46
-173
577;-661;69;598;870
-241;-498;595;170;-203
532;298;-94;-303
-184;-1002;1086;-80
849;514;-292;-855;-910
800;-646;731;-605;158
-705;-761
704;-660;116;-407;-1225
-434;626
706
-530;-963;85;-217;-1036;-864
54;-1197;-334;511
1220;-182;1110;-925
-257;-776;575
806;39;903;506
-933;-620;-1150;30;1183
-977;417;38;-632;-491;411
-1106;-69;-870;37
-222
705;1141;921;14
-790;-696;1007
-706;483
224;1120;-709;941;765;446
-641;-626;119;-104;682;-1198
-723;-26
-915;262;428;-63;527
-231;-1018;-1151;-255;111
-371;-885;759
-497
-209;498;-1044;-733;990
-132;-1173;-955;991
-613;875;1166;-1183
-761
932;342
-747;-528
