1030;-39;-1112;-1160
-771
-56;318
307;-1205;-970;-778;1103
-961;648;-463
1220;1222;1054;-671
10
1051;1007
1035
-782
-1158;-907
-433;1090;803;1126;-1192;158
-378;-411;-254
-389;-711;-266;1082
849;853;1208;-1083;58;702
1089;673;316
662;649
-371;-229;-715
1061
-553
-297
-360;-508;1165
900;422
180;535;-672
-358;1097;588
513;-82;-87;983;-745;237
1187;-744;-831;79
-120;941
-1027;-1075;-261
-316
-572
-452;135
-68;-551;1052;-752
641;-320
-917;261;-699;-767
421;262;-873;-654
-211;1122;1209;585;1084;638
1168;737;55;-90
-592
-616;1225;-266;571;445
-673;404;262;-186;-653;925
562;-968;328;-731;-699;-876
1160;937;-732
66;212;-1000;-905
259;-847;-15
1120;407;-633;1244
-1215;863
197;120;-986;443;-734;-160
1155;-533;1147;-268;-510;-640
-1027;-352
129;645;94
1105;-403;323;-932;-965
615
-874
418;1155;248;-668;110;-639
704;-79
-883
706;268;-493;-110
-376;-509
1152;516;1124;436;696;-1243
1059;-1111;-72
-1116;-911;1135
656;258;92;398
50;-365;445
-773;820;-614;-1015;-88
-647
-758;-1145;-841;47
-21;-380
1123;-857;554;618;-779
-916
-738;-633;25;429
-1012;1060;69;-1035
610;628;-1149;-751
214;-879
369;-231;358;906;-222;1022
826;-412
566;632;1112;921
502;-903;1226;250;815;319
-930;420;24;1162
-450;810;-651;460
81;65;707;-854;711;-538
416;-194;-706;244;-1223;776
208;550;-1224;713;-394;-29
-582;566;-1192;1244;29;1135
-1153;-145;-804;-892
535;-970
633;-382;-1198
435
-1234;-163;-390;501;-878;703
1128;589
306;-997;747;637
-1209
1209
185
-166;486;-473;316;-910;-975
-1030;-279;-855;-1096
-1185;-6;-280
959
447
-610;-838;-793
448
535;507;-109;93;382;-1215
-1139;-1173;1092
400;181;263;1064;-1086;142
-1090;-648
-208
1026;323;1182;-1168;-128
-1217;52;-1111;525
-1239
-865;-579;1050;173
225
1171;980;-264;-713;538;-719
-997
-998
487
-1001
210;196;1076;1160;-618
-306;739;724;-842;-554
610;-452;517;844
627;-1115;667;829
53;955
161;326;807;-1196;142
-691;-59;139;428;-446;-895
515;-471;411;-77;-559;-319
1170;137;223
