-20;795
-754;-1202;781;543;111
778
-806;597;837;102;-682;-61
-525
197;1066;810;-269
-113;-900;916;-1031;742;-1165
782
-914;823;538;-635;685;286
1026;-1085;589
1140;-358;-279;-203;235;254
1090;-853;-1209;665;107;223
-24
-99;-344;-863
412;1150
403;1044;-375;-1162;-346;1231
1008;1211;-62;431
542
-472;-73
329;1147;748;-463;319
-1105;721;1057;833;-735;543
885;-154;301;1054
1227;859
984;1102
-770;-211;274;925;334
388;1189
-993;-177;1139;1113;-189;429
-1043;-1207;-986;634;254
-1066;766
-44
786;-71;-170;-846
-774;729
-1031;-810
152;669
801;535;510
420;-887;525
-1011;234;462
-60
-187;650;-525
-64
831
-1074;548;662;216;-393;1130
-242;1027;-949;742
-107;943
-706;-677;152;906
-581
581
579;-389;-1030;-377;1146
-330
1107;310;1066;1212;988
-977;675;918;633;1226;-863
-546;-293;-165;1190;-777
-981;1060
418;1094;-855;-699;140;1007
-564;-1206;-535;-777;-842
-1191;-43;894
848;145;-1220;342;1241;268
-100;645;312
210;1208;-1178;1066;-960
-1097;409;77
-289;720;-774;-438;169
275;-166;761;-1117;429;1197
-929;691;-375
869
-689;-514;-195;781
-756;52;-342;487;-571
-1041;881;373;472;958
416;400;660;-378;-299;-1164
906;571;750;606;-1183
-1065;-489;428;-862;-1006;318
661;582;921
-404;196;-281;-1098;1212
864;641;-931;1205;-122
-229;1220;278;362;282
513;26;607;-1024
-792;427;491
-38;-298;204
132
-162;585;733
-706;-6;-392;456
-987;-299;895;255
-265;393;-523
1024;1170;197;568
897;786
1168;496;-21;-984
-58;-874;1050;1055
-356;310;203
-1089;-357;-1099;-700;812;-541
160
912;138;1162
466;868;1140;-538;-747
114;997;-711;-1129;-205
-660;1084
182;-352
-580;-487;441;-1098;-319;-944
-796;907;-669;-29;-96
432
944
-979;-1171;-887;1100;124;-1182
-1234;-434;162;-966;1002
-878;174
195;1223;-202
-93;541
-65;1218;-444
372;-1047;1129
-1061;455;-858;-783
-358;-300;860
-308;-745;472;-106;-446;-1120
-507;683;750;559
-1232
-353;-1234;-926
-839;-1068;-1151;-736
-296;-301;-750;-31;846;-1216
-471
-44;-941
-993;455;140;173
-643;-778;426
-1005
1088;1217;-587;829
517;-745;137;-444;-974;-784
1089;-1161;1132;-1118;302
530;-165;150;-1083;-1214
-1155;-1011;579;822;-1022
764
192;63
