-353;194;82;694;407
-1154;-389;-742;-248;567;685
-883;-1135;-544
-673;-804;-61
-632;792;152;204
-978;-265;-44
-196;-485;440;250
245;934;-1098;-1119
192;80;340;363;319
683;-668
716;-734
-49;1121;321;677;-1127;-413
-755;620;668
1047
662;-409;542
-833;-149;-134;1238;678
-562;69;1190;-664
-294
-1063
816;-453;-58;-1211;-926
50;-873;265;-235;-784
-1090;-1161;-970;1211;523;157
-1240;-1017;778;-236;639
1108;-758;726
2;404;5;922
-212;-1047;40;141
-504;-1086
-883;316
-2;743;1097;299;-287
1083
1232;110
521;-779;-654;-688
336;1078;1064;-859;1022;-1039
-744;1067
-1060;627;-981;1109;373
-326
-235;-92
183;-975;-303
-194;65;114;1027;1033;-944
736;850;-214;1240;25
-756;724;-1111;296
512;391;-265;-558
-657;55;-250
-1025;1109
534;-888;-953;-829
1029;537;1244;-109;718
292;-567;-891;-749;31
-371;-490
771;1224;-109
35;-133
-226;1042;-867;-54;445;782
784;-737;81;-1064;1034
1123
-802;-644;-55;120
1010;690;615;-32;639
106
-929;770;52
-110;-799;-992
-164;54
-1121;-840;-1193;1242
816;328
339;837;758;221;782
-68;958
-180;-48;863
80;1068
-1063;409;-656;-352
-166;-536;-704
-49;516;777;-860;-1023
-132;772
337;-149;-537;-74;-987
-113;1178;1132;925;-1200
313;-1215
371;597;390;-457
-770;-132;839;892;92;239
583;-976
480;837;-252;-990;63
-1164
-137;-666;1199
1164
706;1204;22
481;172
114;-803;-985;-602;-907;-31
-771;356;341;475
-917
38;-702
-1179
1203;1222;887;-329;-269
450;-606
667
-1184
1232;1048;696
-1188;425;-523;-1164;443;-716
-1105;1169;852;644;680;-285
-675;-376;-953;302
533;-778;-188;813;109;1215
1108;-938
-564;-922;137;666
952
-85;91;956;-1149;-511
306;212;644;-647;807;-367
882;810;-894;158
-182;-1030;-506;988;173;109
-708
-146;-296;424;1146;94;255
-916;619;-1182
1088;-581;-53
-200
305;-98
-977
369;-798;-638;-1199
-227;342;-1015;-519;-336
-741;-1094;-215;809;604;-864
-1218;-83;-1204;905;-670
1;734
-856;-905;-1024
740
999
329;428;-543;-960
-1009;708;-1078;-392
-742;-523
165;533;-1145;1098;-1022;127
41;-1056
278;1191;572
-968;718
532;232
