579;901;841;-205;959
-577;-180;-100;294;-536;-697
1120;-905;-1081;-969;-1242
-369;-646;-359;-535;-714;314
80;664;1002;-859;143
465;450;-692;-487
-9
10
917;-217;-1101;925
-292;-844;-76;173
66;-852
308;134;-461
503;-265;1081;90;-125;782
-1044
20
610;1204
-196;-324;615;-42;-77
914;338;-965;27;221
384;278;167;-538;618;910
-49;306;-4;-23;-392;-122
-674;-405;-230
-597;837;-139;10;-1038;-639
886;-951;-40;1113;1180;-111
257;259;1141;-1223;1130;-765
944;-1047;135
992;35;-358;535;366
-38
865;-1044;-664;-233;1176;-63
-405;517;-104;-1097;-492
944;897;-1235;-911
-1091;-661;443;28;-48
976;244;212;-650;-972;1007
-311
-551;408;-170
-826
544;-859
-701;238;-368
-1014;22;439;-921;-1149
-870;424;120
1100
225;790;630;-543
-336
-152;233
594
804;518;-471
-946;999;-559;255;847
-1126;-319;79
-577;912;-1044;1191;887
-8;919;588;1151
816;850;-263;870;-1034;-893
-834;598;231;137;1019;-798
1159;1243
723;-535;-800
256;-1122;-388;-285;926
-195;-519;-668
290;19;133;264;-699;607
368;354;279;-634;892;894
-141;684;444;-879
375;889;-1148
-630
885
-631
-828;-253;-367;-1231
-1172;540
994;-627;-953;-397;1103
-563;-564;-1173;681;-28;-270
-569;522;-592
-1;-819;1147;317
-323;660;-1129;-1244;878
-226;-757;335
242;664
398
416;497;451;683;-62;1230
-2;1170
-661
-114;355;344;-928;191
994;-585;254
-632;1016;536
-135;-152;-616;184;874
-563;130;-23;-330;830;623
-978;-501;1205;-362;252;-541
-297;890;908;959
-913;609;49;722;893;1101
-300;-252;716;29;990
-740;-661;472
-674
930
464;-530;-243;-165;975;1199
65;738;-621;239
1091;-412
504;1199
528;920
1045;-270;-607
1217;51;-967;1002;-795;941
932;-250
-434;-1129;28;-1166;-990;191
1120;324;150;-557;1181;-767
-1097;538;-381
1157;39
-390;-295
515;-599;-775;-217;-1150
-147;-917;-570;731;719
-744;-720
-395;-1071
-292;478
-661;886;986
337;-370;-1028;102
-1217
-627;950;-796;-111;-639
417;806
1136;-997;821;-694;38;665
-452;948;603;383
-1090;946;860
115;-584
240;162;-807;70;377;-256
404;549;-1181
-353;1095
744
529;1138;1012;1189;168;1065
753;-255
-324;-278;-667
753;515;-764
933;584;524
-763
-355;195;-55;-1033;-285
