628;1108;612;218
-563;1242;-1199
1124;710;733
519
308;-45
-1063;666;-1005;-398
-900;379
262;54;204
1088;-787;-263;-688;639
608;-85;1126;-121;-1034;540
854;-844
722;1011;-757;1205;-586;-46
1026;-260;900;1093;922;941
-641;366
275
-249;-1083;287
-790
-563;-996
1056;-1026;-854;911;447
-331;398;-1120
-675;-125
276;661;823;248;412;431
-177;-1238;-160
552
-436;35;-1044;-133
-405;-278;-384
-292;847
961;-195;-1226;415
816;-514
-167;-171;-990
307
819
596;-285
343;904;1112
-810;-1039
-627;1090;-150
-931;1095;-1003;524
-340;1107;-280;519;571;-493
115;-519;475
-690;-407
417;1172;-808;-926;479
853
115;-1227
-101;382;63
1140;533;-1072
-933;85;-263;139;-541;143
1137;737;251;-448;335;383
-93
1232;427;-31
-1108;501
162;981;441;-335;1150
-1075;1170
-353
609
-770;113;302
1104;-609;-787;1155;298;986
1126
-548;-934;678;-584
-290;-179;852;-389;918;-1020
1216;-611;1234;1142;711
341;795
628
818;-436;-7
-121
561;3;1029;-955
1157
-721;-1058;358;-508
-294;572;-895;223
-721;579;5;-1031;1166;-144
177;-323
-915
497;-739;-21;-571;284;-622
608;704;805;-428
1147;799
-843;-160;223;-144
-1096;265;-1119
-946;723;-55;-775;875;-493
-1176;-379;-653
817;-917;-347;477;-703
1057;594;147;94;-192
481;-867;-326;-1228;492
-163;-1034
-163;-693;-199;264;186;1036
306;-648;-604;-111;-399
-176
-851;1237;302
266;1051;908
181
-85;-713;-41;-494;126
-868;-1015;361;-219;-494;-511
224;1027;948;404;-598;230
-195;259;381
789;170
442;-893
658;-763;-1229;-910
710
1010;-812
-84;840;-302
784;1218;777;748
739;-1221;134;-1079;425;-478
51;-1030;-423;215;473
-1126;505;604;-30;766
-1043;164;680;1147;-223
-1146;-608
-890;414
-533;-455
566;680
-962;309;-375;-1082;1119
928;-876;429
-996
-194;-1060
-1239;-375;-539;810;-1036;-925
386;418;787;812;-525;-366
-5;742;1112;-592
233
208;-660;567;-1066;205
-135;311;795;-736
593;485;-1002;105;330;-1005
738;499;-901;1087;863
1042;728;-1018
593;884;1130;-637;590;-1039
-275;-74;-670;511
1020
1021
254
