560;356;296;-302;-1167
-179;-79
-1241;-809
-340;853;1001;-810;76;509
791;986;796
-528
1043
1061;-841;-352;111
534
1138;1026;660;-412;605;-1200
-1171;293;-1062;41;286;-1231
354;1211
1106;-899;-435;468;-270
-1059
-604;895
292;-120;-208
1074;469;902;999;-846
1073;-150;-391;-493
949;631;376;-1147
21;-1087
556
466;1044;758;105;1002;1022
-312;-505
208;-1109;-315;461;-831
464;805;247;-443
-321;626
1233;-435;-791;1063;-40;-1081
467;-133;-406;952;-60
-49;1153;-1051
-1053;-493;-558
627;1221
-628;-134;-904;585
-967;139
577
-51;85;41;-1211;-736
-581;-1061;1046
595
-52;1130;1055
1113
-347
1029;1109
-886;6;1052;942
323;-309;644;714
-966;-393;731;-15;991
419;6;-519
-606
160;100;470;567;1096;-252
160;-66
757;442;446;-15
353
1;-1126;1031;1215
-867
-357
1041;-440;-620;446;-671;143
-785;224;372;-219;510
2;-1111;-986;-1196;-654
-113;1106;727;-989;-623
-195;-669;-15
23;-41;-170;1148;-591
-756;-822;951
403;-775
-1045;-608
-321;614;839;108;877;47
-1092;460
-1125;421;-698
1056;65;-1027;-1112;749;-1135
639
-1204;675;308;-1061;-862;223
-130
545;437;427
-791;-619;572;-64
-39;-95
-949;614;1238
-917;214;-252;559
497;-893
897;700;591
-225;-102;823;-1147;748;44
-659;804
-914
-227;887
88;665;-1004;-669
-306;-1043;937
-403;814
-117;-42
-497;335
-754;642;-986;-907;-975
-165
498;-70;-969;-1132;-799
-628;515;-857;-992
290;-1238;806;1196;1166
-818;-898
-834;648;-763;588;-335
-1220;215;-840;1083;-1214
1121;569;-187;220
-723;-339;408;-1149;-110;957
256;944;-1243;796;-734;1197
258;-581;-1014;119
-932;-310;-233;40;985
-1219;389;-775;-622;-783
-963
-769;-1043;523;-188
1219;1205;-688
-773;-357;-872;-248
-866;226;-5;-918;-944
1120;-916
950;795
-1058;852;-106;907;126
-661;-74;105;-14;-591
-514;755;-503;-958;-784
192;487;-88;135
986
-691;1207;426;-1167
-114;821;541
466;-1205
561;-1045
-865;1145;908;-960
880;-920;526
-1004
-895;1135
257;456;1069
248
-1018
770;775;-892;332;-733
-675;-19;-328
-23;-842;-779;874;-765
