73;-204;-1052;670
-1026
784;-612;85
-627;19;-552;-284;-1119
-6
936;280;-475;-750
-419;-596;-548;-788;-343;379
-524
-117;772;-157;-768
514;-73;-729;-970;476
878;-351
1039
995;1038;287
-1044
-465;611;1140;212;-951;-1079
1184;737;178;-857;313
-726;-64
-71;-464
791
535
626;905;796
-1049
736;645;-137;-138;187;14
-1;-968;712;543
257;726;-840;-780;669
371;-133;822
-147;-388;981;-504;-600;365
274;1043
1129;682;-750;-78;1103
-658;210;835;-348
-66;403;999;-783
-813
336;-417;833;321;-4
1232;274;403;1014;-571
1072;-406;21;-1240;-265
-698;1004
-10;829
931;-41;859;829;-511;-224
309
916;-869;890;399
-825
931;-230;437;-1197
-449;321;403;-215;767
-1157;328
-1091
323
-581
-273;384;-787;181;424
-292;874
-249;-394;314
595;867;555;1070;-448
-648;953;378;1038;159
-1115
-145;403;88
-503;135;-280;457;-286;-1150
-609;532;168
321;402;-294;438;311;-1086
420;955
-1122
-661;790;-232
992;-120
-244;-1045;-123;-267;-475
1131;-768
112;-505;284
624
865;1139;-135;-841;1132
1136
628
629;-752
389;-696;-585
379
-837;759;1034;-1084
832;-133;-589;-239
52;846
645
1059;-821;1081;-1183
1232;1152;198;854;407;650
-884;-1051
691;-773;84;-120;-1050
-146;-956;430
161;242;15
-345;-906;-1119;159
933
150;1063;-362;601;668;-157
-23;1002;1148;-302;718;-1088
433
1224;844;1181
80;-1196;-1132;-1006
-131;-1076
-1208
657;-1028;-133;1236;-622;-303
195
708
249;460
-1204;236
-278;726;1193;1118
-179;-723;-1143;-589;-639
-145;-338;274;-1019
387;-1001;-186;-685
-180;-1049
-243;356;-57;1082;122;-799
-706;-708;429
128;-929;-1124;-328;-781
-753;34;564;679;-841;793
-420;-314
768;465;1203;-151;-877;605
1204;1195;-128
338;267;-380
642;551;1144;-1087
178;-367;1183
-739
-1073;946;1122
1107;-877
1200;-773;726;-375;-937;-79
-3;1010
-753;-257;-226;609;-728;603
160;1104;767
-610;-374;-696;-1148;796
850;671
114;549;617;-1038
720;-786;-435
-1176;296;202;316;-911
48;-1090;290;1000
-252
-1029;1208;1113;-270
