-1043;949;92
1184;232;1035;-670;526
1029
-521
524
-272
-601;-443
180;863
-322;-965;-712;1209
1189;1242;45;110
595;-182;55;253;-495;575
33
-769;-70;-680;715
-1105;-150;869;747;444
-39
-593;-609;211;-150;-1015;-960
-1042;1089
560
-177;353;385
-612;-422;-1160;-569;-185;-687
322;-726;1231
-995;228;-574
576;244;997;-43;-268;1116
-802;-1056
-513;1014;-840;407
1093
675;851;515;588
-197;1208;408;1052;159
-1026;197;-631;1132
-146;19;787;-1173;5;-79
-209;1201;-644;469;1125;-1099
452;424;-585;40
-1058;-851;1042;805;-1022;-784
-147;-1140;-281;1241;1082;91
53;458;-940;286;-1216
304;-661;854;93
-1202;323;1048;427
-673;245;310;204
-898;-741;806;1164;781
144;34;-90
-1057;-395;-686
1008;1030;-439;541
-117;-1079;-474;-221
1156;-378;90
579;-478
-674;405;-1096;203;-221
-1127
-517;1209;-29;733;-782;-1232
617
-500;-375;-921;1177
917;-106;-448
-366
1091;-215;-152;666
133;-255
-113;898;-108;92;1151
-898
386
-644
-230;1191;-712;632;-492;510
-133
-1156;-1164;1163
839;-955;606;-1136
-513;741;760;697;-15
-404;12
-324;419;755;-164;217
898;-37;-857;-447;303
395
-274;1157;795
-1207;-1240
142
960;-2;-899;935;429
-657
1073;4;983;-874;-1038
1174
-290;371;-438;715;-766
-897;-1161;-447;-848;-640
-1140;-949;1030;-681;-363;925
176;886;154;1242
928;-1059;-28
-707;-137;906;-734;125;-1152
426
820;-647
710;602;831;-176
687
-806;-144
-370;497;278;359;186
-50;-902
1208
-716;-237
291;-735
-722;-310;587
-598;-809;1214
-1171;-678;-137
198
454
544;499;1204
-3;710;1046;157;-174
-290;-1043;-405
55;-314;956;-862;366
-931;-835;-484;-199;-1081
464;53;166;-815;1102
835;-263;-103;952;-812;-813
-205
-725;298;667;-941;-272
-753;310;952;472
-982
-1139;985;-1088
-475
-664;1208;-794;1210;538
-219
-1093;-1207;-736
988
-736
996
1001;1002;-750
368;50;482;-1130
832;-3;-596
-20;254
245
68;-316
-552;47
739;-990
-423;297;-250;1081;427;1166
-473;857;300;-431
-933;-218;-1152
