900;1149
-649;-297;220;-47
-486;-1143;375;-847;430;-896
-776
-371;-749;940;1212
757;741;870;-26;-797
10
778
497;-195;-984;667
107;-1150
279
985;-448
-257;689;-435;-115;-134;-31
-283
1172;-1159;40;552;1145;-699
-286
418;387;-1099
-115;920
-809
-339;-852;-152;-750
-354;-611;726;796
-94;45
-979;-423;-824;-1211;-1053;-941
944;785;-772;547;-294;381
115;-1229;30
796;-224
1152;752;-713;650;779
-64
-385;-835;1091;1111;617
-182;-1095;698
-1237;-885
5;853;-679;-1019;509
-1185;339;-1206;-73
-196;-1110;710;-30;-990
-85
502;-745;158
1074;133;711;-121;-1231;1055
-161;818;-312;-254
-95
-440;89
243;-774;-984;-779;-108
1042;-778;-590;-288
1089;-964;419;-489;-159
-710;-375;-780;1100;-110
433;-1207;410;-1132;1212;-79
-621
391;-1144;-1149
944;-211;914
-775;-617
-754;-383
-166;1157;-622
1012;253;-896
377
897;700;830
1150
289;-1046;-557;-350
248;-891
705;-652;589
198;701
1040;-1201;-230
954;-304
-433;834;2;279;-873;-461
-653
1120;-933;-600;-778;1050
1166
292;-246;-937;298;-719;-880
902;-666;-381
-660
913;1186;-671
996;-971;-174
-1121;-130;-903;462
-180;-1000
-695;-744
-297;-715;-941
-164
802;739;-200;-476;-446
276;-812;1214
684
723;230;-941;-189
-237;670
-762;-443
1188;1076;1078;-87
564;-694;678;-991;-768
-700
848;-149
786;-711;-539;-749
355;-698;-1084;-62;-382;-112
-1169;-722;689;-899;630
-1010;-1230
-1113;1128;-26;-284;-797;-1151
1237;246;1016
1222
950;-375;135
389;-1102
1139;-727;904;-61;-542
694;-138;-763
1136;-485;-377;1178;-733
-1014;1176;649;-878;-1166
872;106
-817;450;499;984;457;942
212
724
-214
3;646;-473;424;699;-574
-853;37;-103;1017;-1229;-1136
-988
219
448;1168;-950;1142;-304
1156;-1078;-199;-107
1139;-398
-106;335
-790;-391;-1100
288;-1044;-758
402;690;277;-1191;-1182
1201;193;-1138;710;-791;-668
566;-104;-221
820;-395;-1183
-435;723;422;-956
-1188;677;-249;-541;30
258;-323;-491;-717
-194;-1190;716;-608
-1165;-112
-1190;1222;-541
-355;-340;-1096
977;-1075;-724;148;-318;-799
