1057;-681;649
593;562;-1158
1058;-918;-551;90;-251;-974
1072;-708;475;-830
1136;-100
-14
128;-143
-929;274;-903
-856;-509;686;-624;511
792
-529;-265
-465;470;-103;1148
945;-661;1238;905;-1068;1231
-546;1;-597;-1142;-1208;-381
-609;-198;-251
292
70;-620
806
532;-413;1055;-112
896;-1187;2;588
657;-957
213;699;-1213
-68;-600;1226
-1154;-688
-918;1224
-514;1122;-664;-940;-847
-115;1204;1174;473;-91;735
-567
-825
-1058;711;-990
569
784;275;1067;1004
-3;-212;-7;454;889;1242
163;469;-967;1208;-45
-983;-874
803;678;475;1181
327
1161;201;587;1115;335
577;-374;-1048
784;-183;-12
-336
929;-18;198;-1192
-836;476;-493
642;822;-622;-928
85;-906;-829;125;1182
-855;603;-1116
-113;277;-75
-869;886;-1131
-1011;-360
912;794;-333
-962;-773;-504;-1097;284;910
-1106;1129;-91;-910;446;-80
-138;-475
-1185;-722;855;794;157
-1138;-564;-279;920;77;623
-1171;-134;1046;42;106
-118
-978;1194;158
16;-1204;1065
934;809;939
-246;582;200;1193;954
-258;196;-326;1014;406;-136
-657;339;-101;342;-648;-687
-242;-1060;-987;1133
1205;-648;249;1117
16;-707;-1160;-845
96;370;-409;-30;1134
626;1048
-681;286
-225;724;-7;-352
-1176;7
-148
-153
-1153;448;-1155;-86
154
723;357;-887;1164;-175
-326;-90
-356;102;502;423
-1201;1039
-721;-1233;-705;-576
-81;176;324
283;-1021;61
-178;-473;522;603;717
272;-1061;-1241;168;221;959
882;-581;-729
-430
1094;903;-800
-370;-63
29;-1231
-692
1008;-802;-819;-339;259
-1105;241;-939;1195;459;588
516;-1030;885;-654;-606;191
-51;370;213;294;950;1226
664;713;634;-31
-959
-1075;-814;-607
336;-451;-471;-521;-1134
-963
-481;49;-632;-30;-527;-624
84;-537
1226
1224;-554;-876
-1009;-658;721;738
-729;-1019
-981;-37;542
813;1006;-63
-49;23;-696;-1196;-863
1063;297;650;-253
-241;-1011;-726;88;-893
-996
770;-294;1020;524
560;-1016;-32
451;-1198
-706;-343;-108;60;862
-66;-1140;-1207;639
728;-810;-416
-689;-65
-19;-149;922
433;-692;563;-263;458
1233;773;-1064;699;765;143
803;-197;228;120;60
-419;-216;-633;90;-511;-96
-129;451;-774;-1224;892;-238
511
