368;418;750
-1137;1006;-640
-1127;439;698
673;1121;-1092;453;632;1039
-780
501;842;1228
-1000;857;158
-661;-790;-1128
-746;-812
-292;268;-254
1174;-1149
-1050
-178;-1141;757;-346;-142
17;520
-1239;-1019;-237;-861
-164;136
30
31
-212;244;-320
-818;323;527
806
-636;-431
-17;66;-1004;731;-142;318
822;-807;458;-123;-910
-822
-1153;-962;715;-958
55
548;980;-152;984
-1088
-641;147;1141;440
82;-506;-427;-239
179;474;-976
418;-350
992;624;-1239;-1128;-91
-1235;645
54;518;-392;153
-424;-890;-813
-369;-805;-185
-487;-108
-533;1076;820
658;922;811;1022
788;308;366;927
882;594;1030;-967;-761;1100
600
90
-92
-657;548;568;-111
-804;-870;521;-990
-897;-482;-82;-1240;298;-1023
1204;942
1138;-300;780;-1006
-26;-221;-1005;701;-1087
561;-404;-1108;329
400;-978;307;-21;1096;841
542;847
-434;-39;490;-895
882;1058;-1107;-1236;668;1133
-1210;-701
-120
-316;-831
1151
324;252;-558;365
-896
-130
132
641;243;627;1181
275;-1157;645;837;815
960;-489;362;-1227
609;1068
-180;474;124;494
510;-912
116;799
-22;-639
-883;-916;-564;-619;29;493
609;706;-392
-1183
433;673;389;518;-122;571
676;462;303
816;-581;1208
122;574;1006
-1195
-227;534;-186;-188;1006
448;20;891;-846;-574;237
-66;-324;-725;-972;-253;-400
-1010;-1140;855;795;1085;365
18;133;1062;1002;-239
-917;-857;-1230
-676;-281
53;392
1228;-15
-803;532;-23;-409
961
1153;-184;711;-1228
-100;-405;1076;632;-26;1068
-612;1223;-1066
-181;-774;-154;-667;-476
550;458;476
461
-643;-296;477
-678;165;-1210;1003
-485;53;-1225;-315;-1053;508
469
-1220;1047;-361;63
228;873;-1052;571;541;-942
-946;-894;-431
504;-1130;-877
734
-1189;-38;678;-349;-238;-880
-992
1095;-584;-1168;-848
105;634
-743
-33;-161;659;1045
-490
748
883;344;-734
-578;82;27;-28
515;53;1241;-540
1104;-690;460;28;-656
272;-391;-128
-129;148;996
114;389
1185;673;547;-394;281;-1019
-1046;792
-1084;732;-159
