-65;-722;-851;486;-1161;-249
-51;996;533;444;-895
-1170;-674;-976
-690;-695;-1066;-860;397;1117
997;-248;909;-1071;-1104
-870;-22;886
-1185;577;1127
-482;-388;-1095;-971;367
898;148;-806;-329;363;-541
409;906;556;956
1137;-662;-184;268;990
-641;-196;902;-313;-812;-752
23
736;737;87
194;859;252
498;-215
-32
801;1077;-296;-525
-149;247;155;299
147;-506;795;-734
725;-683
-642;-317;-1229;863
563
291;23;761
-917;-343;-507;-223;911
721;615
272;-211
-1092;533;791;-954;-620
-1234;-899;-490
320
1090
193;-323;-806;-160
-1000;299;-140
-504;173
737;452;202;-1116;-1119
273;-102;-489;-635;875
-1220;-1128;1048;-714;142
338
-8;91
1108
561;300
-964;-411
800;161;-562;-1007
39;-904
546;-747;331;734
-1058;129;763;-190
887;-763;-736
-1174;278;919;621;-1007;718
-230;455;-328
-1185;86;711;236;-1230;1022
1128
-181;541
1123;-455;730;-269
-853;-139;-142
-691;-909;-46
-453;-1194
-339;570;27;365
114
-433;-194;-467;-341;-220
531;1188;-64
548;442;938;-1040
-377
-278;399
-449;145;-501;474;-608;-208
224;357;310
366;-496
-854;-557
516;692;-1077
-194;774;-1051;1118
393
220;1198
196;636;-1230
-978;-7;1094;-252
-294;603;91
513;-302;446
1184;1058;325;1208;-44;766
-737;-1015;-140;-1071
915
150;-1066
-553;-685;-703
665
864;-612;516;410
-1180
-875;463
628;-936;-104
101;-1145;-1162
-1149;734
-160
-1186
948;493
657;-114;167;478
370;51
162;1045;239
-683
208;219
35;842;574
588;-158
-688
-947
528;170;253
512;502;312;1164
752;1076;933;-823;555
-918;-812;-1021
288;37;122
-704
1222
-201
-1234;-196;916;-203
1045;184
-422;-1065
1060;696;-1210;-80
-50;105;1181
-707;763;1181
706;280
-20;-970
1040;-202;-1194;-1146
-736
724;586;-1035;410;-912
660;500;475;908
-1077;-443
676;587
244
-29;-717;-271
-766
510
