1
840;-106;-490;-749;494
1200;-677
-676;-1064;-576
-1037
826;-907;-444;799
934;394;-446;-607
-1225;521;-410;-956
-1047
192;916;1207;841;1001;-29
-497;393;-699
-1062;-169;1050;-878
291
-39
678;-73;204
298
-19;-998;-1051;44;126;63
-301
49;681;-779;-252
-145;448;-1121;-130;902
-1059;-1019;605;-1134
-226;1234;-1220;-1095;1019;-271
-628;454;618;-1148;-879
-719;1022
212;-86;-678;-487;222
993;-1043;789;1079;920;382
-65;-116;-1037;-624
-71;233;654;-175;-15;703
953;124
-54
-920;-1184
-626;685
563;-1063;712;1113;-333;605
-830
1040;-257;657;-774;-103;268
-839
1139;760;586;-1004;1149
327
-883;423;-874;685;-448
916;-1190;-633;830
613;232
224;610;-196;-155;1131
732;-141
931;-585;1176;874;-781
-434;-168;-1016;-1118;607
-20;-391;1197;-47;1134
-369;58;-540
-129;-611;852;119;364
-1143;-221
596
-598
-325;664;-685
-212;1071
-563;853;58
93
861
864;1187;-628;-712;330;-944
611
-707;-1048;-313;906;-223
1152;1074;258;439
-115;242;-524;-223
247;-1129
1169;115;1172;584;-1135
43;-158
178;-198;-953;1065;-1231
258;-532;164;406;732;111
-121
-1031;905
-211;-1078;-122
642
-705;-248;40;891;-1164;543
-1089;1152;1027;-921;-1069
-67;982;-136;-809;1032;1179
-1105;882;-233;1096;281;-271
-786;577;-857;1161;-619;-383
260;-1110;-74;-1116;876
995;167;-767
532;889;362;172;1228;-735
822;-140;-157;-670
306;-131;-31
-41;-1130
916
-150
-341;38;-778;-1166;-719
-819;-246;-184;360;-287
-1176
-920
1130;892;1212
-723;596;-981;-1177;-59;-636
-881;-290;834;-889;-62;-414
-353;725;-151;921;1071
-1046;-295;506;1002
161;10
172
-965;374;-1005;654
430
-1171;132;-181;789
-969;538;-991;735
913;-371;501;1110;-28;-157
-820;75;-460
1154;-1062;88
-722;-677;-134;167;-220;892
256;-1218;698;-431
705;-795;-1086;-543
1207
443
-321;-149;24
1209;-506
-1220
-1235;-376;937;-46
1105;-820;-844;956;-1120
690;-579;643;-288
-658;-709;-1093;-918;-912;751
-481;-354;-485;-430
-982
-1240
215
90;-1085
67;932
338;-876;302
1033;1210;830;318;175
386;-149;1080;877;-1183
67;550;-679;9;378;943
-950;857;-988;-445
328;-1086
