168;-682
-628;74;925;1166
992;786;19
530;-485;378;-621;462
242;308;-698;-683;875;-31
-433;1040;162;-1049;504;557
-785
549;-506;187;-413;-494;-622
1024;-504;-475;524;-1102
-791;1070
-450;-329;-783
1232;-1005;-670;-96
794
915;614;934;-232;-283;-896
-982;-315;-620;-829;397;526
236;-269
1105;-815
803;52;-934;153;-1135
-3;612;-571
320;-802;553;-11;108;-128
-810
-339;-1205;-904;-413
-705;64;208;-841;1228
1168;-18;-829;380;-655
-28;76
-561;-418;-1118
-307;-1077;885;549;555;-1167
197;616;-1119
1201;-601;-652
-97;258;739;-311;-120;863
-626;-403;975
467;611
-4;1157;-74
-26;-542
-758;1206;648;-253;495
-786;-1155;723;795;187;-336
-262;1237;-455;1083
-660;1085;318;750;1135
480;195;708;614;889
-417;-582;315;-928
518;1143;554;-923;-960
-966;1111;791;-60;-1022;-191
1237;134;-1035
-625;273;-654;477;447
-739;297;779
145;-708;-837;487;574
949;-823;-188;-828;1230
304;-436;-152;922;1099;1165
245;-152
-1075;-982;151;222;-1231
-283;639
-50;1026;-359
1242;-1134
1040;381;223
620
365
-580;279;908;1038
-367
290;-263;295;936;-442;1087
-1137
-546;585;716;383
593;-979;619;141
736;119;-617;-1226;-77;175
594;-661;37;-1047;983;472
-1065;686
64;21;-976
-722;740;-142
1137;1036
-664;-91;-589;-1087
-1137;-212;709
486;924
673;-312;798
816;17;-133;314;-1228;605
-225;33;-105;-1129;777
85;-919;-809;-1034;-764;-540
-400
-137;542
-1090;-649;-1228
-1237;326;-269
-770;-926
-147;644;247;939;525
-482;354;1188;-895
-934
689;-663;584;632;461
802;-692;373;776;-64
1011;-885;1070;-256
-436;1160;-315;-1100
246;-681
305;-970;846
-82;1233;195;-1220;263;-829
-979;-774;-27;669;415
-436;-826;-715
504;-1019;-364;-590
-190
820;504;-617
420;1055
818;-620
-795;-684
-1225
644;326
-950;-1161;-654
466
-724
229;854;263;855;876;-816
129;6;40;41
448;-241;675;51;-1030;-120
-162;-580;710;711;1032;46
-641;-487;-907;-684;-95;31
-1195;715
-90;-1228;1211;590
721;625;-1017;668
-149;644;85;-1067
-487
-53;696;1016;988;-1136
768;402;-758;77
-1206;-520;376;-25;-955;815
-748
-738;1123;-622
-237
1186;1142;-843;-108;-111
-501
-1013
433;392;569;619;-735
-839;1094
356;132;1045;-921;667
