-579;-358;1193
481;-995
992;-502;-135;248;778;668
-391;231;282;-940;29;-750
567;-829
992;1024;-1218;1048;-48
-17;-5;-717;445;-927;190
-263
1141;-490;827;-960
-626;-803;-1205;-190
1155;1064;-795;-812;-765;-367
-105;-890;474
777
16;-1077;663;-414;-382;1182
-401;-633;329;-75
-1189;-639;-496
983;505;-925;-111;-176
-84;-551;824;-1114;-571;959
-450;-858
758;605;719
1232;-225;-869;-358;-186;-654
688;-410;-334;15
552
336;801;243;-918;-121;-639
549;-1095;-1145;-144
-500;452
823
587;236
-817;-820;693;-843;190
450;691;709;-765
83;1044;1018;220
830
1088
120;-444
-425;-670
931;-1162;-864
-210;-821;703
-451;-1100;-830
274;597;-617;-765;-1182;335
-980;-635
266;-861;654;-1168
-1202;-1187;-69;-361;430
-458;-731;-799;366
-603;-92;-415
353;-356;-986;-587;606;-912
-547;37;-861
-1028;-124;-989
257;-758;889;747;367;-1152
1093;537
613
1201;-1100
-103
448;566;-889;493
-554;1133;-1231;-224
1170;-805;-987
-1;-902;-829;-941;-879;-656
339;1053
-115
752;-343;-780
-11;539;-669;-1007
1158;-986;1231
-1150
-882;-811;30
-402;-1010;98;-1048;441
433;401;-1108;871;-1224;-15
390
-915;-618;1210;461
-353;536;1112;-127
260;-902;-1040
-641;-739;786;-52;-326;567
1077;863
1177
502;938
-787;-356;-1067
-356;166;1095;24;-767
338;-1076;314
934;-1194;1135;63
-1041;-833;440;922;-175
-593;275;-517;-878
181;-12;-1104;-1040
-650;-78;1167
760;-683;108
-405;1103
433;515;-405;469;-58
821;1164
673;1125;-393;-1211
803;568;362
625;484;553;217;188;-1102
897;41;283
-198
-124;-45;-1056
-1226
-1187;-262;-887;1207;926
-1075;-535;519;-1225;1087
323;553;-1165;493
-449;-484;-40
949;-232
189;-607;623
869;955;430
-464
-1125;916
-211
211
-694;1164
273;-488
195;-1180
-625;-915;1090;-842;-1007;799
1056;1;-582
-785;-1228
-1155;339;595
166;634;1212
689;-56;-986;-894
479
-663;-1098
144;68;-952
-754;982
421;-719;527
240;427;78
-199;-937;861;-224
-502
1016
81;905;286
1024;249
859;-639;31
-150;821;-55;-363
