755;-240
-897;340;-24;318
-1012;1220;-856;380
1062;779;1020;-32
-74;-44;-636;-77;-208
1201;289;358;-87;1070
-580;661;200;1019
256;929;-1207
672;-242;549;-139;110;1119
-1061;884;152
-406;694;538;-27;-716;-111
909;-622
-806
-513;1110;-27;492
1096;222
-310;842;-1087
864;-485;-999;1001;173
-835;-452;476
-899;1015;105;650;-316
-963;647;-811;235;559;-224
-19;835
304
211;-694;810;940;-79;911
-56
659;-1228
-1004;-592
-145;-739;-246;-70;-1165;-255
-515;-72;59;-1180;-400
466;-654;174;-1071
-641;1089;-131
600;-1003;-1199
-1092
-1027;1196;671
-739;482;1190;-991;-1039
329
-1103
886;343;-172;-638;943
1075;-679;-920;1016;298;828
611;11;-540
112;-712;-765
1233;-981;-598;-252
-857
-290;114;658;328;13;-1168
-289;-998;149;-887;-1007;895
755;-408;-921;-285
859
-1121;307;-615;-1117;-718;606
609
-1192;-809;73;11;987;-1216
-436;-116;-326
1135
-534;-182;830
-156;1039
-919;-202;377;-653
-626;209;534;-441;554;398
64;993;1026;-1171;-283
313;317
630
-353;727
-602;-800
284;95
-1138;612;788;200;-1164;-958
-1156;-1023
881;531
-645
-514;-1156
1152;-955;-188;-400
-1194;-955;669;-191
757;150
-277;-123
1090;-348;685
98;-538;-234;250;572
598;-189
-1179
-1182
925
160
-271;1199
-756;-1046;-919
1138;1047;553;-1037;685;847
162
1153;-215
913;529;36;987;190;847
-1058;626
675;373;297;681;-1019;-60
-1137;704;741;-744
218;730
679;14
-449;49;179;-1188;132;-188
-699
1217
1218
515;-918;1109
907;508;-1101;-1021
391;-1100
578;134
1239;-396;1150
-1097;893
898;1203;-1129
-957;239
68;838;-888;878;719;383
227;564;1099;110
-963;-517;1061;-47
529;-320
785;-247;-1054;-432;-800
213
160;312
1;474
720;-148;468;-1238;-1094;812
401;1187;-917;-1064;425;-768
-913;1;1109;997;-248;1071
-305;1075;660;502;327;14
884;151;217
-449;-978;1075;1002;-1135
554;958
-225;-644;-1046;-880
-644;-1127
-146;914;-916;423;551;1210
311;1133;-944
1057;-372;949;-838;537;447
-369;-20;-856;-536
786;114;-980;979;1126;12
1107;564;1135
-117;328;47;-768
-1091;-538;233;-139
