-1107;-174
-516
-435;-423;-559;-1152
474;1071
484;-215
689;-1109;1174;27
-527
-273
913;-805;1191;254
-229;503
611;-916;792;-762
1079;391;-698;-752
-561;17
-593;819;-1175;-29;-959;-144
-147;-599;920;-267;59;-1023
1143;-1082;-814;463
614;-88;-237
-284;573
836;1222;-745
593;-947;442;-892
1062
771;-475
721;-965;404;-648;377;-1210
224;-1034
-445;-1134
801;773;8;-766
-1238;-525;-990;1166
-1080;-1021
564
848;421;-630;-266;-684
-67;-1013;-775;-219;-287
1152;-770;-387;1155;443
-258;-978;802;997;264
547;-485
-1092
-582
-145;378;606
-72
529;-228;-1128;-655;-1151
-132;-248;937;-379;-1020
1090;456;1087
-163;617;-909;125
590
-337
-922;-1243;-992
880;741
1207;171;-269
-1111
681;685
1232;856;410;-124;-750
36;-263;1084
-1121
897;1234;-1085;1100
514;-389;1194;-1227;506;-956
-679;-251;59
-641;192;86
992;-1076;951;777
608;-241;275;1006
1057;335
-792;-602
-404;726;-696
-628;138;607
130;242;564;197;780
1047;-232;-922;-16
634
1075;-697
786;-773;20;-1239;-201
48;-1026;306;581;398;78
757;758;214;584;872;-746
-611;-649;-1163;93;-366
-1030;376
-1154;514;-919;393
144
658;1077;871;-237;591
-17;1095;-1224;152;-604;-830
1172
-153
412
1181
-654;495
-1170;1031;344;1016;988
675
680
1003;-15;975
-1240;-472
-977;21;523
835;1134
-723;-538;457;-10;364;-1008
-948
180
385;-467;1180;366
-443
-49;274;631;-152;792;-1052
165;474;61
-305;-978;-578;276;-909
-514;209;-998;218;635
-937;747;331;-591
289;209;1153;1046;9;-973
-199
-1227
-1228
-208
-1091;-1123;-557
1092;331;-254;-158;-111;1103
523;939;175;879
-83;-250;-396
-1241
865;18;-1102
-228;165;-1033;874
1142;-1241;-937;525;989
259;-805;759;571;925;-207
-675;1158;255
-402;865;210;328;683;590
-485
658;-37;-9;728;1195
-1044;-727
288;-1129;573;-992
1059;712
-273;-232;-795;-539;-384;-64
-752
675;711;-605;-61;-63;-159
-1012
465;-1171;458
-1127;166;199;1031;236
-894;1085;63
