-242;2104;1215
-1542
-2057
1787;974;-2240
786;-470;-1547;-76;-1263
2244;2374
572;1998
2161;-1012;-789;310;-427;-1790
-145;-466;-1686;747
1668;821;-2507
2308;891;-622
1876;-774;-151;2138;-1536
1296;1974;262;-2490
-1571;788;-1557;1516;-733
1045
-1586;-2435;1270;1193
538
-1817;635;1211
-1633;2181
1091;996
-1302;1143;1227
519;551
2097
-1489;2292;-1230;990
-1729;1041;2499;134;1261;-1616
2432;-1730;-742;94
2037;-246;-1978;235;-622
-1570;323;1039;1295
-161;1072;-171;347
1587;-987;1451;2269;-895;1759
-1649;689;173;-815
2105;732;1326
17;1074
50;-390;-2222;958
-1093
-1098
1098
96;1;2244;2491;876
-945;2045
1785;345
-595
-1027;-598
2140
-2294;1306;1403;1215
1249;-1404;1323;-1776
-610
-1959;-1212
1121;658;1380;-1612;-1648
-103
1860;-571;1756;-381
289;-678;534;-39
-1745;-1540;-1860;1145;-716
996;-1318;-2265;505;-2124
-1762;-1683;1060;1928;-1977;782
2214;-599;-1752;830;1470
627
1139
-1657
1702;-1099;1053
2416;-760
-2214;-314;-666
-3;1429;1433;1359
992;914;264
529;693;854;2262;-632
1056;-257;-263;2266;653;-767
-802;-1219;7;-1049;1160;1261
-244;792;-682
1504;-1476;150;-2362
-1073;1142;2039;490;2363;1325
-2449;-2386;1612
-1682;-1432;-298;-333
-803;455;-985;-1741;-1184
1616;33;-248;1368;-1071
-2105;-1405;-239
930;-1670;-1768;-1754
802;1476;-2461;1374
-1009;1074;-2316;1055
-317;-2415
-2220
-2221
977;-1218;-1509;1576
498;1218;-452;-421;-2045
1344;-1555;582;1342
-993;212;2022;490;939;-2493
-1073;-1074;-946;1890
1671;2091
1236;1237;821;521;954;-1005
-1922;-2072;999;1788
1211
884;-1623;2087;-649
1725
-133;-1081
-191
-199
2087;152;1656;953;892;93
2466;1320
-203
-1028;150;-362;524
354;1069;2365
-81;2100;1381;-122
1748
1313;436
-1090;-178;-1908;968;-2107
1573;746;-2125;-926
-223
-577;-1945;409;-749;1100
1944;845
849;1250;-328
524;-477;-2047;-1295;-2064
-1205;-64
-1713;117;-697
112;600;-2426;1723;413;335
-1121;-643;931;-824;2042;1403
-981;1094;2151;1101;653;333
100;-554;-827
-2386;1014;602
1986;247;-1961;-90;-2364;-1148
770
2337;165;-1478;2310
2000;-2162;-610;-1539;-2054
-2060;253
-2163;2180;85;-2217;-719
44;-670;-2208
-245;1256;-1114;1325;77
-1586;2202;-2430
-2404;1614
-757;278;-2359
2327
-674;-630
281
2331
1127;-1592;-1868
-1311
2201;-1915
-710;2246;1414;2042;-158;61
1537;-1254;-572
2336
-1461;488;1261
1825
-2341
-948;-282;-1066;-45
-930;1943;-1307
294
132;-1398;-1050;-748;653;-446
1619;1498;2301
1323
-546;2381
1784;-794;-2299;1836;1116;-1342
-987;172
-1840
304
-2274;2403;-2149;-2165;885;2473
-1851
-483;165
1346
1936;2256;-1316;-1864;-174
-1866
-331
851;-1430;-2426;-382;2511;-992
1867
-611;258;-948;-2344;238
-993;2220;-1870;-462;-1631;-2208
-2387
816;-833;1190;1163;-348;924
865
178;1363;348
-1427;-1718;1082;667;-1518
-1379
2402
2097;-1253;904;1273;-107
1076;1327
1025;-968;1323
-363;-461;-558;2125;1359;-1232
-194;-1271;1102
-1377;-962;1975
-1938;-798;-1214
-2065;2151;-2458;-1579
1223;216;1497;-1579;-1947;-299
2289;-802;2131;931;504;1980
1402
-1403
1862;857;1757
1984;-516;211;723;1669;-618
893
240;-1890;-1411;-1702;169;-1421
499;2423;217;2027;-2415;-1856
1781;2188
2228;747;-1437;-1151
-1557;-2421;-202;2157;-2462
-1314;-56;-2105;712;-190
832;-371;-2201;-2237
-977;-1108;-1605;376;1002;1919
-2405;2196;88;-1359;1087
309;200;2444
-225;-1122;-1940;-789;1142;1003
2376;1721;395
-710;-1227
240;497;-515;-1701;53
801;1010;1603;308;-2294
553;314;-1787
-411
410
-1954;-1767;-728;-811;-272
-789;-1499;-687
-578;-2082;-342;1213;350
1441
-435;2057;2265;-1260;-1631;1470
1523;1988;-1221;677;165;1385
928;1733;-1611;395
-436;1059;2215;-2414
-8;2250;-12;-269
1744;-290
1828;-907;-1421;-958
-435
1970
496;823;1962;-1823
-2097;132;-1430;-1835;699
32;1938;342;1404;-1230
-2033;999;-77;671
-227;-1239
-1462;-520
-2193;-977;-1601;1253
446
-230;-1447;-2363
2448;787;1589;790;1147;-1693
-1210;748
1444;-2245;1125;1677
-1938;-2404;-198;1512
-2262;-1991;-1368;-992
533;-2058;2283;223
-535;-1984
-1123;1523;629;-2316;1758
803;-1638;1757;1663;1983
1105;857;46
1090;-149;2430;174
285;1726
-363;1754;573;-1488
1680;1698;-1844;-1805;669;79
1233;-776;-299;-1661
1505
2021
1073;-1411;1030;1817;299;238
1040;-865;1062;-1422;-303
-1268;-1220;1572;-119;827;-1308
-311;-1720
-2033
672;657;-318
-242;-644;985;-588;989
1568;1894;1707;-2109
-2041
-508
-2466;568;1753;57;138;973
