-898;-2180;-1781;-2391;1101
706;-824;1367;-475;-1757;-2094
1405;142
1490;695;-1659
-374;359
224;-1172;-1709;-2480
320;626;1684;378;-943
-1548;1100;428
-1570;-1769;-1659;955;1455
960;1460;1256;-2508;-1200
-1441;817;-2502;1557
2081
2099;1347;-726;-1932;1294
645;2076;-127
-547
1329;-419;1511;-2092;-2413
416;992;-1380;219;812
704;-440;-1487;-864
-818;248;72;1049;-2287;2286
1475;42;570
-1578
-2093
657;-1618;626;1595;-702
-1074
-1591
-1251;684
1521;-1514;-1994;1929
-1763;-1175;-1307;1468;476;-317
-1596
-481;1765;-1624;-1979;2379
99;1862;-1723;-29;-1534;-2320
-451;322;1588;-1352;-680
1747;438;-279;2136;-2445
601;2028
2321;2306;52
1402;718
116;-1913;-589;-256
1779;-1740;2205;1423
1124;-1113;-2144
-1109
755;547;2104;779
1768;-731;619;-31
1627
1747;-1766;-280;617;1260;-1485
-1921;-1842;-2171;-2109;1293
2390;2358;2104;957;2013
-2309;-149;-438;2141;-2303;-2160
962;1188;-2233;1096;190;431
-1063;-2383;-1775
2209;-739;-858
-614
-2371;2269
801;-1417
-433;-1207
212;-232;218;-816
2305;418;264;2043;-1789;-574
-185;76
-820;1767;1911;2008;874
704;-594
820;315
2278;906
1488;-50;-2311;1000;413;-1680
208;-166;1257;-413;-2030
-1940;69;903;847
-1138;-1572;-932;-2112
-1208;-617;2425;-282;-1983
-2152;-572;-479
-644
-822;-1995;2173
1779;-359;1927;-2137;971
-344;-2264;-1017;-96
-1537;1232;-859;-958;-63
567;1255;-2473
-1016;919;1816;137;-1163;-2368
-324;-948;-836;1967
598;1752;-2331;-1184
-2192
309;-329;265;377;-1020;2077
147
-1895;-1326
720;-1306;-590
2211;2325;-1222;-2138
-1537;1746;967
2097;196;41;1645;863;1967
97;-766
-131;-1916;-1694
-274;833;1090;-2455;-1919
-1528;2204
2212
-2216
-1332;-1398;-1642;-2299;-1691
1477;742
-1011;-189
1957;-28;299
-1554;-2214;1416;-2172;-269
-197;-1109;1990;203;-1072
1721
627;-1636;820
-817;-2243;2357
-1298;242;-2438;-1065;-1264
49;1155;2058
1352;-586;-252;-415;607
-1940;308;-1814;-2383
-1233;697;-1709
2195;-2422;1077;-742;1561;-1867
-1848;-1424
1954;1797;-987
-1448;683;46
-1332;-788;-1130;-250;171;-974
2131;-1654;-1978;-2395;-413
-1698;116;-442;-1774
1329;-1011;1442;931;-1934;-544
-1217;-2274;1092;870;-222
-2402;2020;694;1592;-1689
-1170;-2119
-2267
2112;-2335
-52;1482;1291;1150;-64
1760
668;-2430
1764
-1254
-353;-146;1636;253;2014;-95
1056;-1567;1263
753
-411;1116;-461
707;-2487;-297;-1721;-239;719
-2299
566;-1145;-1982;-1280
-277;999;280;217;-668;-2350
1666;-1015;1432;-2347
-2313
529;253
1452;-669
786
295;1515
1811
-2326
-1287;1004;-1534
-282
-1796;-405;-567;-2058;1292;-1357
-2342;-728;-1824
1416;-777;2206
-2335
2401;786;555;-894
-1585;1043;532;-2085;228;41
501;-1533;1309;526
289;341;-440;2151
448;1991;-1066;1020;1997
-2417;466;1651
-2162;-1187;165;-1084;894
-196;-100;-922;399
-356;-2072;2327;1674;2029;-734
-1329;-2378;1289;-1818;-1196;-1533
-753;722;1717;2214;2073;-1567
-2392;-1626;44;1437;-2383
-246;1948;-1390
1403;2493
-1850
-833
-1492;468;1325;-1134
1013;1500;-1679
1858
1862
-2260;-1606;-314;1482;-2239
341;1013
-332
-2293;-2265;-1068;1196
2034;-1990;1447;-954;-1899
2131;964;-1942;294;1704;-2302
1282;-1177;89;491;-2125;589
1188;1894;-2415;-1520
2008;1544;-2186
1429;535;-2216;-906;250;-463
-2508;-2448
1728;1096;233;1563;-2398;2223
1297;-2357;-1686;-678
1248;-1122;-1843;-1555;1619;-2284
-2282;1978;1339;-2416
-875
112;-2274;-1514;-2319
-1489;1779;-487;-971;-732
-2414
610;755;-1206;2485;170;-1424
-225;-726;1994;1884
-1905
-2008;920;890;379;2476;-240
-326;2232
-375;2281
-2422
-854;1229
-2165;534;-1193;-112
-1401
-2430
844;-2141;-1214;253;-2224
1923
176;-1378;886;-250;174
-865;1249;472;-139;1755;-1567
-2325;-119
-1380;180;1188;-1623;-858;1582
274;-1880;-841
-2262;-2234
2208;-1139;-517;-2134;1982
1906;-387;1011;1940;-1510
1946
2434;-1060;-1670;2311;-2431
800;-2149;-1050;959
-2002;-786;1956;-413;2300;-2495
-56;1130;366
-1474;-339;-643;1618;932;2376
481;806;-104;775
1474;-151;534;1303;-396;1246
208;2296;-1163;622
-263;-1785;-1967
1424;-871;1590;1879
438
-871;1310
932;597;-1048;-1597;-861
1346;-1737;-2043;-1084
16;-1266;-1381;1323;349
1513;-1804;-159
-2228;-1242;1483
2019;2003;-1718;-317
1730;-4;1961;1850;-461;-1550
1990
1994
-1665;417;163;2234;334
1120;-2114;-1682;819;-1679
481;-1674;1483;1390;-1023;1342
368;647;-1533;460;1676;893
965;-1770;-1710
931;-823;310;-1864;-2345;2300
1968;-1635;-1027;-789;518;1944
593;-2324;-1624;-185
-1493
-470
-2193;-2470;982;1160
-473
-2418;-834;-2341
2404;-2008;-1963;-2140;-684;1357
1501
1512
-965;-123;763;813
1490;-1001
689;-57;1353;1579
1148;-1773;-1406
1232;1312
856;1178
129;-1522;1975;1819;-1902
-170;-220;-2158
905;-1963;2078
-1024
