-4
2002;-420;329;-1919
-993;-929;-2246;715;365
-83;1156;-1259;171;2079
1511;1735;-985;1209;-1405
-104;1575;-427
1126;-2056;396
265;-1312
1296;2210;-1943;-2314;-1963;-383
1828;756
2276;-204;-1024
2448;-229;-1143;-1847;-616;-686
565;-1016;-1562;-1436;863
1268;118;-1898;-1051
-1154;-2056;-2154;393;333
440;1145;907;-2124;1293;-1631
657;2500;-1976;-1726
-982;-743;1757
17;-580;-1333;-678;-473;-1083
2082
547
1799;1309
624;952;508
1120;693;427;-444;-735
-2387;884;874;829;1886
-2194;997;-40;1401;-718
-1581
-1732;-1384;1535
-422;1784;1020;-2430
-2100
534;1131;-1614
452;1135
803;-1061;-246;1069
2228;-2055;1832;2249;-1482;-1692
-1666;599;-15
-229;346;-2223
1872;-1634;-867;-1527;-473;522
-2107
572
1239;-2281;-1068
-64
-578
68
-1093
1736;1405
2064;-1124;1828;-1736;-1756;142
70
71
1764;1316;582
-2131;-5;-2040
-1476;2022;746;-701
-1618
2273;1394
2502;-2408
2432;-1137;324;-1445;1829;140
-1490;936;745;-907;-155;-764
-759;-1719;1191;-1757;894
1873;658;-820;-85;-2184;-1081
-1170;-1495
1858;-1462;742;1015
37;396;2124;1276;-2192
-1266;-2294;361;185;683;-1359
709;-1945;-1947
-4;-1158;25
-1699;-118;2442
-1124;1238
608;-1889;-22;-573;-303;2063
359;1223;-506;1087
-708;870;-10;475
-1543;2294;-2296;-922;1579;1003
2448;1253
-2325;-1543;-521;2364;-750;-928
-978;1698;935
1408;1784
2425;-2304
211;1192;-41;297
-1094;2202;1962;125
1376;-358;-42;941;-256
2352;-1906;2213;538
-1474;-2436;-1337
-2273;2290;-2361;-603;-606;-2207
-1222;582
1799;890
-2178
-643
-649
1523;186;475
-1621;458
1164
-1537;-401;1621;-1880
-209;-1915;-1614
-2149;-1589
-2205
1181
-805;-1738;-1659;1708;430;-144
-243;148;2303
-1746;1068
691;-676;-1847;-1560;473;-1344
-588;-1628
-1492;-166;974
687
343;119;74;539;1149
2198;538
-659;-32
-2230
-1413;203
1411;-1993;-12;-525;-1357;2287
2040;-315
-1489;786
2239
-2084;260;-240;335
-2241
466;1253;-215;-797
-1273;-976
1227
1440;1296;-2131;-2435;2039;1530
-898;-1354
-311;106
1265;2393;-1405
-722
1728;208;-134;-1593
-1752;-41;-1322;-909;-1309
2149;-320;1455
-1153;-162;621;-32
-262;1943;586
-1795;-987
-1475;-2500;1173;-858;1677;-799
-2051;-2267
223
-1555;1925;-1366;-2427;-2080;1183
1104;1684;149;-1702;-204;1243
849;451;1018;1850;1357;-1199
-1768
-915;-37;935;984;-618;395
2289;839;-875;1725;1374
-417;2389;1479;392;-538
-389;-344;1323;1787;-206;-910
2200;2281;2414
2208;2472;2216
1456;1924;1470
-247
1784
-754;-1110;617;-27
2246;-2152;-478;127
659;1530;-1420
1943;875
49;1621;-2443
102;-1052;-2383
-969;2253
773;2328;-1808
-281
2416;-917;1853
2333
436;781;2142
1827
-294
2086;-2184;-985;745;44
-547;-266;-2042
-259;2089
-2341;1533
-1914;1614
-1512;-2441;-460
1506;851;-581;-63;1279;-112
2288;84;1023
2306;2358;2169;-1004;-2429
859;2031
-707;1268;1396;-1706;-1851;-1294
-2482;786;-1272;2121
-214;-1096;-200;-2410
672;-1395;-1955;850;856;634
-1157;485;2504;1005;2159;-560
849;-915;1861;-1784;1546;831
-962;-404
179;-1037
-350
-1634;2498
279;-2169
793;1101
-1385
-361
1906
-241;1590;1031;43
-225;2307;-168
2163;1029;600;1771;-1262;686
1986;-1319;-1615;1327
-1345;1553;838;359
-818;-2062;1470
-689;-2261
2234;26;-1870
1926
-1929
35;871
1746;698;-2317;1806
-2448
854;573
-355;2466;-2454;-2111
-811;-1229;-928
-579;2012
1059;-1557;410;124;-2495
1362;-1795;-324;149;-1851
929
-1284;1188;-2393;-573;-1454
241;-1050;1390;-2032
1632;162;2230;-105;347;-252
-2083;-1971;-422;-55
1849;1899;94;-1359
-803;728;-362
-1975
-2195;-2342
-2466;-1188;-2423
513;1961;-2029
-1697;-69;948;805;2508
-2497
1986
-1525;1481;2251;-221
2166;2041;-683
2008;28;-1583
1603;-1787;970;-283;974
-2386;-1141
963;1716;-76;1563;-1663
-2498;-2054
496;545;-1626;540;2188;876
-1649;161;565;1976;-1453;862
-1031;-1707;-510;-1104;-2256
-2513
465
2162;1767;1659
-1777;-228
-2007
-2380;-140
-34;1778;267
-2396;1919
-1282;-1079;2428;-544
-2494;-1056
-991
1106;2102;1464;-1164;555
-966;-1001;1487
434;-293;1911;1194;-1230
-2324;-2492;749
-1873;2433;1219;-1930;-1486;639
2194;-171
-1602;564;389;-2400
528;-1700;-334;398;2110
-2387;-1014;629;-279
-179;759;1161;-1821;575
-2483;-1600
-2323;-421;1924;2342
-2491;-2111
1296;-1619;1254;1671;222;-1295
2042
1573;-553
-2318;1807
