1845;346;-2158;1870;-1391
2416;-2019;258;985;-1918;-2288
-1546
1458;-1268;-2489;-2255;1471
522
1477;-2199;-1527;2363;-1214;-447
707;-2199;2014
-12
-356;1109;1557;39;223
401;643;423;-136;220
-1364;-7;843
786;-1220;1962;442;1117
-54;2490;-1391
-497;818;-662;2314;-14;-399
64;-484;531;599;458;909
-31
-1642;1692;1006
-1618;561
-1171;-915;1418;-125;-845;-2496
800;1826;-1400;1293;-543;-2015
-2084;-1540
1237;-1196
305;-1539;1509;-233
-247;71;-1404
1040;1444;2168
2140;-1583
1921;-1402;-1100;79;-2112
-1652;1686;-2056;-619;1562
-2085;2028
-2453;1588;2325;1254;-1132;523
-1098;1039
573
100;1674;-1711
576
-2404;-1097;360
1095
-2305;2345;1513;2314;155;-1902
-116;1212
1940;181
1953;803;-1895;-2219;-1276
-533;-296;-232;-1370;815
645;-1207;-2253;687
-129;722
-641;-2418;-1469;860
-982;-1895;-520;-633;-1545;877
2228;166;294;1341;2510;-2352
656;566;2455
-33;-2467;-597;-2120
163;-459;-2107;-768
736;-1430;54;439;-1033;618
272;-678;22;-697;-2095
-2001;-2364;-302;-1070
-824;-1051;1884;1709;-2335
-244;-1046;-2351;-560
4;-1272;-315;-2011;1996;-46
2021;-537;1577;1659
-1317;-1803;-672;1119
960;51;637
-2422;-1320;281;-749
-2309;-2414
-636
1984;-2245;-1047;1081;-2459
1845;-1576;-873;2266
371;452;-2490
-1156
2037;-890;14
-1330;-393;-1450;986
-1697;-1572;1797;1611
1937;17;-1733;-363
-2450;-4;1799
-1649;707;2010;-2239
1284;-661;-311;-2507
441;523;207
-1891;-1928;2489;12;-1391
-152
-137;-527
2304;-970;1274;1930;2269
295;-1949;1805
1526;-1528;-360;206
-159
1148;-654;-336
1825;-2192;1039
2304;-283;-1339
178
-2453;-1926;615;2058;-381;-2190
-276;2202;-540;1868;1535
1441;-243;-484;2358;-329
-1543;845
-1458;-1139;1140;1076;1592
2238
-1409;-1977;-1065;-395;2028;-2493
720;-1238;1286;-1983
993;-1642;-2108
593;-52;980;1368;2428
2432;788;-773;-250;-976
-1107;-500;-1813;-1542;-1019;-365
-806;396;-2352
2144;-1363;-1349;-7;782
416;2258;94
-1574;-9;248;-510;-1952
-2261
-2216;-1069
1953;-715
1779;-1063;1975;-2475
-1243
384;1138;-2255
2259;1491;-2152;2207
-39;-440;-1896;-1164;-783
930;-704
-982;-1366;-972;-492
2296;1402;-636;1774
-945;-1652;-192
-1161;-250;426;-1292
2136;1678
-948;1828;1879;458;-1019;-2430
231
1770
-2357;1610
1236;-488
1232;-514;-1443;-1558;2045
-2149;-1957;-633;-635;14
-747;1787;735
1776
-1810;1564
759
225;-132;163;-1803;-1774
-1275
-1489;-1203;1334;-1455
691;1572;-2022;1707;-302;-2415
-742;-30
-875;-924
2081;-1492;-1368
1769;-479
2147;-856
-274
1814;508
786
1300
851;-917;484;632;-2319;479
-1817
368;1857;2249;-364;1804
1287;-1004
1543;1034;1803
-118;167;552;-2330;-1631
1318
2347
1477;110;-2399
-21;-2331
2353;-403;550;-391;-2216;2460
1574;1179;-573;1534;-847
-681;-1677
-1185;-69;-1383;-711;-280;-2317
-514;1538;-195
930;2459
-619;1452
258;-1685;-373;-2109
1655;715;1035
-1359
1264;-433;-2479;287
-338
1824;-1384;-1804
1345;-1208;-2266;1273
2040;2251;-1388
-769;-293;1236;-871;2091;2031
-357
-1383
-1124;-2296;295;2173;-1967
356;-1063;860;572;-1597
-1380;-2344;-1020;1615;-1760;-592
-1172;-901;-2384
2291;612;-1031;24
-1059;-1236;2071;1098
-2414
1669;1260
1411;325;953;-1807
-584;-2347
1427;991
-2326;-2142
-2337;-785;-885;117;-1848;-1808
1921
-902
-2402;-326;-1760
4;1733;-650;-1755;-238
130;1682;-2116;1683;-261;812
1475;-2212;-2501;-1368;-1903;479
2259;340;1365;901;-2135;-795
1489;2369;2;2294;-1659
2280;537;1166
401
-1874;-2435;756;-1691;204;28
1939
-134;-697;314;379;1055
-281;-1262;110;-2047
1011;1079;2200;922;747;-1966
-1731;-901;-773;-1613
1184;1585;-2228;-1381;1704;570
-924
-406;1095;-457;568;-2239
-1440
-1507;-1620;662
37;-2026;2412
2215;-1791
1760;-33;-789
-996;-2294;299
-1154;-1252;437
-1090;1849;698
-435
-1977;1662;751
-437
593;-1366;556;-2272
962;1657;956;-1599
1440;2308;-1655;2108;-174
167;1339;-2462
1941;-984
445
-1635;-2235;205;-462;-415
-1524;1000;1995
1828;1352;-1613;-94
673;-534;2357;-1594;1740;-1679
-2501
614;-330;-1517;-2317;-1869;-2207
1276;719
-1062;-1820;-2189
1184;82;1043;-1189;-1007;2398
-2504;1816;697;1659;2204;-2383
673;307
-1569;2274;1975;1885
-819;1373;943
272;1738
2418;-774;2281;-140;-1422;1183
-1378;134;-1040;271
-1252;-2232;-1738;-478;-46;-880
-486
-2391;-1591;-1629
490
2098;322;-1158;-2283;-525;1054
2198;-1880;-810
-493
-1411;-1364;-1737;-2345;1722;1565
-461;-1535;2270;1759
1242;794
2040
1700;-1195
371;-1067;606;-416
-1793;-1411;-837;-118;-443
-1345;739;1301;-809;-1129;-287
-1825;1748;-1453
-881;-1941;1116;-190;1389
-1571;-1497
-1020
753;-786;1349;-1351;-2013
-521;9
