-1537;355;998;-1865
488;1002;-640;2223
-563;-311;-153
2455;1135
2292;-535;811
212;310
1920;-996;2159
-1036
988;-976
-1038
-891;491;-2175
-1495;1590;375;1000;-1978;491
1619;-1093;1542
1922;1238;282;-127;-735
1287;782
-193;530;484;856;392
420;820;-679;566;-1001;413
548;1127;-1631;-15
-2294;1287;1673;-1163;-558
1568
-1010;949;1674;459;765;-2287
819;-893;-1504
-707;-85;-1285;-583;2106
-2357;-741;1286;-2328
338;1875;1878;-1758;1295
2099
1655;446
-1618;1781;1286;140
466;-1545
-1948;-990;-1214
576
-578
1493;617;-2176
-2099;-1476;725;2310;2102;1065
-580
1474;1188;2197;-168;-2285;734
2114;-1861;917;-1594;-1979;796
-2225;-2194;-1060;-348;635
-964;891
-586
586
-2124
1153;-435;-1870;-1999
591
1025;1251;-1029;965;-792;2247
-404;-192
467;-2090
-1928;-1224;-345;-1914;203
-850;2456;-1003;2044
449;-2468;820;-1962
-963;307;-741;-2057;-1659;415
833;1812;618;2125;1358
2019;2167
387;2263
-916;291;-2029
838;-1451
1444;-270;-559
1408;1260
-1431;439;1102
881;-1507
387;1774
-2;-677;341;-553;1005
-786;2354;-1241;2028;-1711;2031
-1249;292;-983;855;2488;761
-1537;2257;1445
982;-856;1386;-2316;1293;-368
1862;-539;-688
565;-1943;230
636
22;1639
464;-1928;-954;-782
1722;-1852
-51;-1348;1529
117;-1773;1789
-376;1533
1161
-1346;-1653;1324
-338;2354;195;-279;686;-1455
-2296;2156
-1043;966;-2270;2206
-2246;-455
-1810;643
-7;-1160
2192
-2154;538;766;-319
1393;1139;1187;-1014
-659
-2145;2129;-2054;-199;1672;447
-852;548;1220;-109;-95;-864
-2482;1305
2096;-1670;750
566;103;-953;2024;973
-725;-1189;-637;381;1374;-2432
2206
-84;-358;1321;-142;958
537;1083;2127
2454;1673;-1402
-504;333
-2434;276;-520;2506
1347;1384
1472;1622;854;-2029;-2095
-600;1544;-1322;1756;1742;2175
307;-1898;-42;1451
1210
1573;103;-2509;1549;-287;782
190
166;335;207
2176;1328;1402;1946
-198
-915;-810;-1035
-171;-2078
2362;-1647
2435;4;759;936;1932;1821
-1985;-1295
1237
-1490;867;1131;203;-143;-1296
-274;-1717;1704;1112;-1418;810
2114;2200
-357;-774;-892;1711;-432
-1605;-966;-2473;1387;-668;1532
-371;-1716;1539;-1928;-1853
237
-1606;-1400;-1084;1803
-1153;-2308;-909;1566
245
641;-1961;-1387;925
-1049;553;1530;2090;-1343
2065;1651;99;-1003
1522;-2325;-56;-393;-299;-750
-1802;2058
-1281
-1826;-1405;926
1920;-1810;1556;1318;-733;-2510
1713;209;2455;-1578;2506;1612
194;3;-932;1491;-1403;2446
-2315
-435;567;-2219;1386;395;573
-1538;1816;1544;2302;-559;287
-1718;-90;-1579;1036;1837;1295
-1651;-1894;-217;-333;-272
-1378;565;502;-473
-1271;999;972;-95;-1743;863
-515;2099;-102;710;-892
-795
2471;-2506;2459;-1629
-289
-2;-2333;509
-2293;-903;23;1354;-316;-2256
-211;1762;2026;1259;-957
99;709
-1570;1684;-1947
672;1425;-1523;-619;-2303
-593;-870;-1305;-605
2349
-2148;1717;-518;1161;1802;-1711
2309;-2155;-684;-1694;-2014;1374
-819
2082;-2251;2491;-1504
1684;1070;-1936
-2020;-2384
138;-1982
-131;-567;-1664
2166;-2186;-138;1706;2350
2146;-681;-1961;172;639
-2364
-1459;-536;443;2478;-31;1471
2186;603;604
1345
163;-523;-992
-2018;802;2404;-198;918;-556
844
2018;2101;2365
341
2326;1087
-1985;-1043;-1124;-426;1163
-771;1286;310;1736;1657;2268
512;1761;741;-1628;431;2111
-662;1462;56
-1558;1610;-1422
-533;135;-780;-192
-691;-457;1497
1297;-967;-2376;616;-1993
2243;1092;775;-1080;2138;302
-1891
400;-1270
1296;-2372;-2279;822;2175
-291;-1571;-2310;741
998;-2381
-2097;2098;-872
-870;-1656;-1930
2449;-418;379
-532;169
-1889;689;938;-2397;-784
-372;1301;2502;2365;-1328
2208;-978;2312;956;-30
808;-1276;1869
1376;984;-365;1486;-2080
2017;1185;247
1008;-131;-57;-1997;286
321;1594
1919
-1173;1557
-898
1768;988;2238
-546;68;-582;2296;-970;1147
1385;30
-396
1811;-392
-2018;1592;1960;1422
642;-1283;-2373;-969
161;-2148;-708;1447;-1724
-1951
2229;2005;1818;203;-1744
-2467
420
-977;-2313;-1739
-196;1164;-2223;-192
-999;1423
-1308;-1166
980;-474;2479
-1026;788;-54;1451;-1709;1487
-2102;1961;-1358;45
2016;2473;-538;-445
2278;1498;-270
1971
2113;-1095;-472;-156;-173;1757
929;-1208;2232;2076
-1446;-967;904;-1578;-908;1501
242;3;-756;-2506;-1531
1989
33;-1003
1617;-1983;-608
1191;-1003;1597;1021;2269
2066;-507;1566;927
-211;1704
1497
-1889;872;-2217;666;2140;-558
1339;2207
1502
-2194;-541;942;286
-997
1010;697;-2192
-2003;876;-895
2503;-872;252;397;-1280
-1396;2362;-1968
640;-1134
327;249;2478
-2050;891;-2414
2448;1606;-992
1526
1088;-1445;-153
-547;-2456;1003;-556;1692;-1695
