-3
1010;-871;1514;1676;1180;108
-706;-610;-742;2047
-1377;-1461;-1397;2326;1897
1361;435;-1273
243;-1365;-2474
1856;-434;-1114;-2141;797
-113;420;-312;-93;-1454
2465;451;-1754;2218;876;367
-1556
-1713;-872;-188;-223;-96
-2070
1509;2503;2249;-95
114;-437;-1815;-1454;495
-1589;-1990;1063;440
-644;1721;174;-1792
1664;-1298;1809;2002;1244;-784
-465;-401;-1427;-1334;-503
290;1668;1926;378;2140;-733
-1537;1574
-420;-426;-1564;-191
1009;642;1778;564;-266;1438
-1583
-2001;134;-1995;-1851;-1867;365
-2147;116;-695;-319;1455
566
689;1811;628;551;279;-830
-58
-2109
-386;-137;813;-1887
-417;822;890;2222;127
2096;-2035
1425;501;-890;-1611
1185;66;355
-1265;-1203;-803;505;638
-16;607
992;1136
-674;-1973
1251;-2197;858
2441;719
200;155;-1453;910;-1439
-2139
603
817;2322;-1607;-2136;-2192;-880
77;526
2141
-1075;-215;1195
1186;150;810
-1092;-2080
-1474;-259;-553;1674
800;-817;-2134
-660;44
-2152
-1132
-1842;-1701;1850;-2000
1136;2369;-614;201;234;-2192
-1106;137;1801;-720
785;981;-1895;1815;282;-1343
1411;2308;1514
1650
-2499;-552;743;-744;2311;-2447
-262;890
2;850;276;-999;-1272
1569;-2196;789;-682;-111
1655
-637
-1522;2276;1738;-318
2114;-1112;-1386;-366;1390
-2033;-2196
1991;443;-1517;-254;-974;-1360
1013;-633;1290
-2184
-1745;2393
1376;-418;1030;1449;-1903;142
1975;729
1680;-238;1262
-1681
2336;-135;-1705;249;1451
469;191
84;1351;138;-909
530;548;2230;-1615
2059;-1901
-672
-2209
1328;1601;1;1326
-1976;-633;910
-2057;2221
-679
2213;1928;2426;-1791
162;598;-2055;-584;1422;-736
-915;1043;-10;1705;2428;525
-130;1250;-378;829;-1743
97;-883;-412
-552;1480;1982;-2224
2290;-1670;-442
-1716
-1989;2136;-60;-1533;-1294
-497;-305;-278;-1661
-1514;-1227
482;249;558;-2096;-2448
1493;-2310;-1417
-1953;-1972;422;-780
-1192;493
-1666;966
903;458;2412
609;-819;-1604;1622
-594;306;-2230;919;382
163;1274;-732
-385;-916;-278;1710;63
2244
-1332;-1638;-299
1425;-357;-1752;-282;1674
-1429;-263;-1837;-1277
710
32;-745
412;-206
-2180;468;2055;295;-1871
-561;-1012;280;2014
1236
-2338;565;1274;1947;-1423;-2288
-1905;64;1316;-1466;-1419;123
-1844;1380;613;-1081;1662
-1026;1759
-1606;-666
294;441
1299;-1803;731
400;314;2429;-1376
-2385;2227;-121;2047
-1650;-120
-1894;-2119;700
1280;-776;-2299;1039
-2274;-1042
1268
-1185;-1283;-1369
-548;567;745
-19;-230;1015
-1873;-1496;2090
1810;-451;883;-597;-60;205
-772
2193;-1011;471;655
1813;-1040
944;-610;150;-1770
-2315
-2231;810;-894
324;-2128
2272;1505;1611
-1457;1810;-2159
2317
-1633;-1646;-1600
1393;1949
-2355;1415;-1129;-256
2081;-1526;1350;902;2253;-1199
72;1742
-200;-1616
2193;1992;2239
1329;-276;-1947;-412
-796
1033;-1326
-805
2202;1675
1345;1322;525;2461;-1263
-691;1816;-829
808
2179;-1477;998;1799;-2156;2031
1842;-943;1966
-1954;-1031;-2361;1965
-1848
-594;-2475;1564;2333
1795;307;-2484;1080;-1737;-1326
-482;-755;-2155
833
-1635;-2453;-88;1724;-430
-2356;-292;-853;-1943;-1544
2379
-435;1380;-1638;363;1820;381
-1938;2196;980;309;345;2030
-1393;2338;1060;-1664
-969;-1424
-1882
2386;-884;-2293;-1974;-1222;568
347
176;948;-775
-2406
37;-748;1580
33;1798;-234;124;1709
-2145;-1942;267;-2142;-1807;-1808
545;-1314;-2018;-804;2389;328
1353;-1116;-1166;46
-1028;-2038;-1884;-2078
-2020;919;2312;-1822;239
2416;-1364;1257;-1424
866;611;-206;-1646
1515;907
-2425
-2428
-1670;-247
1761;-1906;2101;728;-1279
-2437
-393
-1421
484;1173;-1580;-1165;-2382
1;-2168;-1720;1528;-1625
-2339;1426
355;1974;1657
-2486;-1511;-2040
-209;213;-663;-1079;-93;-112
923
-1950
-420
1444
-2323;870;-1500;-1566
2178;-1482;-1899;779
626;-1251;-2484;-2357;-159;-944
-1697;483;2163;501
1364;-2057;265
833;-2024;1112;811;-2302;2510
-1253;-262;-187;-573;-207
-2131;-1573;-422;-2281;-685
-1540;1203;-1510;-637
2019;-1862;1931;910
113;2376
-2212;1909;1256
-1458;1015
-1617;-1954;-970
-2062;1103
-1984
-2498
1473
449
-167;-1308
-1234;-2294
-19;290;-372;997;-2425;-464
-460
-1636;659;2200;-763
2227;-886;-1432;284;1004;287
2054;1479
1235;1396;-2374;-1335;-138;-2320
-1488
2001
-177;-1800;2011;-1149;1199;895
-2161;-834;-58;-90;972;671
-529;596;-2102;2055;2505
-2487;-2041;1998
998
1059;455
2027
-66;1969;-2319;-79
-1882;1386
1001;-1504
484;-725;1258
1017
2129;2341;-1015;732;-95
