2304;2346;-1420;-365;-2350
977;-1988;1005
-1377;-2098;-1123;1379;520;-1916
-1109;-1479;1307;219;1580
-2482;658;-2460;-333
1653;-1641
-610;-2310;1578;1868
-945;-1763;-56;-810;-860;-1214
-289;-1875;1081;2124
-2466;-1878;-476;703
-643;2165;1013;-1190;-2330;-1597
-354;1477;-187;-1984
2466;1748;-293;-44;-2127;-2287
1011;-2244;-1781;1960
-2242;-1375
-769;-1813;1145;2493
-742;-316
1248;-601;1947
-1689;-395
872;188
-102;-1929;-298;-1259;621;-656
-274;-722;-1236;2006;185
352;-669;-1263
-2093
2419;-1574;-800
-2262;1239;744;-1036;-13;-2303
436;2170
1920;1329;2229;-936;-399
-401;200;1708;1101
-1555;-1646;1022;-1455
2290;947;-1940;-1480;-2314;399
-662;-1991;-474
-1594
1593
-241;-1442;1621;2327;-1183
1844;-246
-1477;-1814;1196;-528
386;1493;456;-2411;622;2078
149;1430;-1515
-579
-2066;-1074
1412;-1769;425
-2081;-1383;2263;936;-1342
-1169;849;-263
-757;2365
305;-1668;-621;-1246;-430
-246;-856
691;-2230;1541;1270;857
544;2163;-1320;-1306
-2365;285;1485
853;2301
-1491;894
-1767;-2415
-899;826;-1552
-602
-680;77
-2389;597;-1703;332
289;-1369;477
1090;-1694
-1107;-296;1593;-1309
-177;1351;-233;-847
-625;292;236
-1124
-2151
-865;2449;-1686;1078;151
2152
-433;-387;1271;-1690;109
106
-1763;152;-1307;-2508;-1340
-2195;2196;1133
-2405;-782
-1714;467;1370;-1775
-631
2448;2146;-791;-1289;-1964;-669
1234;-2377
81;435;1560;2094;-2000
-1148
1249;966;-1721;-126;-1519
1793;-1479;1494;247;1994;-336
-19;165;502
361;123;-348
-787;2462
-853;2036;2052;-1164;127
-676;739;2501;136;1035
664
665
-689;1249;1746;536;-1661
-194;1890
-1649;1635;582;940;111;-944
1701
800;-1002;-218;1612
-170
-2198;1512
-568;1625;2429;-239
-1929;-313;527
1728;-2163;1972;551;653
-257;-485;-1673;-2329;-446;-1648
-705;1347;-1559;745;-1306;271
1236;-1932
-1317;-938;-2027;-1547;236;286
625;723;-455;-2444;-685
-2295;568
-2049;1425;-1871;-1792
-1331;1192;2379
483;1256;-1034
-417;500;-1099;1083;-1056;1695
-1937;-1923;-2340;-123;495
946;1301
2248
1538;483;-1448;-1945;-1389
1778;2006
386;-2124
256;-1845;-2198
-245;1781;-2454;-75;-1774
388;-1067;-2173;76
-1683;1096;489;-2107;-572
-1242
1219;-774;1557;1383;-112;-496
2104;-862
-2272
1233;659;356;591;975
689;-2456
-1259
1058;1224
1770
564;-983;2455;232;2062
-2059;1308
-2007;1545;1722;-2428;510;-607
-1783;-1018
1778
1266
803;-1210;-1964;1615
1268
2054;239
-250
1273
-273;-2026
-2209;1379;803;-2341;-1241;2333
-312;-459
-113;-2002;-1113;-1466;-1850;139
-1473;68;-153;1823
-802;-1458;-498;-1399;1704;1161
-760;-1594;-1500
2468;-981;-1689;988
-961;-1364
1924;-519;1562;-2171
285
545;-262;2074;2218;-703
2454;1431;-1035
1832
-33;960;-1420;-894;575
-1717;-984;-297;2058;-2432
676;1813;2037;792;1802;860
-273;1731;2428
-403;487;2266
-2042;202
-445;1773
-1990;-1500;1132
-2359
832;-1220;1194;-1629
2257;230;2072;1387
1192;-877
-1697;65;-5;1622;-2063;2398
1346
1480;2219;-1840
565;-890
-712;1039
-535;-457;1417;698;-2060;94
-994;1302;536
-1869
-1153;1968;193;-2002;-368
1764;2151;-1017
1712;-1491;-1629;45
432;-455;-1453;-400
560;-2437
1762;-1459;2114;279;1389;-1696
341
358;-1592;1564;430;-2128
-344
-1881
-1882
-1379;1222;359;-557;1516;-814
1374
1824;-276;-509;1871
-1375
-2164;1300
678;-280;-46
-1426;53;173;285;-464
1092;-1450
1895
1540;-986;1721;1641;1055
2293;-1880;2312;1226
1555;1576;-75;-1116;989
-1907
1779;2324;1512;-1657
-869;1160;-1499;-1216
-1604;-213;1013;-2393;-763
-1841;693;585;2443;-989
324;-2053;1432;2202;10
-1621;1671;843
354;184;-155
-1459;-1651;-347
1753;489;-1835;1516
-937;1837
-819;428
512;-1587;2276;1526;-315;541
-2443
-2075;1166
399
1206;-1948;-1518;-703
1938
-1681;198;-234;-826;924;1212
2512;-1538;458
-866;1492;-1769;1948;-1728
-2402;2210;2244;-1575;-1227;2188
-1153;435;548;-1783
-481;1682;-1619
-419
-1894;-64
427
-966;-454;-632;-1514;1327;271
2211;1486;-192
2067;-606
645;-2360;811;-493;2303;-2368
1444;-1559;-1817;1019;-926;-655
-1217;-508;-702;1981
959
-1985
-962
-225;-85;1786
-1442;-2290;818;-1381;-555;2349
1952;1610;125;-1695
1936;342;-312;-2330;-1227;2047
1331;2200
-1485
-2420;-533;955
1778;1250;1756;-2270
-1047;-958
1120;-55;-39;-2009
210;995;-732
1234;-1252;-1482
1540;1031;1944;1725;383
-548;-1853;2077;-974;-720
1074;1139;1001;1305;2170;-2108
999
-275;2301
1005
1440;-465;-2344;2249;-1883;507
258;-1188;-710;-203;316
330;2223
-1287;1320;1673;-971;1579;-268
1522;-1077;-2124;142;-511
