499;2061
368;-301;446
826;-1341
-984;-1561;1006
-1604;-959
-1029
1540
1233;1767;1319;-1609;-1663;-1040
1600;-567
822;-392;604
-1318;614;1226
-524
1700;360
-1317;1334
-2074
689;-664
1796;228;-1485
400;-2507;1054
29
-1351;295
-2433;-672
49;2258;-389;-185;-2428;-2413
-1555;-2244;-1870
128;880;-310;1226;-1967
2113;1092;1627;1388;991
1747;-2330;-908;1534
1971;2502;711;-1725;687
-755;-333
1538;-1220;-870;-220;-2365
1361;1138;-168;-972;-1212;1454
-292;-2484;-1924;1027;-1001
2115
1777;1877
2465;-1336;-2127;1710;2430
-2245;-1768;-1336;-1929;345;2253
71
-2041;-1616
-306;-533;148;-809;-622
75
1906;-819;-1011
-71;-1545
-897;-683;557;430
-210;-1060;-1648;-1264
-2274;2354;-149;2286;1967
-1617;-2385;388;1444;31
1798;-343;-1548
-1764;-1942;2309;-1991;1415;-684
-1061;1462;-2360;-1725
-2049;-2210;-451
752;1365;-1866;-2091;971;765
617
1635;-261;357;-89
-2185;632;-2139
2176;145;1923;-1432;969;-1626
1346;-2292;-1199;2287;991
624
551;-1196;-719;-2336
-2026;-1419;-768
-601;-541
568;-617;1739;2012
-1713;-2195;-2149;-119;1960
-485;340;965;1784;590
2433;-775
1826;-1033;-1385;-2092
1593;906;-348;-92;-1424
404;548;-999;-1244;701;-46
-1258;110
-1426;-198;949;2335
932;264;-1610;2314;-2027
293;39;-2187;2495
-789;-93;-784
-2322;-119;-2505;-2141;1836
-1826;2405;-730;-2031
-134
-950;-732;-2492;-2093;-1550
-1075;-1380;-792;-905;1710;1791
-1281;-1768;-1979;2075;1405;-1663
140
-1680
1984;564;308;-245;607
146
1223;1485
822;-2507
-193;1765;1141
-2135;-440;1033;123;-783
1138;1075;1043;2099;-2128
704;-1477;1992;1401;-2188;1260
-2037;-1719;9
32;-131;1869;-2062;-383
1947;1724;-174;829;957
-161;-501;-1551
293;761;826;1871
-1192
-961;-164;956
-322;-1820;-592
-1731;-1007
1793;594;2421;-310;1735;2141
2231
-2298;-1579;1131
-187
1537;1027;-2005;1672;-637;-894
1973;1287
-189
-1908;-1447;-1386;-1594
-371;1602;-517;-711;-1930;-1851
-709
1734
404;1976;1773;1167
-1217;1922;2377;-1963;2156
448;-998;-1353;-1376
1668;412;1710
722
-754;-900;1075;507;2332
214
-1937;-2071;-1867;28
912;2115;1799
434;1083;1262
733
1937;-1892;-917;1754;990;-2096
-482;1117;1837;-703
-1771
241;-212;2255
749
1588;1209
1105;-864
1131;140
-2307;2451;1131
252
1789
944;-2196;-1766;1109;-215;1355
704;1465;-1020;-1918
-1329;-999;1289;269
-452;2387;-2277;-1965
2288;-1516
-1798
775
1319;-377;-1469;-1278
1805
-744;-1450;-1661
1104;-1235;1190;779;-829;286
1313;2197;-1611;-109;-2400;-1712
-1812
-1302
-794
-283
-1217;-603
2004;932;-605
-1489;-2178;-2503;1031;-1596;-2255
421;-89;-185;1258;-1692
1138;162;-502
1888;384;2118
-2420;2468;248
1233;1112
660;-152;967;761;1134
-1297;-26
1424;-1125;1430;1464;-1356
-497;-1940;1016;92
-1825;259;1480;-2268
498;361;2315;204;-288;287
-1846
-1141;2437;1581
-2065;952;-1258
2112;320;-62
1413;1158;1723;-2062;-399;543
-994;2486;-1823
1044;1849
1360
800;-2164;375;107;-479
-1465;-668;2125;-1662;-1743
-633;-1756
1954;-1224;1692;1502
-1153;-721;325;-1706;351
-1025;997;1241;1451;-1296
690;-1123;779
1886
336;-2322;-2325;-1062;1438
1374
-388;-1482;1006
-2170;314;987
2026;892
-484;-903
2149;-1911;-2139
229;1756;2221;1791
-167;-199
1903
-1394
-1651;-853;84;1897;2431
-952;-958
2197;-287
-2289;2311;1432;-2445;-1437
1404
1919
-1058;-1859;2466;-959
-2294;23;665;-831
-625;868;-1493;679;-315;-1040
-1346;-2322;-294;565;2024;-1065
-901;510
211;-1528;-824;1738;10
-2290;-1177
-466;-2505;1964;-784;-2192
-53;-487;-743;-1784;-1819;-1661
-775;-202;1387;1883;158
-916
-147;-83;755;-2118;855;333
2273;-1303;2204;-2141;2061;1407
2290;-1350;-1959;2247;1335;-1644
-488;360;538
-1909;-1175;-1935
2178;1799;1737;-688
-1220;-1248
487;714;-269
-2410;-1676;78
-2353;-1138;706;1267;-1156;1224
2066;1930;-975;991
-1971
-1410;-772;-1144;-906;-812
-1973
-330;-1292;157
1136;498;-936;-1896;-267
-1203;-2260;1290;-829
632;-190
-675;-1957;-1350;-2094
-1981
-386;-100;-2313;-720
1809;-1378;1586;-32
-963
1936;-457
-1106;1813;-470;-1820;-381;-1053
-577;1698;-1157;-1447
71;-248;636
-140;28;-1373
1486
35;-1829;-2253
339;125
1877;631;1818;683;-750;-208
690;-222
564;-1109;-713;-2285
2144;692;2389;-43;1946
1670;-247;1560;-1999
-1022;-479
2016
2512;-495
-486
-5;-533;-824;-1160;-2063
803;-1805
-578;-1451
1519
850;1234;-100;-1692;1228
1809;2278
2201;-1758;573
2291;1975;-1772;1484;-878;990
-2385;1889;1708;-29;1884
