-242;-1235;-572
2001;-1236;885;728;1580;653
-1361;-1570;1259;1676
2;-1092;1094
1078;462
2177;1832;2445;1231
-1702;1705;-460;-1086
1543
1330;884;-1015;345
-13
-1601;-2353;1555;-1493;1830
96;1680;-739
2062
416;-1417;393;78
2017;-1637;165;-1738;-1388
-789;-1542;-2298
504;-2458;985;1501
1858;-292;726;-736
1048;-553;620;1917;-670;1246
379;670
1584;-282;-1275
-2098;-323;-1705
-1654;1655;473;1883;236
-38
-1939;1388
-1555;-2084;-966;-1353;285
-418;131;-8;216;-476
1760;-1014;-2441;1739
-1607;-620;-413;-478
-2020;38;1515;-29;-1087
976;2116;-1574;1863;-185;-2125
-2417;-979;-2212;677;-296;59
-211;437;-1559;-764
1269;-2375;-361;906
-2146;2097
-2098
-1861;-1773
-1266;-1511;2215
-145;193;2050
1588
-801;2050;-955;-348
-2100;-1556;1253;-474;-1740;1996
-149;1284;1835;-861
418;1255;-1611
-1350;775
1568;1330;-2262;-108;733;-1840
-2248;-2432
-216;-1531;-444;-1981
1843;252;29
-1102
-2260;-1766;2070;-2248;-252;-1775
645;-46
-2468;-534;-2208
601
1888;337;1861;-1819;1918
1115
-1219;-1492;420;-598;2282
-2144
-822;197;-1080;1930;895
-550;903;1095;604;-1949
1168;-2052;2280;857;411
-1607;521;-1071
1259;-127
-1526;1241;-2234;-124;-1933;879
2416;1251;589;-1070
2336;2324;1318;1242;2110
-852;1948;-1901;-334
1026;-1062;1174
-278;1255;-589;2287
2081;-2355;391
-1914;-2301
-1297;753;819;-662;-759
-2170
2449;737;-1156;-1751;-107;-47
-359;-2216;-1404;1389;-96
-640
-1666
-1801;604;-991
-147;596;-1256;667
-1442;-2103;1117;-272
1428;-1190;-1272;647;264;265
1237;-71
1079;-2461;-462;-862
-417;379;-2159
-662
-529;630;-1000;379;-2191
-563;2252
2404;1785;572
-2434;-2453;124
-1537;-1026;-1395;-1686;-1167
-2206
-39;-1016;-127
2460;-767
-1414;24;361;-672
-1962;-254
2049;-2035;666
384;560;-1282;-855
-171
-65;2326;1513;494
1600;-2145;-980;1736;473
947;419;854
1120;2401;453;1257;574
1266;1078;235;671
1396;997;-296;-2459;1564
897;-434;-1400;1275;-1004;-32
-1042;2253
2273;-1955;1815;378;-2256;1471
-214;-2327;301
1314;-1574;-2174;-1343
482;-31;575;2239
-197
2323;-628;-1396;-1046;-1997;-1038
593;-467;-2010;-365
-713
712
-2314;-1983
2247;-505
-1557;470;1079;2072;-1344
2130;1663
-1684;-1238;-1899
-867;-1096;-1403;2204;-2126
-217
-531;1260
-1242
674;-1747;-2440;-2443;-412
-481;1604;933;583;-1903
2101;-1319;936;-1948
-850;1698;-1077;2377;-1229;-2174
-546;-630;-1415;-1337;-1998;2110
616;2156;1517;-735;1807
993;743;43
48;1979;845;-2335;1759
1393;2500;661;-1642;1132;2350
-767
248;-1625;2143
-2134;-697;1515;-476
449;1854
-2306
672;1312;-2131;-745;-1066;-348
1285
-787;612;-1674;-2190;-1344
-1969;2231
-1176;-856;-329;558
2260;596;-2074
-693;1204;1356;-1007;-735;-2448
-181;455
-580;663;1496;1260
-1844;-741;2312;91;843;-381
-2331
2439;-1130
2080;-1700;-1690
112;788;1945
-1813;-1656;2159
1161;-1948;-1391;1886
-2151;-1687;279;154;-476
385;2020;452
1600;-18;1874;316;-1424
-1818;-987;-1533;-1485;-1774;-896
-1576;1275
738;-1014;-1945;1405
-817
609;-1014;1239;1960;72
-605;1423
-2353;2059;-14;334;-2383
-1125;-2232;1372;1437;2398
-1964;-160;783
144;687
-1137;498;1845;1990;1494;-1804
-1572;-948;1364;439;-2410;-1296
-2408;26;-1534
872;-539
1220;1014;-360
851
978;-108;812;-1342
-225;2498;2247;2057;-2141
-1366
-857
-1369
-2468;-950
2393
-958;94
-770;1122
-2178;1310
-356
1730;-862
1721;-923;74
1713;1250;1091;-1402;2318
-632;715;-1982
2498;-211;-548;40;2169
112;1746;-1225;73;2221
433;-802
101;1589;-1431;-377;2056;990
-1201;1714;-1370;1739
-651;2047
-2;-403;31
1481;-239;2206
1010;54;-632;2511
-1893;791;-1113;665;140
1761;-351
196;-166;2342;-1660;1726
197;966;763
-426;-2013
1008;2235;-287
-1602;-1622;-1175;-1913;-1353;-1439
-610;537;-1499;-750;1919
2097;-1718;-923;74;-960
-1713;144;-1443;-2324;-2471;1256
-865;741;-582;1113
-1655;1015;808;760;-44;-476
2195;52;2052;220;-1038
1484;-1566;-1871
163;-1766;1305;2270;494
930
2356;-1424
-1448
1504;-370;-578;1266;423;-796
-2241;-2308;1528;-989
-338;1539;1787
-1939;2260;180;-2198;-1372;-2480
3;452;1882;1677
720;-680;-745;-189;2349
1352;1642
1906;-2341
1980
960
-756;-1141;263;79;-432
-949;-837;950;-1735;1719;1303
-1832;-204;1070
-456
-969
1314;1191
1136;-547;1798;457;604;-2478
-2097;-885;665;-656;1999
-1236;1862;2043;-1183
1047;1947;877;-336
-1714;-1589;-1385;2171;-2046
-1319;-584;537;-1196;1163;-606
564;1144;301
988
1473;818;-1287;-488;-1000;-1529
-2007;-1067;-476
2021
-2337;2468;-123;1311;-432;111
-1778;-580;-2230;-1790;-1455;175
492
-498
1716;-1592;1145;490;-2236;1487
1184;448;153;1372;398;1039
45;-1056
2036
-1880;-1161;1421;1789;-1871;-1872
-2243;2038;-375;1597
