1797;953;-702
-898;-1635;738;-1493;167;1583
2068;308;564;-2427
1538
2017;34
1856;-1110;568;-2490;-509;1676
-3;-393;-847;207
-2063
-308;2212;-1158;1894;1581;-2159
-898;-1013;-1306;-46;1199
-528
1955;1397;-2182;1991;-460;-1660
-1236;-292;1257;253
1520;993;196;-2215;-233;269
-1585;-1911;2232;779;1327;-1376
-1154;-1428
-1825;1079;-666;-76;-80
-500;-2168;-457;-1405;-622
-689;-2246;-266;-460;2091
1584;928;-418;-249;-2124;-2317
848;519;-301
2449;2152;1578;-1035;-2029
1585
368;1671;-1884;926;2047
-1364;2086;-2058;-1019;1260;525
-1601
-753;-337
1539;2501;-1686;-1752;-2205
465;1186;-1620;1333;1384;-1145
-900;968
-1605
2036;-1967
-1609
-1909;1836
-75
817;-1235;-198;1656;-1628
-1432;540;815
993;-966;457;253;1069;1342
306;644;-646;-886;374;-1405
1585;-594;2390;2118;-811
-1239;1990;-73;1020;-1709;1629
-1122;679;1337;2266
-1859;1283;-900;361
1237;-635
-408;-314;814
-292;-57;953
-723;-538;1166
150;1480
1602;2354;-581;-2357;-1963;335
1683;1558;-425;-1182
-482;1924;-1991;-151;-1447
754;-102;-1271;1513;-284
217;1323;1119
2037;1751;409
102
-2305;153
-403;-873;-2413
1765;1958;990;1535
-565;-1320;716;1021;2302
-353;-1507;1650;-1690;-845;1614
2337;-1628;764;-1022;-560
1028;-2167
129;1525
2297;1545;585;1324
-120
1830;-1944;745
-947;420;-1001;457;-1610
917;1797;2055;344;-1338;1978
-2171
2282;-1135
-815;175
1158;1533
2192;1270;1320;-42
2432;-577;-2242;1147;-2429
257;-2083;1155;-201;-800
-1137;529;-2492;-624
-1057;-818;-966;854;-716
-2470;-2329;-330;-2362;-219;909
-867;2005;-358;121;1612;-1856
-149
-452;122;-335
466;-1418;-1947;379;829
4;-1318;1783;-1321;1006
-517;-1705;-494
-485;328
-1474;-2258;706;291;1413;1991
1270;424
-2038;-170
1121;2487;410;239
752;306;612;616;-1100
-1459;-1048;-809;-1146;1466;1294
1507;-1926;586
-1770;-2494
-358;-456;-1916
50;-2387;-852;-1669;1963;-2397
1843;-1477;1597;-1279
2226
693
1232;-292;1751;-1997
-2181;2424;-61
-529;2018;915;855
-2237
-146;-1671;-588;-1980;-206;-208
1315;2408;1433;159
-2289;-914;1210;2191
131;-869;331;-1328
7;-1947;2315;-176
-1191;987
786;441
1045;1463;1384;2025;-1104
-1232
-2161;1846;-2456
1906;1891
-1751
2100;676
-1880;1659
-1123;-1703;2280;-1722;-1615;590
-642;-333;-1807
1701;454;1687;1677;-2224
384;884;2249;-1164;-2127
722;20
-964;2294;-1100
-2300;-1516
-1486;-1312
-2417;-1190;2072;-2287
-1092;372;1742;-223;1487
896;-404;-7;1801;-1279;-1759
-143;1407
-2002;-567;2313;-668;1679
1808;-1052
471;-488;2314
-2449;424;1774
-625;144;-1450;2170;1549
-1281
-1285;-2166;2489;-1855
-2307
-871;-2460
259
-1153;-1399;-270
-778
-1383;601
593;524;-381;446;111
-1159;663;-288
-308;725;1403;-1036;1023
560;2098;469;1285;-1581
-1649;1313;-216;-2283
570;1228;13
-1729;941
277
-835;44
2256;1671;141;-735;-1007
1541;-1190;-775;1727
370;1957
273;454;-1706;1260
-1819
-276;1096;1001
2450;-116
893;-2191;-1551
1012;-424;-1904
211;-1373;2478
960;-131;-422;310;2137
-1304;1006
2346
2209;-1670;-343;-288;-208
-1332
2243;1846;1958;-1128
-312
-2360
-828
65;1571;-327;1559;1388;159
-1874;-422;-1977;-15;1407
1238;1544;-331;1455
-421;1256
324
-2193;-379;-831
-177;-2311;621
1188;679
2096;-1745;1006
1313;-1479;1209;890;-63
450;-1813
2226;25;1004;1181;1022
-2292;664;-2299;1372;-2061;-1359
1298;-1651;1850;1407
368;-1225
-1585;1393;-2435;-794
-610;260
1586;200;-2143
1968;1748;-1564;2301
929;1989
512;-1946;-1935;-2112
-2450;-473
1888;1987;-565;127
365
482;642;-455;-265;-1951;655
1918
-1990;-954
2132;1447;-2427;1117;-718;894
534;-2247;-840;-1304;-127
1152;1234;108;-526;-542
624;-2146;1119
-706;-2056;-717
-421;1598;1279
-674;2107
-1998;-1486
-181;-1776
941
916;741;-2423;2506;-30;1279
288;-1510;1174;136;1881
-694;-44;-2157;2461
244;-1191
-1464;1898
1074;-36;355;293;1559;776
-1370;-1630
2487
-342;1143;-2266
442
-959
1983
2033;872;-1116;-1822;-2096;655
147;-645;-1438;974
361;1114
-323;1858;952;-2042;2058
2503
-305;-403;-1446;-382;2079
944;2149;1497;2012
-1665;-2389;-1782;727;377;2223
-705;2134;1980;-1408
-1639;2106
-1495
-2353;-2344;-879;-528
-1505;-1141;423;-189;-478;-143
-1379;-971;-2220
1408;-1395;-117;-728;-1691
852;-230;-1098
-1502
1779;1588;-934;1981;-1375
2015
32;1710;-1263
263;746;-14
-19;-505;-1497
1201;1553;721;2498;1011;1181
1072;753;-2050;247;-2044
-1000
16;1924;-1096;-1688;-671
1777;412;2014;-639
2030
1297;-2262;-1580
-72;-2476
-1634;106
-516;2404;1285;-2125;-1966;1422
-506
-1364;344
