-1153;2214;2171;-160
-726;2374;-1594;-1083;-1852;316
387;-395
-2057
-1124;265;843;539
-358;-688
417;1748;-1109;-9
662;-125
543
-1057
98;22;-2202
649;-1709
1120;665;301
1002;572
1585;-1284;-1111;1863;712;-2316
-737;-1864
-2307;674;-1417;-575
-849;-642;-70;-768;-272
2340;-1759;-1648
1779;2040;-734;1055
-2306;162;-1971;1382;2106;-1468
1191;1417
-420;1829;-2061;703
1237;-2311;-919;-2365;-654;863
-1592
-1235;551;-377;2142
930;-2341;118;-1853;2062
-516;-1861;-535;-1246
-2211;1623;1678
-1603
162;-1384;-382
-2357;1876;551
66;1540
-1396;-1626;-2176
1826;-1655;-91
689;709;-807;1465;586
992;513;-2035;-454;2427;-848
-1110
-777;-1869
-2135
-612;523
305;1537;810
1537;2210;1997;1421;607
-1778;1556;-1126;582;-2074;1721
2101;1069
1634
1313;-1160;-2092;-2510;894;383
1728;1648;1557;-686;461
1462;-1737;-25;-2365
2224;1379;-1285;2442;-1950;879
1074;-774;-192
-1648
1332;869;1495
1140
661;-1803
-2452;2297;-1499
131;392;1647
867;-1013;-7;27
-2083;-1317;2245
747;-1903
-1235;888;2460;-1981
-2051;-404;1719;1047;2381
-2040;-235;748;-1471;815
2039;-2175
2183
1889;-1864;1143;906;-399
-2188
-2421;-2327
2017;-342;-1023
-933;-1723;2058;-2444;-1712
-1029;-950;1781;344
1632;-402;1382;-1417;682;-1216
784;644;-2057;333;958
-389;1972;-407
-386;-2133;2503;-1641;479
158
-1377;1329;1557;250;-60
1700
2416;194;1044;-1436
1699;1545
2449;229;1622;-1289;745
1708
1233;-2004;-1092;-2441;1080;1514
1682;355;185
-682;1882
-2139;2428;1340;-429
-373;-2346;1226;-1629;1407
-2324;-980;-199;-1625;-926;1262
698
-1698;1884
-1701;-2199;1289;1562;1931;1356
1891;1885
277;-1496
-2450;1230
-1221
-995;712;-1452
-628;-1049;-571
1845;2329;1486;175
-1230
-1306;1098
514;-69;1803;715;1343
-729;1001;-2186;-1434;2140;-31
-729
-466;249
-1793;-787;523;1724;-46;-1376
1617;1704;-1178;1148
-733
-1248
-366;2127
738;355;2169;1801;1820
2102;-827;1884;2204;-1550
-1426;771;-813;-2158;-1087;-640
-130;1412;2166;-1961;670;-384
-2260;1875;984;-1866;-510
946;1125;743;-2137;-185;-1246
2176;339;-736
-1313;-2008
-563;38;-2284
993;388;-694;-105;-2477;621
-1059;-2052;788;1429;2169
-1617;1778;2275;2149;-1976;1740
-1470;-832
-1329;-951;-1784;1561;-1852
-582;-23;345
-2193;-34;1443;-2329;-889;158
-1089;-2194;1514;-28
1266;1555;1754;-811;-205;-1247
-498;1787
-1555;-278;1241;-700
1040;1779;-1976;-574
-1808
1525;1595;-1454;79;-448
2324
-1302
2288;1889;1716;-85;-171;-2287
-628;-1192;-2475;942
657;-1060;-438;-2512
1783;-1499
2404;1468
721;2215;936
-227;-2100;-2409;1371
294
-1;1324
-1874;565;-1050;169;-1695
-1326
-1825;18;-31
2408;-2106
303
-53;-1277
-1844
1777;1489;1138
1845
-2339;2356;805
1472;1603;-1245;-1520
824
1338
1026;-227;-1765;169;-558;-496
2064;-2341;1400;1000;-1854;1583
-1266;564;-2397;220
-306;2433;611;2189
1345
-1026;-1509;-780;2076;-637;-1519
1072;-419;2232
-99;393;2079
98;2358;-251;747;958
-1322;-1565
-328
-1506;-456;1754;-2284;-974;-446
1971;-213;53;-460
1025;1267;2487;-1981;893;1247
-116;-1512;1549;1949
-1014;-589;236
-946;2246;-408;987
-2001;644;-12
1030;-171
-2473;1101
-1885
-1377
-1267;-1135
-540;-334
-193;-1829;-2437
1527;442;1978
878
292;1614
-1205;-1862;-2425
852;1462;105
-2424
961;-291;628;102
1537;1730;-330
-1;-1928;1849;524;446
819;134;-1240;2264;-1993;-364
2427
1406
896
1126;-1291;-830;-1438
-386
-898
2017;216;712
-440;-2361;2412
901
-1414
275;-936;1565
-1028;-1765;-1929;1257
-906
-993;-1265;-1399;1631;607
2512;583;1033;109;2494;-1215
676;2180;-924
1423
-35;-1903
215;-2154
-951;-480
804;1317;1677;-1343
-1091;-859
414
2097;-358;-744;970;-2381
-786;-1756;670;-1616
49;659;326;-1962
2291;421;440;-176
-2023;26;91;-382;526;-704
1540;-779;77;878;-784
1424;-1123;-856;-1919
-917;-1254;1319;-120;-2187;682
-1526;2201;-1616
1424;1562;-1420;1935
-821;-1445;522;-1773
1937;1094;-2073
-1990
-85;116;-1113;-2042;2362;-1742
912;560;-2097;753;-731;-366
788;-597;-1878;2121;2105;-2080
-2509
-245;1977;-1850;-974;-1934
-1490
-2249;-1804
-2424;124;-990;-1280
1429;841;1388;1423
625;-1266;771;-1829;-1754;-96
1378;-1705;-906;-1805
-480
-2340;-191
640;-1572;1129;1023;655;-880
996
1127;2363;-2285;-1839;-368
-490
2027
-1393;2402
385;727;-1343;1246
641;121;-762;2347;238;-544
-1530
929;-806;-1659;-1227;-2352
1282;1334;1800;1805;-1104
-1345;865;-544
