2
-2393;1356
-1873;1635;-934;-1146;252
-881;-578;662;2199;1277;1949
1413;-1655;-234;-571
-1561
1686;1417;1594;-1600
2327;-1277
-563;8;424;-700;860
466;1614
2194;-295;999;1833;-986;895
737;1510;-411;-2384
-438;-1128;1016;285;2254;1631
290;2018;-245;535;-1661;637
-491;-575
1349;-2008;249;329;-1307;-2238
-1281;724;-602;301;-208
1874;708;-1869;-78;-590
-2370;-1415;-760;-2159
-2418;-2419;-2293;-598
81;-1064;-1113
154;-2252
-1491;-100;-774;215;-2478;-32
-1841;818;1318;2317
1891;-1246;-30;-670
566;-2184;1147;2062
-1108;-230;2102;-2103;255
-1878;-1930;1243;-589;-2029
385;-1177;1368
-2340;-502;1241
-146;354;-144
602;1964;509;-2047;1087
-1362;2179;-375;137
1840;1491;-938;-495;-2479
-1874;1027;-1382;646;-265;-1805
1265;-681
784;-2421;-1527;-1867;909;-2095
-77
1858;-2451;-132;-412;446;1279
-530;1493;1723;-1072
1024;-1202;2305
949;-2055
792;1338
166;-861;2222;-1616
1569;-2100;-774;125;-1471
1970;932;-247
98
-614
1559;923;-1084;751
1429;-893;-1663
-882;-762;-508
467;438;-2187;-1228;-2208
1809;950;-2233;-301;590;831
-2082;2194
1329;69;310;-2334
996;-2105;1534;-544
176;-120;-1896;171;653;-127
2469;-632;2295;-586;668
1969;-147;-166;855;-90;-2303
-122;716;444;1468;-336
-1147
-1157;-1531
1554;2020;-1866;-554
-961;2033;-233;234;-1948;1518
2098;-1033;-2224
135
2113;1281;-2204;-1053
2448;-1155;-1338;2313;-2155;1563
1281;-1285;-997;1173;1657;361
-2299;1644
107;-1789
2193
854;1341
-1138;1073;-1207;-567;440;-1310
2130;-77;-1102;1759
547;1765;1423
-1958;486;1689;1979;-1997;-47
2200
2326;-125
-451;823;455;1243;-2236;12
-1691
1891;-261;-1430;-1399;-140;670
2464;424;-1706
927;255
-1697
-1729;1757;-1118;-608
-1875;228;-999;-1848;1258
496;488;826;-828;-1660
483;-1623;46;-2175;2079
-306;674;885;2087;1307;127
2113;-1062;-614;1865;458;1502
-1191;1917;-1406
-3;1864;-906;1006;767
2416;-356;884;-726
-101;-504;-1531;10;-1755;1661
-695;1162;-123;-172
520;538;-1759
832;1203;692;1131;828;-398
16;1206
1223
-930;1045;582;-1178;-1771
2425;-1710
1937;67;2171;-2398;-2494
1742
-369;915;-2406;-890;1227;-1757
-1650;-2104;-1672;-255;-672
-1754
1825;2067;1958
227;-2488;427;716;-2206;541
-2271
129;-352
1204;749;-1728
2274
224;-164;-438;-701;-175
-1457;1120;2007;-1439
-2247;1320;-1114;1530;2220;63
-592;-1696
753
-247;-1800;-1209;-2221;-1295;895
274;-29
-2296
-434;1161;-1052;973;1135
433;-2420;501;-535;89;-879
1040;-321;362;-2091;1260
950;2247;-345;-554
-962;-2101;-1894;1453;-2384
-2437;533;-1434;-1930;-2058;1435
1297;-2073
848;-1624
1744;-2179;-2392
268
-1843;-1798;2347
-2320
1813;-1160;-2313;2217;-1853
2017;-1815;-1914;1084;-1854;-1886
-1171;1912;1117;-560
-1639;-1196
-2325
-433;854;-2489;2186;159
1963;-957;1326
891;-95
-1219;1882;875;-1248
-202;1006
-294
1761;1169;-537;702;271
375;-1725;30
-274;-2071
-809
905;575;-160
742;-827;2348;-430
1015;-668;1486
-2353;-1907;-1743;-448
-1922;979;1527;-750;-2192
721;-741;1354
-1527;-1463;-1418
-1271;-1417;-11;-508;1357
-315
-1340
209;-1550
947;1849;-1452
2389;1209;-1098;-1195;-1871;-784
-330
-132;-773;1237
-1441;-1644;-704;-1504;863
-230;357;-233;1499;-1727
-129;1924;-1161;-1994
-2384
-1170;402;435;-344;-622;-1088
1923;773;-776;-29;-2397;1358
-1329;1715;1302;-428;1644
-2393
-346
80;-2475
341;327;-1017
-1885
107;-956;-14
-1379
210;1624;2106
-1937;2003;1064;637;-1230;333
1344;1574
2036;-986;1869
-204;-157
-1923;1048
161;2254
1651;2303
-2168;-1370;1885;-351;607
1909
-1009;123
-595;-2457;-1643;-2220;1933
2161;-996;1923;-1814;1465;-829
435;489;988
-1404
-1971;-1380;-2347;-2060;-1326
1059;2393
1012;-1847;-2106
-1512;444;446;-784
-385
-295;2217
-1558;-1222;-1199
-1026;1987;630;2010;379
-2507;1598
1040;893
1621;827
48;-1091;2105;-1851;-2173
-578;1458;211;-1494
-1432
-1924;1224;1868;796;1085;430
-2060;-1948;1036
1435
-1266;-659;2131;843;-126
1540;-329;-425;-1533;333
1877;-439
2466
-1793;-1718;-2030
-2466;2490;910
-561;-1235;-247;1846;1756;399
-1429;493
-2276;-1287;1337;2265;-976
-1607;-2297;1417;2110;-1072
1961
97;962;-2344;-1915;-812
-2481
945
2259;-500;-300
-953
55;-1594;-2492
-959
497;-1861;-1083;462
1889;1028;344;1807
1010;-137;265;349
-978
-2355;-2485;1849;2090;-175;-1439
1493
242;1479;2173;-864
-471
851;-1882;1530;-2511
-1629;-1919
2048;1205;-2408;-2141;-718
1508
2147;-1564;2461
1297;1236;1976;315;-2464;687
-1513
492
1005
1007
-994;-260;2100;-2367
981;-1448;633;-1690
2036
1040;-2057
674;1346;-345;1438;463
2166;202;-2045;-1342
-326;391;1468
