1189;-2487;1783;-2076;-2000
-1458;386;1365;-956;1693
-2369;-1714;1825;1014;-281;491
1124;1560;911
369;1400;-732
1265;-729
307;-390;-201;-1790
-1093;-2426;-1116
336;-2114;241;-2390;-1352;-1916
-1672;2025;1211
1024;-1320;2379
-915;-1351;694
1571
1697;-1735
550
64;836;-1848;1529;-955;1437
-2369;2329
-129;-1809;-1348;-952;264;347
-929;1996
260;730;-431
1075
928;1794;2306;-1787;909
-1898;-842;1148
1018;202;-140
967;-1768;1096;553;1497;-235
2111
-1170;-1224;1304
2432;1828;925
704;391;-600;826;-1387
-1197;2287
-777;-1995;-1391
881;2033;2130;1524;999;-842
823;761;394;1260;-94
678;-2264;1420;1485;-1392
1121;883;-121;1339;-748;2207
736;-709;2325;137;-2416
1056;-2166;853;-1866
-2465;-2165;-567
-2283;765;-1632
-2126
-83;-211;104;2495;1871
-1009;-2401;-2212;1395;1671;939
-1377;2402;-840;1289;-1579;1723
37;-250;-2431
1588;-1502
2134
512;-932;964;2261;-2167;1498
2338;-202
914;-308;771;1785
-902;22;-1880;2154
-1858;-1312
2112;1905;-675;311;2079
1698;-1348;116;-1621;2281
-1697;-840;744;1931;-1116;-156
2390;-232
663;1193;1839
538;-685;-478
-115
-1075;-1603;1543;504
2275;-484;380
-2198;-2040;-681;523;687
-1572;-2037;-1416;-828;2060;-942
-53;1222;1005
-1778;-179;2280;2505;-908;2302
881;165;473;-1631;-1264;1503
-1075;2165;-600;1544;78;-1472
1282;-1430;2299;539
-292;-170;124;2269;-2063
2224;196;-1305;1035;-1005;-1791
336;-1174;-1526;-2442;1804;-1741
-1674
-2049;789;1817;-2139;-2476;-2224
-1373;-797;2029
1164
2464;916;1370
1474;-1590;1703;457;-2188
-1734;-1050;538;-1470;-479;-1071
-2194
148
-150
-449;577;2071
1282;-105
2179;1588;-24;1160;9;877
2341;-598;-959;1934
979;308;-1094;-823;1990;-1520
262;2460
-1491;2165
-129;-2147;949;-1177;-1244
112;297;-462;-2160
-467;-1653;-1013;-1640
1248;-404;-853;174
-1654;509;1310
-1447;-1448;1976;-271
464;1875;-2053;213;-670
-335;-1375
1617;-1652;-389;932;-2045;-1710
-2225
-593;-586;2171;-1340;525
-84;1494;-1448;968;-666;-1467
2208;-162;-2117;-2157
1809;2178;-1764;2312;1789
-166;1557;-982;-592
-357;218;-12;-1021;1870
2192;816;730;-1504
702
-1383;-2395
1009;-1205
631;-2141;-1759
1227
1739
-2373;-1541;475;-862
-2132;246;-1913;-509
1113;2073;90;1595;-1070
-723;-2325;-889;-379
-220
1840;915;-470;1693;-686
-1170;-1356;-256
967;-2138;-589
2168;954;-811;-1195;-1342
2274
-227
2401;596;-1672;-666;-1839;1407
-209;-963;73;-155
229
2288;-1811;552;-2331;46
1314;-1083
1768
1775
-424;-330
209;-265;-697;1162;-957;-2255
1609;-2365
340;-1097
-759
709;-104;2347;-333;188
-248
609;2418;-452;745
-1970;-1641;-1567;383;-64
497;436;2330;2108
1683;331;-1565;829
722;1875;22;1738
2145;977;215
-1237;693;1529;-1947;-1355
2016;470;1352;-587;1164;2510
-2482;-710;1094;-2272
-1059;-1750;982;2025;77
993;-2419;-805;1001;365;1150
-1457;833;-24;-2010;-1726
-164;436;-760;-1852
-1625;285;2143
-1319
226;-1547
-420;692;-1525;-474;-27;-592
2036;-902;508;191
-1154;-2484;-1801;-2282;331;-1612
-481;-1843;218;-752
-1394;789;-1900;1115;2156;1581
1194;-382
-723;-1959;1847;-1003
-513;100;715
1328
-818
291;532;1813;1258
2003;919;-1368;-956;-910
-828
-2017;1543;1815
789;-346;-2299
-1235;1523;-2439;-1916;527;-880
-1348
-2093;-797
2380
1911;-1611;-1373;-2046;734
1063;813
1137;-2309;1334;-1482;-1582
1697;-388;2036;1276;924;2476
-289;-1019;-2108
80;-1451
387;-2272
352
-866
865
-1684;812
-487;1430;-2379;556
1648;-338;-328;-1577;222
787;-1400;-2220;1662;286
-2422
2003;-2509;-478;-1950
-890
533;-1942;1030
-897
-661;1878;1447;-1772;-1280
-901
-1506;1220;-204;-416
-1764;-1702
-689;-1908;1957;-302;-990
398
1970;-565;-1262;767
-81;-1721;1705;683;846
1945
-410
-1437
-488;505;-944
1876;940;-2400
1808;-148;-1608;1388
-1443
1959
868;1607
-1041;1445;1560
2478
2340;-2394;-1915
944
-1559;-410
-803;936;-1692;-1197;-1263
-2481;-952;-680;601
1936;1576
484;-2088;1160
-497;1138;67;-1350;-919;1115
959
1474
688;2068;986;-1243;-1536
-2502
-1267;2405;1368
2080;755;1267;-490;-1104
-185;217;2478
-2305;-1970;227
2068;1752;-1307
2336;1316;325;585
-84;1063
469
-2148;-292;-1222;-2440
2112;1205;775;999;1160;1387
1648;1383;-1260;1259
1497
897;-725;-1159
2496;-979;-1212;2221
-1189;1668
2341;-376;1256;-1979;-139;-624
-615;-571;-830
259;-823;1351;203;-2496
-659;-104;2269
802;-2443;-1692;-1471;222
44;1469;-1999;-512
1429;1334;1309
-1571;1607;-1374;-304;639
2512;1296;-1367;456;2429;1310
724;1908;1286;-811;43;-1120
1520
-1042;1233;1943;-1929;-1216
2040
2293;1899;1948
738;-1558;1013;-2493;1789;-2046
-1022
1475;-965
