-514
-8
-2242;2449;483;2243;-2411
944;-1982
1039
-1876;-2085;566;-2234;138;-1181
-1505;-17;-1538;-37;1143;398
-177;-131;1354
-1203;2423;-174
2177;913;1030
1207;-2256
643;-617
3;1564
1058
-1012;1047
-1953;380
-245;-71;-170;1517;2079
1064;-1628;1884;-1613;-1616;1951
1217;758;-1420
-1428;328;1291;-238;941;2222
-2096
-754;225;-472;-76
-707;759
10;-2219;252;-2319;1151
-1590
-130;-646;359;1496;1081;-58
-2149;41
-573
-65
69
1810;1336
-598;10
-1614
-2127
1106
-1124;1333;264;1657
2164;1083;-604
1450;683
1427;-1963;-990;1613
1937;-214;902;-746;-1791
-3;907;-845;1053
2017;1458;-2039;-523;2171;-1456
-1820;1117;-926
-98;-2308;1496;-2287;1566
620;-366;-1887
1736;-1418;-928
-49;2193;133;1117;-2272
-34;1320;-457;-731
-100
-1061;820;853
816;2193;2294;-2407;-746
1911;1178;861;-1280
-533;-1193;-26;1084;783
-2182;2297
770;696;1724
1574;184;921
-1826;1574;-583;1101;1390
-1148
-124
2065;1517;-1086;1854;-1664
2176
464;-2373;1450;1419;-46;750
2199;-587;-1742
-1012;-1172;-2491;2059;1246;-816
-1014;-57;1211
-1125;118;88;1241;1867
-834;-1036;-31;1247
-1233;1048;-603;-539;-864
-2068;-437;1141;1213
-1091;1476;1877;-572
2358;1803;93
324;-1240;-2074;1806
2209
-311;-603;1149;-1359;959
1524;-199;1400
448;-282
-356;2006;-440;524;-1902
-2194;-2071
-1524;-215;-2015
897;-867;548;-773;-314;-1709
2086;-2282;-77;-416
873;699;142
201;-2429
401;57;2138;-1392
1217;-1110;1610
-1719
-1268;83;-566;-1817;-2125;-637
68;-1932;1165
1090;938;207
-1378;-1371
-1607;-2215;-1064;601
1376;-611;906;1674;428
-114;-52;1219;-2414;-1502;2159
-1746;-2330;-1386;-1627;1374;1423
-180;2424
-769;-60;-908
1237;-12
416;1496;-174
-851;2077
1227
-1354;1019;1566
-1782;2505
1056;2069;2207
1524;2152;185;2495
358;-144
-321;-826;-1628
-36;-148;1979;988
-2195;1964
1024;742
801;966
-1367;2217;1995;2508
-2050;1460;-1182
-2238;-719;-608;-256
2019;-854;437;-1130;-2491;-1292
-241
-1665;1423
-1861;-431
785;1716;303
160;-1430
1040;-1801
-2194;211;-2027;653;-894;1950
-227;-1051
-481;-1906;-2051;-1061;1015;-2428
1791
-1282
-193;962
-1557;404;326;-2219;1675;2143
-545;-1765
1970;-660;1412;-1305;1018;-1660
-779
-1446;663
-1451;218;1503
2306;2344;-1899;2076;-2509
2147;396;-1760
-339;1090;534;423;-922
-833;2448;2099;-636;1293
1970;1379
2289;-532;2006;167;380;-1983
-1818
1264;693;-1483;250;-624;-896
1888;1469
661;1303;-651
-548;-766
1602;-2117;806
-1317
-2293;-2234;137
-2018;1937;1476;-105;698;-158
2337;2052;1033
-2260;-1351;-280
-85;-311;1960;2202;126
1425;-588;-2176
-1317;1127;-1257;2425;-1807
-422;-855;-1033;-1739;-1966;-1984
-1974;1431;-574;1709;2286
-97;2181;205;-462;-479
434;-1653;382
-2277;-1639;-2056;-1048;-474
113;1234;1523;-2341;-1692;-1726
-1354
2377
-2161;-1653;-2408;-585;2425;-1068
1866
1120;-1351;551;1546
369;-38
-324;1578;763;-2351
2096;-1874;633
-116;-453;-2230;713;2365;-624
2338;-1032;-1721;760
785;2403;1434;332
-2198;330;-16
-2433;-1500
640;2213;-282;-1404;719
1697;-355;-1983;-1248
-93;958
545;1093;605;-351
704;51;-1398;837;-1945;-1680
2289;1524;-1752;857
-1580;-1340
872
449;-261;1703;1543
-1906
-1976;-908;-1072
-2369;387;-954;-510
-869;858;-1725;-1711
-1157;1141;1132;894;718;-304
-1569;165
1409
2082;-533;2460;700;-736
-1095;-104;1034;906;-606;1791
-1687;-1479;2344;2171;-749;303
-392
-1123;290;-501;426
-1761;-470;-2264
245;1287;-1134
-1141;1189;-2279;-1787;-1967;-1583
673;-2103
2209;4;-1702;1541;-1646
1744;-485;1563;-238;-1327;1198
-1546;110
-81;2289;-740;21;971
2460
1191;-779
-1233;-515;-964;196;2102
-185;-2285;-2046
-2008;1693;1246
1120;-881;1954;-344;619
-2017;704;-1942;-2287
-51;-2421
-2377;-96
-2106;-79;-800
466;-547;1187;-421;1276
-2244;1861;-2091
-1698;-196;-2276;-446;2061;-1455
548;1926
1827;-1399
943
-1718;1278
952
443
564;886;-314;2379
1490;179;-1130;-155;-830
959
1140;2270;111
-330;-125
-973;-2077;2079
2510
-1617;-701;1853
856;1147
-1489;-5
-472
-473
-1143;667
-1347;665;2188
1537;-1786;-1995;-288
304;2149;-1033;1900;2510;1823
-2130;1618;-998
-917;-1318;-2348
-2027
2002;2115;-1579
2480;2081;-1076;-2301;-1357;-320
2228;277;1895;2238;1023
-2035
1616;1601;-1610;-1003;-2031;-2144
-1265;-2020;-1657;858
-2041
-673;876;-845;2268;1326;-2448
-2035;-1589;2294;2230;-889;1007
507
2304;930;-185;-2108;2126
1344;240;-2361;1977;-1709
-2406;1030;2503;1223;2255
357;534;70;1406;2238
