547;-1828;711;-1049;-1966
-562;1220;-847;703
1556;2058;-2268;-1086;2303
2051
228;-956;2270
-1433;-623
-979;-1655;-1984
-1365;-181
1044;-522
2060
403;1174;-27
-1697;-1122;-1911;2058;-239;847
821;-1353
146;1939;133;261;-923
117;-794;-651;410;2316;2207
-1233;-2404;1048;-475;-2013;2493
-1111;1322;-1260
291;-645;1402
758;423;56;-2286
1536;320;-1882
-1394;1490;1427;-1076;-2055;-984
1925;1801;-607;-1551
-1170;146;-1433;1928;-1040
-2084
-2005;905;-925;2061
2449;-873
-2090;1498;1386;-239
1581
-1623;1576
1440;-1042;674
737;-2391;1912;1386;45;-2255
-580;1638;-1671;284;-47;2478
1761;835;-1517
560;-1633;663;-2154;2362;-2414
2449;1380;838
-1699;-2165;-938;-444;1534;1599
1011;-734;2141;-1182;365
1127;1500
1120;2081;-2039;-728;-2058;-493
2064;-2018;1186;-1753;2126
-353;-1767
2258;-2228;-181;1412;1944;-1597
-1028;-1255;-1887
-1946;1871
-1175;-2503;-2029
1762;-150
706;-2425;106
-2129;-881;2118;-1688;233;733
1408;-1313;241;2341;-1063
597
-418;-1674;-1578
-2452;2212;-1894
-1832;-1993;-316;1931;1612
-1031;-1104
2274;-804;1093;-1451
-1955;-1524;2261;-1432
89
-501;-615
-49;1415;265
1344;1675;-1388
887;-601;-1407
758;-2400
1921;1820;1998
1793;547;-1658;1642;-1275;-429
-1345;-1922;1559;2424;-96
-2283;1661
-1796;-628;-1274
-1270;1898
1328;-1699;-532;1528;-747
-1719;2329;-2042;-1435;523;1708
657;-1877;-1469
2498;1220
1159
1106;662;-1902;1294
2354;-100;-2394
143
-998;1143
-329;-2171;-2255
-1016;-2282;1934;-1343
839;297;-478
1954;-1174;717;-1647
1906;-1752
1810;-85;1909;-1448;264;2314
-322;1345;-756;452;-406;-1496
-677
-1191
1958;1767;2264;-2269;30
323;-1653;596;-919;2334
-289;296;104;-799
-413;1486;-896
-1028;1382;1097;-1232;-1936
-1577;2269
2230
1089;2342;2103;1192;329;1322
-1914;1882;219
-1798;1063;-478
1590;1802;2429
-1865;890;44;-1309;-271;-1263
-1714;321;-1220;582;1897;-1599
1223
1224
-916;-2345;-1548
-1365;1348;-2234
2116;-888
1363;2068;-2165;124;1374
-886;-345
-675;-344;-1946;106;1628
1265;-722;-1975;-825
-1850;-1771;-175
-2484;-535;-905;1627;-2012
-1905;-2412
-162;1379;-148;-1093;-197
-2084;35;2244;-1611;2266;-1583
1760
-467;1715
-2293;-1046;-1174;-1848;-890;361
416;1696;-1260;-1599
-1915;-2028;1085;749;-1214;2062
756
2006;287
-1505;1494;-2284
320;1126;552;810
-1713;1284;-70;312;-175;-2448
-1221;-2054;-559
-116;723;-1734;278;-1005;-960
-1794
33;-2498;-1571;-618;893;943
693;391;-937;1310;-175
1142;653
193;1125;2014
1797
113;1076;-830;-95
-2313
-1735;-1977;-411;-1007;-2303
1802
268
2432;1236;1721
-785;850;-631;-905;1229;1023
2099;-1972;-1063;666
-2319
785
-217;1003
1344;784;-1811;1986;182;349
480;-1058;-484;-2168;906
-1126;-2345;2171
-277
7;-2041;2299;12
1746;-916;2452;-1980
2050;133;-2347;2490
280
1747;39;-682;-1391
803
-1495;-124;1579;1372;1519
-1347;1702;-62
839;-1305;-857
-1381;261;-1742
-967;-2411
1141;1215
1058;-1888
1861;507
-145;-609;1299;-1814;-230;-2407
-2097;-1602;-1156;-76
995;-1753;1081
1859
-1113;-1771
-902;424;1400;1817;-2013;1133
2323;1524;-1995;1546
-2049;-1394;-1495
-1359
755;-981;823;779;-1712
1205;668
343
-212;931;137
-1163;2315;-350;2110
-1378
1379;-1558;1559
-1763;1751;-2153;270
-2131;1428;1365;-806;-157;-1086
-502;-1398
1090;-771;1140;-1366;-509;-2511
446;-80
-241;-2247;-1465
1909
-1620;1993
2292;-380
-1750;858
1424;-21
1917
1918
-754;2371;1837
209;545;903;1736;2110
-387
-659;-101;-2359;2219
-392
2146;-1461;1707;-976
1030;-126
-1400;1005
2177;2452;-2197;1034
304;1542;-40;-2475;-1264
-391;-377;1725;-560
1696;1009;-1710;142;-1535
-911
399
-1427
212;-2457;815
-1717;-1350;-2439;-218;-875;-1488
1890;471;765;-1695
129;2486;-1647;-2400
-1156;-1573;-2165;1531;1547;1406
-1681;-2313
1185;-264
-1873;1314;-179;-1765;-695;-799
466;-134;-2026;767
-321;-727;-1415
-1762;-899;514;1218
-1954
-418;836
-930;245;-298;-1486;-1023
-2022;1597
836;-5;-407
34;2483;-645;1931;-303
-1292;574;-735
-2374;-620
-1368;-1416;-2187;1324;1164
-1432;-1051
880;-1956;282;-1821;-2431
-883;1322
-2131;-2197;2456;681;235
-1475;1091;-2326;1638;-1838;-1120
-114;-1358
-1873;-241;418;-1092;552;1276
-1686;-2349
-2417;-2419;-504;280
972
2002;2293;-631;-1096;-2105
-497;-1891;-323;-1339
-1329;2325;-2456;2345;-1180;1787
-1378;1000;1359
-473
633;-160
521;-666;1789;-654
-1504
161;1843;988;366;-1343
2018
2215;-699
1362;-118;-2250
-230;728
-1528
-1878;2024;-444;-1744
32;1363;1671;-2281;1769
-1020
-401;1713;-2243;-2195;567
