-1507;883;-2041;1784;-538;906
1347;191
514
-885;888
1504;-1402;-795;1724
322;199
2468;-200;2089;331;75;367
-2513;1140;-2151;-1095
1526;2090;44;734;-1824
-836;-791;1638
-2458;1818;-1935
532;2047
1702;-2237
1651;2294;1198
468;390;-168;-715
-2074
2073
337;-2066;1702
944;1159;1000
464;-282;2044;2414
-1057
1569
-1411;-2307;563;-1622;-379
-833;1897
-2043;-46
1382;118;-2503;2456;2172
881;2257;1002
695;-138
-1781;1237;-1850;-2139;-604;-2078
113;-244;1125;1960;-2395
1106;1059;-1094
-823;-810;732;-736;-976
2448;-2308;-1271;2207
-2101
1073;1011;-1271;423;-1772;-2078
-236;-334
1422;174
1826;365;1455
464;-2036;-1541;405;1353;266
660;6;-1757
-819;-1764;2003
-1095
-258;1689;-336
585
945;-851;-888;-377;1096
2408;537;201
648;1998
288;-1880;2191
-946;1034
1697;1335;1274;1018;1420
-2138
-2065;1521;2131;2491;2381;-224
-1969;-900;691;-837;-662
-94
2177;2275;-1368;-1612;-1871;-207
-1636
246;-1007;-879
-56;199;-1789
1923;522;-2336
721;-1029;1846;109
2006;-1320;-574
-951;-1384;-844;1739;814
-1650
-1953;-855;-843;-2014;382;-2511
2065;2307;1767;-393
-2353;1288;1485;207
-81;1397;-2296;-316;1339;-1695
704;2068;-1631
2512;-380;-2015
2421;-1784;-1785;-1051;-671;703
-632
-515;-118
-2173
1663
-1446;-732
-1384;2028
323;-457
-1121;2196;-1803;-432
2146;-1132;-350;-16
-370;437;-1063;470;-2056;395
-945;-731
2005;1207
-1425;-673;-837;1255
-562;1059;452;-1191;2439
-2180;2027
2068;-421;773;-1913;-906;-778
931;-377;1240;-1950
-1697
1553;1244;-1023;-2448
-2216
1089;618
674;-469;1820;-1854
-2354;-2279;-1513;-1452;253
-2226
-83;114;-1235
-1798;-431
913;756;341;987;-1278
1569;372;-151;2184;-1741
737;-546
-698;2426
1467;-1664
2258;-2230;2218
-2486;1447;-635;-1087
-81;-2274;1122;-1256;552;-826
2050;-824
-2252
-1956;-2344
1460;1621;-1243;526;-112
2259;1332;-1801;-1995;1835;-911
1560;522;1723;-14
-1745
-1157;1718;-410;-875
1751
-660;-2356;-2262;-1623;2071
-735
-736
596;1014;-2346
-1954;-2073;1242
497;-682;1434
-737;417;2147;2499
-822;312;1387;2443;2030
1766
-1905;-1812;-2150
-750
2043;-1437;1167
224;-866;648;745
128;2181;1288;857;1547;1406
387;-997;-168;2041
534;1758
-2129;-2182;470;2425;-366
1312;-2290;486;424;1853
-1590;-198
-1843;-1349;-665;-1099;607
2033;1211;-1916;-367;2430;-1599
1920;2432
-2145;-1284;-2441;-25
-1290
-787;-1686;154
2065;-1737;1897;1629
-1618;955;1453
-2259;1602;935
785;1368;106;-445
-534;731;-2028;-511
465;-1843;-2085;-1785;1369
-167;-1802;-1402;-1024
1873;1497
453;2199;-2152;649;1709
1456;1281;-950;-1993;-2141
298
-814
-582;215;-1471
-819
1905;961;1320;1757;2045
1336
-1108;-810;-1468
-1961;1644
850;1429;-871;1577;-299;703
368;-1107;1379;-1067;476;-1392
-952;-744;713;2217;-910
-657;-721;1426;1669;805;1902
-1912;1581
-1732;-852;-1978;-380
1010;-1717;-614;1659
-1586;-2338
-692;861;-1536
968;-2335
-855
-690;-2182;-1847;-234
-1081;586;-2172;-1519;-2304
1041;-2309;-72;923;2299
-861
-52;2211;237
1847;170;1405
1825;2006;-1753;-703
-1354;985;-1132;254;47;-2224
340;597;-1289
1048;2155;2093;-2159;655;-1904
224;-456;1102
-2331;-2125
1362;-2341;-983;1599
424;-2397;28;45
2307;1766;-1225;-266;-1915;-304
1936;136;-665;-2176;-1648
-1811;-1545;-1419;-715
-2420
-722;-162
2419
-1914
2245;1977;252
1914
-1447;1942;230;1180;685;1373
883;-149;-825;42;-1868
-323;1929;1340
1926
-2276;-1867;1100;828;-2398;638
640;325;1322;77;2126;-2048
-2278;-168
-1819;397
-786;760;1947;236;-269;558
-577;-1966;2143
-1411;-59;2142;430;-1504
-919
-961;-129;-861
1920;2078
-1124;-828
675;550;-136;1592;-730
1683;-1493;662;-1785
1345;1909;-1503;-304
-1941;1508;-1016
2081;-1652;-183;120;1208;-634
-1523;-396;-46
-2068;-1768;88;1368;1723;-287
643;-2117;-1882;2444;-672;639
-771;-1572;-2502;-1880;-2298;1420
1972
-437
-955;-2076;-2429;2460
1746;-8;749
1376;1028;215;2461;1503
-953
1328;1526;-232;-1420;-2156
1153;-1597
-1860;165;2142
449
128;-2196;-111;-832
-743;-1248
786;-1332;1508;2006;558
-5;629;-2506;253;-990;110
1958;-1655;1182
1486
-1699;115;-1284;-251;1182;959
-1106;2002;1220;1740;-190;-1662
683;1837
-689;1280;-1480;1719;-1696;1855
2195;1256;-1437
-2244;-1821
2037;-2394;-2173
-482
-1298;1864;2478
-119;-1022;655
-1283;1605;103;1004;-430
-489
-1655;-903;-46;1582;-2032
2094;-1600
405;-903
-456;-57;328;331;828;-2496
498
-1554;83;2168;1246;95
-2502;461
757;-1783;-553;-185;-810;-1007
2045
-1618;-1863;920;-814;-720
