-1331;-1413;-1353
1625;441;1518
-1539
1282;1603;-1542;-1389;-1807;1855
7
11
-2275;-505;-2173;2381
1936;-61;764;1084;-1664
502;534
705;-500;-1302;572
2114;-436;2201;234
-1601;-2306;1761;-2263;1948;2478
-531
-840;2222;1199
-1415;-1031;-1786;-2448
-1841;1305
-2357;-1254
-1876;230;-1372;1278;-1359
736;-764
1409;2037;347;1212;1678;-2048
2434;2504;-2074;2490;-987;2317
97;-275;-552;970;-2320
-2113;-1959;1082;1422
-1361;466;1558;1932
1429;-493;1149
257;1256;91;-29
868;2052;524;-1357
-1689;-74;-2364;-1724;-1870
640;531;-1560;943
-1939;2226;1811
-2278;-1883;2029;1055
-2115;676;472;-668;1627;-2093
-1060;198;-970;-2093;286
1592
977;260;-920;1275
-1042;-402;2167;-889;-1706;2441
-641;582
1395;2212;2247;-2287;1103
140;-717
-409;473
1220;-587;1355;-1408
503;-2108
-677;-507;-651;-1517;-861;1583
-1609
80;1364;-1862;-1597;1934
-2467;-185;523
1217;-2487;1991;1919
-1272;-1370
-819;-1188;518;1595;2268;2317
1769;-1406;-1759;-2160;911
1621
-1029;-965;-1126;983
837;790
369;-1398;-360;523;959
1119
1779;-823;-423;1098
-903;-1246
-2023;-1257;2041;-2447
-1128
87;1419;-2222;-223;-2239
-2446;-1902;142
-104;728
1845;829
1522;1733;150;1816;297;-283
-818;-979;1443;-788
2212;2374;-2509;2028;1644
2104;-573;846;-2496
1143
464;1826;2006;-2027;1947
2401;244;-985
208;245;121;-2493;-1279
-161;1937;-1512;2124;1757;591
2105;2122
-1157
-2184
-2241;-951;-1480;663;522;-2283
2033;610;117;1989
-656
2180;570;-557
167;-826
-659
-1685
153
1138;983;-349;1868;-2462
-805;-524;1180;303
-821;-1895
-1695
2000;1;-75;797
-1571;246;-441;1849;-2237;-2111
-1222;939;-94;-304
2019;2088;-684;2380
-804;-1416
2226;-1060;1143;-1113
-1538;-685
-2294;535;2296;1610;-1212;268
-2500;37;-1015;-539;1820;-2080
2228
1716
1168;-1523;2308;-2393;-1551;-751
-1379;-1877
1844;341;999;1611
-371;-907;1869;622
1058;-1126;-635
-2266;667;382
-611;1013;1494;344
-1443;195;-2152;647
848;-1108;759;-794;-2044;-927
850;-1447;-791;679
-411;-816
1504;467;-1624;-554
2227;819;2363;-78
1655;-1871
1235;-1966
964;793
850;-1605;-88;185;2075;-684
2480;-979;-917;-2347
1401;1706;1727
-228
384;-1512;-303;-335
-692;1333;-390;1519
2466;467;358;-1560;520;543
-274;-83;1109;-992
1812;-965;7;-1037;-64
-759
248
-1713;-978;-1366;-1095;-1756
-2103;314
-1396;-1629;-1166;-863;-831
-1623;2264;202;-268;2238
871;2393;-2107;-699;-2076;-1197
211;1460;-1914;-1038
-137;-1627;-32
-36;1844;116;-968;1352
-1108;-1225;-1008
2196;-630;-1112;1594;-752
-997;2374;-1144;-840;-221;2125
-1713;1287;56;-240;-176
-1845;-2302;-1248
914;564;2381
1015;286
-2060;-270
-2;-793
-2097;963;1029;389
-143;-1887;-1328
-1093;293
1825
914;-1717
-803
2000;1313;-968
-817;193;-178;823;-2376;2057
1833
1769;-1771;2351
2003;724;1831;-2205;1980;-1982
2033;-1815;-1037;-1534
33;-470;-1465;572
1920;-79
723;-1366;-951;2235;-268;1981
-945;1541;-2442
-2102;-1704;1960
1686;-352
1857;-2132;1783;-699;2426;-1388
617;1098;2460;1917;415;463
-2276;-603
-1873;-1380;1109;-1517;269
-450;2050;178;1106
-2371;2323;-1302
-1345;2404;-764;-1279;1310
87;-1262;2015
1573;-1320;-2379;2459
1698;1005;-718;1935
-8;-841
-1126;-2283
901;-1241;808;-124
-483;857;-1743
-2153;1817;1276;941
-69;520;-1003;205
-1673;1194;-1757;-671
596;-501;764
2433;-2100;-715;-480
1699;-1031;-1916;1599
-1217;-1329;-2252;1726;1695
352
-964;-414
49;355;-1785;-510
-1713;-594;-983;809;1611;-510
52;1509;1867
-322;-2371;1687;-1626;394;-172
361
-2259;-1156;-1285;-1717;1446
-705;-1138;-2403;341;-1673;1118
-1900
-325;-39;-2267;746;-2349;1310
-1554;-1221;-2186;-715;-1246;414
-1389
-1904
480;-963;-1940;-1534
-838;758;-1320
1014;-2414
-867;-85;-2024;-972;-93;-2479
53;2312;1086
-2481;-1713;1539;181;-502;-989
-2193;-1123;2086;-185;522
1779;-1990;-1560;408;1257;-2335
-1698;2090
948;-2487;-8;-2157;238
-2466;854;-618;811
1419
1426
2065;-582;678;1944;1627;-1744
-1043;-1686;311;1499
-921
741;745;1229;702;-960
-997;261;2310;1158;-269
1362;-426
1842;121
1345;-404
1312;-903;56;2015
-1459;313;-1835;-2380;1341
-2115;75;-716;-2288
-481;1858;-1735;-2119;-521
-1203;-616;-155
-1777;-740;-2436;267;-988;-912
370;329;255
1253;-1241;-442;-1550
-1843;1317;1160;-1964;-381;-272
-1363;660;246
-1009;-1544;-976
-1443;-261;312;-1116
-1283;1139;876;-1198
242;1940;-1735;11;27;1006
2208;311
785;-1900;-384
-2355;1879
-1789;-224
22;1480
1714;938;-651;2062
721;-883;835;1993;2140;1820
-2345;-2234
-567;811;751
1969;-2219;1114;-380
240;-514;1618;165
-1817;-1901;1695
-1617;-1681;1253;-92;623
-2458;1966
-737;-1292
66;1963
2033;1533
658;-1717;-460
677;1366;-1483;1435;-477
-2249;-2107;1294
-1129;-1612;989;270;2127;-2176
-1779;-213;987;-2205;2188
