2230;2380
-2353;-225;114;-137;-874;-112
676;1926;-760;-717;2463
656;708;-1359
2060
1686;1911
2310;-761
-1234;2356;942
1811;-2340
66;-1113
-1764;-2359
1619;455
-2337;-1876;916;456;765
-32
-577;1603;-2468;2196;-1502;1294
-1954;-642
1842;1619;2232;-874;-315;2191
2033;451;1140
853;-811
-1068
-2018;946;2203;-1004;1965
326;-281
353;-399
-179;-2276;-1991;317;-14
-2358;-1273
-146;-638;1855
-1156;-2478
-273;-1784;1994;90;1946;124
-2113;-962;1795;-149;1991
250;381;447
2184;942
1508;-245;954;-2160
1282;2198;-1326;2511
962;-1315;-108;-109
1696;1568;500;-2092;-588
1412;2232
2364;-1791
-1217;48;658;1671;1017;1981
-1651;2147;26;1276;1342
1715;2197;138;-2254;-703
1016;555;-477
-1299;-1606;783
501;1623
2499;-2181;1941;-1430;-2157;2428
-2126
-1541;-133;1289;2510
78
-1619;-2044
-100;-1516
630;2071;-1341;255
-177;2338;-1286;1765
593
88
-1682;290;2066;-824;-363;1114
935;42;-525;-543
577;-1235;-970
1105;523
642;-2388;2435;1981;-2064
160;2506;556;765;2253
99
1616;-1517
706;-606
-327;-1592;281
1985;-866;-1843;-1177;-250
-2152
-2321;945;307;-1029;804;-2395
752;147;-1462;-57
-1345;1906;2108
576;291;2311;-2043
-1429;965;1527;2126
-2179;2243;756;-716;1295;1279
-844;-221;-991;2158;-735
-2102;-2454;1659;1403;446;927
-913;-854;-824;2071;892;-1518
-1380;35;-1913;527;559
-1878;-1351;-201;-282
-640
2048;641
293;-1962
422;1759
-1665;1969;1169;316;910
141
-1297;1794;-640
1159;2058
67;79
-1921;1223;-588;-1423
-1649;-869;282;-1997;-1934;-1663
-1174
-2217;-1914;410;-2287;735
1664;-487
-1953;2259;-2217;-1417;2041;619
1760;256;1432;-220
1617;130;1998
1697
2210
214;1755;-2221;1438
-2212
1190;726;1831
675
213;-378
497;1530;908;1663;-2384
-1705
1573;-1742;-1774;749
-2359;2188
-1874;2481;-542;-751
-2033;1747;2485;537
-1332;1508
-1745;-1545;-2013
-164;1222;-1726;-1567
-1286;-925;-2080
2180;1828;-949;-1367;-2152;-249
2034;2260
-771;-1907;-806;-55;1800
-1075;1789
358;-1113;957
-2018;-1956;-919;-1864;204;2252
1228
290;2276;1319;1928;1051
122;-1868
353;-1610;1241;1098;1051;2172
436;-439;-685;476
-529;83;1578;1212;-1294;-2286
625;-1003;-1885
1574;72;619
-97;1508;2390
-219
-2114;322;-134;-390;1159;-1624
18;-531;918;617;-12;-1743
-17;749
2304;658;-741;-909;-1534
-2398;638
-2275
-1764
1763
995;166;1627
2028;1791
-1745;-1563
1668;-1097;120;-1439
112;-1413;-582;1210;125;1807
1249;2322;-256
340;1126;-366;2093;1773;399
1785
2177;510;190;1727;2303
-737;725;-1126;2087;1932;1471
-630;54;1149;2493;2317
339;2491
-1121;-1123;-518;619;846
-628;902
-1221;-85;2157;447
1604;-326;1706;-2061;-1935;-1312
1845;581;-474;1580;1420;-2112
-594;37;2381
36;2294;-1017
-369;2179;2198;1117;1821
-1654;1947
-2276;-2454;199;1706;-541
-194;-82;572;-2128
-809
1316;-2245;1738
1314;7
-290;1250;199;-2489;-1373;-1182
1329
-721;-340;612;2150;-2329;-1216
-2230;383
1814;-478
-2362
866;370;-1589;-1613;-398
829
-818;-820;2405;-2295;-842
2336;36
-969;-266;398
-1574;223
-1267;695;-136;-856;-1450;124
-161;1389;638
1059;1875;1815;1128;1002;1131
2379
2177;-2402;547;-424;-1724;1487
-2390
-1921;432;-756;2056;-1593;-96
-385;1738;-605;573;2062;-480
-401;-1812;222;1135
-1702;-697;2029;719
-325;-2056;2199;1673;-2362
1894
-1171;-474;-1790
-661;1045;-1879;-2455
-379;748
-1369;1416;617;2493;1821
-737;-1017;-2009;1755;2380
-2513;1010;-922
148;-2504;952;1023
-2401;-1795;1797;-343;-1224
2321;435;-1461;-2190
-735;2350;-2511
1920
-929;28
1376;-817;-2274;-1510;-616;378
390
-1929
2264;-1818;-524;-1582;-720;-2112
-465;707;1210;1822;-831
1733;890;846
1933
1760;-1621;-938;-1648
-1378;-2095
531;-983;1094;-232
-1025;1948
416
-41;-1529;-1711;303
1811;521;-1627;459;-1583
629;-1415;-2009;-269;-431
-659;-412;-1374;-1054
1820;2190
944;-1251;-774;472;1341;-303
-1970
855;-2153;-2396;12;1775;-1088
-753;770;-521;-2315;-688
864;673;419;1717;-678
947
257;357;1241;-2332;-28;1964
442
2276;-248;1803;-1852
-1729;401;-1106;1060;-1654;-1513
117;-1543;-1581
-2487;-1547
1602;442;-2495
-913;-2133;283;-1389;-462;-448
262;-2493;-173;1423;527
2080;1905;2196;-745;-1707;-1228
969
2180;-1798;76
-2113;-1661;1775
-466
-1203;2182
1492
-2130;34;-168;-2234;2491
2008
417;-1061;-200;1193;-2331;-1564
1497
-2033;2305;1675;1599
-486
388;-2411
-70;1366;-2295
-69;1580
-498;-133;-1861;-845;798
-917;-1114
2204;-1198
-595;-261;-1750;1083
-9;-2461;-79
-1330;-1318;358;619;-750;-128
227;2324
1938;1419;1244
