1990;1002;-429
1936;2163
17;-475;-2108
-1988;2183;-525;847
899;1667
-1012;2042
-484;1813;213
2369;-1991;142
-2066;-773;-982;23;1739
-523
1045;2070;1638;919;-683;653
-1123;1192;1834;331;-2223
1008;-1236;-1845;-1525
-481;1621;2037;824;729;-1645
-531
1044
-534
1763;-277;-519;874;-1820
-1682;-1717;-2267;1532;-1391;1918
-707;-341
1559
-145;2356;-1385;1003;-269
2087;-527;-512
128;-2083;1514;415
-1365;1590;2362
1860;1735;1290;-1548;-140;927
145;-1160;1306;75;-2445
1190;1399;-604;1948;-1071;-1295
-2088;-505
-2324;997;-1110;-359;-312
521;1564
291;1590;1958;2232;622
-1489;722;216
-1630;-2511
-1411;1700;-1358
80;609;2177;-535;-2286
-1697;997;1770
1031;1064
-2437;-1562;361;-509
-2194;2161;-1670;-440;-846;1902
-440;1528
-1377;2210;787;-1511;-1865;154
-1718;2358;679;1449;-2170;-1690
585
-1767;-2088;-27;479;1791
-598;-1019
355;-1414;135;1947;-431
480;-339;-1079;-343;686
441;1181
-2310;-2297;603;845
960;388;149;632;1882;685
-2138
-1043;1139
1798;349
608;-964;1766;-280
-1132
-306;-1059;-1387;-1452
-978;2209;413
1446;328;-1664
-1713;-673;-2181;-2230;1564
1746;-1588;-1808
163;1486
-2162;1010;-2325;-2270
-1496;-1693
196;-1878;-617;-890
-485;-1245;2365
1844;-1205
-1702;-1991;-490;2186;331
273;1009;-2020;683;-1181;-1454
-2374;-295;-619;-1452
-2339;1269;-2376;-1128;1882
-1655;-2062
2162;1266;200;88
645
1826;377;1100;-1120
-628;-1686;-285;1949
867;500;1589;616;-2298;-624
556;1118
-226;2114;1942;-1416;-734
-1177
-2293;-412;-2220;-349
2400;-1108;2492;-222;-832;-16
835;2073;-190
1312;1761;2051;1690
-2392;681;618;-603
632;1754;-688
-737;-1761;-2002;327;1960
2451;-453;-1303;2348;-1343
514;-1818;1982
-2465;-263
770;-1453
545;248;-796;2222
2096;1364;-1000;-108;700;-1856
1728;1663;1391
-97;-193;-807;1275
808;-1230;-270;-2047
693
-786;-547;-1412
1984;-1787;-894
-186
722;1574;-61
576;1659
-435;761;1610;813;-1023
-704
1218
1415;-1215
201
-2251
-1542;-710
716
-1683;-1574;-522;1531;29;989
-1169;1696;702
208;1696;1522;-1112;-1579;1518
-2049;2086;-2217;-1019;-1616
1248;2072;1977;30
720
1541;1086;143
1699;1336;-1515;-557;-752
-2489;1242
1990;2295;-826;140;-1838
-1368;-396
1763
-1281;541
-1106;-403;1956;-687
1264
-931;-1737;-1322;-1306;446
1267
-1314;-2004
-1906;-1651;1158;-1195;-2287
-1538;1218;5;-701;-366;2143
1991;-1230
775;-2412;573;79;735
-252
1489;2163;1434;-316;607
-1794
1380;2309;1945;1417;1402
-1239;1997;1039
-1458;-1189;-1144;-1592
-2312
835;1044;-1612
1448;-1371;1726
-1295
-2339;-84;2248;1470
-541;1326
-1907;995;1127;-1339;-187;524
-18;-1395;-2446
-467;787;-280;-1995;1678
-1034;-1805
-1635;-1159;2171;1724;268;-575
355;919;-265;810
797
1952;1408
-1107;-1231
1939;-1588;-616;-152;-1824;1951
-805
1522;-4;312
-566;759;-2025
-1463;-1496;103
-466;401;1682;891;1372
112;101;-1400;2508
1670;2122;284;829
1472;-1794;-1891;-646
487;1911;1326;-1888
-661;-536;2440;-431
-302
1796;2020;-503;-9;-442
-818
1584;-34;628;-2396;-1120
2363
1962;-1647
-1394;-604;-1904
-2454;1623
1856
1249;1234;-112
-38;311;2104
-2374;-1082;585;492
-865;533
1506;-2294;-2281;904;-1881;-896
1873
-1874
855
534;-1591;-1338
944;-997;792;1881;-1759
2273;2412;-752
528;1217;-1719;344;1388;-1408
-1969;209;377
65;418;-1003;-1900;13
1296;-1707;-461
-2482;421;-440;-1753;-1291;-1472
-102;-1400;-2362;1963
2159;1791
-1410;-1891;1747;-350
784;724;907
1013;-1526;-1211;1354
2308;1656
2306;1043;2379;-1760
-209;708;2486;1609;-111
-594;-1974;-1405
737;148;1045
663;1097;682
-1320;2313;2476
-1603;-1433;588
-51;2164;-1655;-57
-2451
-2458
434;668;2140;-222;2510
2460
-926
805;1145
-1952
2465
1746;627;2141
695;239
2450;-1718;1741
961;-1893;1278;1615
20;-1173;-582;-744
-1380;-1467;1903
1967
-2434;291;1126;-1113;-351
-913;-1449;-1369;442;-827;-415
434
-2486
1969;565;1096;1178;-1294
304;2309;920;683;-1436;-1312
1984
1059;156;-767
-276;-93;158;-1263
1722;827;975
1989
-1602;2059
2269;238
-1793;449;-1676
464;-1121;1395;-1199
-1265;-937;1483;-1327;1070
1405;-1871
1173;1448;-1642
-472
-134;377;2234;1549;-2431;415
852;377;270
2081;1239;-1818
480
1408;976;-365
-2024
-83;-595;807;1676;1758
-1763;-1700;949;2198;233;1087
1517
-1090;918;394;-1230
914;-1123;-2005;2404;-790;-2457
646;-1148
-1444;100;-1211
1532
1394;1501;173
