-2052
931;-1448
1557;-13
-2257;-1650;-742;-764;1452;365
523
-2062
1870;1470;-2303
-521;-1835;-1246
612;197;2219;1086
2070;1021
435;-1480
-1665;-1842;-1833;-1338
-1443;404;-1256;1740;-270;1870
-24
-899;-1244;-1404;-573
-690;66;648
1362;711
-1561;398;-1936
2448;593;-1924;-2468;230;-955
-29
-1441;1218;1917;-128
-1985;-771;-83;295;424;41
1010;2331;-1725;1999
887;169
1123;1469
34
-420;677;-951;-1438;-1488
-41
-1361;1577;-175
42
-1800;-1177;-43;-398;382;1967
-1809;-798
-561
-1555;-799;-256
1531;-2096
-529;-1811;-1305
-69
1521;1361;-835;1141;2121;2443
161;2323;1219;-1077;-1093;1613
1378;66;-1369
759;926;-64
-968;-1166;2047
1952;1142;-778;2285;-1951
-1629
-1346;-518;1850;-750;159
-1394;-2285
-2163;19
1634
-1073;-290;-741;-1321;1722;-957
1636
-1431;935;-2008;-700;30
613
548;-2041;1594
-1018;1631
1638
-104
108
2275;-1464;-923
-482;-1428;1253;-1942;-1610
-2100;2213
195;1967
117
25;1629
1143
-370;133;-249;702;415
-841;-2441;-778;-1181
-634
1152;2052;1931;622
131;-983;919;570
-945;1042;883;-42;-811
953;665;-2299;1980;366
256;1929
2186
-1283;1124;1449;-124
-2408;-1580;-766
1313;2500;2246;-521;-2111;-208
-1784;-926
674;1972;-103;711;-1769;201
1465;2334;-1088
-2202
-1315;1470
1234;963;-2104;-459;-303
645;-889;-603;-447;2142;-2031
752;-1313;-2056;1529;-2144
1137;-1514;1497;-140;2251
2197;1499;-2109;622
-946;1313;691;1125;538
16;-1704;186;2363;-1536
-675
1764;180;2317
1586;1717;-1991;26;364
-682
-1365;2293;-1702;715;-2160
400;1776;1248;818;2466;-1417
-803;740;-110
2000;-2028;1820;1453
-1156;-1068
-1762;2451
-1153;502;1286;1816;2012;-702
-465;-2091;76;493;79;-1856
-1414;-440;137
2326;-2510
-722;-2030
194
1815;-2397;-126
-721;36;-134;698;316
-1907;643;-118;876;2478;1295
81;-1795;821;-2378
-2181;1189;1530;686
-2339;852;-412;-1358;1150;-143
517;1733
498;1752
-1490;-2259;1513;1518
-1893;2100
1959;-810;-2383;-2047
2161;-150;1479;441;1323;-430
-1285;662;-1948;-239;-1503;2047
955;287
1716;-982
2118;-1079;2199;1594
1424;1895;1769;-1791
231
-1284;-457;-1707;2190
-417;-2388;-330;-173
-1260
-1773
-2106;845
497;2300
-752
-1234;-116;-1462;522
2145;-839;-872;319
648;-892
-66;2358
-2025;73;-2219;-1709
-1098;-15;-1184
-2225;-1539;-39;990
2226;-1270;-1166;-63;-1008
2305
-290;-1331;204;2191
259;-1867;-1728
-1236;-454;-236;1052;-351;-1600
-804;-310;-1711
-1969;-325;-71;-1997
267
-1813;-1382;959;-1104
416;2485;1509;1418;700;-1136
-1377;588
1818
182;1159;-1737;2313;-173;-944
273;-2358;684;796;1406
-1272;1674;1935
-981;-1877;-2044
742;1767;-331;-1884
1833
1137;-2388;835;469;2215;-1453
-2353
2195;264;73;332
2227;1737;1980
-1129;2472;2250;-1740
1682;1203;-1188;-2493;14;-48
1875;-1958;-1046;-2073;-1292;78
-180;-1333;-2262;1598;-2512;-1776
728;-1949;-127
2005;-1773;-2093
2314;1595
-1970;1747;1670;927
-328
2112;-1874;-466;497;1083
-55;1407
2416;1553;-501;-63
-262;200;1419
-972;1260;-1135
1060;-263;-1918;-752
-1396;-1237;-1830;-1018;-490
-340;-901;2361;218;538
-2087;-1326
678;2223
1814;583;200;669;-1887
-871
-291;444;-1918;2126
-836;1711
904;-28
51;6;39;472;-2201;-270
-1428;-477
1488;785;616;-139;-1275;941
-2469;-2216;2250;-1805;382;926
-2406;-528
-2315;-956;-1199
-2425
2274;-2166;87;-1081;-684;2459
1192;-190;318;-431
2115;-1225
483;1812;583;-428;1819;-1327
-1482;-782;-687
-906
-837;-1190;-1480;-715;-270
835;2389;-1258;2331;-2109;-1789
-419;-1253;359;-2160
466;1380;-182;-1263
-2451
-1433;-874;1390
-1379;-775;-2351
-481;1826;-1388;-766;-367;767
1825;-179;1282;-597;127
-2084;2099;395
2069;-663;-1448;1738;-2107
1948
2197;757;-2029
1172;2408;-95
1764;-134;853;1240;1401;410
1429;-496
-1025;-946;-1524
1959
148;791
-1537;1105
-1891;1957;1960;1868;-1408
-681;-783
1410;566
-337;2488;-365;-320
-1201;785;517;2054;-1576;-1535
-145;1280;-578;-2054;538
-1683;2134
1776;-913;-1890;-137;-652;-1708
-964
-1362;-838;-1369;-938;-619;-958
-1684;-816
-2242;165;1925;-854;-2026;-494
852;629
467
976;1861;703
2259;198;551;301;1774
-2328;1340
-1409;232;249;1117;2335
1276;-574;287
83;1931
991
-2370;-158
-1592;-2189;-270;-2063
472;1547
-1302;2343;1561;1466
485
1344;-354;-1462;-167;1383;1279
33;462
2258;-1928;1018;2222
-2193;-979;1603;-88;-2413;-1551
-721;-1126;1369;-140;-1936
-1670;1590;2024;-1438
-1235;739;-11
1701;1241;125
-1533
1532
2357;199
