-1896;680;-986;861;1853
-2323;-435;197
-786;-1635;883
-1030
659;-1962;-1610;971;428;2031
6
-2373;521;-1229
963;888;570;-1387
-2061
578;773;2086;-351
370;-1732;-1725
1011;1563
-498;-2308;150;1356;-223;-544
1217;-1059;-823;1835;-445;1855
-2295;-2073;1753;268;-238
-1251;-1145;2216;-987;-2331;-112
912;2188
2465;2050;-1382;-1008;463
-1568
1555;2307;-1783
2449;917;2487;-699
-2085
-707;44;-399
-1281;2113;-1668;-263;1910;1788
-2088
609;-738;1938;1565;973;1839
-2449;-1692
-242;711;-1416;-124
2289;-519;199;-895
321;-1475;2403;2343;602;-46
1088;-1922;1528;-1772
2468;-422;1019;2108
1078
-1591
-995;2499;1477;-617;250
1511;-825;-1243;-1037
-1267;-1091;763
-1377;-260;295;-362;107
560;-622
-210;-888;-1034;57;1835;1838
-2438;-2038;-1226;363;1947;-1791
661;1317;1160
1506;886;-2459
-732;-988;-1420
2305;-659;824;808;1992;431
964;-1034
67;2055
755;1989;2293;70;1513;110
-7;-2363;-1212;-1102
2480;2017;2196;550
-99;501;-1275;1355;-2094
1613
-674;1492;-2432
6;826;1435;-1677
24;-2156;-2044
1014;601
-1313;206
657;-201;1740;-1037;461
801;-2196;-711;-1274;1355;-1134
1110
-1953;-1475;-358;-1881;2173;1869
-417;2244;2358
-870;-1048;-2396;-1408
339;-181;1467
1378;1788
641;-1973;-813
-1497;-2027;-1356;172;-510
2376;-1802;634;-1308
-2158
-1617;1203;-970;218;1948;351
1394;-1909;-108
-2179;2295
753;484;985;457
2224;-753;626;1003;1629
-1745;-1735;2334
1147
1906;-2031
-1409;1522;-228;361;1933
1512;-1645
132
-690;1590;-255
-2354;1796;-2168;-1546;-763;-222
136
-139
2224;836;405;-2486;2231
-981;-1946;-2251;253;175
1632;1121;-2099
-577;1345;1730;2254
-971;-1742
2480;321;-2152;-256;271
-1329;418;-1718;1690;-240
2017;2034;-1076;1598;-2368
669
-672
-2458;-1292
337;-1380;-2261;-202;1097;-1855
2259;-1892;100;-937;638
-1199
2018;-787;-1654;-268
162;163;1763;615;826;747
1717
1282;-1384;-2201;73
-1718
-307;677;934;2299;-1725;-1693
-186
912;2208;1716;2005
469;1959;1977;-2347;-1870
-1728
483;-956;1277;2190;782
560;-83;-1300;375;2168;11
-791;-942
1664;-1703;1334;-2007
-2182;1366;-1946
740;-1910;1095;508;-1149
-1572;965;-1094;-551
-642;438
246;182;855;636;222;1150
-1095;170;556;1100
837;-1690;-1934
-294;-2496
-1233;-2356;2308;-1511
744
532;-966;667
752;881;1089;2005;2165;-2046
238
239
2016;1810
-292;45
1396;1924
357;1464;1500
2244;1078
1168;-2445
166;599
-258
-2310
-2321;-1190;-2056;697
-51;-2260
2310
-265
113;-2432
896;-1084;461
-1299
-722;-2423;-296;-712;-2267
-948;1380;1653;1213;-1487
-1813
-2407;-1966
-529;1236;1316;-1947;846;-2224
-2331
-1829;10
-1443;2099;2424;-204;2015
1184;-1984
2286;-463
658;1165
2224;-2242;-917;-748;-1677
1042;2004;2152;-1327
-1313
1447;889
-1366;-1486
-435;727
-811
1836
800;538
2451;117;1370;347;-2432
-337;-1513;1532
-1589;246
-1234;1975;-1576
1169;1073;450;1522;968;1289
-1734;-328;-1339
329
1974;2216;-2319
-1365
-1124;1977
-759;2121;-2219
1091;-235
65;-1315;-1639;844;-1375
2164;1769
-99;1655;-137;-489;955
-433;1689;2217;-2106;1226;2365
-2295;1210;-2060;365;2222;1935
-1009;-2419
-259;-644;1367;-1852;-1024
-2149;1556;-300;-1008
-486;-1190;-1062;-23;1883
2113;1399;619;604;766;-528
1;-1170;-2003;-781
-881
2161;1458;2356;1141;1621;343
2017;452;2197;-764;2107
320;2464;179;2024
-2324;1432
-52;-1869
-307;-1855;-1407;-2448
-391
1504;424
-17;-1906;1393;2178;621;686
1908;-679;-1004;-622
-533;-601;-288
-400
-1936
-2305;1458;-2083;477
1432;2045
-150;-1383;745;1243;-2398
-2193;-2308;1019
922
1573;2311;-911
854;71
1952
2329;1260;605;831
-420
1957
-790;2374;1910
-130;242;-644;-2196;-1813;-2029
1173;2472;1705;313;-1136
-145;1094;583;-1965
2481;934;-2376;2155;2283;591
-641;-198;1178;-59;-126;-1104
-1352;-1136
-1464
133;-1352;-2169;-1515;1903
-1156;2472;-1756
-178;1;-777
-443
-484;1943;473;-1422;959
-449
-339;1523;-1881;-636;-140
-925;-30;2429
2214;799
-1479
-1863;-2206;1054
-1153;-1122;1554;-1277
1487
880;-1011;1285;1623;167;-1968
-1329;33;-1860;-1592;-1609;-252
465
273;-1314;1045;-1881;-2173
-2370;-1943;-24;2332
-353;2323;2212;393;-237;-797
2050;-1622;2423;-2106;1785;-524
-1138;-1386
-34;-266;1228;2157;-990;1453
-2418;1940
479
-438;1175;1278
-883;1285;-294;647;750
-1380;-2437;-1084;-1216
-1010;178;2386;-1655;534;1086
122;-1965;-2238
706;-55;-1741;-944
793;-2350;-528;1583
1648;-292;755;2076;2460
-2443;-2187;925;-383
544;552;-2112
