-119;-535;-135;1335;2159;1391
-2049
-2049;-474;985
-755;-278;-2041
-1227;2253
756;1078;-1838
-885;741;2502;55;1224;-1582
917;1205;1983
-1926;540;2444;588;-2238;1630
-1380;-1357;-351
16
-2466;1703;-2283;-605;-1487
-2150;-2327;1239;-712;-2328;-400
-599;-447
-817;-2101;-374;-2363
-25
-1475;-1736;553;763;334
28
2079
-533;-28;-621;893;-256
1348;-1222;872;1594
-243;2121;-556;-1870
-245;343;775;1723
1472;-170;-14;-2352
-41
1136;596;-1371;1388;-1197
176;-451;-2404;1910;237;1085
789;1226;-1500;-558
-44
-557
-802;835;-871;889;1882;1183
-558
2326;2328
1905;1394;2158;223
-515;-2094
-166;1975;-780;1582
34;-781;-847
-2404;1638;2104;1356;-1613
-625;2338;931;-1802;-174;1950
1395;-138;1947;446
-1529;2331;-1949;1213
850;2072;1307;-924;1966;-80
-1682;-2488
722;-1309
2341;1323;1227;815
1298;313
468;1418;750
-1477;-107;-1567
128;2182;-2264;-1752;-921;-528
2342;-1817;1497;-1707;-910
545;1671;-2204;-2382;750
600
913;1508;-1559;520;-2250;958
-659;-805;229;-2442
-1464;2443;140
-913;69;2479
-2001;-2005;-2230;-1146;-2172;1262
816;-1016;1324
2194;1810;2196;-1132;157
-2002;-995;153;-1358
-1457;502;-688
185;-2266;-1612
1819;-172
35;1140;613;-1096;956
1492;2205
-534;-1383;1561;891;1116
1249;-1924;792
-963;1381;1929;-1711
2021;-361
-259;1076;2469;-88
1984;-2018;1778;709;1772
-2339;-2342;-1211;1662
149;-12
36;-1208
-817;-361
1460;10;1246
-2205
2490;-1821
1824;1781;136
-1184
1425;775;-2041
160
-1157;236;1309;2255;1103
-1906;-260;-762;667;-29;1612
-532;1332;-966
1703
-804;1528;-896
-2338;-1066;1179
-372;630;943
2064;1121;-84;2199
-2042;319
1989;-1671;1918
677;-1831;-2108
-1214
-1652;-1206;1958;-1560;-761;-42
-1966;1775
-225;736;2289;-1523;-1990;-505
-1351;-359;553;794;-1883
-2243;-2052
1633;-1429;-455;-1627;2363;-1708
1737
-89;1947;1021;846;-1984
-193;-739;-1332;1976;1065;972
-179;-1268;-2173;845
-1473;-996;-2298;-1211;-334;-1071
-195;1116;-1247;927;-816
-1187;627;-827;-268;-1120
1316;-1914;-1755;-764;-1196
-1348;-2455
656;-434
2271
-2002;1778
1843;941
2224;-2227;-1653;-1014;73;-2236
-2486;309;267;-1773;-831;-1344
-962;-1124;1560;1263
-1379;2341;2134;-728;-2141
1765
294;-526
-232
-337;193;-1780;1500;-206;862
-243;-2389;-1239;-1148;-2111;-272
368;771;2250;2107;-2190
2416;-1972;-489;-704
-1778
995;-981;1253
-245
-2147;-40;557;351
-1716;-1099
-776;-1769;-1295
-256
-1141;297;538;-139;30;1695
-547;-2272
2309
2181;-743;1127;-2301
1843;-555
-1090;-119;252;-2384
2195;-84;-967;-875
180;679;-2409;2313;906;139
2000;-1990;-1099;427;-1662
-1618;-1299;2424;441;842
791
-2331
658;1347;-2040;350;-31
-1481;1193
-1015;-1321
1823
-148;-167;2504;-861;-526
-2134;-2074;-954;-2303
419;-2470;1561;-319
-1620;2116;-1496;702
-1383;61
-1683;1981
833;1431;1833;-479;1295
-1156;-2359;43;1628
-2358
-833;-502
2486;-126
-2364
316
1714;-1701;569;2090;-1310;-2192
-2341;-27
145;174
-1857;2235;-2141;-2237;-303;910
496;338
448;-2247;2006;-2423;-155
-806;1129
578;1074;-461;158
-2451;-2486
328
-1506;1651;697
1360
849
-114;564;-1912;-926
-1265;321;1284
-2435;1669;1094;-712;43
-1798;-840;1863;-2396;2316
-405;566;-1786;-1278
295;-2176
-81;-1608;280;-989
1972;2501;392;1243;-124
-1143;-376;172;991
-121;-1773
-82;-2053;-1896;-425
-2247;-248;-430
647;1052;-2382;2270;-2304;-1696
-878
-1106;1975;-665;-45;-2063
-1428;646;1149
408;-2314
241;905;-301;462;-1680
1249;-725;-2373;-215;-507;-2413
-1076;-825;-2062
929;1444;-709;2125;1198
-380
-1428;2196;436;-823
1407
-81;-1442;-405;678;331;-2030
-1147;-1292
1189;-1195;1420
1415
-2113;-2065;310;-107;1021
-2102;1704
-1935
1648;-1030;1736;2141
-963;-2072;1256;-763;254;-1184
-2499;-1557;439;-1903
225;-1143
-406
-919
-1093;1000;1433;1227;2447
409
-72;1064;955
16;368;-2146;-856;668
-416
-1271;-1196
-657;-2197;-261;1769;413
-1959
-2449;1282;-1686;73;-2254
49;59;1599;767
2116;-1177
1175;1256;2429;-1360
1965
-2163;-1853
-2338;53;825;-1694;-350
-2487
-104;1055
-1467
-227;-452;-1172;1337;1532;-2496
-970
1460;790;473;476;2380
466;-1428;-1387;-2208
2470;1994;2141
771;-1238
2466;-1450;-1483
2433;-617;-1916;1356;-2254;526
-2004;1814;998;-216;1417
753;2164;1431;2282;-2060
-2018;-2164;-951;-975
-2209;-857;1564
240;237
479
1814;-311
1249;1683;518;623
1857;1736;-2426;1116;2303
-1076;-357;716;223
-88;-1432
-2035
1014
1015
-737;-2503;2058;-2400
734;799
