-565;1078
1188;861
278;2106;-1867
2308;2311
404;2215;-1072
2132;-988;-108
1296;764
-1266;914;-773;-1018;-1036;1118
525
1986;-711;-1802
-557;383;-1088;2303
-481;1414;-2487
992;-1361;1412
-451;985;-1582
1271;-1530;287
993;261;1338
-2355;-854;742;-2174
243;-1306
-1618;2433;1793;6;-2062
1363;-1764;-664
1408;-1971;1506;1827;596;-254
-227;582;2200;443;445;701
-1590
2194;-1845;1693;1518;2271;1391
2272;1828;-188;-1709;-448;1887
1251;-2341
2113
116;-1848;1258;1053
1329;1618;-1958;138;-1711
1097
2249;-636
1617
17;-612
1107;-660;-1638;-1455
513;-1317;1272;1193;989
-2070;-1096
-1410;-1718;-2040;1160;1401;-1072
-96
609
-945;34;2468;1613
1905;1077;280;-878;-191;-2095
-23;-1623;-491;-1548
-1953;-1975;2439;-457;-716
-2017;-1027;2003;-1737;-2300;876
-406;1983;-1472
1698;-327;-810;-669
-2163
689;-1543;1209;1707;-1948
1793;-1302;1673
-472;-1932;237
2167
-66;1891;1368
2002;-1366
2289;2162;-2222;973
-1672
1505;1703
785;379
-2227;1796;-2279;-664;2062;-880
405;-1515;-573
1770;427
-2466;1274;-2221;2239
1174
513;1426;1107;1240;985
530;418;1301;-761;2200;-464
-1618;-1907;1076;2421;1717
1985;216
1105;-2164;1724
-669
560;2228;-2039;-2232;2058;-1757
-116;-580;-2316;-1246;-1535
672
-2097;-1475;-775;216;895
-1670;-950;-1129
-505;-172
1190
678
-116;-1448;1209;2063
803;-976
599;-1770;478
-2132;-2501;-1382;714
-1909;-1977;555;77
2405;-135;2089;-1884;1805
-2234
-1442;-2434;1881;-2474;2091;1166
-1762;-1603;775;2398
-1729
1687;60;541;-47
-1106;-277;-1095;-1561;-189;-63
-1731
834;-1108;2006
197
-2290;1318;-1787
739;-360;2137;-1804
2464;1453;-1198;334;2270
-2145;-550;1465
1779;1546;-95;559
-485;1717
-1499;2220
2066;-745;-1049;761;1737
160;-422;649;-2155;-220;238
-129;-785;689;1468;2028;526
-1556;903;-45;-31
-1777;2152;-42;909
-1814;-2057;-1053;606
2490;-828;-2397
-1139;-2403;-1460;-313;-458;428
-962;1842;755;292;-684;-1981
1129;1434;-1311
-241;1572;1973;300;-304
1184;-956
-1254
-2278
-1957;2362;-2030;-2238;-1488
-1106;1210;-220;1118;767
364;-127
-1761;-1236;1831;-617
1890;-1926;-1239
2161;-1107;-1796;792;1226
257
-1363;-2044;45;270;-751
416;307;182;951;-136;2124
338;-180;-709;-933;-1800;1999
1491;-2120;1033;-1914;-1628;2364
2310
594;-265;-2443;2380
-865;-418;627;2108;399;-560
-279;10
-2166;2408;27
-2097;2100;1931;1407
788;1529
280;1290;2445;-1696
-2019;-2151;1850
-1922;818;-1948;827;-318;734
-274
426;1946;1997
688;-290;1143;2141;-174;861
-1591;-1899;-1835;1243;1215;-1504
-865;78
-514;2321;-1363;1204;740;1983
279
1713;-1523;1800;-157;495
34;2262;-2266;-331;-1517
1681;-1379;1004
-994;530;723;1464;-1930;-1613
288
-1490;-1831;-1209;1679
-1253;-2166;54
2426;1962
-129;1960
-952;446;207
-101;1302;1831;-2201;-124;-1006
301
1328
-435;-2020;-201;2350
-877;2206
-1843
1732;-711;-202
113;-1014;906;-316
1360;-2185
-71;966;614;-2201;1007
609;-662;-2311
-317
532;-1677;1069;-2254;285;-1344
-273;593
-1538;-1235;170;2013;1423
838
195;644
-1352
-753;1593
1506;359
961;-1916;-1677;125;-2431
-131;-1411;-2453;325;2151;-1373
-849
-1618;-964;-1770;2478
539;-1901
-851
248;-2125
-1798;-1494;-1661;1535
1096;-2204;2108;-1933;1279
-433;-1752;1672;-1372
-1879;-2056
-1717;-172
1968;945
-836;2213
-531;-392;-1482
-870
-2438;-73;-1273;-1183
-405;726;-1464;-2104;280;45
912;277;1733
1121;1209;1769;1899
594;1506;-1267;2038;-344;-1645
2208;1078;1414;-2344;27;-2012
2112;-742;-1454;-1312
-1121;247;-1596;-2509;-2111;574
672;-1585;-2453;-582;-10
1912
1104;-470;2213;1337;-315;-924
2434
1155;-677;252;-1118
1825;-1415;1947;1615
-1970;-981
1484;1677;-718
-228;-1193
1728;1190;1497;2332;-2253
2481;995
1347;837;1302;-2220;-2349;1487
-2417;-2466;-1429;-240
976;1360;-947;1578
1434
-1458;-2029
-2091;140
2293;1706
-2220;910;287;2463
2419;662;2076;1917
-662;-2319
-811;1231
-487;-2471;-1850;-925;2206;-992
16;920
1419;667;-2511
429
500;1611;588;-2269
-2372;-1718;1510;2201;811
1361;422;152;728;2029;1887
338;679;-2478
950
-706;-546;-1651;-1130;1515;29
-953
453
1173;-2439;-487;1736;473
-969
1210;-541;1327
-2345;873;-2061
-1321;346
292;5;2395;2445;1982
-1491
-1864;2330
2005
1203;-729
-918;1894;-1451
1107;1268;-412;-1008;-480
-1091;-1971;426;-827;1418;-992
2015
-578;1106;355;-933;534;511
-1154;-1268;-1135
-1157;645;-1005
494
1187;-2197
-1399;-1966;-2255
1266;-1126;-2343;-1884
1020;653;366
993;-484;966;1898;1230
-2047
