2336;-1401;1625
114;823;-2475
-1379;2405
-515
-276;1738;1100
2226;979;1246;671
576;196;-1174;-39;-2125
2056
-1441;-707;308;-2424;1183
-390;-1080;1639;-156;-1053
-1736;1483;271
2069
29
-353;-708
2086
-1832;254
64;-1415;-1592;-2473;1278
-1473;-2098;-118;1431;-2394
-529;574
2512;1010;1491;759;75;2398
-981;-1721;-1451;-2219;1291;-2143
1047;-1616
-1971;-582;1982
-2195;499;-1561;511;1663
-61
-2411;2156;765;63
1905;1582;159
706;-644
-817;2418
583
585
397;2239
1553;260;313
1392;2270
-1924;-1142;-1111
-1106
944;-1351;413;2125
-1111
1360;-1269;566;-2280;-624;111
2138
1989;438;-232;1385;-1440
-1206;-377;-1017;1371;1819;-2220
-2351;-303
-965;1079;-1744
-211;-5;-1926
-450;-2444;2221;-2494
-1252;-2154;1262
-1793;-597;-1803
-471;2107
577;-102;1181;846;-1375;2046
2435;1767;2156;-2159
2468;-1945;-1193;764;1933;-383
-342;-57;2408;-441;1998;1151
753;-642
2499;1430;614;-905;-521;-957
-118
805;-2232;696;-1437
-1274;1035;-2448
-1218;2483;1076;-918;-1295
180;2510
1232;1409;-1163;923;-1758
-2184
2433;1219;1144;459
-81;-1911;282;1115;1755
-138
2048;-1910
-244;-919
1794;-1934
-100;-1577
261;-1095;-1359
65;1027;77
-787;-517;-2182;1431;-1721;1070
-2195
1104;305;-38;-712
-865;-2181;-1199
16;-259;-38;2231;-265
-947;281
2506;-304
701;-1376
-2114;2;-837;1759
-257;-1457;436;-440;1883
-2145;2314
169
-173
1031;-2074;-2219;-926;431
-2003;-2436;-102;-1271
864;-2242;1448;109
-1627;-1629
1726
-179;1302;-71;-861
-401;-594;-2199;2105;-640
-707
-692;563;1994;-2062
-1512;-1246
-1671;-1600
-1236;219;-973;767
1735
-2249
1043;441;252
1700;37
1920;-1956;1078;-1337;1307;-1215
-421;294;1082;-1470;2254
205
1088;1714;2103;-555;-1072
-2050;1458;-1972;-2252
-209
-377;-299;1114;1307
-2258
709;-1431
-1624;552;861
1235
-358;-408;-1898;-2347;1279;1983
2402;-1677
609;1395;1368;2329;-1054;1711
1681;1606
729
1696;2226;-2292;-500;154;-1504
1394;-963;-1879;2138;-1999;-960
-322;1346;727;1258;-685;1996
978;-775;-1965
-2278
438;-122;429
-1508;-5;2261
144;-1011;-1043;1589;-111;-832
-2009;2330;943
-161;-903;-2250
1840;-2248;1415;-762
-1523;-361;2296;1372
2299
-470;533;-1020;-1855
-1286
1107;-841
2112;-1038;-1806;-527;991
-1745;-513;-725;-358
-1399;-409;2078
1667;-1396
-1270;44;2012
544;-1970;435;180;-1016
1075;2231;570
-51;-852;-425;1769;-736
-2344
-956;-2416
1920;3;-1622
-2146;-1525;-220
1569;2337;-12
-2359
-1282;1249;-1096;-1743
281;-188;716;430;-1552
-1;-1794;2002;876;765
-1413;428;-1888
1849
-276;-1975;822;-423
1701;1181
679;2312;-621
1479;1575;-2219
2289;-1010;2499;-677;2021;-697
1355
-844
-2429;-783;1855
1870
1568;-3;1842
1584;2067;1804
-1283;-1711;-928
1376;-898;1993;939
-66;1386;1579
2080;693;-1654;-2375;2301;830
1363
-1683;1763;361;1948
-418;2130;1385;1341
-1922;1178;2107;-1020
2006;1207;1737;-1535
-498;-1939;355;196;517
-2484;499;1211;1118
2134;2136;1708
1186;-677;968;1945
1424;-136;-1608;-30;686;15
-2451;710;1735;-1887
57;2349
1383
-2452;1973;807;-234;1068;733
-562;354;1084
1921;-386;710;1706
2280;139
-1911
1296;-919;-2058;-235;1023
1088;-2130;1304;1048;94
32;1730;-199;362;204;1324
1405
-355;1922;-1895;1625;-1680
-161;-229;1125;-1158;520;2335
1425;-1798;2039;-1674;1418
-1074;1972
1030;-1933
2440
2306;1174;-423;2027;-784;2239
83;1849
-1833;445;478
1280;1011;1179
-1713;1329;-1620;-1980
-1937
-2450
1296;2211;1078;1735;-910;-1424
-1985;-584;-907
917
1553;372;-2086;1863;-783
-611;-1635;2052;874;-764;1005
-2481;-2088;-1224;-157;-1630
-2399;959
1664;-1829;1125;1334;-1916;45
-424
-274;-282;-2335;-608
2161;1188;-1275;202;2363;2446
-1305;874
2416;-786;-388;67;-1771;1405
-2259;1606;1085
1443;1364;536;-2509;1965;-830
688;-1380;1588;-1077;-1277
-978;-120;1399;-1248
629;103;-2192
1971
-129;-1203;35;2376;-636
-1826;977;-1181;-1487
823;184;974
-1476
-1714;-788
2290;1255;-2063
-1732;-276;1927;824;-411;1150
2086;-92
982;-10
2511
611;-502;-2364;253
-979
1201;-1012;2326
-2084;1190;-2105;1503
-1601;902;1079;40;-1567;-1888
1507;-521
1172;2196;422;1805
34;820;-776;-1067
1205;-728
629;-567;-1564
272;586;826;2380
2019
1765;-1677;-47;-1551
-1520
7;-505
2;-1607;1210;-1211;2363;2300
-340;553;2334
499
-229;-77;1133;-1328
-1985;971
920;-2186;2137;1166
1330;681;1017;-1614;-911
