-1178;-396;-1405;927
-675;474;1740
-2293;748
-692;-1366
-11
1429;823;1672;2232
1712;2048;-555;490;926
738;115;-870
2418;-1413;2070;999;952;-1424
1044
-1355;-284;-2479
2450;-1404
-26
1842;-1779;-2139
-1844;-1769
928;1149
-964;-1861;391;-2412;-2352
1569;1535
-1570
1254;-1804
-980;1019
-338;-1247
1537;965;1710;1982
-1589
1058;660;-1336;-329
-2103
-1777;1139;2231
691;597;696;1662
-2457;-1819;-909
1092
-1826;1243
-822;-2120;-201
1141;-45
-1940;1523;2329;-303
-2218;1834;-2253
403;23;538;220;430
1614
752;-931;1589;206
465;-1058
2496;1059;471;-409;-1613;2174
-2355;915;-1765;2216;2170;-1776
-1619
2450;197;-216;-217;761;-844
-1798;-841;1434;2315
2432;-530;-1241;-575
-1653;-951;-1833;300;-48
-294;1784;732;-2157;1133;2477
416;-1362;2050;-791;-2074;1853
2140
-1907;277
2486;-521;-969;633;-2429;1406
1444;-2006;-1240;-554;-301
-753;1632;429;-846;158
273;859
-114
-401;2050
483;-36;2151;-1372;1899;1085
1483;427;1278
881;-763
2167
-914;134;-1198;-703
-2356;757;-1016;1335;2424
-913;434;1362;1140;-2144
1530;2175
1265;-226;1509;1862;-189
-1718;-1947;-2365;783
2277;-518;-1239;-617;-1518;2254
193;-391;-1467
130
-2249;-1981
2227;520;459
-1381;-1383;-1322;686;-1856
-902;-537;-1899;-1919
-501;874;-1852;318
-34;-2310;-1671;-2235;188;-2270
-1677
-1937;-588;-1200
-2325;-1095;701;2222;2175
2191
449;1094;137
-2193;833;755;-1156;-2329;-1689
2386;1352
-2206
1876;332
1473;-1704;-361;-1561;-205;-877
2217
-2211;1715;2201
677;1734;-2490;-92
1708
-173
1098;-923
-1201
-2369;-120;-1098;-365;157;-479
1971;-1320;-473
428;-607
514;-995;1926;2108;-1614;-224
1924;-1742
-1170;1155;-923;-381;1774;-272
1090;-903
1751;345;2190
2131;1035;-1439
-1747;-2030
2064;-2259
1731;-1268;246
224;-2243;1028;1256;2492
-1747;-186;-316
979;469;444;-2096
-851;1110;-975
-1422;-832
-1896;-344;-1038
-973;1181
-2068;-794;-2474
-1300;1753;-1694
732
977;1295
-385;612
2275
1764
-246;437;-1640;-1468;-2432
1257;1628;-96
229
-1769
-869;-728;56;1774
-2331;559
-422;1142;-153;-331
-1262
-239
-145;-211;1813;-455;-1626;-2176
-2170;2089;-315;2172
-771;-1178;684
-1464;2347;1918
1526;-1769
-1609;-2317;94
-929;1301;902
-2002;-1453;-2381;-1487;-1120
-34;-2132;-1158
2299
-2303
1300;1002
-2063;-1776
-2372;-837;-1049;-1132;526
1424;2230;1116;-1950
-612;1048;-175
1634;-597;948;22;1388;-1086
2071;750
-2337;-1009;-1123;485;2501;-2364
1173;-2295;2381;1055
-781
-1299
-2374;-1403;1454
-1730;-1188;-1860;-2394;1597;174
-1425;148;-543
-50;-420;1796;2427;-669;-2287
-438;1526;-2140;765
640;1447;1944;-1695
-312;1624;74;-2028;-1184
134;156
-1954;1955;1395;-986;906
170;637
-2466;-2086;-1037;2221
352;536;-859;782
-71;-583;-267;108
2446;-608
815
307;2004;-487;2328;2300
-2358
-312
-466;1633;-245;-73;1385;-1408
1158;-328;311;1735
-1363;-933;935;1821;-143
1634;-2310;-422;1255;-988
451;-903;2281;1564
-326
-839
-2378;-557;1581
-2273;-2388;1767;-1021
2258;1657
2135;1789
-341
1522;-164;1737;-2267;1757;829
1554;-2039;2470;-1272;1159;1031
-2393
2164;-1047;1275
-1490;2260;902;-1327
-1882
743;-1497;1305;-1930
2403
2246;599;807;-589;2414
-1897
-2056;360;-2251
432;-2157;652;1118;830
-13;-352
-1059;4;1732;712
-1926;-2027
-2082;1361;2116
-289;65;-1750;-2281;1834
-1910
-1057;-1122;1314;-536
-1635;-421;633;15
2225;1891;-53;1991;425;-2507
-1635;-1766;-1159;1276;2381;-1024
-1393;488
-737;-706;-2247;1277;-32
1680;853;-215;-895
2454
2451;-505
-1300;-2185
-178;-1021;-270;31
1541;2472;-528
304;947;1323;1935
414
-1010;1969;-1374
1024;2468
-2309;-167
-946
-1109;-2159;-751
-1382;408;-74;-2413;-1583
-1763;1481;717
-1474;1399;-2409
-417;-2196;964;1381;-171
-1080;-959;575
52;-1823;-2256
950;-1401;361;605;1981
1298;-2403;-2245;-1037;-1343;-864
-693;-2317
2151;-568;1944
2487;-495
1635;359
1996
1862;-968;-395;1132;-2093
2101;-889;-778;1564
-1047;-266;89;249
-1698;-1061;-1162;-1695;-2016
1360;1585;594;1021
-979
-680;1147
-360;-974;-414;639;-896
800;-2295
2005;-461;-48
1240;-121;2425
1589;2357;617;-458;-1435;1391
-259;-2117;1017;-1488;255;1599
1809;2020;1972;-2249
480;6
-2457;-2126
50;1781;392;-2380;-845
-999;-682;-843;-527
2192;-340;-2346
1746;-1107;1954;1996
-223;-2319
-1427;1346;1098
1698;1095;-585;-2250;202;-1695
