-514
-2066;-312;-1561;-329;-1994;2159
997;-2392;1783;-2058;1150
1777;-2482;276;1975;-2073
-2211;-788;-69;-726;-831
-829;2381
17
-1043;-490;-362;2427
-1825;-257;1047;986;1082;524
-601;2171;-1420;-318;702
99;1716;773;905;-2442
-515;1054
118;-953;-1758
-1057
-2120;-185;2270
1734;1884
-854;-1735;-2056
755;419;-2197;-2120;1453;-2447
-1317;-1798
-1657;-1225;-1145;2442
-2273;686
-1593
225;1882
1084
869;215
576;-2023;1207;24;792
-322;1799;-1961;-1631
578
-136;10;347;171;-1822;1358
2;70
352;810;958
1074;-1000
971;-1854;1470
2003;-2080
-78;1693
68;-2267;1148;876;93
-595
640;-1302;-1981
16;1511;-667;2300;620;2447
737;-1890;-1254;-1609;1849;2078
1466;671
464;1164
681;-443;-845
-1364;1972
1930;-2428;-1135
2;1861;700;93
-776;873
1940;-2025;1274;1195;-1774
1605;31
-1827;8;-236;479;-64
-1059;-582
-213;-730;1962;1244;-1135
2477;703
-2427;1806
705;2116;249;-911
1312;1858;526
-299;1997;975
2097;-2482;466;-1336;-398
-2168
416;1905;-890;-2044;493
2468;1236
-1174;-1001
1296;-562;950;-217;-317
-546;-25;-2107;-1551
-1587;2051;1209
2338;-387;-1718;538;-2270;-688
1040;-1380;-2196;1371
1073;422;-2265;1723;-812
1588;1158;966;-538;1387;702
-2001;274;853;632;-1802;1387
-985;59;1948;-2334;141
-1058;-1653
1328;-2307;1507;-377
2261;-237;-2176
486;-327
-1642;970
-1793;243;517;-1695
-2196;-266;-779
1706
-685
-1058;-2163;-1271;1962;-716
80;-1921;581;-1548;-2494
-245;1805;1693
1393;166;347;-1742;-2398
-359;1466;-1805
-579;-2421;-102;-2285;1055;47
-1187;-2355;-1401;-2314;317;1631
1345;1074;331
246;2380;2173
721;-1429
-138;-987;-95
1621;697;1578;2447
1361;-1030;870;-1928;829;-816
-390;1689;-1949;-2112
-2086;-1257;-2125;-368
-131;405;-1831;-701
-1236
212
967;-1181
-1861;711;440;1578;-1181;-414
483;-669;-895;-160
-1370;-701;2287
-2369;2512;-1738;-1183
-1185;1799;-841;2493
65;-1821
-973;-272
-1154;2337;-773;394;-2192;1167
1382;-57;1498;1500
-1284;-357;-454;1483;1502;-2143
-2277
1858;819;-597;1220
-234
1953;-291;-2474;2154;-1437;-655
2288
1506;-1110;1129;252
-1267
1376;-994;293;-476;1165;927
1477;-2363;-1628;2268
-162;-1427;1302;-1227;-1805
-1272
1617;-1012;-2503;-2237;301
-385;-610;105;-896
-1526;-153;-623
2333;-2494;-1632
-772
1015;-1278
-194;1962;1055
-739;-1063
-851;1630
692;887;-1359;-719;1278
-930;883;-1812;-156;-1326
1281;-500
2356;-374;502;456;-1275;652
561;-2291;-134;-1959;-1853;1310
-209;2026
1600;371;-536;1918
-796
-1586;-2006;747
-1390;-1456
81;-2416
-1923;-1419;492
-961;-1925;-2454;966;-1367;-188
1843;1015
1653;-1863;508
-2066;1430;-1963;763
-242;290;2404;1943
812
-514;-2309;-885;-2058;857
1091;68;-998;1069;606
-2341;-2488;-1705;1769;-1168
-2231;-711;105;250;749
1442;-2084;585;299;61
1344;-2311;-2327;13;2462
1779;63
896;2113;-1059;-1381;-1525;646
-625;1777;-135;249;-956
-2179;566;-632;1834;-1436
1201;291;-2452;229;-604
-1939;-1940;1977;-1212;-781
-289;-25
-1762;1939;1205;1493
229;2137
1343
1137;1914;1450;939
1424;1747;-1370;606;2014
-1058;-403;-1919;1678;-1440;255
-216;1055
-2085;221
1746;-2132;-1450;-2076
-1429;2269
-197;-751;1278
-1377;-1267;-1718;442
251;-1311;-1839
67;1190;-985;59;1963;1630
1768;-1497;-539;-2124
-732;-128
-1825;-2145;-1429;1559;-1321;203
1475;503;1352;2143
-211;-1124;-45
-1169;-2102;-1531;349
-1607;2041;1404;1598
-1390
-179;564;-1462;-1785;447
-199;-1705
-290;-1479;-1720;-975
147;-1401;345;-236;1788;1773
2416
-385;1282;-586;1082
-372
603;-1488
-2018;998;934;1114;-143
-376
-379
-2385;-1067
-1620;-490;-1854
1378;1482;-1968
-2085;-392;-1848;2282;1150
-561;1669;1839
981;-1546;-2047;686
-441;-1998
-1768;1884;-2045
-2033;-1336;-363;-540;76;-302
1427
-710;-1271;-1767;-1264
1337;604
146;2067;-2022;-1414;2059;-1244
-1941;2508;-2512
1297;741;-1629
1314;2042;1150
1328;-1506;1226;-125
-1796;868;1065;298;491
-308;357;1112;-235
-1269;-742;-1206;841;2395;1932
80;-1522
-1093;-1767;-1257;2328;-362;-1339
-33;1331;-1224;350
2007;-1577
689;-1572;-436;86;2057;1659
-1681;1;-901;-856;-1387;-1247
2488
1280;-221;-2015
1859;-1383;-2456
1094;-250;-335;1983
1983
1136;582;1292
643;-70;2310;-1385;2025
1412;1606;1273;-2304
-177;-2325
-2243;1787
198;-1168
-1123;-1626;-1565;783
-1701;597;2073;41;-1037;-1456
114;-1511;424;-334;-1519;1342
304;1693
512;2305;-875;2075;1053
1139;-2407;-409;-1354;1385;157
32;855;-1866
917;63
234;1773
-581;1706;1435;-1565;348;-861
1973;1224;-2203
-1305;-1231
-2025
1922;24;411;235;-1166;93
-707;-198;-842;-2333
-2034
1442;-459;2079
2386;-1529;-2030;670
-219;-2334
-1751;-1480;-745;909
507
-1409;-1149
