-1989;-1495;-2072;-217;1676;-1536
211;-1925;436;-2165;297;1097
1538
178;-2324;-2500;728;843
2001;563
1779;-1597;1871
14
-2377;1338
15
1824;545;206
1041
2065;1298;-804;917;-38;-346
-858;-1726
-2073
-1861;1034;-223
1926;-875
1648;264;-859
1104;-47
929;-4;1940;757
-1338;-2286
2451;-1879;2027
2088
-2344;2488;1403;-1440;-64
1072
162;2020;-2280;1579;-1487;-1071
-2325;1247
-897;-2242;1347;1173;-937;478
512;-1314;-693;2231;-1354;-1999
57
-1492;-932;-297;-1933;-445;2479
-1908;-214;2061
-1906;1522;19;-720
885;615;312;-537;-715;526
63
112;-556;508
-1602
2294;1868
-630;-1997
-81;-1529
-77
-1633;855;188
-433;1299;708;2071;-495
753;-1700;-2214;934;-2185;1769
-2452;630;1657;906;877
-209;1316
1120;-1926;-1452;1820;-1263;-1967
-1108
-597
35;1172;453;-32
848;-2344;1403
-2199;807;271
-177;1928;906
-1123
1921;1460;486;1526;-1448;761
-1125
-1126
102
1126
1923;-932;1161
-2386;-306;-614;-1710;621;-2368
1680;-1787
-93;-2062
70;1718;1390
108
-405;1668;-2250;1615
628
-1653
-1447;2046;1054
642;-53;2089
1931;2283
2418;-709;-23;-1196;1164
689;949;86;956
-1365;-1832
48;-2119;874;45
1663
-641
1910;1863;1704;797
2209;1173;-986;2042;-2208;463
2304;-1142
2048;-236;1291;621
2274;-1718;1417;843;205;-2368
-2194
-1252;-943
-1955;519;-1225;-2444;1886
1232;-166;2262;72;1102;-1792
-152
1687
-2169;2011
2205
2017;1474;-1286
-159
-274;-84;21;-1661;1453;-1663
-2418;-1328
-2232;87;1129;-684
-1700
1972;-1339;-1822
-1795;1874;1385;44;-221;925
-167
1139;-1720;1950;1870
2112;-37;2012;-847
1193
1829;-934;-474;-2127
-1571;-948;1993;1196;-735;2286
1232;596;905
97;-1810
-19;-1828;726;1659;2027;2222
-359;957;-1295
420;-246;-362
187
946;2213;2156
-1299;66;-996;1539;249;-268
-2113;1681;599;1327;2287
-1457;-2281;-43;2045
-2293;1069
1493;-2140;847
1738
489;-1628;-1583;879;2111;1471
2180;-1835;-460;831
1008;1491;-2230;-551;-73;-363
-319;111
-707;166;-1479;2486;-255
-213
548;-1789
-2265
-1721;-1532;716;-1776
-1505;1405;831
1460;1833
-51;-1460;-228;1974;-8
2276
1600;-1833
-1378;-1506;-851;-1445;1335;26
1539;1255
342;1015;-2105
34;997;-1064;-408;-1341
-1272
-70;-2055;-311;602;-2512
-2341;1577
-2337;-2406;1448;921;585
-2304
2041;-2475;-1872
1603;-1702;-991;319
-1795
-980;2266
1156;645
1123;1205;-1005;1678;-624;-1088
-193;-1822;-1328
-33;1843
-332;1118
1956;1576;107;-2013;1741;1519
10;2381;-1599
1307
-1441;-2227;1334
2036;1785;-2512
-1169;1361;-453;-2503;941
1360;1489
804
-1319
296
960;-258;151;231;-1392
-1846
-435;858;1692;-413;45;-1438
1812;-1131;619;-479
-1537;-535;-216;953
-1858;-1095;-56;-1674;-748
-985;-1374
-1282;-1379;-2120;-1385;1244
1337
827
818;1036
-241;-1287;-1672;-189;2477;-1456
-1955;-2120;-698;-701;-2366;1357
1685;1669;-455
-747;1086
-1717;-581;150;-2266;1001
-1366
-1138;1480
609;2387;934
2048;-1475;1571;252
-194;1027;1914;-1853;-1421;-1358
-1492;-393
-869
-945;-1538;-1189;1926;1389
193;-2086
-2469;-504;1081;1900;-2414
2487;-2123
528;-1609;-265;-80;-2016
230;-1095;1641;812;2030;-2223
-888
-1875;580;-572;-1582
-1683;-552;1502;-672
963;1980
-406;933;-1416;2427;1918
1105;-229;1045;-1419;-1404;-1534
1415
705;-690;1764;1689
909
1203;1732;-344;-1165
-930;1832;505;2314;1290
-1729;-306;-2404;949;2441;-382
-930;-1014
1984;-1138;1236;-744;2026;-2445
1924;20
-385;-484;-2074;-541
-1380;-317;-2478;-1872
2270;-1343
-372;-1687;1127
1189;-1612;-1021
2464;1539
-1507;1527;-1896;2298
-244;470;-745;1273;-331
-1236;724;935
-1961
1449
1921;1034;2078
-2305;1378;-618;1115
-465;1407
-2225;-2392;-1448
-1970
-1468
656;1026;1325
-1924;452
960
-1361;69;841
470;2030
2503
2048;85;890
-101;1972;-1407
-2225;-1890;989;-607;-1344
1955;-1883;-1054
1024;-898;675;-938;2143
2008
-561;88
2141;1406
1746;903;-235;-2300;-1102
-162;-612;-1334;-1952
67;-2084
1847;-1484;2059;-1228;-2190
-743;-1706;841;-2460
417;-1398;-1577;1162;-11;923
756;-1241
2496;612;1365;-345;-2107
-1512
256;-2313;-2015
962;725;-175
-2026
-1009
480;2448;-1916
1601;-116;-422;614;1370;14
-869;-663;-1021
-2129;18;-2262;-728;2265;2331
-728;1738;-1516
-467;-21;2469;-232;2344
