-2132;-73;2508;-2415;63
-1122;276;167;-568;2271
1
-90;92
498;40;-541
-7
-1793;-58;-1406;-1359
258;-779
-1393;1402
-2492;943
-649;633
-967;2007
-130;-1510;1622
1528;1561
-162;-308;-970;729;-1979;1647
1227;188;-1870;-1104
-1410;1729;-66;2354;995;1030
-1809;2345
-1894;487;-603;892;-448
-1121;-1469
195;-1925;-1336;1338;-864
33
82;-1556;1508
-593;808;2028;-637;990
-1988;1764;454;-2316
1576
438;-1528;-2026
-1492;-1846;1557;-2070;986;-253
-676;-955;-333;1404
-1080
-444;-637
2502;-1933;1023
-2018;-530;-706;1126;2186
-1573;1975;-2392;-1240;-925
2181;1975
-1890;-1412;-501;5;663
66;-1892;1510;-856;2268
1184;1041;-2403;211;2469;-381
-401;1444;-873;-473;-1869;-2510
-1969;-1075;-548;1238;-1241;-1599
-1607;1532
1344;-1779;-1371;-831
-1047;969
-595
1799;1867
871;-552;-266;-412;443
2408;1773
-1625
2466;1752;-1565;1198;334
-1627
1219;2025;1967
353;-1472
147;-709;-1928;57;-735
1631
-616
-105
-1642
-134;-998
2333;-2222
724;412
113
1249;852;-2124;-302;206
192;-1062;1815;-315
2171
-125
-467;1267;1784;-1514;-1707
848;-2100;-870;293;-2395
1606;1593
-174;2350
-1305;-362
-1159
1569;-500;1764;-600;974
-2184
1829;-2462;-1552
-2291;99;-2421;822;-1785;1341
1585;626;-152;-1100;1230
-579;1522;149;1766;-669
84;2037;-1019;-446
-408;-1273
-2194
-2470;-71;-2393;1016;699
-1;-662
2096;107
2144;-2274;-539
-885;-1721;-1977;1354
1809;2228;-743;858;1755;2445
-483;-1214
-1698
2177;899;-1828;451
-677
-1058;-1542;-126
-1939;-1528;-797
-2153;447
1706
1201;-2397
-1391;-832
-1711
-2502;2294;-1054;1949
-1236;2437
-2065;786;586
-1718
1206
2053;-1702;-2073;-1536
258;-1555;1479;57;-943
2371;1987;-1300;140;-1981
-536;735
1024;-213;2293;-1291;-589
-644;1356
-206
-1230
2336;-2402;2244;1451;-1517;-366
722
-872;296;-1562;-1147
1722;-1935
-2385;123
-403;773;-151;-2027;700;893
215
-484;-2071;1927;2312;-956
864;-136
2052;-1835
1763;-8
-2025;653;1150
371;1876;220;-703
934;633;1257;-2382;-1696
-1620;1699;-2293;-901;-1726
-1835;-1982
-2283
-2402;-482;-1448
747
-2323;-789;-8;600;2154;-1918
-1262
-897;1187;212;1069;-303
-916;661;-1655;-71;-1342
912;613;-599;-1402;1753
-1877;-1254;1996;367
-1618;-1075;-502;1401
771
-501;-1881;-427;-526
-327;-1336;969;61;-1166
1227;573
452;-583;935;-522;2031
-1346;1619;533;-231;605;-911
-1026;-2357;949;-777;2395;-990
-1976;170;-2429;1405
688;1954;-1094;2023;2330
178;1702;2489
-1969;-770;1435
1456;-467;-1379;167;1018
-1265;-663;604;1039
-287
-221;2046
832;1452;-1904;-1696
-923;-860;-1069
497;1346;1843;659;372;-1353
-295
2034;1670;174
-807
-373;1173;-699;-2444
853;472;507
1681;12;143
1836
-1001;-891;-2507
100;-457;-2282;477;317
-1201;1514
-2353;1841;1256;1498;411;-1311
-1957;1205;262;-377;-1709;-1327
-323;2179
1043;-742;2167;413
-2225;738;-24;-1884
-324
-33;42;1853
-181;1846;1304;41;-1659
2147;1285;-544
71;1544;767
790;1082
-195;517;-841;-1805;-2111
-306;-1170;-1241;264;-1551;-2480
1402;476
-1769;-1135
-1281;-228;1876;-1559;588;-1791
758;1161;-2396;-1919
860
928;-1348;-1141;156;2205;1085
-2399
-19;1987;1747;-1420;1644
-979;692;-2118
-1857;-515;679;-1225
1233;-562;-2467;-923;-77;380
-533;548;-901
-866;-1622;-1373;-446;829;30
-100;-1467;-2013;639
-2118;1941;-859;2171;-752
2064;2065;1218;1180
-1729;2485;1064;-921
-1178;-780;-2014
-2438
672;-55;109;-1632
2387;147;-2407;70;-488;-2154
-323;1924;-2476;1390;-1936
-776;2199
1425;1022
113;-498;-1844;-1245
2450
-372;-1156;-887;-919;-1032;377
-1281;-149
-1539;-1722;2313;1359
-1284;1846;-1596;1419;2076
-1442;1941;1450
-1507;-1413;458
403;2341;-795
-945;-433;2055;1784
435;-1847;-1578;1039
-2468
934
-1669;-1862;-1468;-2080
2472
576;2211;-1784;-520;-58
641;1528;-719
1730;-1508;-2022;349
534;-216;1647
-2481
2227;-908;2204;1692;-1198
-327;-1047;234;-2367
2290;2196;200;-1291;-670;271
-1466
-1650;-1346;2274;-1639;1919
-501;1543;555;2431
-1956;184;2219
-1124;-566;-1066;-1995;2127;1663
613;839;-2155;-1612;12;318
346;107
-1991
2416;2136
-1995
294;678
-1139;-1370
1655;-681
-1062;-1451
-1075;1333;-887;-407;-235;-222
-983
-1145;159
1015;301;1213
-1001
2325;-2327;1007
-1672;1227;939
-2032
-854;-2205
-1731;-980;-2399
-529;-945;327;-1916
-1274;-2303
601;-1723;1627
288;-1863;-473
