1010;676;521;2204;44;157
1321;-2397;46
-1573;117;-2406;810;-540
225;-2085;-2389;2183;2104;-1072
567;-1000;1549;1455
-66;-361;414
-1303;-1976;-731;1947
527
676;-519;-2105;1420
-1557
-547;-1094;-1673;220
-1546;-524
-2002;2485;-797;-1262;-494
2224;-2484;-1047;-765
1841;-2214;-1174;-743;-2344
-694;646;1513;458;-2462
-2113;-2066;1091;375;2173
1323;-95;-688
1153;-2070;-2310;125
-1860;948;-646;-1193;-1376
-580;36
1941;-1831;-2190
2080
-1556;1875;150;-1403;-637
-881;-183;1447;1292;-1327;-2432
36
-1284;2404;692;-524;2492;-1695
1063
2230;1206;-1610;-43;-878;2206
-131;1260;-526;-1246;1086;2158
1987;-405;-1023
880;-1682;276;-1893;-1805;1103
1506;1641;-861;-574;-640
2501;-1641;-810
-2100
690;386
771;-938;-1936
-146;1317;-604
2208;-2292;-1320;-283;1628
-1540;-471;2093;-143
-833;-682;-763;-2124;-1805
-210;-138;2348;-1936
-578
2196;-120;2297;814
70;-1163
336;2036;1124;1755;-1086
-1607
-921;984;1546
-1202;-691;1128;1994;892
496;1670;534;-2328;-2364;894
-1041;-2114;-1298;-1252;2499;-2503
850;101;-873
-2129
1489;1850;-685
-593;-1552
-130;642;-995;1604;-510
100
1426;1749
-3;1234;-1124
-2504;347
-1351;966;-2140;365
-501;901;-173;2511;-864;2335
404;221
594;-1141;2200
-631
2134;-456;495
-1877;-694;-1416;-2013;-718;1470
-530;-740;628
-1825;1808;-1939;-1540;-1018;1821
993;-2070;950;-1146;1566;1887
388;-1546
-2439;-2477;29;991;175
-1233;-883;-1332;1212;-1487
673;1441;-435;-1780;-1063
428;1759
728;1563;1628;319
2352;-2426;222
1408;457;1868
-1688
152
-1138;2258;-2324;646;2331;429
1251;1513;1999
-2371;-489;207;959
-675;-1019
2051;-2389;-6;1942;-927
-1297;-2329;-1900;-2316
151;1881;-1645;2334
-1330;2147;1847;1991;-1870;-1087
2393;682;-863
-678
912;730;349;1758
859;1869
289;2324;2389;397;-623
1205;2295;-1530;474;446;-2207
-194;-258;-2484;-2038;-2286;1966
99;-1128;-174
1394;322
1793;-2467;1011;1528;-2046
-869;2073
501;-320
1719
-184
101;-1158;-2011;-1726
-722;2273;1709
2121;2171
1360;1399
-1738
582;-616;2152;-538;635;-1502
-1233;-1941;-1157;1053
580;1305;-475;2380
1172;-1142;-1030;2070;1800;921
-1605;-1992;-1528;-205
-1125;-490;893
930;1890;-983;-2487;859
-2195;2357;-107;907;1295
468;-1593;-2158
1746
1184;1953;2322;-88;2010
2195;-1671;1274;-174;638
-465;2448;-979;-1220
2419;1079;-1743
7;585;-1391;-1984;2031;-496
1344;2145;947;-1253;-399
-2275
-2212;1765;42;2268;-1710;-896
-177;1090;-244;1612
-310;-615;-1389;1055
-1249;326;-1162;666;158
-237
1574;-2487;998;-425;-893;1982
1264
-1778
-2035;-487;-1482;-637;302
-1912;-1918
-147;709;2341;-2153;-2442;925
-2434;-2505;1307;156;1981;-2351
667;622
2052;-2374;-856;-607;495
-2131;-2215;216;-938;-1343
-2333;-2286;1485;1839
1372;-1647
1686;-2167;1145;-380
-288
912;1424;-1414;391
1233;-1859;-1260;1595
-1700;1405
1838
736;-1794;1336;2076
-311
-469;2317
1042;1496;-317;1597;591
-1571;-676;-1590;-1404;397;-2128
-2161;-1525;1259;61
1842;2194;-387;-820;-587;636
1328;15
-1862
2416;993;-502;1006
-1355
-843
-785;1236;489;2441;2026;1069
416;-2287
847
-1763;2505;-1019;-1356;-1264
-851
-1202;1474;-2278;-492;139;-2080
-1890;-135;-1785;1929
2321;-1831;1499;-1645
1249;-1686;-329;-1149;-1869;2414
-821;1319;876
1143;1256
353
-1299;-584;-2058
-358
832;625;-346;2493;-1086;-624
-1899
-617;1257;234
-1400;-2378;-174
144;-213;-2348
-403;2310
65;154;2203
2451;2265;1517;-1247
-2401;-1047;765;1279
-34;1602;2246;1575;119
-966;-1207;-713;-270;1246;-527
1416
1929
1841;201;-111
1058;2437;776;-288
-1938
-2081;-371
2434;263;1496;-137;2492
1506;453;-1993;1787;-2494;-2224
2036;-1628;2045
1430
1817;-366;2031
-916;-2055
-950;646;1742
-1842;659;227;2390;-1853
-404;536;1737;1721;1420;-1518
-1221;524;-1262
-55;1016;1240;2365;-560
37;2167;2200;1752;414
1940;1558
-1158;730
-193;-324;869;-442;186;1869
1966
-964;740;-1497;1738;2442;-1005
-34;1267;19;-38;2197;1115
1455
611;280;-1945;-2458;-1019
-2498;-2354;-1097;664;-2058;1276
-917;841;2047
1945;2075
432;1063;-2448
-167;45;-1856
852;1415;1247
-445
-2116;-2426
-450;1714;-391;87
1827;1301;2506;1918;-448
386;-392;-2281;1769;-957
-21;1141;629;-1737;-2512
-2227;14;223
-545;84
975
960;470;1833;-1774
-401;-1429;-1192;2455;-2011;-960
-1969;-1491;-23;-1592
-1826;-898;1143;2346;731
2352;1734;-1896;1882;-528
2008
-1163;-1870
1484;525
-980;-870;-1371;1454;846;447
-596;-1414
-375;-1064;-2425;1340
2114;-2243;1630
211;-424;-44;2270
1830;188
-996
-177;-1171;-2022;519;365;-2095
485
49;-979;-1126;-1503
-1573;-2166;-1356
-900;1348;1220;-2234;-1274;-190
1696;2066;1574;634;2206
-1169;-929;1030;-1259;490;316
1542;1500;1039
2224;-2107;-112;1007
1585;1331;1188;-1546
-1049;-1947;-1099
-1730;-1193;1545;-1181
