256;1350;-1884;-1950;-1871
521
-522
-721;160;1076;-1046;2329;-1276
1035
-1417;1274;2157;2094
-1201;-951;1704;1486
-1265;178;-1431;-891;1195;-1900
1397;1895;2363
-2234;-1180;1854
-2074
-539
715;-271;2143
149;1414
2076
-1568
-1572
998;1942;-2393
548
-901;2473
37
1873;481;-778
-419;-1817;-94;751
-1249;-2135;214;567
-2243;-1374;-528
1504;-1412;326;1287;1928
-1076
162;770;-755;-519;-712;1001
304;1287
-2055;-1034;-428;-637
465;1827;2168;-303
989;-110;1950;-719
1117;-30
-1858;-1282
-275;-503;-1207;1962;91
-1607
1399;1482;2204;-398
-1265;-129;56;-2330
2131
1354;779
-1111
1616;1553;-1688;143
2137
-1988;873
624;-1697;-418;842;1179;-1135
-181;-1961
-786;-2423;1687;-1448;42;-240
2145;2047
2145
-1665;786;2115;918;1018
451;-1579
1107;-1911;170;-496
736;-2165;-2269
1977;-2378;-493;1519
2498;1363;1884
-597;1131;606
801;-899;-1702;-1902
-1746;-1603;1367;-1772;-974
-2289;2082;-522;-1951
-1090;-1365;-2126;1710;191
-2312;-2442;-443;-573;-1519
-2500;-1482;-1263
-1761;-1092;1731;1798;-1111;1583
-2179;-2484;825;-126;1791
-1548;910
1031;1706;1485
2177
763;860;749;830
132
-2119;958
-785;-1154;2435;-1769;-1936
-138
-2132;1878;2012;1966
-502;-2200
-144
-786;2179;-1910;-1435;-1264
-2192
-656
865;-1254;-1807
2229;664;334
419;-804;-1823
85;591
-1876;1382;-1001;-720
1139;-1129;-2026;2186
-1201;1027
1709
-1827;-1419
-845;2045
-2226
311;1993;-907;-1580
-1209
-1718;-1063;1798;-2408;-2426
-1722
186
-322;2386;-1796;-1481
-695;-2063
1840;-116;117;619;2347
-713
-2250
-202
1985;-1367;-2249;-1965;-1215
1585;-1877;-2199;2087;-1689;-160
-2324;1607
-691;274;629
1748
440;285
-215
2294;-2287;207
837;-1014;1416
1921;1169;2216;30
1748;2054
-1812;-2507
-308;-1800;1768;1257;-684
305;-1785;-12;-1293;-2062
999;267
-1329;1980;-2271;-1184
-757
-834;-619;1324;1918
2288;-102;-166;2331
2048;-597;1319;-665;-1773;-1102
-1222;-1128;1579
258
481;-223
-1634;2273;438;-126;1869
785;-1907;963;-1956;1853
-1073;484;-1017;831
1163;1659
1504;-354;2166;-1707;-2159;287
-1288
836;-342;13;782
-2029;-1311
-1798;-8
269
-419;-367
-2449;149;2486;-973
-787;434;-1109;917;822
-1509;959;-2288
-1409;1874;-2307;706;-168
-1524;-374;588
-2161;929;1364;-1468;172;876
773;-2327;-783
-562;-1172;455;2079
-35;838;1718;-415;-2400
-698;-1132
-2194;-114;1070;1614;431
-514;216
-929;1555;-484;-805;-2087;-1646
-1794;-498;1990
737;-1480;-1048;463
-516;2021;-167;-2158
-486;677;-601;-2462
740;2312;-2224
275;2291;299;429;-928
1845;2181;-1148
-1860
-2436;1219;2052
241;132;565;86;329
-337;-507
-2406;246;1767;-664;2412
332
146;-2016
-2417;2039;-1897;1416;13
1614;767
-1281;-2195;-442
1603;523;-256
18;1589;-1991;-2000
1360
-1819;1867;1947;-2493;-1376
2293;1926;729
2390
1191;1711
857
1201;-1222;-727;-1240;1642
-860
818;980;-1304;-1870
-1098;-2138;-2237
-1122;1651;1670;-1755;-799
1781;-909
1796;-2157
-1969;-211;388;-60;-560
-770;-1942;312;-2078;527
-886
-1912
1905;-1738;-544
1403
-2430
-1406
1184;1064;1657;2425;1097;2173
354;-1303;-1208;-286
-1937;-1097;1017;-429
278;267;-2480
-2105;-441;-925
-1201;594;-1364;-426;461
-402
786;1251;1593;236;2044;2172
-1941
916
-353;2403;-997;2330;-190;797
-180;1237;-2492
413
50;2019;2443
1700;-1942;-2330;2493;1519
667;-1468;382
-996;-1513;2090
320;640;-422;-1384;-508;-1118
935
-1203;-852;118;-1050
71;157;-1679
464;-1733;934;-1725;-526;622
-291;467;1623;680;-682;169
-2053;932;-1863;-2073;-1580;1595
-1009;99;-40
1793;-630;2086;-1786
452
1986;322;-830
-1347;-1187;-2149;613;-760;-1771
504;-48
-82;1563
-1939;-1032;2446;-1984
928;368;1939;469;854
-1383;-376;-240
-658;-1342;-2048
465
1268;1246
1781;221
-9;-379;-79
100;1127;363;1342;-2464
-1493
-2168;264;410
161;786;1698;-403;-1700;-72
643;-421;-2230
-2113;1639
-1041;-2151;2157;47
-545;-2178;-2043;-320
2272;2129;-83;-1299;-1308;814
816;2222
-936;-60;-510
-725;2230
593;602;-2443;254
-1874;1772;-1406
-2020
-2039;-1255;872;-508;1932
-501;987
-1547;-991
704;865;970
869;1254;-1032;-712;-2027;-1405
423;-1929;2510
-1519
-2450;1334;106
-2258;-1219;-331;282;-44;2046
-2323;1396;-1671;45
2358;1270;-906;1883
