-2133;-1381;838;744;1213;718
528;-562;5;261;1816
1766;-1704;-620;45
800;-1012;1847;-1519;2446
615;2440;-2138;-2492;-2014
1248;2082;-411;1341;-1696
-825;1517;-175
2112;2243;-53;-1174;-967;-108
-449;-1174;-1751;265;1323;-782
-1035
-1244;-1839
-1793;-45;-222
-914;2463
1008;-881;68;23;809;1034
-526
-2005;-70
-27
962;1642;-1483;1934;-2000
-817;866;1514;2266;1835
-998;2154;-540;445
550
-1857;194;1685;-887;825
473;590
-43
1814;791
-372;-61;478
-1583
1712;2027;-318;-2350
-2017;-977;-483;-1844;-571;-1838
800;-237
1667;439
-2227;1508;-922;558
1830;727;-201;-2298
2188;943
1465;-381
64
-23;1912;2121;522;1678
-1689;-571;2042;-157;-2335;-1455
1440;1201;-483;-1817;-1967;527
-1225;637
1474;-598;2248;2072;-1404;382
-770;359;-1721
1653;405;-984;-1433;-2507;1755
-1010;1156;372;-839;-793
-786;-330
192;-1443;999;159
-94
606
-609
2464;-533;-2216;489;-1837
-1635
-2278;729;-1066;-925;1391
1638
498;-2116;-201;-1869
-2022;1917
2039;-2144
-484;-1654;533;2223
661;646;2104;715;1100
-1132
-1636;-1209;635;-1998
-1075;1655;-1275;-2495
1267;53;421;1802;-1376
-635
-1477;-2230
944;-518;-2408;-2009;2330
-115;-340;1850;-1520
2500;-1417;-445
-308;436
129
-2161;753;-164;-1120
-881;1328;199
-1672
-1442;29;2063
-491;-1696
788;-967;2090;1482;843
2191
-1650;-2139;493;1966;511;-1376
2049;117;2231;-2202
661
-804;-9;-1434;-1488
52;-247;44
-1254;-1990;-747;2314;-523
2450;265
1396;2344
2205
-2406;-1447;623
439;-1625
-417;-1427;1332;501;2471;-1273
-579;-371;1123
1632;726;887
-551;-1032;1676;-2048;751
1715
-2454;-1207;-104
-308;-757;-910;-1791
-183
290;-2009
2304;-2119
-2237
2326;1543;711;2380;908
-1606;-745;-1148;1419;-461;2351
1726
1215
-900;2044;668;1455
-1297;-386;-61
-1232
-2257
1234
626;2499;1183
2264
-730
-2145;1732;-1014;1209
1241
-1086;-670
-292;643;-2233;126
-35;-266;921;-398
1758
-1094;-670
690;722;-2167;-2392;266;2140
-193;1731;1862;344;-956
82;-1062;934;-1416;-816
-2281
354;404;-1157;631
-1637;-1686;-856;-1865;-1871
-193;-1974;2424;40;-2220;2158
-41;138;-334
1073;-1525;2504;-2490;-284;-544
-1267
1526;1277
244;-488
396;-573;1900;-2480
-481;-98;307;2341;1759
-886;-537;250;2444
-2388;1139;421;396;-1230;-126
755;-54;-125;-1966;111
384;-1970;-1175;119;-1197
-708;-1415;-1032;1367;123;-1151
1530;-1308;-428;461
2098;358;872;1535
-1990;-2365
776
-454;-1975;-359;472
337;-1144;539
418;-310;-523;683
2020;1147;175
80;1574;-264;-2329;-523;-1885
658;486;-587;1882;908
1858;-1699;-1172;-692;-1497;1900
145;-1410;-2088
1106;-1904
1648;1976;-778
290
-2337;2290;-5;1925;-360;-704
-817;-261;135;-2431
1842
-2195;-807;-472;-745;-1245;-479
314
2000;1888;1793;164;105
-532;-2348
-2369
-1428;215;2047
1042;1765;-1438;-1695
-842
-1867
-1363;1031
2379
-1603;-2314
-1435;986;783
-1505;2224;-2115;-247;119;-2395
-1349;-1446;-2234;-1451
-2449;867;-244;1045;2143
-198;757;807
-856
1392;1778;245
-806;-23;2056;-701;-2416
-641;1506;-2133;139;-2301
-1522;-2;1843;-1704
-24;-2041;-172;-1676;2412;-1421
-1537;-755;1222;-1852
34;2340;868;1476;1803;-1551
2224;-226;-50;326;-887
2064;-2211;-1235;1242;2140;1437
-1505;-2513;-340;1044;-1175;-1511
-673;-2259
-1460;838;-171;-1116
-611;-740;-549;-5;-2280;-288
-625;-2360;-2000
2481;-1267;243;2090;413
-1249;1629
465;-2404;-361;892
1925
1417
1778;-2389;-1909;507;1932;476
913
976;-1524;326;2390;1340;990
1796;1311;-656
241;2277;445
6;775;1337;890;-555
1430
5;1639;-2378;-683;495
-1859;834;1890;-2303
-1954
-890;-107;-1581;2157
-2194;-406;-2507;2218;-478;-2175
1079;879
1447
-1505;-193;-2325;-486;-167;153
2053;-199;-2424;-9;-873
-1965
1011;-421;1978;-2140
369;1553;-690;-755;1490
-854;1287
793;2201
-327;-1913;266
1056;-2245;-741;-1884;302
-1137;-1176;-1483;202;-1454
-2131;-2407
-1443;-1047
-1978
-1685;-1222;-1398;1814
-98;-1460;1979;-272;-1616
1938;1577
2180;827
-739;-222
-961
-1042;-2358;902
1588;830;591
1475
1016;1996
-2197;-2167;2138;749
914;-325;1621;-733
1990
1808;145;-2411
-740;798;1935
1416;-958
-659;2037;490;1662
663;2043;1340
-2243;-275
2244;-749
-2033;1344;2227;-1606;1862;729
-2451;133;2490;-1040;1855
1008;1250;-1492;-828;2075
-177;-2049;-1908;-453
1329;-2467;914;-1604;-2247
-340;1838;-1007
1516
2376;649;-794;-715
1034;-541
2065;-1221;-2214;-1175
817;-2473;-2332;-2142
2352;-472;-1835;491;476
592;-1509;1207;-1865;1082;-525
-666;923;-1660;-640
