1024
-371;-1573;102;-2075;1867
8
-401;-2151;234;-60;-2240
-1653;-1687;-1792
-977;33;1366;104
-1479;1367;-173;269
-898;-1875;-1700;-697;-382;2463
-2099;-297;-2329;-1515;1103
-897;-1319;-1400;-1368;-2267;-959
-1544;2073
1369;-1902
2068
2096;49;-100;25
2226;356
-1777;-425;-2235;2365
1616;194;-652;-2206
-929;1587;-122
-2074
-2473;2445
-2354;2017;-1412;1208
-1332;1220;-943
-2498;1460;1006
1872;2067;-832
2325;1049;781;1085;942
2496;-198;-2189;1468
243;1354;1295;223
2064;724;-1686;2454;2121
-48
296;-249
-342;-2269
-2290;-534;-1862;26
-530;-1786;2170;634;302;-224
1441;995;-1352
573
259;297;-2188;-1341;-1200;527
-403;-2228;-2041
1599
129;-4;1816;1048;-170;2365
2498;2387;600;-2332;-959;1454
850;-1940
-1410;-727;1496;122;-2108
-932;1704;-1756;-270;-2223;-175
-193;-1827;-867;-2302
881;724
-1170;2115;1832;1388
71
-2071;1998
-1443;-979;-2421;-1544;-1368
-2124
1041;1953;-1315;958
-1332;1287;-1496;-73;-506;1017
914;838;1560;-2128;2479
-371;1575;1559;904
1456;-2250;1902
-2242;108
889;-31;-1968
-949;-1160;-1051
630;-1177;-249;361;524
-2193;-1481
486;2041;123
-1857;-951;-1559;-2384
-1411;1309
1125
-709;1736;-1131
-17;848;424;2424;2060
962;-468;-1575;1383;-922
-1135
1509;-1656;-638;1407
1137
1030;28;-559;639
41;314;1386;-1933;76
-2471;-208
1897;782
-1892;612;-1403
634
2020;-1222;1911;-281;1833;-1578
1424;-1650;-314;-1632
-2385;-950;1307;-2125;2492
-1269;-2359;-2249;825;621;-1838
-337;-628;1703;1128;-972;-1533
1663
2057;635
162;1877;-840;-59;-492
-1922;-1698;690;1810;-1691;110
-210;-2325;532;1861
-1378;1332;1237;-343;318
1122;453;825;-732;1035
-673;-1319;-615;-2074;2362;636
-161;2356
2352;-2052;1766;-2217
-152
1909;2134;-1256;1368;1833;-715
1746;-1317;238
-1141;-1578
-948;-150;-1113;-508
1830;1116;286
2481;-272
-1892;-2439;1882;750
2505;-1900;-1565;285
-1925;2087
-2293;2314;362;1226;1115
518;-557;-1151
1833;-2000
1797;-1964
-179
688;2
-1379;-2484;597;-1992;-2090
304;-903;-2250;173;959
-693
-1719
-1730;2182;-1066;-1963;1882
1571;-1286;-518;936
-980;2068;-214;-1753;1048;-362
-1267;2179;758;-727;-750
642;-2132;742;-2489;-32
-2246
1714;1556
647;1087
1735
-785;-2273;-521;-718
-715
1742
-773;1384;1918;-1807
-1505;-354;88;2493
-754;1526;-248;-1760
834;-421;-1448;1867;-108
1749
-2263
2469;316;-2413;-2477;-1183
-1444;-822
-735
-2366;253;-2208
-2321;-468
98;-982;710;-268;2206
1392;-2437;-485;-1862;-902;990
-945;-872;616;1945
-2116;857
-291;419;2362;-1231
1555;-2341;-1432;2456
1076;-1463;-2046;-2415
1440;-1681
-1157;646;269
-1779
-1891;164;1483
663;1148;-1613;46
-1784
1767;-2313;1306
2296
-851;-1959
-251
-1286;775;1273
1540;247
1360;1090;1815;-1577;826;-1214
-1506;-1740;1948;-1005
196;-1510;-2264;1787
-1794
-1027;-131;-2116;-733;-1887
2313
2318
2323;789;1254;-1068;1902;-831
-277
1302
-1307
-2331
-28;-255
-138;1002;-2235;1165;-1615
-798
144;496;1718;2023
-1217;-1138;517;-2184;-1054;-1359
806
-466;-1701;-427;59;188
-2364;1565;-527
302
132;171
216;2138
-2356
-2292;2376;-2442
1968;2200;-1483;2027;1371;-654
339;969;26
2049;1043;-102;1013;1240;703
-317
-123;1147;-704
2229;1675
-97;188;-2461
1458;-1269;-519;-1531
1040;932;1318;-2233;-201;-16
1763;2054;-1159;-281
564;-887;1414;-313;-10;586
993;-279;-1707;-2413
-1940;-1014;118;-887;41;-2288
-2387
342
1060;-462;-878;-1600
-1300;-900;-922;1001;-78;317
2352;1065
2393
-11;-2044;-748;-109
-146;-645;-1659;1070
-871
-468;230;906;2027;-2079;-976
-1897
2408
339;760;1834
-888
-1857;-52;-805;-2390;-555;-2398
1406
1378;-745;-1531;-2046;-175;1198
-322;-2342;-1310
-1030;695;679;-571;1114;-1790
1443;-1835
-1419
337;-21;216;-2281;-2028;-1232
97;-707;-253;989;-2111;-464
387;-199;-1913;1310
1058;2404;1334;1735;1836;-782
1233;-1079;-1597
1028;-70;1258;1275
295;-361;1372;-2239
-101;-2368
801;-1735
432
-107;1564
-1175;-799
-954
2305;-2275;1060;889
2435;-968
1428;46
-769;642;547;2196;-2341;-728
454
454;2220;-2208
-2470;-1319;1273
-1206;-2008;-1274;-1099;26;-1564
2224;660;-186;1562;-2255
465;-722;-501;-332;107
897;1987;1683
-1265;1856;-2306;-806
962;1126;167;2315
2470;-1288;1742;-1936
-1884;892
-2193;-1989;-1418
-484
2025
-1974;376;78
-632;-2251;-1711
500
-1015
-1458;-35;-756;294;939
1760;-2355;-2486;524
-321;1233;-1478;-1479
162;1371
-1535;-1023
