545;-549
742;-2394;-1871;959
-1540
-1541
-2233;-1644;2335
-42;-909;1006;1999
2321;-1620;-836;1166
1521;-2500;748;223
-2088;31
48;1850;779;-2156
2021;-136;825;-1163
692;-1613;397
-1621;-805;1094;-187;-1568
1345;-245;2503;681;1595;284
-1558
1558
387;484;-695;502;-601;1483
-1566
-2177;-2403;2502
2022;-170;-1308
-994;-1092
-44
1475;618;-2316;2315
-1811;-660;-1671
-1843;-764
1072
-260;-1527;1606;-2233;1839;2159
2448;-1346;1475;596;463
-1275;-1804;-269;734
865;-925
580;-1350;-1273;2379;-911
1125;1818;-286;478
576
69
848;945;-1188;1000
-1057;-1061;-1288;-2457;-864
864;2257;-1451;-2429;173;-1022
-1425;-184
-657;436;-2406;-1608;-13;1103
-1099
75
1940;-2027
-1537;1419;31
-1492;1206;-1096;1294
624;2023
-2247;-391;312;-1226;-635
-449;-1873;1718
-1141;-1512;2346;2447
-95
-2152
-1640
48;-1099;-1116;526
-1526;-1286;2055;-280;2380;815
115
114;1988;-2219
1653
1952;1240;284;-494;-1840
2389;-764;-1744
-947;-709
1058;-789;388;-2266;-560
-1352;616;-410
-2172
-2130;1651;-1397;1751
-1059;419;-1388;367
1328;-2436;-638;-1455
2131;-2508;508
-209;-1461
-118;-528
-646
1672
-1165
934;295;-63
-465;-1154;1606;169;-13
-652;2363;-32
655
1680
-1969;2132;-1752;-1118
-2195
-769;-1939
-993;1205;-1385
-293;6;-2425
1873;278;1724;861;-991
-1876;-1239;1014;1498;-1980;-1679
-196;873
-167
2432;2056;632;-858
1129;1598
803;-1942;-1450;665;477;2127
2273;722;602;2238;927;1599
-498;1442;-2228;215;1162;590
-1499;815
1204;996;2437;-1212;843
-722;2431
-1435;1261
707;-534
260;809;-1244
-1188;1156;468;230;-1531;-846
-612;-76
1246;-1424
-2227
2435;1796;486;1433;1753;-557
2114;-52;2293;698;-539;-1772
-2148;1334;-2047;1135
988;-2206
305;561;218;-2302
928;2116;1573;1917;317
-19;-2227
-1222
1735
-21;-584;-107
1905;-786;181;-1099
2213;38
1025;868;1339;1277;1839
1249;1667;872
887;907;1483
964;-294;-216;-809;-1611;733
-1122;398
-2294;2390;-1050;-1823
-967;1695
-753;2306;-2061;-1758
-1046;-665;1017;-538;1963
-500;84;-1582;1230;831;-288
-225
1106;2195;1716;315;1451;-1439
163;1731;-519;1497;1449
-371;-778;-667;-557;-927
-1768
-1256
-466;-949;501;-1878
35;1049;1199
242;2050;2090;-2094
2021;-776;1097;1148;-462;1821
979;1310
96;-357;1017
-1684;1930
-2165;-1350;-502;601;1628
-306;-2510
-1057;-1908;-356;2460;604
2260;-2281;-431;-2368
-273;-501;1546
1106;-1894;-487;-488;477
1153;1623;45
1287
-1010;83;213;1493;876;-1392
377;-797;684
1712;931;920;-2506;-1997;-1373
1264;886;1706
1204;-775;-191;-512
336;1025;-1190;-1129;-1722;-155
258;-1750;-832
194;-280;-704
-419;-1159;839;75;460;-1615
1641;-1359
1840;2192;790;1545;1083
-81;-885;-949;-1718;-236
2001;844
2342
806
-2344
1458;-1319;-440;-522;15
2346
1625;-493;893;-1214
299
-1328
-1329
-1714;1540;-1835;-1372
-311
-1732;2040;-1961;440;-1660
1442;-2269
1651;-820
-1506;162
1458;1517;-96
1846;1834;-288
1345
-566;-1050;-42;-1099;1547;2046
1825;-987
-1531;-605;-2287
-2049;-2485;-933;121;1243;1214
-331
336;1975;1402;1164;573
-420;1263
-1872
-514;-1350;-1287;103;-409;-975
1732;-615;-1710;-1792
1043;1334;151;-1643;987
192;-2449;-1911;807;974
630;-463;1118;591
-581;100;475;1373
1412;-44
-346;-1536
-1955;-443
-2034;-147;2324;-2318;-224
2144;1493;2108;-1855;638;1967
-497;-580;-1837
416;986;2026
933;-1004;-799
871
-1896
-1235;1594
-1793;-418;-469;267
-531;-1660;-1967;-1328
53;1512;-1933;2270
-1346;-1582
-1411;-2101;1543;2300;-878;-846
-891
-149;-904;-2012;2174
-1110;296;-1274;619;1804;-718
-554;-2507;-1422
682;1758
-2498;-1492;-582;-199;1273;31
-596;-806;-1558
-977;-834;-855;397;206;126
1253;-167;-2331;2190;2015
-726;-1404;-832
-2100;1014;2135;-2476
-2196;-1172;644;1414;264;636
-385;-2132;1082
411
2016;1360;401;-201;-77;-2062
-243;179;1334;-1688
-1234;259;-2005
-195;372;2264;1054
636;2350
583;-555;-272;1695
-1174;-444;-1372
-1653;-1750;-201;-1786;1595;-2271
338;-1798
-949
1425;-1463;-985;-1854;-63;1983
445
1760;-742;-1771;-206
1233;1698;602;-2062
-771;-1483;93;-2383
1648;1511;873
1680;947;-271;142
880;-551;2136;2089
901;69
802;413;-239
-1489
-1699;713
1650;1958;-1241;1384;-2138;397
-1395;820;1051
-2168;8;-922;523;-1503
2210;-1726
-2023
2023
144;-644
964;-1241;-2271
1680;1897
-1762;242;1779;998;-240
756;2310
-1224;202
