1040;-2513;-903;1863
1736;829
-520
-177;1714;1429;-2443;572;-2127
-526
560;898;-1560;-426
1600;2353;309;-2344;1079;1119
1968;176;658;-2266;42;-1629
-131;-1876;-615;523;-796;-2252
836;-1895
-1121;689;2182;1871
-1746;-1367
-554
888;-1838;2015
-42
2004;1143;-2030;974
149;89;-284
1585
1937;2181;43;-2028;989
-1573;837;694;2140
-1076
-2194;1115
-2277;2150;-954
833;1379;-1980;846;607;-2256
-904;1463;524
51;67;966
-549;822;617;-830
-2440;-2443;-300
-386;-1380;1270;-2061;446
-1751;953;1276;812;-685;-2207
-1602
352;388;-2133;1189;137
1504;1123
-1555;1395;90
1442;-2228;-1396;-936;1561;1487
-1609
1024;-181;-1950
1536;-1475;-117;-2358;1068;1261
608
1699;2494
-435;-687
97
-1313;2;-2058;-2365
563;390;-2217;-1898;-2063
-340;901;-1178
1014;1450;1947;1021;-1887;-367
1616;-2147;-933;1765;2357;2056
1808;-761;505;1757;1919
-1906;-1891;739;1156;1516;1006
-2337;-1526;2217
-2051;-2158
2161;-260;1942;1390
816;-1442
672;689;-1371;-108
672;-1322;-63;830
-2309;-2341;-2125
1388;1214;-2480
2481;203;511
1984;786;-1590;-1975;2455
548;2342;1000;1278;543;-464
2258;186;-2448;-1664
2183
2017;-1719;-1992;824;156;-2496
193;697;-1258;2044
2196
-578;-2040;-2094;-46
-439;1963;-652;1549;-734
-1731;-468;663;1593;1119
2163;-2316
2498;-52;268
1290;1514;1788;2220
770;-1017;409
-1779;-1252;-1228
1346;2250;395;1532;-1263
2327;-2431;-1600
2218
-51;1246
-708;-1126;1672;-11
1648;2018;2086;-1209;2285
2220
310;1911
739;-628;1894;1753
630;1528;-1982
-1159;-138;-1952
-2071;1160;-299;-461;-2381;-2271
2258;-967;2442;2076;-510
-2279;44
1476;2362;1983
-704
-794;1498
594;-1958;313;1673;-1612;2206
83;551;-2506;1290;-1148
1217
-1249;199;-1708;-1022
-708
1026;2067;-296;-924;-1390;-287
147;260;-986;1981;509;845
1606;797;-1694
68;-267
144;1776;1538;741;486;1149
-1170;565;-503;-633
-1682;244;6;87;-909
1230
-1509;-312;78
208
-2137;-1146
1235;-2477
-802;-50;436;-1829;1003
-1234;529;-2466;389
-1765
1256
581;-1327
2036;1384;-1136
-749
-2356;-1688;1758
116;635
2387;1373;-671;-800
1824;-556
1922;-762;622
354;578;2293;-1991;-205;-270
-2417;-339;-1590
2064;-2052;-776
2295;-1529
-1361;-1442;-2278;1865;-624
-2304
-2305
1047;1241;-496
-788;-1898;1595;-2494;253
-1682;1778;-1240;-364;223
-81;2226;-2261;293;-1497;-989
-161;81;-742;-2217;-1275;-44
-2233;-1961;860
-263
263
2178;484;2341;-1591;-1068;-31
-579;291;-1796;-2295;-496
-177;1451;-494
1155;-520;1736;461
2064;-765
1557;-1835
2325
-436;1044;-1111;2318
-198;9;-1631
503;-2345;-1516
1161;970;1803;-1886;1311
640;-2243;146;-2022;2263;-608
164;390;1719;667;-13;-80
1824
-801;1991;1130;-1008
-1287;-937;910
802
-246;1862;-907;-415
4;-2351
481;-1844;-1500
1327
1588;-2057;2265;2302;1326
-338;1234;1846;125
-922;-925
-1814;1494
1344
-1794;-469;-2155
-185;1019
1618;-1752;728;-762;604;1422
-1321;-2078
1395;630;862
-2417;720;-2451;119;-684;-2272
2215;106;908;861;1023;-176
1106;932;551;-733;1773;1822
-2126;-2304
2389
-930;1766;2071
2001;-949;180;773;-553;-1104
-1658;1561;-2508;-989;684
824;1369;2157;-416
1189;1533;-1343
936;2492
-1894
-2375;-1568
1417;1994;-2028;-1743
1073;-202
-2214;1911;-1081;57;121;333
-515;-1139;1283;-505
-1960;-92;-1469;-942
1794;675;-1146;1690;1452
-1397
1126;270
-1768;-2028;1390;-1552
1746;-2213;679;-265;202;-2063
629;-712;-297
-290;947;-598;-2119;652
1668;1791
-2090;-699;-2207;-2048
1577;1371
576;1906;-42
1932
-337;-965;2102;-1912;1515
-1762;531;-728;-297;1337
2178;469;1855
-1036;-493;-927
-642;-615;-2223
-2065;2472
-577;-851;-1095;-447
-1782;-1174;-1040
-415
2449;-263;987;1342
1808;449;-852;1884;-303
802;1220;-599;-480
944
-1493;836;-1882;-587;-1390;-2062
1332;-967;1014;-906;2010
2275;-1860;-1785;1805
1349;-728;-874;-846;-431;2478
-1318;1037;2253
-950
1139;329
445
1988;1702;87;2232;-2492
-947;2322;-2035;-632;844
421;-1382
2161;705;-851;886;-1480;1081
913;-1721;-2460;1021;767
2225;34;586;570;-892;2029
-1486
-1249;1846;1400
2432;-1364;-93
-914;1413;1740;-239
-279;1306;2061;-1087
2051;1036;-61
-2022;-2058;-2186;-827;-544
2008
987
-991
-1731;2292;-43;987
-1124;645;-711;-1131;1259;-957
1137;1589;1621;-1305
2115;403;1037
-298;-187
-1713;-2051;-1846;-2087;1547;1052
-355;-2245;1829;-2279
-1636;-1930
2448;370;2227;1527;-1962;2027
-2099;-211;820;-31
-1780;1731;-1750;1338;958
2387;-1960;152;-859;1019;1295
-657;-2210;-711;-1290;1295
-1474;1729;-1783
2066;-2276;-1957;630;-697;-830
-379;-2176
355;-2423;-2280;-666;1996;1998
1056;-36
-513;-2487;1974;2087;139;2381
-400;-2160
