2432;1379;-180;-1583
-805;1093;376;-1177
-2058;2265;-205
2096;1697;-1126;-1384;-1276
-2070;1037
-932;1452
1546
-1318;-2342;-2007;1047
517;-1129;-1052;-909
1587;-230;165;1064;-1036
1039
-2003;-134;1349;2229;-700;299
1840;524;2269
-1013;-38
-419;-599;70;2471;-2426;362
-2482;52;-1184
-258;-1589;-1974;-288;1519
-32
36
-2085
-1334;569;-2346
-553
1578
-1542;822;-1287;-601
48
53
-55
483;504;-762;2027;2459;-1070
-66
-789;1188;-918;2377;-1791
160;1623;-1342;-2046
-1794;978;-2452;2173
-1411;-1322;-123;-1756;445
-609;-229;340;-103;-1898;2428
1040;1561;543
193;1928
-529;1984;514;1748;-60
-2274;-1475;1973;393;-543;2511
1697;2252;-2335
-85;1781;-427;347
1969;-352
-1076;948;-950;1163
-2386;1522;482;1492
-547;-1382;135;1193
737;-1539;119;-2379;411
-1809;-547;-1320
-611;1736;-2089;-1178
1493;1768;-2253;622
-489;1096
2144
182;-1944;600;-1963;-1581
992;-802;211;-1769;-1805
-706;-1684;-1781;1397;-102;1238
2338;1348
-2327;-537;-2444;-2476
-995;1189;454;-1183;2175
-1048;-2157;1564
-1745;-1522;1361;-1339;-959
-1796;-1386
1521;99;-1159;1096;893;-1312
-1700;1243;572
338;-121;-2428;2492;-399
-2177;1814;551;1351;-398
-599;-1467;412
-642;1109;-472;1322;-1195
-2244;-933;-885;-2061;367
2112;-386;2390;408;-1594;1293
-2081;-488;1417
1223;1464
2113;370;-707;-1540;-1303;1195
-1409;-1619;2386
-435;-2038;1931;411
645
1259;925
1673
352;-897;1537;-1157;-1510
1447;-121;-2187;-1327
139
2112;402;-1348
148;535;-1129;1103
-552;2234
1025;2472;1261
-1685;-2104;1930;1500;207
-1989;-439;-360;-1483;-221;-2318
-1458;449;1156;1547;1021
-157
712;714;43;-1789;1630;895
-295;-1241;-672
2273;676;-2282;-2140;-1420;1196
1877;-1080;-1112;-345;-14
-455;2152
2276;1815;1912;-1839;238;879
2007;-682;2106;1387;-908;1372
34;-1251;2403
786;825;1628;-2046
-2484;-1670;-2315;154
1730;-925;414;-1392
-1810;1779;1741
978;210;420;682;493;-1072
-721;-783;1326
690
-1897;-1963;1981;-2399
-1208
-1705;1514
2039;2250
-2244
770;1939;-1030;2104
-1923;-547;1817;-350;-222
2096;754;2260;-302
-201
-1025;161;-1812;-90;-508
-1787;-976
-716
-50;1779;1018;-1245;-1293
-666;-1594
1073;1569;1368;524;-2271
215
-1057;1275
545;-1141;-1847;2134;344;-1791
-1441;-2498;-890
1309;-2046
1763
-1489;-1906;-372;-281;2283
1429;-1672;1865;-670;1325
101;-1943;1978;1963;-1518;-351
-1361;-1894;-294;-2315
804;-1453;-1631
-285;-974
321;-2117;-2486;1334;-873
640;-1391
-1060;963;1367;-2489;-1866;1822
-1263
-1585;-1605;357;-1495;-8
-1561;808
1127;-1225;1144;138;-944
-1474;1717
-514;881;1525;-1286;138;2062
-761
1275
1923;-645
-2449;839;-313;-575;-832
544;305;947
-1802
1776;-549;-1289;2377
677;102
1431;-665;-2060
-1212;1996
-1685;-26;1642;-205
-100;-2235
529;2500;-695
1233;437;1143;-1502
2471;-841;1676;-2045;-590;-2496
-2378;-202;-382;111
-2084;-1239;-41
-890;-426
33;-1349
819;2214;-2391;-2380;-1452;-1199
-1265;-628;2454;1560;-2170;859
1448;-124
1838
246;605;2013
1329
1936;192;1334;1883;-942
-2360
1680;2354;980;-2153;-1791;271
308;1189;102;1278
-370;-89;2476;863
385;2034;1684;1019;-192
-1860
964;-2345;-1290;1323
-1733;1495;1655;-1961;856;1547
836
-1781;671;-1264
832;2464;613
-1492;2173;-1008
-1027;-2392;2045;-2030
-1409;-418;245;-119;-503;-1200
-179;212;629;-2315;-1502;-767
-1444;1962;2011;-144
1364
1233;2105;1450;-351
2163;-70;488;-190
66;1302
-516;-1880
-2402;-507
48;721;92
-1877;2229
-357
-2452;1070
737;964;-832
-952;136;-1577;1757;-2288
876
430;447
866;-1363;1348;27
-2278;1063;-2494;2318
-1;-1686;502;1622;955
305;-1763;1191;776;-2013;1132
-2103;7;700
1264;1754;-589
726;1223;1527;1003
-998;-2249;1837
-1607;-1852
426;1499
-392
-1416
-2151;221
1675;-1724;445
356;1301;-744
-709;298;-1533
-1604;2115;661;1797
1316;-1125;-983;-887;-2344;-2027
-913;-964;2116;1716
-1697;764
421
1993;-2299;2266
498;-2342;1416
-275;1779;1396;122;-2077
-2131;84;-2053;2310;843
1482;1514
-1463
-1347;-1622;1078;-600
1469
-447
-2420;282;59;2428;-800
1248;627;-2279;-1071
-145;-820
-1397;2135;-1162;2412
181;-342;614
2224;1543;1295
324;-986;1115;-1421
-465;-1189;2488;-1914;2059
-2050;-1526;-504;-425;1097;1403
2275;-781
474
-1238;-2310
-476
-642;-1884
2336;1297;1396;-1480
2014
-1711;207
1507
1001
2337;437;-1545;-2330;94
-2031
-1745;-2336
1521
-1718;1945;783
-792;1294
-913;352;502;1191;1420
-2081;323;996;1285;-1334;-1743
1232;376;747;-1709;126;-1280
1410;1288;-654
