96;1283;1693
2049
-1541
-2357;2350
-531;1269;1096;-1310
-1764;2469;-2171;1770;-1453;1135
-2100;2229;169;1531;747
-1347;-808;1753;-1551;1423
-532
2068
-1634;1479;1448;681;2143
-371;1925;-568;574
-324;279;-2415;-639
-1330;-845;1631
-1057
-2131;2163
358;1335;1082;333
1794;-340;251;2427
2289;-1227
306;-88;2381
753;-1110;1063;-1773
1364;726
-755;-1110;-1879;-731;1357
535;988;2076;1054
1269;-1433;-1934
-187;748
-1155;-432
-566
-1366;1207;-538;-893
418;-1349;761;-909
-2498;933;-636;-1438
-1346;-1437;-2398
480;-1846;-2287
-1685;590
-2118;2190
-2071;1366;2141;-1711;382;478
-590
77
-1104
-592
2129
344;-2078;-1936
-599
-1921;-218
801;691;-2249;-350;205;-223
-1125
1472;2512;-1478;-1113;664;-1440
741;-2488;-1002;-1454
-619
1456;-320
-2163
-117
-788;37;-1884;-45
2433;485;936;2219;1214
1145
-55;-360;8;-2394;-1418
-529;-2134;2277;-1564;-2269
-1701;-1497
982;-344
1573;-2378;-462;-398
-1399;1527
-641
-1073;3;-837;-263;2040
-1491;-167;1129;398
-1479;2295;1783;2157;495
1669
371;-597;-1080;-1356;1502
1426;1522;-1652;1400
945;-824;-59;-2332;-1564;-911
-721;1072;-2348;-701
1617;-883;-1389
-296;2313;972;-189;-95
-801;-2390;-1320;-1162;698;220
1144;1563
1269;550;-9;-1148
2199
1353;847
-1706;-511;527
661;1033
-449;-179;2324
401;50;-643;-826;-1661;-1581
1090;101
480;1489;1410;-1877;-105;-718
-227;56
722;1747;2485;-1195
-2195;953;1417
359;1864
1292;2252;-2414;447;-1760
-348;-1374
-3;-1348;2325;-1948;-240
-1215
-883;-2170;2235;622
2178;2149;-1981;1324;622
-1512;-733
1697;-475
-545;-5;2247;-2456;559
-715
-2252
-695;790;-269;2428
1056;1512;-1929;-425
-2266
-1756
1970;2259;2135
-2050;789;2230;-746
-2039;-1770
1595;-1118;-2239
743;-2137;1624
693;392;1612;1629
395;1885
1476;420;-1151
1491;-951;-2299;-1405;-1167
-307;-1347;-1684;-2198;-695;1385
1265
-754;-2050
1622;-2361;857;1434;749
-1282
-1283
273;1395;-41;1417;2446;-1136
-290;-904;1452
1943;-2204
1553;533;-2345;1768;-1019;-1776
2070;-2295;-1288;-317;28
1265;-2355;2229;-2430
1312;-2091
-1654;-124;-29
-2258;-2292;-331
787
-1511;-1911;2121
-2230;-2143
818;2179;2485;1964
998;-2120;330
-2311;1518;-1023
-2260;-197;-1932;1037
-2168;-446;1822
17;1283;-118;-2489
1814;1542
-1310
-181;-971;1917;-479
2334
2005;2278;1625;1036
-916;1209
-2193;1506;-2331;1148;1612;1583
918;375;-2188;1708
-2130;2435
-1077;-254
-1921;-1687;-1064;-408;-2396
273;-514;-471;-1771;1262;-1136
1440;-1794;2018;2230
2198;-313;1500
608;1706;1583
-2339;146;1635;1383
-2405;1348;-2332
-2065;368;-2197;2421;-380
-2146;2463
-2084;1187;-1850;2428
1094;-649;-1839;-1488
1808;-470;989;1070
1961;-2288
2212;-423;1979;-79;-287;-2048
2424;585;1929
1265;1628
1872
2305;-1524;103;2443;-430
992;-1634;1044;-373;-2416
2485;589;-1198
443;989;1469
1974;1290;-1676;-1404;157
114;-1750;2134;-952;111
-1880
-2395
-1298;435
-2403;274;-1482;188
-673;-244;564
1381
358
913;-1765;1722
427;958
-306;1180
771;-741;134;375;328;-1743
-1901
1900
-964;-938
-1425;-990
2114;-292;-2475;1019;-1248
-1971;-909;1997
432;-61
1713;-318
400;-1268;1366;-327;1737
339;806;-2379;348
1912;2047
2424
336;-786;1159;-1930;441;-110
-817;2038;1976;602;636;557
1751;-1592;-1160;-2299;-157
387
1651;-90;1165;2270
1059;-664;1383;-92;1964;-2237
2229;-1097;2442;-622
-2226;193;-2022;1787;-957;1807
-808;-105
82;-423;-573
636;-1726;175
712;-2298;122;158;718;2015
914;1700;1886
-1877;-1413;2341;-480
1026;-459;350
-407
-2120;-1359
-409
-1058;194;-820;1716;-1979
-419;-1254;-198;1080;379
1142;-250;1055
2470
-1284;117;1595
-1786;333
1972;-1241;-349;-2510;-1887
-2484
-1025;-1652;232;-557
-305;-770;-2345;2140;-702
-409;1881
473;-2111;-1375
-1137;-342
-2499;-1780;-456;-1880;527
-458
-449;1011;531;-633
162;-931;629;2218;1455
321;2212;1109;954;2012
483;531;-837;-328;-667;351
-50;-2419;-952;-602;-2157;-2479
-468
1494
-787;2291;2075;1644;1791;-2448
-641;2034;-693;-1510;1622;2219
-1041;1827;-1189;2074;-1200
-323;-150
-2374;-1436;844;444
-1474;-83;1460;-476;-925
-964;1684;1021;1807
1921;-825;-538;-716;-1344
-241;723;140;-142
-164;-676;-406;1151;575
-1362;2437;1925;-983
-484
2344;2238
-2241;1923;-171
1514
424;-2218;2285
-1026;1090;2070;1368;-874;1962
65;-211;824;2201;-1422;2111
498
-338;-1029;-1031;1722;171
1924;2488;-2267;251;-255;1951
