-2389;1368;-715;124;1917;-303
-515
1841;-1412;1285;-1915;-1339
64;964
1028
1163;1917
2000;960;2179;1956;-870;-2120
-2274;-1431;-744;2040;2398
1;402;2211;-1016;-1611
-2062
1809;-2355;-1848;-297;-2444
532
1809;178;647;330;-1408
-1843;797
-1873;-2098;1847;-1995
944;617
-543
2186;-2060;-95
-2065;-1579;1564
-755;206
819;1268
2087
-43
-6;-919;-2445;573;-1343
-1092;532
1220;1749;5;1350;332
-98;310;-1257;-1052
-771;2473;2089;2041;619;2301
-1875;1156;-202;972
564
-1050;1325;-223
998;2431;719
7;631;1655;-744;1576
1025;-35;1797;-950;-247
1682;-365;-239
-2290;-326
1809;2356;-615;-1433;-2447;-1776
979;39;-1755;-204;-1166
691;1418
574
-2337;712;2490;749;-527
64
1684;2478
-580
1280;2354;-2030
-1606
-1594;1663
1024;1974;-1079;696;-765;-1264
-581;1685
-1618
-977;-577;1875;-2458
-1252;357;-362;2362;990;-464
1312;-1635;-454;-1145;-2058;1323
96
-1458;-2501;-1350;-2248;-284;1084
1362;-420;-1781;-798
-1938;1832
1266;-851;1741
752;451;956
48;-549;1156;-1981;1214
-1625;-1051;-2046;1023
1650
-1658
-1731;-215;1642;-1692;-1710
-123
1248;2459
636
-1777;-70;-502;-636;364;-1088
1184;2116;661;1959;-1529;-2218
-1570;-8;345;-2395;1964
2408;2331
-1191;543
-2327;2462
-137
788;988;-2461;-2015
1825;-659;1021
2161;-1508
-97;-2081;-951;-632;-1705;714
-1189;-2027
-1766;-2478
-2485;-269;1068
2115;-393;-2265;1016;2238
-1428;-229;2151;-2107;-316;-1807
1690
2289;2243;-181;2462
818;275;1131;939;-1981
-1365;-278;-1014;-1087
1968;1623;2300;188;-288
1600;-1362;565;-1479
1818;-1983
-823;-235;2251
-1203;1540;1860;-1063;1533;63
1706
677;1991;-1210;987;-735
-1716
-2050;-1235;-996
-1852;-2430
453;-266
-702
1473;1464;-1210
1376;288;371;2440;-1210
2387;132;859;-2221;-254;-2127
-2253
-2261;1206;2342;-1322;-171
-2129;-1608;1481
-451;-1807
-552;1818;1837;-1358
149;-536;-1692;1355
2325;-1352;1337;1118;-656
480;-1506;-1654;-237;655
2082;691
1446;-1944;1737
-395;-1870
1136;1841;594;1287;1404;-413
-628;-2150
-1605;1476;-1578;-1771;2234
1243
-1245
-224
-1303;2487;2327;810
2277
2274;-2438;-1174;358;10;-1308
-689;2145;-796;-431
-358;2298;-2444;1759
-321;1592;-1021;494
2281
-747
1091;-420;582;-2153;-572;-1840
1490;2325;1339;717
-753
1925;469;38;-1560;1417
912;-1170;824;1978;-188;957
-309;-1862;-2167
1580;1036;1727
-1786
1680;1473;-498;-500;2414;-2271
764
802;-771;1346;-2452;-1738
-2097;-1382;-1143;1082;-1692;-654
1302;1389;126
-883;-2152;1240
-1492;-617;698;-1568;159
-1287
-1735;439;-138;1899;-735
-1699;2435;152;-43;-861;-1792
898;-854;1592;365;1855
2050;-2499;2487;2330;-1535
-2296;-1580;-2032
1301
257;-2106;-991
907;911
-709;-1093;2423;-2156;1405;415
277;-936;-2508;-2141;926
-2337
-209;533;-1643
-37;-1176;-1132
-2454;-1894;791;1112;2331;2459
-771;436;-2105;-380;-1069
819
-1846
-826
2364
1937;1203;761
1600;850;-2132
-353;581;1462;-1369
979;-1413;244;-952;1980
-903;1319;-2380;-765;-1504;-704
-1003;-864
1856;754;-587;362
-339
-2459;-1932;-1164;1119
-843;-16
1875;9
1572;1974;1816;1577;330;252
-1586;-356;1683;-282;105;-432
1968;-1362;-1380;-1750;-907
1104;-1980
-914;-2485;-1575
-1732;-1381;-2376;1022
883
-582;-1447;-218;-1198
-2369;1302;-2456;-2473;-1692;-877
788;-1462;1141;1751;-1632;-1472
-2099;-835
1077;-2507;1055
1667;-1288
-2441
-120;1001;427;494;126
1418
-2456;2169;-267;443;-1311
-690;-519;72;-1225;-537;-574
-1938
-818;-612;1834
1281;-999;-1543;1113;156;-1438
-759;1897;1321;2428;2175
2064;1161;2303
1924;1559;1400;-346;-544
-1233;2100;570;1357;-336
1492;-1272;-1738;1929
-1188;150;486;2487;2061
-1439
-834;-1925;-426;-1805;1502
1974;-2441;297;-1274
-934
215;441;618;1004;-63;255
608;-2323;2293;-2202;686
-406;1343
2473
179;-2245;-794;381
-434
-2482
-104;-2120;-1706;-603
-2485
-84;-615;-1275
-1463
-1941;1622;2294
2496;-2487;2093;-1663
-289;1829;949
1978
1392;-1351;-1448;-2271;2206
640;850;454;1449;638
448
1040;626;-1830;-1321;-1930;-621
-66;-291;1716;-908
832;-657;1604;2329;442
-2488;-776;2297
1632;1761;337;-505;1645;-319
969
-2418;-890;2169;-779;-78
-247;-1783;-1646;142
-1425;961
673;403;1877;1802;1341
745;-2236
-2115;-2298;-2078;-1774;-495;-416
2432;764;861
346;2175
240;1650;-1012;2357;347;1502
1954;583;-426;-1196;588
432;-258;-483;2201;1149
1504;-372;739;-757;2091;1887
568;2280;-202;-112
-2450;936
1168;1542;-1706
1072;-2450;-2039;-2263;-2494
-227;-2053;55;-317
-2097;-1061;-40;1166
-1058;-483;-2070;1578
-2324;-1882;426;1230
-289;1329;698;301
659;-2187
-514;-503
64;444
