788;2358;-2265;268;-110;-15
97;-1878;-1479;-2263;-1134
754;-1062;-1756;1965;-1071;-1904
2256;213;822;-729
3
-2488;-76
-1953;-226;-933;-1482;1518
1924;1207;969
-518
-1427;1755;190
-2450;-1107;-2005;-2045;-1983;879
1030
-1617;-1532;-1164;-2352
848;2193;-1955;-360;2329;1049
196;-2253
-865;855
-1721;-1930;-2506
33;2214;2374
-1606;-422;2043
2065
-242;-871;-2301;-750;-2512
-1046
-1558
132;-155
23
-2323;250
1506;-1589;262;1737;717;-2095
-1644;-1967
673;451;439
1054
-1435;1322;-1741;2271;-1520;1647
2080
1793;1442;1974;1239;-271
-1543;-1707;1677
-1062
-2245;-277;86;-487;-1560;860
38
-209;675;-468;-885;335
-2385;-1752
-1577
-558
-1777;-319
560
1556;311;1674;-1406;479
-51;1242;539;380
575
-784;-304
-1609
-1100
2450;2244;502
961;-2037;104;1935;-2064
-1795;884;-1205;1014
1619
1274;-1871
693;1510;2495
1413;-57;-240
-500;-1546;-186;331;-1552;-736
2243;222;-1935;-1647
-1283;-349
-2144
-1506;-518;391
76;1053
1541;-1084;-351
-98;1970;-2142;-351
1795;502;2491;1388;589
-563;-2262;2202
179;-4;451
1506;-1316;-1156;-966;1303
1313;-1192;-2333;2094
-1619;1474;586;-318
-2387;2263
-132
688;-1832;-15
-684;-476
-1381;-2377;-2205;-1342
-1668;275;-283
2195
176;-2106;-1998;-1854
149
1298;-1496;-1486;1022
-2034;771;1657;1228;-862;-96
-2207
360;10;748;-526;2126
642;1876;251;-47
-611;-391;184;680;1836
2300;28;1949;494
-17;547;-2234;-2266;970;-1776
-666;-861;847
-324;1255;1399;2492;-557
-2219
-684
-1125;-2165;-2104;585;1883;703
-1333;1510
1201
-2228
-2260;27
-378;-1856
1472;-259
703
192
704
-1787;1980
1905;1812;573
65;-759;1400;-2491;-971
-197
1222
-324;461;2111
-201
-1778;500;1593;1934
2017;-466;-1894;1836;-493;-799
274;-646;-1719;351
1636;-1977;-27;-2238;-2207
165;1818;-1933;2207
2290;851;4;2346;-1519;-2224
-2449;-129;-614;-1913;842;-558
-1431;-263;103;-1182
-308;1945;-1868;1469
-321;-2259;-2375;214;1965
1974;1239;813;-2270
1783;-1114;-1915
834;1577;-2187
1141;-1207;344;1022;2511
-2435;1995;-301
1283;-75;2093
1460;453;-1064;-1082;-2458;412
-293;-1862;-1664
-1425;-29;-1853
1282;-442;-605
-1774
-870;248;861
-532;-2410;873;-733
706;675;-782;1709;2031
-2103;251;-1724;-1792
-549;1255;316;764
-763
2302
1585;1048;729;-1418;-652
-2468;-218;-144
274
-177;1042;1012;8;-1610
-81;933;-2038;-1866;138;2125
1302
-498;-210;-1571;718;-767
1857;-867;-804;1303;-2282
-2100;1317;424;-1466;-1723;-1853
-39;1294;-2048
2199;-1406
-477;191
-561;847
-2450;-467;1017;1689;-1614
-290
-293
1024;-2178;2307;-348
-2343
1030;-1031;-184;-525;2014;15
228;-373;421;1894;-1080;-1386
-930;-393
-1409;-419;-1731;-1557;-538;234
-788;999;-2048
-148;-1371;2334
-817
-2034;-1343
1394;-1075;-2023;1163;847
-2114;-1527;-767
-737;1507;-492;-1104
-1340
-134;-86;76;-1712
-1425;-1178;-906;-2447
-1402;1727
838
1862
338;693;201;-525;-1517;-2079
897;2440;-446
1287;600;-2224
-389;-507;299;-1279
-2389
725;1151
1137;2130;2258;1027;-1366;1302
2448;-1590
279;-650;1742
859
-216;1593
-2403
-2116;-423;-686;974;207;-880
736;-852;-247;1819;-2333
-149;2054
-258;2168
-529;905
1267;-926;-718
-129;1531
-597;-2186;-1966;783
-883;1683;-85;-1098
1984;1766;219
389
-657;803;-1687;-1512;680;1469
1409;-1291;-1726;1999
-910
2369;-942
-1429
-865;-2241;-227;-291;-368
1203;565;1704;2061
2465
-2451;1126;-1066;-1547;-1710;110
-931
1104;-1811;2217;2362;-1612;-304
449;-1894
2421;1990;620
-450;1385
1506;-2231;2104;-2317
-1653;-248;1258;1069
-2513;2108;-2125;-2000
-1867;653;1647
1843;-582;-825
-371;-1861;-1653;1732;1557;1034
-1697;-1378;2425;-2349
2369;-1494;1319;2344
-1810;2252
226;730
832;637
-2370;-771;-1610;-303
2485;2326;1351;-217;-891
354;-812
-1523;-229;-533;1015;-1306;-955
-49;2309;-329;-1472
971
1682;1532;1854
-755;-1450;826;-860;-2446;-1408
-1843;2055;-1753;-970
-976
-1827;1418;875
-1651;1843;-488;2444;-1679
-353;2000;178;-599;909;1407
834;-841;351;1663
-1605;619
-353;-2213;44
224;-1763;-371;24;-2282;2154
-850;1940;-1543;-983;-809;-1820
-657;51;1319;-1964;254
-1509
2022
-1814;616;-171;-142
487;-761;2297
1056;-566
1095;906;1580;495
787;1987;-1766
2336;-1507;700
-1020
-509
1376;933;-2182;-1560;923
995;2074
2046
-1573;-1913;-2506;202;670
