1
-434;-80
-1908;563;-500;-1367;1546;1662
1349;629;-1984
-2164;904;1992;648;-746;1935
1547
448;-690;867;-2252;1580;-1502
-2113;-306;-1175;1031;-251;-1808
227;1075;-263
-2470;-2270;-1934
179;-501;679;-888
244;-859;-2061;-685;1149;1166
-535
761;2428;-222;-1439;-1504
-26
1555;-2469;-2182;645;-1033;-639
1188;535;2136;776
2098;1003
-2113;-560;1487;2239
-1568
-1058;1574;-2248;-1887
-226;-437;1722
2289;-1794;-498;-674;637
-2468;327;1070
2161;706;-1302;-622;-1504
-1649;-2274;834;2227;118;-1359
-1957;2206;-1840
-2038;1978
2459;-239;-1135
182;1431;-528
640;2357;1673
-133;726;-2217;-2106;1615
1698;-1604;-1286;-889;1869;-368
419;-1256;1288;-1627;2267
1914;747;-1454;1423
-756;931;-293;1725;-1536
1939;-1355
-658;2282;-1453;927
-1910;-1357;-2446
-2281;-875
-1801;-2028;671
-1345;-1809;-1029
753;-1653;-2327;-958
-915;1285;743
-1685;-456;970;-1884;-622
-99
1927;-2026
2018;-895
641;-1685;1125;1144;1065;-142
704;-2259;-280;-1578;59;-1869
400;-225;1030;-1977;525;861
-737;-148;-1110;-2136;2492
1315;-1706;-2079;1055;799
2088;-1468
-164;1331;-988;447
1682;1940;1861;-823;1736;-1674
-115
288;705;-1170;1830;-441;-575
2452;-790
2336;-1184
640
1025;-821;2485;-1515;-763;-540
-129
804;861
-1909;-1644;-2320;1135
-1361;-1106;118;682
-38;1402;895;-80
1667
128;-1251;475;1293
-1796;-1270;-1592;1400;-460
1872;-1732
114;-2165;727;1180
-49;18;1058;10;-1803;909
1682
744;1962
1985;1444;2341;1835;-1518;-814
277;-1287;-2397;414;-2288
2342;-1449;698;106
849;-722;388;1695
-2438;1542;-1832
-1705
1698;2259;214;-1132;2285;2013
-277;-2459
644;1069
-1395;1429;655
2336;917
-183
1185;-793;1978;1930;1515
-931;-1813
544;801;-2339;-1141;1950
-1217;355;-358;-1304;-733
631;-250;-413;-2413;-510;-1839
1699;-72;-2411;1482
2239
-1385;-2393
930;-777;-2399
416;1304;1528;1977;876;-269
-866;853;-2333;1630
-205
208
1603;-346;1002
-214
-1153;2419;-1052
1728;-836;-346;-331
-1523;-2147;1991;-904;-1466;-270
1968;-1744
971;-2221
930;-1880;-2346;106;-588;1503
-739
2278
-1458;803;2165;-2093;2349
-388;2219;-2416;1327
594;-442;1615
-1313;-837;745;-1391
-749
1443;-1680
1261
-1095;-2217
2496;1556;-1759
-1734;1397;-1930;-29
-760
683;2126
938;-175
-1286;1543
-1480;-1064;238
899;1033;-651
2306
-245;1527
-1187;-2390;2077;2271
-772
-578;1543;1257;-1340;-2175
-2320
1906;-1876;-1208;-1897;-782
1812
-2401;2122
354;1460
-1073;593;200
-529;-983;2303
896;785;-808;1659;-2351;-1488
-1332;-2026
466;5;806;-988
722;-694;1544;1791
1830
-1320
1319
291;1593;-619;1979;125
1796;-470
-305
-908;1724
-278;-1176;2203;-2381;1597;-784
-10;319
-1330;1730;-1031;-175;494;2158
1353;-1162;1147
-291;739;1926;-840;1613;-784
243;122;-1196
-99;-533;664;-2400
288;-1017;1340;2271
2052;1000;1786;604
-1046;1401;-429;2445
442;-1792
2352;-785;481;1010;-1163;-542
-706;1159;-2445;125
1705;-429;79
2196;2280;154;1676;415;271
-1778;-2131;-2073;2077;1518
1140;-1914;-1087;-1552
-1459;-1685;1109;-870
593;-1347;409
2138;1279
-770;193;-1445;1077;1927;2440
-1201;-1608;1433;-2048
-870
-1426;-2004
-359
-982;813;-2495;-1280
-2117;-565;-2486;1736
-2412
-1985;-1560;-2266;-1166;-638;-431
368
-457;-1961
-1318;-1991;-2490;-603;910
-1425;-2053;1207;2312;843
1472;2261;-360;2071;-2058;1083
2101;-1215
1797;-910
901;-503;1257;-2218;1967
2048;1600;49;-997;-585;828
1776;-1731;-291;485;-343;1002
699;-1087
388
-1313;464;410;1389;1486
1488;-265;1081;-1403
2432;1921;-1655;2302
1666;980;7;1863;-1563
1929
-181;-2262
-1907;453;-134;-908;-1949;-48
-934;-487
1332;1113
-2448
2037;412
-2450
1427
929;568;-2413
-1525;854;-2188;-1228;-2205;765
-2181;1774
112;299
2386;743;-76;1966
1435
1232;1520;1554;420;-2295;1566
-802;-2488;2364
-234;1164
1817;-879
938
-102;-2374
949;-8
-1953;-1108;-1524;-965
-909;876;463
448;2306;36;-823
-2371;-134;-119;1448;-1820
1810;818;422;1145;-1710
-1090;2131;-1479
674;-2425;2191
1040;1445;-1611;1051;-972
449;1531
-2422;1128;-879;1215
1873;1372;-752
-609;176;1315;984;490;1163
192;226;-83;389;2023;-762
1008;2001
-747;2221
1474
1714;-660;1363;-2294;1865
-2418;-1845;-1593;668;125
2306;-455;141
-531;-1556;2503;552
1716;1421;-2478;-2143
-2405;-1642
-2423;203;-957;1325;2318
2400;2257;626;-718;1021
1507
-1457;970
452;550
2027
149;-968;-187
-1018
2321;202;30
2042
-1940;-805;-985;-1900;-2045
1408;1555;616
-2047
-1761;-689;-2387;-2404;2469;-1883
