279;-683;-253;-2416
-643;-1475;2348;1311
426;1820;-317;-1408
1033
-801;-37;-280;-1561;619
896;1313;-1912;1818;-411;-1692
-1610;1595
740;-453;-2505;2203
413;-1454
1041
1795;-1448;1227;2028
-1620;-1077;2165;-313;90;730
385;-1108;-1252;-1063;-1596
-51;2025;1130
1653;-602;-1786;701
-1287;-1307
-182;-838;-2103;1467;-2476
-2084;1020
864;-1686;-1847;-1166;-2351
-1316;-1798
-1090;-2262;1943;-954;-458;1755
-1283;1238
-1845;-2298
-1378;1942
-727;2317
-1745;625;-1322;-174
-421;-1158;-2459;1933
1736;-1405;1775
1599
-1009;-1961;1881
2131;-1156;2180;2116;-887;-221
-1524;-1104
636;-1728
-553;-170;490;-2396
-2337;-1381;-247;-1211;-528
434;2243;-1941;677;-1367;-631
-586
-2212;420;1781;-1087
-98;-2042;2459;2316
1100
-2126
866;-2263;-1879;970;-1963;1118
590
642;-853;789;-121;-1692;-893
2326;665;-352
-2353;-2113;-517;-2309;1669;-1625
1656;2012
598
1504;995;-2373;1668;988;-2173
-396;219;-1822;861;-656;-2400
2179;1492;1035;-1277;-1792
497;2259;1673;283
-787;610;-677;-1932;-2157;-2334
1617;-1509
-1939;293
1584;193;-2425;684;1182;-1840
1669;1160;712;488;-620;799
-658;-1685;-1370;-779;1068;1773
121
-535;-2216;-958
1757;-95
-1664
-930;1924;791;904;-512
643
-1655;-1040
1220;-1126;-1434;-2221;-1695
1576;-1438
-1239;-1977
243;-1591;-1096;494;446;-2224
145
1877;1494;1832;-268;1788;-432
-1026;-2452;1256;-2029
-849;-1868
19;-688
1889;-1923;191
580;-1719;1431;1402
-519;1767;-537;1401;1631
-1960;1417;703
-489;477;2223
-1889;-200;-1209;61
1634;1092
1921;738;-1479;2327;-781
2216
-345;1385;1707;493
686
-1200
1408;-1031;1223;1368;793
2225
-1249;475;-1037;-927
232;-1435
-66;1253;-1005
1141;-568;1661
-187
1490;514;-2375;559
-322;-1945;1881;-990;1565
-2193;-1970;-852;-1604;-2276
-2272;-480
-1298;-2479
-1300;-1334;-1607;-889;-602;-2142
-788;-2006;983;-1455
1739
2004;-1717;117;824
2434;2487;-1147;-2031
360;1897
-964;-1807
1936;-679;-1870;-1136
-259;-1593;-777;879
-1234;1962
-1665;1952;261;186
1433;-2176
-194;1047;1416;-2027;-476
1775
1789;-2030
598;694;2039;-954;-2364;-255
-2298
-763
1040;-789
2210;-2222;-2288
1538;920;-2154;2511
-374;-937;-1497;-1882;-2042;330
784;-1607;-284;2315;1612
-306;1682;-2373;-2487;-2299;-111
-1700;-425;-1497;1756;-1471
1075;-1892;-2343;2183;-1530;-1856
-2322
-1812
-578;1715;-1563;1214
1969;901;2214;2249;-1422
-820;-1514
798
1167;1679
1700;-183;-1808
804
-308;570;31
-1681;-2290;1153;1482;-2252;1757
384;80;2390
-328;1134
-1201;-605;-1421;-655
139;2206
150;2262;2232;-1178;-2477;844
-817;1254;775;-2461;-158;-1967
1838
-844;27
1521;84;118;1883;989;1854
-1860;1380;-344;1641
-131;211;155;-542
1571;213;2510;2158
2048;-2018;-514;-1091;-727;456
-1218;306;-2167;718
-1137;2386;2114;-937;-64
-2356;1960;-2093;957;-1856
-1893;1413;-861
-1342
-1345
2024;72;-750
592;-1941
-327
-193;-2132;-183;-1916
64;-676;1269;1883;-1696
845
2353;1938;1491;10;1340;-2190
1876
-1762;2344;1807
1488;1857;-1978
-66;-37;2494
-859
1555;-1904
-864
-2211;563;1322;-2268;-320
535;1355
-520;1387
-2119;-216;1368;1325
-167;-1737;2376;2447
1427;-1415;1592;105;1097;-2446
-2250;-1184
1148;2286
-1794;-1444;1587;-1189;460;-544
-877
688;-1635;2419;-1516;475;-1310
1539;1939;-822;1351;-202;-878
-354;-421;-1130
-1571;1830;345;137;1679
-114;-2307
-215;1102
96;-83;-2439
377
-1175;10;-1371;1437;-1327
-1877;-1256;1130;2122;11;-2047
561;-678;-55;410;-2445;-2271
-949;4;-488;507;-2016
-111;2030
-1412
-545;1254;-1098
1681;-2151;-440;-1915;-1662
-81;1220;-1802;1055
-1571;1861;-1623;-2232;-1820;2431
-195;2404;2286
-674;-659;200;2045
-2129;928;-2500;2055;1309;-1600
-723;1506;-2486;-751
-2457
162;760
-775;-1258;2444
2064;790;429;1742
898;-602;635
-1717;-2503;-2344
1955
-1445
421
-2066;-2471;1356;-2126;-1264
-1041;977;1005
432;-1888
739;1316;1371;-1968
2016;610;180;701
-1461
-1265;-709
133;-1597
354;-391;-1944;856;-1817;-2106
1465
2493
-117;2008;-1002;-442
-1506;2115;-1191;-380
1990
-2497;2040
1347;-2501;-1385;-1866;1388
-242;2450;-1877;639
982;1014
-893;221;-302
2512;-1414;121;2317
322;1605;1703;1800;669
567;1437
-2293;-234
-2113;1890;-1187;-1132;14
-2019
-563;-654;734
-484
-1441;1290;-1787;1453
-2449;2481;-1027;-24;-2157;-2429
210;-2358;845;686;1102
-2082;-983;1575;1977
-1754;-731;716;-2479;-1872
-1394;739;-1783;-1495;-2252;2111
1793;517;1013;237;-2046
752;2308;-2022;-2077;-989
-1155;1634;-1443;1139;1558;295
-1520
736;-233
-1955;2499;-1560
1842;2469;-735
-545;-1924;-84
1530
291;-1974;-1593;10;-1741;-2160
