513
2003;437;1147
-625;1140
-532
1557
2069
-601;2158
-1793;-947;-1412;1492;1611
192;-1221;2344;1065;2255
-1681;-1508;2437;-300
-1751;1975;1543;-1576;-1468;-1824
-1827;2166;713
1488;85;-1543
-1991;-823;1416;1162;332;-1151
31
-1907;418;-1302;1766;-2079
2454;-904;985;-2394;2138;2363
1556;-2104
-340;-1125;390;524
-1065
-787;-851;2483;1174;-1977
1945;26;2250;941
1144;985;475
560
49
1424;-1682;555;-863
1692;2301;669
946;-1076;-459;-493;-1022
1489;-2285;-1517;-1550;1821;-1088
1442;626;2019;441;142
-1202;102;2022;-347
1088
-2033;1319;-1912
1091
-2101;2172
-740;-2233;-586;1294;-1392
-2268;-365
-2098;-451;-134;-426;987
-1141;-1494
634;-557;1069;-47
-1924;2200;317
-1172;-1237;-1079;1415;2093;1597
-1559;1565;1615
832;-1906;-36
273;837
1734;-619
-433;-482;-1227
-1651;136;-123;1418;2363
1079;2025;-2491
-1365;172;782;-1743
618
-2141;1005
2273;1033;1947;-1774;-800
1408;-82;1798;-957
-2357;1224;1241;-380;1420
130;-567;38;-1263
-1640;1000
-230;359
-1081;1724
-132
773;-2443
-882;-1285;-2064
1376;297
-2188
-789;-1881;-31
80;-468;1783;124;-2286;-911
2102;363;1261
1167
-195;1673;909;318
-930;-752
457;-2094;-1070
-2485;286
530;-1706
2374;-1198
373;-527
2376;2122;234;-1067;2124
-273;-385;1474;366
738;2468;646;-2155
19;-1206
-1699
1158;410;-894
1794;-95
810;763;-1407
-2146;421;1558
1888;-185
1760;2225;981;-1214
-1697;-2061
65;-164;1365;-1451;877
-2436;-1964;2299;1919
-2234
1717;1975;814;-2271
-2356;-100;1734;-1448;958
-804;-476;1982
196
-2020;-1804;43
-660;1368
-1302;170;-2143
-1878;1162
-2253
-2222;-1022;1503
-1274;1065
-852;1573
-788;-2457;524;1997
341;-2375;-1112;1607;814
-2468;1491;-2484;-486;646;1036
-2419;-2406
272;-490
1754
1243
1492;-904;-540;686
-736
735
-1254
1765
-458;-1309
1217;-630;-966;-878
1330;-916;-1461;-807;1847;2287
-1523;1826;-1815;2347;-2125;-2016
1968;1338
-114;-755;-284;-172;733;-670
1622;-601;-1805;2045
-238
-2404;629
1778
-2129;2098;-1267;-1802;1260;573
-756
-1274
-982;104;-2377;955
-677;489;668;2333
-2212;-2072;446
1791
998;-202;-2349;13;-2510;-1327
-1793
224;1829;2390;120;1839
-691;-723;-1080;1210
-1795;403;2165
565;-1820;1518
-306;-1112;-1644;1772
1077;726
1826;-1235;-1446;-88;-1854;-32
197;1737;-2107;1677;814
-1296
1697;630
-417;-1386;-1550
-107;602;-1243;1850;702;14
-1506;1509;-1034;251;1388;-2430
674;1273;-2234
-2335
799
-2470;-2382;-47
-1828
1450;-2256
-1441;2252
-1441;-698;1326
1236;-328;567;1370;1647;-96
1857;-898;-2284
-302
1327
-625;1635;-990;2079;2303
-1489;-1765;1919
-2290;565;293;-198;-220
-1042;-2341;1463;824;1417
868;-1319;-2088;-1884
2016;360
-2381
1871
-850
1873
-2387
609;-2195;1748;-888;1577
-1160;457;-2141;-1774;-335
1125;422;-2410
864
-1781;-2156
-375;1609;-603;234
865
-1000;2379
-1475;-1347;2325;-2424
-1901
-1569;-595;1555;403;747;-1932
-964;596
-1523;-1429;2324;-726;-1064
-884
-374
-1409;-1368;-1372;1215
-1589;-1353
-551;1448
1601;439;2445
-581;-1270;-1100
-1522;-995;1332;2244;-1966
118;1816
1476;854;-393
-2290;-43;1419
1124;-1350;263;-249;-1850;122
-1411;259;628;-2423;185;-716
1184;676;-2266
487;1999;2015
-919
-741;-293;-2445
1765;694
-843;2155;-2237
1360;-421;-2011;2510
-1952
-787;-805;-1590;1741
-33;-2432
1304;1019;2142;-2271;-991;239
-1783;-1710
1891;1800;825
-2115;-2181;-2271
-1251;-1876;1676
-423;2439;2506
496;-393;954;-1485
2476
-786;-160
521;-1355;-624
851;-1735;534;-920;1163;540
1060;1014;1433
-531;-2423;-45
-1027;-1286;712;-381
2041;-1083
1121;387;2381;-63;1039;2239
-1704;-1307
101;55;-1120
-2507
1392;-537;1657;410;-416
-1234;2184;-505;2062
-463
-1474;-1509;-117;-1512;-2220;-800
851;3;822;-2440;2253
-1426;-839;90;1708
2345;-1578;-411;1997;-351
-515;-467
-483;-997;2228;-2298;-1277;815
-2241;-804;2057
-2438;1814;2206;431
35;1739;-783
678;-1671
-321;-1137;2006;1471
610;907;251;1725;63
-1031;2027
-324;487;311;12
868;1257;922
676;-1817;1096;-330;-157;1532
-2346;-2154;1868;1631
-1217;-135;1143;-1820
688;-2207
-945;721;-932;1988;-902;1079
498
-1011
275;-997;1862;-1231;-1440
-2045
-1137;-950;-1978;-542
