1538
-1274;-1290
-1637;981;456;-842;442;-1964
-833;681;2204
1541
-563;2196;-1607;202;-747
1729;1859;-1464;2311;-1868
-2193;2200
-216;1031;1241
-1176;-1689;-1882;-1408
12
807;231
15
-1778;1619;420;-281
-1671;111
2066;86;-590
1051
-572;588;-2094
-1988;1891;1062;1228;-2224
31
543
-1393;1747;1207;-2108
-1153;1496;205
-337;-1269;2200;-557
-551
-393;-158
2088
-1713;-1601;-212;-2024;-1660
-47
-1988;-539;1455
1072
-1157;-151;-1863;-1129;1690;1023
-1141;-968;-505
-248;-890;745;-1773;-960
2104
-2194;-195;1431;298;603
1081
-631;71;2155
-85;-2024
-321;894
673;1951
-1681;1713;2082
1152;-1736
-225;899;-2221;2111;-1664
371;269;-1294;-1982
-65;653
2049;-1093;1525;159
-865;-2178;985;-426;-1693
-66;-2169;1641
-595
1282;-1200
-1221;1575;-378;1227;-1120
-741;1339
-2453;1317;1129;2142
-212;-1670;1189;1498;-2430
-97;2163;101;630;1899
89
-289;84;1068;398;-992;1871
1714;431
-2146
-1620;-2063
-1330;-1607;-538;303
615
-2102;-1307;-2332
1523;-213;2103;-232
720;-832
2017;-2246;2069;-704
-1;2305;690;-122;1899;1487
-2163
-2380;652;1101
1602;-421;2012
-2068;1048;1144
-1955;-1460;-262;2350;-1359
801;675;-838
1730;182;-1000;-2073;856;1967
336;-34;1286;1098
1490;1710
-1603;-233;-2361;-396;879
-2401;-2209;-1234;521;-1627;-860
225;-2195;-1066;-987;-2126;-640
-1589;373;569
-825;-2187;1595;767
-2146;-1774;191
320;1364
-1175
-2129;2369;-555;-860
-241;912;1266;1093;-669;1374
-152
152
-994;-2467;-2152;-685
-545;1506;980;-252
788;-2075;683;2331;-2398
-1569;-2421;741;1017;1049
1106;-212;-1957;-1164;-1341;1869
1367;1867
-2;1223;478
-1921;-99;2007;-1690
992;-9;-816
-339;1877;1142;-1112;1672
272;786;308;332;1468;1102
-694;-508
1186;-2135;-2077;798
-545;1240
738;2006;-2047
1210
913;325;469;-75;-1821
-1252;985;1979;-1007
-195
-643;-1088
-1491;661;230;-1289;-315;-1581
-885;1558;-2412
-1109;-2167
502;298;-2427;1020;-1648
1042;2238
-737;14
1698;-2058;-1900
-1237
912;1353;59;-1709;-2350;-526
752;-308;-997;-1719;1543
2449;1895;-2281;-2284
565;70;2441;-282;-1548
-228
-2243;-1878;967;43;-2237
977;-1125;-919;-186
468;-698
496;-185;2479
-1077;331
114;108;1549
-673;2228;-694;-326;-1096;-188
1610;-349
-1954;1427;36;283;-2079
400;-2418;-677;2057;1389
-370;-1919
2262;172;-1680
2448;1730;-1384;1611;1470
1618;-1731;984;-1118
1568;1217;-1130;-43;-2220;-1183
-216;-2091
-2423;-1719;-760;-1503
1491;-615;2326;-1916
-659;2483;852;-2134;745
-1805
1806
-2083;1337;2045
-1842;1304;-1275;2091
329;463
-401;684
2480;-2199;250;1998;1854
1945;-2411;-2366;-1552
-7;806
-582;2250;-2507;-589;111
-2086;-255
293
805
614;-1933
-465;-1266;2468;-1944;399
-2242;-1188;-809;249;621
297
861;1998
-913;-963;-2474;-2095
99;-518;437;-2215;-11;2510
784;-1192;1419;12;-720
-2337;-227;1236
1810;-1252;917;-1129;-42
-134;1335;-703;1342
1281;-354;-1746
2288;-2408;1879;186;459;1999
-310
1379;1492
-309;-1543;-1545;2203;-2301;109
-1458;2052;-2042;909;-1327;-1520
1184;2390;-1639;940
-769;1633;2338;-553;-45;-2287
1728;483;2245;1302;-782;1485
-897;-1316;697;1834
1342
434;396
220;-1567
1728;-2008;1210;-608
97;-869;2086;-2311;1210;622
2211;-535;1033;687
-594;-1138;434;-185;-236;-1166
-503;-1448;1624
225;114;1939;980;229;935
-1683;2490;-476
333
2019;731;-880
228;-1591
433;-590;1519
281;-2382;-1311
1026;-174
2402;-339;-1720
-2164;-1689;1528;1964;15
-351
1731;-1556;395;-1437
-1894
2050;387;-1477;-1702;-1159
644;1845;-1100
1681;452;-1911;-343;-1784
-1;2296;121
1600;-966;1130;-1391
1969;-2202;1641;842;2188;543
-2101;2244;-1034;-188;190
107;2318
1917
-1020;124
-1876;-1253;985;1130;-492;-1438
272;2293;2122;-2283;28
-1624;2264;109;-2159
-1634;-2340
901
1361;1894;-2348
1201;1011;349;942;-1568
-1315;-1653
-422;-1017
688;-1157;456;2478
946;788;-1306
-1452;-655;30;-1936
-339;-3;292;-2203;1580;-270
-1318;-1242;522;-1310;-2208
-875;-77
823;-1483;1758;1390
2489
-956
-2501
1497;-1290;556;1180;558
454
2131;1908
-1765;-2103;-1293;-1439
457
1482
-2401;-2233;2121
-2226;709;27
-803;-1273;1753;-1168
-1494
1502
2017
-2018
885;1644
2017;-1831;-71;2014;-1648
1536;2196;206;-959;63
675;-1162
839;-1838
167;-2137;760;-1947;2157
1040;-596;-2106;-875
-1828;1430;830;1599
2071;1501
692;2309;91;-541
-1682;-2290;-1571;-1783;-457;1135
208;213;-2471;-987;-541
-2209;-1955;2036;-967;-763;-748
2440;1320;334
