-7;-508
-1139;1911;601;922;-240
521
533;2325;-1482;171
2060
-66;-1189;2006;-1337;1113
2065
-2306;-604;332
-1943;-1080;1753;2314
194;-1686;1228;2285;47
1920;-359
-2481;-743;-666;-2332;-2077;1103
2082
464;-673;-2387
803;-484;-283
2020;-1608;1802;-640
-2339;258;1251;518;-1821;1069
2090
555
-2081;2465;1821;911
1557;536
1059;-1511;-1243;-1935
1376;2146;243;1943;-1567
46
-371;-1497;2427
-2066;2098;-389;-2023;2429
-2293;-2368
-1596;-1021
-65;667;-543
-2082;979;2186
-750;-1359
2108
-575
1296;2351
-1060;-153;1149
-1362;-834;89;601;1438
-1142;-1290;316
-1985;961;1796;-910;-1982;-510
-465;1047
-1444;-792;-1608;-2138;-730;495
-1098
788;315
-215;-2425
-1729;1809
1104
-757;1189;-2312;-1929;2188
1458;-1640;-1279;-672
2308;-781;606
1845;-2070;822
739;-645;-186;-510
2019;-517;-460;748;-1182
-1253;1287;2111
1008;788;862
245;-2395
-371;1603;-2245;1109;1190;-1900
-1130
1376;736;1890;-1939;514;2136
1857;-2246;-1627;-267;127
-110
-2276;-533;-966;-944
1281;1492;757;856;1868
-646;-1002
497;898;1492;-2246;2377;2219
2229;262;-2042;-332
49;645;-2349
1538;-391
2161;1549
2485;1226
-292;1894;-2169;170;1036
217;-1293;429
2176;-2469;1940;-2107;-2235
514;1910;-856;-1545;111
1873;827
1829;89;1055;2287
-204;860
2323;566;1964;478;1279;2239
-1656;2183;-381
1349;1798;1947;687
2272;1744;-2330
1284;-1436
-2291;203;1423
291;-2404;-1365;-441;-842
-1828;423;1754;830
-2374;-974;477;1149;1565
-134;1001;2362
1312;-1923;2152;-937;-1804;1869
-1154;274;980;1636;236;2285
-1493;-1784;1575
50;707;948;901;1143
-1193
538;1167
1121;1766;391;302;-1360
-2091;1178;-2334
1088;-2294;-920;-559;1838;1535
-982;-1736;1004
-7;-2221
1266;1186;-1189;-1046;-911
694
-1786;-507;573
-2379;-367
1992;-782
-97;1091;-1200;-1008
1215
1074;1139;211;-697
-814;110
1976;1802
-1682;-836;-2104;-88;1496;969
-1187;1028;-2459;-651
-1159;2380
754;-1721;-2304
-712
-2227;1000
-2194;454
1224;-1020
-1522;-436;1621;2078
976;-743;-1464
2390;2026;-1647
929;1507;-2468;-585;-620
1954;-1590;-1466;-142;-2046
219
-733
1232;113;-1653;-1783;-1355;-1387
2225;369;536;796;1166;1278
1456;388;1908;742;1161;1740
1041;530;-2501;187
231
-2209;2437;2022;-1463;827;1692
-533;-1671;-2156;174;879
-2245;614;2377
-1153;1040;-2261;1543;-430
1648;-325;-2487;1879;-1980
2289
1606;-1515;668
1843;439;-2187;922;1324;-1069
403;-1711;-992
2256;-1608;2379;939;1117;-1247
952;-1609;2446
445;-1727
23;-795
-1059;-2490;-747;1754;-2140;-703
-530;-2148;-2453;-1367;-1929;-31
-1779;-2506;188;-2318
1557;-263
1588;-266;-539
-1556;-964;-2328;-681;1672
-1318;1595
43;1052;1742
-547;-1508;1015;760
417;-1859;1717;361;-1515;-1453
-1362;-1941;457
1778;1251;-1220;886;1147;28
-2020;-1738;1242;-443;445;-1359
1070;-800;-1072
-740;1592;586;-123
-1940;453;1925;-1661;-1631
-811
275;-494;829;-1935
1025;-851;-1125;1878;1422
-65;881;1862;1721
-2275;1347;-1717;2440;1534
817
-113;-21;966;-1146;-1019
-754;-213;-367
914;692;-2054;-887;-1882;1370
1041;-1237;-1653
1009;-1426;418;-549;1374
-2372
-2020;2346
-1489;2195;2404;-1064;2140;1262
936;-93
-2227;-2217;-2032
-1483;1150
1358
1870
1360
-321;897;854;-1980;-399;-1951
-2456;-2057;1097
68;1303
-1722;1373
-1601;2211;326;91;219;127
930;-62
441;2477
-1416;-841;1800;-1439
-1818;-191;111
1232;-1377;-1620;-1159
2412
-833;580;-1765;1781;601
1124;1292
1393
-775;-2109;-46
-2419
496;-1538;-1801;-2137
602;-1998
-571;-476;1196;-2063
-2245;-2504;1656;153
931;1174;1610;-1148;-1676
-827;445
-1234;1606;730;1839
-2438
708;-1098
-1734;-1705;-1098;-973
-449;-453
1715;1639;1656;2046
689;-1091
1065;-1980
-1879;-573
785;1667
787;2182;-1533
-2401;440;-1227;-1787;-1070
-1825;-2082;-1794;-2119;-1710;2461
-1210;-44;-1725
965;-537;634;380
2480;-1034
-2370;-102
-39;1910;2470;-1870
425
-1330;-2228;-2058;-2492
-1684;2020;-1926;886;-863;1999
-373;-2396;-224
499;1112;2408
-2364;-2175
1929;-975
-1026;609;-1907;-89;-1690;2122
-309;-1432;783
-1314;-1698;853;-574;2287
-2120;1160
722;-435;101;-891;-2507
-2276;1924;-1132
-611;-1844;-442;-1149
-277;-1196;-925;1100;-2446;-1327
-1796;-2471;-1417;120;1003
1489
-1914;714;507;-1310
-468
-1873;2393;2314;-1915;-1983;-1456
2416;325;2232;1133
68;-600;-1993
1701;-2108;-111;-1471;-1568
420;1162;443
2448;601
-2029
1843;-1877;-711;892;350
2064;-1794;1969;-2053;-2220
1920;-795;1323;-13;879;-768
1029;-1031;270;-783;-1008
1908;-134;-59;-316;1837;-2223
2465;-2307;-1385;-1389;-2495
932;596
-502;-2182;1590;-2136;-860
-2499;-453;397
-841;441;-1439;-1215;-1040
-1939;611;-2254
