-1538
389;773;409;-544
948;-920;855;-368
88;2476
1380;340;-471;-2023;1802
-2502;440;169;1260;2175
-2129;1873;-611;-331;-1373
-887;363
67;403;-2341;118;717
-1978;2089;1438
1040
1554
1555
1748;-1434;731
-36;2069;-1289;815
1940;133;2047
-2513;658;-1654;-1624;696;826
-823;-1303;-1288;-1177;-560
-114;500;2228;-599;-1088;-1472
-361;-1722
-1348;-1397;-1143;878;254;671
258;2276;-809;-762;-222;-1295
-1297;1413;1014;951;2270;815
256;-291;1894;1772;-510
49
-562
-51
-294;1349;-1497;-1484;-1199
1882;2107;2207
1172;-1737
-2354;-887;-1655;326;-2382;-784
691;-1774
288;851;-1712
1948;-1888
2111
-64
626;2066;-950;-1159;313;-2496
-1091
-801;-2369;1140;1559;-622
1092
69
-1606
2098;-2404;-1814
2230;-1263;-1936;-1664
851;1123;-2388;468;1366;1213
-2497;-727;1862;-760
-587
2193;55;2455;1003
1611
-590
37;1580
-882;2036;1387;-2381;-78
960;709;-1758
-1269;-1110;750
1630
-2150
2195;-1656;761;-1198
-1556;-580;-678;-662;-7;-204
1744;-385;2230;-415
-1832;-1856
-2388;-1578;2283;347;719
-274;-538;73;1871
1645
1986;308;2328;-2043;1627
1264;544;-1416;729;-604;622
-1298;-850;147;1372
629
-2169
933;-1511;-567
-324;-312
-786;-578;1251;-1076;-954;-543
-1219;-1765;298
127
2065;-2312;2136;-734
1234;-378;299
122;1772;2334
137
-650
-1677
1666;1477;-105;2222
-819;-723;-1252;-1289;-155
-2133;453
82;-167;-1079;-488;-2078
1684
-2298;-1837;-2158
-1176
1539;-2437;-904;-1017;154;-1072
-2012;-2237
484;1911;-2168;-271;-111
-2233;1565
432;597;854;-668;2141;-1151
-34;643;-1684;-1066;2300
159
-1698
-1409;-2341
-2498;-2328;-2091;1119
-1192
-2084;-650
-897;-1611;1821
946;-2292;-1669;1973;2040;201
-2291;-1991;-300;-60;-654
-1459;-821;-42;-1051;1661
88;826;1823
-2337;-1146;1882;1422
1250;-423;-72;-44;-1405
-164;2395
-184
-1692;-1663;-415
-1346;563;1621;2423
-1893;-795;811;-1388
293;1516;-78
-1937;1985;738;-826;-157
-2324;86;-14
1809;1096;505;2201;-288
816;-599;-172;1182
-2338;-1095;552;-207;-1151;-575
-326;379;1964;1517;-16;-240
849;-2451;151;1208;-478
721
-1546;2269
1744;-2230;-424;2183;1499
-1475;-2500;1751;1068;1421;1997
1638;-605;1230
2304;2166;-2206
-1027;1561;1231
745
1283;-1049
-1;785;-2327;104;-2284;-96
480;-1232
751
-104;-1773;-413
2067;-773;-599;-1851;-1135
881;-181;1510;-1455
-546;1443;1396
-532;739;2276;-2236
759
-1526;-1754;-1708;-893
-1218;1795;957;766
253
-387;-766;1919
-2303
-951;-330
-40;1982;366
530;-212;1190;-1129;1642;-735
-210;-2259;-2505;665;1261;-800
-995;-1317
2304;-358;-1687;-472;445;-496
275;-1433;-666;-1741;-2495;-1375
1472;-997;-287;2127
-2038;230;2075
-1293
-782
-1540;-1925;-2491;-1867;-128
-162;-261;-1897
1301;-235;1259
-545;2401;-1060;-1705;521;2202
1488;897;-354;-1354;-1932;2046
-1228;-1614
-782;-2063
1329;129;363
-1989;-1461;173;430
-1824
-2419;1802;652;1950;1887
1329;789;1734;1673;395
-1385;-2154;-2384
1431;1929;-1290;2316
1712;597;1055
944;1605;-921;1212;2061
1650;2230
1475;359
1785;-1306;-253;1564;1869;-1311
-97;2170;-13;-1760
-1837
1839
-1089;-2081;-2343;1801;-2046;845
-2359
49;-873
1025;-882;1270;-408;-2348
1939;-1016;-473;-2428;493;638
1871
616;2280
341
-676;167;-123;-2271
-705;1681;324;-247;313
1362;-2219
2323;1575;-1963;123;-351;2223
464;-2503;854;-2236
452;-968;1368;2441;-1594;1212
288;-2177;2104;2138;-350;909
1816;1609
-824;1867;-173
-2034;2325;-1020;-831;2431
-85;-2135;-1725
16;1953;2426;-2492
-258;1992;-459;-1278;-1392
-2258;-1397;-342;1255;317
641;2297
-897
-2385;657;931;1701;854;-856
-1416
-2;-1267;600;619;2381;110
-1025;2;1685;-1975;-1643
-1561;-42;-842
1420
573;1869;-2190;-2335;-191;335
915
2455
867;-1495;-253;1804
925
-1665;-1441;1283;-516;1126;287
-1955
-2417;-778;-2381;-478
1476;-1913;-938;267;2444;2159
1056;-118
-2020;-2507
-1975
1971;1751;2461;911
1354;1133
2113;-2150;-806;1785;522
440
-1864;909
1973;151;72;1835
1473
-450
1587;-1067;186;-2190
2066;-2355;-2088;844;-1965;989
-2172;1708
-242;-2182;2069;-920;557;2205
1248;81;2273;-573
2194;-1815;-1448;-905;-1484;940
-403;1059;-905;-2270
883;1173;-1415;-1626
-631;-174;1807;2031
-451;1110;-186
-145;-1188;105;1275;1454
418;59
480
-1443;866;2196;-2440;-344;-1369
2343;-856;1560
1393;1657
-1601;2091
2029
-495
1684;1882
98;1526;2423;856;1291;-63
1014
-517;1464;-1450
-199;793;1129;1855
1696;325;-1097;-186;-2269
1704;-1945;-268
496;-562;-955
511
