1538
514
1414;1258;-1644
134;-1914;1486;-224
835;484;-920;1145
-722;-265;2297;238
-2034;-1267;-1832
2208;1902
2063
2340;890;-2190
208;-1657;-2154
-594;338;-137;649;-1276;-1564
1560
1008;2295;-509;-2256
-135;1511;-2073;669
1563
-2131;-1786;570;-268
-1170;290;-8;-58;-2509;862
-2279;-588;-1084;1837;-992
592;643;-438;1579;1757
-2068;1798;-281
1109;-558
512;578;-1497;-1804;1531;-384
1576
-2132;1589;-2424;652;-287
1475;-309;-1721
1232;-2390;1781;1270;-1848
84;989
-888;-1321;586;-44;77
-1590
-644;1772;461
715;1387
1160;154;426;-2368;1199
-965;-125
-558;2159
1421;-1999
1363;-1272;-1658;-1403;-509;-2221
1603
68
582
-2360;-1434;-1211;-2140;927
1098
-1614
1793;1639;1802;988
1440;-210;2306;203;-77
-601;153;1356;-318
976;2332;-1181
-690;-804;1578
1783;-316;-2271;207
2138
1376;-2323;-2282;-2494
-1251;-2020;1460;1861;-1286;-1928
1938;807;-1884;767
-2474;332
706;-1315
419;1189;-999
1335;-968;-2281;-747
1431;2254
1027;1318;1463;1416
-1508;-2390;405;1255;-1452
106
-1137;977;-1289;1339
-964;37;-1736;-1580;-1484;1516
161;-1079;953;2127
626
96;-129;-1411;-968;-1801
118
2170
-1443;-1252;-2057;-1516
-1522;-1523;2325;2380
256;1698;-666;-1755;-12;1629
-639
-1076;2229
1106;1334;2374;138;-1563;-1212
-424;-733
-2181
-1081;-191;1406
-727;-1804;540;2125
-643;1291
-1300;-214;1862;301
-177;-1076;-1540;607
386;-1940;-853;68;2357;633
1412;797;-16
1396;1012;-1209;-1052
1841;-251;1117
-290;-357;1836;-238;1759
-1297;-1416
-1720;1054
-218;1083;2364
-1221;1093;-1566
-1839;-2416
438;-2140
-433;-1781
-754;-951
1281;1959
-1937;-179;-1433;969;361
-525;-158
1707
2274;-2102
162;1699;732;1165
686
-1058;-798;-494;1663
1024;-1906;-2368
1602;-1782
417;69;-2202
-83;1891;-1705;-1306;395;-909
1282;-73
-1523;1381;329
-705;1297;629;2251;2013;-2224
1394;-970;2203;299;-686
-4;1351;1223;1726
1524;-1736
666;2078;2079
-1752
1937;-676;-533
-1218;-114;-820;-37;648;811
117;1992;1070;623
-732
1185;-2324;918
-223
-1459;498;-184;1017;-78;1965
-2129;1988;405;-39
1392;-739;1432;1085;1726;-2111
-611;115;2292;868;-1206;-1230
-742
-19;-2247;-872;1192;-846
38;-271
320;-1639;2063
-2402;120
-2325;-2124;-2445
-310;-1976
673;1122;1004
-1123;468;1670;-682;-93
162;2291;2100;1238;-1868;1951
-82;278;1583
2291
1938;-323;2486;920;-170
-1233;576;-437;264;585
2358;2505
-2452;-601;525;2270
-279;-1308;-719
-1061;2342
1283
2008;-2269
-779
1802
241;581;-346;-2283
-904;-1547;-2141;-288
808;-2506;-1134
2225;1298;-579;824;-779;-1693
-1298
-978;2258;-805;-624;-1664
1973;-2507;2347
-278
-97;-241;1297;-1239
-1569;2305;194;2371;-2443;959
-1818
2131;2501;614;2502;-1019;-299
1156;1657;-2474;-316;-2365
1300;1945;1773;-110
-1330
112;376;2379
819
-1268;-1256;-1883
1846
-1978;-1772;1902
834;-1205;-969
1651;1465;-2027;-1147;380
640;496;-956;-2140;-2158;-303
-1665;-610;1383;634;2250;895
1632;1995;284
2051;151;-1309;908;2110
-497;-2309;1572;-1655
596;820;-2071;-1722
-802;2306;-1191;15
213;391;-2089;-892
-2483;-375;1503
2480;-2099;2266;1387;637;-751
-776;-1932;-704
853
-2476;-2044;-432
-658;-150;-267;-123;-1710
1884
434;-195;1410;-2469;-762;-2351
-2230;-649;-1291;734;1807;-768
-1731;-1183
2405
-2037;-219;-396;-431;-1375
-2109;719
-324;485;-2281;218
-338;1218;-2308;-2269;-253
-1825;2049;2190
1632;1122;226;1573;-88
-897;-373;-2142;-462;-1198;1630
-1634;-276
-123;-253
-1812;-1641
2341;-422
1856;-903;1753;-1296
-1205;-2294;-2267;2125;2223
387;-2036;-951;1500;-2366
2096;858;-1024
-1361;-1025;1251;-854;-462
402
-2313;330;827;-272
-2401;-1174;-1437
677;-855;1113;-1341
-161;404;-1833;1084;1935
995;-776;188
-2323;376
2044;1950
1352;826;2300;2079
-2185;746
-1601;441;-1770;-29;-846;1853
-985;-475;-1837;-1728
1666;-2084
-2018;1187;-1285;-599;-11;-2301
-547;1337;-1726
-2196;-549;731;-975
1926;-1227;-2476;-1389;-2384
941
-1011;436;-728;-2044;862
-2487
576;-913;2021;1126;298;-622
951
1856;448;-328
673;1955;1910
293;630;-1341;2349;-751;-224
-448
-292;259;361;957;2238
-2505
-1995
2145;1285;2424;2235;-1999
-1997
-1187;-2405;695;616;284
-1467;493
1123;-1527;-1599
2338;1302;1292;-367
1494
1684;-936;239
1586;-4;-407;-1787;-891
-1289;1770
-482
-1828;1381;90;-2175
1507
1939;-425
1409;-1022;-2415
1985;-2020;298;1259;1023
-449;-1859;371;-229;-443;1594
-1571;-2468;909;1599
34;-100;1206;-2089;-1609
-2048
