0
7.1008000000000004
13.664
19.104799999999997
20.875199999999996
26.994399999999995
27.909599999999994
33.492799999999995
38.123999999999995
40.72239999999999
44.70559999999999
46.62399999999999
49.02559999999999
51.62319999999999
54.331999999999994
55.719199999999994
56.75999999999999
59.90959999999999
61.51999999999999
63.274399999999986
64.87039999999999
66.48159999999999
68.43599999999999
68.93679999999999
70.5072
71.9472
73.63279999999999
75.01359999999998
76.59199999999998
77.48479999999998
77.99359999999997
79.13759999999998
79.39839999999998
79.67839999999998
79.94959999999998
80.31279999999998
81.43519999999998
82.54239999999999
83.46239999999999
83.98719999999999
84.81199999999998
85.18719999999999
85.60239999999999
86.37839999999998
87.24239999999999
87.52159999999999
87.72399999999999
88.22399999999999
88.6664
88.92
89.1568
89.30080000000001
89.75600000000001
90.01440000000001
90.3584
90.72240000000001
90.9624
91.144
91.3024
91.3936
91.7808
91.8592
91.996
92.27199999999999
92.4784
92.60159999999999
92.7152
92.8304
92.86319999999999
93.08319999999999
93.40639999999999
93.84639999999999
94.02879999999999
94.28639999999999
94.37519999999999
94.472
94.5616
94.8232
94.908
94.9744
95.048
95.3032
95.324
95.3984
95.56559999999999
95.6488
95.80959999999999
95.83519999999999
95.91119999999998
96.09599999999998
96.13519999999997
96.22159999999997
96.23919999999997
96.29119999999998
96.31199999999997
96.38639999999997
96.45839999999997
96.58399999999997
96.60479999999997
96.68719999999998
96.81519999999998
