6071;-6201;-3119;2222
3075
86;-5453;-3582;-1296
3504;2577;-5363;2412;5005;3134
2049;-1623;-5552
81;-76
-3297;4129;2914;6851;-6888;2441
-2995;-856;-170;25;5945;106
-1605;5252;3529
3078;-5931;1819
-5448;904;-6731
2898;-4100;-4360;5095;477
-1985;3825;-4850;3410;-3843;3455
-3300;214
454;586
3616;107;-4316;-1472
4210;1335;-4505
-1002;2362;5658;3164;77
4656;1718;-3280
-6339;-3925
6174
-5114;619;3755;-317
4610;4638
-6146;2481;1777;5601;1258;-6029
-1060
1968;-1345;-6772;2810;6446
3719;-777;-3786;-6235;541;6574
3155;-1340;3405;-5184
1057;-1395;1987;2755;-3205;4986
865;3364;2378;29;6718
4202;-4160
867;-3753;-1052;1566;3439
3977;-5404;-3324;-6206;2717
-6706;2562
132;6809;-5868
4099;3909;3307
6624;-3587;-2888;-104;6045;-6144
6064;-3905;4566;-2575
2136;-6288
-6690;5543;-4809;2828
-338;-1028;-6078;525;4957;-2191
6583;3594;6091;5469;5967
56
-4980;-2884;2519;-2937;-4063
3537;1859;3878
-4337;6757;-4527
-5361;344;3932
6405;-5990;1991;4551;1256;1065
-3841;2753
-5184
6419;1883;-5166
2980;-5030;-6200;3387;4797
-5556;4072;3597
432;217;-124;-4688
2673;-6778;-6235;3102
-3697;-3986;-6147;-5348;-3190;-6375
3266;-5780;1417
2768;-6450;-6629;5117
2844;4398
-1619;6771;6213;6711;1000;-5690
6509;1758
6393;3242;3034;5838
-2738;-276;1940;998
-6258;-867;3545;268;-3934
-5089;-1134
1510;-1431
6277;5004;-1854;5997;-3582;5647
-5417;6616;2044;-5373
-3156
-2137
4835;-6139;1214
3968;-4278;-4903
-3906;5026
-201;-4732;-5405
5952;-550;2488;-1499;3947
693;3894;-5712
-2931;-602;-3980;-5903
1843;-372;5800
3697;2754;-2214;-556;-4669;-3214
5440;-4101;-2091;-4125;-6493
-6869;6326;-492;6236;6175
-3217;-6404;-6877
3857;-4999
-5716;2068;790;-1527;-4234;-3788
-3682;-3523;-4489;-2538;-4320
-3061;2485;-5944;4459;3628;-5792
-3155;-3703;4104;-4828;284
-3202
1154
2163;-1547;539
2179
-5122;4823;3080;3914;6749
-133
-562;-3590;-2127
4485;-5644
2848;2066;2020;-5160;4506
-6083;4788;-4826;-2429;2268
-4234
3424;-5060;-1255;5722;-6716;-6495
3211
-6529;1777;-267;5693;-3887
-3121;-5572;-1979;-2476;4815
-4722;2435;103;-1593;5967
-5749;-5143;4603
3984;5376;978;2610;5636;1019
-4598;-2538;4587;3595;-895
3735;4616
-1235;-5112;-2635;4860;3949;1357
-2450;6664;3720;-2653
5529;1691;2157
1365;-6234;-4172;6589;-2830
-3237
-2275;1346;-3945;-6556
-5082;-5325
-1192
-801;-5511
-4353;-4753;6577;-3128;-6799
-2404;901;-6362;6671
-3542;-2409;-6202;-4380;5212;3983
-1555;-5603;2733;158
-3266;375;3064;5118
39;4345;-2987;2875
-1331;-3828;2291;-5958;-2616
3952;5490;2894;-895
177
1926;-907;2460;1085;5854
4275
-5969;4114;1462;4668
-4532;3327
1937;5283;-5828;2136;3996;-5295
5637;-1360
-1890;4865;-1252;-1865;4968;3548
2416;3384;-1162;-5244;-2700;-6095
-2984;4936;6427
2390;-5480;-3962;-6092;4764
68;729;6558
3815;-3628
5228;-1261;-1791;6206
4656;3793;4596;3768;-2284
5171;-4364;2287;5295
4484;-5181;-1007;-1552;-1040
-5587;-6154;-2794;6875;-1757
2135;-89;3834;-3567;-719;3727
4298
2403;39;2551;-5198
5325
-6350
3746;1603;-3460;-2791;-2952;1599
1072;-2114;4163;596;-3533;2077
-1204;-711;-6492
4640;484;6806;-6743;-6491;1518
-1555;4071;3434;3549;543;-5728
-1490;5395;2074;-4142;2478
2592;6843
6364
3843;6596;-998
-4084;-998;-1289
2434;-6260;6453;-618;-6334
-1254
-6434;643;5219;4579;-3773
5931;-4670
-1777;6111
1263
5464;1944
83;1379;5686;-5882
6499;-1369;-6061;686
-3556;-3134;5421
5056;2776;1629
-5690;-5805;2028
-4417;4163;1530
-6626;-1207;3111;-4169;2441;-6092
5745;-1726;1358
1287
-2836;5349;2021;-6511;-4432
281;-3535;4543
-5271;-6297;-3659;6766
2064;-3954;-6282;6879
2706;4731
-980;-2362
-1109;5383;5034;-5390;1471
-5441;-4021;5892;2436;-4256
-5740;3165;-6671;5903
-2843;6316;3965
-2195;-5244
-3345
1625;3995;5118;-3904;1327;-2768
-5331;2066;-3497;2537;5417;-4543
-5525;-3657;-281;2015
4213;-4493
-1473;-5123;-2470;-3900;2974;6639
80;-1270;-4218
-4292;-5366;-6790;799
-5428;5891;1219;1847;-1678;-6238
1216;1666;19;4388;1375;5967
-1321
2348
-6514;-1980
-1327
6305;-995;6232;2797;3373
-6835;-5335;6311;-3770;2364;815
916;-1831;1131;2140
-1334
-2022;5403
4082;6469
4407
5979;6622
-314
-375;3736;3101
3047;5227;1260
2691;-4761;-298
5842;-3175;-6618;2603
4528;3989
-903;-28;5917;1487
-6482;5315;-468;6023;6249;6079
4180;-709;4830;-800
6479
-4441;5545;5375
4431
-5651;6530;6168;6843;782
4074;4668;2860
628;-1270;-1434;6510
4273;2212
-5505;-4725;293;4474
-4913;6371;6262;-3225;-41;-14
2982;-590
-369;-339;-2999;1311
665;-1323;-2364;4221;1597;-1423
5879;-2618;-1885
-2977;2258;4261;-589;-4621;-5854
1462;-3416;-2968;6300
4995;-5350
-3395;3750
-5876;-2788;-3558;-2154;-3630;-2830
-4449;2662;-3695
4789;-2408;-5035;-2828
3415;-2029
-3301;-1159
-1390
-6513;1235;-6821;-1580
-5368;3560;3640;4652;5148
-874;6362
4465
-6514
3008;5874;-3545;3226
-6069;-5212;5789
-1297;-2151
321;-6131;-2054;2839;4602;4895
4113;2904;-3151;4702
-5499
5363;-6767
-3635;1352;-1929;-266
5312;1057;-6228;4137;939;-5600
-3665;1040;1717;6318;-1840;6031
-4649;6718;2414
2437;-4599;-266;-3724;3710
-5905;-4772;1284;2100;-5497;2156
-4420;3173;-3321;3244;4796
4517;-4520;-398
3475
-967;1707;-31;4815
-1429
134;-1564
2612;-374;1109;3221;-5435;4394
-408
-1436
4507
1425;12
-5057;-478
-6565;-3606;3852;6669;-766
-3153;179;5445;5912;-780;3053
418
-482;4131;6810;202
3908;-415
6727;1886
-2869;4837;1145;-3535
-6362;-541;3407
2104;-4665;4794;3310
-3698;2002;5010;-6421;631
-5015;6;-3352;4861
-431
6503;-73;-2219;685;4751
-1458
-841;4348
-4641;3218;-6727;-1511
3393;-442;-58;3466;-6443;-1390
-37;-415
1592;-1180;-5984
-4727;-6519;956;620
-1208;6783
-4018;-4451;1418;-347;4894
-1862;3350;3064
-1337;13;-1182
1872;-3354
3056;-3761;-5161;6364;-6078
-2511
-6773;-2793;6009;-4814;-6432
-1047;3768;-5196;-2990;5935
-2737;4820;4532
-5523;954
-2179;-5139;-2600;-5915
-3601;3634;3170;-2730
3547
3202;3499;5038
-6449;-6316
5536;6386;4939;6143
-5027;6503;2524;2333;4989;-6750
2171;-1597;-2078
-2114;2018;1286;1338
-5601
-4994;-6710;3513;2523;-3005
-1506
5684;357;-2503;-5593;4588
-6551;-1103
-4180;5558;-4939
6176;-1090;-3574
1408;-5145;6313;1628;381
-1569;4106
-6444;-5311
-5569;-1958;-1129;-3100
3328;-5513;1450;-1808
-3652;-6132;4837;-3719;6826;5406
-610;-2755;-4812;-510
-6466;5704;1739;541
2543
4034;5203;2584;3752;5403
497
-1810;-5856
6642
-4517;-4175
4021;1574;4214;-3864;6857;-5132
-595;-151;-526;-3328
-2707;1221;-1529;2141;-2926;1247
3922;-2935;-5946;5212;1276
-5185;-5064;-3337;-2283
4731;-684;5677
-6451;-4167;-2376;-2876
528;-3633;-979;628;-2174
-1953;-1266;4196;5204;1483;2062
-1057;-5105;-2834;6355;1363;4860
-2082;-589;-2784;3807;3183
4228;-1543;-2174
-6662;6269;3983
37;-1195;1228;-3662
2568
-5187;-2838;334
6228;-1609
-6017;5508;3015;234;3132;4893
5325;-223;6687
1552
1008;3488;4224
-3973;-6796
-1284;-6415
-5220;-199;331;3468;-3008
-491;-2091
3608
5328;5449
-594;-3476;-1926;5580;-2174
4145;2151;5160;2814;-6560;3071
213;-5880
-5137;-724;-5286;-5178;-4446;4863
2596
2601
1328;2133;4106;813;-5775
-693;5333;519;2346;1244
-2418;-6803;-4804;949;-794
-3825;-5952
-1234;1706;-2428;-654
561
-6707
3492;1317;135;-4891;2410;-876
6553;3564;-190;3181;-2302
-1843;3394;1190;-4487;3513;847
2867;3719;3197
-2617
-5329;4011;-4316;1515;2524
6523;-2880
6717
-3649
2610;-4968;2936
3447;3357;-2190;-5390;-3904
-3201;-5043;-6297;-4186;3805
3330;578;3220;-2399;-2096
5158;6695
866;-4986;5850;3979
1057;-4274;-4278;4726;-6014
4178;1781;5895
-932;4;-3751;-728;-5418;1017
-5712
-3379;1561;-5035;-6028
2133;966;-523;-27;6236
2152;-6858;4111
-3361;1347;-3349;-6614;-3883;2970
-5842;4215
4515;3316;-1285;2632;-6527
675;-6888;-3340;-957;-5454
-3057;945;-6684
2576;-2072;-5928;-2057;3804
-897;-3808
-4913;-5665;-2616;-3227;-1596
-610
3188;-6870
-1889;-4431;-31;574;2095
-1301;-249;-377;-5852
6708;-4438;-4599;733;6303
-33;-4408;-2717;-6768
-5748;6782;-4720
-3908;-4661;-885;4549;-330;2571
386;6390;-16
-1715;723;1462;-4512;-2720
-147;-6567;6249;5183
-5972;2819;4743;-2216
-1453;6174
-6513;-964;-3077;6681;1211;-4110
-5313;-281;-522;4460
5751
-114;290;1945;2987;-6766
1395;263
-5943;187
1104;945;-3828;6348;-861
-4770;-5282;-827
-639
-5760
-4468;756
1377;-4534;328;3691;-2527
-4162;5559;1292
2692
6613;-42;-5835;-1708;-991;2607
4851;6166;5753;-4669;-1582;1390
5616;-2821;-6265;3786;-3131;-5006
-551;-843;-6431
3808;-730;4746
3729
2896;3207;3771
6802
-2161;2007;-3818;4650;4076
3733
-6242;-131;-3411;2931;1870;1247
4732;-3040
-5587;-5324
-1105;-1090;1523
-2721
-5126;-6663;296;-5678;-910
-273;-401
-1682;4275;-3813;3941
3936;-6162;-2965;-604
5798;-5337;5772;365;5341
-5331;-6132;-3413;-5128;5358;-2416
804;-1143;1771;2318
-2741;982;-1497;-496
4922;-2128;-64
4935;-1785;6523;-799
-5748;4388;6360;-2268
-1879;-5784;215;4234;-2592
-3810;4177;2757;5754
5171;4901;-3674;-6525;-4656
-4783
-1266;-4172;6127
5760;4147
6737;5221;412;-6223;-3408
275;-680;-6377;841;1738;-5708
5090;5847
3106;-6876
3591;-1147;5421
5059;-4697;-1964;-3932;-4384
3905;4182;5848;-6768;-320
-706
-6705;4918;3834;589;-606;-4784
2755
-4692;292;-2153;-2349
145;6868;-6284;5100
4806
-6833;-4119
-6801;-5701;6088;-5404;-1661;5599
5831
5808;-1000
-2763
-1859;-340;-565
-5764;4183;-3865;3706
-1947;203
5939;-87;4423;2780;-2767;671
-1266;2775;3962;-2702
-3029;-381;2687
-6546;3604;-1687;-4286
-6804;-64
-3796
6147;-5424
1344;-6165
-2673;1562;4908
-5411;339;-1766;5256;4122;6381
-1829;-5558;5798;859
-4779;974
-1489;1439;4879
-658;-4980;-1367;-6409;-6026;-2799
5634;-3754;4748;3182;-6000
-4982;5494;105;6506;-1262
-4657;-1206
-241;-1013;510
2052;4987;-220;-5949;-5710
4184;1373;-1471;-4831
4433;2018;1463
-4133;-3512;-6734;2365
-5233;-4733
-1798;-1066;-959
-3334;-6616;4681;4233;6761;-6479
4355;2900;5931;-3823;607
-5938;-4774;-5404
-3537;-1956;-39;-617;-751
-5697;5073;5176;4396
16;5025;-1027;2665;1246
-5987;2579;-2470
1409;-5433;6830
-2809
3832
2530;-5465;126
-1778;-5450;-1726
3184;2625;5733;-1565
6768;-3959
1552;-5963;-1472
-4195;-2214;-4269;1485;3310
1954;1881
2404;4996;5702;6329;2362;6619
-6529;-2809;-5913;-990;-6032
-2817
-3448;3306;6509;-2526
-3474;-2932;-2037;-1253;4630;-824
5511;5065;-3662
342;-3165
-4117;-280;376;6844
-2314;-510
-1602;1701;5558;3623;2523;6381
380;397
-5780;-6263
4658;4279;-5930;-5835
-756;-4123
-4308;1140;1358
3858
-5961;-1259;-5856
1539;5176;3289
-6833;6840;-5917
-3237;-1750;1673;683;6493
1332;-5197
-793
5762;5923;6773;6199;1736;-2048
2608;-6723;4918;-1887;-2783
-2273;5126;-5496;1561;5802;2219
3868
5276;-4479
6425;-1419;-6479;2271
-5171;-5367;2440;-205;-3344;-416
4194;-6581;-5292;-4188;1692;159
6529;4707;-4886;6742
4824;-4281;-4267;-156;-1022
1649;-5667;-6451;-1672;-5515;-3632
5810;6851;436;3717;-6790
4004;-5839
6322;-5652;-5642;3134
1953;5594;-2685;5167
814
3312;4932;4649;-429;3711
2678;198;-937;-2106;-4300;-4544
3632;2561;49;3027;-6471;4166
3185;-6839;-4985;3547;174
3894
3409;-3019;-2237
4114;4276;2535;557;2654
-6641;5667;-666;574;-4559;-3392
-6834;1395;519;3848;-6073;-848
-6292;-4249;-381;4782;-2879
1648;-4571;-4048
-3526;-375
-6509;-464
4927
3648;3218;4214;-5128
-4354;2193;3700;837;5112;-510
-5377;-2724;2330;-1213
-5962
2853;-3696
-1645;-3294;-6144
896;-643;1748;-5989;1096
-4951
4640;-6041;-4495;-80
5430;-1566;1087
-4050;100;-5430;5452
-4033;-5496;5773;-174
4120;-1289;-4714
5666;-4996;515;6570;-5420;2622
-2950;-3032
6754;-3702;5749;-2022;5865;4602
1504;2051;-1738;-3850;-3951
-5521;560
865
6037;-487;-589
1024;-3172;2871;2075;-4688
6580;2133;1610;-1264
-1065;6875;-1677;-5008
2923
4277;3768
-2069;1561;1386
-2058;1178
-2915;-2308;2293
-977;1714;-968;-3277;-5568
3600;-3639;-6763;796;-1023
5541;3879;1704
-2913;514;3733;-3703;5978;-6543
3744;-3845;2149;3964
-2915;-4019;-6084;3790;5262
-1784;-5258
2465;-4425;-3775;3807
-6660;-309;3320;6378;-6620;4798
1933
273;-2312;4968;6313;6793;6381
-3287;6571;5581;-1807
-6531;2543
4209;802
-820;-5919;2750
-2565;-6047;6575;1119
3490;4612;-3085;2045
-4052;3128
-961;-4059
-925
4499;-4581;-3915
5760;-3538;2499;3371
-4397;718;-2368
-5475;-4669
2904;-5018;-1594;730
5872;-3555;-5894;-4635;-5806;3871
706;-1079;4795;-381;-1952;-5072
-6371;-4809
-4242;2978;4963;5859;6344;2445
-3762;2529;-3045;-4405;-5880;-2762
-1745;-220
-5038
4610;1160;1785;4876;-6367
-948
2432;-1442;1044;-5031
-936;-5134
-2514;3299;5076;-1464;-2729;-3643
-2955;-3116
-769;1478;-1663
6132;-968;5482;1531;316;4846
-5764;2759
-1859;3700;2425;-1262
-1138;-2052;-923;-4013
-5522;1555;-3769;1657
2966;-3562;-3435
-1083;123
1985
-963
1025;-4039
-2404;-2663
4564;-6559
4720;-1657;-2091
2560;2711;2539;2878;3598
2001
-6609;-6519;2280;5773
-2437;3415
-1015;-6108
6099
3392;1844;3526;3481
2064;-1201;-2725;-4794;555
1584;3894;-5818;908;4508
-3032
-819;-1527;-3143;-5738
4898;-5379;-6630;315;-3821;414
2011
-5734;6182;-1440
-135;4199
3251;1382;-2617
2882;-116;-2405;-6485;-4085
4002;-740;969;6186;-4304
-2265;3261
-5538;-4167;-2040;4604
3010;-5269;1261
5259;2910
3053
-2802;-3683;-1593;-5546;3401
-451;3269;-1302;-6519;6506;-3536
-2226;-4355;-6840;-6760;-286
5849;5179;-3102;3518;-192
-529;135;-6520;6699;-2847
5152;-3607;4814;3871
2196;-2589;-623
3377;-5859;-4279;-1727;2351
6395;2813
-2042
2615;1863;2364;1343
-4465;4962;2570
4338;-246
-5970;5847;1143;-3691;6813;4047
