-6145
-6609;-532;4469;-3258;-1548;303
528;-4978;5484
-6185;-5801;-6458
-5078;-393;2937;-188;4781
-3086
2528;557
6248;-6265
-4551;2250;6414
-6001;-3233;5462;6863
49;6850;-3110;-5558;6329;-3517
3075;-135;854;1801;6363;5471
-22
1859;-954;-1952
164;5092;-902;3035;6797;5293
6801;-6294;-1417;-6637;-1694
-2450;4529;1018
-1858;6882;6070;-6201;1278
5921;-5828;-1765;2725
337;-3074;4724;-4840;-1130;1901
-6401;-5186;5315;6537;5339;2622
4978;-5116;894;2367;-1040
-6181;-5126
1920;-1033;-2634;-1019;-5469
-6641;-3993;2010;-3708
4512;196;-5541;-4631;-6347;-5643
-3604;-2855;-1897;-2714;2831
5457;5329;-4820;2581;1816;-4173
-4457;6233;-3594;586;1278
4915;-6681;-1353
1456;531;-4280;-2875
-2135;-2653;-3454
3617;-3850;-301;-6685
-6197;2061;1007
-3523;6358;-4943
-1573;-1254;-5786;5066;414
-2067;-3883;5434;-571;-3072
1087
3608;-763;-2781
-6456;-682;-1549;6573
609;-661;4714;1421;6270
-370;-6867;-179;1242;2012
517;-2777;2216;5230
4738;-6727;-4223
-2116
-6213
626;3140;-4166;4487;4173
-4961;2982;-2874;556;-5085;6239
4627;3171;-3143;4631
-6217;5848;5561
337;-4917;-3527;-5278
4070;-4457;4555
-1425;5330;948;-6331;3359;-1808
-5810;-4008;-1434;987;-542;4589
-4324;-2933;2061
3786;-2972;-1918
-1985;-1336;-857
1873;-6324;-2800
-3158
-196;6199;264;6108
290;2227;1028;920;-3673;-6000
5904;2882;-968;-2330;3386;2478
1114
2724;4741;-3279
6066;4267
5891;346
-3079;4249;4043
4275;6599;6201;2475
1892;791;4937;667
-4194
165;-5900;-3005;-2622
-3172
3363;-1082;-5068;3451;3532
-465;-362;-3325;-141;5421
564;5366;1343
108
-578;2734
-6243;-5132
3136;6018;-3204;3493;-4458;-3851
-113
-3281;5153;6293;5821;4095;-4656
178;4630;1273;-1358;-2190;1678
-1556;-3680
4992;-1303;5642
-5240
3745;5940;-6799;-3008
5620;-4186;6879
-6625;-38;-5627;2554;5324;-5951
-6373;6245
1024;-6563;-2216;6379;-5180;2332
4882;-3369;5465;6461
1072;564;4953;-3389
-2593;-5639;-4187
4229
6193;2289;-2667;5340;-4878
2903;302
-3985;2614;3319;760;-5836;-2128
-4785;4647
1872;-4712;-4568;-5018
-3211
6285
6241;-3795;1779;-2874;3851;3132
1072;-5044;5476;2327;-4889;-6253
-6690;3544;2008;-4795;442;221
-5273
3104;5244
2900;-6311;-6201;3753;-3020;-1518
-5581;302
1182
309;-6311;1015;-4490;-5837;-5326
4498;1987;-3210;-1292;-206;-592
2144;5457;1254;4457;-862
-754;-3542;6536;-5052;3998
-2483;2646
-470;5509;1270
-4946;1029;-2886;2667;-5248
-3976;-554;6747
5825;489
1377;-5940;4840;5003;2891;-5951
1123;-950
-19;-4376;1149
-1378;-5527;-3962;-5695
5306
992;866;-5108;5318;-4568;5759
1712;-4103;-1463;-760;-5147;-3740
5309
2240
-5223;4566;2839;-985;-6510
2071;6315
-4562;2194;-2695;-2200;1947
-6609;4842;-5599
3013;-1963;171
-3271
-3250;-5447;-6862
-5665;-4038;-5800;-2474;-4026;3371
-5321
-99;-740;4473;986;2558;3262
753;-2829;-3246
-5889;6097;-834;-4950;-5320;-4672
338;-2116;-5784;-5017;-2412;4543
-1298;65
-1236
-216
-5782;-1783;-15;-6047;5215
6177;2081;1177
-5829;52;2998;-283;-3851;-4572
5128;2265;4093
-4563;-5222;-3752
4321
3223;-6522
-5781;-2268;6670;-5360;-2704
-1221;4764;4876
-2738;-1186;-2479;5150
-6775;2823;3721
-6339;-6217;-2013
-2260;3718;6855;-2960
2257;1667;6310;4743;3693
1601;-5028;-6871;3111;-6364
-1730;759;951;2889;4157;1406
2594;-3078;-2830
5765;-6008
5250;-1935
-3352;-6525;-6751
-6101;1754
-644;392
5515;-4236
-5425;802;3811;6187
-404;660
-4452;-2809;-1802;-5531
4353
-5603;-5172;-5557;-2361
-101;361
-1505;4147;-5547;-6573
-5713;6593;1924;-6474;2383
5298;6099;646;1673;-6286
-2729;-3680
-4300;-4159
-6691;-931;-5383;6630;-6426;-2827
6787;-406;-1319;5448
4366
6833;-5107;2674;-3270;-1401
-4067;-4397
-1942;1192;5117
-2786;6228;-4105;-5467;-288
2309;1038
1365;5080;905;3483;-4413
6421
6784;3201;-2628;6183;-5481;3485
6114;-3494;-5431;-903;3431
-1309
-926;-2432
-2382;47
-4419;-2442;3499
208;-4724;5829
6322;1135
-293
2276;5077;4204
4390
-4068;5386
-5416
4976;785;-6467;-6132;1443;5692
-5418
2128;2593;-4807;-1256;-6126
6443
5266;5299;-533;5672;-2378;3357
1699;-4550;4454;746
4227;533;-4458
-325;-4330;2302
984;-1291
465;-567;-1229
3428;-4761
4145;-2530;-2674;4089;6495
131;358;-2848
5408;375;6087;1755
1330;3367;-1311
6080;-5703;-556;5613
593;-6292;-890;-894
-3989;1269;-2845;-6319;3375
4798;5759
675;-3927;-1657;6457;-3915
5936;2548;6646;6695;-2046
1347
5893;-4585;-6752
4960;-4338;5682;1187
-4423
4342;-943
-6474
81;2306;1019
4704;-3652;5702;-4489;-1371;-560
4849;-6098;-3369;842;-6557;1806
5217;1986;3539;-2772;614;6087
-2257;-6215;1403;1309;303
-3957;-6425;-361;4858;6875;-1327
-6482
1362
5749;-1450;142
-6617;-5564;348;3277;-4079
-5254;-1063;-4552;-2637;-5325;-2000
1849;-2651;-5310;6463
-1761;4420;1174;5995;1356;-6736
5457;-6834
-2258;-5549;2412;-1103
6006;4954;-5854;-3728
-4659;-853;4553;5595;-6015
-4722;-4370;-2515;-980;3014
3428
-5058;5332;2180;-939;3082;-2192
-4372;1964
81;150;-2599;-218;-3919
-3734;5464;-1755;4330;4203;-5070
5200;3098;-3710;-2174
-5506;3091
1328;3401;-2315
-4417;-4122;5099
4167;6443
872;-4315
705;-5907;2565;1241
-2662;-872;2537;-6544
3445
6517;5926;-6312;3481;4569;-4591
-5522;-6118
-2758;1356
736;-1234;1717;2619;3707
-4241;-1249;5827;1365;2280;4587
347;3103
-5217;4915;-4468;2343
772;-1253;-2393;3437;-943
2642;196;-2521;-91;-4702
-2150;-6601;-846
-4914;-1925;-949;3590;-2076;-252
-4478
528;-3603;-3382;-4169
3137;5379;5037;-880
-1762;-6819
-530;-4890;5065;4683;1181
-3652;-573;4860;4876
1636;-3061;-1706;-4430
-3395;1502;4335
1152;3;2441;-1898;3820
1422
-2326;-6412;-6558;558
-466;1173;-2728;6379;460;-1342
-913;1318
3044;-2966;-441;1929;2938
-6242;-6457
963;2519
2581;3975
-413
2460
-3858;-4389;5914;2348;1422
-2053;-2457
-5650;4818;6628;5412;5622;-3103
-5556;-3656;-5579;-2733;-4399
2454;-2169;1162
-2930;6695;-3065;5725;6719;-6576
1372;2126
5856;-4705;-6806;-1751;-2238
-4899;4227;-2393;1641;4669;-2816
6402;-260;-2840;5643;700
4048;343;4520;-4589;5324
-5554
-6451;-127
-3508
-5715;4275;-3783;-3006;6767
6823;-3480;6311
1511;4047
-6326;3566;6271
1467
1536;955
-2482;789;-4120;296;5962
2773;3816
-562;6372;565;-2936;-4910
6224;961;-3667
-5570
6595
2496;-860;-4348;-6861;-1120
-4609;5124;5288;3866
-3602;6308;-3163;-2895;-3247
-6833;-5911
3857;6498;-715;-2015
-2623;-3983
-2498;-6250;-2859;4444;5676
-306;-1427;-612;1733;-1479;603
4449;-102;6358
2178;3346;-4661;-4968;-1481
-5666;-3509;1605;6358;4406;2394
4567
-1496
5856;186;-2732;5308;5166
4330;-2830
5800;-1337;4733;-5567;-6847;6767
4432;5152;-4643;-6233;3821
-4179;6275;3907;3926;5913
-1924;-2269;4190;-6624
-2867;4199;3753;4617
4402;-2693;-2940;-3148;-4301
5075;6533;-199;3414
-3091;-2963;-3651
-5108;1785;-239
196;4631;-1066;-10;-554;3436
-6499;4582;-587;1101;-3183
182;-905;1214
-1859;-1995;5836;-3837;-4782
-5665;-5106;-275;-1430;-5639;214
5393;1252;-3272;-3866
2540
-3378;-6018;-2339;3915;206;-1072
-962;-5337;2619;-6031
2951;-1786;-1660
-5025;-3731;308;4470;3482
5748;892
2608;-1873;-5586;1279
5750;1919
1728;3785;5229
-5574;975
-6707;5178
-1761;6001;-664
-1530
-4363;-3311
3697;1749;-1868
-4481;-2902;-503;4571;5644;-1821
-6737;-5050;1612;-6718
-4606
-338;4948;-4119;-5753;2703
-6243;-2461
-5847;-1833
3584
-3153;-3733;-3959;5736;248;4344
-6514;1028;-1175
-3347;-1558;-3084;2157;2621;-1406
6017;1387;3678;-4416
1842;-4204;6110;-4271
-4620
1549
-1524;-5833;3676;-591;-2399
1776;-4915;2614;5945;-5901;-6192
5810;-3523;-760;-3641;-5408;-5296
5721;3001
3604
1350;-5982
-5656
-2053;2648;936;-2121;-1995;2046
-6791;-216;-2313;4683
-1587;-4707;-5877;-5544;-5355
-3614
-5665
6725;-4249;-2381;-1664
546
-4755;1379;-3862;-5598
2066;-494
-2018;3781;-248;5277;3181;3887
-5602;-67
2402;-3688;-5098;43;13;-2415
-3031;4605
-2147;6885;5270;1512;1050;3340
-4546;-4296;921;-106;-4814
5618;6744;266;-6203;6415
-675;-903
-1858;-5411;-2549;5372;-207
-4519;-6248;-5151
-67;3411;-6133;4262;6715;-5582
1155;-3801;-2636;-2448
-3635
-4647;-1355;5180;-2815
1078;-1978;-346;-477;-4991
6451;5733;6773;-2667;5786
-4145;-2081;3586;1412;5223;-1375
5393;-4820;-4940;2653;-1615;4927
1601
1683;6103;6106
-1959;2407;-6152
-6504;-4858;3980;5421;-1695
-421;-3430;-1032;6490
4724;-3816;3063;2409;363;-2064
1353;-3148;6252;-800
-5707
1844;-5176;1721
884;2987;3567;5439
-5704;1704;-2736
6704;3121;-2709;4740
-6517;-1897;6797
2304;1633;-1077;2853
-3255;-1469;6093;6398
-3988;-709
3904;2548;1639;-2604;6093;4383
4700
5088;6781
-4703
4498;-3768;-5885;-6846;-1966;1070
3412;-4023
-6705;4032;-6131
-613
-5282;1148;1692;-1246
912;-6649
2992;-803;-5639;-3583;-752
544;4033;-1605;-587;714;5711
-6436;4069;6745;-3787;5470;4799
-1941;3770;6317;-1407;-2800;-5584
-259;-1388
-3929;4554
-17;-4402;3703;-3160;-634;810
-4049;-2165;-4645;4824;1310
196;1078;5401;-925
-6593;3154;3540;5350;2025;-6845
5746;-4090
-6295;2588
-1857;196
1873;-18;1853
-6387;-502;3240;-3290;5727;575
3633;6598;2695
-2788;214;-1368;5306;3371
-340;-4396
291;-6533;-983;5001;1582
1668
-5571;2877
-4743
48;-5588;2085;-6408
3891;-3500;-1039
352;-2381;-4605;-5278
3472;-5378;-2921;-6062
464;532;-360;3131;-46
-6193;-6745
4657;938;5611;-4413
657;-2070;-6406
-2897;-529;-6443
4548;2249
4657;-1956
-787;-4297;2296;-1628;-5455
5593;2363;892
6800
816;2915;5149;-5999;-176
-1703;5629;830
4936;-2810;-1151;6862
4544;-3000;6604;956;589;-831
-2547;-502;1785;-2480
-5721;4025
-3314;2772;2868;132;6405
1852;-3551
-755;-5884;3916
5664;-3380;539;3663;335
4722;1332;-3655;1112;-297;1560
-6731;-5212
2513;-5207;1485;-4895;-4815
-1524;-182
-6504;-2825;-1599
-5489;2082;1380;1339
-1077;-1960;-733;637;4846
-5810
2608;4449;-1220;2935;6253
5526;3356
-2966;-2848
-851;-2902;4581;-5271;-2410;1039
1824;-1587;-3781;5268
-3801;27
-6373;-5544;-5178;5546;2653
5409;-4226;3922;774;6698;4511
3655;-6408
6122;-3788;-6112
5680;6661;-168;-3275
-6514;5250;-5795;-3029;3685;-6592
6304;-2695;-2648;4524;-6192
-2756
-3508;4217
3240;2591
6128;1860;6004;-3737;4652;2190
-5641;-3739;5835;1805
-4807;-1048;3128;3370;-2380;1020
-1743
-3986;-970;3594;-3453
-1186;791;3772;5247;-2784
-6849;5687;441
3793
-469;5159;441;5770;2109
-598;6441
-1201;6120;6044
2772
-6870
258;-3271;-1609;-282;-6063
-4823
1779;-6871;268
6144;-869;-1046;3078;6365;-6800
5108;2441;348
-6129;1783;1243;-3773
4785;2611;3337;299;-6397;-3904
-1762;5987;5348;1061;-6236;6573
-5891;-3207;170
3142;4761
2750;-2015
-86;-6518;-5415;-1006
-6881
-740
-3449;-2414
-2801;3761;4535;-3627;731;-5391
4790;3176;-1274;4811;59;4543
-3585;5316;3112
-3298;-4403;1958;-3946;4092;-271
1777
-6417;3028;-1464
-4017;-2212;2398
5889;4914;-6041;-5625;-926
-3985;-6770;4484;-2687
4161;649;59
-101;4039;-3112;-2624
-195;-4681
6243;2964;-5590;3623;-27;-5406
6624;100;505;-6428;-141;125
4468;1404;-3039
-6516;211;6837;-3705;-2733
-2994;-1717;-4773;2661;-2458;1326
-1511;-6444
-6353;2619;-2173
-2440;-4252;-5360
-6849;1964
4886
790
1122;-2867;-3427;6601;-4268
-3252;2456
-4339;152;2718;-1376
-4894
-4124;3325
2992;-18;2882;671;-608
-5268;-729;3147
-4449;864;6640;-4194;-2163;-573
-2643;6517
2274;-5747;-5268;5914;4654
4901
-2443;-4507
2857
1442;-6183;1718;-4520;3658
6851;-5014
-6660;4853;-333;2748;1036;-6557
310;2554
-4728;-2234
-2020;-4917;-1383;3403
3704;3548;-6830;1423
1847
1527;-1102;5519
-6595;-5494
-4876;-6189
626;6795;572
1415;-188;6767
5008;-6645;2550;-3289;4171;-4671
-3844;-2999;1910;-2232;-4236;5453
-3003;6170;-6045
-1651;-3582;-1742
6720;-431;-736;4495
-3479;3062;-1022;3295
-1641;4522
-3925;189;-2224
1253;1861;3821;-5070
-5962
1172;-6301;191
3914
3761;-568;-2650;4396
-1365;-505
-3860;-1086
-4610;1186;-501
2624;-2213;443
2162;-4356;-2423;3719;-4056
6130;-488;5017;-2490;5066;5034
-5982
-4959
-2179;-1380;-3334;-6679;5271;4366
-1539;-3913;2089;-4730;2106
-4497;6309;6231;-3577;-1513;2009
-259;-109;4317
-6625;-2447
184;-3115
-2977;387;-4500;4694;1512
2212;-6198;-2105;1032;5276;3743
2048;-4934;-3677;6222;6351
-4978;-6155
-898
502;-4476
5729;6215;2955;-1597;5517;-1534
4998
6353;5149;-2399
-2567;5527
4384;1394;-5108;-6539;6619;-1663
-2965
6038
5075;5414;1693
6656;3633;5955;-89;6267
4874;4075;-862
-1730;-5876;3831;-221
1248;1877;2615;-720
-3602;-5476;315;4766
928
144;-310;950;-6808;-1690;-1408
4868;-2278;5575;6332;-5374
-4803;358;4502;5594;-622
-6018;-3896;1096;6858
2770;-3709
-902;-3257;-880
-4583;3639
-2961;5281;-5364;-2459;1487
6341;-6840;-6589
424;-4873;2074;-1643
546;3622;3209;-458;4362;-4192
-1637;-5302;1896
2660;5671;4794;4124;-1967
564;-6636
6595;1398;127
5050
3185;-4484;-680
-471;-1548;3997
-946;-5956;4921
5054
-673;5696;1857;-2827;-2811;-3227
-3009;-5589;-2022;-4679
-6353;2199;-1933
-3193;2223
-5252;-5750;789;25
3056;3905;-6422;-263;2079;-5376
2003;3372;-6349
1954;-3699;-3542;6746;5402;-4861
-3381;3478;2534;1418
-5265;-219;-795;5660;4207;6607
-2529;4469;5183
4321;-4931;4950;278;6524;2126
-4065;6329;-4154;4137;-3118;-111
5747;-1174;3434;1453;-2335
-1173;-6664;1097;650;-1533;4591
-3736;1933;-5328
2722;-4534;3189;2923;2830
4806;-5769;-2332;-4861
1920;-6276;-5689;-6330;-6123
-1815;3126;903;2877
3717;982;-6719
-769;2147;-1015;4728
-5094
3736;6478
-3362;-5394;589
5747;3287;2061;-4976
-6392;6184;-2779;-3615;-2591
902;-5999
-5267;915;-1051;-718
499;6836;-5311
-5626;-2543
6181;6085
-961;-6189
6308;2166;407;6462
-3540;-5194;1581
-2321;6194;6070;2663;-3628;-800
3255;2071;2857
1796;-3607;-3448;-5466;1516
-2641;6514;-5918
98;-2548;-6042;2893;-3614
-5120
