3458;-1405
-3364;5302;-776;1338;-6605
-3380;-757;1206;874
5235;1129;3035;-173
2060
-4085;-3097
4067;-469;-5116;5627
3885;-1822
2064
-4114
1081;6522;-1440
-6849;-2133;-2695;-3704
-3553;4244;-4070;5317;-2107;4285
-51;-6501;-1478;2166;-2349
-1122;5155;-1988;-1719;-3419
-1046
-3041;-3320;-4810;3998;1151;2927
-6289;5058;2324;1174;-4072;-267
-3098
4688;-2826;-5658;4846
1716;5479
6546;-5493
5150
3103
6868;1355
-1649;1718;5175;-4713;5516;-894
3088;2217;1563;4060;-4751
1842;-1876
-3172;4360;-6155;-1212
-3110
1360;5059;787
-4182;2359;4279;2362;-4780
-6180;5652;-3333;-2073;1433;2411
1667;372;-1238;4361
5202;-83;2435;-2310;-6439;4313
2560;323;5802;-6590
5985;-570;988;1837
-6376;4775;1550
-980;-3167
3813;2421;648;-5807
3380;2151;1688
51
2683;5531;4126
-4931;4435;1348;6676;808;-6235
982;-6327;-2776;-1197;45
2448;3124;-5114;-400
-3907;646;-2551;-5100;4701
3552;-2129;5578;-4365;-4752
-6436;-6020;6243
839;-3339;3612;3485;-1456
-3185;-2772;-1800;4219;6732;1998
-4977;-1972;2372;6518;6762;3659
-3539;1541;1623;295;-4092
3456;-6759;-537;-813;-1567
-5570;4177;-5851
6432;-4167;5255;5226;-381
-3378;3188;699;-6733
-4997;-1685;-5223;-5162;5722
-81
-2294;2616;-1147;-5387;-5134
-6705;-2840;4073;1691;-5053;1583
1664;-4465;2232;-3627;-1008
1864;4586;-3390;3167
-5220;-4437;3973;5446;-5991
1585;-965;6345;287
6138;5211
6231
-3685;-2392;-6106;-6717;380
-5284;3076;-2854;2923
-6238
5409;-2476;6379
6343;6696;1273;5836;429
3750;-3127;-1034;-333;-157;-6368
4513;1733
2151
6635;4733
-1530;-6768
-4705;-3027;-3640
4709;4489;3197
108
-4337;-6803;-1525;2628;1945;2861
-4208
-4263;-2984;-4632;2040;3582
4213;6869;-6457;6751
-3458;4818;5736;906;-2736;4063
6257
3344;3938
-3788;5950
-1137;-2424;-4746
469;3382;6632;-2176
-1140
-3141;5305
6098;-371;-4598;6156
-1764;4807;-2715;815
2225;-1511;4526
5218;3892;-1821
2242;-4182;-2045;6733;-255;3774
-1152
2175
-2291;6118;2444
1958;2985;-3085;1343
-1746;3721;3629;-1903;3599
-5122;-1059;6390;-6553;6814;3759
-5847;-5199;-4448
3472;1426;-1379;1900;4317;5758
-6755;-902;-4767
4194;3347;-4132;3179;717
1635;6695
257;2957
-5597;3406
3936;-6597;-1462;6011;303
-2614;-2295;4983;-4108;-5326
149
-1781;470;-3738;-5918;-3520
-1176
3012;4730;-4252;-4476;-2238
4866;-5877;5594;-1357
5274
6298
-1346;1156;6171;1341
-1426;-178;2370;-6436;-5749
1584;2695;1818;1421;830
-6690;2403;2917;2680;3967
-5131;1899
1125;58
-160
-1361;-1847;-4763;-6526
6164;486;5687;3737;-11;-3614
-3203;-211;1014;1880;-3978;2286
-232;-3004
2835;5509;5430;6231;3710
-2737;6880;4520;718
-1542;5910;-27;-2348;1247
178;709;-2779;2061
4768;2853;2439;5469
5873;-4330;-1370
-4706;898;2706;-5302;4182
4066;5362;5086
-3041;3538;3410;5859;4174;3647
1881;-4779;6842;6476
-3521;1477;-2778;5003
5387;4012
-369;2569;-991
-3412;-4773;2310;-6135;4218;-2637
5308
6333
6296;-6652;2525;-462;-6590;-1455
5524;1173;5512;-2798
-2245
-6161;4577;4326;-6860;-6063;-1280
-3276
206
1680;1910;-123;-6748
-6693;-3757
-6628;3092;-3783;-1084
86;3196
-4497;2337;-6675;-5797;1108
5107;1189;-1912;-2841;2766
6357
3858;-1443;-4411;-6573;-1888
-6180;648;76;-6030
-1246
-6450;4533;-6118;-2823;5515
224
323;3654;3639;-2521;6395
-1665;-6722;-1028;-220;6140;188
6549;3286;4664;4859;6477
-3204;6547;-1348;-4341;3240;-4205
-691;3272;729
-6012;1675
6018;548;4506;-591
-2293
-2946;3621;-430
-2900;-5285;2869;-6297;5673;4669
6396
1585;369;-6855;-5323;-3342
-4475;6507;-3310
-801;-3549
916;5639;5769;-778;-4123
-2403;3507;-4536;-3993
1570;790;1592;-622
-5814;2342;3048;-5914;6079
5121;-1316;4805;-6456;1180
-5324;-4957;-2271
-1289
-5682;-6131;-5254;2855;473;-862
-6264;3277;-3072;-3424
1080;6409;1994
5391
1751;1593
-3089;3192;6314
-2691;4759;1051;2428;-5824
-4323;3591;5800;1194;-6445;2508
5686;-6761;4957;4590
-3890;-131;-2212;-1305;-6650;-5552
5762;4546;1380;-2188
-162;-6325;5255;-2683;5755;4588
705;-4118;3174;6669
-34;-1027;-4467;-2773;5788;-5968
3600;1860;-6666;2521
-6049;-4968;-5112;2408;-1931
-4721;-769;752;6323;-924;-5052
-1592;-3407;-2464
-3570;-3490;6406;-2584;-73;-3129
6549;-3182
3824;-2204;-1919
4509;909
723;5720
-4883;6403;-3321;475
-979;-6264;1095;-2618;6413
-2084;5461
-306
-3368;4699
-6453
1059;-2183;-6264;-2139
-2690;-5365;661;-1274;249;5035
-1250;-1269;-456;-2459
3552;4402;5027;-6472;972
-962;-467;5839
-6355;-6248
-5444;-3157;166;-5691;-2575
-81;4919;-80;-4432
1280;247;1871
4243;4195;3528;4491;1516;-238
1353
-6517;3477;3820;3693;-2526;431
-3841;3603;484;85
-721;-3736;4124
-5454
513;497;-341;-3142;5225;6797
3058;4443
5453
4492;-1087
3405
1409;-892;2316;5694
1856;2962;-1124;2357;2478
-5075;228;-2501;3333;3981;-4400
4504;3004
2785;-565;2773;4634;954
4439
2035;1013;-5766;2806;4367;-4112
-6490
4166;-458;2425;6394;2172;5103
6218;-750
3617;-5613;3340;6333;-2207
5122;348
-6500
4994;5270;4743;953;6826;-1951
6384;5595;5068;6029;3903
2249;5276
-1893;-2668;4203
-1938;5747;-5733;-6405;-6527;-4960
439;-3247;-1648
1258;-4924;-2717;-6272
1075;-3492
2661;-2856;5271;4874;-1789;-5744
-946;915;5895;4599;-3949
2832;-6547;-6868;3238;-4265;-4121
-6742;-4895
1396
1920;-6835;3925;5461
5412;197;6773;1879;1207;6411
3816;-3440
-2579;-5427;6518;-1964
-5324;-4272
-5502
4613;5237;-892;-3455
4479
5875;2702
-6870;-6375;4873;3850;878;6079
-391
-5349;-5047;-3690;6526
-2850;4737;-3684;-5703;4902;2991
4065;-4893;-1614
-6801;-1394;-1749;6475
5765;-664;5352;1210
4321;-3939;2182;2812;4239
1425
404
-3298;1613;3949;222;3039
-407
-5139;-2268;-2973;-5390
-3639;2236;-5152
-4883;-3785;-1610;-4234;-239
338;4436;-997;1759
-3059;500;6535;6841;-2205
-1642;-1340;6219;-1135;-1680
-2513;3508;1349;2174
2304;-5121;6313
-6805;-2490;-2539;-592;6879
-1346;937;2763;-5856
948;2553
1859;-3748;-1583;-303;-3824
-3415;793;-204;2075;6301
2479
610;-1047
-451;3365;-2086;1865;815
5826;-6084;-4055;-1143;5592;-6720
3744;-5746;-2534
-3218;-5987;5122;4965;71;-509
3557;2710;-1722
2535;-3804;1179;2588
-6849;2240;5540;-5478
-3524
-4803;6662;2154;507;4124
-915;-3638
-5577
3584;-5066
-1668;-532;-5719;-6505;4749
-5251;-6615;-4489;2460;1021;5246
-2786;5875;6587
-2083;-4522
1254;232
-6725;-3980
-2456;-4585;-5903;5311
2706;6152;3197;2750
-1494
-2002;-2707;-6356;660;1848;-4202
-2042;-5950;-671
-4580;2060
-2689;6870;-4632;-1258;-1840
-6621
6055;6712
-4689;1456;-6674;-5933
3382;-3977;-4747;5515;-1678
-5891;5810;4658
-6292;-335
-1333;4170;5838
-1057;2579;-3322;4298;-991
1558;2343;1210;4061;-495
1393;5957;3111;2248;-4031
3491;4567;4717
1511
-5804;-5949
-3496;-6601;-1583;-3151
-1410;-6150;2342;-843;1244;-1823
6528;69;-2232;-2843
-3318;-362;1003;-2943
-3619;82;-4822;-3030;4764;2029
-4969;-1883;3279
6400;-5571;-5431;1335;-3481;-1948
6753;-345;-4383;5647
-2554
-5922;-2418;2471;-1950;-4976
-1532
-33;2932;1721;-1598;6334;6511
-4338;-6411
-6004;5380;5002;-2318;-526
-4226;-6499;3558;-4519;-1051;-2111
2323;-3718;998;-4585;-777;3197
2982;2696;3112;5035
6418;67;936;2860;2524
1282;-3530;6861
661;-1180
-2867;610;4998;-568;1419
-3204;-2518;-5910;1895
3204;-2682
6306;-1175;365;-878
-4001;5827;1124;-380
-1553;-1720;-6878;542;4990
-5645
-527
3091;-4533;2376;1464;-3952
-6481;-6337;-6483;-6650;796;-6095
6407;4367
4630
-6681
-4099;3879;-4376;-6331;-877
-284;-3328
2625;4140;349;-4527
2589
1764;1850
3938;3640;6232;-1820;6683;303
-6135;-5675
-2594
2049;-4644
-4260;378;6479
-5106;-2243;-4726;6310;4189
-805;1930;-5310;-1231;5967
-537;-2063
2529;-1575;1943;728
-2603
448;-5204;103
2574;4558;-1456
-4753;4129;6820;1366;872;4412
-115;2468;-3160;-3850
-6452;-1277
-5682
-259;-4247;1896
644;-2231;-2632;1017;3625;138
2404;-5014
-3425;578;-1556;-3461;-4986
3169;4418;3972;-3753;-2267;3215
5174;-409;138;1804
5426;6199;6008;-6828
-5859;4268
-632;4586;-2429;-6878;-3902;6638
4739;-4404;-2955
1203;-4133;-3101;2509;4190;927
4642;2073
-1597
5602;2212;-2010;-4208
3647
2838;4906
-6259;3286;4055;5639
5234;2394;2378;813
-58;-6667
6629;-4951;5288;-1264
6593;-5323;-2783;5167
1828;6599;-5369;-1065;4141;-4526
-4311;2680;6314
-897;-5486;-2398
-3546;1931
5394;116;3397;-249;127;5119
-1122;-1275;1803
5715
5207;4525;-111;6335
-6235;-3917;-3966;-1582;750;6159
1667;-3480;6363;-6173
-5723
-2652;-2047
4049;-1587;1717;3016;3647
3456;2393;955;-1533;-1262;-335
3478;-1592;2135;-1371
2948;2662;-859;3020
67;-789;-3161;6682;1772;-895
-5725
-4710;-6103;-6858;-5579;-1933
5091;1660
-2165;4821;-5312
5206;522
5414;2551;-188
-5189;6669;-3118
2504;-3978;2923;5310
6763
2866;-1572;-4183;1128;-6157;-1919
-3484;1839
-1716;-3626;-3322;-2139;-6575;2415
626
-2449;884;-6103;-488;-3741
-3705
6658;1602;3639
5008;-1844;2963;1640;-5017;-3386
2689
1361;-5034;-2186;95
4497;5828;558
5636;-890
-4945;2245
-3571;5620;-4629;-6245;1004
452;-6040;-187
-2115;-2956;4413
6133;-6794
4130;-4521;5149
3524;-4188
-6743;3455;5999
1108;-4549;-5881;-1583
-3780;3571;5683;6809;-4074;6795
-6306;3091;-5641;6058;-783;-1184
2692;1048
-833;-4865;-2274;651;3660;940
-5794
-4386;-2742;1749;1051;-2095;-1424
5800
-682
6828
-2690;-5780;3543;1400;4696;4635
900;-4104;696;5261;-6512
-2839;-5016
-5969;-50;1043;-1856
3009;6457;-2427;-2253
3701;6135;-4746;-4396
6818;2931;-3622;4265;3614
4161;966;-4455;-3928;5998
-193;6536;-1552
2528;-2018;-6328
4465;-1622;6046
-6279;5400;-3483;-6798;4318
3703;-3002
-1073;6801;-454;-3673;127
5304;5641
-2309;5733;3830;3623;-3002
2368;6630;-2567;3159;3407
-1973;6779
-2764
-6673;2225;6579;-6281;2410
84;-919;-3994;2346;6557;-2334
2767
5398;2887;2218;-1100;-4701;-2959
5521;6193;-6522;-4813;-5197
-2515;5643;1691
1603;-3371;-1004
-4499;-3908;294;42;-1869
-2257;807;6743;2571;28
-1301;4073
4982;-858;-634;-876;158
979;6725;234;-2091
113;5479;-426;6029;1502;3391
771;4293;6808;5740;5646
3066;-1310;1023
-4829
-4209;6808;-3401;-3004
6451;2228;5174;-3962;4156
2256;5316;-936;-779
-6610;-4710;-4921;-5865;-4235
4036;1386;5130;2477
-51;3732;6550;2983;-2185;-5166
-4841
-4141;-2751
-6578;3763;502;6553;-2766;-6320
2978;-1205
3344;-307;-1571;-5124;-1062;5470
-3863;-4057
6429;-558
5200;6055;-843;5371;1838;4639
6615;-2555;4892
3724;252;-143
-4817;947;-3863;3464;-5326;-384
-5109;-4871
-4774;3893;-2024;524;-3503
-765
-1585;-3942;-6550;2093
5184;-696;-6281
3237;-6583;-887;-6189;-2637
3512;5452
-2033;6501;-234;3466;-6590;6831
2817;-1541;4617
-2657;-5282;-18;2914;4715;-5567
-721;545;3079;-80
-3442;-2322;-178;3115
-1803
-6374;474
6147;-4421;-5579
-5903
-3907;5047;-5226;665;2733;6591
-66;-1816;74
-5674;4012;877
1153;-6611;409;-859
-2515;3989;-1719;6682;-6015;3439
-5394;5461;1114;1663
4181;-792;-443;1946
-419;4022;-1464;5115;2747;3085
5715;2252
6496;-294;-3416;-5497;4075;460
5171;5140;-4150;2601;2266;6156
563;-4135;-5421
5109;-3415;-2891;1102;4991
-6129;6037;-5306;-5645
-4418;2787;-5608;5640;-5722;-1676
5700;-5989;-1541
-3123;293;4662
6293;3836;4958;4159
-2864
-787;4677;-2712;2125;3421;6382
4914
-4021;-2791;2873;4604;-4557;2047
5862;955;-5997
548;-2540;-2926
657;-5474;6433;1253
2276;5349;1478;-1113
-824
-6769;-472;-4061;2941;-6799
2736;178;5076;2215;6714;-1757
-913;-6259;2725;-477
3857;2091
4927
3861;-5375;6447
-1864
-6372;-6549;-5832;-2472;-4735;4639
3989;-6719;-1183
-2890
-225;2672;-1140;-2804;-4278;-187
2755;3014;3671;3769;-5851;6797
-5427;3747;4630;3675;6331;-2894
-2386;-3581
3123;195;-6153;859;-1948
-2900
2901
803;40;2058
-4902;-1625;3786;1358;-4592
5974
3928
-1882
-6450;-2603
-3909;-4121
2259;-185;362;3434;-2960
3475;5752;-6317
-2876;2445;6414
-6324;3030;-5580;6059;4703
2162;1797;-5850
3333;6199;-4569
3763;2469;780
1892
-5701;4831
183;-2525;4350;5007
-546;-3540;-4249;-4556;-4045;702
4343;-6747;-795;-3820
-2025;1148
-1302;-4774;6280;1113;4106;6718
-1137;-5523;-6195;-740;1159;-5851
3950
2384;-5011;3682;1878
-3958
-5394;-3989;628;2043;3742;-2016
-5266;-5864
3891;6519;-6459;6156
-3640;2748
2224;-3971;6806;5046;408;4715
-3190;-4232;-5976;-507;-5420
-5812;-3416;-6344;-1164;3436;-910
1924
4279;1582;-895;-991
-5001
-2565;6692;357;-2556
5057;-6244;-1224;3319
4288;6227;-6117;1926;-5416
-2456;-5193;-2476
3131;-2222
-1137;5831;5434
1189;-1995;826;895
6036
354;3636
-231;-5335;-5801;4058;-5115;-2831
1872;6722;1428;2869;-4886;-4014
2561;1090;-2853;-1718
1409;4563;579;3253;3437;-5151
3524;-2359;2028;-1357;3182
3651;6165;-4358;-2342;823;6200
-1835;911
3996
-2962;-181;2390;-5271;4904;-5952
2912;4704;-1763;5715;-2199;-5370
-1953
6835;6309;-6329;-2029;5871;1535
6838;-4027;-5788
-438;-5896;4797;-448;-6112
-4851;439;2121;234;6060
6052
2272;-6435;-3655;-330;-1930;-1099
834;3126;-2377;-4573
-6257;3168;3363;5766;-762;-4336
-2658;-2388
-3345;2386;-3813;-440;1082;1131
930;-1271;-5834;-6042
1427;6006;-334
-5053
-2818;-3754;1773;-1279
2320;6721;-3442;-6261;2644
5267;-6344;-6410;2430
5841;-6803
-4789;-270
-6083
3011
-3057;2090
-4634;107;-700;-5984
3622;4008;-2892;1276;2125
-4465;-1627
-3779;1541;-5096;-3801;-6222
1143;6167;4825;-2970
-2001
-5708;6587;-6157;461;-4079;3822
-2004
-981
4195;1957;6093
4261;4953;5371;3276;-6640
4402;3218;2070;3582
-4051;2579;394;-3068;6155
1809;3272
4284;3871
6762;-654
-2827;5980;6028
1315;-2358;4614;4137;-3647
993
6144;-1970;-1174;3628;511
5203;-1237;-2199;3325
535;-2557
3046
-408;5047;3528
5922;6341
-2689;6880;-3544;-394;-5354
-3729;-2578;5570;-584;5160;1263
4994;842;-1260;-3964;396
-2945;-2657;4227;2437;6582;-4588
-5110
-4358;4969;-2362;2765
4091
-3874;-692;-1540;2217;-3403;-3968
-4390;5254;-5981
5847;-3803
1504;-5138;-4229;74;3695
