-4370;5128;4777;-415
3283;814
-4102
-1684;-838;2166;6667;-269;1134
-2609;540;5150
1034
2032;4802;6489
-1046;-1402;-2300;779;-2190
1041
17
-5921;-3690;-3450;-3344
3658;6603
6068;2133;6089;-2636;-6829;2366
-4243;4883;3477;1030
1202;-564;-6328;2027;-5583
-6609;-1783;6746;6091;-3247;879
5888;6033;-3267;-245;-6232;1951
-5570;5890;-6156;1227;-4668;27
-4529;5393;-853;-6521;2378
4576;6131;69;5643
-2449;-1143;6701
-450;6323;-1336;-4576
2354;-5468
-2978;-3210
4403;-5611;139
3442;-326
-4667;5579;-5084;4126
-51
5330;-3205;5083;3357;-1694;399
1125;3862;3802;-3500;-5232
1493;2567;-3225;-2044;2030;-4976
1488;-4077;3534;-1008
771;1844;5610;-3855;-208
-501;-758;-4039;3548;-1390
5491;-695;-696;5183
6240;1779;-4217;2905;-651;3227
870;-3337;2300;5631;-2688;-2848
-5553;6649
-6887;670
-3922;4371;1972;-2696;5229;6383
1098
-3028;-6647;3466;-364;-6816
4832;5954;-683;2140;525;3693
-1274;-5386;-3659
5199
-6292;2968;-5033;4778;5706
4720;-3778;-862
4304;6209;529;4708;2522;-5903
4481;-6644;-102;-4136;3005;-5903
-808;-5980;2652;-2093
3721;4555
-6230
-6442;-4187;4171;-796
4913;-5671;-3384;-74;-4064
1786;5470
6564;-635;-5835
-3105;6420;1015;1914
-3891;1074;-634;-719;5902;-1632
4196
101
6290;6390;4989;-5279
-3177
-646;5557;2362
849;1491;1542;5213;-1822
-4202
-5923;-1802;-1228;2846;-6287
-1377;6193;-5043;1813;5640;-4046
-1297;817;738;4931;-4055
5296;6739;-4040;-5835
5234
-449;3872;-1926;-1993;-3214;-3582
4147;3640;828;2189;-5232;-6720
5762;6052;3671
-1044;394;1482;-6079
6531;-4342;-2232;-1050;-381;-6847
1923;1431;-3484
5252
3041;-3175
-6629;-214;-5066;-6684;1228;846
1797;2441
4644;582;-3035
-1831;1720;-2633;-6618
-5829;-2456;6280;-4286
-1899;3070
-5380;-3305;2089;6602;-6124;-4270
1249;-948;-4837;-2216;-5258;591
4225;-5405
-4290;-6626;5270;5803
-2147;-6676;1812;-5102;-3407
2600;5756
-6103;815
-3241
5426;3958
6817;4114;-486;-377;-6826
3970;-6764;1230;-4752
-4129;2933
5904;-3779;-3323
-1426;-2838;-2055
1199
-2088;5335
-882;5156
6208;-6322;-1764;-5748;-3258;-560
-2678;1654;106;3148
1601;323;-4155
6690;-4459
256;-6295;1448;-780;-1533;4671
5304
-4283
4965;-1529;2538;-923;-4923;-4415
-657;-2726;3835;2636;-848
2240
-3266
793;-3709;3740;396
6832;6608;6866;-5851;1998;-4992
-946;-6598;-4827;2682;1755;-1488
657;-1751;-4233
-2255
-1554;-971;4779
-2355;5012;485;6725;3816;3933
-881;-5144;1481;3309
-1861;-6470;328;3516;-2894
-6834;-3620
-2504;6814
-5697;-1282;1762;6626;-3880;1230
-5026;-2436;6275;327;-5512;6155
-4774;5590;6888;-6698;6378
-36;-165;-6392;-5931;-2749;1743
-6837;5594
5840;523
-5341
306;164;-5179;-2604;2079;6479
4064;4514;57;-5483;-636;5901
-1795;-5828;-4326;6026;-3520
224;-4644;-795;6682;2362;-2575
385;-6629;-309;-1737;-4171;-2108
1509;150;5260;-1566
-486;-5241;5081;-1770;-6015
-2836;-1593;6715
-6384
1936;-3252;-1014;3594
812;-1710;-6656;-6000
-5633;2992;5043;-5047;-3741
-4627;-6675;-1637;408
-2354;-4195;4473;-5996;-5484
1268
2756;3125;6566;90
-6276;2260;-4938;-1003;636;5998
4514;-5798;5631
-849;-4114;-6131;-2231;-2366;6221
-5105;2896;-4106;5819;2797
3330
2857;1132;4863;623
2001;1874;5075;1165;-6543;5903
-3923;-1912;2776;-6617;-795;5087
-2451;-3430;-6007;-184;4318;-3775
915;3000;-1243;6796;6158
-5697;-716
1027;5143;-5576;1672;-2925;1951
-3268;999;-5721;-1818;-5230;-5712
226;-899;5460;-91;-2205;-2222
5881;-4651;-6427;-4268;1227;1822
-737;3601;-3663;5167
3365;5575;-6265;-2458;6202
1256;5372;-5328
-998;-6135;-2536;-2250;5788;4830
-5906;1617;-1751;-1005;-3472
-4373
3860;4645;110;-144
3073;642;-167;-1435;-1549;-2893
-6426
-6049;-4995;-2851;-4455;3094;5756
1424;4389;4712
560;3821
3959;2473
-3363
2147;4309;4134;-1196;-2492;1580
291
1574;1688;-5849;-1802
3364
4393
-4675;3909;937;-60;-5884;-5789
-357;4710;2040;-6093
6116;-4168;-6345
-2785;5135
-1873;-4500;-4173
-325;-327;5053
-3143;-5356
-6661;-5894;-6185
3061;-2823;3929;-6108;5323
-1249;1683;6184;649;-2206;-5374
3123;3428;6582;2541
-3530;2650;-462
-4406;150;-920;951;-5919;-2463
-341;-1781;-5658;-732
4633;1833
-2371
-3457;-963
1864;5545;-1820;3951
4565;-3597;-6414
3552;-2201
945;6490;6205
5840;5121;-1651;4788;-1176;1742
3681;4917;4534;-2840;4377;6140
-3931;-4592
-1357
740;5013;-5690;2473;2090;5947
1330;3924;6724;3719
6369;-2213;1799;-2606;4158
6483
391;-4442;2687
2811;-5231;-4064
-6691;-371;-4010;2537
224;-1593
5840;6544;-4871
-3057;-4850;-3707
-3950;-6640
6864;-6337;182;5863;-4553;3450
146;-4229;-6508
-5473
-6658;3362;-3204
-1382
-1385
4064;1746;-1940;1611
6391;-3982
2913;515;6212;-1254;-4246;-2752
321;-6835;-6695;-552;-4458;3518
-6834;5445
-931;-6603
-5665;-615;-4524;-1548;-2351
6258;3010;6229;4326
-6371;-3850;5755
-5113;5356;4222
-674;3014;651;-2621
-3410;-627;-21;-5208;-462;4237
-2596;-4630;4629;2221
6234;4381
2310;182;-5306;-3707
2571;3950
-3451
-6790;2315
5570;-1096
-6789;-758
657;3587;-293;6326;-6327;1551
-6724;-5449;6088;-6475;-111
-5473;116;3949
347;-733
-1941;-5050;492;4063
-226;2354;5957;6005;2892;-1231
-5907;-857;-5546;5676;-1951
-3493;1047
-245;1446;-600;-2024;-3071
3584;-2886;-6183;473;-3163;606
-1577;-2266;-3263;-4560
4599;-6028
-5731;5780;-6599
530;3141;-502;3189;2239
-2708;-3176;4232;2060
4258;2087;-2462;430;3263
-6161;2179;-2571
-1234;2965;-6216;-4728;-2463
-5533
413
-3937;-614;342;-93;3150;-2336
-4512
-4785;-4872;-4491;-604
5536
-5354;3357;6509
-3713;-1266;-5075;5539
-6054;-2070;3608
4372;-5487;4639;-1056
-210;-4100;-2660;5748;-1159;-1113
277;405;1128;-4110;-2222
-3093;-406
-2113;-5442;2306;-4394
-2723;-3462;229;2857;-2827;1402
4900;-5328
5947;-4495
-2881;-4516;-2791;2567;-202;1246
464;6689;451
-4982;6613;3927
-3377;-1016;-2024;6216;441;-3755
-3306;-4250;-5386;-5965;-2016
-5368;2876
4694;-1178
1468
-5618;-1997
2316;-5839
4705;-404;87;5048;1115;140
-6598
5264;-5105;5302;712;4812;2780
-4739;-1640;-5146;1306;-6623
3809;-4388;-2954
4497;-5982
1686;-3400;6285;-2063
-5665;6417;-2021;-3867;-2910;-3680
-3362;-2339;690;-5495;6;-3276
-2452;662;3277
-915;6373;-233;-3625;6348;-317
-2132;-2293;-4231
-1613;991;5183
-1779;-2473;-186;-2940;6797;-2958
-4642;-3266;418;708;5290
3685;4390;-3559;6764;-2301;-5440
1716;-347;6266
393;3147
-4483;-6228
-1497
-2521
-6739;-5572;-3573;-4950;1849;-2992
20;3525
-5595
-3746;1043;-4725;-1240
-961;3281;1723;-4604;-287;-4752
3140;-3237;-4950;-6347;-431;-4015
2102;6572
-4372;-2248;1368;-1901;2332;-3854
-2532
-5605;-5781;-4458
-3057;1313;-4642;6841;-940
2981;6662;4154
-993;4688;-1730;2099;-681;-1872
-3027;-3893;6519;3962
-5974;3190;-3853
2168;1032;5881;-6379;-6412;5229
1794;750
-23;1851;3789
-2061;2558
-3107;1733;-1307;-2572;3727
720;4896;596;-5708
-2531;-6292;996;3301;-6568;6492
5041;834;339;-2887;-4858
4603
1531
6640;1890;4018;-2436;4732
-3309;3389;431
3338;-5902
707;404;2789;1770;2555;-2589
-4849;5368;-3085
-6052;1493;-1338;-2142;-5791
3028;-2309;4809;4798;-1616
-1237;3413;-107;-1807;-1199;415
4243;1305;5533;-6462
6160;-3588
1666;-4324;-5973;3930;4173
3825;6540;-3694
-6753;-4689;5441;-1803;1132
-5170;2886;-1176;-4237
-1753;-826
-3830;-87;-2636;-5580;-2238;3599
3461;4246;3785;-6764;2972
-1818;-491;751
534
-3142;-1719;-4968;2126
-1714;2516;4741;-6199;6310
-535
3811;-3334;2106
4242;-6826
243;-5908;-2565;3960;-363
4321;-1411;-5612;-6685;-6512
-5585;6657;5255;5528;4394;-2397
-2420;-5469;-3918
4979;3755
-5014;-1673
2065;130;214;5756;2317;2350
49;-1191;-3447;-936;-2537;346
-2597
1795;-2117;4612;-1879;1214
-6822;2061;4206
98;-5815;1754;-3243;2555
6034;3764;-3097
-6687;-3088
-2608
-2019;-3830;358;-5870;4654
6566;-4473;4665;2398;1647
-4563;2071;-121
5877;1766;-9;-6045
2614
1682;3651;3397;277;4745;2175
-3444;1459;-728;-2976
-1409;-3257
-1393;-6484;-4869;5542;-4537;1950
2034;-196;-3654;-6551;2343;5449
4912;1329;949;1579
-1876;-3286;-1243;-1342
5462;2232;-6396;-1615;6015
3810;-3259;2076
6083;-3402;-43;3931;3229
-583
-35;-6694
6728
5651;-5902;-5454
1719;871;6395;-6270;5038
-3939;1042;-6117;921;-6160;-1696
4724;3035
-1063;3704
-1553;4800;-1417;-699;-5822
6163;-4793;-621;-2368
-4609;-2374;6715;1887
516;-3638;-5318;-5102;-1038;5791
-3793;-4321;-1393;2530;-5514;-1420
4945;-5315;278;-5629
5680;-6373;4341;1050
-2679;27
6507;-3615;2831
-5729
2853;4710;-4906
1744;-5009;-5633;-3378;3000;6617
-612
-4293;-886;-1079;4137;-4635
433;3447;-5678;-4959
1172;-789;5350
-1537;433;5909;6469;-3337;-6299
3139;1252;-6856;-4840;4106;-3564
-3174;-1594;4796;4686
1997;5790
-1102;-543
4149;1766;-2222
5233;-1716;5367;1944;-2015
-6853;663;6814
-4116;-1630
5125;5321;5545
1426;1077;-3799;3976
-2978;-1811;179;-1143
-2149;-677;1668;-1813;287
929;-6686
6579;2548;-1323
3710
1008;520;3436;1614;5951;2447
-645
-305;-5217;-6386;2823;5515;876
-4882;1091;-1589;58;5967
-4241;2674;-1220;-3639;-5497;1036
-6843;-5565;-5981;5454
4180;1222;-3559;5159;2507;-3740
-1748;-5929;-1166
177;-3779;-664;4283;-4765
2699
5109;2970;5515;-6799
5772
-4674;6350
-19;-6885;6089;6667;-446;6511
5437;-2735
-2808;-4954;6793;2234;-3888;1967
-3121;-1632
5047;-5705
-2584;-1673;-4812;2523;-3328
5073;-1635;3365
5680;3172
34;1491;5239;1002;6766;-3631
1008;4009;4633;-797
1809;785;-2131;3939;6297;5322
6096;3669;-6118;-4378;-5307;253
1265;2978;-1205;3256;-4605
2243;-553
3200;-5441;3008;1089;-4436;-3210
-6163;6134;-1112;-474;4335
-6504;-1338
4356;-3351;-4553;5246
1760;696;5704;-6122;3758
-5553;4598;-3385;940;-1374
-1705
1709
3952;386;-6247;-5211;-1357;623
-6834;-1896;1899
688
3472;4962;5255;2617;3838
-1954;691;-3704;-843
209;1761;1524;5268;-437;556
-4788
-818;4152;-6078
4791
-1875;-1829;-182;-6829;-1246
2745
-4885;2392;4728;1534
5817
-2748
-4276;2388;-1305;6619;4444
900;-5641;-4170;6159
-4485;-6462
-385;-1187;6359;-5448;-5168
1824;1106;-5893;3002;-6699;1851
4352;-2962;-2323;670;4047
-293;3060
4817
-3345;-83;-6501;4870;232;-5115
-994;6722;4967;3342
-3352;-446
-3905;4675;5973;-1805;5917;4206
2725;-4904;3787;6286
1520;3783;-1503
-3890;2472;233;-5693
5457;-2596;-6746;4300;3391
-2438;-6519;-5847;-3913;6730;-4108
6800;1266;-5639;-4811;-2749;4397
1347;4947;566;-1004
4144;1524;-1930;3803;6509
5715;-6454
-3812
-6692;-4440;-874
2789
1173;4758;4183;-156
-4353;-1892;-2281;-6059;-5117;4623
5907;6231;-1277;541;5726
1746;-6331;5581;-4814
6313;-5821;2303
3821
-932;5013;6519;-2681
-5569;1543;6825
-5872
-3973;-373;3593
-2802
5873
6788;1126;-1834;4669;-4703;-6800
1057;-5156;-2394;4714
6327;4669
-1782
-2808
3223;3405;-1326;-3519
-763
5250;-6014
1788
2864;-610;6761;5065
907;-6589;-6351
-3844
-4850;3994;6749
1584;-4407
1858;-4916;-4774;1992;-793;-6430
4871
1765;-5117;1549
1680;6112;5505;6532;6648;6045
-4006;4213;359;4008;3291;-4015
-1804
-6529;-1413;-2566;5258;-2043;-3728
-2;-6100;2969;-3099;3403
-1457;-6406;6790;-6055;3274
1686;-2745;-4285;-3631
6102;440;-4736
1807
790
5914
-5537;2691
2599;3563;1805
-23;-2825
6337;1973;2583;-2925
4416;2163;-5052;1389;1983
-6198;1176;2169
-17;1648;6577;-3643;-3132;397
2993;449;-83;3081;-2560
6416;-1010;6667
2172;1711
4596;-6218;-2780;5214
-759;-5177
-5750;6838;-3835;5533;5197
-5491;1365;-1608;-1517;-2783
4130;2532;2349
6160;-3686;-5481;2280;4698;-1102
-3575;2730;-1995;-4415;-736
-2689;2064;-161;5234;471
3456;-5284;-1721;-5326;-4238
341;1509
-1650;3301;5895;-1597
3888;2403;-2135;-2299
-5875;-1365;-1047;5559;844;6813
-835
-5139;-1427;-3003;2431;1183
-3556;-4741;-905;1199
2883
4992;-5157;2024
5952;4594;2068;-5270;6519;-3808
5056;-4940;-1981
1970;-2355;4932;-4873;122;-4734
-2114;-6485;267;-2752
-3673;504;-5867
6534;2168;4334;-1952
-2004;3509;-5820;1422
-6833;-5277
6496;-3586;-1039
-4292;-5574;1532;2172;-5950
5749;5816;-4253;-1615;6415
-967;1816
6707;-6314;2506
2901
-1881
-5140;-3912
-860
2464;5249;2261;-1127;4840;1512
-5234;2634;-3389
-195;-4227;-1365;3129;765
-3192;-5192;4827;1663
-75;843;5995;731;2591
-4966
-5289;-4797
5666;-5641;5723;-3021;-2286;3502
-877
5406;-4527
6277;5974;-5544;6218;-1805
5906;1045;-1400;-4425;-1769;-5358
-3092;-3933
4227;5700;6149;-4154;-6810;4986
6356;-630;2232;2140
1297;-6372;5019;-2895;-3055
6185;-5567;-5600
-758;6764
5922;-4090;-5404;4364;6239
-6529;-2755;-3684;-6693;-3814;-5062
-1557;-1481;-3996
-962;-3155;-4036;6665;-2478
2289;-3747;-5386;-3932;4252;4606
866;5928;-5901
-1668;-3323
-1201;-141;5311
-5107;-5335;5272;-3276;1403
3493;2887;-2410
5442;-4602;-5614;-1247
-5537;-5414;-1119;1950
1928
-4146;-6292;5244;-832
2773;1769;5582
-2754;-6555;-5135;5343
-5185;1413;4374;232;4174
-5569;3090;4611;-6487;-6505;6874
-3252;4174
-2433;-1562
6550;6665;6141
-4420;1029;-2747;2779;-4735
-1217;-5574;-3357
6371;-1341
-3447;951;1479;-4557;6877;-6334
1684;-951;-4189;-4669;-4397;-703
-6421;-5781
-1962
-3811;-5321
6322;-4435;-1558;1797;-4987;5852
3140;3957;4971;283;-2190
1562;-4557
-3050;-6092
1983
-3362;-2356;6597;-5494;103;6495
-3990;3862;-5863;647;6303
6208;6568;2889;2330;-107;-3616
961
-380;3390
2266;3818
-6744;-2413
5106;6099
-4211;4546;2869;-1755;-6512
-5396;-695
-1386;-4751;3310;-5312
-2001;1585;5291;-940;-2749;-4206
4450;-406
-975
974
-5268;5014;-1111;6391;45
-2563;2835;-5396;6170;4588;3534
192;-5749;2308;-4106;1258
4248;5130;-1899;1452;1262
4152;923
-5077
-2339;6499;6214;-1198
-1346;2676;3415;-4200;4761;5918
-1748;1203;-884;-4677
1696;4362;-3023
1553;-3494;2696;3419;-1440;-1744
-870;-4217
-4065
-3303;6214;-4190;3790;-3504
6114
-3578;-4586
-1000
-116;-2328;-6748
-4839;5838
3776;3602;-517;6886;-3208;3772
482;1395;-5193;-6443;-3531
-6022;5416;6410;4939;-3598
-4865;2947;-5316;1431;-2368
-1377;-3725
4086
-5043;6492;3663
4181;-5480;2315
1362;-4339;5078;-3118
-3613;-2526
6138
1733;1334
929;-1077;-4984;15
-728;4793;5066;-2990
578;3205;-2761
-3071
3568;2195;-6077;3660;6541;-3744
4676;3933;2654
