3409;-2517;-4991
-6147
-2705;3904;931;-2135
4562;2823;3063;4394;3146;-575
-5528;-5469;-366;2141
-4890;-2173;5007
5461;-1358
-2754;-5;698
6885;-4424;-1628;1228
1170;-1539;-180;-3077;4664
1729;3441;2081;956
-2812;4879
-3398;-5322;5627
4675;147;-6395;-496
-4341;-5224;-4793
1720;-5500;2733
-6466;-5850
3589;-3286;2797
-3795;-2379
4193;-6451;-1373;-3567
6147;1532;-4271;-4464
-4069;-887;5675;-188;5646
-1905;-5586;789;2988;3678
2084
-258;753;6324;-3996;4382
-4136
-371;-1892;175
1064
-3354;-2954;6105;-5983
-5489;-6282;4558
2092
-6614;-599
-4527;-4735
-2267;2315
-4146
-1227;6396
6354;6790;1368;4154;4666;5390
6273;-5369;-6058;4076
-356;-2502;-3340
1946;2204
6768;3505;-4903;-4040;3911;6078
2401;6097;-259;-3798;-2583;-6011
337;4082;-1182;-4319
5848;4329;283;3935
-5023;-4255
-5155;-393;3436
4160
6753;-102;2264;-3728
4162;-2598;4246;-5465;6701;5311
241;-2949;5476;1397
-3569;5731;-3257
-1095
4176;-3554;-580;5881;-5853
-6217
-37;966;486;4792;3597;6654
-6129;-6237
6049;1700;5654;-5134
-5857;-915;2165;-3663
3572;-6726;-4733;-1408
4868;-4311;-889;251
6033;898;6643;5494;-552
1431;-6815;5470
1600;50;-4426;6777;-2956;-6253
-4693;509
-786;3987;5511;-2281;4716;3278
-6827;-3391;5007
2675;233;-767
3157;-1014
-5297;705;2885;-3594;-6061
3554;1000;-4655
-6325;-1016;4375;-4398;2141
5889;2905;4621
2066;-6340;-2039;-1831;-680;4623
2215;-3033;-4425;3001;89
5976;-4847
-9;361;1804
-1078;-5355;-3919
-2245;-3893;-1145
3379;-4519
-2612;4775
1946;2219;-6830;5853
1553;699;3341;-1054;-5680
528;-850;-3271;-4718
965;5413;5929;-5019
375;-3753;3498
-2;3188;3130;5068
6641;-6452;1924;-4284
2576;-2642;2404;4539;2222;6383
1843;-1968
2225;-5779;-229;4358;-4798
-3414;-1516;-5438
-5314;-1734;2824
-4433;-4216;4488;-5772;6732
-165;-3845;-5593;-1871;-6064
-2182
4230
3208
-6283
-3090;1429;-1174;-2217;3886
-1166
1874;4411
-467;500;108
-2819;-2408;3036
-1167
-1201;-1746;-1294
2818;6562;-6579;4648;-6204;-1390
1937;-259;5940;-1589;1621;2734
1188;-841;-603;3820;-5550;-1232
2560;708;2902;4697;5663
2977;4392;-5226;-2109;-2590;6798
-6599;-3527;6298;-1744;-6864
-1139;1287;-3370
-6467;-596;3828;-5094;-16
-5450;-1871
-2421;-2713;-2441;1133;-5999
-1763;6869;6731;4811;-5230
6304
5729;-3269;6852;-1510;-1514;-3056
-5201;3362;654
2209
-20;4055;-681;-393;-2634;-490
6709;1557;4186
-4262
-1721;-3565
-1751;-5256;-4427
-3028;1734;-2813;-5453;2222
-3959;-317
-4214;-6013;5500;-1149;-1472
626;597;904;1369;-6749
-6099;-3225;1881;4190
6624;-5689;-2270;-622;-2224;1951
5301
183
120;1481;-1709;-5197
-807;-3575;3849;1743
4283
2140;-5566;2031;5679
-4286
-5722;-6779;-6284;-2476;4686
-5381;6791;1609;-1803
979;6020;-6262;2438;4523;686
472;-1676;-1038
384;4771;-2668;-2222;-6608
4834;-3203;4020;6681;1179
-2341;-4229;-4998;3114;61
-6866;726;-5610;6429
-3013;3214
-5721;5519
5041;-3754;-3482;1422;1999
5659;-5456
2960;1011;6008;-6683;-5182;-5488
-2379;4891;4863
4977;-3076;3637;2638;-5920
-4289;3054
-3177;5436
1238
-3046;1687;-5262;6398
6768;-706;-2326;3994;2426;-716
-4564;5816
3474;-2664;-2921;-3305;361;-1323
5236;2981;1447;539;-1776
68;167
4448;-6691;706;-4826;3051
-514;103;-6394;-1628
-534;185;1338;-1231
391;-4729
-2290
-4481;2697;4060;13
-3137;-1479;-2796
-1731;6567;-4592
1427;-4932;-6010;-5323;-1792
3569;-420;-1878
-329;-4015
1616;-2868;-1048
-4738;4484
6150;2295
1044;-5429;-4201;5258
4961;-6242
260
-3897;-2508
5796;836;1612;-815
5381
3282;2628;-5591;3705;-3741;2029
-705;3169;-3231;-4623
-2419;3476;4101;2427;5996
5168;-1814;3061
-3525;4566;-1000;6376
5459;-3542;-5263
1298
564;5653;3275
-3495;-3292;366
-1449;-6506;6653
-1458;-1602;2034;2916;4361;-4944
-2130;-628;-2856;-2603;4860
-247;-3034;6847;-5904
3954;-6838;281;3917
-5637;-3848;1450;3646
4930;-2872;-73;-171;-1293;2844
4384;-1132;-590;-5663;4319
2344
5494;-969;3963
-6593;-3945
-6065;3410;3684;4389
-4202;1854
-1219;-6339;6535;-2218;-875;6463
-194;4593;2211;1573;310
-6406;-5162
-5110;-1370;602;-6717
-1333
-212;-4199
-2050;-4938;6670
5438
-3459;-2147;-6355;-2247;5694
1160;1210
6154;-4475;-1357
3394
5075;2729;-5434
1654;-2682;-4397;4077
4626;-5975
-2709;1173;3479;-3293
-6657;5303
196;183;-2490;-3500;1823;1407
-4412;1005
-433;-3796;4468;-4534;3687;4014
5376;3361;-4452;-228;5494
5603;5418;-445
-3073;1895;-6329;-2046
-5458
-5220;-4084;-5243;3149;-2254
1363
1872;1636;5493;-5783;-6523;6716
-292;3701;-2044
-4196;-4519;5735;-762;-4171;-4718
3057;-3160;-3103;-3424;4239
4178;1635;2534;475;-6432
2533;-4925
3409;3461;3531;5307
4996;-6133;2510
-2199;-4120;-5593;5595;-1741;2588
-5108;3863;3690;-605;-6063;6623
-1966;5902;-512
-3427
5250;-4696;-606;-6448
-2487;1127;-4716;-6524;-1278;-4911
1381
4193;2310
3862;1608;10
4919;3640;1897;-2972;732;-3757
-5465;6488;-2779;3979;-832
-5556;4280;4153;-6155;4926;-6112
545;-5731;5762;-6;-2986
372
-373
-6147;5740;2829
6434;-6521;3272;-1787
915;277;-583;2892;4588;6623
-6821;5064;235;1100;1740;-1696
6257;2673;5747;-5561;477
4776;-302
486;3062;1068;-2190
-466;-6214;-920;-5709;-5630;1150
2617;3212;-6125;268;4509
3430;-3818
-1652;-3336;3641;2877;-3967
5315;-4999;2122
-1031;-2432
-3467
1201;-3365;2559
-2447
4021;-5638;-1175;-2076;-5772
5844;-3512;-3757
-337;-67;-5118
-1716;-3838;1055
402
-3478
2516;-3141;5066;60
3322;779;-623
4256;-4627;2380;4828;-3358
-1435
-4529;2169;5963;6027
1439
-1926;791;-2282;6298;4702
2997;-4326;3734;-2474;-4443
225;-5331;-3769;-4586;-6238;-2222
4514
-994;-4518;3398;-2025;-6508;-6158
6513;-1353;2428
6272;3233;-1491;3110;-4335;3871
6723;-440;4137;-6077;3246
-5108;1657;-1067
-6074;-3564
-4070;-2202;2315;4029;5471
-5035;-1534
-1109;2053;-5383;1159;6779
-6610;-3027;-3721;3433;2859;5613
-4341;-3673;5129;-1643
1719;-3657;-6394;1051;-5439
5555
-3012;-3350;-3627;-415;1775
-3058;-3126;2407;3196;-4976
-2689;-5563;-2988;-4109;575
288;2852;-2617;537;-6795;-1871
3944;-5406
-3211;-5420
1937;929;3716
-2738;-6553;-4461
3513
5553;4402;-4470;-120;3272
5457;-824;551;650;-6509;-5919
-5923;-3744
4293;6399
-4241;1154;-4101;1253;3433
-2737;2880;1798;-5532;-286;2398
6598
-705;1349;3687;1530;-4382;4095
6144;5952;5189;-4375;-4313;-3022
2661;5717;-3048;-3851
3491;-3031
-6594;-2059
-6117;-5749;-3575;-6456;-1963;-3228
529;4034
2387;4853;2445
5792;1233;5748;6712;-665;-940
-3777;-3109;-6201;-6093;1293
-6626
988;-6591
-2516;5467;3163;-1740;4302
3557
-1432;920;3019;4126
3600;-257;937;173;-4943
1697;993;4347;4717
-3059;786;-5525;3236;-3097
-4189;5245;-5647
6638
785;6641;-567;-3291
1909;-383
-4601
6752;-1302;-1179;-3516;-1820;-3536
-676;-3368;-2970;2174;239
-3201;-523;6428;796;5710;1534
3577
711;424;-4714
2145;4979;4647
-1137;-3469
-6728;-3528;-4590
-6217;-1017;-6638;-4047
-5010;-3445;5895
6082;4671
3602;-1225;1913;4169;4156;4285
-4391;4908
7;1082;-1932;-4799
-1507;-5162
-3597
2683;-748;6782
525
677;4697;-6652;2828
2144;-4465;-3796;1415;4175
-978;-68;-5754;-5179;90;-2976
2384;2613;3494;3449;5406;3662
-2579
-982;6872;-653;1438
4663;6138;-6172
-4097;3563
-114;3714;2243;-5254;813;-3984
-6871;-618;-4778;-3629
-2673;-3506;-1829;-3114;-1707
3061;1605;-2059;-6492;559;1759
545
1386;-1278;-5775
-3363;5730;-3045;5288;-3039
-308;-2362;555;542
-483;3063;-5372;-829
-1897;3471
-833;-4724;5907;3620;-3637;3293
2566;-2936;-4648;3304;-890
-6884;2022;-1839
6700
-6265;3933;1774
559
-3682;-3508;5606
6246;6317;286
-531;5714;3044;-3830;4358
4660
-566
3637
215;-2830
3952;-5592;922;-1260;-3710
1793;867;2760;569;-1323
1595
-2786;1762;6717
1184;-1542;-3223;5405;6238;4799
6789;1143;-2237
2023;3004;2173;-4575
6064;6884;1508;-5830;-6137;-6139
5778;-2260;3204
-4210;-5586
-2769;3302;47
-5702;43;-44
5393;867;2297;2427;3934
-5762;-4520;-5247;-4512
5889;-5079;5918
6144;-4261;-5319;987;4061
-5847;4233
3029;1319;-1673;986
-6754;-1876;2020;-5248
5714
417;-6566;-1695;6223
-597
5126;1614
-4578;5362;5957
-2548;155;5039
-4891;-6732;1164;-4576;2143
1777;4422;-441;-1261;-5103
2515;-3032;3815;-4928
2000;-4059;1452
-4418;-6376;-568;521;221;3869
1106;-2932;-4391;-1561
-1714;2770;6722
998;-4681
-3538;536;6025;5913;4989
-5204;-5301;-796;3517
2097;-2835;3288;-3166
3688
1971;-6667;2334;1743
4716
-6460;6140;-303
-3696
5066;-4012;-6798
465;5576;-297
4723
-4355;1522;156
-3704
1152;1828;-4747;1628;-1517
6337;-2678;6453;5463;-4250;4667
-4663;3005
5753
3515;4286
-658;-2018;-2055
3239;-2602
-2691
5204;-4616;4444;1405;1374
-4371;-3109;-2811;4527
-467;-4966;3290;1514;-4112
593;6661;-5625;4062;5022;4270
-389;1037
3173;-5872
658;-1396;5528;-1067
-3809;1185;6020;-5462;5790
-1415;-2599;-3808
-3832;4234;5181;3262
2593;109
2721;-5829;-2710;-5079
-753;-3864;-5708;-3517;-5248
2337;-2642;-5796;2392;-1354;-5835
32;-41;-1003;-4767
5779
5780
3202;-3956;2441
3720;1039
-6808
1712;-2756;-2167;966;1577
257;-6200;-3097;-848
-2823;-5560;3611
-4772
-5441;1692
-3153;-1621
-3394;6121
-4777
-132;-4650
4783
1120;-6820;-1077;-4117;-6409;-1819
1713
-3717;-1070
3926;-3720;3230;-4127
1976;-2937;265;2795;3711
-2417;-950;-2445
-5716;3531;3903
5747;5397;-2201;-6795;-3867
-3971;1225
4690;-664;-441;5786;5356;-4814
6473;-2875;5036;-1792
-2289;-4229;4792
-6401;-5897;-1994;-3370;-6622;3102
-5521;5744;-3267;2341
-722;4277;4828;-413;927
3778
-6273;-6244;3349;-215;-540
1731
1929;3901
2688;-1026;2972;3245
-4149;521;-3228
5832
-5130;-1728
6848;-2754;5762;5634;-1464
-497;3512;-2970;2718
-2766
-385;6257;-5896;-5816
4815
836;1415;4504;3182
6048;963;-791;9;5757
-6644;-2278;-3815;4408;-6733
2785;-166;5207;3129;5130
-4458;-6122;5198;-3840;6447
3209;3662
4529;5731;-1340
153;-4735;6335
850;3607;-5307;-6028
3008;-691;2951;-4826;2377;6106
1201;-4307;2196;6392;-2701
-6418;-3940;1544;875;-3036
4560;-3300;-3929;3403
4065;3112;-2346
2520;-3257
-6337;4593;1378;-2246;-1197
1381;5383;1209;1482;-526
4528;-2595;-2294;-874;2618;6523
-3814
-3349;1852;5310
-6497;337;4371;2516;-6246;-5465
-874;-2943
5409;-5174;-2120;-2509;1599
6777;-764;879
-5048;1224
-2279;6103
2344;1545;-4780;3693
-564;4038;-1915;6251;-4237;2302
2657;-4248;-3547;3756;-3470
1858;-2807;-2880
-1106;-1768;3657;-1291;-5372
4611;-6133;-5737;-2188;2124;415
6001;906
1681;5491;-760;1433;-1306;-5774
5778;-5060;2062;-991
3716;5242
-4662;-4838;-2838;-6840;5099
-818;-1731;4530;-4379;1902;-4368
-5037;1837;-1664
592;-641;-6866
-4977;-1026;4264;-6137;-425;4457
2304;-545;5568;3156;-4491;6045
1350;4599;-74;-4077
6195;-2940;-1456
-5041;-1042;-2070;-1548;6877
3089;6763;1164
-6211;-5955;-2949
-2609;564;-4807;-359;4472;6589
3138;-3843;-76
4130;746
-1807
4738;-2981;-6518;4103;760;4780
945;-1052;-6828
-6755;-5315;-5269;-711;-153
2935;-92
-5125;2500;-2267
-5874;-69;-5111;4215;1768;-4942
5465;26;2764;733
-213;-344;2987;-6172;-4461;2285
1813;4647;-2346;6074;-2223
-2846
-4117;-87;-3769
-3559;6423;2201;2907
5872;-3746;4305;4885;-4367
528;1434;5963;-2000
4997;-5804
6080;4054;-5229
4704;-1187;2373;4278;-138
130;-5510;-3831;-2072;-1822
6576;-4868;-4503;-4044;-5837;-5550
4528;469;2247;2456;4569;-2188
2741;-1742;-4239;-4751
2871
-6466;-3623;-5433;58;-6622;3854
755;-5880;1180;2095
4266;-2669;6830;6735
-3026;-6853;4184;5801;-5052;-1005
3424;-4913;-6818;-6040;3082;2239
3505;6401;-2915;2501;-2749;3309
-2867;5225;-5981;398;6110
6209;882;-2567;2364;6238
6065;-5253;-2678
-4100;-3975;4183;-3096
-6058;3164
1521;3737;-2364
-1619;-1288;3753
3684;-6398;5869;-2303
5515;1070;3215;1295
5589;5832;2749
3988;3014
-5270;-390;-3848;-1323;-2319
4960
-1906;4841;-6877
-3811;-5908;3555;170
2022;-1144
1969;3007
545;-398;3614;1215
6768;-986;-5133;-5629
920;-4879
-3874;3260;3549
-1697;-4227;1732;1316;-1463;377
-1915
-4706;-6547;4091;3197
3964
682;-2046;-3632
-6501;2437;-2394;-3180;-2526
-6241;5269;4423;3240;-783;-2960
-6529;-2565
-1937;3857;3847;745;-2154;3711
-721;5333;6344;5305
2951
-2954
2341;1655;4281;-1340;-5007
4994;-2423;-1136;2543
3795;-5727
-2342;-1660;-4526;-4671
-912
-2865;5333;2118;-2429;-2383;-6831
-6033
2717;-5679
6263;-5755;1644;4766;-2143;-1807
452;5207;-2105;-5501
2464;-3858;-2468;3638;-3774
4097;5869;175
-2131;5714;3971;587;-3120
-1939;-2038;105;4798
927
-3513;5096;-2780;843;-5694
2976
1265;-2027;6749;-430;2541;4094
-5521;-2100;-5597
-498;4567;4172;-6287
2229;-5209
-1201;-6579;-4403;-6372;8;1231
-5590;4189;5405
-6566;4038;-216;-1866;3677
5937;-712;5950
4516;-3813;-6470;-4009;-6299;-3294
365;3645
2240;6436;4267;1774;-6608
3056;3526;-3816;-1823
-6064
-946
-516;-6378;157;4974;-4304
2258;5298;-6119;2839;-4428;1100
5523;4152;1336;2249;6874;-4848
544;-6710;3974;-3885
696;4315;1355;1758
-2866;-4217;2444;-6415;-144
-947;-1036
-883;-3495;6316;557;-1536;-1920
4032
4549;-6535
5172;-2158
1991
4690;3747;5363;-1901;-1439;750
-1998
6336;-2885;-1593;1851;-765;5197
3017;-1019
-5637;3125;-5751;5866;2893;5599
-1522;1171;5423
6224;-999;4779;6333
-4051
-3251;-2355;-3923;-3740
1937;2243;-152;2697;-6238;1518
-52;1668;-5574;-6375;-5131;-880
-5716;3706
-2209;-3048;4567;-2347
5248;-2199;-1037
4056;2186;-3484;1003;445;879
-2015
-2581;-2742;5622;-2315
755;6380
5088
-6289;-4466;-228;-4348
-6648;-2540
-999
-5029;-1242;5834;4507
3024;2497;3059;-4358;2584;-683
1806;5343
-3921;-6459;-1820;-829;-6414;-2047
-1009;2800;-1859;-2967;-4076;-5164
-2481;-1126;2151;4281;381;1902
-5113
-2375;-1752;-5082
-6065;2594;-6307;-6102;-4569;-4123
-6884;-280
-1234;-3396;-602;3245;4030
-6484;821;-6622
5147;-1054
2978;-2454;312;3514;-3327
