-1672;3291;4525
3649;-1600
-6472;-2347;-1630;6350
5489;2469;1126;-2937
-405;-5366;646
6032;-2436;806;3111;5819;-3087
1680;-3410;-2531;-1652;-5798;3513
-177;-3346;-5975;-4808;2011
-4386;-276;1931;-1375
-5698;-5541;3805;1279
-2338;5445;-3354;1834;2219;6446
-4532;-603
2659;75;-4797
1303;2761;2124;-6685;-543
1683;3982;-5311;4831;-3120
4449;5524;1160;-875
-5987;-1539;5812;1702;1054
5735;331;-2976
-6164
-4569;-5691
-818;-2787;-886;-2698;-2048
1872;2354;-2021;-664;-2957;4509
-6421;5963;-5709
-4120
-1057;2108
4499;-1221;-4077;-2302
-4837;552;2345;-2267;-2991
-6598;-587;1418;-5404;-5245
230;6761;-4912
6674;3011;3557;-5692;-350
4130
6758;5979;-4511
3414;-3386;6633;3658;2779;6395
3113
967;1356;-5438
4048;2466;5094;-431;-895
-1746;-5846;3453
-4273;4678;4374;-2688
1409;-3635;3880;6009;3291;-4767
-3118
-4881;-3154;-3786;-847;5454
5413;-4359;4252;-4237
-649;6843
-1384;1784;4395;4219;4683;-2381
-5173;-406;-1414;3082;-3311
981;250;4748;2268
5073;5161;-1471;1518;3342;-2303
6202
3314;-3284;-188;-1949
-5576;3160;760;5690;1898;5391
4658;-2025;-5820;-2141;-1902
4259;1301;-1801;-6764;2093;-5296
-6881;-2340;-6056;6808;-2860
3635;5494;4744;6671
-4855;-3947;-1311;3903
1859;-3864;-5231
2167;2091;-975;-143
-5633;2786;6823;5960;-6395;623
2689;4374;4423;5992
-1845;748
2213;-6318;-5392;-816
-579;339;5924;2732;2380;2590
-4449;-1684;-1110
209;-1316;-871;5112;6159
-4175
6130;4084;2932;3128;-3904
7;-92
-4183
-2342;2747;-765;3519
-1252;138
-3858;3622;-3950
-6673;2227;4537
-372;2980;1579
4197;5513;2671
1012;1305;-4107;-4363;5035
-3489;3955;5772
1119
3249;1768;-6137
1766;-4935
-5620;4999;5289;-6814
2148
-3010;6563;760;6030
-4726;-1224;-3370
385;2791
-6001;-5201;4819;-70;3275
225;-5686;-1702;-3640;-11;-1582
-2743;4729;-6859;6138;284;3679
6545;-3188;-2344;2168
-1046;-6232
-2657;6863
4705;3090;-2853;1946;6410;124
-6872;-6235;-5710;-5007;-4960
151;-6750;-5806
2656;-2917;1148;-2269;-2832
5242
4660;1606
-5102;-6286
18;1645;5630
3280;-6614;1287;-942;813
-3201
-2179
5712;-276;5959
-2754;99;-4154;-635;3516;-302
3305;925
-3586;5876;3991
6281
-6284
-3208;2971;4748;4845
-131;-5283;-873
6290
4611;-3033;-1786;1930;347;127
-1713;4066;3876;-5593;4632
-4873;-3468
-4247
3733;1064;5098;-4463;2911
-6707;5252;-1221;4118;-5708;-2031
856;-4858;4713;2218;2653;4814
819;-2693;229;-5680
-5922;-4166;3802;-16
-6407;1304;-251;3146
-568;-4858;-46;3263
-2417;1497;3129
4769;5234;6500;1070
-2852;-3460
-4817;3959;-334
2215
-5729;2950;-4204;3742
-131;-3111
5289
3831;-506;-4333;5901;6542
-5953;4053;1669;-5561;-5627;1006
-2193;2018
-929;-2324;1495;2106;-3597
1200
1652;1623;-4478
-1236;-2824;-216
737;-558
4616;2761;-6283;5229
-3348;-4310;-6630;-6742;-3727
-3201;3334;6198;5135;-3088
-4801;-3426;4968
4979;-3206;-2647;-2616;6751
2619;-381
3296;1494;-3148;-1197;-6077;1343
-1217
-3303;457;-6571
4320;3832;2552;-2284;-4717;-2479
-2449;-4994;5656;-2474;986
-4356;3575;3275;-5805;-5486;-6767
209;-6558
3044;3669;-3080;-2781;5213;-6270
1330;-200;-441;-3611;2234;-1565
1228
6833;-3194;-1978;-2782;4653;-255
16;-1255;2122;3019;-1117;-6063
-2594;-5400;5386;-2718
-4451;-4473;3356;-910;2175
4751;4671
-2545;-3291;-5259;3898;2877;-5103
-6759;5035;2652;3375
65;4946;5866;-3501
-4612;-3129;-4810;-6204;-5006
-91;1323
6496;-1167
-2780;6572;-5517;2958
2912;-2724;-40;3133
-5332
4164;3257;988
-1271;3383;-6427
6097;-4888;167;-4958;-3808
-1246
-101;-6854;5413;-4134;985;-652
4709;619;3087
3219;76
-5000;-4313;-2176
-5345
3172;-5768;-3776
-3970;5962;2283;-973
5095;-552;6299;2700
-2209;3826;-360
4785;4695;-3102
3794;-1267;659;4296;-4175
6233;-1901
-4578;-2167;1594;-3920;3711
5360
-4151;-712;1547
3344;-6613;-2133;5646
1972;5176;696;-4829;3373
-5367
2295
-2147;-1189;-3848;-5705;2399
-2018;5857;-3908;6462
3126;-2809;-2569;-2096
1604;1721
-255
-3038;3294
-6808;-619
6132;-5672;2871
2309
-4360
-2401;-306;1026;952;-2815;5855
4128;-4284;-2156
1460;852
-6691;-5942;-3815;-172;-4127
-3400;1755;-672
-3526;3255
-5392
-6052;-5485
-18;-6628;-6519;-2043;-432
-5108;-1399;5337;1452
-2563;3870
-1666;-4340;6811;637;-1727
-287
628;-3990
-5569;-913;2384;-3569;1227
1264;1170;4538;3326;6383
2496;1571;2213;6617;6122;-287
-5422
-4401;695;-3385;-5501
2848;4597;6171
1329;-3860;3731;6759;4812;-6319
-4787;531;-3221
2362
1139;4259;6631;1599
2364
4103;6455
483;860
-6741;-4845
2419;-5671;-5642;-3995;-3340;1567
-6472
-6611;437;-5871;-5695
3174;-1817;-4908;4460;4543
-5456
6481
4353;6098;5620;6164;4905;4941
338
1605;-4521;2649;2655
1826;-230;-279;-3017;334
3482;3068;-5184
-6487
2916;-2138;4716;-2079
241;6230;-5591;4585
6865;5076;3189;-5784;2907;5501
-6594;6209;2372;5078;-2635;-5804
3845;-2328;-5199;4031
-4617;4266
-871;-3577
-853;6742;-3272;3388;3277;286
3346;6676;-5222;-473;6265
3298;-6470;5480;-6252;431;3871
-6113;-2439
-2562;-871
-1155;3348;3916;5516
5540;-934;-3574;968;-3693;-3789
-5025;4449;-1300;4707;-6741;-5672
1392;2180;-4807;-3784;5384
-4754;-1428;-6117;5748;-2474;-557
-2416
-4468;-4095
3444
2421
-1607;-6808;-3819;-6572
-4229;-6517;-4166;3909;-5760
3440;5191;-4157
5498
-6545;-4885;-4297;-3930;2702;3263
-4516;-6758;-3593;-6521;378;-4971
6180;4442
-4641;3095;6394;2702
-6525;5791;2143
-5473;-2421;-2842;109
-3460
-673;-5668;-6709;1638;5750;-3944
1413
1314;4195
4629;-4633;5932;-1280;2911
-5515
3957;5433;2697;-2780;5931;-1532
6114;-1717;6319;4015
-2614;-3462;3255;442;2508;-4623
-982;5256;-6524;1228;-2831;383
-2449
5637;-920;-1081;3646;2335
-1733;-1462;423;4377;5966
3475
-1938;-1192;-3433;1039
-5330;-4746;-2811;-4350;-1600
6244;-5909;-5416;-4557;-47;-3008
-1381;4998;-2203;-4892
-1431
-1877;4919;-6046;-2526
-5460;-3221;-2838;4501;-6103;1447
-1435
6816;4564;-169;2296;6361
1152;803;406;1433;5965;4990
6243;-2676;-5910;-5240
1267;5861;2280;2270
-5153;6481;-4946;-1351;458
-3321;5784
4944;-5861;-2139;-1996;59;-2591
3265;5378;-1462;-2502;3949;4079
-723;-4164;-5706;6492;-2336;-4224
4850;4787
-4904;-2686
4328;5310
-3591;6462;-3295
5844;1748
-229;-214;3221;6056;-3211;-4174
4322;1224
4401;2296;-4221
5202;-6691;-5909;-2853;3547;-1918
-4108;5389;-2736
-250;2729
2608;-1032;4840;-1994;3180
2483
-2002;4773;-2335
-1313;-1318;6662;-6793;-5101;6398
6695;-1134
6365;4318
4721;-3770;203;-5695
-445
-5566
2358;-5098;-2620;3887
5153;-357;-1275
6241;1380;1671;-2696
6598
-6593;-565;2038;-4892;-6828
1058;4170;5949;542
1843;661
6595;2470;5190;1943;-5498
-3299;-3844;5574;6655;4591
4018;6323;-5911;599;-3289;-1274
1554;-1088
-3029;2667;828
-6227;2883;-3866;-6379;-6047;-4384
3506;3144;3035
-1497
3920;5555;214
2466;3131
-5017;4538
-6581;-5166
3371;-4879
-1458;3974;5135
5605;6549;-744;-3565;831
-5906;300
4657;-6345;-3919
6596;-6109
3559
5987;1672
3873;-3913;-2665;-6459;4575
492
2824;-154;4122;6394;5741
-6008;-5753
-6067;-4671
-5154;-5893;-5048;-4362;-1547
-390;-6135;4663;6459
-3217;6721;6499;-5301;-4198
-2999;4390;4908;5471
-3105;-6820;-4085;6246;-6123;-957
640;-178;-3238;6203;2108;4189
1376;-2258;855;5656
3878;-6663;-3128;-1129;-2684
-1457;3940;-2359;-3032;1149;-4896
4528;3523;5111;-2410
1329;-4422;2635;6332;-6814;4526
2561;1811;2343;4203;2396;-510
-6817;4003;5125;-4136;6667;3871
-1813;3588;-2297
1473;-579;-1619;-3877;1177;-176
-5857;-2754;2322;4021;-5658;-795
-4627;-2964;264;3723
2944;6296;1532
-4098;-3001;-5728
6501;-4984;-6152
-4636
-5663
3615
4243;1941;-4615
6690
-5930;2426;6715;-3679;-1104
-785;4310;-2522;-3274;1722
-550
-5057;1434
6694
1680;-3541;4488;-2395;-6092;188
-6322;423;-5945;1769;-6862
2756;4341;-5917;6541
-5761;86
4212;-2633
2820;5447;-6684
-1650;-966;5109;-5352;-6682;-5356
-4644;1557;4281;2445
3640
-4023;-5735;-1051
6262;-4669
2619
392;4570;-6560
-196;-4725;2389;-91
1733;2937
-5695
3641;-6605;-6829
3680;-6838;-6639
6784;-1219;-5300;-5816;3931;1038
4418;5637;5129;-2314
3656
6560;-2788;-4440;-3402;4922;-2461
-3889;-788;-4630;1225;-3372;-5517
370;-2419;-1612
1968;-227;-1148
-3425;-2209;-1156;3033;-1962
4434;-1477;2888;-3199
4096;405;-830
2758;-5406
4697
3346;-4973
-5317;2756;6653;1631
-6606;-142;-4096
6646;3544;2703
-1476;-5275
-3362;2802;-5167
-5622;-6251
-5370;-138;-3295
-487;-4440;5149;-3728;-2368;3215
4620;4557;-6414;-2816;-6704
-5733
1233;4499;-869;3942
-449;545;-3783
1923;-285
2312;-2521;-4778;-6396;5647
5655;-4522;4330;-3966;1167
1428;3900;2460
5760;-3063;-1847;4312;3497;2205
-4323;6020;-5719;4760;2959
-723;1607;4862
1651
3846;-4169;2635;-3965
3700
1541;-4219
-675;-1077;-3494;-1830;-5416;-6571
-4785;-6022;5053
3701;4604;-5519;6047
-4836;-6167;121
4273;-964;5459;6825;-811;-1852
1200;-3237;-5928;2762;-560
2695;4075;-5103
1186;1445;-1261;-6111
-2355;-5671;6822;3981;3277;735
2696
4818;-2105;-4251;6763;-1039;4655
-4472;749
-4434;-6565;6252
1677
-1844;5684;4552;-4667
-3251;4043;-2126;-4447
1625;6205
2710
-3684;-6796;-172;-4349
-2714
-4146;-1444;6245;4344;-3578;271
-5220;-38;6;-953;-2255;5742
5789
5702;-3915;-1725;2655
3742
5794
-2291;3930;5183
6418;1430
-4892;-5213;3279
32;-722;-3667;2724;-3291;-2928
-1539;504;3593;-6444;6619
-1186;5967
-3489;-4696;-4442;-3420
6830
-2747;5483
-2759;2439;3095;3869;3261
2373;-4327;6231;2556
-3207;4922
2450;-3588;2856
1719
-1318;5224;-6491;6650;-4763
-4578;2179;-4457;170;-5276
-3109;6879
2405;6487
-5883;4942;4975;-4736
5601;2467;-1222
-5315;-5651;-5704;3832;-6297
3664;-4385;-3694;6269;-4608
-1637;-6310;-5498;3657;4985
-1559;-3114;2941
6674;-3669;2501;-1926;5320
-1735
3782
5652;-6615;3722;-3052;2029
-5026;1286;6840;6829
-5128;315
6544;-3585;-4925;-3534;3758
2353;1444;6725;-4251;-2956;4571
6545;6277;-5035;-2973
1824;-5509;-6713;3533
3254;-3608;-5487
432;4673;4915;-491;522;5006
4985;-1580;2139;-2637;-3630
2481;-6755;5366;1481;-762;6079
-1907;1183
4721;5126;3302;-6281
3811;-1094;-3767;-3242;-4507;-6270
3844;-342;4246;2697;-496
-1138;-621
-2674;-5232
2789;3862;2951;-4010;1451;863
4594;-5096;5532;-192
-3831;-3288;-3352;-2683;5243
3936;-5333;-3357;6621;3550;5566
32;-3234;2290;374;-4439;137
-5975;-6663;-6842;-4108;4621;3887
-5426;-1495;3101
2722;5560;-1868;1197;-4383;-1456
-4845
-2153;-3354;-364
-4847
-1448;2552;-352
-6452;1268;2821;-3532;-620;-2432
-5877
6662;-783
4290;6805;1255;3353;-5916;-2880
-354;1524;-6309;-4393;5963;-270
-6020;-4116;3748;745;3867;-16
-5927;-4058
1796
-6746;-5306;15
-774
1079;-6045;92
-2771;-55
-3556;5572;2230;-5024
-3748;5908;4762
1154;-4404;-1626
-5777;-2743;571
-967;-4936
-2225;2658;-3411;3061;-215;-655
-2754;5331;3529;-5677;-5312
6307;-5340;-828;6251;5661
-4897;-2418;1667;6134;-410;715
1073;6139;5869
6855;3560;6762
163;-4728;-6760;-237;2575
-2914;-5501;-3647
-5378;-6687
2850
-3234;-1222;1061;-3552
1062;1790
-3316;4036;-678;-4920;-1242;191
3682;-3478;-6471;-233;4667
5444;-6294;-984
404;1433
1986;-4067;3098;-395;4927;-640
1838
-4911
-4596;-4412
1058;2275;411;-1679;-1248
1671;-3547;-4939;1900
3442;872;4698
4548;6292;2440;3212;3788
1124;3798
-3316;-6888;2631;4809;-2159
-5905;2966;2109
2084;2297;-5214
5296;-5777;-4035;786;2458;-587
839
2416;2673;4515;4052;-1710;1182
-3234;6787;6387;-5656;-2416
-2899;-6180;-4887;6663;-1547;-189
-1940;4692;-1637;4853;-3415;-3401
-6865;-6217;968
-5378;358;-4951;-6062;1870
4946
-5523;-5251;-5039;-4559;1087
-545;-1332
2594;-4214;6886;-6167;6876
5976
5048;3225;633;3422;-4303
2906
-5474;3652;-6310;134;4024;41
2201;5673;158
-5987
-4500;-3670;4264;4473;300
3654;3359
1779;5237
1242;5611;-3757;-2221
-1510;2389
-482;1113;-4620;-3964;-6157;2990
-5923;-3151
4214;-6666;329;5707;-4317;4687
5476;-4280;6201;5790;-1040
6145;-6055;-2479;-1568
-804;4760
-2937
3961
4656;4273;-2018;-6212;5923;-1636
3779;3685;39;489;-957
-372;1333;-2616;762
6387;-3701;4455;2968
5234;-2186;6059;2030
-4713;6635
-2404;1494;632;-6766
-5457;-4165;1551
2951
-6465;-4961;3140;230;5450;-349
-2657;5684;505;1755;-3357
-6029
-1557;3684;-5835;-5053;3741;3087
-1075;-1461;-1719;-151;-6744
4977;-6485;5748;6093;-4767;-1583
-6036
6561;4596
-3992
-1928;-4220;5805;2286
4659;2667;2765;5166
4352;-2404
2886;363;2620;-3407;5630
645;5401
-4998;2373;2807;5864
-4439;-6729
4322;1380;-56;-3756;2109
5024
6498;-296;4969
-4906;-2172
-5829;3817;-4044
6055
-4278;4949;-3881;-3611;3836
5522;535
2692;-5062;935;-5084;5436;-2927
-4117;-2917;1478;2569
4641;-3606;-1976
-1892;950
3460;4649
-4629;614
209;1635;760;-5018;1471
-1537;5667;-1799;-6199;6859
-2716;5709
-3126;-126;-5887
-3571;-934;-6059;4494
2096;-5224;-1919
3736;-1772;12
-1977
-1426;-2962;-964;4020;3030;-2654
2977;2542;-463
-962
-4353;3904;6631;3564;3822;-3391
4976;-4647;6777
-3253;2286
-485;3017;-3499
4820;244
56;-218;-4506;-3421;4046
3111;-1480;3437
4752;-2756
2536;824;4780
-5377;308
4810;-1789
4304;1216;-1363;-6600;2664;-4270
6016;4400;1765;6645;5177;-5615
4625;-1866;-4010;4393;5007
5618;2806;3821
889;1117
-4129;-6769;-3881;-5758;-6191;-1904
-5939;-788;5943;-2329;-2991
514;-1175;1463;-842;5119
-4212;-3559;-6681;2202
-3090;-5853;-334;-5023
1217;-5278
-6110
-3522;50;-1475;-4677;54;-3709
5431;-344
-1012;4052
38;4667;-2285;3692
-1878;5287;-253;6029
-3955;-5016;3880
1072;1216;-1716;887;5415;3340
5744;3626;2893
-4074
-5286;-5031;2007;-395;-3341;-4319
610;-2414;798
6791;-1148;-3613
4233;-6267
-6737;-1219;1608;3116;237;958
-5538;2677;-3337;5802;-2156;-1534
6561;497;-3091;5672;-6576
42;974
-6388;4283;-6846;-3870;1149;5534
-3249;-1080;236
3692;-3949;-1791
