5120
-4645;-5975;1898;2687;-4208
-2680;4872;3673;3018;-1614;2973
1155;-5492;-2357;-104;6792
4103
4211;1941
6448;-2883;-3763;-6244;6395;1083
3510;4073;-3645;172
-5436;1324
-3796;6020;-1789;6477;-1776
-18
2768;4550;1401;-1324;-3183;1950
4115
784;5380
2448;2711;2570;-5980;-157;6620
4231;3982
-4118
-24
-291;-5559;-4858;6716;-2176
-2633;6202;1578
-29
-1054
-6162;4084
-5152
1055
-5829;5607;-5417;-6682
-2994;-2410;249
-6642;1699;-214
6675;-5173;-3194;-4092;6845
258;804
-4722;3250;1171;2090;298
3443;-4181;-1961;-2426;5166
1729;-931;6452;4806;-4696;2923
-6545;3601;-3524;-458;-4010;-1403
4433;1412;2762;-3899;462
-1618;-3972;-4696;1018
3298;-3305;-1071
-1995;-5228
-2436;-5093;-5239;-5768;-4047
5176
-2051;-1460;2324;-5382;6070;-6727
3152;-4051;-5014;-5414
-1236;-3947
-1087
-1526;5301;5335;-5753;1609;1243
-1265;4785;6087;1144;-699;254
-5858;1906;2690;-676;580;-3829
-1233;6561;-140
403;388;6436;4665;-4655
-632;4092;-3390
-2644;-5081;-540
5922;-6277;-742
-5193
-738;5573;6508
3458;4371;-3098;-1164;-416
-5476;4261;-3737;2824
-1106
-1516;1597
5733;-425;-1131
5152;5653;1567
-692;1142;-5692;-13;-4862;-3280
3264;327;5710
89
-6226;-935;-763;-3420;-5134
5764;2343;-1293;-576
-1612;493
-195;5107;5422
-5666;6772;4918;3610;6845
-4193
-4642;3254;-6840;-1675;1614
-1081;6297
-5170;6532;-5045;5127;4798
-3173
-5506;-3891;4135;-2106;-4000
-1585;-5061;3945;-4573
-2139;1339;1932
4207
-6017;-5366
-121
-2257;-6117;4758;-602
4613;1656;-4218;6748;3965;1694
-5425;3253
1572;-168;2391;-5200;-5920;6175
-4225
5873;-1960;-4604;-2511
1156
-3875;3741
-180;46
99;-5004;-5501;31
-5842;147;2487
-4236
3211
2561;-4822;-5048
5260
529;-1205;-2296;1806
-6133;3653;-312;2938
4134;6663;4458;5373
-4244;-5127;-5115
-2929;-1910;-3830;-3818;-1518;2590
-4067;149;2742
3569;-4679;-4637;2829;5119
-5665;3924;2601;1342
3605;6790
-3457;6774;5336;-3850;1306;1215
-6820;-6133;4598
-679;-4905;2555;-6878;-1520
6162;-1109;6085;-3447;5784
-6081;-4122;-6331;-4063;-3120
2214
-292;-6613;3066;-5549
-6364;1069
-4066;643;2646;779;173
-2224
-1236;6116;-5995;4539;3919
6321
1664;-4483;1267;-4550;-5085;-6400
2449;-5346;-6436;3766;796;-4624
3024;-2931;3238;-3948;4891
-1412;2558;-5424
-1206
-186
6256;6754;-536;-6509;-655
-5356;4301;62;-2271
-897;-3621;228
-1538;-4118;102;-2185;-2698
-5698;3451
-2625;5874;-6535;3082
1442;-2671
-5939;1605;3163;3423
-1990;-6364;-2095
6512;5315;-1335;-42
3190;2120;2858;-6412;715;-4733
-3287
5542;-1258;1178;-5678
-3531;-1165;-5760
4082;3431;-5247
-5095;-2665;-654
1298;-4452;-4236
-3622;3797;3464;1065;1115;-4573
-223
1847;5737;3903
1491;-4538;-779;-2544
5347
1988;5365;3750;1127;2333
-3569;-1236;-4518;-6265
-2337;-403;-246;-1432;-6056;-1020
-2963;-197;-2191
6167;-6399
983;5448;-266;-2861
1257
2626;4212;-460
-4745;1435;3771;4383;-512
-49;3956;-1222;-4233;3916;-2606
4325;-2359;6463
1056;2473;-1244
5359
3083;-2909;-1439
1105;481;-5882;-3949;-1213
2752;6449;258
434;-2567;-4121;-6075;-6347
3316
-1971;-6198;-2522;6350
-5365
-5366
-3318
6389
5366
-4450;-5093;-1110;-5978
4650;6862
6632;-45;5951
6224;-2146;6071;4410;4127
5013;-663
4884;2101;1222;2287
5317;4154
-5749;-1398;6455;1897;74
-4546;-3399;-4600
-5393;2931;243;2617;-5775
647;1467;-6174;4318
3820;-6798;1694
-3858;2419;1700
1874;-2329;-126;1869
3057;1362;547;-2486;2791;-911
-1411;-3051;4908;653;6333
-2906;-3503
1298;-6645;6516;1348;422;-623
-4180;-5529;1832;-1402;-63;-144
6521;4330;555;-6688;-1376
2016;-4335
1314;4294;-5448;5549;-190;-5248
-3987;-5061;2037;-6574
6132;-5434;-971
6417
1336;-1610
5412;4079
4371
-4705;-373;-2374;1032;5119
4069;6665;-2266
5799;4719
1187;-6120;3562;-1984
-1462;-4968
-6625;192
-6386;2098;2503;219;4927
-3124;-2117;231;4060;-3437
1352;-4716
-4642;2297
1991;-1694
-2900;1622;-4140
118;4313;6106
-5016;3417;-5419;2125;-4928;-5840
2864;-2465;6273;2845
-6277;4789;73;201;-5835;6747
5971;-4341;1686;5178
-834;3091;-181;-1774
-243;-4631;6198;5622;-3050;-2570
1971;5208;4170;6362
-6641;6337
2304;-5843;-564;-5764;4611;-3241
-707;4083
-674;2963;-3575;5976;-4508;1147
1520;4371;558
1330;-1637
-5489;-2391;9;395
-6454
-312
5213;5918;1566;5023
2529;-3043;-4884;771;3988;-6843
-4017;1553;-6211;6631;-5179;4859
-2369;3589;3784;-766;174
-4967;554
-3873;-4603;6110
3910;-3656;810;3962;3517;4062
3314;3673;106;4493
-657;-4835;3556;-6376;-203
18;-6486;2378;-6253;3870
-2378
1985;1348;3670;-6189;-477;-5792
6192;2209;-6198;-1500;-366
-1633;-6275;-1786;1162
-1928;6363
2391
-6491
-6565;1877;-6378;-5406;1789
5234;-3734;-3337;3306;1950
4609;3491;-6806;2126
348
2181;-2071;-4728;4268
-1376
4596;6717;-2079;3406
-914;-5583
-268;3694
-33;296;3167
4739;1908;-6872;-3660;-3646
4880;6178;4580;6789;-3632
707;-4144
2052;1387
2419
-3704;-765
5058;4212;22;-1944;-5279;2399
-2188;-1565;6174
3206;-6654
-3874;4988;4381
-296;3352;2347;2094;1150;-1103
-2890;-5680
1401
2195;3270;4823;4427
-3051;1131;-3581
-5042;-1419;-6208
-1544;-5912;3049;3002
-4433;-4403;-4724;5845;-6457;4572
-1624;4232;2248;-6267
-2435
210;-709;3144;1838
6229;-2861;6237
1842;-3572;-709
2293;-6783
4640;-2455;-3675;-2011;-6110
-1156;5143;4506;765;-4768
2917;-4074;-1292
-1778;369;1337;-3052;-5756;1311
-4498
-130;-5283;5031;3855
-6563;5491;-2954;2298;843;-4637
-2742;4168
6443;219;3420;-3536
-4753;2649;-1694;3391
581;2854;2743;-5273;4623
-6548;4900;-6215;5406
-1436
3486
2192;-6247;-6088;2055;-521
1378;4019;5950;3406
-3990;2845;1374;3262
-4517
482;-1032;-4778;3883
3717;-937;714
-113;-1027;2613;-4278;5275
4824;-6364;652;-3632
4560;-4791;3148;-4366
976;-239;-1711;6350;6318
4724;2485;216;4890;-3693
-4861;6316
-3943;1131;4507;-3279;-2576;6639
977;-544
-3777;-1266;-5596;6108
2482
-6344;-3403;-1952
-2486
1618;-5734;-4055;4185;3673;1775
6354;391;-650;3694;-3615;5534
-5302;-263
-3620;-1556;5494;-5095;1259
3143;-971;-1486;783
610;4691;5399;-6059;5021
-4819;-2092;2367
-2850;1812;-869;-1895;-5864
-360;-6729;6347;5371;5037
4898;2836;-3509;-3895;-812;28
-2212;6809;-5052
-2193;5508;-6405;3735;-3150
-290;2290;146;362
6604
-4818;1686;5640
-4560
-5011;1143;-4890;-923
-3538
-1;6371;3795;3412;5322
-4609;-3156;4502;5689;6235
3878;-4732;4395
-4101;-3061;-2296;1818
6130;5987;-382
1681;-3877;6155;-2463
-6617
-4500;3077;4665;3375
2521
-1500
-1473;-3281;1289;4907;-4991
5681;-2566;-2039;3721;-3519;2271
5108;2521;-2111;3151
-6603;1388;-670;2959;1423
-5139;2611
3552
4144;771;1044;3752;5273;1885
6068;5076;3751;-6218
2128;4578;-6693;4569
-3281;-1490;-1446;-3981;493
-4591
562;-4551;-521;4713;-4586;1838
-5026;-6261;-6395;-3597;2718;-3440
5592;3032;-3645;-1325;1965
-3236;-3885;2524
4598
-3922;-3339;-3564;-4029;6158
5155;-1735;6154;-5996
1488;-4460;-5727
-4177;-1252;2235;1662
-6147;1962;3676
5589;-1705;-6443
2049;-2819;-3118;-1119;4718;5919
-292;5095;-5736;6247;-2328;-3498
-2773;3211;1051;973;-1951
-5101;5615
-4613
-5669;3102
2625;3082;3004
-6195;5380;-841;5226;-45;-957
-6668
-6670
547;-6727;-5111;4136;-4638
-3314;-998;-4409
-3601
-1492;3045
-4626
4162;-1429;869
6880;-434;4723;-3517;-3023
-690;-2947;-5046;-6188
534
-2372;-1220;4516;-4072;5447;4382
-6225;-1256;3871
642;-4486;-1193;-6250;6556;-927
2544;-2593;1748;86;-5756;5532
-6687
1746;4211;-3348;2797;-4863
-6004;-6580;-6164;6090;-5295
-1650;6673;-1207;6250;-6365;6060
-4642
6016;-5395;452;1450;-5117
1267;3092;-3276;5819;812
-6642;3145;-475;-3744
2325;3943;-3690;-460;6622
-4274;-6178;2547;2631;-6539
-421;-390;-5894;4858;5757;1758
2201;5658;-1165
2908;5837
-5435;1995;-6637;-4814
-555
6338;5716;2837
4193;-1703;-5210;-3660;3388;-6782
5329;354;-1956;1013;2730;-768
6081;3538;-3591;-4232;5933
-5073;3487
-565;-2045
3637
1045;2469;1670;-1612;-1982
4194;-1577
-4338;2535;-816
5395;-5967
-2289;-2974;-4639;-4271;-1968;-5936
514;5178
2528;6805;-6090;-622
-574
-5585;4632;1752;-907;1660;45
3646
2097;4354;231;4023;2298;-6285
-2518;919
-2981;-4310;-3526
6102;-396;-5037;-3296
6592;-5963;5069
5876;2026;-2204
866;-4;-2151;3916
3155;-779;5373
5115;4236;4030;-6656
-5635;3331;2182;5609;-635;-3245
-357;-4343;-1005
4688
1458;3922;4463;-4128
-6040;-172;-2576
-5025;-1956;-3192;6104;5689
1760;-2147;-1366;998;6475
-5722
2979;1478;-2832
3089;4804;-421;538;-191;-2096
-1366;406;5659
-1628
-2641;4436;-2743;-2731
4581;-2726;3112;2267;143;399
2659
5474;3957;-1991;-970;6490;-3133
-6050;-5828
-5681;4180;1413;-3766;2758;5806
-1643
-4386;-5452
3505;-2883
3603;1043;-6789;-4887;-764
-3009;4240;4488;1130;-5470;5390
-5298;-3686;-5979
-3450;-2571;-6173;302
1092;-3896;6507
2679
6777
-638
6784
-6481;-1761;2374;-5897;-140
659;-2325
-1527;5241
-3169;885;-2973;-2656;-2976
804;1095;-1321;1418;-1692;-4028
-652
4747
-5569;3858;3861;-4248;-4699
-1477;-3272
1717;4566;-3671;3430;-270
-4466;5928;-4841;-5466
-4514;2837
67;-2357;-438;4202;2253
-690;-3988;949
-2978;3636
5024;-4778;-4603;-3471
673;-3443;1318;-4330
3264;2218;1325
3297;-194;-6003;3429;361;4893
-4963;-5333;-4208;5647
6192;1429;-74;3338;-2843;-4304
6812
1905;6212;3849;-1706;2941;4879
-5404;6076
353;5441;5284;-1190
-5524;707;5049;-5002
6864;-835;-3558;-5722;-6639
-2918;5114;6670
-4178;2868;-1238;5318;-4204;3132
5538;5555;-3446;2248
-5842;-4312;-5886
-211;1237;3927;-6633;6104;-1696
-2402;-4309;6265;1035;3164
-4309;-3559;807;2283
-2578;-5832;5102;-2496
5462;-5417;-6876
6448;-5169;-4018
1267;4724;6821;5288
-616;3356
-693
-2242;6039;-1310;-5246;6525
17;499;6230;6236
5734;-6839;-281;-204;893
-4793
1424;-6499;-4052;6379
4018;4875
-337;1617;-5991;-2039;-2301;6301
-1121;-3654;-1638;4761;-5420;-1823
1905;5765;520;3433;3242;173
5766;-2072;-1967
6256;3618;5225;3449;-2394;-1115
-3379;4198;5149;-1903;1759
781;-3536
5153;-840;6823;-925;-5406
3761;5031;-4793;-2043;-5692;5469
1736
3905;-6164;6044
3392;3223;-780
1426;-2144
-1107;-915;-1776
-643;-2134
-2778
3840;5408;-1683;-2101;3286;3243
-2994;2146;-6171;-5357;1405
1489;4361
-6385;-6883;-3079;254
-2369;-3485
6721;3489;2467;1284;86
113;1971;-4876;-4044;-4252;1134
3265;-4855;-1196
-5570;3795;515;-2072;-478
3541;1293
1617;-5428
-1555;4874;-5085
5538;-4028;-4077;-5344
4256;6144;4696;-1103;-1424;-6704
6391;-4920;-5691;-4718
4866;6631;1352;2238
-6137;-1785
-6513;5152;4129;364;-5935
755
-5666;-3893;4276;430
-2628;373;-951;-4124;3500
-3546;-4714;1628;-4366
4854
-4034;868;-327;-2056;1944;6413
761
1557;-1383;-3004;-2030
-1777;130;-3214
-1779;-1993;6760;-6139;-4668;6030
-5172;-966;4887;1624;5933;3679
4889;4251;1870
3346;-3798;2246
2864;-4886;-1338;-3882;-3770
1800
-778
3139;711
-1941;2612;-587;763;957
6754;-5030;85
-901;-5241;4777;106;-5243;-5549
4883
-4808;999;-4121;-4123
-2945;-1780;-341;1349;2763;1743
1025;-603;4463
5876;5190;1929;-6826;3150;-3408
792
-85;6788;4345;-3086
5040;866;-71;-5879;2886
-4245;-344;5946;462
-118;-2534;2486;-4301;-4526
-3490;6164;-1686;-1511;5274;-879
-814
-1090;-2228;-746;-395;571
-5937
1952;-5522;-1330;2166;-4231
-1845
5984;6881;-4119;6246;167
6690;740;1637;3910;-4703;751
-3442;-3207;695
-1445;5350
-1780;277;5766;1628;-4029
-3889;2309;1942;1417;-2619
-2626;2183;1322;-2684;-4702;2591
-4275;-2713
-1972;2581;-3503
-6278;-6857
-3860;-2756;1497;-4187;5387
3919
-2899
-694;-6302
2119;6282;-2782;-1695
4816;6802;3991;-6507;5947;6284
-4281;-1696
-1338;-6687
1571;5364;-2952;-985;-4879
2211;4119;-6095;623
-2007;551;2316
128;5347;-4137;-6252;-4893;-6416
-5153;2563;5446;-2074;-6174;-5712
1529;4458
260;5476;2300
4657;3652;-4795;2890;-1309;1917
-2370;5362;-4756;-5592;-4362;-2464
-2386;487
5954;2790;758;5708
-5858;-1011;-3413;5078;-2841
-3300;-3945;6367
-1908;-1020
448;-3202;-6228;-6235
4953;4731;300;-5007
-387;1269
2936
-3;5202;-1077;-5030;1320;-4381
-849;-2481;-6071;-5244;-588
4804;3262
-498;2742;5543;4777;-4496
692;-4666
-3766;4808;-1948
4112;3811;4488;5902
2817;-6275;-5028;-2666
-2582;917;-2665;-5353;-3517
-5008
3570;1028;2758;-3307;-156;4187
-6034
-3013;-3757;3807
-915
-3826;-3400;2137;3150
-269;6318;-15
-5505;-4837;4166;2188
-3713;-5940;-5928;-2025;-2767
-6562;3282;6178;-5863
-710;-4199;-2154
-5218;-3895
5018
2034;-2598;4558
3043;-6436;-3770;5931;-364;670
4;-6053
-1953
5056;-4529;-2614;4453;1337;5418
-930
928;-4501;1736;5548;-734
3586;2195;2317
-4403;6361
-6058
80;290;4771;4759;217;-3035
-5667;-4490
-4865;-4679;-1559;-6862;5118;-2431
-1233;-5219;-932;-4490;-336
-5465;6411
-1412;2611;3127;1387;-4766
5587;-2453;-694;6398;1327
4355;4789
-1284;-2566;-367;1854;-1632;-32
-3842;-205;5278;2143;655
3119;5007
-4031
6675;-5224;-5320;6584;3177;4285
-962
-314;5324;-957;3773;-2991;3295
-925;3935
-2180;5191
6647;3533
-3074;-6083;6546;-4359;-1164
1632;5554;-5444;-777
5003;2558;4670
-2308;3220;6164;1305;4876
3122;-3926;2238;559
4320;2130;-1382
3681;6599;-6860;-1884;463
-6625;2245;3113;-5853
-5427;5542;-2698;-4542
-1476;492
582;-3945;-699;-5120
-1042;5105
-2708;5747
-4420;-152;506
3728;5568;-1603;-3628
848;-1703;-4489;6443;-5758;-3503
6114
-6786;-3160;1783
4704;3224;-6844;3131;2029;2942
-3044
2128;321;1561;59
4209;4995;-5915;4877
-1875;-3220
-90;-2958
1104;-402;3730;4759
3603;-552
-2627;-1436;-2380;3390
-3944;5143;4029;-4223
1475;-5833;6634;5515;-6524;5883
6625;6670
-3605;-6378;5902
3874;-3555;-3768;-3131;-6718
2945;3668;5468;-333;77;-1598
-2827;5082;-6796;-6720
1020
-4714;4219;2172;-6797
