4951;-4778;-6318
-3106;1797;1309
-2620;3644
4099;3070
2024;6169
-2051
-6465;-5030;-342;6713
-3829;3269;3558;-6077
1058;-4137
2937;1178;-4619;-4992;-3728
1651;-6710;-6759;-1502
-4105
-6625;6037;-6679;-4523;-157;-6495
-6355;-1155;-3336;-2717;-5214;6478
-1639;760;6570;-3788;2205
-3229;-3952
-5426;-6883;3127;-1978;-2939;-3324
-6625;2455;4684;3597
-2647;1607
-933;-2044;-5724;4587
-4755;-3222;4871;295;1432;-4783
4484;-3127;6478;-4895;-2960
32;6120;11
1700;1365;4123
1200;-5745;-6434;3833;-4362;5341
4715;5549
4260;-4438;-6680;-4777;-826;-877
4945;3400;-4223
-4403;-2827;-1471;-3616
4202;-2124
-6008;-170
960;-2724;-1526;-4937
-5156
-6625;6587
5381;-4598;6423
2577;324;-1838
-4806;-4054;-4924;-5918;3277
656;2580;-1147
6186
-5097;6778;-1019;-4621;844
-2021;-6215
6254;-3855;-2351
-6679;6856;4025;-5280
4154
6468;2550;-4221;383
2996;2231;665;-4667;1754;-6112
-4721;-3533
4674;5175;-1914;319
5550;-3440
-6532;-4214;4314;2268
5329;6241;-1655;-5051;-699
2537;-4656
-4866;-6341;-3200
-3144
3147
5381;3355;3836;-5325
-3219;-307;-2700
224;4867;-2501;2135;2333;-4927
-5044;5133;5037;1102
4965;-3855
2050;2040;-156;4348
-2500;-1831;391;3400;1658
-3960;508;2333
-1490;6707
6720;-6610;-4695;1414
6242
-67;1587;-2869;-1674;2091;-1216
-6658;3403;-1966
3174
-5395;-2900
4199
2147;1092;-871;5928
2707;-2612;4356;5079;-4954;-5707
-4130;-1575;6887;-5757;-1678
-3155;-6724;-3206;2245;-1559
4561;1657;-4043;-4717;-1952;2335
5778;-757;2488;764;5086;4159
-4932;-5332;-4821;-3097;-1675;287
-2407;-5900
1943;6136;4664;1032;5464;6475
1905;-2984;2920;-6377;-6845
6880;-3691
-4663;1704;-3388;4044;-2445;-3566
5804;-6045;5581;926
-3860;-6101;5677;-960
4062;-4272;335
-4851;772;247;-5561;-3674;3725
2304;1009;-6527;4143;223
-421;-3804
3200
-349;3551
6243;-5463;-912
-437;-3391;2671
-2596;3045;-6808;6091;-893
-2114;5635;-1335
5261
6465;-4676;166;6380
-6242;6791;-6844
1811;-4852;-5350;-4295;-2827
757;6455;-910
2465;1268;5723;2991
-4256
5920;-1109;-556
-753;-5287;-2809;-3102;-1936;1439
-4407;150
-4867;-1397;6101
5285
-4243;-4407;-603;2603;-3244;2559
130;-4984;1289;-6844
-4386;4214
1008;-2434;-4554;-6400;5039
6833;5916;-5408
1792;6574
-2450;-1677;-382;1229;-5088
-1016;-2025;-3405;845;4301;-6048
-5634;2018;1637;-2298
3811;-4488;5979
-4273;5383;-1003;4926;-5216
-6468;2188
3060;2246
-257;-3693;-1359
-5777;724;4389;4953
754;1858;-5916;2956;5662
960;-3459;4676;3750;-2060;-4062
69;-4476;5628
2951;5161;3274;6316;-3167
-453;653
-6345
2400;-6697
6346
4300
-5889;-6520;-4282;-5020
-4210;-2058;5978;-5040
3832;2749;2845
6689;-6479
3283
-6404;5638;-5674;-4012
1010;5780;-5925;-3784;-3437
-5249;937
5539;1844
3474;-1609;-636;11
2993;6440
-3044;-2294;1752;6139;-1310
2268
5025;-708
222
-530;4515;1357
5810;-1891;4483;4973;4255
1332;5636;3494;-2360;1337
-6787;5430;886;2233;509
5616;6602;395;540;-637
-1841;3188;-1119
3970;514;1890
4225;-1586;-5779;6442
4400;-2561;-4436;2309;3641;5069
5185;-6424;2728;-956;-302
5234;-6568;6025;-1931;-4016
-5217;-5953;1842;1065;3595;-1709
4083;-2711;1273;-1388
6156;-4895
-1905;-2200;-4169;-2027;6015;-1072
2641;2050;3958;-4315
4322;5923;-326;-4560
5360
-1441;5747;-1620;6872;3994
833;-1668;6731;6107;6669
-4131;-3908;-2023;-760;-2733
373;-2665
2291
-24;-5242;1818;-896
251
2533;-1542;6442;-2172;5676;-1470
-5738;3433
-6691;-163;4155;4062;2991
6562;2868;1256;-3882;6218;-6620
4805;-2026;-4063
6404
-5986;5765;1995;2587
6371;4387;-1277
-5221;4151;807;-6411;4347;2061
875;2462
4070;-733
-3169;-953;301;-2590
516;2823
-269
-4523;6283;1581
32;-6386;-5124;-6872;5356;-6733
5474;-2597;4615;6090
-5380;2644;5926;3227
-3394;-6243;1091;6390;1882
4161;547;3638;2169
-5255;854;167;-2796;-783;-5776
577;-5715;-1028;-4202;5995
-6609;-5957
-858;-5372;1855
-3059;-4388
-6425
2329
-2081;-3542;4215;4412;2399
-6657;-2372;-6422;4326;-2473
2931;-6616;-793;-139;2283
-3493;3658;3034;159
-6001;4291;5604;-535
2335
5123;5637;-5734;3094;-2332;-6080
2340
-3033;4221;-1678;1806
-3178;-3613;6013;-1870;6014
-502;-4536;-6523
-1556;-1286;5047;3292;-4589;1437
5410;-1477;-4231
-5419
3271;4745;4651;-6078;1741;-4960
-6290;3908;-3877;4776;-2912
3472;-1125
-6596;-3949
-899;-2052;5571;-3063;-5323;-685
-274;-1043;451;2532;-1430;-6688
1784;6334;-2688
4597;5878;4248;-5197
-5431
581;2567;4331
6641;-1203;2197;-2455;6395
-1061;1732;858;2879
-3462;3445;5626;-4270
-4609;3584;6536;-5195
6165;-3800
-5439
161;-5603
5443
-3398
791;-3176;-3659;-845;-6382;-2416
5987;-1733;-3447;-1688;1207
4422
-195;-5252
1378;-1780;4741;-3593;4702
49;4326;1368;939;3886
-1480;-6859;4603;335
-6660;299;5579;3579;4333;2415
-4322;-6499;5634;-6582;6717;-6542
3079;2233;5258
6293;-1127;2903;536;943
4542;2174;-239
-3407
-6479
2032;4691;885;4714;1325
-4804;4579;-6740;-1084;-1504
1360
5459
6484
-6010;6559;-208
2664;-5055
1984;739;2745
-6279;-3287
1761;3941;1896;-1612;2557
5172;-4168;-5336;984;-331;6078
-1714;2514;6681;1578;3580
-2321;-3412;5082;2028
1250;-743;-5981
6498
-665;-6859
4756;-1465;-6719
-1394;-2694;6492
-5477
-1381
3684;-6822;3733;-4026
3443;-4472;5176;4985;4541
416;1345;-5195
-6508
2924;1903;-1392
-5488
6881;-6626;-1894;2502;4168;457
6183;3449;-5610;5147;3325;-1886
3441
5111;4475
-2421
6516
-1378;3329;-2197;6764
5512;2030
-6007;3719;-4908;-348
2402;22
-3889;97;6244;-5655;-4954;-4511
-6100;6341;-5494;-6236;-2205
3958;696;-3248
2304;-3864;2968
-386
224;-4145;-2338;2163;2686
-2786;2146;3784;4220;5309
3672;1837
3363;-230;2670;1839;-1104
-6540
-5987;6035;2452;-839;-3404;-6845
-4225;2803
4494
-4676;-2313;-761;-1020;-2894
-6102;-1466
1240;5305
4901;-2215;-4112
5568;978
-2210;-1266
-326;1754
-609;-2378;-1516
-4305;-1378;-6151;3350;2204;-1295
2461
-1459;-2885;3930
4644;-5078;-6124
4509
6008;-3546
2464;773;4552;-6347;6141
5793;-1013;3813;1525;2727;-5262
-2869;3576;-4346;-2923
-1124;-5828;1062;-15;2414
5072;-4651
5222;2327;3912;-2843
-4609;4257;654;4590;-2416
-545;-1186;-6373;4102;-5518;-3199
1412;998;-5835;-79
431
-5986;5087;-560
1674;-6207
-977;-1442;1555;-276;-6198;-5388
-5562;-6141
5159;3471
-2834;-373;-5401;4073
241;-5252;1574;4903;2045
-5560
-340;3619;1257
440
4881;5800
-2490
73;-540;6028
4541
-6834;2291
-1618;5093;2199;-6473;2269
-3080;6600
996;3526;-4073
768;6229;-294;-1133
-5489;545;950;5960;-731;5359
-4548
6853;3307;-3564
-4020;951;-4972;-6749
2884;-5575;2520;-554;2235;2015
3961;6345;-3213;-2544
759;-6075;1517;-752
6517;5062;-2668;1243;2591
-2785;-4850
-6116;-3988;-5724
-4867;-5208;-1192;4653
4628;4790;-1705;2713;2076;-1792
6352;2311
-3173;4649;-187;1547;-5918;-1487
-2562;-1556;1335;-3307;-2576
2356;6405;-6300;2109
1552;2209;-3188;6330;-283
-5925;-3637;-615;6455;-6569;-427
6623
-3318;1813
3992;2542;2142
1590;6063
-1349;4212;-5958;6653
6436;-4777;2924
-489
-6635
-3336;-2571;6108;-3405;4719
6706;742;-761;3022
4590
-3567
-3413;-3964;-4382
4004;-4837;1912;1514;6207;911
5936;-6434
5408;-6169;1261
5974;-4446
4219;1407
6651
-6821;-5240;-380;6028;-3311
-311;5032;6027
-1094;-4553;-2030
-5629
-657;-3950
-4706;-1950
-6437;-3291
-1905;1590;2124;-4061;2765
6658
-1682;-6857;-2700;-4638
5874;5907
66;-5239;506;-862;-4206
5153;-6376;-4781;6525
6659;2683;5947;-1455
2572
3712;4997;3496;-4511
966;5622;-3384;2376;-1982
4370;3926;-684;-4221;-2863
4435;-1797;-2442;4794;-6555
-2600;1035
4289;-6532;2708;-5959;-2221
-4791;-2924
580;6111
-1978;-618
-6438;5544;6617;6698;-4750;47
5671
1576
-554
-1907;-3769
4033;-2055;-1401;1352;-5916;5566
4467;-349;-493;-2045
-3141;-1093;-4487;6616;-1097;3759
-2641;-2337;5826;2068;5158;-348
1813;-2151;6619;3099;1419
2864;-4261;-2405;-5542;-6556;3052
4657
977;101;-4088;459;3467;6814
49;-6825;-6077
-5634;-5044;-3431;-2505;-336
2528;4355;-477;-2768
-1124;3738
3641
-5692
-2065;-2068;-2617;6175
-6720
4896;-707;759;2797
2385;4886;5994;-1420
5104;-6243;-788;204;1135
4117;6713
1614
-6534;-5932;-4509
-6294;1240;3244;-1853
-5979;924;6670
-337;-82;-1059;2659;5562
5424;-2242;-3976;5367;2171
2432;-3235;3139;-983;617;-1370
-5733;9
4688;-1602;6545;2084;888;-735
-1074;6659;3221;-2056
5141;4231;-505;5052
67;-1701
-275;-3700;6885;954;5275;-3407
-3091;5751
-3313;-4771;1348;-5176;-3037
-2166;-5831;-4905
-87;1304;729;-6656
2032;-2087;168;-1753
-1314;-4115;5890;-6053;-5488;1247
-2600;959
1573;1061;5960;-3833;-2186;-5243
3201;4821;5687;-1821
2770;-4932;3864;988;2031
5717;-3174;-5627;2075;4909;-4526
4005;-1497;2122;1117
-4129;-658;-5913;-1978;-5708;4445
6329;2491
2665;-6460;2443;-6445
-3345;5587;-6826;-6286
-6202;-3646
2881;-4851;-5542;-4079;2767
576;1370;3806
-3705
1095;-56;1591;-6335
391;-1434;-3898;-2862
1634;-1476;3550
4165;3765;-3195
-640
-2689
515;-486;-1019;2654
5536;-5641;3964;1901
640
2416;-2036;-3273;5257;5642;4923
-465;3123;-2923;4204;5919
5764
917;6505;5018;-542;6159
1701;-3126;-5658;-1933;2430;5935
-6137;-2473;3689;-4043;939;4302
-820;2901;582;1307;-4623
-2600;1709;750;447;-3632;623
-5316;-5766;-2026;-3659;-4368
4817;-4227;-3205;-1083;-2895;-208
896;3767;-4873;-4189;5564;-5918
4757
-3970;-533;4774;2439
5782
-4582;3749;-855
-4760
80;-6225;5332;-376;2876
-1541;6301
-3740
6740;71
-694;6312;-3482;5305;250;-1902
669
3743
-5761;274;1557;-154;-2458;4846
-5795
-3686;-1086
742;-1464;5207;2220;-2957
6821
-1702
-177;2930;804;-3093;3286
4528;-660;5644;3422;-5088
-4776
-22;-3592;-2186
-3938;-3814;5128;-6395;-895;-6128
-4881;-4882;4929;-569;-6794;5371
-685
5805
4023;-1001;-1212;3997
4689;5464;-4458;-5008
-5953;-5383;-4235;-5599
-3716;4739;-1015;-4457;2217;4969
3266;4338;-3913;201;-4700;-2958
-757;4053;-1098;-3101;-5550;638
-697
-1222;-4745;3946;-5307;-2591
1792;-993;6565;-6806;-4336
-2754
3106;-3668;-4808;3160;4555;-3052
-1513;523;-2958;5679;-1024
-3781
148;1626;2011
1664;1285;-1209
2785;6059;-2383;-624
2625;5629;-367
1972;795
1744
4834;-2758;-5368;2569
-4292;947;-6826;2283;4268;-4272
-836;166;-5176
1923;6147;4791;4472;-5824;-6688
-4437;-967;-4539
1864;2250;3691;-4797;6558;382
-2293;-617;5433;-1546;-3821;1084
5059;-4933;-4653;5262
3236;2372;-2987;299;4684;6444
1220;-3784;-5449;-2953;-3485;-4719
4128;-1342
2266;5643
-5507;5620;3156;-541;-4495
5172;-2262;2476;477
3795;-2630;6602;-6286;1311
-5078;-1131;2379;6623
5667;-5526;6654;95
6145;-3781;277;967;-2553;718
1774
1350;-1450;-1676
-752
751
5222;-5224;1864;1370;1294;-5280
384;-6481;-5094;-4458;6042;-5483
5795;6222
-419;-3031;-2432
3649;-2678;-6856
515;1258;4111
-2404;5702;-1502
-1027;3192;-2492;-1856;6031
3921;-4125;-6414;-6448
-3363;4280;4347;-6046
-1806
1539;5674;-430;3215
5902
-6437;6389;-874;4986;4988;-6222
-1875;-5187;946;132;-4684;6813
-5848;4007;6504;6201;-5983
6171;-5102;-1856
-788
6100;3508;-6181;-5243
5524;-2682
-2844
-3668;-6775;-4093;-637;-4062
-5126;2678;-4377;-6009;1369;-2656
-2209;2595;-4782;-1535
1299;-2111
5792;2098;308;6695;2407;2968
5251;-1638;679;2521;-5818;-2832
-4915
1387;-3232
-5972;6792
-6066;-4101;3199
-6353;5765;-6424;3116
-3041;2629;-4406;-1128
-6338;3463
-4931
-257;-6727;-4075;-5661;5645
2883
5959
4609;4569;-3210;-458;-1614;-6784
-2049;-3911;2044
-665;6280;6495
-5252;2711;3579;-3936
-6529;-4661;3893;-4568;-265;4110
-4657;-5832;3769;3548;2318
4953
-981;-6007;-4170;4155
966;6742;318
1620;3352;-2121;-3359;-703;-6816
-4116;-4936
-1874;5300;-2567
6308;-2165;1318;-3881;-6538
2594;3431;6250;4973
4281;-6175
-1156;5098
3621;-3018;4457;-1822;-1343
1157;3082;5851
3776;-4653
-2322;6738;1043;-1706;-4827;-3904
883
-2121;-3197;6317;5007
3958
5226;-2288
2896;5162;1562;3562
4754;4837;-2871;-3951;-5712
-1153;4144;5749;-4682;-4956
-2628;3525
512;387
5026;5976;3210
-1930
5362;4759
-4850;4178;3443;182
-2609;-5635;6791;6601;5229;-5375
-4515;-3764;1511;-1258;4378;-1357
6368;-6119;1879;-1112;4635;-6560
-3074;5458;-470;-1303;297
-3126;6086
5218;1091;309;-4007;6670;-5296
-4161;4464;5477;1577;-2347
5603;807;650
434;-5449
-2577;-865;615;-2762;2620
1833;-5694;5807
2192;-4115;6341;3673
-3337;2413
2675;10;2334
2354;3191;-1544
4585;2938;-3870;1374
-5028
-2753;-5111;-6104;2795
-5029
2806;3247
-1025;4008
-4101;569;-4574
-2123;-2912
3762;-5188;-868;-582;4838
-3553;-2881;-4746
-5078;-6039;-6217;3403;5819
1382;4695;-1038
-6434;3684;-2758;-3631
-4372;6347
-2129;6705;5064;-5615
-1156;-5878;-3136
-3005
-1460;-522
6133;4825;-1806
-2675;54;5047;-1800;4743;-2361
5792;3956;-1352;-266
1025;-2182;-2879
-3017
-4375;1178;3852;5437
-690;3910;-6718;6525;4174;4015
-6659;1426;297;-1162
208;6632;281
4873;2236;4685;-5695
1444;-2725;-3718;-2126
1812;6167;2652;-5966;-6670
6147;6152;5066
2728;-2891;1786;-5678
1648;-5528;1352;4153;-639
1893;5941;1031;1226;-4556;2619
-1281;-531;403;-3178;4830;-3279
-3251;6195;6235
-856;-1145;-5136
-4546;-3492;-1429;-1818;-2637;-3455
6113
3041
-407;1402
-1063;6155
-4070
-4235;-3931
-4737;1973;457;-3163;-5116;5485
-4619;541
-2710;-6488
-2102;5990;521;489;2154;-3998
1012;6725;-4683
-596;-5534
-627;6756
2481;-6563
-4806;-4399
3062
-6523;-4734
2432;-196;-2438;2728;1562
1016
-4090
-6493;-6157;-4301;573
192;-3275;748;4382
