496;-3765;-2585;5854
3125;-344;-2888;-346;-1596
3105;-2997;-6649;6377;-5850;2941
1025
5843;5369;-4042
-3875;499;5718;3805
6288;6131;3205;1880;-92
2914;2210
-4104
-1601;-2628;1735;-3659
3843;4516;-5278
-5636;2710;6009
4828;303
-5393;-4234;1035;-5759
6159
-6178;965;1547;-2494
-5139
2309;4877
-1092;-1830;-4905;4442;4428
6841;1501;895
3173;2887;1130;-4096
160;-353;-6455;-1370;3898
32;-4004;3947
-546;995;6743
5041;-3459;4985;-4494
3641;-1802;6379
4401;5892;-1767;-58;-5039;-5504
1050
5335;-5208;1496;-363;5948;-3085
1063;536;-858;3067;6462
2050;-5156
5088;2802;-4858;6666;-990;-2527
-5795;574;1087
-5569;-1927;3400;-3595;-2590
3938;4297
4480;797;-4208
-3154;449;-6813;1279
3296;-5;6484;-4492;2956
-1715;-3943;-2455;-734;1631
-4995;-1023;-176
-3122
1399;-2762;-4832
-497;2523;-4125
-5172
-2710;-796;-2126;3005;1549
5177;1023
-1457;6000;5377;-1207;5679
1507;-5054;-2655
-3019;-6255
-3133
-6385;2228
5762;2492
5857;3816;-3466
-5553;-5169;1378;4158
-4850;-1718;-4764
-2328;5470
-6338;1906;6267;1309
4169
-1460;-4424;-5455
-5827;1923;-2922;5579;-3948
4840;-4298;-3691
-996;-6249
4639;1583
1728;3168;-5063;-5034
-1714;2819
-5203
-4678;1221;1958;1902;1727
85
2137
-3318;155
-3169
-6243
-4196
-3172
3601;745;-1210;-6123;-3340;-942
-1665;-343;-1290;125
-1698;-5139;5717;3752;6685
-3313;-962;6167;-25;5051;-1696
-104
-4201
-4691;-2772;2843;-3677
5225
1921;3383;-1101
-5477;3972;4149;-2887;-3402;6826
210;2930;2246;-219;3135
-849;-4386
1009;3202
1140
2352;-2258;6179;4084
-6264
-1732;1244;4045;-4703
-6328;4935;6588;6191
-3082;3900;-1439;-3584;-5136
4757;2821;-525;-1807
915;-3716;-93;5068
-2176
6144;2869;5452
2034;-6794;4890
-6113;563;-6340;6639
568;-2733;-4111
-194;-2068;-2462;-6672
581;1975;4104;-842;5578
6323;5413;1786;-5387;6334
5889;-5491;899;852;-6380
6264;-729;2746;4142
3207
6439;-2458;4346
5046;-25;6457;-6476;255
-1188;4005;-2619;-4432
-4236
-6386;-1991;-6396;779;1756;1853
-2643;-5589;5031;3913;-3245;-3759
2197
-3841;-6772;615;-4488
5270
6297
-514;3010;2578;-2872
6752;3938;3805
6303
-6611;-2201;5578
690;-3588;3446;-429;461;2654
3568;-2661;-5168
-4241;3751;4379;-2701
-4601;-5662;-3902;-5456
2544;464;151;-1596;3724
-1476;5283;-25;-5228;2638
-4163;1172;6232
-4956;-6479
4736;2738;2787;41;5998;4351
-1590;394
-4659;4441;4281;-4235
-4270
5090;1314;-2666;6251;4523
5607;714
-5825;5911;-5561;-5210;4362
4632;2714
3015;601;1625;4186;2015
2616;2684
-3362;6401;-4473;-1242;1387;-2990
2849;5347;-6309;1045;-2061;-2079
-3649;-1811;-1447;4233;-1851;-2829
-545;-5430;-5303;-2492;2317
721;6312;-5610;-4685
-2167;1990;633;1049;6877
3264
2247
929;4067;-5047;-4683;-2301;-5453
-2001;-6568;4107;-5630;-4447
3276
1249;6389;-1783;-3901;6445
-3991;279;-1471;878
-6149;-5022;-4399
6354
5648;5792;3107
-4066;3852
-3862;2582;5847;767
-3473;5956;1829
209;-438;445
4167;2490;1516;3806;4622
-4756;4676;5436;2655;1423
688;6310;-199;5197;-6656
-2692;4792;4266
223
-4341;3940;-848
5668;-4888;-4079
-2317;3567
-6322;-3268;-5928;-6169;-44
5603;-1528;3447;3193;-2748;-3645
6371
148;-5897;-1899;6490;927
1121;5649;-5516
-5095;5326
3748;-2519;6089;-4378;3084;-1696
2564;-2934;-4985
-5848;1549;-6176
-5817;458
4914;-71;1527;6157
-3986;2822;4475
4552;4908
32;3746;-1332;-10;-2875;5805
3372;1246;5871
549;2743;1055
881;-1269;-604;-2493;2109;-1951
-4021;1625;3627;-5582
-4609;-5887
-3189;3173;5597;-6863
3948;-5631;-2671
1883;-5421;-2864
-6355;-4109;2221;5935
-1938;4248
-6407
4833;-1785;-4173;1389
-4756;2228;1972;217;-3339;-683
6745;3759
-2071;2335
4404;3030
3339
-1169;-2338;-5107;6627;-3959;3626
49;-387;-3779;-251
-2355;-990
-4402;4903;4891
-5556;6888;2984;-4847;-4864
-153;-3321;1228;-3151
2248;-170;5802;1613
2392;6077
1382;-3709
5988;-4686
-4562;6148;5830;-600;2730;4045
2329
-5377;-4121
4816;-1444;-5029;2808;-6554
-3358
3329;-5567;1455;-2528;-48
-5408
-6741;3381
-4384
4383
-820;3670;3560;-217;1067;-3900
1744;-2065;-6184;4585;607
2627;-5094;-2383;-1584
-1266;-6192
-3362
2736;4116;-269;4972
-4441;-1162;5308
3366
-2483;2634;-6076;5100;4191
1088;1697;5506;-6601;3676;-3022
5417
2482;-4342;4206
-2083;759
5420
-3373
-3889;-5399;-4633;-5915;2285;-158
5808;-3153;-446;1166
-2500;147
1896;1481
-307
-3875;664;-6316
5651;6757;5310
1978;4478
6193;-3363;2614;-2938;4797;-2895
314
4592;-106;6041;5148
-5636;-827
3120;-5161;4409
-5445
837;2559
4406;233;-1243
178;6291
-4423
-2484;-1941;-5807;-2384
6241;-5188;3715;-1093;-1834;3612
-1970;-1557;-5862;4037;5686
-6209;6547;-6153;4904;5341
-5236;-3148;4973
338
-5348;-5188;2468;-1487
6674;4390;-664;-1339;5614
544;-1845;-3478;3223;1289;-3146
1048;2878;4606
-6321;5264;-3219;2630;1304
4802;-5113;3721;-2045
3378;-3012;-760;-3164;-6000
-4770;-5155;4393;-2077;-1951
-1190;5367;-5257;3400;-2123;-4640
-5666;387;6054;2215;-3337
347
2704;4469;-5591;3675;-4909
-355
-3402;6190;5663;-4000
-3300;3979;-4109
6772;-5932;-2222
2105;6446
-5281;-3250;-4083;4245;4934
-2177;1525;-4745;5113;-4381;2253
-5322;6377;-3470
3650;3886
2416
-2311;-3880;2328;2859;6493
-3187;292;-455;182;4410;-5710
-6516
-3076;-2854;3321;153;5164;-1312
-5811;-5043;-4356;-3596
4472
3544;-4090;-3243;6106;1134
-5500
-289;-433;1544;5772;3596;5550
-1934;-6640
3605;2341;-4921;1406
-571;4030
1;4310;-5722;-2716;2715
-3745;4552;-5659;-3324;4541;2221
5171;-4086;-6870;-5306;2506
758;-6570;-5756;-1120
-5064;-5768;1432;-5211;-4223
40;-2491
3477
-866;3844;-1240;3788
-147;2917;-3003;-176
-274;-4636;-1645
-2836;2181;4518;1688;-3643;-6416
-3762;-3538;-2885;5674
-3606;1143;1176;4170;6748
1889;-6868;-845;4909;-5646
-5830;-6875
-1540;-3999
2935;-1963;-4463
629;4139;-1933;-478;2157
4999;3864;-507;6398
-6436;-4646;-2922;-5115;1291
6401;-3933
5697;4459;1531
-3713;2247;-4079
448;-3716;1815
2824;-2026;-6347
-5411;5909;604;-911;-6768
1474;-4979
-2130;-1394;-6612;900;-5533
-3718;-6296;-3946;-5290;-3712
-6306;-3344
6679;280;-1674;268
-3282;-402;-6052;-2632;3931;-190
-2449;-3219;3174;-987;-2075
561;3602;-5011;5399;4263;-186
1978;3579
1890;3554;-6235;2766;-6512
5336;-1824
-5969;-117;-5144;-476
1216;4348
6589
-4898;-70;-1367;-3328
6097;2130;4709;5734;-2190;2399
5041;1591;6856;-444;716
-4052;-5958;2614;-2777;2553
-390;-698;4652;4013;205;2911
6241;6502
2848;4081;2499;4499;-3725;5614
-5881;-4991;174
1217;-5943;-568;-6847;-2655
4556
1911;2264;-2859;5597;5119;719
-2996;1827;6582;-2697;25;2842
2513
-6164;2713;-4092;-6300;-285;6493
4624;3206;-74;-6266
-265;-6347
-6612
5204;-251;1660
-2995;-5800;-4987
2149;5464;3993;-3963;2763;-717
474
4416;3926;-3771
-6624
6324;-2791;-3053
2768;5905
-2932;-2423;2471;3368
21;-3385;-4793;4714;2958
-5457;-2387;2500;-1191;-4191
-4867;6850;-1460;3882;-3919
-4354;2040;2665;-1675;-1211
6633
-2539
-753;6365
-3165;6734
-5618
-4801;4193;-2965
2722;-1198
-6738;1106;-425;4745;683;-6016
-6737;-1650;-6421;2424;2666
3574
-5905;612;-2885;-2567
-5443;-2038;-4439;631;-304;1871
509
-3457;529;-531;901
-721;-5938
4742;521;5562;-768;3775
-5589;-1911;440;682;-1312
5638;2102;4552;-2554
-357;6463;-3536
523
-1794;-898;117
6139;-3564
-3939;-159;-1551
-5203;-919;5592
5232;2902;4443;-335;4671
5073;3396;2184;-5306;-637;6061
643;-388;-2744;-5214
-5409;4194;-2404;5029;6825;2540
-5659
5062;-6647;-1003
1185;-2472;-2089;-2062;-6367
-6282;6220;-4576
-1682;1347;196;-6201;-314;-5152
4674;2342;694
4768;706;6275;-5109;-1449;2521
-4833;-2289;-3663
-4968;-5563;-4062;2782
2272;3394
-4643
-5763;-4042;42
-3525;5076;3701;-2182;5671
3623
-1077;5725
5314;180;-4742;3898
-4653
-5990;2230;-4091;2173
-2210;978;3972;948;3013
-4450;5751;-5481;-4716;-543;-4432
-5441;1536;-3717;-2156
3463;2888;-2410;-3200;-176
-2617
-1595
1325;6415
3645
4448;3601;-2310;-1070
4304;-4642;-2287
3954;4815
2625
4707;181;3366;-683;-4944
6561;3234
-2865;-3317;-4615;-185;-2910
1876;-6044;-6654
4705;2021
-2227;2809
-449;1267;4680;3740;-463
6385;-5989;-714;-5387
5425;5016;1407
-3658
3075;-5342;-1391
6731
-5153;-1144;-4520;-5132
981;4887;2474;5435;2174
1495;4253;6109
4690
-121;6860
-6098;-341;-3373
-3669
257;-856
-5782;5181
1445;-5113;6505;1275;2635
3675
-2870;3301;2744;-1641;-2138
1538;1254;4408;-6078;-1727
-625;-4213;-6266;857;2473
-5906;1203
4449;5810;3779;-2347;-2893
5748;-3127;-4109;6191
3281;-5748;3831;4363
6562;5311
-5669;6280
6096;-3858;-3604;5509;2760;3950
6598;-3932
-3235;-2505
2034;3706
-4179;5700;3197
-2358;-5229;-1229
3344;6805;-6633;-2893
-5745
-4402;-3814;2069;-6768
-4498;-5347
1652
-4305;632;-2078
-2948;5091;5205;3385;876;6430
52;-5751;556;4509
4836;4470;-6624
1667;-4053;-2070;2603;-1855
-468;3158
3684;-6569;-832
1686;-6428
-3718
6069;-3376
5634;5189;-1786;-3901;-1693;-2798
4690;4003;-2471;-3403;-5292;-5342
-6549;5;-4663;-6429;6749
5768
2672;-2024
-3555;-1127;3385;3995
3217;6437;5110;-5128;4903;6591
5266;2552
3520;-3634;-2051;-4844;-6269;-4783
-5970;4162;-5559;-6600
-3221;1444;-5608;-1881;-1769;5259
3203;3596
-852;5894;5085;-5375
-1217;-3937;-2052;-2186;-5696;1119
-5331;5578;2459
1844;4958
6803
4758
-867;-2870
4736;6085;2136
-1695
-2234;2969;5055
-6671;3951
-4035;-5861;-730;-1310
5251;89;-475;3821;-5966
-1186;-1171;-5605;3095;-5037;6159
149;3599
-2165;3444;2584;-1724;5646;-3008
-3906;1602;463;4575
5057;-1939;1175;-6792;-4555;5343
4209;-2278;3878;-5944;3018;5995
-4784
4628;1830;-600;-3310;189
1212;-1903
-1715
-1844;-3348;3844;4086
-5521;2563;3140;-635;-6383
2075;1692
695
3604;-2310;-6283;-4573;-6495
-3836;-365;-5822;3182
-5822
-1084;379
2832;2643;-5928;-4411;1899;-3885
4417;-6569;618;827
2403;-847;175
6208;5844;-1944;-4664;-4733
5104;6869;-2046
-4538;-6414
3713;3747;-647;3273;-1932;-4368
-715
3788
5074;5882
-5475;1123;2851;2383;-2624
3538;-5028;-6397
6721;-2297;-634
-721
2481;-547;-2260;2586;-156;-4878
-3029;-6109;4316
1507;-3258
-2561;-580;-3989;-2598;3531;4444
130;-5909;6247;2584;2526;4367
-5447;-1480;-5465;2446
3057;695;-974
429;5422
3568;2068;-886;-5782;1017;1770
2629;-89;-6349
3601;1089;-2436;1150;-6031;-5279
5330;-4887;-6504;-415;3999;5263
-1138;6039;1117;-5279
2772;-3512
-1858;4951;3791
-3810;5754;846
3241;4669
4850;1138;2851;3210;4059
4967;6477;2621
-2897;6400;6808;507;-4941
-4242;4999
3829
-4353;-2738;-2899;-181;-2856;-1049
-4108;2767;-448
708;3128
-340;-4076;-5532;5966;-1904
-499;-4324;3062;5976;5001;-3327
-213;-245;42;4348;-5726
2545;-2788;-4056;-2617
4614;3450;-1148
4869
2243;-5109;-3511;-5559;3592;2447
-1202;-6034;4789;4248
6692;-5317;1356;1119
-2435;4867;2500;5221;-4568;6460
3762;1286;633;4316
-3855
-6002;-3998
1153;-1753;6746;-1264
3072;4592;-3540;4195;660
4887
-3394;-1495
-3689;5661;-47;-5791
-490;-203;1486
-4181;-711
402;4195;-3801
-4689;2642;-5603;-6388;-6218
-4658;-2325;6532;-1273;923
4898
-2434;-1639;-2876
-1683;1826;-3851;-3244
-6420;4586
-4098;-4907
-4036;4791;744;-2843;-4590
-1427;-1400;3335;-3516;6509;-1664
3201;-6134;-2424;-4378;1753
-3427;2788;2805;-5095;-6079
-1729;3249;-1928;-1675;-2832
-4579;4199;3768;-618;-4780;-2909
-946;5480;3304;1261;-5200
4924
5555;-6505;-2649;-4846;-2624
5043;4086;614;-3463;3767
6256;6000;1126;-6556;-1132;-2815
5521;-4515;-1863;5289;-526
5811;3096;1896;-3824
-2577;4675;4229;457;3465;1851
-2979;3819
-3542;6358;2121
5571;-2876;-1853
-4353;4513;-5189;6646;810;-3276
-3543;1751;4716;-5823
-4451;4937;365
-2308;6358;-2681;-30;4542;-928
4953
-6780;-6367
6704;-4483;1206;-6335
2579;-2756;-181;1287;4026
3325;-1440
5809;-3652;-3925;2629
-2912
2913
3779;-6693
1811;-615;-328
-6033;-3681;3586;602;-4573;1037
6452;-6457;5994
1203;5893;2614;4184;-3808
5991
-2754;6738;-1396;1015;2074;2363
-881
3107;1869
6864;-4953;4093
-5569;1768;-3229
1913
6240;-227
6015
1827;3418;-253
6096;-78
-1764;-1829;6233;5801;1675
-3266;2980;5990;-6109;-2544
-6660;6644;1877;-4603;4348;-6607
2134;-3719;-5464
2954
948;6564;-138;6845
-5826;-1815;-5655;-4202;1230
-872;-1675;-6156;-5582;-4032
6450;2996;-2394
1932
2898;3161;3049
529;-2627;1181
-1089;6499;-486;-6601;-4235;-2176
5094;-4282;5230
5018
-1698;4058;-3149;-6221;-2111;-2048
3953;-6023;4027
2000;6066;-1640;2700
-1960
-4388;3451
6705;4612;-1576;-5162;5626;4046
6771;-5093;2333
-6675;-5815;-200;5336;3339
-1971
1413;2090;-2557
-6071
6850;-6119;222
6515;-5317;-5190;-1849;-108;-5248
-2850;-1179
6845;-767
-2325;6133;-6301;509
3680;-671
4450;-3046;2229;-2728;3355;4894
5953;6275
1028;-6021;-4965;1829;-6791;-3455
6088
-1997
-5698;-4182;39;-1373
6117;-524;-1452;-92
6098
1200;4902
6104
257;2404;5945;2619
2004;6150
-1026;-3038
6680;6745;-1162
3728;1969;6485;-1102;6303
-5859;-1475;5309
6122
-5252;4307;-823;-3337
-5218;6152;-4139;-174;-5824
-1011
6418;4163;6405;2457
-1778;-3333
-983;4518;3065;-2366;4973
-1894;-4342;-1532;1630
4821;1160;-2828;-5645;-1600
3954;-2935
529;1811;-2823;950;3625
5508;2901;-6364
-2694;-3430;1674;-1692
3457;3715;1975;-6728;5771
-4506;2843;-5757;3325
