6594;4068;6249;3690;-2860;-4429
6576;-2478
6069;-6858;2842;1563;-2590
-1907;-2227;-4759;5818
2080;4466;3701
-4116;-6043;-3164
2560;-5643
2059
-4361;3325
404;-1205;5141;-3784;2527
6549;5032;-1948;4717
-4580;-1241;-4413;5117;5135
-4004;-5208;871;-6655;-3456
128;1042;-2147;-1161;-955
5142
-1889;1346;3410;996;-3566;-6464
-5457;-6022;-6634;1290;-1179;1595
5120;6257;-4675;5748;6004
3841;2326
5080;5183
-3075;3783;3255;1944;-4604;-4399
-2802;-439;2792;-1625
2183;6138;-2910;-6463
-4209;-453;1765;5999
-1683;1939;709;89
-5394;4965;2296;-1898
-4817;-1384;1049
-6176
1236;5365;282;3898;-6652
3764;-3318;-2584;6686;607
-5297;4402;754;-909;6812;-3679
-3126;-4376;-2045;-2784
-614;1943;-4444
5808;-3393;-29;-6526
3234;-2822;-5580
-4144
-184;-2315;-1165;2591
721;1973;-6841
-6697;-4621
-1874;6434;4946;-3963;477;-2895
4853;-702
560;-3985;608;-2261;230;-329
1186;-132;6084;6357;-6269
-849;-6677;-4822
3057;-4573;-5581;2941
-4051;3991
3684;4134;-6733
-3781;-2630;205
2419;1291;-4799
1792;5329;-1219;-5652;120;719
3728;-696;-4122
-2105;2824;-4985;4333
6753;-5435;-3436
-4167
3477;-3804;4861;-2798;-79;-4800
3043;164;-3525;-2137;-1503;1838
-6470;-697;2458;4282;-6813
-2962;-2789;1300;-5862
-4371;-6792;-3247
-6645;3524;39;4520;683
-1692;-2478
6476;4863
-4818;755;6324;711;-5117;-2032
721;-3524;-5693;-2174;1373
6225
-2834;6675;-1291;861;3838
-6261;3177;6026;2812;2124;396
-6630;-1645
1936;-1075;-6611;-3803;5374
3157
1665;-1634;3362;-5462;2615;-2680
4529;1739;3340;5279;5679
-6519;6431
4338;5011;500;-3622;3238;2910
2514;-1765;408;-698;6298;-3598
-2485;-6488;5807
-6081;-2725;-618;-1936
-3046;1673;3516
1217;-67;-4995;-6275;-4484;4267
98
6243
-2404;-6552;-905;3547;-1982
-265;-4960
4650;-3120;2671
-1187;4365
2449;1637;4825;5515;-1007
-5222;6853;3086;1535
2273;2819;5590;6441;6268;5390
-1134
110
-6856;-3497
-3475;1187;2174
6055;1229
-3335;-3119;-4927
3987;5716;-6087;-1544;2151;-11
-3666;5238;1609;3036;6365;-2224
-2817;-6297;5401;-6654
3120;-4026;4107
4916;-4806;-5768;5997;3886
5347;-5575;-4862;-1184
-131
344;6426;-495
6165;-1149;237
-1210;-5819;6298;-3499
-914;2212;-1416;1980;-3998;5342
-6279
4432;-4738;-4905;-1435;2415
2951;-1660;4989;-3214;-1168;4383
-4136;5641;667;6380;-2286;4111
345;-1981;6286;-416
6284
2417;-2567;8
-2595;-620
6286
1392;-3587
-998;-1209;456;6698;-431;3823
-150
1232;6086
865;-886;172
-5665;-4162;5890;5112
-5011;4421;-4877;-831
-5482;-1840
-1179
-5025;6529;1060;-3254;4942
-1731;52;-1589;-107;156;4399
-1569;-627;-6756;315;1311
-1970;3283;4989
-1959;6855;5209;-5851
6736;5696;2737;3762;2025;-6462
-4291;6722;-3221;-86;6172;-4110
-1137;5911;1533
4544;3987;5107;-1735;-5560;-6508
3817;3516
-866;-5477;4821;74;-2815
4016;3314;-2534;2538
4785;-3411;-6292;4798;-48
5288
-613;1707;-3312
-5290
-3482;3311
-5537;130;-2568;4729
-3426;-668;3919
2164;-1847;-295;3115;6253
-6286;6111
-2049;-5294
-4022;3462;-4535;-3275
4274
-5302
1922;2084;-4294;3544
1419;1838
3618;-3139;-294
-3830;-3241;-1115;-1279;5182
-4936;2125;-3520
161;5145
992;-3059;4564;5813;-474;-1500
-5069;5263
-1250;-3912;295;857;-5405
6343
97;-5108;4485;-3914;-93;3309
1525;3113;-4986;-4798;-4272
-6147;-6804;-1045;2585;-1083
1729;-6323;-4830
-2067;2275
-3897;-1755;-4798
-1073;-3171;-3497;4122;4795;-4461
-202;-6620;4364;-1230;5950
776;-5308;4732;-3487
-1462;-5421;5212;4958
964;-1446;2710;4135
5601;215;-3549
-4114;820
3841;-2899;531;3870
1249
-4865;-6665;-6362;-4922;6203
-2231;-5068;2973
-5122;5219;-2041;-1963;1628
-6375
2274;-5416;4188;5565;-4175;-4720
2193;6389;870
-2651;4939
-4194;4053;-4202
-177;6187;6526
-250
-1397;-6677;6308;-3976;2986;3006
3232;-1905;4939;-3966
5765;6775
6396
-193;3747;5813;-3995
4017;-6292;-6373;2250
-6034;-6215;4827
5027;844;-3568
4226;6269
-5681;2402;-6291;-4024;5146
-6579;19;159
-2289;1985;-2635;-4684;-4926
-6407
-1009;5383;-6462;-5344
2803;4628
-2314
4562;-6504;-73;-235;-6252;4140
-1377;5601;3330;2955
-6693;3992;-2714;938;1135
6369;2129;-6887;-5977
1315;2039;-1642;-3916;908
4192;4599;6445;-624
4512;-5668;4505
-3141;3988;4728;6090;-5244
4902;495
1339;4475;-2464
1393;3699;6711;908;-141
16;3339
-4146;1073;500;-5976;-5053
-5314;-4034;5986
-6434
-5861;-3647
-6340;2824;3242;3690;6092
6375;-2009;4409;-2800;-4656
-81;1817;4906;-1180;-6732;974
5984;2261;-4939;4158
5232;4482;-2250
-2963;-5528
161;-6700;1133;-16
3670;3350;-5052;-4320
-2700;2396
969;-5021;-5886;-6382;2702
3377
3739;-5071
4514;-4659;-2790;-6586;-2554;-5644
-616;5023
2225;-4499;920;-4859;62;4814
4202;-815
-2131;6371;-1333;-1754;187
4413
2464;1556;-1655
-4625;2255
323
-6468
-693;-4696;5448;-5504
1440;-2074;-717
162;-4854;5817;-4525
-4516;2601;-463
4425
-330
3283;-3613
1356
6477
-3463;5545;-6512
6087;1850;-6575
2418;-5960;-2493;3647
1488;2918;-2200;5511;3719;-1881
5329;-4451;6467;-5656;-2367;-4783
-546;5060;-4174
1896;5614
4403;2084
-5466
4370;-5819;1103
1525;3406;-5279
1794;-6724;3558
1168;-2166;3802;-4176
-5300;3879;-475;-6556;-92
-6634;971;5310
5200;4211;4723;2788;1433;5551
1731;3703;6327;-2188
5168;6419;-4057
2924;1534
6528;-3189;1316;1851
-1234;-6296;-2090;11;2060;6158
-6081;2869;797
5123;-5496
4962;4837;-6637;-5583
-5493
4470
-5521;5745;1656;698;-1676;-1278
3409;-5389;-3517
-577;929;-947;6538;-4541
6098;2371;-6404;-1917;-1552
-2291;-1449;2334
-2141;2509;-4575;-1295
6736;5940;4232;-141
-5153;6274;6114;249;6010;204
-246;3706
-1575;-1887
-343;4748;-6030;6127;-5920
-6539
1041;-2460
3536;1980
-5457;2438;-2503;4759;1159
-4969;810;-3471;62
-6596;106;1035;4031
2240;-2417;-2996;-4217;-5721;-2651
2352;642;-1560
4032;4641;840;-602;3131;-6511
-4161;-4154;6106;-1470;-5006;6223
4149;-4806;-5902
1860;-5383;-3036
419
-1137;2581
-1863;-1632
-931;-6660
5537;-1436;-6524;-5168
241;-3736
420;-1326;-2590
-1688;-6797;3726;6206
4520
-327;-4395;6171
-6386;-5383;4475;-2351
5027;-2340;4910
-2480
-6341;4518;-5047;-2702;-2126
-2580;-6047
1376;4753;3459;-1079;-6027
5461;3673;-6652
-2484
4097;-2180;4204;6492;-3775;3887
5314;4820;1029;437;-1354;5551
-6584
2978;-2886;-5992;1451;-3388;-5917
-5556;-2583;1238;-1706;-4126
208;3958;1400
4528;6513;-995;3700;62;-4144
449
-1666;-1138;4089;1213
-2961;-889;-1979;-155;3485
-3523
3106;-6277;-1669;3256;2872;-2763
-4474;5950
3760;-4196;6788;-2457;5758;-3056
-4675;-3029;-902;-6185
-1480
1616;1430;1543;5195;-6255
-610;5121;6189
1492;6492;317;-3838;4190
4572;-2654;2639
-708;-3684;3929;3003;-1533;-4543
-4049;929;4148;-1415;-3545;4397
1008;-3956;-5509;-2541;-6879
-6115;-3445;-4119;5834;-1677;860
1620;-4982;-663;-3816;6345
-6618
-475
2700;847
-630;-1818;-476;-3696
3780;3684;1126;-4649;4107;5741
-6070;-1974;-5975;-5916
-2114;-6244;-4629;6549;6341;-383
2289;4996;-1557;3511;5579
-5409;6786;-895
3607;-3130;810;1485;783
3490;-3976
3136;258;4099;4548;549;-4937
-3862;3207;-2910
3173;406;-2062
1169;-6309;3653;-5151
-2100;-4165;6760
-1522
-689;-1794;4930;4102;6603;-3439
-6065;-760;-6616;4315;-3821;-4959
2546
5508;1542;4077;4045;4782
6263;4554;-6812;2427;-237;3519
-5282;5944;-844;-3390
6497;151
-6257;-5971;-2165;5286;3372;3181
-6001;374
1794;-5373
-210;-6442
5554;516;4022;3226;-5643
3410;-1239;-1976;-2751
-5540;-5081;-6271
-6163;-5333;6468;5535
-5631
-3349;-3880;4119;6522;4267
3298;4862;-480
-5347;-4678;4935;-2233;-364
-290;811
2131;-3460;-469;-3242;-603
-3921;2372
1856;5552;6392;-4698;-6284;782
576;-1842;-2335
-531
5651
784;-3570;-5939
-3605
-2583
1877;4902;-4808;-5579
2417;-84;251
-6436;778
6867;4596;85;4572;-4317
-2258;-4427
542
1424;5570;5175;4535;189;-3039
-6824;137
1216;2437;86;5942;-904;-3113
547
-789;-784
6279;6557
-4374;5947
-2838;-4968;-5482;2825;-330
96;-4746
-1750;-2536;-3439
1841;6195;3624;-6606;1774;-5248
6296;-5738
4654
-6704
-2052;-1866;649;-2411
-4529;4596;-6774
-3985;3974;-5672
-5171;-1892;967;5529
3639
5878;-1561;5915;-6591
-4563;-6484;-741;4107;-4380;1247
-5922;-4291;-4663;3879;-2700;-191
-1777;2417;-4052;2553;5564;990
5392;-1217;-788;5450;4589;6606
-993;-5845;-2955
2960;-3447;-4891;-446;2174
5697
-580
6724
1605
39;4427;-2604;-2670;2430;-16
2954;6844
-6276;-6532;-2470;2489;6062
-3656
-4548;-1351;1910;-6381;2316;2349
3716;-4342;-4488;-94;4622
-4038;918;-2586
-6866;6276;6676;-2570;3214
5625;-6284;-3647;639
4692
-225;-2184;-59;2732;-1886
-6129;6035;-6068;-3334;550;1177
6433;-1555;2949;1829;-2055;3240
602
-6749
1569;2179;3210;1839
2653
-4421;4648;508;895
-2937;2505;-175
-2776;1688;-4893;3324
5601;-132;-5830;5849;-783
-724;-629;4010
2615;3848;2697;3738
6755
-3748;6727;-1341
-326;886;1048;3017;-6267
2470;-5768;-3466
5569;-1875
6785;-1603;-4554
5730;-6359
3701
4930;-3290;-3546;5691;6062
1601;-2005;-2280
-5959;1898;-2527;-5312
3811;6104;-1916;1852
-5557;341;5918;4031
-6788
-5698;-2136;-2971;-6716;6782;1903
3056;-2920;4604
-4908;-6749;-4350
5769
729;-5099;6046
4115;-2757;6422;5483;5823
655
-1763;-2932;-4457;3816;-5563
944;-5700
661
2710
211;5992;-3370;4955;95;5071
5715;-4024
4963;-1860;2309;-3014;-5878;6202
816;-6370;3924;1913;-4767;-3360
-5175;-3144;-2410;-4287
-2730
-2036;-1860;6420;3509;3866
6421;4071;-217;1673
-695
5266;-678;4742;5319;-1913;-2826
610;-6426
6307;-3563
5476;-6696;91;431
2467;-756;5688;-6122;4543
-4753;1573;6811;-2928
3776
4208;1377;419;-2222
-1735
-6855;6143
594;-1828;995;-1739;-4556;5822
3728;-3745;-67;1688;-2317
-4810
-2547;-1542;-5304;4505;76
-6708;5990
725;3067
4370;874;-2476
-3937;4562;119;-2491
1396;-6059;-3229
3232;-2595;2802;-6611;-5892;-877
-4898;260;-5304
-6210;-4291;3630
731
-6305;2065;2773;-2825;-2586
967;1644;4908;-5758;5117
-5985;3074;-1013;4187;4715;878
5675;3260
744
-5869
-82;-3739
-6291;3074;-5887;-1647;3855
1775
133;-152;1082;2763
-5666;-4355;-1283;-3211;2220;-3821
-1780
-4853
5440;-2193;-2566;5448;-4347
-4788;-4165
-3537;-795;-6671
2592;4963;772;4055;1112;-4539
-4867
3296;-5347;5413;-2326;3127;703
3360;5761;-3230
-2548;-5572;-1608;5882
5056;1201;-3955;-6148
-4049;997;-3866
5024;-770;-5003;-700;5295
-6657;6340;-2887;5242;-6539;3722
-779
1858;244;3765;-6824;3784
-4337;-6215;4263;-3707
3492;-5672;-2489;6873;-1424
-6849;1970
6674;5123;-2199;2711;5883
-3880;461;6253
-3766;-1118
-4788;-4165;2132;-4503;-731
-201;-592
-1748;-3242;-1947
-1426;5571;-3813;-3146;-4061;-2112
-5826;-5828;2983;2794;1179;3900
-3601;-3645;2350
-4852;-1928;6283;-2431;-2992
5361;4419;6133;-776
-580;5827;3399;348
-1274;4125
-355;4230
-4196;4852;-5514;6543;6287
4177;-2825;-5086;-144
209;739;-142
1831
6337;2662
-4905
-6601;671
2499;2408
6752;6704;625;-744;-1917;6799
5211;-4397
-6097;6818;-4750;1085;3758
-1840
-4657;1876;6669
3936;-6690;-4804;-6574
-1849;5741
-4917
-6401;3953;-1298;1060;3895;3709
4628;-5451
4753;-2579;-4963;1715;4969
1873;-1331;-4283;-2048;-5280
-5949
-3972;-6075
5264;687
-4515;-5536
1860;-5196;6539;-317
1862
-4936
1728;-3095;-5944;-1102;-3695
5409;721;-6680;3559;2956
-6065;-3893;-136;5560;-5067;559
-1875
5296;5796
-5460;-6873;-6091;-1885
-5971;1612;110;-4800
-1703;-1400;1592;4415
-3618;-5269;-4247;-892;-4239
-6545;610;-5876;-4407
3728;-5922;-792;-5034;427;2638
-4162;-4516;-3093;-4214;-3724;-6751
-4854;-4105;-4190
3568;867;5288;-4765
-3204;-3803
-6258;5943;1580;2669
2225;1426;2069;6775;-5003;5660
274;2639
-3832;-3419;-6876;3019
-4773;-3721;6601
5617;-3722
2128;2441;6314;6282;3163
4784;-3314;-2469;166;-3930;-2255
-4440;5996;-5502
3557;-1670;6154
-4387;6820;-6472;2139
3351;-5305;2829
-2706;-3363;-4485;-3206;-4151;3721
5970;-997
4864;-4370;1906;-1444;-4442;5389
2983;6089
5285;4629;-3913
3169;4694;-4711;-4919;-4749;-3584
-550;-5367;-1561;-2622
-1922;-1571;-6839;4904;4538
-1132;-5229;1374
-2788;4702
-821;2184;-6489;1498;687
-2439;-2313;-3002;5837
5275;-1311
486;408;-2906;1119
-3154;2245;-1625;-3484
-2947
-996;-1630;1726
5842;149;-1862;-6855;-3295
-6771;1164;-3488
-1928
-1633;2995;-6550;4284
5184;1216;4817;4195;852
6587;4558
4337;2901;-3720;5548;-3133;4190
6547;4602
-4339;-310;-6169;-5774;2367
4564;-581;1206;-5483;-3469;1823
-2499;1580
-882;-2501;-4218;-5915;-109;6559
-3332;-3796;-5460;2447
264;-5978;2959;1823
1351;-3307
930;-6499;2442;-2926
-6257;3266;3795;-6428;-4527;-5119
4102;1951
6097;4055
3028;1335;4314;-1597
-6705;721;-1877;-6470;5742;-5663
6368;2764
-6230;5285
2244;4468;6185;4431
4723;1620;-4149;-4072;3211;6781
-5409;4836;-3784;-2430;-256;-3120
4019
-3347;350
-6755;-1526;-4958
-4625;1636;-6006;5448;-4842;1291
-6481;2976;-1828;-1385;4735
6164;534;6375;-6105;-3596;-5358
-4664;2184;490
2738;-4293;4923;-6831;-3648
974
4464;4451;6166;1624;3726
-483;-4085;6118;5208;844;5662
-2502;-1174;4655
1927;-429;-6013;1022;-6704
2630;-808;-5772;-3325;-877;-1022
2225;-647;6572
-4628;-1636;-2171;6795;3647
-3378;2296;-2844;-1101;5308;5823
1506;-5209;1694
-2197;5447;2216;4541;-831
3911;6090;-1645;-5102;-6288
-6726;-6326;-3295
-6578;3542;6074
-4161;-6434;-6116;-4677;6376;-3387
-6359;-569;-6633;5689;-4062;1726
-6506;-5562;-3263
224;-2281;1545;4265;-3837;-3983
800;6340
-4475;-6828;-5214;574;1823;-3264
-6357;-6825;-4378;3563;-6078;-1406
4917;-2423;555
1506;6610;3138;2169;2941
-6679;-5367;-2272
-4369;6100;38;-1531;-4732;-608
2581;-1478;5414;1946;-3359
2302;-3312
154;-3676;-5612;3004
-36;5895;5159;2280
4083
3650;-3015;377
2180;-5990;-2969;-2445;-4079
6418;4116;-5800;-4460;-3038;-1326
-1281;785;5042;19;-475
-5992;4540;-5711
-6053;-201;5579;6814
-5876;-520;-3003;6331
4437;-2104;-5881;-4652;11
5880;2954;1883;-5599
3667;2475
