-3761;992;-6018;3666
2857;-2859
5824;-1987;3428;1637;4154;-1790
-1660;2686
5365;4444;-6734
-3704;3086;1647
-6151
-3079
6827;3692;-6398;-3198;6254
-5557;2887;-5068;3631
-5604;4568
416;5643;-927
-1617;4595;6534;2951;1672;-2858
1282;-6020;2760;-1449;-1610;5053
-6500;-2073;588;-4910;6734
-3909;-6345;-537;3994;5371;-5760
6738;5567
2402;-2952;-6427;814
6566;1015;793;4029;1951
6528;-3843;3975;-6682;-6143
1920;3392;4562;-5892;-3960
5443;-5467
6530;379;6428
2001;3555;4613;359;764;6142
-2692;773;3511;1768;-6461
-6565;-6247;494
-1700;-811;1455
-4929;5667;-6710;-2168;2988
-6176
-1057
4019;3687;2411;6540;-6383
4134
1731;1379
-2571;-3616
-1484;-608
3665;53;2470
1547;-4221;-445;-2046
4065;-5586;2589
-5538;-1675
1216;-2726;-6552;9;6203;779
4144
5717;2764;-5360
-4151
-5154;5458;4648;-2940;3163
5552;-3747;-4166;-3914;-3674;-349
3680;-467;614;6552;-4173
2110
-2111
1457;1817;1578;5451
-5025;-3231
-6865;4673;1638;444;5741;-2494
2225;-2387;-5038;3406;-6464
-2662;4038;-4312;-5851;-4591
-5269;-2059;1117
4513;-5735;4363
2832;-5299;1240;-3964
6499;-2330
-6308;5733;5832;-2108
-6274;-4907;3709;-2848
-439;-1692
-1265;-3974;1318;1789
-6660;873;-5564
-5714;-5749;-1718;1255;4670
3539;-6247;4843
-4833;-2996;-2741;3990;-5287;-3583
6762;-528
-5905;-856;4407;6686;879
-6237
-929;-3336;1385;6044
-4778;1613
-721;3958;3160;-1918;-6623
-4195;-6859;1755;-542;3599
-5218
4288;-150;-568;1647
-4051;-5716;-4120;3548
-3842;5827;-3660;3822
-1124
3682;-2387;-133;-1239;-2952;4153
-3585;-997;5255;4537;6267;-110
-625;34;-871;4638
-1843;-1818;-543
2996;-6176
-6177;6549;1016;-1467;-6173
2156
-2490;685;-352
3378;-4676;-2968;5405
-3442;-5892
-119;1262
1809;2017;-4104;344;3339;3885
4006;-811
1681;577;1267;-1798;-5451;-4592
-2172
-1033;907
-1746;-1065;3467;-1406;4973
-515;-2942;-1792
4224
3966;-5120
4066;-4197
4805;2253;-5903
-757;-5995;476
1744;-4772;-6713;2440
-3009;4048;-3122;3240
4416;-2899;-5464;-558;-752
2185
-1669;3126;1754
-3282;5378;2142
-5938;-2539;4091;-1902
6866;1165;-4816
-1170;-5336;6650
-147
5745;2214;1718;3895;5419;-3485
2569;-4096;-2720
1266;-2444
6712;-4511
-2258;3571;-5565
2512;-6765
-1329;-737;1553;-5893;4635;589
4386;6021;-2470;5145;-6779
1826;-5256;2425;-283;-4683;-5454
5280
3637;3850;-4255
5428;-1342;365;830
-163
4260
-165
-5707;-3675
3777;-6194;773;1926;-472;-2032
2194;-5613;3245
-5529;6168;-3887
960;-5153;4932;-4023;-4313;252
-5521;5697;2289;-1262
4898;3178;-6652;5292;2813;6014
-185
-4411;-895
64;821;5814;6151;3207;-4608
1141;1094
1526;3783
2239
5889;-4521;-1851;-6878
-4169;-3354;-4716;5933;-6175
2000;-3267;5205;2773;-6185;-3792
-214;4181;-4156;-3039;3422
3152;-181;2748;-1117;1293;6589
2722;-5268;2743
2530;5336;446;6223
-146;-1507;486;86;-2528;-5808
-4297
503;-3962;6029;702
201
-1810;6626;2810;-6398
5440;-1970;3903
-1560;-1432;-4445;4078;-6063
6307;2090
-4305
-4376;5608
1233
-6354
6641;-4384
6320;1776;758;3868;-4320
881;-3160;-4076
6354
6483;-4710;-5351;1318
347;6012
6053;-5048;652;1631
-268;-3021
-6363
-3028;6318
1242
-6692;-5386;-5739;-1581;1645;5245
1244
4320
-5921;4627;1015;-6411;6701;-6382
4387;-5684;-3126;-6383;335
-295;6170;-3373;-5806
4832;519
5351
-4705;-389;2949;4426
54;-2807;-4491;-3230
3688;5144;73;138;-6491;-1292
-6705;-3431;-633;-317;-5536
2053;2086;-5064;1033;-2395
-6577;2930;-52;-3238;-265;-6349
3377;3005
-3154;-5828;2852;-970;6857
-2884;-431
2981;-6796;-526
-241;-1826;1163;-4573;4207
2882;5561
-6338;1253;-393;1963;2396;-5277
3325
-5374
2689;-3968
528;-4386;5144;-6795;-3163;221
-6226;-1445;-3083;1278
-329;2639
-3153;1748;1318;3366;-3865;-1725
3616;-3288;616;-1961;-271
-6577;-195;4740;-5400
-1289
-4146;-247;2391;1656;-6064
1282;-1895;1902
-1752;3596;156;5580;3951
-213;-3046;604;-6046;-5903
-4821;-5384;-6447
3415;6199;-2235;-3708;1549;-6512
401;322;4068;-2121;-5371;-1664
-561;-4867;5302;6538
4832;2839;5464;5567
-6341;-4540;2413
6496;-209;-3963
-5397
-3350
6402;-3098;6510;-2367
3539;-3545;-1436;-1693;-2271
1760;1745;-3283;6210;-4661;-460
-2339
4498;898;1510;-5592
-114;-3914;6522;-1179
-5843;-1384;-5342;-3087
3461;-3898;1757
6644;-3701;-3085;-32;-2176
-3374
1699;4745;-4573;-2176
3058;3412;938;-5054
1859;5495;3192
-4833;3107;-2677
-770;-1527;-4265;6377;5613
-6577;164;-1829;-2407;-5021
-2116;2871;-5033;-1532;1035;6109
-5185;5041;5588;2394;5563;-1824
-5439
6661;-199
-5297;4977
5121;2367
6465
-6742;2119;4300
5440;890;2059;3197
-5544;-6043
-1590;3352;2409;-6542
-3749;-5576;3578;-6687;2398;3567
-6502;2358;1222;-252;4909;4735
-4281;-2042;-1771;-2475
3554;5778;5811;-4551;-986;-2109
3404
333
1616;-4321;3237;6776;-266;5580
-450;3370;-4286
-1369
-2394
3649;-982;-2318
-4806;-5417;-3577;137
2130;5811;1540;4293;5048;3037
2800;-2535;-824;-2328;-5692;30
4630;-3176;-3608;-4204;6716
-5795;4594;-182
-6627;-2806;1575;5383;122;6811
5539;-3129
-5208;-648;-651
-3700;3336
-5737;4347
193;2179;666;1423
-2657;3665;4082;-5910;-2247;3435
-371
6209;-4666;4972
-2409;2781
-4131;-1528;-2907
5792;-6168
-385;-6101;5580;-2526;4831
1120;6009;5225;-3786
-2627;-1847
2427
-19;4264;-2409;3948;-285
6758;856;6010;-3004
-2915;2308;3988;-1324;-652
6656;4386;310;-2791;-3215;-4960
-4;3467
3573;-1127;-5449;-4559
3696;-1196;-4079;-2912
-241;1746;-4501;4324;-2778;1055
-465;-3542;-6648;6649;538
1680;-1505;-4307;-6218;-763;-5676
441;3037
1824;-3603;-137;-4442;827
3937;2596;4758;4231;6398
3492
-3764;-373;-1405
665;-475;-4203;-4221;-6526
-1578;-2943
-4627;994;-6435;4837;-3388
-5443;-6678;3498
-1697;-2398;3663
-2483;1779;4981;181;-3180;-6830
-3507
-2483
3121;-181;5688
6611;6442;-2539;-1340;-4095;-6543
-897;-4258;-2411;-1596;1551
1891;231;2200;-4765
6656;4321;4823;6522;4843;6047
3805;4831
-5541;1143;1855;-672;-1328
-2145;4913;6853;-4054
-3251;6404;1511;552;-6688
6434;-6678;-1799;2318;5294
-5412;1630;1279
4646;-4191
1588;5017;5115
-2609;-6134;93
2803;4708;-5510;-5288;780
1482
3984;1267;-1397;6248;4858;-3232
3335;-5770;-4175
6611
628;-5239;2493;-399
-2840;-4123;5468
-5269;-695;-2699
6481;-6055;-3047;6166
2644;-117;3257;-5310
-293;-1787;1198;2111;271
-4965;1382;6107
-804;-567;5275;2717
-479
2257;-5583;990;3838
-3793;6545;-5748;-5677
-2549;-2294;-6583;5820
-4836;4278;-6615;523;-3056
-2001;3090;-485;-537;-3723;92
-2740;-4886;-3004;5196;4941
260;2918;-6877;-2126;2863;-5728
6513;3988;2348;-64
-4595
-835;-4787
3013;-3515
-3383;109;-3375
5412;-4907
3577
1840;6643;4184;-4796;4923
6115;-488
3733;-1575;-2667
-114;-309;-183;5210
-4904;-1883;-4990
-6396;6605;5423
-497;-2930;-5683;-5622;3915;62
-501;5926;183;1627;2495
-5473;6020;2487;-1848;-3657;5033
-4996;-1664
-2785;629;-1144;-2107;-1835;-5564
6745;6476;-5536
-1922;-952;152;2188;-1008
3590
-200;-5707;3789;4142;4639
-338;1881
4114;6056;-6861;4157;2271
-1546
2723;854;5926;1259
1296;5079;2568;828;-5152
581;1130;2555;-5100;5454
-3990;-5753
5772;-750;-4175;-2400
1973;-408;-4143
3618;-3605;-5257;-1977;-4573
49;3434;-1068;-141;5918;-3567
-3235;-5107;-6525
6433;1416;4969
-5652
1440;6305;4485;6469;2726;-4510
5652
532
-2603;-108;-526;-2416
-5178;-5597
-808;248;-4058;-1341;6493
-114;-3652;-629;-4333
2656;3123;-123
497;6663;10;-603;-1935
6786;-3226;-1998
980;1589;-602;-3003;5148;-6703
-5666
16;-5570;-2103;4999;409;-1371
6769;-420;-1468;-1900;3772;-3134
547
-2850;-5972;4341;-2569;-556;910
2;2675;680;4939;-2348;747
-4648
-2600
-2613;3164
-1219;6439;-570
98;-565;4101;-5001;-2665;-6764
-1582
-3686;1784;1290;-6652;-463
560
-2611
-5529;-156;-2941;1918
-2613
6034;-6452;-153
-681;4413;-3120;-1648;-5808;3199
384;5489;5540;5909;-1389
-6519;-200
2899;3820
-453;-123
-260;-3390
4673
2914;-1813;5236;-294;1656;-4048
6;-1687;472;-4603;5231
790;2615;936;-4411;5370;-3694
3858;-2232;4600;218;3468;911
-4417;135;-3979;6652
-1346;-6420;-4084
308;-4807;-183
-587
-4770;993;-1908;4724;5645
4944;-3332
-1029;-1733;-5862;-1006;-4272
-2195;-1316;2917
-2386;-1280
-3432;-3309
1680;-882;5812;-4425;2781;1774
-2754;-5605;-431
-6513;1633;3258
3792;1926
3672
2555;-1951
560;-1484;412;-5133;-3149;1020
3348;-6085;-4694;-3030;-128;767
-6433;-5079;-5049;-2732;4349
-227;5627;-3932;-3102
-6755
-2420;-5357;3070
-646;5915;462
3687
-433;3098
6097;5527;-2013;-1822
623
-4820;1492;-1782;2438
-708;-1852;1403;-3901;-4783
50;-2710;6360
-1875;-2630;-552;4156;6652
338;4327;3102;-3039
3219;1609;814;3183
820;6266;-3792;1439
-1971;-5892;-4267;-2126;-5839
-1841;1889;-3299;331;107;3454
2112;-2871;4585;2959
-6177;-4802;-146;2050;-445;1709
5124;3498;-3883
5426;-6724;6038
-931;804;-3945;5741
4992;-4898;5939;-4661;38;-763
-1688;749;-4830
1636;3877;-2409;-4780
996;1756;6094
483;-1142
-193;2900
-1603;6359
2482;244;-6250;2795;-4028
1766;-3452
-2993;-147;-4068;-2344;4536;5677
3474;2867;1510;5465;-2413
-6754;5065
-4321;-1316;6149;5276;524;-528
131;-4773;6334
-6153;-4746;5882;2300
5424;657;-3893;-5931
6815
3410;-3179;6363;4319
6596;-2646;2325;4296;-5802
5346;-1111;2375;-667;2603;-704
-5057;6757
1266;917;3614
-1142;982;3945;3037
-1842;-2788;-5940;2134;1206;-2666
-5749;-6185;24;-3578;-3562;-4158
-2772;1509;-2471;-488;-4014;-638
5617;-4935
-2145;1456
2852;-1973;1077;5900
-4982;2539;6332;-1694;-1710;2253
2973;-5712
4681;-5674;3356;-6126
-6097;-529;-6308;5156;1966
-4370;371;4676;5134
-5793;-5953;6785;4946;5826
-2084;2517;-2156
5249;-1875;396
-3158;2375;4491;-5149;-5278;-6271
4339;-3637
-6053;-794
5910;1654;5321;1130
-6065;-3446;2230;-1737;2139;30
-3349;-232;1068;-1264
-1815;5851;-1326;5167
-6040;4951;378
-5126;6250;-5934
3029;-5320;-6616
-4804;3734;1979;829
-3788
-5185;-2978;3015;5863
-4884;-4566;-4695;-1256;5177;-732
962;5623;-3962;3213
2673;1905;-2486;-352
-247;488;3551
-2770
-5841;1508;-1957;6748;-4256
5845
2392;5658;-4251
-18;1316;-3461;-4711
3024;-1702;1094;652;1532;-798
-3804
145;2797;669;-831
734
5559;665;4221;-318;-1199
5600;-2097;-2765
-1075;1127;-3402;-2444;5054
6833;-4565;-6073;3064
-2265;-4364;-4415;1087
1458;1610;3179;2812;-2271;-4000
-4290;-1572
5904;-964;644;3400;3258;-1261
538;-4204;5852;3678
-5957;-1735;4791;1772;381
3824
5873
-2197;2644;-2536;2286;559
1785;-4590
-5882
-131;-180;-199;-1337;3178;-2095
-257;5235;5044;-151;4205
-5668;-218
720;481;588
-1791
-4557;2766
-3139;3907
-771;3844;3924;2988
4112;1652;2617;-5612;-4606;2607
-5300;-2695;-746;-4140;3837;5198
960;-227;5076;85
-3857;4295;-2425;4380;3773;-272
-6646;5868
6416;-3617;-996
-3853
-3681;3440;6497;6550;4876;3583
403;5589;-6603;-2224
-4418;4708;5316;6821;-2472;-5071
1528;-4365
-4017;43;1135
-4481;-5500;-3101
3865
-2845
-798
2661;5870;2030;5598
-4326;-1595
-5395;2868;3269;-2248;-351;30
3635;-4521;3710;4383;1791
1810;-4762;-684;1980;-2013;5503
-2859
993;2339;3401;-1823
-1685;1912;-3017;4792;862
1094;1340;-4351;3247;2559
-2338;3925;-4457;4715
-3842;5531;6622;4799
6753;2386;-300;-2445;1278;-6848
3587;-1988;2278;631;2828;-6512
4213;2757
2985;-107
-1692;3211;-6447
-4770;293;-950;-2327;1894;-1116
3733;1195
2326;6328;-843;6333
-1130;-1755
-1841;4419;-5268;6598
-5234;1171;5050;2204;718
-2706;-2230
4737;5841;-1547
3920;-5594;-4287
-4248;2382
-3890;-5109;-1336;-4844
1970;5189;-3337;6239
503;5465
-4950
3970;3716;-1927;-6139;-3547
-4951
4401;1205;3367;2123
-356;-5623
-5317;-4760
-1253;-4781;-5070
-5984
-6882;914;501;217;-1674;2987
4002;-5064;3975
-2132;-3397;-3004;-526
-2274;709;-952;4415
2923
6450;-6119;6279;2457
2000;-6398;-1599
437;-3366;-1160;-3050;-3980
-5906;834;-1368;-6504;-3296
-882
1109;-6585;521;-3931;-189
4915;361;1579;172
-1506;4273;3970;-2836;1078
-935;-6376;2263;-959
1297;4713
-6802;453;-1051;445;5102;-1088
83;-5072
-3654;2760
6258;4659;1448;-5707;2702;-6416
-598;3543
4881;5701;2604
-5124;-3624;-5821;-5789
-278;1624;-2219;-1054
-3426;1218;5396;4342;1738;-2221
-4341;2413
4;6679;-5656;-4712;6359;-6652
-6881;6241;-1283;3638;-6718
5490;-2281;-2763;1484
-4100;4804;-4024;-296;-4762;3374
-2307;756;6556
6592;6607
-2695;-2106;3887
1602;-5593;-3070
3652;549;3191;1354;2685;-5392
-2741;1821
-3235;54;1241;4809;-6862
-2657;-4932;1939;-1739;-4797
-3462;492
-3956;-2518;-5723
-933
-1252;3829;-1644
598;3015;-5818;-6012;-1933
-5396;6212;6437;-4358;2136
-2821;5976;-1195
4625;-3890;-2003;-1320;3514;2060
6544;2480;-6359;-703
5908;-874
-3571;567;728;296;6281;1758
5035
5076;3033
-4050;-4003;-4147;1715;4075;4444
5522;-4809;-410;-2272
948
-5334;3911;-616;4011
5048
-5991;2986
6077
958
4032
6576;5747;4517;2314;2286
-625;5908;5318;6262;455;5146
4276;-5896;-6476;5086
-2596;-1557;-2619;-1360
-5736;-5468
841;3851;-5661
-6785;1396;-1725
-4241;-2321;-2995;-3367;3111;4746
970
-5349;6324
-6178;293;4968;6120;6014
1685;5082;-2717
-2179;-469;-3949;-6672
-452;-5125;-2630;-1879;-3519;-6832
-5078
-138;-1870;6062
4384;-1253;646;167;-5576;3640
4841;4493;-158
3584;-5516;-2127
-726;3607;2203
-5906;-885;-75;5823;4079
6241;-1555;5338;-1868
-403;-1688;-6425;-4716;-2095
-2016
5826;-3811
-6449;-2978;1266;-1113;3595;2638
992
1444;-214;-235
4400;2613;-6055;-411;-2572
2689;-3110;472;-3100
6272;977;-5605;6791;-266
2659;2358;-3691;5821
1600;-6198;-505
-1016;-2043
4128;3027
3060
1906;3622;-5849;5386;2844;-4846
-1428;4493
-676;-1366
-1425;-4547;5656;3467;3004;5103
3816;-1774
6696;2648;5322;-2301;6063
-6820;2727
3069
-807;2326;5158;-3960;-3739
