2705;2979;-518;6859;6411
-3078
-359;-3673;-490;-3677
-294;-3464;3447;4680;2810;2044
3125;-6207
-5842;5906;5608;-3308;3791
-5394;6212;1243
-5134
3508;6775;-29
-968;2775;-3994;2171
6161
3090
-4403;3156;2230;-6124
5440;802;-347;3166;1199
-1153;-2486;5708
3443;-2938;-3599
-3833;-1533;5343
-2071
-1396;-2724
-6313;-5504;-3568
1859;5541;-2255
-47;-2031
4513;4276;-1895;-3068;5422
1040;1045
-6084;-4982;-5913;568;-1548;1535
5159
-6162;-6084;3336;-2365;5087
-6188
3873;1988;1031;-5823
2093
3952;4835;6620
337;-4259;-6035;-332
1526;-6248;6887;6075
1443;267;-636
790;-905;-4032
-37;-6070;-2972;-4909;-6544
2257;-2792;5821;2958
-5202;-2857;-4186;-2619;699;4895
-5747;1596
6880;-6826
-2403;-5049;-441;905;-6380
2561;4898;-3350;-6331;4220;2157
-2500;2311;-5583;591
-64
1088
3075;6079;-3968
-6378;-5979
3787;6523
6339;-1191;-3000;1289;4107;1743
-689;2902;-3311
-4184;762;-5869
-3137;6283
-1011;-2138
-2657;-1796;1652;-6496
4184;6204;957
4370;2451;-5476;-6073;-6618
339;-724;3381;-2654;-6303;-2320
-3236;-2102;4743;6827
2950;-5879;5067
3163
-1953;-6569;-4682;-202
-6458;-4538;-2300;-2061;2751;-5920
-4231;1703;4826;-4987;-459;5293
-5253;872;-2233;-2669;-4526;6542
-710;-4569;3355;-4320
-52;3002;-1792;-1056
-2066;2170
-3621;5301;359;-5216
3181
4486;-3785;-1885;-5071
3378;4204;-4510;-2127;-6176
-6065;3619;1310
-2161
3540;-6700;-6124;-3582;6607
-2497;5716;329;5340;3293;-3871
-1144
5779;6492;3276;5581;-3600
-3650;-6344;-4015;-6592
-3745;560;-4851;1769
6516;1110;6538;4398
-3204
2181
2628;-4816
3214
704;-6758;-4509;1199
5268
-6295
-5729;-2049;5094;-3866;2156;-4975
1857;344
-6417;-2153;-379;4699
4499;-3012;5837
-6805;-2348;-6365
2113;794;-1726
-995;-4931;-5157;1701;2664;5535
-3365;4040;3580
-6305
2725;-2936;4792;4088;6040;3884
-6838;-6614;-24
6308
6357;-4140
5290
-2540;-3775
-2465;6050;24;3353;2362;6206
-3244
-968;4490;6316;5694
5235;-5061
-449;6658;-183;-5852
-2212;-6678;3349;5717
-6163;-5347;3141
2996;4031;-1728
-5794;-968;-5129;-2973;348
-3330;-6066
-1209
-1219;-4563;1124;-4184;-1676;1116
4611;-375;-4665;-3070;-5903
-451;6277;-5544;-6857;-1005;-800
-2581;-6824
3236;3097
5730;5122;629;6840;2109;1263
4128;3651;5655;-6076
5298;-5207;-6506;6428;-4190;910
-3922;138;-6653
5042;1907;84;4105;-6092;4366
563;3415;-3545;201;5932;-4319
-786;2657;5493;950;870;5352
1664;-2915;2594;5960;-6190;6255
-5323
3769;986;-5982
203
4900;1734;-648;3434
3696;6281;-2859;-6748;3099;-1216
-438;-4894
-2580;-759;-6089
-3538;4002;6357;1582
1537;1186;228;1192;-5178;1247
5121;-5381;-1781;-2186;4460;-447
-2597;5244;2687
-4834;6756;916;5655;2281;-6462
-2295;1207;6425
6361
-4742;872;6476;4780
-1233;-5132
1779;-4869;6382
1026;-6115;-3975;3946;6363
1136;-3492;5669;-1783;5496;1389
-3685;2534;2774;5687;3319;-2208
-642;1897
5115;3310
-6341;-6182
-2084;1797;6027;639
6736;-3429
3308
-3996;3759
6381
1262
2119;-1098;-1726;943
4979;-6120;-6696;4828;-3375
-2497;-3411;-2468;1990
4390;-4535;4506;2027
-3208;911
-6396
2275;1864;-269;6623
-5811;-6873;4238
5248;-67;-2789;1957
3325
727;1578
-4850;-3717;-6728;-6745;2319
5824;-3510
-3121;-2694;5781;3879;443;-4557
1729;6611;-587;-3389
6177;2514;-118;-6283;-5632
-6739;4858;2155
4913;-2591
4355;-6070;6742;2727;3786
-5447;-3024
1892;-1435;5967
-1457;-2738;1496;-2704
2772;-5080;5663
1311
630;3754
1202;-3237;2726;2887;-3868
4162;-4374;3813;-5846;6296;2383
-6545;-2259;-6851;1395;1445;1257
-294
2794;2620
-6049;-2665;-3403;1580
-6156;-750;4559
3463;-4120;3004
-3373
-754;-2418;1353;731;-2926;1662
4858;-3531
1328
-4401
2353
2832;-3442;4275;2758;26
5809;-4516;-1611;3818;-4831
-4321;-3730;-4198;4504;4365
1397;-6142;5055
321;212;-3429;537
-4404;-2180;-2919;-3993;5547;-556
307;1044;5110;-6462;5741;718
5136;-323;-5944;815
-3388
-2132;-2281
6681;-3372;-2717;-909
-1699;-5516;3852;-4125
6624;1554;3517;-110
3828;-2151;6759;2430;-3376
-5826;-4611;-1397;-5897
-1141;-6261;-5624;3485
5392;-5065
4593;-6146;-377;-5567
-1478;2231;-4155
-1106;-5893;-2985;2986;6123;-2528
6417;5480;-4617;-1434;-124;-271
3680;2241;-2781;5198;-5136;-3536
3477;1145;-6029;-3326;4542;-1168
6803;-2229;-5483;3291
-2242;3876;2796
262;-6632;-3183
4660;5918
5604;5999
3537;-4341;-1398;-5051;-4352
5922;2053;-1488
-6337;-5699;-1622
-4520;-6041;4105;3036
-3411;2758;2536;-4186;-93
4546;-2999;-5114;-3950
-2363;2013
-5553;293;1278;-4224;1711
6256;1845;5564
-741;-3709
-3426;-1826;5650;-1995;-956;-879
-3381;-2966;3831;-1224;-2489;-6425
3283;-3108;-2965;4821;1406
-425;-4698;-5485
-3310;1917
-2819;6793;6876;-2288
-5430;-5822;1663
-5841;2884;6087;6074;-4591;3951
-1399
-4356;1509;-2872;-6248;-3097;-2719
3122;-829;-3342;-1375
-2428;-2685;-4479
1575;-831;1679
3450
2652;4895
3452
-3058;-4532;-2009
-4661;-22;-1846
1536;-6184;-2905
-5847;-3754
-562;6008;5181
6727;2168;-2635;1787;-2540
5441;4163;6503;-6858;-3740
-4851;-4276;-4154;4283;-3933;5373
-1426;-1158;6295;75;-6224
-2977;6548;-2662;505
208;1206
-2755;-776;-1834;-6459;5242;2091
611;-6829;701
-4189;-4400
6081;-916;-1381;6213;-2630;-1850
-4346;6396;2445
625;2327;3674;2991
6035;340;-1784;2729;4345
3542;3004
4339;-6676;3748;-1238;4600;2799
-3478
2458
-4206;-5422
-4511
-4658;-3949
851;-2484;-438;-1416
-5592;6009
-2273;4073;-3501;2237;-4032
-2472
-6338;-644;-2856;-2875
6083;2443;1117
2475
-6418;-2052;4953;3087
-3502
3376;-4899;-2824;-4617;-5883;-943
4757;-5911;-4729;4074;-6027;2286
5550
-3585;-6437;5928;6730;-157
-1271;-4281
-3461;-6789;-3434;-61
-2805;1478;6806;-3082;-1964
-4823;-269;-464
5523;-4853;-235
-5266;4804;2757;6358;1436;2637
-5559
5376;4339;1339;6556;2286
2489;2954;-3979
-146;2869;-5511;534;-5356
-5698;1986;4153
2438;-3911;-3852;-5359
6613;1721;3373
5077;-6456;3927;957;-4975
176;6770;2978;-2309
-4276;6601;6315
-3522
-2166;-2381
-6355;-1124;1494;-6839;4615;1610
1331;-6261;-2694
5095;250;-5803
6601
-177;-3716;-2600;360;-1644;-4973
2546;5395;967;-1629;-5150;1406
1619;-6504;-3258;-4348;1837;4046
5506;-3366;-1399;1898;-6060;5932
-4561
5985;6551;1229;6159
3412;-3886
-53;-5830;-2566;-5338
2753;6666;-5390;-480
-3141;-5147;-4380;1486;-560
5744;2325;-6073;-2814;3343
4443;-5949
-1810;5906;434;5155;4761;-5771
4707;6214;827
5990;-2585;1787;-6703
-988;-4622
2193;-982;1544;-2907;1646;-3008
1089;4273;2386;2022;-4160
-5313;-5635;2999;-2782
-598;105
-4177;1553;-244;-5994;618;-1467
-6004;644;-3974;3765;4471;2616
-6163;-2070;-4906;-5789
5481;-5978
4454;-5306;5209;-3082;-2796
1883;-3406
-721;5447;-4010;202;-1420
422;-1512;-825;-639
3651;2998
4339;4087;6568;2187;1261;5615
1393;-6436;1059;6428;1134
-6033;3927;6488;6284;-943
5233;2310;2185
-6683;5244;5023
4646;-6652;-3630
-1572;-2037;-4565;6228;-6042;-3792
624;-3506;-3558;-1630;-5760
-1284;2643;3545;-5659;4347
4320;2345
-1875;-2376;-2416
5109;-2232;5688;890;10;-3822
4620
5686;-5161
6373;-3513;-4106;3070;4846
-6625;4048
-4665;6218
-4517;3672;4446
-5873;-645;-5786;507
-4929;-277;-379;5051
2545;4210;-3149
-6226;-6135;-3001;5322;-5855
3185;5433;1135
561;-3148
-5804;-3952
-1730;-859
-1457;-2771;5879;-3001;-2586;-701
1565
-3511;265;1679
6035;-5943;-5767;-5323;-2859
1001;-2572
-6489;-5724;-4318;3695
789;-4410
-4163;4713
3862;-5735;-6601;2795
2757;3020;-3070;1837;111
5858;-1013;-2504;-2809;-125;-991
-2225;-4258;849;2933;1562;-5565
4516;1094;-4764;-5902;-624
561
6005;1981;-1280
-1953;-3857;1563;-6685;-6015
1745;6436;4166;6774;-4222
2613
4320;3939;-2506;4029
-567
-5393;-1940;-6121;-5116;-2348;894
4688;-167;-4904;1176;2847
-1810;2770;-3303;1948;1997
-4687
-104;-766;4542
6409;5455
-3242;-1451;1453;5871;-5952;2719
1202;2931;1060;2632;-4458;-1741
-4422;-2938;-6108;-447
6504;-3853
-4381;4285;6847
-2129;-5203;3651
6153;2331;2365
-4706;-4419;1347
2579;3751;5596;4910;4255
3858;1090;-4758;4549;-3451;2395
-6693;4984;2619;3309;4543;2095
-4276;-2341;3796;-4489;-1500
-2646;6056;280
-6277;-3259;-5419
6136;-2446
1744;3364;-1067;-670;-2752
-1047;-4121;1901;3887
930;4810
1345;-611;5204;6681;-5855
5743
5409;179;-1109;-4938;1082
5568;-1559;1691;1068
-6821;-3303;-2380;-1596;-1886
-1062;6203;605
-4241;-2244;3796;4342
-674;-5427;-6181;-6519;-5386
1236;6566
3428;6423
3124;1607
4675;5364;-4282
6417;3348;3388;4895
211;182;4568;-2105;1884
3281;-1612
5136;3552;2565;-1559;-4953;-1021
-6529;3601;-6840;-4761;-5580
2700
-2290;-66;-2662;-3436;1468;3261
-5242;1517
2701
5200;833;-1094;-2235;5119
-5554;6324;-1341;4300
3232;757;1557;4329
-4817;5620;-1464
-5473;6135
-6343;-3230;6861
-5684;-1239;5641;-810;-6861;2143
5952;-634;-557
4562;-5229
-2135;-5240;-3305;4009;-5211;972
2531;3258
5790
-1474;-2548;-3588;2840
-1698
-6369;-6567;-3102
-3124;-5302;-3943;5943;-6540
2304;2690;-4921;-3899;6780;-6704
-4339;-6200;-5499
2949;-4652
6146;-1749;5556;-6043;-5613
-5138;-1747;5180
-3354;6522;5195;3134;-4624;-1072
276;2453
-1745;-4059
-700;-3056
-2676;965
-5831;-1001
320;2673;6093;-3279
-225;500;-1867;-2172
5042;5990;-4328;-2360;1101;-655
4944;872
-6705;-2629;9;1209;250
-4794
6545;1329;4978;-4986
-337;6500;-2680;-6154;-1102
4208;2384;-3238;3494
-5364;-4521;3036
3840;4082;-3977;474;-3712;1023
2246;-2489;2028;-5261;-3376
-3781
3954;-5734;4524;4700;-2640
-2758
-4005;-630;-6488;172
-2998;5014;-3642;-2878;-1327
-6740;-1557;3752;762
-3770;-2061
4387;-2662;3081
-993;-4934;-365;5742;3311
2353;5271;-1978;6236;-6688;1663
1739
4912;-1030;-154;5180
-2308;-2181;5862;-1690;5129
2848;-3618;-6647;-634;-2908
-900;388;1786;-6044;-1069
-3523;6026;170;2621;-4576
-1;1057;466;4182;-2935
6741;-712;-2989;2573;-2895;-5488
3793
-210;6201;-5579;-4475;1293
2048;5323;2875;6477;-1664
5600;-3853
-2739;-5988;-1510;-5847
2773
-3284;2839;824;43;1327
6483;-3894;-6186;-2202;-4603;459
-6738;-5236;3667;4618;-5232
-1127;396
1754
-2610;-5397;5195;5484;4204
1891;-5540;-2314;2572;-6559
3732;-901;103;-5804;-5040
1233;5764;-2118;6537;4686
-5864
6887
3442;-1014;2412
1596;4270
-4484;-2909;1405;6735
-3065;2009;-5837
-4005;1207
1571;207
-6759;-2192
-6387;482;-3700;5911;1849;5676
-5818;-2111
5553;1;4423
1840;1620;375
-1763;917;-943
-3385;3688;-5261;-1952
-5284;-1396;2954;-3229;6189
-6819;1588;4359;2809;6105;-5228
-1792
-2673;5921;5140;5097;-286;-144
2815
5888
3383;3083;4543
-4593;-6781;2412
6793;5851;6557
1488;-4530;1246
5568;-3031;4023;-2872;2074;-1916
-5896
-1857;-1955;-5893;-3359
-5061;-5643;-28;2573;-2862
2864;-1842;3046;809
-6787;-4389;-3223;-3791
150;4122;2654
1011;-2373;-1464;4121;-6174
-3782;-1098
4178;-2367
3984;-5427;3634;-379
-6851;-3159
4930;-6279;-3224;3768;3646
-1821
4892
3868
-3380;-3895;-6521;-5595;-2047;-1888
-4168;4968
-4033;-4960
-580;-247;-3849;-3034;4701;1183
-3172;2852;-748;5966
-3108;5829;-890
-1441;4642;6450;-2745;46
4705;-5517
-4332;-576
2787;1828;-2489;-3964
-932;1574;-3737;2281
-3888
-1137;6466;5395;-5365;-2698;202
-1843
1856;64;-1169;-6692
-5941
2212;3064;6809
1851
-5841;-4930;-4328;2238;-256
2456;-5339
-2340;-4358;-2300;-2078
2851;-991
-5380;3095;-603;4749
-966;1541;-1191;-5343
-3731;1925;-3145;6216;6857;5006
545;5927;-2559
5862;-248;1083;-3807
3283;-2694;-4508
4943
816;-2675;6805
-852
51;-5945;2600;-4442;-3359
4817;5266;854;3709;-1424;-3152
-3922;-1079;-3023
-4370;-1849;-2217;218;6332
993;-1510;3125;6296;-1899
-4945;4177;-3065;3580;5278;-3136
2915
-1075;5155;4404;-4924;381
-3428;1718;-2012;-3293
2496;-1001;-6464
513;-4835;-4282;-6607
2531;5683;5173;-6073;-4281;-111
1902
-4790;4982;4619;-5696
5335;6409;-1643
1394;-1801;1421;3967
-2227;1347;5205;-3436
-1915
2833;1129
2614;154;4267
-2021;-2791;-1200
-1403;5339;-6877
6362;4474;6062;2431
2851;3166
-2405;-1893;-5658;-3230
4561;-2744;-537;2250;6282;2349
-3841;6691;5062;2201
5573;143;-720
5312;3095;-3929;-1355;-5421;-2701
1168;5106;-3588;3812;-2565;2089
-6404;232;-3948
6145;-3593;-4480
-1745;-1939;1876;4617;142
6030
3633;2677;3622;-6010;3133
1184;2611;295;-3306;-2939;4091
3842;2386;-6548;6217;5738;543
-1126;-327;-6631
6864;5283;-6536;-4840;-1688
3872;-1237;-4972;2637;1037;6749
5493;-2525
-6865;-3986;-2103;2871;970
3857;3572;-5131;6815
-1947
3282;-1431;4791;428
903;-4042;-3934
4434;4626;-6777;-1355
-4805;1975;876
4642;1634;-364;5259
3042;-4392;1688;-2572;-2797
-5746;6553;-5839
6304;-249
-114;-3619;-3253;-6152;-4185
1953;10
4132;6676;5849;2718
-2897;-3089;5986;-4986;5931
-5620;-3519
5969;6241
5875;72;108;1037
-3299;-2458;-3100;-5404
-6809;-3357
-2250;-1182;-1615
1907;-6565;5748;-6684;-6622
85;-5350;-2456;-6543
1521;-5045;-5702;-3020;398;-1392
-2321;-3028;-1145;1609;2908
209;-1222;2666;-2924;6781;-462
6720;-3602;3554;-4212;-6488
70;-2759;-4415
6080
6196;213;-2457;-6335;6415
-610;2900;1636;42;-3276;6415
-4101;6244;868
1989
-660;6443;4398
6163;-3254;-2952;-924
5332;-2140;3947;-3101;-1023
1345;-4692;180;1046;-1595;4687
-5746;-5956;3558;-6141
-4048
5071
6785;899;-1862;-4845
5237;-1184
6363;5292;2638
2263;-3247
1365;5417;5466
-1779;-3304
2012
1218;2756;-2986
3954;1333;-1227
-2385;-4897;-4214;-1499;1595;3243
-2135;-5816;-6649;2875;-3600
-5505;4311;2314;4988
-3492;-6455;3115;-1327
4963;-2456;-24;3992;-5484
-244;6489;1914
4063
6435;3061;-2107;-2301
-1057;-4770;5707;2204;3004
4226;5511;-6429;-158;-1855;-6384
-3201;1183
3972;-1494;-1558;4567;-2444
-3415;230;3240;-3276;-3998;5198
-1634;4337;-5862;-5275;3418;-2128
1331;3732;5367;1834
-6515;4356;-827;-5183
-2833;2435;3843;-2138;123;-429
1169;5978
4638;6814;-6352
3057
-1671;6776
5010;-4000
581;6037;3354;-2816
-6322;3954;4835;-942;-6640
2043
-6622;1502
-5281;2039;-4408;-3084;2255;1311
