-6146
313;-2878;2559
1680;3489;-3851;-2926;-447
2930;-6709;2983;-3355;-4079;4127
-5846;-5241;1385;3370;-844
3188;5015
448;561;6173
-353;-83;-491;5757;-3791
4384;6596;1515;-4236;5070
-3074;-2519;6358;2859;6859;-5344
4115
3814;302
2324;-4395
-2407;-4600;5884;1100
-3505;5249;5447
-1899;-1198
5523;5733;-4872;-2362;-6095
-3724;-4524;1085;-6176
-4323;-4889;269;1743
5524;6796
1488;5728;-4931;-5097;4029;4959
-6721;-850;4279;-2843;-1068
-1304;2362
-260;6755;-6888;-1501;6653;-6847
2084;-314;2217;-6602;1706;-156
-6403;-6009;3848;-731;-3741;-317
27;1038
45
-6561;1520;-2102;-73
3441;2167;4679
-4144
54;-1611;-3616
2100
6581;-6635
-4184;5309;-1070
1610;-2398;4941
5665;433;-1241;1977;-3950;-4990
-1137;-2569;-2283;811
3221;-5689;1545;6218;-5355;-3071
6595;-6535;-3819;-2811;4622;-4255
1492;615
5732;2742;441;4458
6340;-5752;2601;4474;1373;-5903
3809;1202;-869;-3131;363;6879
-1282;4977;-3828;-5752;3965;-6335
-1233;2372;-598;-671;-3008
4992;642;227;2062;-3760
5747;2629;2956
5156;-613;3574;-2120;-808
-1604;355;-775;-5660;3548;-1054
6272;-2593;2549;-5132
-6219
-1099
2084;-6566;343;6572;-3535
-549;-4073;3340;-6415;-3648
3072;6849;3338;-5211;-5920
-358;-6424;6652;-3182;1182
1109
-5057;6146;-5557;-582;6159
-6230
2418;5766;-4023;-778;-223
-1115
-1448;5193;-3837
5212
-1956;3702;6887;-1372
2981;699;-6847
3128;3211;3997
-385;33;-4649;-4313
-74;-1050
6754;6595;2110
3409;4418;-6758;-1174;-5007;5214
577;5490;980;-5146;1146;-6223
4931;947;4278;3259
6666;-6508;349;5743
2309;-890;-107;-2445
-1521;3478;6345
3014;2749;5613
5233
4210
-2133;4296
-5873;-2388;1414;92;3566
99;-4244;4980;-6877;-2272
-965;-181
3219;-1046
-6609;-81;-3458;-3780;3733;-1196
-2899;3779;-4694;-2294;6235
-6273
-3045;-2280;45;29
3203
-4881;3570;-6661;-2463;6207
5830;-2636;4107
2448;866;-200;2889;-4220;1423
1840;-5411;6706;1303;-207
-4678;4907;-5485
-3816;2441;6107;3598
4944;1795;-457
-2187
-6866;452;3446;375;6828
-6225;6855;1692;-2976;-6656
-4787;-714;3385;-1101
4272;-4921;-5593;-3596;5597
5953;-1826;723;1210;-1583;-5648
593;1601
6595;403;1461;-6359;4362;-6315
4244
-2279;-4014
-3985;4119;1432;-539;-5067;4189
-2531;-4790
-4613;5317;3545
-2202
-4018;-234
-3229
3040;4036;4838;3991;636
-3013;-5301;-5495;3706;5196;2700
5472;1040;-1073;-6757;-1255;4779
-5224;-3129
1971;5943;-921;-1386;5691;5247
-2744;4955
-3861;5048
-3237
-2129;-6546;-5751;4616;1821;-3440
-4466;4946;6085;-1949;2717
1190
2644;-6862;-3118
1191
-6003;-1480;-4974
-5249;-4773;2247;168;6236;-1872
-6145;-2234;1850;-812
-5905;2469;-4778;4907;1294;-3280
5886;-1616
-2100;-1148
-4931;2179;-4312;-5401
2438;283;-495
-387;-696;6383
-962;2168
1025;-3259
-1274;-4555;523
-3810;2440;159
3569;-2914;5462;1240
4708;5306;4959;-5568
3396;-4680;-3003
6580;1352;-2123;1724;-3757;-4992
-5028;-4284;927
-2421;538;-6732;-1486;-335
-3955;6851;-2868;-6613;-2829
-1956;-3496;-2381;4206;-4543;-4319
-4132;-4516;-2187;1418;-1296;-2800
-3922;568;3646;-1520
931;2903;-6795;5212
2515;4857
3953;5442;6169
-2788;2039;1466;-5022
-1457;-2849
-1958;-4398
-4531;6791
-4571;4795
-1586;-5299;3223;-3496;-4331
3553;5188;-6806;1371;-6605
-3059;4467;-2410;-1468;-1853
-1316;4547;-1912;6680;1304;4235
6706;5555;-4203;-3131;-604
-3304
5939;-1557;2293;-4395
1457;3250;-4473
1809;-562;-4939;5823;-5440
-899;-2888;-3338;6170;-1147;-3261
3684;-3752;2731;-2877;-2078
5425;-2282;5308;-285;2319
2738;-5910;3770;-6749;-4336
-2866;-3827;3347;-6118
-6595;-2182;-5960;4073;1199
-3782;6605;-3072
2001;-24;5049;6492;1645;1471
2593;-4306;3224;4344;2588
4390;-2299;-6285;4446
-5293;942
5952;-3316;1252;-6506;2874
-1827;1650;-6264;-5050;2314;-6447
-2899;6226;-3063
6482;-2215;5976;-6570;687
-3553;2668;1150
-2770;-3876;-136;3015;1453
-5059;6422;4089;-3435;-6380
5938;3977;591
-3587;-2100;-2500;2798
2318
6449;-5464;-2809;6072;-6218;-4446
788;-4135
-1412;2458;1277
2929;-5255
147;2596;6574;-1872
-6424
1768;559
-610;5066;2991
5728;-3667;-756
-5249;-3251;-949;6750;-4752
-1788;-544
4380
1186;-5524;709;6247;-1309
4788;2137;-3568
-4236;5149;1423
-3537;4068;-885;4550;1031;-1867
4833;-5122;-4838;4919;2798;-4928
-1495;2615;4152;-6459;-6143;-128
565;-4008;-4251;1259
-5234;1299;4426;-1806
6853;2534;2168
4753;5154;3698
3281;5523;6886;3037
2660;3286;-1351;2442;4525
-1235;3602;931;6504;-3647;3359
4992;1139;3091;-645;3125;-4235
6183;-6058;-2715;1262
-437;4987;6876;6287
3617;-2855;4666
-1061;3417
5345;-6835;-1893
4528;1139;-52;-3255
-786;-2102;-6809;6025;-3371;4682
-6689;-2834;355;660
2338;-3816;-6841;-4618;1357
-3601;4402;821;2521;-4459
-964;-1786;-4734
1340
-1426;-2988
-5717;2857;5980;6414
-5331;-3581;3695;-2272
-1172;3461;3336;-5227;-4816
-6035;-2248;5912
-721;-6004;-4392;953;1066;-1468
-2996;-679;-1772
-273;-2310;-816
-5222;799
5218;407;4551;-3705
-4034;1316;6247;6090;-1099
3406
-1359
-3762;-3923;5491;5384;650;2639
-643;6706;-4437;-2199;-265;-3597
-4981;6343
2123;-6559
-4407;6072;-5531;-571
-2149;-2775;4170;3739;-4350
-4725;-4677;4902;6888
3414
-4869;-1110;-4807;-2408;-1645;159
-6490
5430;-6663;887
-3413;3759
-882;1427;-6133;2326;-2904;5818
4304;5155;6068;5430;3901;-6079
5813;2763;4060
-2397
-3427
-4661;-4911
4320;-6726
-1201;4802;1766;5799;1913;591
1440;-1448;-761;-666;-1998
-4819;-227;-3268;6740;2148;-1959
-396;-6109
-5505;-6547;-198;1527;1580;1613
-5665;-3025;6295;6585;4365;-2048
6165;5463
256;4790;4776;-4336
4578;-4212
4128;-4919;4231
-4465
-2561;2344;3658
-5633;-2930
1782;-6249
5379;-2121;-4878;-5919
-2242;-5222;-5960;199;-458
1396
672;-5666;4659;-1348;-2840;-971
-49;7;3192;2104;-784
-5496
4705;-4323
-3807;2094;6191
6527
385
-434;-2005
-3841;2883;-6439;-5287;842;1210
2513;2772;-4555;2733
-306;-5975;651;6187;3934
-6867;-1731;5130
-914;-4854;1275
3877;1640
3689;2602;1275
5280;-2725;-3661;-6462
6400;145
1431;-1051;-5903
-2372;-3623;-2536;5405;-2399
-2098;2451;2121;-4682;3257;1405
-53;4557
-722;-6278;-441;4472;-512
-69;6622
1906;-885;3319;2215;5119
4599;233;5818
-321;3873;-963;-3379;-4006;6232
3152;4247;4664;968;6364;4573
140;-2749;-4976
5689;-6651;-3552
5153;-4498;5752;746;-591
-5923;-2901;-6218;-4031;2446;5967
-5617;2418;-4390
-2165;6372;-1673;169;-1259
-5542
-790;2236
5041;-5495;-2087;-1289;4253
-3633;2633;-448
4726;-2251
-2478
-3058;1634;-2395;316
1120;-6132;3572;-5241;6249
-3137;3651;2453;4633
-458;891
-4619;1530;5372;-3742
-1715;835;5557;5350;4743
322;-2933;-6589;-3535
1470
-1445;-2857;782
-4545
-2502;4998
-1030;-5567
-456
5668;-93
-4001;-4779;-2944
3531
3490;-1081;-4683;-1262
1733;4806;2234;1932
-3539
-5377;499;1339
6179;-6709;-3991;2631;728;-4428
-2520
-5857;-259;-534;-4218;2973;4351
-473
2643;-6823;4602;-5708;6782
6276;-6218;415
6305;5987;-4650
-6660;-5084
3142;231;-175;-6655;-95
-2836;-344;2825;3067;-2396;-2845
1569;-5620;-1551
-4580
4709;-3200
-6450;24;-988;332;-5693
3045;-5580
2534
-2536
6753;3979
-6098;3974;1926;-3882;-5452;847
-3565
-5881;5722;651
-5893;-5064;4925;4621;5999
5460;-1191;-346;5787
256;-4421;-2328;1433;-4061;3501
2932;-3305;-2190;13
6646
-5509;1222;5434;5838;2990;767
-3172;-774;5448;-347;-651
-820;5420
-2849;-652;6204;1900
-6653
3031;2283;5436
-1010;1218;2802;820;3849
-3617;6500;-4728;-4538;4846
-3586
517
-5153;-6146;-1096;1240;2444
-4981;-1718;-5496;-1049;1929;5674
-4085;-1128;-1453
1875;2355;3464;6140
609;529;5034;-6844;3500;2814
1984;-966;3480;4219
4744;1706;5341
-4625
4565;5181
2496;-2151;-4411;-1359;2414;1455
-6434;83;-3542;-4090;137
2803;5142;4822;-5066
-5426;-5475;3494;3517;2125;1229
-2035;-759;-1769;-1052;-2845;5869
6101;2741;4662;-4391;5626;-3949
2881;-2331
-6696
3810;-452;-6469;1050;-1567
-6700
-2242;-1034;3356;3549
384;-3695;2750
-4689;-6643;2573
-4401;-5750;151;-4904
-4245;-2649;-5964
-5249;-1513;6191
-5361;5933
-6717
3264;-1220;-3900;6588;-1087
3205;6552;-506;5533;4223
-5696
-5699
2627
-4563;1604;-134;-2296;4808
-3636;3189;5801;1709;3422;-1712
-582
6487;2973;-5518;-5438;-640;-6640
3152;-117;-5675
-4001;-3698;3059;-1756;75;-6559
2512;1552;-2447
-2533;2156;2126;4990
-100;-1079;-5561
-6838;2645;2572
1864;2522;2907;715;2828
-1729;-4914;3190;5017;1003;4175
-5554;3531;4670
1298;-5651;-4343;3863;-1963;-6094
-2130;3955;-5641;3336;6424;-3293
-1045;23;-1632
-2353;1657;3755;4715
-1201;-514;84
-1842;-4909
-6753
6049;-3389
-1109;4949;1897
3719;2186;4955
5217;5594;-5131;6685;5663
6766
993;4750
3716;1605;-2919;271
3665;-1899;1932
-2067;-3367;6061
-5282;5578;1356
-2406;-5239;-1176
3700
629
2931;-3574;-2107;4123;1309
678;5832;5033;3322;1276;5997
-1142;-2918;5477;1286;-4205;-2206
6839;5063
-6241;-2583;-3704;-5161;-4457
-3059;4228;5222;4871;1721;5067
-5763
-3201;2481;-3001
2724;-4374;-855;-2041;5224;-6447
-4555;-192
512;5394;5475;-4469;-1815;-4447
-3106;-6348;-1390;847;-1920
-6290;-452;4404;5038
-2370;1015;-4840;-606
-1798;3416;5177;6650;4619
-5569;-894;461;-2704;1903
-6851;-1556;4771;5126;4790;5642
-641;2900;-1017;-1646;-4352
-6339;-4934;-1676
4758
4592;-6882;1620;-2085;-698;-2331
6295;-1725;6334
6145;-1474;-4547;-1415;-5753;3306
3737
-4806;2090
4208;-6241;5089;4996;5828;-1946
6134;-4569;40;-730;-2572;2367
-3281;-6549;6396;4893;1517;767
-372;36;1156;2056;-4574
6817
-4407;-11;5706;-6029;-1056
-1170;4979;-3132
2504;5341
1123;775;-825;-3785;3487;-96
-3345;-3687;-2408;3165;5807;1151
2067;-2918;1862;2171;1599
2734
-2306;-1454
-1395;-5770;3834;-5549;1022
2404;-5015;6039;4487;-876;-3278
-2738;2550;-5623
5376;-5319;888;-1787;2557
-6822;-4567;6060;1246;1343
6611;-2848
1170;-441;77;-2958;4653;239
-5762;-1475;2450;-1238;-2860
642;275;-4725;2182;-2056;939
-5284;1059;-6505;-1229
4257;6562;3641;571
1428;-3638;6470;-1517
5441;5954;-839;-460;1452;412
2452;-152;-5256;-2105;2316
2746
-2531;-1557;620;-6448
6705;5714;2619
2161;2162;3123;-586;-12
4630;3246
-4691;3683;-4823
2928;-3619;6521
2915;-4553;509;-5727
5832
1740
707;-1894;-5529;1902
-4065;3297;6451;6803;5291;349
-227;1218;-4777;1737;-1246;-5616
2977;-2690;-4307;-2824;-1770;-2346
-720
-4817
-545;6387
-3777;-4449;-3750;-6039;-2024;-3213
-1588;6806;3770;795;3212;-3054
5748;-117;-1303;-6008;-1339;-1805
-3827;-2025
-6710;-6119;2358;-3639;-6489;5531
-4930;-3511;6154;4010;-2908;3967
4831
3763;-2905;-4667
2133;1678
-5377;1800;-4489;157
4018;-6008;4778
-5864
-581;1895;2935;5711
-2321;-4545;-5063;-5882;-1835;5583
-1462;-2730;6298;-5931
6312;1016;-430
5717;-5610;-4446;-3167;1631
304;4581;-1816;-1291
4355;-4887;-442;2491;-6432;-5056
-4852
-2677;-6427;2204
-3317;4535;4633;5145
-3159;-56;-3690
762
-2193;-5138;3366;4729
6128;-3988;1779;-1788;2733
3475;3596;-1183
2391;-267;-5965
-1313;4377;5899
5122;-5256;58;-6733;-5614;-4736
-3367;4695;652;1598;5390
1851;5886;207
-778
-1843;-6613;2436;3380;-199;1035
-3715;1910
-6498;1988;-1352;5753;-5792
6240;-4432
-850;210;6083;-4869;-3755;1370
-5907
-1812
-4954;3226;2010;-1725;5326;-4671
-450;5334
2837
-4019;5838
-6181;2806;310;1451;-1040;-192
3200;2593;6122;-877
2914;6132;6488;-6589;2093
-2244;-4615;-4263;-3246;-1246;3550
-5153;6417;-1459;6115
2470;6294;-6138;2271
2320;-2338;-4359;-218;-3376
-5217;-5185;-5765
-3880
-5237;-1368;4520;6702;-3152;6511
4834;-3943;-5831;-1863;873
-4609;3435;6079
-2115;-1108;-3252;-5213;3709
-965;4694;2919;-62;-3727
-3669;-2918;4316;-4686
-6835;-804;-5253;-534;-3055;-3791
818
233;3658
6064;-2307;135
2523;6220;-5405;-5646;1486
5947
-2880
6418;4996;5592;-2702;-4832;1599
978;-3093;4471;-5097;-2732;4638
1078;5902
5296;-4913;51;-138;-5083;876
5536;-3333;3992;-2777;4157;-591
4236;6845
-3914
1;-5928;2232;-5227;-3184
-3262;-655
4097;2439;-5291;1647
2177;-4770;6817;3796;6133;-1019
-848
1378;1519
6723;-776;1048
-2906
-4157;-1581;2831
1361;5643
-1365;-503;5801
-3936
-1425;2225;2407;4824
561;6661;5930
3248;3075;-1717;3191;4440;-1131
-5633;2785;-1942;-3448;2493;4878
-1139;-6147;-1639;-1609;6591
3937;3097;4506;-5197;-4575;3199
4967
-2922
2048;-5417;-1147;-2540;-5085
-2754;1970;5758
-4865;-4754;-1013;-5194;607
-1283;-6436;-2904;537;-1038
2612;103;4313
-2934
-5147;-619;6364;-6269;-5456
-34;-4579;2883;1354;1262
-5118;-4239;-3824
6082;-1603;-1733;2937;4426
247;6791
416;6417;5844;-518
-3834;4939;815
2949
-5336;-4955;1164;2078
368;-5803;-6735
786;4714;-1375;1759;3215
-6280;-3849
3984
5569;-6732;3582;2271;4671;-256
-6036
4709;-2768
3402;4687
-6043
3682;630;-3191;-6140
6340;6378;1517
416;-5906;4098;5511;-729;-5339
-1138;-1123;-5944;3625;-2495
817;2794;1212;5324
1857;-2708;2807
-1539;2870;-5148;-189
6058
-5793;-4145;3937;3014
-885;-2423;-2814;62
6597;-444;-3166
940
2664;-522;-1148;4043
-2930;-6886;-342
-872;1257;-3359;-6176;2063
-1318;-1675
546;-1178;-108;-6352
6185;889;-1932;927
-6486;-6752
5383;687
6660;556;-3822;-3839;-5631
6615;2956;4316;4173;-6864
-1011;-5070
2786;-2211;2872;4920;-4779;4542
-5061
-1222;4236
-930;-4835;3387;-4734
5811;-3814;-4136;-4891;4012
2886;5304;3417;-4572;-942
-1028;-5463;6299;-783
4210;1700;-5286;-207;4943;1759
1552;-3253;-6072;2701
2022;-5047
-6615;60;3836;5743
512;-3541
6104
4394;-3408
-4710;-922;-1020;-479
4000;1997;4206
2513;-6163;-4948;-4981;6092;-1695
-2178;-3705;6552;-4363;621;-4063
4482;1629
-3714;5985;-6582;2585;6782;1055
560;4353;2279;1992
-2197;2261;-4006;-3287;-5499;-555
-3906;862
-6465;3297;5015;-5306;1562;-2172
-4261;191
-54;1052
-675;-2373
1138;6553;4572
-1000
-6692;-1818;2890;6365;1278
2769;74;6350
5111;-2959;-127
369;5971;-6485;1894;5974;-2624
1225;-219
4032;-5217;-207;-5760
5104
4752;1044;1909;1692;1853
-5;-1008
-6449;-6149;-3525;-2358;-4007;-4125
1014
-1474;-566
5282;-3811;6690;5155;3912;1196
-5218;499;1673;475;-925;2478
-3345;-4373;-6614
-2501;1732;-4633;2282;-972
-4961;2642;5390
896;5204;-981
