226;6389;-1495
-5621;-5078;1622;-5447;1319;-3180
3541;-6553;-1087
-2881;2883
4018;1714;-5972;-4820;-1880;-2280
-6738;6165;-250;5950
1842;5334
-5474;362;4078
-1990;3606;2182;-4252;3036;-3616
9
-6307;-72;744;1483;4797;-4752
-6156
-2868;-2269
-2066
-6213;470;2649
-6518;-2440;3704;-5930;2747;221
-3187;-3479;3111;1181;302
-4147;-4070
3879;-6376;-5721
-3356;-5886
6758;-6072;-5354;-1037;5676
-6081;-460;1391
-6176
4196;-4649;174;239
117;1767;25;-3709;-1312
-3573;1845;6888
1384;-5008;1535
3296;3572;775;-5560;4106
4962;-2868
-3113;4184
-295;-6206;-3790
661;6559
-1690;1743
644;516;-135;390;-2265;795
-56
6200
-5172;-5
-65
-3749;-2462
-4164
-4052;6405;-6758;-6486;-631;189
1089;2503;334;2287
1010;-906;-575;-624
6577;-1828;5180;6526
2019;-2844;3532;-2590;-4287
-1623;-2394;-796;-5503
5681;-5606
3924;-775
6498;-5187;-270;2029;-1968
-1681;-6325;-6165;6312;-2461
2048;-5201
-5570;1734;-3784;-2089;-5130;-5722
-6273;-916;6196;-1704;-2249;-3327
-2546;-3347;6325;3305;5563
6230
-2434;2257;-2984
-1113
-1654;-2791;-1979;6827;1742
-119;3289
2709;-5352;5559;-2811;4091
4;4822;-3022;-6639;4734
-3033;6206
2707;-840;1434;-5454
-2305;1745;5784
-3044;2777;-4960
-4203
-5667;-2698;-5054
-6260;-5113
-6567;-2583;-1408;-1840
-659;4515;-5829;3911;-4832;-288
-3766;6278;2745;-4122
3346;4375;2727;-6240
2992;4080;-1898;6139;-959
-6321;-1843;-4982;-5404
-897;-1159;-6873;841;-2190;6063
900;-4646;-473
-6839;-4136;1049;3882;1518;-1743
4850;-2568;-3915;-6684
-6272
3056;737;-1139;-6629;-5370
816;-3569;2290;-6835
-4052;-6458;5259
4032;3781;-983;1974;-4747;-5214
6480;3904;4226;-296;157
-627;3542;-1293;-463
5384;-5520
3387;5964
-4229;2932;5172;-4230;-103;-3775
3921;-5082
-140
4481;98;1315;6518;-6128
-4881;-3570;2807;2431
-5491;-1020;-3871
6285
-3221;1031
1385;-6650
-2322;3491
2195
-3394;4516;-389;6697;1934
949;5957;2455;2941;4237
-2168;6807;-6413;-6575
-6265;3033
1223;6105
3442;1415;170;-591;4943
-6689;-4259;3927;5833
2213
560;5750
-210;-2309;-1478;-2938;3692
-5109;3833;6251;-2349;-2799
4353;5;2293;-2316;4284;-1277
4465;-1653;-5608;1225;-123;3917
2225
-3042;-3219;-3254;6265
-3235;-5531;396
4913;-1300;2359;-2587;-4587
-2610;5140;-485;5700;1145;4601
3251
3107;-2324;-1335;-3725
1489;5910;1398;5720
3253
4208;2064;5667;4790;-3592;-1690
1564;2268;-6064
3332;-3148
5367;-1064;3243;2620;-4350;-2559
3258
-114;-1494;-6823;2999;6248;4491
3124;1897;287
-593;3761;1117
4896;-1937;-2518;-1625;-3052;4046
-3506;-775;2043
1137;1716;682;5870
-4964;-4615;5290
4112;1827;-6711;6041;6188
4003;-4968;1159
6610;3925;-4551;-2346;-2493;-3390
-6279;6475
-5787;-2943;-2735
-5973;981;3766
-6193;448;3066;4299;6636;141
-4561;-2594;354;-987;2253;-816
-6609;6691;403;-5333;-4575
-2532;-122;-494;1917
3347;-6325;4377;-2587;-6189
-2392;-6012
-2327;-5387;6413;-1983
1235
5072;262
-97;5943;103;3063;-3677
-2873;-1439
-5433;4010;-5965
-2517;406;-3866;633
-3201;579;698;-1376
2240;1059
-3347;2092
2866;889;-1962;-5803;-1341
-2533;1302;4154;3452
-1380;-5685;4743;2090
3328;626;-6235
-2499;-1831
-234
-529;-1753
1257
34;-1292
-4331
2284
236
3995;-1710
2286
-1266
-2954;-4107;-3422
-3091;-71;6662;5706;3325
1697;-3716;4011;412;-575;6607
-6102;-2336
-6052;6723;-1941
-1511;-5113;-585;-5328
-4617;4044;-5822
4759;-3353;2524;-5982;3327
930;-5220;1989
914;1078;-3418;-2925
2302
6608;-6864
-3458;-5267;-2795
-545;4867;-5604
-2643;-28;364
4354
3761;-6674;2883;2371;4061
-4793;-2489;4975
-4356
3272;3050;-943
-3041;5891;-4949;2139;6875;-5631
-6102;4694;-1706;-2269
5383
3340
469;-4246;5701;-873;-5133;-1310
-296;568
-5442;2215;5208;-4907;954;-1375
305;871;5243
-993;5905;-1428;6008
-2977;3943;-4316
5009;-2627;-4292;503;105
-6423
5968;-325;-4679;-1435;2238;-1488
4533;5065;6395;2719
5586;3475;-1174;3926;-4622;-3838
-5077;-2791;-6752
6428
-2336
-5411
-3489;-4165;117;6760;1067
-1317
4388
-3665;1044;1556;-5677;6445
293;1191;-986;4605;4045;6511
-1528;2503;5468
3184;4866;6356;4246;-944
5172;-3719;-2135;-88;-4653
-1127;-6344
-6447
-6451
-4404
-167;343;-5897;-1194;6110;-2576
-3873;1728;-23;3609;-6412;-462
712;-395
-6467
-1795;5508;-5708;2318
2513;4618;5836;-3424
5302;-2938;4109
5171;4630;-253
-1358
1472;309;6746
-5797;-6828
-3538;-4789;-6092;-4350
-789;-5899;2254
-5458
1250;-6117;-4871;-1864
6482
1073;-3556;5481;-3979;5789;-3439
-1942;715;-2191
-451;-6885;5398;-4554
-6853;6504
-3111;-6457
-5297;-6395;5882;-1710
-6497
-4166;-6432
-4929;-3623
4371;-3644;-5244;5228;-6431;6079
-6280;3436;-4093;-4687
5924;-2491
5840;3372;-656
5635;2341;-4794;6142;-5888
2787;2700
6165;6293;-5225;-6506;-5114;-3150
4081;-4488;4872
-6481;2149;3333;5159;-2828;1087
321;4994;5939;2431
5168;5111;4138;-5115;-1419;4779
-865;-6118;1486
-378
-180;2677;6502;6631;-2719;783
5011;-5557;2245;733
2256;-3490;2645;1659;-2848;-608
-2499;4547;-1813;-5743
-1173;-3515;3274
-2361;-2923;3228;3469
690;-3129
1938;2133;-4464
2534;-5598;2671
-4388;-4404;757;-1576;-5118
3665;-2221;-2878;15
6690;6581;-2632
-3780;4740;6313;-635;-94
-6883;3512;922
1059;-1462
-5587;-2323;4324;-5366;-2823;1132
4257;-6053;-4751
6666;1851;4173
3249;3171;-3510;-1096;-2892;-2397
-1586;-3853;3980;1055
1968;-5300;2213;-5738;-6862
6673;-2307;2442;-4013;1358;-6608
339;-342;1435
-1507;-2999
-6374;1866
5841;-2999;3862;-152;-218;5341
-2274;-6147;-6036;5448;-3691
-2113;-5468
-415
4688;660;-3686;-4909;2830
-17;3848;4778
6195;1913;3018;3755;-1148
2471
-2723;5972;-4316;-2607;-848
3574;2204;5628;3358
-4850;-839;5259
-2321;-6632;5450
-2776;3737;-1421;1949;5085
-5713;4501;2374;-2749;-5709;-2351
-3706;5162
1456
6082;3141;3159;-859;2222
2470;-2343;-5432;-2905;1631
5345;-3050;-4636;-6654;4463
6580
-3574;199;921;-3531;1451
4897;-3436
-3511
-2999;5335;6538;6252;-5472
440
2052;4887;5791
3956;2871;-4938;572;3102
5256;-1739
3719;-202
-3553;6114;2115;-5737;2441;3163
3521
4960;1633
5352;5338
5316;-1768;4872;-4428;6507;-1856
4400;-5397;-6624
-1713;-2836
-2514;-5283;-852
4016;5656
5329;249
2924;4703
-2838;5352;1436;1630
6608
2016;1943;3975;5144;1722
-5619;-3811;-6387;5684;-2620
-6196;2659
-4674;2116;6740;3174;-1128;5502
-5041;-6417;1495;-3003;207
-5201;3425;4659;-68;-5335
5424;-5411;-1256;3963;829
3549
3490;6164;5287;-1067;6061
483
-2484;4724;-4506;-1291
-4968;-2283;3690
-6634
-5109;6100;-6888;2334
5857;-3011;-1492;1257;-6287;1135
-4589
3712;-72;583;1592;4922
1921;-5270;-6042;-2093;3037;5901
-705;5810;-4607
5114;603;926
-1714;1617;3891;-4409;-5005
-3576
-4436;-5289
4604
3582
514
-1201;2163;-20;554;-6061;-3120
-2419;-6296;-1050;4188;4142;2975
6662
-3729;1827;-4308;-5492;2988
1926;1033;-6554
6737;2723;-2793
4619
2218;-669
3569;-1639;5722;3133;-1040
1603;4247;2345;-4044;-3052;-4702
3475;3412;2862
610;947
2210;5492
2817;-2708;-6265;-3626;-1114;-5003
4635
1563
-5715;3125
-4242;-2149;-5415
-2290;-1188;-6425;-4975
2276;-3192;-5772
4465;1218;5812;11;4732;-1357
977;6215;6616;-109;-863
-6693
1094;-5704;4587;-4495;-1696;5663
-2609;4533;1610;4747;-4301;5788
-355;-3188;6715;-3725
-3349;4420;4121;-3615
-1841;-4292;-1909;-86;1417;1037
-557
-5345;-6338;2933
-211;-1372
-2101;6612;-1494;-4199;623
2948;3816;-3132;878;-3855;-96
-4761;6106;6092;-301;-2127;5791
-4737;-3479;5607
-1061;6425;5999;1487
1591;3068
6290;5396;4760;-444;-4174
3136;1568;-723;4600;5295
3986;-3047;3722
-4994;6580;-1977;-3243;5180;47
-2936;3511
-5841;-3952
6721
-49;-6180;932;-2279;4653;4526
-5701
-1671;-3311;-3792
-6227;357;-119;3336;-124;3359
2422;-1175;-3256;-5020;1325
-705;-385;-1554;3036;4287
2631
-5553;1783;1134
-4690;3553;-5112;1034;3596
-5539;-2600;3769;-6188;781;989
4240;-6885;-3687;3944;-5034;3754
4696
5619;4902;-5335;1498;475;-1438
-2946;-3559;2648;-5961
-6401;-349
-3119;-5679
-4707;-3097;491;-5775;4286
6352;-2669
-6310;-446
4080;5713;3379;2404;-2327;3750
1152;-4914;-3906;6025
-6018;6100;552;3196;1277;-5727
696;1897;77
4987;-269
2646;856;-4125
623
418;-2518;-2110;-4798;3214;-5072
57;6764;-3118
3704
-4870;568;-6093;-5600
-1906;-2692;1587;-5384;-5993;441
6083;5845;-5944;633;-6716;1757
-1393;520;5704;1965;-5136
3560;-2921
656;-167;4407;1256;1242;1437
3217;-546;-6644;-6585;4844;-3119
-641
-1285;-2392;3271;-154;-492;4764
-6465;-2279;-1738;5066;6220;5983
1456;-6341;-4975
-644;-2053
714;4030
-1677
4320;-793;1304;-5933;6879
738;1863;4202
-6807
2290;6182;-640
1121;1527;-5004;5869;6367
3728;3920;-1542;-5180;5886
83;586
4248;4651;2011
-4106;1722;1710
6545;-3353;1578
-676
-3699;-3604;2211;6067;-5947;6671
-6689;-2181
6865;-4823;6198;-1417
-2067;-2660;3791;3663
2199;6408;6793;-1373;-6590;6559
3633;5953;1128;4986;3340;3149
-4226;-1636;1078;6054;439
5346;-5686;-478;-2943
-6401;2639
-1720
-3208;6201;-5787;-5996;5021
-5893;635;-6703
696
1713;-5876;6743;3464;6329;-2460
5818
-4705;-91
448;1139;-1766;6424;-426
2837;4454;-4541
6465;5202;5843;2181;1671;4940
3536;-5508;1269
-2817;3480;41
-871;5672
-4065;1059;4421;-1990;568;3785
-1732
6000;640;6357
-6194;1388
-2486;3197
-5362;6418;-2475;-318
-3490;281;445
903;-6745
865;-5094;6858;-6413;-2622;-462
2964;5951
1189;6619;-6092;-1374;6526
-4371;-3907;-6187;284;-6000
-5201;-6738;997;4329;1115;-2396
274;-5272;4828;-1581
2774
2960;5962
-6214;2374;-520;6840;6445
-3581;798
-677;1721;5578;-2815
4832
-1762
1552;-2950;-5485
6884
-6754;1669;-6393;-6586;938
4837
2736;-2788;-1701;6591
1427;869;-5032;-5897;-2653;4396
-4324;6230;2200;-4890;5626
1569;4298
-4757;-1782;4396;-1677
2796
756;6136
-5602;56;-537;-4875;-3104
-1775
6080;-1654;-5177
-6593;-1925;-2485;1341;5839
-241;4371;-39;5752;28;-5023
-4373;6420;6536;4459
6791;-4972;1851;303;4975
-1782
-3207;-3695
-658;1415
-2578;-3626;-3834;1084
400;1606;1815;6732;-574
-4978;-6357;1766;2230;-3815;-2922
1791
4864
-837;5254;-1801;-2923;-463
-4226;-2791;-2523;-6590
-4086;5670;1705;1723;2844;-6062
-4963;4279;-90;-6287;-1903
-1846;5369;-4172;2445
-4518;3743
6721;-6807;-6231;-602
-1106;775;-3520
4875
5216;1603;5226
-5382;3575
2831
-4724;-4581;-1095;3032;-1612
-740;5830;-969;1209;-2603;-3517
6817;4213
3862
-3863
-6289;-6156;-1436;799
-3722;2202;-5661;-4014;-2911
-5988;-6294;3733;2264;-2255;1599
1057;-357;-3352;2393;-3295;5375
1821
-5920
-2851
2853
5489;-2900;1398;2167;1465;-5787
2755;-742;-5883;-1036
-6737;-660;596;-1180
339;-3493;-1735;41;-2493;3455
-1041;-850;4276;-167;-5690;-2463
-1411;4083;3092;2844;-5743
-2867
5984;-2890;-4970;-2015
837;6540;-1437
-1234;-3459;6537
4432;3558
3894
-1441;-885;2535;-4106
-4084;3382;5352;-752
3858;43
-770;-3559;6281;6729;-2283;-4541
-5589;2820;-603;-3371;6075;4574
3;-2042;5945
5955
5957
-2849;5689;3726;3487
-433;6770;5508;-3189;6124;1423
-1061;3801;-6656
3915
-3171;5039
1974;-1240;-2312;3835;636
1075;6759;-3496;605
-1872
-4488;6231;3192;-5948;-2444;-464
6289;3555;1814;5639;-6345;137
642;3860;616;-3244
-1255;6106;4191
-6468;1206;3657;2092;941;3519
-5417;6269
-854
5232;3953;-4340;4075;5246
-145;3722;5004;-1583
-3363;3043;-4217;-2463
-6409;-5949;5087;3343
-1881
-3586;-345
-6580;-3210;-3006;-2400
3008;-4369;-835;-3460;-3396
-5980
5981
5984
-3171;5619;6551;4154
-289;-5252;-1472
-1937;-2997;5415;1447;2015
5132;3901;4127
5760;6823;-344;3896;-6491;3517
1901
-641;6304;-6289;5761;-6308;-731
-4200;2169;126
-2050;5731;2903;4538
-1428;-469;-2213;1431;-4536;2233
-1425;-3557
-5137;-2919
2629;-1366;5768
1504;-3997;-3520
-1043;6630;1862;-1435
-6147;1656;-186;-5436
-1057;4884;3959;-3881;6207
-3827;-6387;-5686;3737
-3556;-5535
3457;-3251;-5564;3435
-1907;-5136
-3927;4999;4232;6860
-2098;5220;-2502;1366;-58
6551;-3597
3482;-1550
4548;2729;3353;-1003;-5646
823;-1625;-6877;5741
-3346;-2981;-412;1726
3618;2419
2499;5337;3322
-3937;-5174
-1943
4032;-6658;4593;1282;-5044;-5269
920
-659;5134;-2799;4366
-2257;2659;-1796;2357;3356;6846
3474;3699;3994
-533;903;263;-6828;-3951
930
-5029
6055
-6116;53;-5354;1482;4202;4795
5363;5880;2346;-3436
-6060
2960;6773;-3128;5543;5836;3438
576;6643;5578;-590
-3187;5700;-155;4380;6158;2383
-1970;2450;-6149;1286;1111;4217
4577;-1939;-2042;-6235;-3500
1970
-2710;5704
-4306;2332
5746;-5124;1351
-4026;-5419;1754;-431
-1320;-6298;4379;-942;1551;4607
3217;-645;-1974;-5945;-5852;-1023
-4274;-5587;1064;3644;6110
5233;-6456;5063;-2140;5407
-4036
-868;6100;-1047;6809;-4749;-5279
4768;-2116;-5592;-2699;-5324;780
3840;-1779;3188;-2682;-3536
2469;2074;1546
580;5961;4669
-3891;2342;-6218;3147;750;1870
6160;6453;5450;-6812;-6764;4683
-3609;-1610;2190
3957;453;-600;-5018;4733;2575
2465;6731;5868;429;-2078;5998
5456;-5042;1818;1822
-983
-4056
-3173;-5622;5190;-3239;-1627;1342
-1014;-6455;760;-186;-1259
1697;-931;2268
2161;-1043;-1150;-958
-6819;5827
-2994;-4760;-4795;-1756
-993;-1642;-347;-4652;-2109;4654
-5522;-5864;1752;-1600
-4244;-6488;521
-2900;-5573;-6861
-867;6663;-3785;4749;4478
-6305;2259;3655;-608
2240;-3477;3447;3991;3117;-127
453;-6758;4328;-4858;5835
-3051
-2330;-2365;1644
-3801;3225;-6571
1665;4549;3781;-6071;-873
-4456;5143;6231;1514;6877;31
-5409;-5300;-2235;-4094;-5471
-869;1880
5621;-3862;-4471;-4459;4814;-4800
2249;1931;-93
-1057;-3129;-6028;6828;-3775
-1018
-6482;772;-1452
-5118
-5526;3478
