3072
-4097
-1;3735;-6570;4843;3115
6385;-6382
-9
-3745;4088;-3006;3695
-4819;3593;-5951
-2257;4315
-4306;3506;356;430
-6853;-3290;911
6504;-5866;-2843;3244
6164
3680;-578;-3080
-114;-3762;-6579;-2880
-1783;-91;3003;-5248
-997;1514;-5662
-6418;-1523;-5018;-2429
-4309;-6327;5735;777
-5333;-2889
-2948;2663;3389
-1668;-3133;-6496
-3490;-4489;-5225;-1167
-4132
-3108
2086
-5905;550;-1854
19;-6651;4954;-5532
5268;6249;2957;2062;-2159
-4138
5954;4444;3981
1378;1898;863
-1702;1656
2094
-3698;-6485;-461;-4733;-2080
6769;-5209;4203;2734;-6271;-2176
-4897;1701;-3015;5903;-5888
2118;-3197
2995;-4460;6639
5307;1325;6734
4739;6216;3436
-418;-4310;-5193;2203;492
-3241;3353;3467;5695
-2043;5290;-6688;-720
-6599;-6781
626;-4454;138;5805
-1837;-286
2819;3399;2729;1962;-5052;6507
3796;-4439;719
1574;5674
4081;-4437;-453;4997;-2060
2804;3832;-813;-4719
5139;-3387;4044;1278;2223
-6595;2918;-1751;-3386;4989;670
656;-4420;-2464
-5892;-4117;-2822;6154;-2797;3246
-2835;1726
560;-3682;-6290;6244;741;-2779
-5206
98;-4470;4698;-142;-6016;-6544
-3313;-1896
-5924;-3382
4196;-2904;2894
640;-641;1942;-584;-3497
-3165
-485;-886;5720;-5916;6781
4816;-5146;1451
-6531;-6880
816;-1140;24;4494
1124
-3875;-5077;-6509
-5975;-1464;169
-1745;273;753;-284;-2349;4478
6247
3179
-6252
-4434;-6312;-408;-6364
2595;-249;-2457
-1136
-4132;5590;3512;-762
-1683;5735;874;-3583;-6143;3663
-6742;1893;-1943;-4587
176;-5124;1759
-5683;-853;3846;5097;5247;-6512
6297;6109
-4963;259;2804;-3339
-2373;871;-904;3707;-1421
2993;5321
2257;1715;6293;-2975
-2546;-6340;-405;4773;-4407;3678
5863;-3689
4223
2354;5890;888;-4762;1901
5760;3748;3895;-2221;-5822;911
1331;6308;-2647;-2600;763;2093
5104;6166;2758;-4521;-652;5611
-2898;3635;-5739;4654;5599
-1076;-919;-2811;-4544
4434;2709;2006;-6187;-5276;-6014
1409;1798
-3209
3655;-3519
5760;-1571;1764;-4489;2702;-5328
-1987;5197
3210
-5642;1451;5357
-1168
-3555;-1893;3956;1348
-2913;3269;2731;-6781;4046;-1520
-1506;3117;-6862;1007
1296;2324;-5495;199;1823
4727;-4877
-6534;-2952;1689;2523
-5725;-4013;-4752
403;-2453;-3387;6251;363
-6581;-2421;1318;-2540;-3245
-3618;1044;-2151;-5676
-6388;4771;4677;6316
4752;-5810;51;4554;-4732
1782;3498
-3954;-1846;-248;4667;-4926
1953;-50;4757;5182;-2207;-3327
-2023;-6391;-4265;-746;1707;2335
-723;-5256;-4328;-3613;3308;3277
-4530;2314
-3881;5227;5723;-2800
2223
-1958;3702;-4312;2026;-896;6735
4276
2149;-1967
5393;-452;2150;-2811
-4209;5009;4552;-4638;494
6825;-4011;2490
-563;373;5480;-6186;6219;5102
-4787;4599
2728;-490
-5716;-6474;-906;-3980;-5646
-196
-82;-387;-23;-5467;5435;1743
-1975;4220
1761;-5912;2831;-2976
-6609;5414;-2332;3596;-4367
5536;4311;-6538;-3181;-6125;-6493
-5915;2638
5584;-2209;902;-250;-764;-4493
-4043;6299
4300;-6558
-1794;-4560
2069;-172;-3132
4306
5665;-1894;1206;-4766
-3445;-2024;3209
2544;-1860;-5268;2340;-3957;-4252
-5521;1212
-5717;2903;6106;1084;1983
5336
-465;6306;3194;3818;-6491
-1617;4528;5588;406;-6637
6609;3800;-4762;2765
-20;-2648;573;-4191;-6032;-3264
-3698;-2373;-4169;-2398;4223
5106;6098;1309
3824;5124;1356;-863
-1574;3944;-6297;-400
-5734;693;-1334
3651;-1624;6569;-4830;-6046
-1763;-5061;6473;-3979
-2771;5052
4180;-2971;2906;3834;3548
530;4757;-5624;4668
6288;-3985;-5612
5539;-5302;-2182;4229
-6050;4722;5586;1103
2324;1782;-4985;873;-237
3636;3415;1384
2818;6115;-4295;3255;542
3634;2818;2373;920;-1308
1089;2007;-2348;5646
5520;-3336;-4954;5900;-831
-1107;4579;-3717;-3674;-6574
-3986;-5254;792
-5732;1335;44
-3907;2;871;6779;-4493;2029
-2546;2361;2491
-2451;4744;-2620;-333;-6528;-240
-5300;-1012;6245;4103;-6668;-701
-4833;-1458;4854;888;715;-6573
3337
4384;4563;6345;-4813;4847;-720
4;-4087;-5000;2093;1598
4752;659;-614;-2472;4092
3252;-5574
-5432;-3081;46
867;-6069;-1895;-5656;5304
2052;-3511;1657;-1504
5793;3515;-2878
1331;5606;920;5562;-5052;-3984
5712;-1634;-2423;4187;3628;-989
-5987;-4544
-1730;-1636
-4452;3134
-4696;-4639;-1200
-6441
-6788;-1002;-1483;3855
5728;759;-4872;-5514;2573
-3908;-1141;-231;6606
561;5586;-5111;-3389
-2466;2771
3024;-6273;-2404;2424;668;2255
3441;1397;5079;1146;2989;6735
-2084;5146;-5756;-2735
3498;-3808
2448;-3809;-5317;-1449;1673
6801;-1794;3048;-5501;-1166;975
-1377;-4994;-3162
4084;2169;-2863
4605;-5950
6853;-1863;-1614;-2031
-4257;6241;-4003;-5471
2161;1043;3261
4928;-1763;2364;2988
-331
-5237;-2794;-988;6636
3108;-873;-1323;3519
-4468;-1589;-5317;-265;1690;397
6672;-5249;6641;6607
3568;5096;-4233
4098;-5235;-3091;1843
-3732;-4730;3659;-1679
-983;-6526
2388
-6817;1669;-3387
-6819;4426
2392
346
6162;1358
5984;2644;-4007;4667;2236;2142
-5313;131;-4839;1545;907;4140
6567;-3353;1977;-5549
-1267;5721
3240;3263
-4119;3225;-2282;1259;-5614
-4453;4773;4358;-4745;5550
-2196;-2983;5175;-2857;6299
4369;5491;4973;-494;2414
-1361;-633;-1452
2421
-5466;3039
2192;-4516;-2568;-2478;3919
-6834;4674;3546;-395;-3421
-2257;4964;3819
-2914;853;-6550;-6216;1081;6191
5384;-5082;4794;2298;-864
-3218;-5749;-5319;-1050;-269;-143
-389
-3064;-5519
3408;-337;4900;4265;3514
-2792;-6744;-6347;-2942
5204;309
3466
2760;-3131;-1278;5134;3759;-2752
397
5108;3572;2535;1471
-4452;4053
3329;143
-6081;432;3715;-1836;4525;6814
5682;-3587;3875;-6150;5702
6112;-188;268;-670
2454
817;-821;5540;-520;-512
5363;-6796
6674;4003;-4123
-17;-5012;1395;-1432;4968;-2363
-1804;1391
4288;-3484;6028;4847
-3413;-229;-2731;-5307
1473;-6534;-4058;1535
-1713;-5189;1365
-4515
-4258;-2744;3145;2414
5268;-5004;-685
-2641;-2259;2180;-3846
2470
3568;4804;-1383;-4264;-6459;1263
-5889;-1666;277;-3817;6202;-4748
1986;486
1450
6576;3292;3870
-1425;-3475;4469
2479
4256;1336;379;3611;-670;3807
-3688;-841
2070;5530
2483
-4534
2272;5649;-1717;-5767
6582
1859;-6261;552;-2046;-4559;-224
-2836;4300
-1235;1508;1236;6213;-3900;716
2914;5782;-3133
-5368;1848
1472
-1474
-625;3767;5501
6888;3803
-193;4256;-2036;-2425;-59;-5116
-5825;-581;-5312
-3083;1978;5596;2111
2732;2847
2656;-184;-1257;-3742;-1007
-2511
5250;2227;-5160;3720;4441;-3869
-6644;2709;1419
3892;-5655;4888;-1501;-2863;-5375
-2118;-2509;894;191
3664;1926
-5591
-5015;1511;-3115
-1062;-4185;5371;6237;-3839
545;-6008;5884;540;5661
-5493;-6166;4523;6333;-6847
-1676;2157
-4498;-3543;-3287;4999;-4233;2910
4386;-4358;-4697;-3193;2637;5710
177;293;-5223;-3931;-763;5887
-3563
322;-3955;5635;-3524;2012
609;-2126
4209;3618;3995;5054
-4145;-5698;-1255;-3818;-6508;-6718
4640;5069
-465;4901;2629;-2312;4956
-6074;3531
-1519
3205;4539;1966
1331;-5670;1558;4570;-4333
-2485;2645;5176;6297;1151
-159;6799
884;-5611;-556;3275;-542
-5205;6597;-2359;3517
2352;6738;-394
-3814;189;47
1633;-6258;-6548;5547
-2023;-4906;1273;4126
5904;3328;-6357;-6459
2560
-5797;-3864;-5113;-76
3061;-5624
-3652;6217
3040;-2274;-3973;-5209;1753
4722;2213;6551;-5130;2122;283
-4057;745;-2474;5306;-1611;-5600
-226;-6018;-2473
-3602
6243;-3848;-842
5063;588
-3761;2087;3229
-2055;4268;367
641;2594;1017;4475
-6343;-1607;1913;4477
-3059;-1573
-1687;1194;-4669;-5616
4898;-2788;900;903;808;-6283
4636
-5889;-5522;-1316;-6247
2515;358;1399;4280;-1866
-6689
1377;-686;-144
5648;-6547;2563;4373;6613;-839
4149;-1481;3673;-3744
3232;6372;6646;551;-5513;4622
-6695
-3041;6531;-3223;139;-2494;5710
-6696
-245;-5430
3627
4548;-919;-6236
-3585;-5282;3602;-3974;4952;3726
-4546;2039;-1448;2184;2536;-6447
2403;5733;407;-1996;-3919;5103
2353;-3093;2572;4543;5455
3824;1494;-2058;3325;2173
2432;5304
-894;-3775
627;-2933;709
1761;860
-355;2435;4020;5225;-4607
-262;5864;5213
3873;-1762;-968;-3257;-5498;891
-2786;3908;-4938;-1805;6205
816;-6001;-4709;-6284;219;1036
1611
-6034;-5819
-5461;-3322
-1650;5559;1804
-395;-6348
4694
-5410;4452;3749;2089;-5178;-303
2835;4933
946;3236;-5318;-3015;1501
6817;1654;1463;-4236;5932;1262
-3679
-4703
-3234;-6590
-4586;-4283;-4380;-2720
-967;5896;-2272
5233;5186;-277;6165;5806
-4610;2771;871;5146;-1519
5168;-4339;1781;-3224
4689;562;2115;-3246;1613
5987;-406;454;536;6331
-4985;874;-1179;-2829;3407
3092;-6841;6412
2240;-3890;-2595;-3765;-5959;40
3857;5977
3251;-3029;-5676;5869;-1038
6612;-5653;374;4415
-1506;5787;477;-5358;-4128
2682
-2436;5044;6168;-6233;5244;2063
2290;-741;6117;5259
-354;1175;2890
-3075;-5795;3941;-87;3482;894
6133;2698
5092;2747;-3104
-1458;6322;3922;6235;-6188
-5766
-1786;-1932
5493;-3822
3569;-3203;-4982;-2176
-6307;6050;5124;4997
-5670;-5720;-1548
-3876;707;884;2422;4615;6137
650
-5198;-6398;2750
4723;579;-1797;-6806;3383;5692
-2753;-5716;-6120;5740
-1537;4551;2763
6544;-4408;6375;5320;1675;-4607
-3111;-4718
5784
3810;5395;3091;-5462;5095
1067;5325;-1630
5601;-82;4363
-2594;4676;-4503;-2681;-5708;926
-1694
5091;5927;-4204
1714;5827;918;2566;-4985;-5370
3570;-1875
2912;-1953;3396;414
-2193;-5666;-1414;5165;4781
-1203;6444;-6509;-431
6050;4147;-1556;-6156;-783
-6067;4886;-5132;-1534
642;-5159;1416;5944;6234;-3279
580;3349;5967
5713;-1861;4676;3417
5761;2523;3644;-1005
-1426;-4508;4700;2942
5324;-5951;6431
6225;325;-4199;171;-3214
-3570;4262
5553;-1826;38
6838;-4462;-6143
6674;-4956
372;3016;5771;-4384;2063
6838
3768
2744
3273;-527
-6843
-4210;6525;-4991;5422
-4492;718
6848
-1729
-6850
-658;-1284;-388;-1117;-3405
5702;-2983;-6520;2248;4218;1114
-337;2757;-120;2505
-1957;-743;6630;2744;-3033;2188
-710
-1000;280
-6868
2580;5253;6203
4820
-729
4675;4838;1847;-3961;-3977;5499
5334;-2890;6478
3540;4389;6793;5052;4526;2031
-4548;-340;6693;-3568
-740
-4673;41;-3739;1485
5954;-1987;5797;-2216;5481
-5842;-3784;-333
5600;6353;-6118;-2950;3225;779
69;668;2062
-6417;-328;-730;-6396;6350;-1423
-5857;2322;-3703;406;695;-3834
2992;-5637;-925;3069;-2303
-5507;-6440;-442;-4828;6509;5853
4117;-5901
6304;-4514;-6691;1508;4152
2835;1732;-331;5674;-4030
4857
-385;1732;-6742;-1512
-3905;-1529;3786;4251;3279
-4275;2819;5443;2920
785;5586;-6020;6265;-2781
-151;-5467;-1295
-769
3968;1843;-4476;5548;2078
5121;-5198;3919
5893
-3666;1867
5525;-5353;5722
965;-4791;1174;-3914;4766
5897
6849;-5810;-6393;-798;5373
5046;3803;-463;-4783;-5408
-3925;-6458;-639
5906
-2899;-1971;-5427;4708;-6623;-4960
1722;-6608
2368;-6230
-6049;-6660;1340;-6831
2017;6196;-5415;2600;-1531
-4694;2022;-491;6315;-5998;-3070
1779;4136
4593;-5092;-4120;4282;-5037;-1568
5606;-712
-799
-3876;-245;-326;-1039;591
-3921;-3023
-2162;-5154;-1714;5110;-976
-857;-4909;-1165;-4112
-4777;1130;2954;-2558;-3696
-2578;3609;-3884
-1829
2096;-121;-6876
1828
-2834;1001
-214;615;-6332
4431;-5248
593;-293;2566
2610;-4455
3218;4632;1162
-1027;-245;6390;823
5587;3240;-2697;-2331;-6670
4656;-4418;-3064;-153;6873
-6599;-368
-6673;-5171;1188;1817;4943
-4946;-214;-5818;-4826;3817;2970
-6417;-6065;3025;-586
-5828;-6264
-3650;-6269;3966
-3905
-6290;-6455;-217;-1183
2768;1126;4486;-5499
-753;967;-1484;-590
-883;3767
3024;5826;-4941
6102;-4169;3004
-843
-1041;4130;-1670;-4552;5001
-6561;-1588;-1912
845
-6163;2375;6684
320;-1169
3209;2762
2899
-2546;-1267;5061;-3687;-3226;2763
2532;-5434
-3828;-1045;-6221
-630;-539;460;6684
4912;1685;902;5544;-2971
2944;-4452;-3000;-5180;-5582;6221
-4273;1303;172;-4542;-6127;-4799
1601;-6293;-693;3503
-1265;6385;-5736;-6506;-1963;-5086
4594;-4372;4692;4455;-2365
-5208;1641;-6512
-1826;4625;5090;3918;-6847
-5409;-2067;5810;2179;-1534;1886
2914;5940;3976;-1290;6828;-4191
1893
-2881;-931;4834;3430;-1534
5172;-6044
-5635;5819;1821;-110
-3938;-5944;-6430;2127
-2922
3587;595;-3734;-6444
369;2098;-4631;4063
-5042;99;-5092;1990
-3762;-4284
-879
3955
-531;-2373;-3029;-3143
-1761;6308;3669;3932
-439;-2887;-1656
-5905;1783;-2287;-6767
304;2405;3494;-4748;1147;-1712
-3377;2342;4557;-5440
2849;6085;183;-651;-3567;6239
-4696;-3564;-831
-6332;-2876;-5693;-31;2766
6617;5548
-5297;1026;-649;6846
3649;-6468;6182;-1435
3524;1880;5741
5264;4850;915;-2357;811;-5502
6481;-6071;-457;-5694;5005;-3247
6211;-4532;1781;1660;-2158
88;-6124
-4116;-1621;5669;5685;-4217;5659
327;1613
-2019;-2331;-667
-786;5802
5063;-4141
-786;-139
4609;3048;-5033;6526;5087
1873;-406;6501;5607;-1385
-6741;-2892;-4607
6672;-1928;2327
1540;-1717;3688;6632
-5603;338;1450;-4283
-3652;6629
2980
2593;6211;5575;2940
6051;-2044
4008
-2988
-6242;-3348;-326;1807
432;1330;-5776
6145;689;4756;2824;-1022;3934
2290;1724
-3714;2465;2379;4716;222
-2723;-6036;6388;1238;-3913
1670;303
-1883;-5003;5213;-304
3360;467;-4059;635;-1357
-5051
-2593;-1825;-324;633;-944
-5873;-5157;-3240
2864;-3010;1105
5985;-4662;6874;-988;-2348;-3901
4259;-380;-5916;-1023;-272;2367
929;-499;3067;-6205;718
-3522;-451;-4275;6348;-6237
-4042
2721;4393
1424;-3476;1546;155;-6764
-836;6250;634;-3788;-6304
2933;6695;-3152;-384
4304;-6457;328;-3244
2340;-1367
5472;3638;56
-1906;-6341;-6133;1278;1887
2192;-4179;3636;3174;6394
-5409;-3282;5026;5605;-5367;-624
-3013;2426;-3564;-5021
3123;-5526;6455
4066;-5226;-1471;-2448
-129;-2705;-4386;1297;843
929;3126
5906;2292;3062;1527;-3594;-16
-2483;-2075;-2941;-5776
-1973;1237;6518;842;2478;6222
2800;-5651;-3146;911
1970;-824;-714;4655
6833;-291;6309;-6427;715
-2068;-5703;3240;5675;-6239
-4689;290;-1380;4780
-2770;2580;-1767;-1881;-5596;-5901
-695;5790
-1299;713;-1792;-3744
-2027
-6627;-5356;-1311
-3377;6355;6220
-2466;3651;6788;-215;-1775;1167
3651;5573;-3562;-1276;3788
4723;2427
-4817;1757
-2372;6644;6683;3243;126
4435;-4470;-5079
-1857;-1818;-2332;2941
-2165;-965;-422;6622
3732;6539;991
-3071
-1986;-3331;6002;1942;3196;-2752
