2371;-4841;2601;4989
-3073
-1655;-3709;-782
-4098
-2115;-2374;-1260;-4494
6131;6313;-219;-1982
1634;1317;5244
3
6818;1379
-4707;4824;-1152
2058
5569;-1971;6653
2896;2340;57;1887
2753;5267;3418;-4526;5389
16
-3915;-6571;-2285;-6702
-5908;1091;141;-5582
-3511;4632;-3818;2554;2267;-2144
-2194;3384;1865;6698;5629
-6167
3809;-5861;5739;-174;6142;-4512
5736;4527
-4024;2975
-1051
-3188;-3131;-1901
-1585;2116;1572;-4519;-6253;1471
321;6773;6566;2566;-1129;-2780
436;5737
-2098;6390;6044;4029
531;6072;-4525
4896;-3249;-6104;4759;-6668;3263
-884;5845;3127;-4459;-2877;-4880
-2023;-57
-6178;2936;-3962
1553;2881;-3523;6467;-3705;4554
3984;647;-5692
-162;-216;-1725;6236
-3267;-869
-2117;5229
4818;4035;1685;2999;203;637
5491;1852;1629;2335
5713;2675;-3206;-2395;5642;-2240
6665;3513;1916;2287
3045;774;-3996;4319
-2209;-4913;-4100;-5210
6191
-1219;3718;4057;556;2332;-176
4179;-219;-3630;-1408
2209;4179;-4286
-3137;3282;-4073;6798;-6000
-2883;-120;-5432;-1165;-3197;-574
2870;2619;-6574
544;-5318;-5047;-3255;-3371
1558;-2026;-1647
2115
5538;-3420
1636;-5803
6218
-6356;-5849;-6315;1370;-5456
-867;2420;-1723;4794;5756;-3135
2837;424;6634;5548
6352;-3213;-1487;-543
3158
-998;3030;6343;-4793;1018;-5711
6230
3874;-2261;6132;-5719;5229
-5953;-6246;-2569;-6461;-1390
5904;-5812
-6033;-1234;3109;3598;-3632
4609;5302;1385;-5342;4382
-1250;4691;-3893;-4854;-57;-5999
-1125
2066;-4630;4715
368;5220;-4023;6518;-2858
-4465;-4226;-3508;-196
4579;-6736
-6840;5706
4205
-2370;-1837
896;5236;1638;2216;4652;-192
4610;2828;-2527;-4479;6847
-1588;4196;1078;521
5653;5723
-1890;2006
5377;2330;2987;-5198;-3328
5888;-6246;5702;-4284;-5279
-1959;-1066;-2219
5505;5882
5153;-2290;-6489;313;-6027
-1826;714;-1707;-623;-3280;6847
-6618;347
2395;-2140;-5503
5269;-1319;6886;557
6531;339;-3238;-4103;-6298;4591
-2612;-5497;1834
-2978;-2818;-1504
-3205
-1157
3205
-3348;1722;-6701
-1537;-4609;-2553;-6141;-5776
-4945;5251;-5225;-2079;4159;2703
-3209
3458;4675;-3898
2187
208;658;661;2262;-505;1979
103;-5369
-6290
-2195
-1300;4966;-5864
-4180;5580;-4622
-1972;-6662;4302;79
-2754;-6634;1038
6302
-2161;771;5460;4843;4860;-301
-6626;-3717;-5181
6230;2125
-3620;-6021;6741;-6823;3958;-543
3104;-247;1930;-525
1808;6359;-891;5178
6644;3881;1514;-6751
6150;-4955
4082;-1619;2643;186
2832;-2582;-6582;-4808;-1323
1236;-3062;-1176;4507;-5150;2446
2689;4070;2634
4592;-4771
2833;-6775;-3405
-2195;2644;-5749
-1012;-5289;-1049
-5138;1973;-1116
913;1505;2152;735
6193;-6007
-3878;-4424;-3149
3553;4455;-5915;6522;-1260
-6259;1347;4579;-879
-5635;5527;1326
4208;-6068;6151
-729;-2698;3917;2862;-3551
-2033;-6680;4440;1130;4367
6849;3028;-1484
2800;963;4136;-6649;2540;5629
2533;6743;-3951
-1231
-6518;-5115;698;4651;5053
4002;-5187;-1496;-4681;-636;5739
1569;535;5081;-269;6606
-5217;-1625;-1515;-590;5663
5928;315;-2959
5952;2915;6858;283;-2479
5232;-5621;5300;1453
-5570;5555;-1230
6885;-3687;-25;5563;6846
-6131;-236
6241;3954;6342;840;1709;-1456
-2071;5626;-1279
4915;2150;39;3209;3389;4959
850;5750;-569;-3689;-5646
232
4996;2405
2579;-5886
-929;-2787;2456
485;5910;-5134
3430;56;-6701;-6285;5165
-3123;-2227;4636;4508;1566
2114;-5429
5120;-6388
-5896;-458;4061
-1640;6551;3977;1356;-4878
-5045;3028;6085;4038;332
-5371
3693;4750
-6397
-1277
-4353
978;-1253;1127;1415;-3550
-499;2420;3350;4204
5348;-6633
1632;3810;2851;1574;4666;6207
-3810;2898;-4035;772;2073;-4304
-2723;2917;6662;1597
-2107;-6349
1312;-3879;-6041;2728;92;-1645
5281;2258;5156;-4235
-1425;883;1830;1418;639
-5579;-3675;-812;3647
3488;3312;-5108;4691;6453;2798
-1300
-5938;5265;6887;47;-3936
6162;2963;-6438;-3207;6199;-3353
-4498;-1124;3000;-6878
-4389;-1798;4718;-4959
-3193;5965;-4080
564;-2117;-1807
-789;-2469;3670;-4264;6473;-5982
-467;-3540;-4567;-1191;-767
4800;-3479;2826;-1309;-3726;2206
5729;-4946;195;4138;5420
1632;713
-6641;-4065;3127;1774;-3711
-4657;-5885
305
-1235;-5257;6185
-2839;-541
310
-5432
4368;-2086;-4521;-6829;-2653;-3951
-6457
-5434
5540;5943;3864;2056;1343
1667;-326
-404;-5525;1382;-5067;-6128;1087
3233;5956;756;406;-2864
-4339;-2126
4474;-6492;-1375
6433;-1142;2698;1548
4422
-5991;1241;6185;5036
1923;708;4517;-5463;-3375;-5808
-6583;521;-1594;6142;6398;-5215
6165;3477;2071;5403;622
2378
-2833;-6717
-4407;536;-143;-1792;5471
3410
-840;2205
-483;-3382;4473;-2315;-5710;6045
-5469
-3298;-1572;-5271;2623
-3425
755;-4280;-4827;-6284;-2092;-14
-4513;-5126;-473;-907;-1628
361
4146;3397;-470;4677;-3528;1357
-5875;-6774;232;-5356
551;4376;5017;-5421;-1087
4935;2600
4161;-1254;-3544;2122;-4927
-4722;-5861;-4123
-970;3309;1102
-3025;4466;6548;2902;3644;3244
4468
6772;-3452;-3694
-2185;-5358
-3175;-4136;3720;3614;-5520
3441;-1963;-6476;6399
-6522
4578;-6854;3673;4634;1515
2451;-6101;-631;-4489;618;603
4476
-668;286
-1332;-4391;4235;-944
51;6597;-2952;1943;2615;-6846
1073;-4725;-279;1958;-3534
-2599;-1480;3692
-3241;-4315
6369;3122;4354;-26;6026
2406;-2079;2110
3668;-6112
1824;-3268;3384;4393;-5131;-3648
-2913;-4034;3030;6168;3642;3723
-1427
-3685;-310;2519;778;6222
-1633;-3459;4686
-385;4160;3233;-4749;-830
854;857;-5899;-6459
6550
5331;-1237;-6550
4560;418;3191;1992;-4633
-2962;-6370;1363;-4391;6375;1480
3940;-6398
410
-414
4211;-3893;-732
-4276;5415;6407;5240;-5609;-6764
-2465
5105;-4949;-3930;5562;-1371
3030;1484
-1171;-1271;2904;553;2477
-5542
1648;-1716;-358
1233;4194;4499;-4916;-5174;4685
2480;5217;2195;6757;-5199;-784
-3637;4439;-4302
-3501
-6564;-6157
993;-1877;3369
-3490;4954
1328;2377;-190
3046;-1656;3597;-3520
-3287;6806;-4840;-4377;-4873;6030
-445
-1443;-5124;84;-842;2783
6132;1484
-6279;-1273;-2171;6315;-701;6606
-6611;-6357;6629;-5017;6809
1474
-2216;-5404
1968;-2420
5572
-4597;-762;-3466;-5133;1214
4096;554;5823;6367
6601
-2673;2272;-5221;-3173;4301;-6206
-3532
-3601;1512;-1865;-6750
-4099;-6359;1799
-4241;624;4675;-6200;-1518;-2000
-5875;-4835
-1495
-3027;1606;-2426;1182;6207
-5873;-5242;-4718
6194;1690;-3323;187;2892
3539;5126
-3953;401;2051;6293;360;5565
-801;-4797
6625
-817;-5778;6228;2404;-138;-1418
-4774;4287
6457;302;-64;-4160
-1890;1075;8;-5163;43;5438
4176;5617;-2916;3139;54;-4461
83;2454
-2539
2232;1417;-4141
65;4759;-236
4769;1474;-720;-6016
5573;-6554;267;2171;-2975
1953;-1158;-4552;3262
-3214;6093;-1359
2746;-3244
97;4194;-6284;4846;4815
5281;-4376;3695
-3578
-532;-5190;-5098;4170
1378;3814;-4284;1646
-5987;-3558;4941
-3218;6798
-131;6467;-1509;-3611;316
2715;-6302
3588
-518
4265;3420
-1413;2101;1558;-4683;6026
-754;-4792;40;5564;3677;1902
-3667;3173;5541;6587;-2109;-2861
1248;-727
-353;-675;-3464;6762;5420
5154;-375;-3864;-1438
36;1511
-4370;-2298
-5618;1651;6666;-812;3756
3597
4097;-3591;5590;4670
-6515;2883;-3032;-3948;-2588;3454
3585;1041;-1914;6010
-3457;1609;-6220;-2703
2704;-1332;-3540;-1435
-6118;-2428;6446;-4576
1043;-2201;-5519
1557
-978;-2008;-2812;3565;-350
4032;-2945;5203;389
4965;5418;398
546
-4929;-1763
1129;-4494;-4352
-4871;-4894
1456;117
2598
-2787;3092;1799;3567
-2178;4052;744;5102
4692;-2440;-3932;-5469;-1599
-4653
6626;-5568;-3664
6649;6570;395;6047;-3632;-5232
-2705;2997;266
1600;2850;-4856;-3226
-2929;-1831;3981;3390
-6708
4665;6220;-5853;-6623
4400;-2163;-6693;-702;494
945;2098;2696;5082;-5134
-2804;4677;-1032;-713;5561
-214;-1398;-6794;-796;-590
-2585;6426;6651;-5821
-581
-2981;4345;-5020
-5217;-3349;-3013;-2320
216;4473;6665;-5867;220
6166;552;698;-3420;4573;-5934
1680;519;-2585;-6349
-4693
6183;5358;-2240;-5632
4693
5619;-2548;2745;5677;-2703
-2708;5580;1567;-2816
5648;-4387;-502;-6480
3457;1749;-1654;3461;-2316
-6754
6672;6372;-4232;-3433;505;-3227
610
-1057;1928;4140;4815
-3329;-84;-5478;6229
-5236;3523;-4647;-2447
-1206;-6105;2041;-5934;3550;6015
-4714
-6770;1030
-1074;-5203;-1990;2950;-4519
3201;1441;5826;6803;-1290
-5233;-3218;2964;2361;-4667
-1011;-565;-4009;-2208
6714;1082
3031;3743
43;4268;-5967
3664;6184
-291;422;2551
-373;2613;630;1388;2284;5356
4579;4292;1881;4219
-561;4833;-6821;-2405;2119;1175
-637
48;-2788;-3737;-6576;-4992
-5758
-6455;695
6148;-2678;-2490;-3515;-1180
4738
-2244;4373;-6382;-462;5359
-6626;1544;-2732
1828;-2478
560;-2084;5237;-3143;2279;-6573
-2114;-1253;-4457;-2045
4096;-2834;-2444;-2543
151;1928;-4781
-1851;2508
-6803
658;-1860;5798;4344;-3161
3732
6807
-4129;4792;-6650;4298
5968;769;2644;23;476
6289;-474;-5229;1325;-2576
-644;3590;2152;-1356
-518;-5274
6816
-1553;4101;5607;-3499;-3821;4959
-147;-2485;-774;3576;-848
6148;-3725;1326
-5266;4585
2147;-2829
2320;2641;-3158;-5034;-2108;-464
-2979;5043;-357
-1699;-1302;6857;2187;-3404;1116
-2161;1537;-149;4517;1039
-5169;-3927;5319;2490;-2541;-958
3205;1845;1576;5179;3051;174
1904;3767;6809;5564;1084
-4327;4951;-1929;-2875;4877
-785;1328;769;-5083
-2052;-6228;1219;4777;-6608
80;1644
-770;1174;2871;5064;2201;-5743
4799
4130;3221;869;-2397
109;-2862
3781
-4226;-3418;-6781;-3695
-1298;-1977;5400;554;-6464
712
-5107;-1451;-301
-2338;-1449
5266;-5982
-3791
512;2487;-4201;-4207;-2480
-4594;-3335;5192;-3209;-4554;-3536
-2773
4674;-4180;-6004;-4506;4170
-6791;1990;-4119
-6872
-6553;-3004;636
5189;-4460
-6541;-3405
6224;6712;-1966
-4392;1783;-2540;-4093;4798;-3456
4827
2037;3735;-5738;2141;4702
-250;42;-1551
-3778;711;-5226;-6780
6752;5026;1983;4383
2386;5412;-1431;-2487;-6665
5681;776;6569
5492;-3829;6838;361;-3004
-4675;-5898;-988;-4332;-5327
740
-6708;2532;5236;3448;2908;492
2644;-879
-2357;5149
-5737;2697;-6781;-3294;6558;1711
-2184;1434
2417;-2519;-1242;-1455
-4545;4260;5286;-4250
-4737;5091;-1063;2486
-909;1662
1024;6528;4210;2808;3595
2995;-6345;6155
-4451;-565;-6118;-1915
-4840;3320;-2171;-2174;2030
3025;-3082;-6332;1036;3566
1249;258;-6213;715;301;1902
1790
2963;1115;-4559;-2031;4303
-4133;1461;1110;5373;6094;2127
-4819;-6387;-828
-709;1478
-2039;-5901
-3450;6270
-113;-4387;-3925;152;4318;3182
1089;5281;1570
6209;-6868;-52;-6535;2376
-5897
-835;-6707;-2931;-6229;-4885;329
-3256;5017;1097;-5772;924;6863
777
-2291;-580;6789;-6749
1553;-4723;-3252;-4794;4287
-2074;4907
5456;-5715;6196;1991;1737;-4781
-4508;-6380;-1164;2046
-1284;2243;1768;-5566
3696;-4338;725;2041;6863
3867
272;2461;2158
-645;-2203
6372;-6776;4344;3003
2848
5187;3140;3445;1862;-3799;-841
-1334;-4938;986;-5758
4132;-117;-1271;6348;-910;813
-5489;5687;-5098
675;-5333;10;-2318;-6590;2511
1011;-106;1209;1337;4379;3214
-2149;4568;72;-4320
-129;3009;4774;-4781;5101
-964;-5557;3320;2075;6780;-6464
5929
4906
-1906;1090;-5609;2538
-6497;-1290;6092;-6591;5182;-5904
-1789;3628
3863;5897;5098;-381;-350
-377;1195
4034;6456;3272;-4751
4993;5793;-2948;6293
-4099;3278
4049;-2996;6712;-923;-6175;-4560
3895
-3906;-2676;265;-5341;-6574
3285;2149;42;-4539;6030
6641;3766;-1390
-4923
-3221;345
3056;6753;-807;-2345;6809;-4443
2880
-4353;6545;306;1686;-2073;-1277
-3233;-675
-5366;2553;-2251;-2494;3646
849;3258;5946;4410;2765
-5426;-2797;-2863
-6292;-5557;490;4367
-851
2898
6657;-6073;-1932;-6671
2979;-5432;-2219;3821
6392;-1913;-3162;-5563;-591;-3183
-2902
114;6504;1404
5441;2882;-292;-3401;-4683;1931
1473;1205;-2792;6380;2781
-5425;6035;5659;3276;3310;-4832
-5204;4345
858
-4664;-1080;-1102;4958;-2048
-4475;3611
6563;6591
2816;5926;3432;-5163
64;759;3116
-117;-2489;568;2906
-633;-4796;-893;2046;3407
-1089;5751;3147;-3869
-5206;6075
-5193;-2845
-215;-4488;-4616;-281;-2538
-1846;-3718;1126;-4654;-1007
3184;-6818;-2483;-1578;5787
1856;-4278;-3583
-1347;-6179;5461;-3222;-5670;-6312
884
-4641;-4018;582;5239;6764;4126
-6162;-2502;-2855;-636
-2340;-6778;-4540;3550
5571;1493;247;-5756;-6543
6736;-2600;-5033;-3129;1323;1807
-5972;-3834;714
-4965;6484;135;-5631
3938;-4567;118;-6204;-6478
1928
844;4157
-3489;-4706;-228;182;1675;5660
-6027
83;2871
-867;-5349;-5480;-2926;-1711;-3008
4036;-2486;-5531
-579;-4886;2902;6543
1110;-202
6177;-5269
-2466;-494
-1411;-1748;-836;-5271;4854;5325
1941;-2119;-736
-6469;-5709
4336;-3910;1080;-4250;-1244
-2183;-860;1103
1370;-6383
395;253;5821;-3504
4183;6521;-4221;-1469
3906;274;5957;475;-876;-1648
3073;3426;-1748;4101;5382
-1569;3267;-3492;-2486;6230
849;-4695;-2206
6053
-4519;214;4457;-3902;6733
498;-5669;-4760;4280;5050;-335
-5473;-4682
4497;5602;4003;-3945
4739;931;-3269;918;-329
6866;-505;2409;556;-3264
-121;2028;3133
-2904;6541;382
3617;-3315;646
-2809;-1945;3804
-5361;-4002;-1971;5304;-41
2998
959
-3843;180;6231;2488
-4274;-5911
2435;-4428
-389;2073;-574;-3936;-1216
5067
2960;-3121;-67;-6553;-2873;4585
1953;2876;-3406;-703;1278
-3201;1010;635;-684;-3855
-4879;-4288
5184;-5751;775;3240;-6473
-4836;-5693;5454
1459;-982;3513;4539;-3455
6471;-3257;4810;-5772;-4943;-1360
-2005
5026;6498;1155;6734
-6102
1047;-6842;716
4945;1349;-3702;-920;-6398;1693
6192;3361;-642;2314
-690;-531;-5748;1267;5732;6076
5989;-5911;3980
2011
4962;3193
-1122;2787;6517;-811;-3966;-368
-5313;6551;5530;4283;-6317;3423
3264;514;-1396;4070;2044;3759
-2066;49
-6723;-3323;2909
-6166;-1613;3710
1952;-6147;2520;-1373
4112;-2515;1548;-4367;222
-1412;-2660
6386;6868;775;-3928;-2590;-367
4032;-3665;-5601;1526;-5403;942
-2066;-5171;-1956
1187;3398;-5048;3307;1116;-910
-3137;-4011
5634;4373;1240
-6567;-5147;-558
6672;6644;199;-4379;-5056
-3634;4581;5022;-2912
-4084
2040
4089
-6402;801;-4072;2589;-5278;6222
321;5819
-4094
-5384;-5131;3530;2124;2973;4958
