4192;2004;3991;-1848;-5081;-3258
-5107;-5004;779;-110;-1824
5636;5629
-4498;5287;1800;-5535;-4224
-2450;2248;5226;-1437;5693;-3134
3600;1046;-3305;4042;-5387
-5394;1522;4152;-5083;398;2351
3148;540;-5743
-2057;-2202;1801;1977;2378;2205
-3751;4781
-1395;2434
-2070
-6549;1407
3094
-3848;-4409;-4027;-460;-5711
23
339;-363
-2834;-2756;3093;-5690;-6174
-3272;3898;-1679
1809;5299;2137
1347;3542;2154;636;3311;5423
-844;5356;-6592
-6662;4968;3775
6566;1355;-573;4382;1615
4706;-4325;5752;1069
-1255;-3901
3848;2238;2142
-5826;-149;5145;-252;3166
-3091;6052;-1079;4566;-6411
-2498;5607
1061
4560;836;4344;2585
2070;-4891;2782
3184;2515;2985;6234;-4955;6461
-1066
-5073;-289;5922;-3828;2053;1257
-1633;962;-2775;2379
-1940;-3224
-193;-3490;-185;2908;4654;4542
3334;2855
-5167
-1979;5052;46
-4066;-79
2373;4843
-802;-4759;-6777
5172
5289;-2763;2699;3020
3537;-6227;-2147;4891
-4505;-4922;3227
-6362;159
2289;1005;2910
977;-1058;-6018;1253;2186;-5597
-3301;-4982;-4828;-4367
69
1748;2244;-4063
6049;4261
-6215
4113;5874;4631;3885
-2532;411
1617;1763;-2284
-5275;-1967
4513;-6564;-2476;-2717
3123;-1000
581;-1367;616;-2122;2367
2323;2874
3330;651;-1902;2095
-5200
-5394;-579;5238;814
-2134
864;-3346;5843;6597;-6800
5846;-5419;2734
5968;3523;-3253;3926;-1111;3325
-2497;-2132;-5990;-4302;5614
1158;-2040;-4331
4513;-883;-359;4089;1438;-4608
-5592;-5032;6666;-1372;-911
-2965;-4310;-2695;-6043;3868;2830
-5;-6299;2109
6245
-4198
2723;-6005;1652;6389;2503;11
-2850;1714;-2597;3095;461;3358
-4396;6555
3462;3686;-4989
-1137
132;-1509;-838;-5130;-6573;5613
5233
2163
4212
-6564;-1877;-5102;-3983
2162;3396;5845;5990;-1915
-5905;-1735;-4767
-5745;3128;5807
2804;1285;1150
3840;1131;91;-2894
-3473;404;615;4537;5706;4620
-3852;-2416
-3777;964;6008
3202;-6551;6138;1708;-5920;-5872
5108;2005;6312;-3151;4190
-487;1001;-6746;-4139
2852;-2398;5821
1760;-2706;-3683;3468
6241;6186
-140;5403
740;2057;-3966
-785;4161;-3655;134
2424;793
-5572;-4361;1595
-1045;4774;9;1530
-6724;3415;6823;-5688;-1884;-188
-4754;4980;5669;-1647
-211;-2887;3886;-2991
-2113;-708;3461;1019;-480
-1905;-3954;4691;-1172;5047;3593
4872;-6364;-716
5081;4778;2590
-5553;2465;3700;5343;5471
-4529;-1507;4102;70;1917;5230
6533;311;3335;-1321;-1082;-443
5872;-4019;-1091;5593;-1070
-1027;-3668;-5204;2822;5415;-5675
-6315
3280;6866;-1690;-508;414
-5729;3493;1879;1551
-4267
-1957;-4936;-139;2763
5293
-3075;-583;5546;-5134
-2211;-4311;583;-1644;-1807
6642;-1622;-6828;-2463
272;-3620;5959;-265;-6618
5042;2440;-1162
3249
-930;-1570;-6594;6178;685
-3241;-16
-5306
867;-6173
-4283
-2671;-4687
3514;4555;5148;-1407;-5472
-979;-6835;-6374;-1049;-6463
5334;-1834;3242;5743
-5320
2251
3585;4810
3714;-6807;-4265;-2831;-2304
6129;5891;-3412;-3480;4857;459
4084;5781;-217;4894
2496;-4715;2315;6255
1152;721;-1663
-2696;-4266;6843;-2333;-2880
-5031;3822;2447
6208;-5271;-5240;-11
-6182;-5463;-861
3292
-223
6448;1890;-55;-423;3165;-2608
-3778;-6690
2275
-6101;-2138;1258;6751
-6721;3234;2501;-3343
5428;5047
-1897;2253;-4688
4332
-5341;1342;-2384
4931;-4693
-2099;-5892;-6102;3882;-6414
1265
-1285;-1448;6047
3491;-2276;-5174;6250
-2211;1962
-290;1654;-4391;-586;-6879
-6594;-1971;-2954
5377
700;-4031
1602;-4996;4389;1311
-3332
-2916;-5268;4535;-1418;-1293;-6190
-1121;-4561;-1860;2860;-5821
3336
5373;13
-2898;-5562
3953;-3685
147;-5270;2799
-4311;4408;4504;-250;-1003
278
-2019;4550;3703;-1706;1371;524
-4946;-3986;2834;-2149;5028;-4236
1272;5160
665;2204;2541
5475;5224;5977
305;-6354;-5193;-5435
1059;6342;5771;-143;-5568
1360;1680;-4738;4566;-5212
1027;-5319;6638
-5420
-5666;-434;2857;2942
-3137;2035;1402
-1327
-1361;-6566;-1594
5424
3066;-3372
-6179;-4367
4402
3473;4161;-900;3446;1100;-1758
4338;-103;-2042;-5146;-3499
4657;6145;-1507;3013;5414
-3387
1011;-5207;5878;-5069
2366
-2836;-555
6624;-4036;-359;-2584;-5084
-2296;6441;5164;-4894
2368
3462;1753;-5536
6160;1392;-562;-1869;-3774
1138;5861;215;2937;3119;6511
4096;-3699;5048
5329;-6474;-5387;5180
5168;-2793
211;-3788;-1152;-2768
-5297;2618;62;1263
4979;2216;-460;4604;254
3685;-5708;669
1888;3283;-1383;-2169;-2493;541
1959;-2553;-5050;4285
4898;2526;1102
4945;2134;4519
2451;4029
6512;-406;5241;5533;-6303
-2177;2404;4329;4362;6779
5396;3770;-3579;4796;-4925
1091;-5453;4702
-2390
4241;-2883;-1015
-1971;6024;-637
-4916;3942;-4952;3390;143
3457;-2086
3664;6683;-3950;-46;4237
832;-2626;-6541;2863
2800;-6726;-5646
-1381
5478
-3431
230;-4686
3987;3542
-2226;-4994;-1305;-6014;-3232
-5138;-1995;892;4013;3614
364
2853;585
-4596;4387;69;4410;-6685
1394
-1554;-1395;956;6460
-3524;2851;-3771;-1198;4239
989;3486
3408;-4885;-598;1318;-2556;-3213
-2916;3860;3534
-2432
1785;1404;2637;2749
1671;3832
2432
4582;-5752;841;3789
-4486
-4417;6771;6228
-385;549;-1583
-6277;-6695;-6381;5644
397
4320;3245
-2447
2289;-3730;-6868;-6745;319
-5523;-4140;5165
-1171;5543;-4425;-6496
4500
2288;-3667;-5013;6180;4712
-5527
-2628;-631;-1244
-5685;4410;-156
-1153;-691;2851;-1893;2510;1855
6551
4859;988;-2368
1777;-3603;212;-1900;-2015
-1436
6848;2646;-2732;-4303
-2769;308
4866;-3348;2991
-5542
-901;-1509;-1306;5292;4990;-4096
1529;4015
-4020;3700;1381;-6608
-4527
-3783;6346;3356;-3533;2143
2483
-4469;1178;-1628;-2685
-5556
6192;-5957;-5814;6150;4987
-4390;6876
-4087;6359;1240
444
5428;1160
3078;-584
-5568
2500;6523;-2333;-2703;-1488
-2753;581;-4488;-6313;6075;4398
3730;-4326;142
-5762;4626;-5638;174
-4002;-5715;1547;-652;5294
-2505
1489;3554;4986;4764
-2866;1746;-228;740;3307;-2239
-657;4945;483;-3963;5499;3374
-6820;2244;1845;-808
-5587
-4801;211;-5847;-5390
-1077;-6774;-2778;-2398;5709;1727
6275;2468;6886;2249
-1032;-4560
332;6284
-514;-502;3830;-6378;2029;3037
-6797;2221;-5120
-5601;4117;6394;-335
5601
-3332;6308;4053;1398;1271
-995;-2019;-4812;2221
6633
3187;-2698
1940;-3989;2085;-2790;214
-957;494;6079
6560;-6604;622;3647;4463
-2329;-6187;-6351;-991
1312;-3657;-6345
4849;-1570;3236;-889;315;4797
-6643
-1250;6131;-4405;54;-31
501
656;-5858;-4436;6807;-744
-1843;2692;-999;488;-5962
-3073;-417;945;-919;-4343;-6010
4243;4455
224;1713;4563;21;-4988
1534
1809;-6472;-2172;29;-2479;-3520
-6068;5048;-1995;1471
3591
-3890;6008;329;6777;-4608
-6564;-1957;2422;6057;44;-1550
5092;5972;4727;2056;-6060
2573
3597
3732;890
-5222;-1450
-2259;-2345;2026
-3635;-6164;-1269;2422;6312;1804
6642;3876;-4869
-6242;5301;5750;5271;-1359
-3490;6310;3654;857;2415
-3608
4337;-1667;-4563;-3876;6104;-5995
-5563;5020
-2503;1224;-681;-5755
-2131;3011;-2454
2690;3317;4782
3424;-4694;-2669;6381;1181
1443;2213;-6183;3079
-2533;-2555;2250;652;-4512
5392;-3186;-5491;683
-1580
-559
1331;245;-2136
-5190;3335;-4857;-6137
-4658
-5442;5522;3029;6197;-4107;-4635
-6465;-421;-1613;1789
5824;-4276;-1989;2030
-603;-2540;-6605;-6111;5758;6463
-833;2586;1884
-4663
4242;5860;-442;1099;-6096
-1444;-1559;-2955;1453;-2208
4419;-3878;-1752;-1160;-4061;-6429
1208;6698;859
2338;-4852;-3396;2757;-4589
865;733
3081;-2077;-5278;-6543
-2625
897;673;4129
1603
579
-6757;3828;3430;1639;6362;5389
370;-6470;3132;-3757
833;-3975;3609;-493;3678
-4097;5697;-6562;5175;-2698;6137
-4819;-3478;-4743;4922;1389
2634
-5010;2849;5697;1059;-4005
6777;-6042;-3374
6435;3371
-6415;2751
-643;-5527;3530
-5204;6820
2098;3447;-2028;-2924
4993;-6340;3988
5715
-3014;5227;6575
-5718
4609;3233;5301;-2304
-2486;-6008;-1322
-3673
1760;-2033;873
-6805;1398;-6458
-3675
-3361;-1102;-2286
2652
3699;5098
-6297;378;-6637;1708
5131;-4524
-1299;-132;-4679;2425
2663
-1860;3348;4407;-5659;6523
1138;-54;3257;-5454;-6672
-2482;-757;6054;-2569;-3936
1907;1140;-3722;265;3322;5899
-4718
5341;-6478;-5631
-6227;-1162;3693
-1825;515;-2006;3782;3231
-4419;-4773;3126;6134;-6839
-6772
6801;-4920;1819
-3701
-5754
-1290;654
5756
-6227;-3301;3189;-6041;1068;-3663
6568;-810
3302;-2840;-5225;2235;-5439;3231
-3448;6137
2641;1923;1348;2924
-1015;-5976;-6522;-2494
6259;4500;6452;966;-123
-722;6729;-4336
-4327;214;-3559;1561;-6077;-4848
-6291;4677;3290
5772
-1837;1005;894;2639
3011;-5765;4793;5786
3474;-5886;5119
-5122;1442;2806;3398;1207
5605;-4409;3388;-1150;-6144
5929;-3213
-3061;-1608;4394;5039
-5809;4593;884;-3781;-4582;-1191
5789
-2465;5444;3835
-945;5970;3458;1405
5792
176;-3516;5036
-6858;1083;-4573;5486;6559
-1505;3116;-1262;-3071
-5412;891;-6396
-145;-2738;-921;-6090
4153;877;-4351
-1478;6255
-6849;1433;-671;4046;111;-2848
-3958;-5914;553;6637;2942;-944
-6759;-218;-6221;-3870
3793;-2629;-5208;1452;-3214
-2706;5893;-3703;-796;-6544
-2193;2150;5082;-1278
-1633;3347
-753;-1674;3119
6274;-2165;-3192;-2636
5815
723;-1685;-6728;-5871;-2496
-4516;3196;-5373;-110;4302;5246
4796
-2749
6850;2248;-5326
-5207;2940;4253;-3712
-1649;6446
702
3623;-4633;-3790
-6803;-3284;-731;-5248
-4787;4631;2631;1304
-1734
2056;-2766
-6273;5730;6786;-2797;-4205;-5072
5378;-5418;-4063;-6287;3886;3743
-2278;792;5850;444
402;1338
-1733;-1354;6875
-2097;-3639;-89;6169;1049;-5183
-6862
-273;-4374;-5259;-2111;-4928;-5280
2848;-3827;-5365;-614;4187
2771
1056;-4200;2232;6553;5644;4798
-1749
5362;-5210;-2925
5379;-507;2700;-3039;2335
-3783;3641;-682;-1039;-5007
-6385;-5797;4549;3767;1912;6776
-2776
-5193;-1691;5131
6215;393;3305;2303;-6368
5637;-3304;-905;347;1003
-2834;-2699;4798
-3807
5943;1338;3694
1832;4745;3375
4963;-6792;1403;29;2157
2105;-2107;-736
6486;56;-3641;3566;6558
-2129;1808;-727;733;6062;1135
5170;2709;2438;217;2493
-1766
-4594;-1640;-6058;3497;-6283
-4839
3108;197;-3159;-840;-6392;-3898
-4841
1770
-375;-1979;-6587
-4497;-2310;5001;-2015
512;-6370;2455;5979;-286;-6111
672;-3585;-2466;90;2795;3245
5521;1735;2712
-4625;68;153;-1471
4049;116;-2651;5132;300;-3120
224;20;5384;250;-1152;4223
6035;-553;3259;-1840
-3830
-2983;-5967
3840;65;1364;-6028
3317;-4233;2105;-172;-4956;108
-1978;-830
2384;3715;5187;-1663;-5792
-2004;1239
-4338;-1850;4397
352;756;747;-5696
6770;-5963;6107
-2904;4698
-771;1306;6379
-1797
977;-2277;1893;3254
776
-6066;6073;5274;-1613;-5471
-5170;3761;4981;4822;551;4122
6402;-3412;294;2603;5723;-1612
-1059;5192;5689;-5966
-3412;-4068;-6215;-6791;-5903
-4886
-3795;1980
313;1502
-1255;-1976;-2522;-2207
6562;-6697;1951
6273;-6644;3214
-4727;-2456;6330;-3531;5179
2844
3906;4059
6832;3019;-861
-3874
6337;-2599;-6555;4586;4155
-4564;-1668;3223;1180
-3879
3883
-2306;-4516;-3220;4357;-2295
-897;-6061
1233;-1237;5940
-321;-4549;3220;6327;-5245;6508
-6569;5741
2067;-6167;2712;6312
-1153;3121;372;413;-4607
-5951
2611;-1781
5266;-5225;-5995
-3140;-1428;-2412
-4939
5348;3690
625;-5335;169;5387
4943
-3558;-4215;-891;1083;3660
-5122;-5555;-843;5675;-125
5940;839;4698;4734
-2548;4760;-5114
-1317;-860;4589;989;-6303
-1033;-5819;2954;-5150
1881
-2050;866;-55;6248;969
-3932
859
-2909
-1381;2247
1428;-4344
5988
339;-2875;5453
-5298;-1826;3139;-5800;-6526;-5039
1843;2836;286
-4177;2595;2437;-4799
872
-2579;-4740;-725
-339;-2234;-6058;5082;-6544
5793;971;-3838
6880;2191
1907
-2178;1137;151;-2538;5131;2252
6304;1749
-3457;1733;3286;3176;-2828
-4991
6770;-6342;2806;735
3809;-3975;-1756
-6019
3317;-1914;-2303;-4096
2720;-3593;-4586;6106;-6668
154;-4128
2549;2870;2702;4446;4719
-5060;-2084;3335;6760
4368;135;6616;4122
-1618;5334;4473;-4762;-317;-157
-6029
-2958
5398;6776
6609;1720;-986;-4812;2477
-2642;-2975;3679
-3555;-1907;-1173;-2901;-5830;-5006
5637;2309;6106;-3916
6773;-3031;5912;-2588
-3498;1229;-4799
-1311;-1664
-3633;3810;-6733;1532
-2977
3491;-134;3367;-5705;-6171;126
-5441;-2616;-1563;-3903;303
-292;1337;4745;1161;-5661;-5294
-6706;1677
3032;-4425;1034;2395;-1104
2753;4323
-4003;-1945;-1401;-90;361
-1752;-1116;6813;3293;-1184
5032
-5034
6061
6849;-1079;-458;3823
5520;6368;4051;3718;3370;1469
2112;-5718;-6518;1978;-5947;2907
-6072
951
-6322;-1032;3450;5739;3213
-2705;-1859;-3608;4907;3900;2367
-6076
6017;1092;-5351;1757;-1535
4371;2731
-833;-2884;-3387
4161;-2565;-86;6617
528;-1489
-6360;-5865
5168;-6132
4725;-2199;-2152;-4413
-6308;-517;5851
-3024
4674;-21;-3674
1314;5394;-5798;1094
3825;-2724;3397;5030;895;4895
-181;456;-5737;2430
-4641;-4565;4901;3109;-1837
768;-4134;5375
5082
5460;-4438;3605;2166;-1975;3336
-5089;-6534;1419
1728;6304;274;4972
4754;-6878;3070;2142;-2096
6147;5864;-2490;-5456
-2018
1859;595;4419;-364;-1420
-4161;4171;2621;4511
4902;2535;5849
5477;3126;4071;-5402;2943
451;6024;6814
4033;3032;-6154;2141
-97;4177
-1794;3810;-456;5595
4704;-4130;-2;-6021;-4104;1373
2417;5499;172;5213
-1123;-2613;-5470
-1954;-2133
-5745;-5973;4838;5799;-1038;6207
6137
6483;1079;88;2250;-3756;5117
1457;761;3433;2539
6498;-5109;6837;6204;-3167
