-6849;3774
-2569;6795;-1149
-552;4878;-2271;-5135
-3080
-1601;4353;-2014;-4846
-1826;3449;2505;-5372;1916;6509
1506;1390;2047;191
-305;-914;-2406;-4665;4601;1626
5752;-4713
1096;-5210
-3701;-3486
-3575;-2824;236
5266;-4634;-3963;1213;-4046
-1588;2853;2023;1370;-2286;6863
-4136;-604;1646
-6035;2134;1416;5500;-2990
2073
-3098
947;-5143;1974;5319
-52;-1941;-6661;-5159;-5191;-6624
-3569;-4914;-2999;682;-1918;398
-2737;2144;-3521;-5259;2171
4305;-1111;-4347;1691;-6716
-1330;4275;374;-6136;2936;938
554;6653
-4341;203
3202;-3957;-523;-622;-191
-3704;2409;-3868
-1068
881;-4339;-685
-772;-2742;-5657;-1116
-6883;-5255;825
-6194
5910;2551;-1788;-3552
-3125
40;5035;-927
2129;-5255
-5175
5446;-3146;2874
-6852;-4375;-4140;5071
-2245;2196;-2022;1318;5356;572
-4538;-640
2960;-4275;-360;1021;-6575
-450;2051;276;-1158;-5901
-1281;-3073;-6019;-1033;-4016
4498;-1582;173;5166
4548;-822;-840;1194;-5168
-3137
2835;5107;-5049;-1805
496;-6613;-5214
-4696;5420;5294;-5952
-1785;4926
2816;325
5797;6214;5175;-6877
3143
2385;-6852;4539
1794;-6053;-4006
-1098
2792;426;2204;4895
1712;-1919;127
4178
-5205
5008;194;-4094
721;58;5818;-4300;1884
-2554;-5724
4097;-6195;-1063
-2962;3991;2599;5165;-3584
5306;-2144
-1457;1381;4667;-5629;-5792;-6576
724;-2955;6858;1612
-3951;2831
1392;6662;4119;4792;-3178;-2427
4962;-4228;1027;-1464;5930;6157
993;-1379;-4020;2724;-6119;-2537
5172;1322;-1276
6803;6675;-249;5322;300;-320
-5979;-4685;-1727
1232;-5140;-4583;-493;4766;-2032
2500;-2393
-1684;-4647;-216;-4762;-4160
-3181
4337;4273;-2357
6880;3336;2633;3225;-2652
-3235;-1997
2164
5840;4627;-1036;2974
2963;-5129
-3073;-342;-2848
6720;810;6397;-3823;5374
-4390;2220
3008;2419;-3417;5913;90;3374
6627;-2408
-5537;1077;2287
-3601;1427
-4222
6269
4465;3428;-3910;-5820;685
5603;6868;5065
-4050;5174;3101
-6293;821;-6695;6295;5752;3322
1253;3277;-303
4232
1729;5987;3268;-2334;3775
4806;-3895;-4121
-3222;5847;-5839
6286
2322;2883;4156
-1893;-821;5388;1567
-49;-2401;595;3883;-6271
1873;-2194;-3907;-2666;4699
-1418;-4879
-5794;-164;2421;-4681;-5052;828
-3797;5048;3305;-2667;3483;6046
-4275;4117
-158
-4145;-1658;523
-3233
6195;2158
-4597;-694;3373;-862;2942
-5537;-3842;-1171;-547;197;5614
5936;-6456;-4767
5666;-5763;2213;-3803;859;-2413
6871;-4655
-6869;1578;-5869;5870
-6017;497;1253
-4882;-949;-5400;2008;4953
-5458;-1991;6617;-367
5602;-6836;-3039
-1336;-6010
2240;210;4725;-137;-2765
-5847;555;5470
4279
6245;-2990
1587;-2799
5937;-2739;-3387
-3816;972;6108
-194
-6339
-4293
-1363;-3031;2920;251
-2420;5690
-6343
-202
5009;-2760
-1651;3941;6437;-827;4350;-1808
2250
2198;-1995
-6738;-5756
-370;-3238;2377
-6352
6759;4713
2807;5160;1800;5003;-5488;3215
-2631;-4955;-4189;3390;2031
1478;2828
-5332
-6358
5130;3485;3886
-1240
-1241
-6423;-2489;4652;5485;-2702;4766
-5538;865;4708;1207
6498;5685;3079;-6040;-6556;-2446
-223
-5101;3501;1823
-1125;-2600;3980;-6624
3895;6585;-14
-497;5808;-856;759;-5192;-3323
658;600
3310
-1042;-4899;-5957;393
-3314
816;4017;5923;-6795;-6254
-3393;5490;-391;4363;-2751
-5515;-3308;6527
-1015;5752;523;2158
3793;3282;-4151;3607;888
-2730;3180;-4334;-5086;3598
-6845;-2624
3325
4256;-930
3780;-4645;-5192;1852;1900
6051;-4617;297;5036;-3437
4001;-980;-1157;661;968;-5802
-4358
264;3961;-1274;6411;-5005
-3699;4370;-5030
-4361
-1747;19;3523;3383;-1837
-4100;1846;4456;-5753;-3887
5373;-5103
4261;3738;-6703
6304;2640;1523;-683;6874
3346
2405;4267;5947;1565;141;5407
-4375
-1602;-1141;-2040;-6877;-2910;-1070
-5298;-4850;2341;-2715
-4489;4968;-5547;2381;-3679;-6208
-2532;-1654;5495
-1074;-5357
-3094;2933;-4024;3898
-6472;-3913;5082;4892;700
-1122;1414;-3562;6234;5517
2994;-5572;2534;-536;-5855
-6762;-3037;-4830
727;-2729;2602;-6014
-4306;977;3624
-3369
-2825;-2592
-3397;-3239;2022;6600;-4700;-4752
4004;-3707
-1362;-4756;4408;-3194;508
-521;5148;6380;-4893;-6415
4396
-1291;2859;782
-303
6864;-4661;633;6153;-2543
-5425
-1553;-3873
-1330
-1241;-2137
-2849;-6673
1956;4116;5500
4113;1316
-6673;6820;4981;-5275;3563;-3727
6005;-1208;3706
-1336
4513;-4825
2368;-893;-1790
-2306;2278;2088;1326
3893;-3448;-3019;3211;703
5565;-5248
-1678;-4784
-2199;777;6862
-923;3292
5441
1842;-496
-3397
-1682;1924;-2619
3328;-3554;3299;5930;-6624
1357
4912;4710;1976
1121;-5461;-1116
1811;-4853;-2072;4777
-3969;6129;-2195;5960;4652
-1236;790;-1418;6255;47
-866;-6646
-6150;-4359;1239;812;-3151
-5921;-882;940;2654;-208
-2583;2743;-3579
-6491
6448;-3699;-5147
5474;-6501;5956;1564
4644;-1573;3964;-3614
-4530;-4310;2345
-289;-3508;1013;6520;1739
6673;-3090;-6467;535;-3224;95
-177;-4451;171
-6057;26;1867;1500;1309;-2078
-368
-1304;5768
6131;131;252
411;6107
-1042;-2902;5343
-210;5299;2155;6189;-3840
5733;4888
5409;-6816
6340;-2214;-508;860
-2566;6152;-93;1919;-928
-2962;3417;-3918
-535;-5663;4783
-5220;1192;-5675;5214
1459;-5949
-5893;-5082;-2732
-1794;2113;4404;-5118
-4132;1062;-6617;6120;-1739;1835
964;-3317;-4056;-4520;-4832
-4661;3236
1073;2581;4584;3803;6124;5789
-1283;1460;4326
836;-4213;6518;6152;5450
2224;1433;3003;-6252
-4676;-1254;776;552;-5774;1775
4794;-4109;4846
-5142;475;-5533;5692
-2338;307;2004;3893;-6327
5840;2966;-3274
-415
4512
6642;213;6184;-4538;109
740;1367;506;2718;207
6275;4852;-646;-6568;-4333
2089;-1838;-672
3493
5543
-2370;6579;-714
2471
4433;-1976;-3132;4367;5167;2831
-2006;-5961;-3726
-6574
1453
-2641;-2961;-4039;-1178;-6334;-3760
6657;-1334;3705;2796;-3199
-4100;4710;-173
3207;-3645
1463
-3459;4186;-5263
-915;4643;-3621;-6026;-4795;-2015
-4235;-304
5170;-1092;727;-264
1469
3174;4839;2633;2089
-1473
2790;4731;3167
-1092;-4359;-4776;4155;-3596
5890;-4664;1275
-3787;-3949;-910
2672;2193;-3010;468;-4825
-6599
-919;463
-4034;-121;-1997;2622
-6724;1144
-2657;5165
5583
-2515
2326;6332
-6085;-3733;887;1295
-1494
-722;6145;-857
6154;3532
130;341
-2172;-3423
3554;-2986;5946;2732;3519
-2527
5458;5780;-502;-4120;636;5517
-5272;6185;5658;-4910;-2143
-5697;-4937;-3340;-5967
-2594;1810;-3476;1373;749;6718
2432;-1938;-2082;-1690;2793
728;3230;3695
-6641;-3062
-3795;-1813
-5969;5091;-4731
5185;982;2855;1816;-5358;-895
66;2358;6534;345;3113;4459
3563
-6226;-3877;-1705;6265;4025
5200;-3159;3174;3687;2810;46
-5430;4168;-2894;4909;6654;-5888
-5640;-2251;-1821
-1163;1451;-736;6063
5426;4983;2375
1522
-1139;-2563;5143;-2713;1164;2655
-4050;-5860;-1556;-4394
-389;-3430;5342
-5511;327;-5688;-5853;-159
6648
2432;6512;-5587;530;275;6585
-4982;3448
1760;4940;-3118
-5921;-1539;2549;-2122;1834;-5552
-2562;1431;6601;-864
-3250;-334
6470;186
-3730;5;1163
4944;3873;2086;4970
-6660
-4996;1683;-1302
-4945;-5234;-2194;4871;-186
6196;-6718
-6273;-3747;-2692;-404;2215;3210
4368;6397
-6882;6551;-232;-1225;237
1718;6394;-6560
502;26
-5906;-5922;-4548;4582
2454;-2395;-6734
4928;5604;-887;-1944
1560
2450;-4724;-1301;-119;-3644;1678
-2581;6533;-524;-6016
3697;-2;-84
-5892;-2236;-605
-5662
-1958;-2793;1400;-2346;3100
-5025;-3593;-442;4414
-1649;6776;-4576
1226;-412;2124;3213;-5550;3022
2499;-6247;-1928
1580
2585;5660;6652
947;-1685;-1047;-5947
-3972;6421;-5190;2342;-87;1051
6709
6240;-5350;-4311;-6236;-1710;-4560
5285;-6454;121;-5101;3533
-5138;1497
-5542;1784;-1933
5797;5015
-3648
704;-4711;-4058;6463
-6722
3344;-5523;1154;5716;-1609;4664
-1235;2837
-1649;6323
-2305;-2962;-3586;6437;1835
833;-5927;-4744;3419;267;-4671
548;4260;-535;-619
-3122;1521;6707;-3961;1487
-5185;-5644
3661
-5464;4873
3303;-6491;-1500
2152;2536
-5714
-2642
-5093;5829;-140
-6051;-85;-2197;-5273;-3243;1916
5157;-5032;2520
145;5495;-5661;5740
1623
5720
1412;6676;-2902;-3238;3773
-3382;2780
4577;-4517;340;-2028
6257;6636
3461;-6343;5303;4364;2013
-4706
3526;-1244;1965;4557
5740
-4946;-1884;3965;5343;191
-3125;-5100;-4686
916;3805
4177;5569;6181;-4825;-2285
5680;3835;-5742;-6447
2070;605
3553;2945;3202;-4026;4540;4749
-6150;3304;-1690;-2941;-2368
4976;-1275
-379;-6396
-5601;-3634;2920;2568;3771;-4752
933;-3942;-3958;-4954;-3051
6779
-4177;3633;4514;5262;623
1012;-565;3830;1484
-706;33;-1123;-1352;-6635;-4172
-3761;-537;-3803;-478;2765;47
3831;-682;2060;557
6792
-1489;6324;-4186
-580;-4810;6043
2986;-3646
4208;-3605;3131
-5953;5714;2468;2950;3676
-5585;-1157;-4681;-2557
-3587;132;-5406
-6883;130;6788;4729
928;-3957;-6857
98;5844;2569;-5515;139;3678
4898;-101;-1911;1198;4559;3295
-3748
-6821
-394;1070
1079;-5853
-6808;-14
1168;-5002;-4015
4048;2776
680
-3219;-2236;-1533;-3935
5806
689;-3253;-6437;-3976
-439;6249
1392;6839;-5998;-3950
4791
3860;-3141;1317;-5806
2822;-5568
-1330;2933;-2358;1452
-5108;5670;6280
1815;5689;1581;1854
-292;-2456
-2424;1785;-5899;4523;-734
-1814;1880;601;-3034;-5707;2251
-4829;3100
-3779
5828;-2877;-192
4807
1616;-4376
-5835
-5837
3072;-3318;3382;647;-2953;-110
6704;2336;-2196;-378;4495
-4818
5945;-6668
-6172;-2588;-156
-6869
-4152;-5097;2712;-6234;5902
2497;596;6469;-362;3081;2782
-3265;5955;6163;1973;5640;-4475
4224;2961;4601;2255
5683;-6456;-1545;5163;3005
-732
-1174;-1575;-1056
3717;-4726;3288;3448;4221
-2783
-5055;5791
6284;-5678;-3392
2610;-5797;-5962;4315
-2482;-458;-779;-4380;-1855
-6754;-6746;4299;5645;-2303
5172;-1360
-1426;2641;1634;3882;6428;4991
2369;-3346;-2244;4473;-3022
-1771
-748
-5158;-5899;-5051
-3651;3268;2548;6775
-1059;6692;1452;1855
5745;-6773;-5148;-1741
4628;-502;-5945;5736;3848;4250
-6467;-4740;995;-3542;3691;5215
3669;4934;-6555;-800;5647
484;6152;5130;3322
4849
6103;-1260;-6622
4886;1895;-3979
1782
-6712;-588;1019;-3550;-144
4229;-4779;4382
4768;1793;3875;5495;4073;-1834
-3987;-1897
1421;367
6839;649;-3978;5627;3915
-1557;5304;5210
-578;6580;-152;-845;-4240
6248;-4459
-3666;849;3876;6249;-2446
-6419;2227;-2388;1716
-3382;-6602
-38;5928
-5025;688;-6678
-4709;-2630;4118;5398;-5979;-6190
4875
3645;6350
-1807
2243;4179;-391;-5246
-5;2613;6327;1928;2904;333
-1186;-5427;-3432;-5629;-4576
57;-4347;3260;4895
5832;-1103;-2911
-1089;-4273;1637;810;-5052
1811;4111
3490;1994;-912;-6400
900;-6167;4375;-3419;-2639
3410;2516
1585;-1122;-804;-2984;-5674
4761;1229;-64
-5122;3830;5559;-4585;-6399;-6384
1936;2037;5146;-4924;3644;-2927
-6629;-4094;-6478
-4370;-4948;-5067;3326
-6388;-3492;4965
-5969;1763;3303;-1965
-567;2410
6291;-3531;6236;-3055
-1073;3218;3736;2109
-2257;5618;5586;4916;6121;4393
825
4456;-474;5037
-3985;-6293;5128;5977
2464;-6868;-5012;1334;-940
5376;1206;-331;-1324
-6363;2459
2214;-6408;-4111;-800;-4912;-5248
-1857
-3521;-2745;4409
6518;4556
-2913;-6049;5304;-605;-6814
-5089;-3942
6825;1181
-3834;1967
1923;-4920;-5019
5730;-5284;3812;3912;-6409;2159
-5188;197;3114
-5975
-1476;-6756;-6294;-600;3005
1611;-845;5212
-3932
-249;5144;1084
-1108;-1512;6551
3987;4326;-4265;5882;-1355;478
5794;3723;-5582
-3089;868;5605;4649
-5114;-6491;-2573
-4202;5067
6787;-3860;388;-183;5322;606
4544;5712;-57;5083;-4174
5345;3716
-6129;-1393;-5793;3325;1453;-5646
-6754;-6291;-2467;4399
-883;3234;-5957;6807;-5101
-3490;-1702;3367;-1435;-688
-785;-4187
-3634;1733
5235;-4920;4663
4066;-4873;2717
4112;5731;-6148;1864;-574
4529;498;5220;-949;-5579;-2830
6012
-4319;2270;3966
-3649;6177;-2407;887;2957
-2147;-2660;-5256;-4408;-5881
-5399;-5739
3970
6407;5755
32;3825;6504;5898
6465;5202;-2277;1385;-5776
-6083;57
6546;1094;-6734
2314;-3148;5836
2066;-2181;679;-425;-1114;4955
-2999;4807;4024;-1484;-1391
-2257;-4290;-2952;3224;-1803
-6188;1212;-31
-1939
3987
-5014
-1944
3926;4327;-2552;-2923;2189;-4048
-3361;3729;552
-1954;5523;1510;2791;5340
3925;5207;3929;5193;4284;-4208
-1526;4853;1991;3384;3676;-3262
-1426;-3546;6491;3501
-2974
-6049
-6211;-1886
-1457;6582;-2143
-3122;-3666;-3529;5592;716
1680;1301;-3920
-1425;5521;-4539;5356;4796;5565
436;1210;5437
-4626;513;-1179;2605;-1327
2400;-2130;-3390;-895
-5412;388;5143;1050;3869
-944
3866;-6864
923;5773;-1648
-1978
-1300;-3750
4029
6078
-3831;-3275
-1793;3058;1396;-5254;54;-4572
2515;-1892;-3127;6543
3393;3858;-6284
-3441;-5720
-1973;676;-6524;-318
-1224;-3916;-5132;-1964
3395;6489;-2842;4315;2926
6371;-6837;-2295;-5753;-1679
5073
3028
5528;1597
-2006
-2804;-2038;2517;3464;-6219
-2267;-766
2852;6550;2759;5704;-5998;6526
-497;-3364;3317;-3128;-410;5068
5083
4657;3202;-1672;-5066;6012
419;-6213;-6464
-3971;-2485;-5079;2669;5823
-6084;6662;-2203;3644
816;2227
-3241;-3901
-5329;6625;5414;5977;2666;6125
5056;-3033
3205;-5483;1274
-1558;-4985;-5998;-4847
-4995;566;5433
5985;-2183;2584;3839
5865;5737;-2398
-1013
-4146;2808;-4364;6716
-3137;6585;-382
-5956;1861
3472;-4482;-4690;-444
-1022;6141
