-4840;951;-5417;5977;-1455;1710
-5303;5306
-6149
-2260;4004;-1750
4677;-5894;1222
-5128
4146;2729;6698;-254
8
1034
-6307;-4277;-133;181;1637;1719
6196;3749;-1580;-3232
146;3523;3577;-3136
2859;-1820
-6161
-2401;-818;5;182;-3180;-4046
-5601;-324;-3310
5140
3239;-2989;-2320
-3895;4407;-1884;-5821
-3098
1283;-2628;3608;-2233
4947;-1444;-1012;2661
6265;-1163;-5069
-2325;5387;2094
-2034;6579;-5210;3033;-124;-157
-2961;-4562;2362
4114;-4451;-1812;613;-4650
5508;2244;3736;4476;1436;-1998
-4141
-3252;-5045;3174;-152;3689;-4603
2370;5867
-116;-4293;-890;-4990
-1073
-6375;6856;-3357;317;2509
-6050;4241;-2419;-372;5123;-576
-2292;-5653;-5689;-5289;-586
-2657;1798;-3292
1504;6179;-3211;-6302;1886
4705;484;-3157;2298;846
4044;5230
6203
-62
5265;3858;-6518;-5254;1670;-6254
-1906;1602;-1811
1344;952;3914
-538;5725
-625;6836
-71
3632;-675;1701;6646;5111;5160
-1825;4304;-3752;-2220;4268;-4944
-273;-2356;2228;4549;2249;5965
-1101
-5893;-551;2359;-5753;-480
77
4402;-980;1796;6006;1143
1668;-2216;-2426;5420;-2495;-4128
5641;5563;1164
2489;-5644
-3781;-4934;-5532;-5294
-945;-3221;-2795;1756
2580;2502;-4217;-4985;-4158
3159
2838;-1726
304;-1412;-3237;2538;-6475
-343;-986;5611;-2143
3164
6658;-4036;-4462;-4399
-1589;1687
-4673;6819
4001;-6157
-4819;1602;-5083
-1528;-11;5742
688;-3670;1849
1573;5592;-4316;1101;4351
6704;1810;2770;6536;-6442
2706;6067;3883;-4349
2801;-2919
3190
-5815;-4297;-5658;-1693;6078
-5505;3585;-3587;281;-332;1341
-4818;-4179;-6876;-5629;-2910;-6432
2171
-6322;1272;6106;2316;-176
-5833;5961
5667;-5797
-2105;3260
1362;-2998;3482;-5052
1408;1121;-2667
3667;-1817;6297;3689;-6586;2058
-1092;-3398;1941;3414;2348
-6229;-1174;-379;-3020;-2652
-6145;-3026;-2275;-1366;6526
4231;-3050;-2892;-1357;876
5761;5647
5026;-6262;-1981
-5267
-4930;5336;4860
-4033;-3378;-51;-5162;1354;-3214
4641;3093;5141;-2758;6415
-3396;13;-4960
-2660;216;-2829
-6278;442;-3740;6172;-4942
-6482;-3491;-6085;1646;6047;-1008
-4934;-4380;-3133
-3232
2208
4865;-1923;-3779;999
-6401;5766;2558;3359
-2212
6034;-3821
5286
2916;-6157
-1522;-4788;-4010;1930;1755;-3775
-3665;-4357;-4855;-605
-5588;5366;-3641;-2269;5167;3183
-3188;4039;-5198;3150
-2609;-4570;4957
774;250;-1199
-3409;-2911
-385;6275;660;-1701;6395;-1852
6837;795;5899;-4093;-1069
1538;-3780;4900;5704;331;1725
-2210;-1490;1458;4021;-6120;-960
752;-6529;5492;5717;2685;4351
-5090;-4915;4924;6734;-608;-2256
4567;-1309
210;-1592;743;-1596
-4765;-3615
1688;-476
-1076;6180;5068;-6510;-4479;6127
1264;-2993;-6178;3811;2742;-2935
2240
1953;1682;1987;2341;-4699
-4290
-577;2073;-6396;-1197;3757;-2975
-1571;-5932;4235
1008;132;4954;-779
1073;-2468;6715
-4257;-3842;-1460;-2724;-2831;4671
-2311;6136;-6077
-4868;1557;-5975;5158;-1240;43
126;79
-5233;4592;4942
2548;3813;-5129
-4628;-5303;876;3725
-3092;5349
-5841;4629;-28
-5127;262;920;-4655;1215
6468;-3221;-5526;428;-4509;2046
-4465;6731
-579;-6339;4649
-2820;-5594
5409;-2212;-3423
-3028;3092;-3865;-2574
-2113;6641;-6808
-5362;865;1347;5268;5528;3851
-819;1052
-2613;404;-5079;1369;-5584
4335
6880;-667;2218
-5601;4962;-1544;4952;5230;-5712
1298;-2358;3943;798;2703
-2627;2761;-2013;4140;-2016
-4087;-3447;-1305;1803;-1404
52;341;2892;-6397;4383
5368
-4346
-219;6122;3212;3423
6384;2489;-4527
-5041;-2947;5559;-4105;-890
2736;6468;1494;-5321
3334
-584;319
-4361
6004;-6315;173;-5247
-929;6656;-6645;4255
-4362
2067;-777
6368;4140
-5028;2053;-2264;1579;3391
-6430;5134
3344
-1233;3105;-984;5529
-2325
-1606;1563;-238
3781;-2476
-6189;-3086;-5343
-3956;601
-6835;2456
3410;6483;-2637;-238;-5711
-6338;-5164;-3437;-5392;591
-2596;-2404;3365;3967
-4874;-5418;-3066;1102;-2368
2997;6508
-697;2011
2992;-6805;4711;3353;-6592
5412
3489;5508;-3175;-5352;-764
5959;3197;-5791
2890;3548
-5154;-5798;-5176;473
-5843;-5540;-6522;4555;5886
4032;1125;-1719;3996;2076;-4094
-2278;-205;5853
1322
3426;597;-6713;-1292;-1438
-6177;5318;-3720;584;4331;6108
2849;-2806;5766;5690;-6508;6574
6514;3220;6247;-318
-5651;3669;6472;6058
-6020;6531;-841;-6124
-4727;-4411;4731
-6456
-2373;184;-2763;3790;-2223
-3385
19;6597;103;1176;-590;-1872
6459
-2393;4120;5820;-2094;-14
4818;3587;-6749;-301;-5774
-1347
-4499;-1082;890;3342
615;3807
-1510;2860
-4424
-2945;3689;-4144
3400
4425
5882;-432
-5058;-6114;-2629;5277
-6641;6403;-2143
677;-3622;3526;3580;4605;-3312
-210;-5300;-3558;-5897;-410;-2368
5121;-6372;1946;-2427;-4540;-4303
-6479
-859;5468;1871
-491;4379;-1503
-4358;-3094;601;5485
432;5376;6353;-5897;6365
3669;4871
-1747;1749;351
3808;-2810;-5482;4170;3740
2880;-2525
128;389;-410;4398;6158;1983
-5185;-5204;4597;2215;-4619;1692
-1579;3116;-3950
-1077;-1336
6563;-4646;-743;-391;5183;3615
957;-591
4962;1315;6260;-6071;1341;3823
6631;6683;543;3647;-2800
-2915;-55;4076;-735
-5170;-4852;-6183;-5672
1904;1718;-5757;-287
-5266;-5410;-3011
3057;-3252;-3988;6508;-1454;6671
2795;2700
6519
-4548;-4596;3558;2138
5137;-2712
1746;1029;-2398
-5986;-549;6248;3867;2942
-6755;-6504;4687
-3283;-1469;-3181;-639
834;3644
-737;1330;676;1637;-1739;-4622
-3220;3768;808;667;-4124;-5452
-273;-5033;-3273
-1858;-4002;2968;-3020;5196;2127
1770;666
17;4471
6561;-6404;6156;2271
-501;5414;3913;4878
-6498;-1065
624;3298;-197;2349;-1950;3438
-3665;5844;6358;-4154;6250;-2045
-1941;-5749;5321;-4173
-743;-5580;-2062;-4303
2818;-6021;5079;5693
-3574;3099;3949
-369;-36
-6114;2179;-26;-1646;-5775;5855
4103;-5535
-3481
6552
1432
-4930;-4697
5492;3111
5521;1653;-2666
-1941;-6666
-2665;201
-1314;-1619;3426;1794;532;3742
6561
-5187;-5635;4522;-2637;5022;4335
5856;-5957;6666
4548;996
4830;-2352
-2035;2723;-1120
-489;6040
1298;2758;-4168;2493;-3840
-1641;6172
4071;3532
2102;-3512;3004;-6126
-437
1488;4420;-4407;3848;-2863
2007;-4200;-4761;-6750;-48
2208;4307;-2664;6344;4585
-1332;-3156;-3125
5859;4915;5558;-3242;4267;-3600
-2496
-450
640;-4436;-3966;-2928
985;-1436
-6600;-2044
-1476
1185;-3826;5062;-2424;1838;-5359
-5670;-6026;572;-4078;1438
3524
-6305;5905;265;907;-319
3525
-3139;3667;-2086;541;-2719;-1840
3530
6553;-318;4463
-4598;3113
-5583
2241;-3421;5740
3738;-4203
-4561
4915;1880;-4282
2513
-5505;-6657;3492;-5110
1491
-6612;-2583;-6633
-2515;-5910;-6486;443;-5056;1647
-3441;-2578;1107;1737;-5486
6217;5515
1493
-2417;-6246
-5079;-6238;333;5871;543
5596
3475;4904;-4412;-3006;-5535
-401;6707;-180;4886;3805
-3362;831
308;-2117;2552;-3278
-1513
-962;-5416;-255
-1010;3795;-4299
3443;-3461;3991;4649;6138;-5054
4288;1762;-789;-6262;-3001;-5706
-1516
-1511;-71;-3007
-6537;2970
-86;6309;1161;4539;4956
-6465;-4858;-3306;-2317;-1567;-3487
-4915;-6757;-4824;5759
4851;1188;4164;647;6040;-5130
1252;180;88
-1524
-2707;-756;-310;1688;-1487
-3235;2339;-2857;-1868
6487;-905;-6841;5855
3575
-6388;-6231;-6046;1775
276;1285;-1055
-508
1889;-5469
5968;180;-1030;-4618;1276;-6381
-2482;-4760;4684
-73;4472;-812
1716;-6521;4287
-3557;3036
1392;-6035;-3862;-6751;1423
-5603;-517;3894;4795
2672;690;-789;-5144
5643
4752;-2274;-6775;6492;382
6545;-4579;3225;2509
1090;-4694;-6520;6519
-1266;5922;-3256;-5228;-6592;5791
-230;-774;3334;-4568;-344
4633
4465;-3974;47
-1563
3699;-4239
1504;5505;534;-4520;1694;4014
5660
-2259;-1994;-927;4638
-3617;-6405;-2220;-589
-4337;2418;-1622;2391;2717
2657;2436;5260;2479
5616;-3683;5603;-4943
3588;-1733;-2855;-1595
-1239;696;-3609;-3563
5602;6085;124
-5669
-4833;3752;4701
-4968;-3289;-5722;-6283;6396
6213;-3387;-3472;5295
-5570;-5234;6553;-1424
-1265;-1732;5381;-6013
3628
-3734;5062;3800;4987;1628;78
-2372;-1653;-630
2606
6702
-5282;6003;-5653;-4214;4488
1991;2428;4335
-1156;-869;3869;-2782;2526
-195;2491;2366
5953;3974;2456;2507;2444;-3455
4672;2561;4097;-3013;5053;4606
-1060;-6679;4762;2204;2367
-4667
2848;6358;5671;-1560;6122;6731
-2705;6100;-4165;-3191;4024;3580
930;-2966;456;6248
5170;6076;5711
-2805;1206
-6042;6137;-5116;350
-1410;-1030;-4285
1456;-116;-1925;-6557;1885;5839
-6481;-5575;1832;-6763;-2029
1607
3760;1105;4359;-5227;1052;-366
4721;-6821;282;205
-6866;-4474;4426;3247
-6418;4033;-2694;-2684
4073;-4079;4063;3711
6499;1640;-4538;4057;-5008
1124;6586;5180
3638;-3911;1355;-2719
1841;4741;5446;-3050;-4718;-2623
3685
-6833;5195
-4452;-4555;-444;6557;-6350;-3663
4371;1047;-3772;6140
449;-5060;-1352;-4523;-2299;-2173
-5748;-1019
-2865;-5283;2499;6296;1001
3265;2501;2664;-6569;524;-1760
-465;378;-5661
2148;-1247;751
6707;-3383;-4652;-6477
1666
4738
-2036;3735;-3132;-6381
-5697;-2819;-5864;1079;3437
-2610;-5207
5283;-2038;-4104;-2864
5212;5679
-5522;-5875;850;5475;3924;-4624
5280;-785;-1156;1625;-1627;-637
-2739;-1017;5948;6092;-2512
5089;-6308;-180;-2250;4303
5516;-2813
-2679;857;3503
6065;4180;3435;-4831
3042;-6084;-4784
1717;6535;-4523
-1265;1924
-3253;4277;1015;5788
-4370;629;2822;2603
800;3733;-1786;-90;-1997
661
-2712
6081;6195;-4565;3798;-3678
-3461;164;3961
-1234;2197;5367;-2537;137;2878
-898;5658
-3122;-5976;2392;202;5836
-5954;-1541;-6758;-3831;2056
-2148;2021;5206;2391;-716;4155
-3745
736;-6674;-3288;-4108;-6797
-3377;-740;-1147;-5390;1677;109
-274;1737;3177;4363;1949;4062
6096;-2098;-2389;6614;650
2980;-5029;6827
3757
-6529;-3751;-3960;-5902
3758
4007;2268;1581
208;6448;-2514;5158;92;-512
-3570;-2997;6260;3044
2668;-6432
1701;-2393
-3985;-4546;263;3658;1866
4914;-3193
4096;3621;-361;6746;3418;2635
2944;3489;612;-4440;5262
-3362;3972;-3783;-2889;-5022;4238
6846
-4945;-3092;6140;-1885
-1185;-3157;1973;-3462
2257;5510;-3880;-3115;-1484
-5858;-2146;-5347;4875;5711
-3444;-6491
721
323;-2692;-4087;-1576;3388;-2222
6673;-4451;-3062;-2955
6628;-1272;-1436;-1661;2559
-3602;-194
-6418;-1715;-6469;4661
-3800
-773;-3733;-5663;3294
736;3066
1860;-231;-6458
334;-4143
-5858
-6436;-3963;1643;-6365;3119
5072;-2194;5826;-775;1000
-6433;-3082;-6586
2337;3092;-4688
2712;3151
6272;-5940;-4296;3609;859;-6368
2192;6747
560;-5729;-2710;-6040;-5263
750
-5412;-2841;6425;-5067
-5287;1350;-4859;875
2801
880;4129;-530;-4153;2731;-254
4886;990
-4119;4174;5374;2495
6290;-5179;6814
4456;1423
-6210;-2820;-3174;-761;941
1923;1908
-5881
-1443;-3956;1754;-77;908
6032;-1170
896;-5251;-3675;4255;1983
-6244;-4919;-5912;-2125
-1601;661;4781
-1626;-3245
2305;-1260;-2222;-5743
-2372;-3143;552;4187
-1805
2642;4660;3415;-6858
-791
-1027;5589;-1638;6060
-3490;-2581;1124;4151
-3861;-777;-3865;5658
-5732;-2934;5801;-3642;-58;-2426
2807;3112
2016;-5888
3378;-4804;-1302;5704;-142;6157
-2530;-1010;-5456
4228;-5163;-2957;-6447;5438
4355;6696;-5530;2553;3996
-2273;-2630
6806;-2332;3502
-2435;6405;-3065;-1674;-2650;-3535
-931;-4999
-647;-2217;6139;1229;-1646
1835
-3203;-6647;2407;-6683
-6313;3449
-3782;-4840;-3401;-6841;2686
-2353;-3066;-2475;-3164
6452;-4696;5208;-938;4010
6647;5309;-3967
5216;5313;1973;4133;-5574
1186;723;-5912;-920
5936;5667;-5592;5274;-5339
-113;-2434;4802;600;4090;4123
-1855
3313;-997;-5082;910
-5939;-116;-5831;3884
-4931
-5956
-1922;1395;150;5239;-1308;-671
704;-2564
70;5769;731;4509
-2150;343;-1083
721;-2931;1669;-4794;4493
-3777;6305;1036;-655;2382;-1376
4737;-4754;3367;153;5532
-2197;-1913;-4511;-1440
4945
208;-5622;-3147;-2784;6399
-5028;3958;-505;-2349
4612;4901;6629;4038;-2568;6795
-3409;-5237;-885;-1767;-648;-4271
818;6198;-14
-4955
3009;948;5595;6141;6671
929;-3458;4791;167;6764;-6285
862
-1735;-2201
-865;1729
3728;5094;234
5989
1240;2251;-573
-2695;-5344
-6085;-453;-1501
-6097;6690;2869;-4537;-5945
-6478;-4639
-3950
2144;-5153;4602;-2268;-4300
6737;-2311;2361;1962;-285;-416
5744;18;-5108;-4373;4602
-3;-2947;-4453;-2697
2131;-6756;870;1798;5879;-990
1784;-6766
-887
1911
-2278;4677;2585
4228;-3862;-1256
-4130;4609;6787;6566;-1406;-2320
1445;6873;-4541;-4431;-2288
-2757;-4982;3644;6012
-4990
-6369;-750;6222
-1987;3690;-2765;-1885
5409;-5446;6331;751
-3858;3956;-5274;-847
-1157;-2677;4901;1067;-4061
-828;-5196
1415;-5673;-5402;-1485
-906
881;5537;-5286;1433;267;6268
-4082;-3356;-1664
4597;278;2599;-3484
-6737;1377;-4631;727;153
-5890;4499;-6838;2186
-1948
2515;3848;-5677;-4413;-1294
-1409;241;-4003;150
6784;-6450;5638;-586;-2236;-5101
4417;-2724;-4075;6381
-4570;569
-5027
5008;-4601;-2363
1797;-6655;1871
4011
-3542;-6616
6725;6505
-1970
6066
-4562;-1155;4708;-6616;-1518
3536;5066;1066;-5645
-2498;-5779;6691;-155;4170;5691
641;6805;4985;2538;-1519;814
-918;4983;5083
1981
-3618;2146;-6358;-5769;-701;3102
-1366;-5190;4107;-2543;-6207
-305;-5909;-922;1487;-5552
-4035
5300;857;6699;4237;5375
1600;4480;561;-6836;-3125;-6864
-5442;3449
2272;-4964;3254;-1532
-604;-2414
-1109;6343;5976
5440;6754;6099;4293;-5232
-4513;-2401;-1587;-1688
-5393;1648;3782;-442;-571
1538;-4489;1640;315;-4703;4718
1938;467;6;-3051;1930;-6367
-6177;2834;2247;3801;-700
3137;-4859;-2750;5454
-4853;2215;-1420
1317;2185;329;4602;4843
-2183;3993;-2800
5085
-5086
-6111
1794;6365
2100;4181;5030;-1593;4856;-5388
3862;2253
-5907;-3284;3509;-2359;-5930;1708
1729;2343
-4273;-961;6614;5208;6701
1015;6151;2925;-1920
4077
-5104
-1009
368;-5746;-233;1595;1339;-4477
-5265;-4484;-3551
-4388;-1494;2101;-6710;-1789
-3065
5446;-1610;3324
-5602;4772;3173;405;5365;5192
-4933;-2231
-2377;6792;3773
-3153;675;1943;-3096;2766;1886
-5267;5289;1401;6413;-4767
-1011;1462;-5399;6376;1963;1727
