-1412;3764;-4821;-604
-1830;1082;747
6561;-792;6617;-5947;-255;4063
5090;5010;-4601;4748
1077;-6105;6063
-1206;4986;-4140;348
-4950;-4039;-4968;4729
4977;-5042;-3283;3363
-1301;-2762;-4748;4699
-4978;-1010;1666;3990;4443
-5204;5433;4907
1041
-4386;-1609;1881
5632;-1519
3840;1425;-1688;3580;-2014
3873;2071;-5784;4760;1644;-3469
-2689;5159;2489;2762;-1552
-4931;-259;-3336;-3192;5209;-5806
5350;5753;1212
-3101
-3234;900;1925;2022;-1964;-703
-5151
2096;2835;-822;-4078
-5377;3827;5821;-5807;-3616
-2081
-3747;3477;-5819;6122
482;1079;-5691
3936;-947;-1253;-3910;5734;4666
-834;-3172;5396;-3864;-2905;-5920
4421;2781
-3633;-1522
4977;-1554;-1316;3188;6008
-6434;2296
-3733;-1337;-5710;6639
5411;4694;-4971;2078
-4162;3075;-1007
-3119
-2229;-1046;2157;1070
-3975;-3223;5549;-5567
-6420;-4182;-1639;-4331;4235
-6563;-5142;-6776
91;-1166
-6341;6828;1677;-4623;4750;-1216
1593;6651
2101
6740;-2730;5259
2498;-1509;3164
-59
-5731;4547;1788;-544
-3713;6448;-4133;-2378;5757;-896
-1570;3826;3923;-6284;1371;-6448
3742;-2655
2544;-4250;3821
-2721;3237;-6329;1274;-1677
-881;-4355;-1542;1992;2666
3793;739;3493;-279;519
3267;-120
4257;1848;73;4826;-1712
6017;545;-3986;-147;-2319;-32
4466;642;-6276;-6095;-3056
-33;2338;-5159;6298;620;-6191
-4176
2304;-1720;6664
5201
5042;-4454;6810;-4908;-3086;-5632
-4547;3011;-2378;-123;1903
-2210;-917;-4742;3015;4940
5872;6423;2679;680;-4304
-5043;4418;-6233;-5311;-2016;-3312
-6167;5878;-1848;2046
1114
2850;3972;2901;6327;-2648
356;-3111;-1321;4175
-6611;-600;2409;715;3981
1184;6098;-4724;502;-3289;2382
-4203
-1747;-5956;-2118;854;5787
1925;5654;-2140;5934
2179;1964;6206
-2595;3108;-6805;-1020;-3039
-2262;-5223;3288;601;413
-6410;1178
-873;-4059;-2350
5200;-4065;-5634;5302;3407
-3378;-4053;-6376;3678;1567;4351
-4199;6362
-5850;-4061;-446
6294;2169;-2203
1330;4968;4616;-2606
-6642;-2131;-776;-4905
2097;-1980
4120;5213
5012;2874;-1243;-5516;-5343
419;-6668;-5136
2723;5546;3578;-4748;-4928
-1715;6853;-3386;-6346;5742
42;-908;4063
4928;-2562;2884;-1976;-6072;-2448
-1426;-3463;3803;620;-1246;-5584
3297;1766;-138;-5100;2351
-3286;-5503;-5872;-1856
-4809;4941
4931;2101;-5799;-1240;2188
1362;1874;-1220;679;3582
-6659;404;5892;-6733;4911
6641;5783
-6789;3493;-6059
3219;-6088;681
1696;-6428;5869;3405;2767
-1793;-3470
2704;-951;-5992
-4852;440;3274;-460;-4335;4766
-5299;4726;6200;-5612;-1183
6386;-4760;6424;4617;3487;-5760
-2420;-4903
-157
-1380;872;667
-1926;-283
-818;-6512
-977;-4777;-5438;-5359
5867;443
-5380;2140
-728;3967
3254;-1598;-464
4002;-5797;-1449
1536;-1618;-358;-907;4637;-47
6097;2436;1797;-4648;3709
-4198;-2359;-2217;-2203;-5740;6300
-6433;866;-1782
5283;-1670;-4887;-6122;2095
-3475;-2731;4938;63
-3442;2178;3426;2117
1110;2328;-6761;-958
1442;2051;-6869;2388;-6265;3996
2903;2460;-5550
-6517;4280
-6018;-5826;-2454;-247;-6666;6685
-2241
-4914;-5775;6398
195
-2162;-4307;-6581;-6181;-4855;-4783
-4865;6788;984;2365;-6494
-1377;-1813;5366;151;1534;-2640
946;-1765;3307;4542;2383
-3009;3585;916;-5791
-2252
4960;2165;1239;-5080;1193;846
368;2641;-6643;-5576;4909;-1024
-98;2147;4184;-4826;846
-2256
-2501;-5305;1371;-4013
6710;-6121;712;1261;719
-961;402;-551;2346
1238
-216
-6440;2540;-5229;5839
-274;2356;2233
-787;-1482
-3169;-3203;1267;-1750;4952;6220
1601;6812
4320;3034;3498;-5803;-221;-4607
-5827;-2588
6096;-6357;3334;-4649;-5612;-3276
6198;-6797;1325;5646
5491;-2191
-1431;1174;3558
1201;-99;-2921;-3532
4674;1700
-2290;-4116;3431;25;4206
4576;-5876;1209;-3291;3614
-5395;2386;2727;-2000
-881;-2426
-546;2360;810;-5935
-5451;-2731;-1868;-6575
2180;-3238;-207
6385
-5012;-6495
-531;-1927;24;5018;731
-4194;6182;-2666;2972
-3762;-5701
1600;-328
-5557;6693;-5463;4077
-1377;2866;4213;-2426;5820;-2703
2532;-2294;1160;-6715;1995
-515;-3653;-1785;-442
-4290;967
-259;2470;-6560
5490;2954
6213;-4937
6609;-5127;-346;1019;-2412
-4888;5147
1691;6155;3679
6741;-4493;63
772;4795;-6381;-5598
-3175;-4617;6270;4863
-468;-1430;-6870;5480;1994
6832;-5533
2915;471;4057
-4580;5174;-2919
-5012;4948;4420;2440;5002;-1279
-1284;-4981;-1914;4825
-962;-4407;426;-6220;-5504
283
853;-3462;-58;892;1948;1135
2899;-1835;523;-2896
-1975;3130;2507;-2352
5057;-6368
-5973;5686
3362
3441;3925;-2748;-4910
-5363;-1619;-1306;1851
4865;5801;5545;-3629
6023;415
-4391
-3009;2195;-6598;972
-1321
-6882;342;-4825;-6346
-2404;-264;2569;138;5690;719
-1874;-6624
2849;-1413;5862;-2896
-4579;-3920
2450;6485;4553;-2203;-6027;173
5236;-6575
4609;6404;565
-1340
-5876;5587;-404;1159;-520;-3337
1732;6025;-4364
-5622;-4184;5516;3309;-367
1856;-2775;-5630;-5039
-424;6391;-5546;-3819
-1729;-1669;3943;5434;2538
5601;1364;-4521;5560;-4606
737;-3476;3960;-1740;5515;-3645
1315;-1493;6649
4426
-1998;-1406
4431
-4903;-6700
470;-5929
-3617;1762;4342;2972
5281;2818;-982;-4729
-6374;295;3768;5726
1368
-4914;-5586;6739;3416
6489
-5218;4899;5800;-2794;1947;5951
-3761;-5650;-1666;6003;4724
720;-3119
-328;-6491;-5822
-929;2914;2424;-5787
6784;-3618;4834;-2526
-2472;-3324;4415
4854;-6235
-6546;-4612;-2405;933;-3238;2198
2088;-6382;-5663;4479
-977;1716;-2054;4393;-4461
-3818;-4076;3438
-3094;-3079;-1356
1329;-24;-1243;4394
-362
6660;6807;1800;-5690
-3043;-2440
-6692;-6041;-282;-4235;-5647
-3073;4146;5283;-3933
1412
-2321;-5336;-924
6512;-2338;-5477;-3048;4088;-1151
6880;6467;1011;-4309;-1404;-62
-3169;-5762;-1174;328;5386;3999
-4792;-2664;-6249
-1124;-2950;4261;5625;5883;2012
3822;671
-4193;1985;4842;-5516;-588
-3077;822;3226;-3276;-5263
-5906;4034;-5848;764;5532
2544;5481;-4476;-77
2465;-2062
-2545;3219;-5860;5348;4996;-6590
5378;1382;5031;-825;-2364
4912;-1937;1095;-298;3807
-3489;5457;-4661;485;3263;4479
6012;-1502
-2546;3729;-5687;-3080
545;-1942;3465;396
5687;3321;-5868;6493
420
4258;19;-3844;-404;1927;-6475
422
3954;567
5254;-730
1453
-4467;2278;-3112;-4349
-1193;1626
-451;-5523;6514;-6313;219
184;3322
2960;-2066;-3027;4372;1268
68;4277;-3463;-747;-2620
4534
1506;371;4744;-4251;-907
2689;-2966;4812
3570;-5035
-2489
5940;-2426
-6675;3442;4338;6291;-4724;-4139
-820;-4100;3996;-5664
4642;-293;-5862;-4902;5819;5135
-3185;6544;5256;2347;2013;2829
-1795;2114;1301;4380;2638
-1765;6855;5704;-3689;6653
-3892;-2694;-3959;2924
896;-4070;1693
-4195;-1331;-359;-218;524
-2508
-6594;871;2459;6796
-6018;2753;3346;-2932;-4569;814
1486
5712;3017;4170;2923
-6338;-1380;3046;-812;2973
-5586
-2250;1181;1534
-1014;-3549
6672;849;-4777;-5259
1620;-6041;-1610;3644;1917
3392;5713;-2859;5487
-5397;-4264;6792;2971;-3245;1647
-2221;-6447
-5596
304;-2417;-5080;-5912;-6313;509
1506;-6391;4138;1100;-3903
1509
-6681;-5404;5502;-1200;127
-4050;6586
5329;1636;5652;5767;-6794;-2909
-645;1135
-2563;-246;2316
5104;6496;-4290;-4768
2019;2980;-3178;-1326
-6577;4979;-1335;3990;6607
5952;6037;-6473;-1947
-3251;-3392
5760;-584;476;3038
-817;4389
-289;5511;-5726
-3251;-5782;-1991;-3772;-5934;2815
5329;-1686;-4827;5787
5691;-1086
2000;-5582
3137;-1716;-5397;-1814;5079;-5944
2848;-1137;-175
-920;4137;-1324;2203;-2557
648;-3213
5637
-4930;-6354;-2131;6750
6064;-722;723;-5765;-3480;-2462
-6257;-5015;1195;-4030;1295
6104;-2508
6322;3097;-700
-1249;-2184;3418;1567
-834;961;-3684;6196;-859;2847
3603
6305;-3331;-2596;-3983
-453;4267;4911
-5660
1063;5578;-5389;-4864
1541;6167
-3574;3001;1642;-3068;-4558;895
3673;-1083
6850;-164
-6688
-3140;499;-2265;-3097;-3931;125
-545
6080;-4060;2622
6736;387;-6219;-5806;-766
-1940;6212;-2698
-6003;5125;327
-1507;954
4484;901;-3527;3816
-1041;-1176;-41;-906;-190;1775
-6483;-4966;2701
-5718;5162
1504;4708;4038;-5163;-6668
1582
6705
3217;-1588;-6166;-2667;-4939;3387
2405;-715;5020
-1380;-1637;-1414;2550;2583;1913
6372;4327;-5896;-1050;3549;-4687
770;5943
4032;2707;-3621;-6566;4839;-2986
4820;871
2333;2335
-6595;2965;-6358;1240;3726;351
2454;2087;2346;1772;1132
-6721
-746;972;-526;5998
784;2614;5928;4137;1753;-300
-2385;6321;-4994;-5684;3828;-4841
3523;-869;-6821;1532
-7;-2153;-2557;2079
6594;6710;-313;3112;5960;-2016
3584;-944
35;3630
5329;871;1564
-2775;-4992
-5719
-724;-3974
4182;3978;2541;1421;5887
3741;4030
1495;4184;1583;3391;-5952
-6660;-3751;6728
-883;-1734;-6694;200;-620;-4192
-6785;-514;-3747;-6412;2510
2641;-3538;6611;-1573;1591
-882;-2867;4358;4439;4638;-1903
4193;1059;-904;5240;233;1034
-134;726;-6458;-5613;-2879;5550
-5777;-3033
6064;4050;-3642;-5755;4287;2783
-3042;417;-5291;6075;-4284;-4735
-104;4825
-2674;-2218;5231;287
1040;-4836;-3079;-2824;-1913;-3353
4465;4418;5862;1190;2102
-3105;-2468;4907;-5773;-1471;6255
6710;-588;1676
3269;-5768;843
2547;-4204
-5745;-4981;4919;6055;2251;-6205
-3559;3016;3434;-605;4493
-1442;-6587;5245;-2782;-5247;-4160
-4505;-5290;-3213;-5614;-5568
4275;3064;3192;6493
3121;531;4934;2296
-5012;-751
1538;6274
-3778;2948;-3703;1656;-1865
648
-965;-3142;-5609;3946
1674
-753;-6146;642;-6054;-6087;-687
1840;6006;-6506;-2380;-4172;462
-6799
5223;-4569
2703
721;3409;1721;-6427;-4176
2965;5277;6751
498;-2218;6474
4737;-1926;-5230;-6432
6497;306
2707
660
-499;-150;-839;-5320;-5119
3476;-5446;-3259;-555
1688
2384;-285;-6861
-2465;-866;-4647;6856;2616;-829
-4364;-3564;3004;-4958
-865;5192;-1178;-749;4813;6766
4764
-1059;-105;-2780;1067;5596;2046
-6737;2960;-4854;950;-3128;2970
-4598;-683;-348;4957
-3333;1463;-6474;5722;6366
-1131;3852
-5700;4981;-1724;-1789;-2589
-665;-5135
2497;6745;-5485
-1474;-1262
-1201;-5632
2080;2980;-6774
6419;6387;1197
-6837
-6005;3306;-3485;-4767;3087
4240;-101;-4007;1511;2127
-2747
4213;-1467
5981;3087;5583;2431
1137;-1475;4366;4862
-3771
-4357;-3897;-4491;2027;-606;-3711
-4308;3193;844;-2927;-4672
4820;4885;-3127;-440;-5529;5212
4192;3793;-4816;-6160;-1808
2993;-2968;5737;142;6063
-1375;5039;3151;-4064
4799
706
-5682;6675;4249;-5950
2645;2261;6170;-5197;-6015;2895
5835
5666;53;-5418;1438
-5539;-2348
-4394;-4650;-4990
6832;-6072;4863;3295
6583;-2076;620;719
-3667;2291;-2183;6333
-5697;289;-3515
6054;-13;-190
-3809
-1054;3839
-1238;-3000;4906;-4431;3022
113;-3286;1407
4625;-2418;-4407;-6574;-2927;1742
3653;4105;2204
-3302;-488;-4127
-1523;-515;-3460;2996;-2601;-767
-4833;-4146;-709;6219;2717
6400;868;-6759;-1895;5191;-5581
5040;-1216
-3737;-1674;-3020;6285;-656
-4481;-4358;869;985;-6058
-6245;-5775
6832;4148;-3292;-2925;1565;2621
1001;3853
2864;5969;-2531;6491;3325
-5880
6017;-2709;6668
-6133;-6262;3574;2968;-6173
-1042;-4754;5154;-2618;-2558;5054
5157;6872
210;-5460;-2072;407
-5522;691;-5735;183;2555;-6256
772
4241;-2371;-5396;-1344
-5121;-3249;1253;6680;3261
-4404;4600;-5070
-3723;1627;-3613;-192
-1169;5168;3144;-6362
5601;-1625;6376;-4969;5610;6174
-84;1892
-5826;-3801;3978;2811
4581;-2950;-537;-5724;-3328
2304;-1713;-899;-3477;5598
4227;3732
-6650;732
-1730;5235;4904;2171;1963;-480
774;5208;-5182
-2850
3665;-4970;5021;158
-2594;-51;-1141;-1114
-146;388;3446;5307
-4306;-5716
2514;-4997;968;4264;105
5817;6476;-6367
-1046;237
-1591;3272;-3514
-5930
1746;-596;-6503;6782;-2240
5132;-3485;6332
-4853;326;-568;887;8;1338
-5335;-6745
48;-6276;-4502;-5660;-2702;-158
3125;-3847;-3180;1035
-593;-354;-6485;-6327;-3448
-5537;-5874;-3062;5302;12;-1904
-2929;6449;-1127;-936;-2281
-1410;5588;-4053;-2665;3881;2554
-5762;-2179;1283;5588;-2540;-2335
-244;-3750;4199;1323;716;-3072
-4849;3281;-708;-4647;-4905;-265
-4243;1366
-4161;-169;2475
-3125;5397;6750
-5089;-5845;-5258
-849;-3055
-817;465;4545;-2117;1828
6672;-758;-2009
-2822;-6342;6184;3963;-3244;396
-866;6530;5349;778;3386
-2889;3005;-4032
-1527;5722;940;1853
-5460;-3581
4945
6547;5722;-5870;-2478
2899
-6497;754;3811;-647;3433
113;5010;3928
3619;-5353;6250;893;4477;2238
1568;-4707;-499;5624;3290;-319
-5665;5506;-4821;3365;6572
-5593;3704
-3937
-5956;500;-760;-4188;-398;-4399
4039;2329;2122;1498;-6379;1354
1635;4183;487;-3386
-4183;5374;-5135
2146;916;-421;6411;2718;-2703
-226;1489;-5974;-263
4973
-6227;-2489;4059;-6045;-6560
705;173
3255;-5818;13;-6526
1892;5060;2312;-1465;2301
-3764;-6100;5603;-2169;4185;3132
-2314;-5915;6317
-4441;2522
-2807;5750
-6017
6016
-1398;485;-6652;5743;5791
-4055;246;-824;-3177;6169;3565
33;-5560;1915;-6188;-319
2033;1017;5021
-1910;-1078;-1432;5324
3123;-327;1735;-4446;-4064
-5005
6676;-4473;-3545;-4761;-811;-141
913
5188;845
6233;2746;3198
-6705;-5846;4469
3008;-2060;4061
6370;4934;873
1713;-260;6196;5316;-3592;-5388
-598;716;3869
-2753;2705;3011
-1172;3765;-1754;-6877
6373;2824;5034
2132;1860
-5926;-5194;-3738;-4496
6042
1522;1449;-3776;5823
3120;-2707;2558
4707;-6516;3048;4808
2976
-3748;650;-4427;-3645
3474;-6;3895;-779;2298;-2832
2081;-294;4549;-1719;1420;1038
-2;2982
4789;5990;4824;-4431
-6344;-1324;-2766;4381
-428;-6652
-3593;-1866;4522
3891;-2087;697;-6173;687
-294;5799;1576
4010
5035
-3220;-2843;3036;4990
-5188;3204;-5063;-2586;-5645
6350;-1312
-4451;-5032;-5530;-763;-1919;-3728
3362;-3398;-2411;4190;-2687
-5849;6297;-751;4319
-5457;323;2725;376;60
-37;6213;5158;5096;-3545;-5792
-3379;-2232;-5817;-6075;-1116;-5884
1975
5379;-3671;-4716
-1174;213
771;-597;234;-3388;-1054
5879;4617;5210;5741
-6149;2341;-422;2454;4791
1127;-1408;-688
-4673;-65;3777;4501;-2535;6107
-1996
4802;-3752;-3594;-3596;3454;-1360
-6324;-5049;2649;-4539
-6276;2090;6059;6446;5967
-3023
5071
432;-1693;284
1440;-5970;-562;3032;-1148;-1869
6100
6424;5820
3477;4069;604
-2883;-1609;-6010;6446
2337;-6084;-777;-5307;3726
-5673;3707;2955
1200;-6022;4217;1596
273;1538;-120;-2683
2778;3341
-4073
-5623;-743;-4440;-5369;-6332
5781;279;1449;2250;3531
3050
-2611;-3556;259;470;-6832
6262;-6457;6377;5739;-2173;2524
5105
-5794;-4552;2312;-1659;3562
-4458;-1354;6267;556
3059
4707;-1306;2731
5648;-1562
2778;814;2543
6107;28
-401;4404;-2636;-2384
3065
4901;215
-3282;-1836
