-4323;-1780;-6708;-4184;-2462
947;1368;-5390
4592;-6644
-3010;-2214;6255
-4741;1529;-2940
2041;1039
3940;-4360;23;4874;-543;174
2192;1521;-955;-924;3308;4092
-193;4640;-5155;-868;-5527;1964
-6164
-1428;2471
2066;5140;5637;-4982;-4381;6780
-3796;-1332;4644;2886;2934;2876
5654;1384;1708;3565
1459;296;5708;-6416
-6866;-2884;133;2362;5181
868;3684;-5273;-5451
2465;1256;5866;44;4590;1167
-4311;-2392;-1197;2109;-1407
-4146;-4078
-4563;-3661
-549;-3833;1278
5624;4138;-1536
4614;-3132;-6684;3117
2087
39
-5857;707;1882;236;-5200
2720;2052;-1542;3563;-1614;3055
-4771;-550;278;2567;1883;2686
-6579;-2198;549;-2044;-5136
4337;-1634;-3395;-1628;223
6064;-151;-3816
-5170
-50
-2098
-5171
-4105;5181
70;2311;2201;6734
2624;-3959;-1383;-6522;3039
1732;-3839
-3769;2010;-2397
-1650;-3965;-6270;-2767;2302
-3751;4296;5945;-6428
2111
-5137;-6322;-4141;4271
2896;-4487;1191;-2392;-1369
-6210
-5721;-3563
1829;-1047;-4359;-2638
4068;822;-5066;2028;5388
2016;465;-3578
-5906;675;-6074;4334;-271
-5195
-1939;-3955;-2421;4197;1974;-3051
-2481;-666
-6084;-2038;1885;-959;-6111;4015
-3809;3958;2345;-588;5740;-6544
-6726;-2551;-6232;-3004
2740;3929;-2731;5595;-2285
6355;5710;-1743
-5462;-6103;-4311;-3663
-5491;-4730;1323;5741
-1111
4515;-3990;-459;6442;1771
-6869;6852;-3145
-4100;-2037;1253;-5083;-5488
-1893;6612;-183;6346;2602;-3149
-3713;-6579;-6190
-101
4692;-3128;-6218;-3004;-2957;-4847
102
-6263;-1721;4107;6028
-3275;-6048
6259;-3080
1618;5660
5505;1154;3560;-61;-5952
4324;6027
6721;-6285;5806;6543;-5376;4991
-4977;1185;1876;6124
694;1468
-117
-2818;1941;3942;1148
-4595;-6504;983;6460;-1407;3918
-916;-5863;-6394;4858
-6306;-501;3527;3452;6094
5456;-1937;274;5480;-3003
6867;4645;-3192
-2183;-5114
-1660;1788
4037;3511;-4121;6219;-6444
-2999;-793;1612
4706;-4375;971;2062;3935
-2180
352;-4791;6665;-6555;-2973
-4308;6091;-3965
1090;-4790;901;3957
930;5348
2112;-1627;-1644
-1415;2478;-3248
16;3427;-2981;-326
-178;4413
3953;-3285;-3403;2875
5941;-281;-4652;-1150
5893;6137;-4635;5035
6368;641;5025;-1619;-3036;5054
-5793;-5828;-3765;-1755;-6558
-6818;-2466;-227;-1428;-3544
-5267
3222
2594;2851;5491;3550
150
1076;-1734;-2871;3510;6263;-3020
-6210;2795;1212
-3418;2682;-1469
3520;-3971;74;2715;4987
3299;3257;-3324
3249;-1763;2742;-4058;3642;2492
1601;1288;1371
2213
4788;-4622
4147;1447;4814
-3347;-1943
-1138;1873;2507
-1509;-3818;-989
-2278;1751;-5228;1485
-1458;4148;6661;2342;-1279
-5137;6335
6530;3;810
5296
-2034;-2278;6726;-4249;3035
-1442;-3907;1027;-5432;-1385;-1327
-5889;6509;-4895
3250
-1682;4931;5716;2134;-6825
-6388;2452;-4326;-6256
-2980;2043;5215
3448;4991;3007
-4469;-1080;-2284;-4493;3951
1844;-1849;2937;-701
-1210
1766;3542
6438;-1595;-2604;2859;-4300;-4064
-3140;-5470;-1824
-4186;-2141;1980;6590
-5525;5721
-3719;5965
-5109;-6358
3699;-3840;-1088
-5443;-1190;678;4422;1452;3358
5440;-146;3331;-6205;2525;-5152
321;-3353;-1278
2421;4966
2552;445;638;-5744;-4256
3666;-4003;-4757;2038;-6253;-4224
4274;2095
-4322
4322
-6770;2447
-2594;318
-1601;5894;31
6372
-3811;2680;2383
4817;5274;379
-4146;3915
1141;-4448
-1462;2262;4558
-1342;3629
-3058;-3998;-1791;3486
643;-1798;-5232
2944;4918;3607;-4058
-5771;-2397;-5086;-1327
-1273
-5370
-2299
-4452;-934;15
-6449;-87;6284
252
-3326
-2304
5952;6593
-1329;5540;5851;-1613
6595;2879
3824;-163;1973;-5879;5004;5740
-1288
-649;-4735
6401;-2869;5643;-3981;3885;-5743
-4362
257;-525
-3441;-1948
3030;2360
-854;-4726;902;2393;1756;1823
5481;5642;412
-2898;-1446;-1049
-1909;-4508
6418
-4289;-3479;-5820
-2834;2615;-6541;-3566;-2239
5075;-6614;5189;2923;1212;2733
1889;-4217
-1060;2565;2455;5535
2017;5434
2006;1351
6821;2715;3038
5428;-3910;-742;-2711;3462;2855
289
2848;6822;6504;-173;-5469
6420;3126;-7;-2078
-901;-2566;-1274;6060
-4339;-99;4275;634;-3840
-1747;-1269;-5110;-4760;1770;-446
-2806;-3303;-2383
299
5825;-3602;4210;5332;-4486;4285
-3091;-3037;-3389
-6447
-6791;3482;3133;2094;-1616
-5170;6600;3993
-4725;3396
2503;-601;-5402;-2298;-1675
801;4965;869;-5752;3933;-1439
4688;887;1900
-194;-1314;1346;-821;3578;-2287
144;5173;-3239;5399
5141;-3959;-5815;-4893
2805;-6250;6797;-670;-2367
4669;766
2610;-1271
-5158;-1303
6473
5450
4428
1283;611;-1653;5211
-6563;4181
-4009;1289;3676;-6366;1998
3984;6163;4089;442
-483;6162;1956;-6491;-1487
-2392
-5464
-5940;-4549;-1455;-5471;3759
5811;6230;-4679;-5545;-6474;6029
4803;-6005;-5293
4704;-2113;-4063;1119
-3111;4874;1275;-5440
-3846;-6518;-169;-6206
-3428
3714;5380;2343;-5146;-5882;-4861
-568;2972
-1368;2039;-5258;-410;538
4459
2411
281;-1852;5007
2920;-5337
1368;1049
1520;6690;-4644;-5717;4568
-6722;1329;3618;-757;-2214;-3820
5494
209;4579;-6188
3447
3170;-3420;-6271
6074;-3647;5119
2428
1203;4774;-4075;4623
-2430
-4324;4922;4716;5308
6480;-2577;-5714;-4297;-3482;-10
-3697;4451;51;3048;-6285
-1608;6316;5916
-6530
3911;3644
-6049;3220;6773;-6379;1023
-5314;2612;1386;-3168
-1431;6780;6303
-389
-3585;-4978;-1849;-3309;-4926;-4271
-4487
-4489
-2261;2484;-6203;-558
-3766;-3831;-2919;487;4748;6700
4495
4514;466;-4581;3477;1606;3110
5366;5128;-6635;4926;-2943;-3392
5457;3592;4666
4499
-3477
594;-3912;-5663;383
-1447;-493;4062;-5600
4274;-2152;1849;-494
-4855;6285
3681;-549;3707;-2336
-5393;-498;6452;4972
179;6515;4405;-6246;-1355;-4939
-4183;-3403
176;6818;-3463;5046;-1960;-6200
2628;6022;3961;-2974
6241;-6147;-20;6675;-6327
-5010;2611;4739;-5172;4795;5627
-1345;-2901;4761;-1963
-3322;845
-2466;5707;-5196;-254;-5391
-2130;6307;-39;1607;1854
2289;-2664;5399;4984;-314;-6191
2456;-4555;-4463;-127;-3984
-6578
-2402;-600;889;1678
-6035;-2308;943;4911
-3830;3389
-289;4945;772;-6702;-2239
2576;-6357;2326;534;1739;-3308
1235;4901;4918;6280;-1533
-3189;2169;-4542
-3017;2749;-175
-4631;-297;6396
1504;-6169;124
-6589
-5566
-2356;362;1548
-5556;4244;-1770;-3115;-5965;-6719
-6145;5650;693;4166;-6826;2911
4000;4612;-4344;2249;1100
-661;206
-2503
-5955;279;3400;2732
-4225;-3401
-578;-5626;6393;-958;5341;1006
-5780;-1701;2118;4983;4600;2382
980;5045;6150;3866;-221
-4274;-3863;5258;5181;-6862
2048;3794;5283;-6566
5731;877
14;-480
4938;-1643;6027;3356;77
464;6147
-3081;-2107;187;-6396;-6480
1064;667;-237
6352;2882;6820;-6735;5487
-6162;4761;4943
3940;-396
-5185;-4505
2525
-1415;-5321;-6347;3082;-2541;-2272
1633;3687;-3818
-737;4736;2611;3831;3113;4334
-5268;-2623;239
-1509
-5331;1773
3794;2499;-3444;-1340
6629
-4883;3459;4502;-4986;4444
3947;1661
-1251;-1491;4290;989
-5330;-6733;-4813
-6770;-2918;4295;5884
-3537;-6748;-1471
4589
-3094;-4569
-2002;2581;910;4127
-5302;-6460
1521
4344;-4041;-698;1183;1759
386;-4499;-4821;-201;2188;4399
-241;3767;-3337;1801;-6188;-6543
-4980;340;-3573;5662
5873;-2903;-1944;-344;846
-4599;3942;5261
-581;-726;-4486;1210;171;2879
4;4086;-5160;1578
-1535
-6565;1386;1594
6012;-6558;-6574;3534
5235;1428;-2570;107;4510
-3619;-2452;3860;-3367;4456;2667
6884;-280;4158
-6883;2611;-4444
6668
6669
-5891;-2026;-6208;1311
-6149;393;-5692;2811;1966
353;-4976
6671
3799;-3272
-2822;-3098;-4848
-5605;-4376;2424;-441;6442
-3442;3268;810;-6589;5421
6517;4695;732;1148;-4926;5678
-4631
3650;5687;-5835;6875;6543
-3873;-2070;-5098;-3082;-2799
3665;-6436;-6822;2534;5496
-5380;563;-1866
3799;-2234
-2065;-4483;-229;-5352;-173;4591
2720;2434;5629
-4178;743;1867
5665;-4467;-4214;6359;-1421;670
977;-6695;6348;6524;-462
2965;3416;-1882;-1035;3229
678;-1228
-3718;-2584;-2877;-1615
6561;-6455;5735;-267;-3997
630;-3930;4879
5678
-6483;-3699;3477
-6310;-3878;5530
-2338;3923
708;-5541;5685;-4090;-2444
-1489;-5397;-4871;-1323;2059;3291
-4417;2099;-4917;4268;-2718
5360;-2550;2181;-2938;-4972;4508
1409;-550;-1117;-4413
575
-3764;6632;1804
-577
1538;1124;-6022;-4746;586;3870
-6577;564;-3400;1449;-6122;-4924
-881;2870;4668;-960
3317;-2167;2072;2476
4036;-6664
3651
1606
-4387;-4819;2451;-5047;-6391;2248
2448;3299;-2170;1135;-704;-352
-3234;-4259;3925;6265;682;-3964
-4241;-4841;-1242;-4186;-6557
6339;4167;4361;-5482;-2171;2590
3120;1173;2485;-156;6254
6453;6345;890;-811
-2949;-326;-3686;-6495;-2495
5794;2679;-2729;6059;-6156;-6239
4000;547;-5140
-2305;5009;822;6284
-3314;-403;2098
3408;-2857;-5246
-6743
3557;965;3247;-5936;3887
5191;-2315;3770;-109;606;-2447
-2403;6075
-1995;-2685;4076
-995;807;-1448;-3609;1565
-1745;-6530;-5202;2530;-3515;6686
2242;3379;1299;612;4325;6159
6755
-5682;6051;-2570;-6251;2271;3519
6855;-798;1726
-3986;6564;2024;-1278;-1392;3807
-2696;23
6768
6101;876;-5342;6157
2672
246;-6137;3786;3756
-2552;-1151
-2680
-3618;-1494;6615;1178
4242;490
-6652;4990
-4594;5891;-6396;-5564;-5341
3716
-245;3925;-6685;-782;-6078
-6794
4747;3070
-230;3369;6459;5166;5342
-210;-709;2652;-4432
388;-3704;-5529
4352;5923;6307;-1082;-3584
5773
655
-5426;-3781;-1205;-422;-4159
1842;-1876;2419;-3926;4247
-6467;-3061;4772
-436;6515;1141;4862;-159
5105;-6790
1962;-3647
121;-784
-5160;792;3018;2013
-4067;-3768
-5066;3465;-1309;-4927
5929;-700;-3536
-4547;-4691;3447
-3234;5954
-675
-338;-5108;6107;5133
-2083;248;393;282;5932
1505;55;4507;-4365
-3779;-3782;-3947;1612
3622;870;4573;2879
-6193;1715;36;1302;-2732;-4028
-2118;-2761;-6331;286
4962;-6643;-3099
2946;1833
-4782
-2678;1990
-417;5559;5786
-674;-6419;-246;-6346;-2365
1142;-1355;-4204;6397;-4719
2656;6855;-907;-1003;-5885
696
-5113;1305;6668;3980
-2289;3939;5252;-3912;477;-2768
5856;-6418;-5259
1725
2750
-4801
-354;-1782;1575;5256;-6331;-4191
4146;-5797;-6105;1546;5502
-2469;-728;-26;-1579;1022
-6855
-3428;3684;181;-3182;-2064
1824;-5609
5596;1263
6592;-2033;-4486;3717
-1873;-3986;964;5;6551;-3405
-5443;3266;5971
-2051;-6005;-4956
-3944;3532;-5470;-5086
4390;-587
-4514;-5956;5639
2783
6274;-326;263;-2121;-1307
554;-4363
4976;162;2840;-2587;-5915;3311
-6885
-2385;4322;2104;4892
-1154;-2387;-3478;-2796;-6879;-432
6886
-745
4310;-312;3722;-3903
2277;-3399;40;4683;2620;1694
-1549;-3789;2540
-1537;-4596;-1558;797
-4019;1523;-4823;2472;-4857;1786
-689;-4931;3028;-1910;2938;814
4129;-5875;-1389;-6831
-2113;1232;6628;-1141;-4942;-5536
-1778
481;-4468;3108;695;-4235;-1456
-150;3868;-3502;5663
760
-2003;370;-5460;-870;-5710;1647
-5889
-5153;-2449;-2548;-6103;-2952
5712;-3494;6747
3700;-4476
-2514;4355;2140;-1261;-2016;4175
-3708;2923
-209;373;3342;351
5840;-6887;1432;-1561;-2684
4115;-2299
6064;-3205;-5703
-4243;-5635;5462;-2525
797
-3463;-3960;-281;-5210;-4269
-1283;-3012;3092;-6619;5502;-5648
211;428;-3488
3344;-3122;-3075
6011;1963
513;1762;6724
-6691;21;-4379
-5526;-4439;-2111
672;-4994;-5902;4286
-3347;983;-6395;-1276
-424;-6552;5208;-3147
1713;-2804;-5306;5578
-5826;-6435;-6531;-5834;3262;-5056
5303;5759
5067;2924
5029;-4009;-6361;-845;-4879
1538;-743;-5719
2352;-1230;3807
856;-569;1962;-4109
307;1959;-3102
4757;1199
-6808;-5129;6617;-957;1342
-887;-5961;152;2783
-6055;5213
-2209;452;3221;2118;1464;-3179
1871
-2019;-5556;-6585
-2562;-566;5226;-3085;-4878;6717
516;-906;-3535
-4410;-4700;4158
-2594;-1462;38;5901
6441;-461
2306;-1445
2001;1933
-2655;5566
-2912
-3936
-4677;2297;-1562
2899;-3770
6384;-2131;163;-5690;-4717
6241;662;3183
-3068;-2989;-478;-2528
-2923
4245;-6574;1006;447
-2926
690;6338
-885
-4900;6124;6829
1584;-242;1591
-6007
6235;1822
-897
580;5437
97;-1956;4823;5101
-2052;6388;-4761;-267;-1231
1482;6586
3474;3572
3280;-1233;3954;-2300;-4605
179;1322;2475
-4563;-4716;-6109;-4973
-1931
-6030
2958
-3526;6485
6231;5592;-2729;5133
5717;-703
2112;-3315;-2564;-3432;5976;4189
-1810;-5862;149;4216;-3641;-6268
6850;2003;4472;-5228
-934;4246;-2411;-6427;-2572
-3203;5606;-763;908;2478
-2098;3166;-5072
3408;1874;4756;-3317;245;-911
1844;-6357;-103;3001;2844;1756
-2945;5744;187
2737;3638;-3867;479
-3111;-5000
3984;4435;6261;599
5120;1457;3369;11;2252
-132;6261;-591;-5423;2510;-1680
-2022;-1670;2152;-1455
5298;-3328
148;-6217
-6731;-6509
-3000
3552;-599;-6473;6539;3084;-3103
-5049
-6881;6388;3735;4535;5448;-2032
-6084;2824;-767
433;2826;-2304
-3825;-4953;154;-525
2933;1095
6678;-4697
-3346;-2690;-3154;-423;-1753;-3935
-6636;-461;-4110
2896;-6723;-2934;-5678;-816
-2258;4435;-6869;-374
-660;-6469;1881;-5082;-4060;3180
6760;-107;5581
6881;-964;2502;633;111
5632;5828;-5865;-2826;1372;-96
6549;5320;-108;2524
-4308;-548;-4536;-4764;893
-3526;-3656;4159
1998
-5302;-3047;6349
2277;-4551;-5871
1814;1049;3769;394;2142
576;3474
4388;-5786;1644;6780;-3999
-4164;-3239;3351
-3121;2138
5266;-1212
-2084;5115
-3395;1638;-3356;-2015
5351;-5755;2733;3775
1713;1827;-4661;-2984;-6096
-1443;-1093;4420;-6552;-3433;5066
6853;-4856;-6442;-3711
2112;4769;-119;-2907;-816
-3010;-1282;-3692;3644;-3086;3358
6115
-6417;-3491;5839
-6065;-6770;3878;1862;-766;-6448
-4642;1460;-4149;2235
-3700;-4885;-5728
-3056
-3457;5457;6276;6373;-2315;-62
-3254;4455;1849;5147;4363;-6432
1473;6419;6774;-4634;-4126;3295
-6033;-4802;6150;-6295;-4368
-387;-4853;-4021;-6087
505;-3149;4044;5470;-4415;5726
-1445;-6854;2969;220
2039
5111
-3432;-6800
-5715;-390;662;4746;-2368
-6550;3484
-5700;1496;-4154;6476;861
