1682;5637;-6295
2453;823;-477;-2798
352;-5921;-1401;-6426;-6062
-1393;2497;2900;-3558;2927;-6448
-4
-82;4299;2957
-4018;3618;-5445;-5321;-5226
-5588;-1079;-4730;-3962;-3339;-4863
5657;6186;2938;-5884;3516;6028
-2037;-2575;2222;2399
-3340;3327
-2661;600
-205;-3904
5365;-2055;-1897;5768
-6599;1178;5436
6208;-4219;-4060
-1569;6354;-2792;3149
-1234;1292;989
-6357;5309
2101;2357;2350;-4736
-6772;3674
5458;-697;-4811;-4700;-3279;-191
6172
4124
-2082
-4130
4017;-5340;6717;-2288
5155
2216;-2253
690;-2727;1995
-2564;-2436;-2486;6328;2905;-4861
-3699;4838;6071
-43
-2598;6713;5146
336;3701;-123;-2700;-2285
2578;4887;-3624;1784;-2316;-3263
3250;-2180
-5939;3685;6327;-6172
6487;-1402;138;3020
-3380;-1278;3582
53
2498;1170;-1942;-759;-4395;302
1538;6868;-3333;1177;142;1854
1797;-4925
-6200
-6201
4752;-1409;5683;4342
-610;2502;-5528;2554
3722;3503
-3300;-4086;-4183;1928;4462
-4084;-4806;-1238;-6825;5642;-6157
-2109
6576;4530;-4726;-2648;4521
-1605;518
6208
5744;-2978;-5877;2394;781
-4357;1594;3690;-1310;5567
-3045;-2917;-2600;3048;-5356;3631
163;3764;3160;2377;2314;-4540
-3412;-2612;-5752;-472;-4208
-3412;-4278;4873;-2922;-6621
-1015;-6343;-793;4554;-4653;-3087
-1365;-6053;-2021;-4971
3504;-5652;5940;4248;-4383;-1536
-1098
-1922;-4300
-3769;4552;-2912
6450;1574;1162;1135
-6690;4020;-2030;4781
-6721;6563;2292
-4185
-6433;1381;-263;-2968
-1553;5809;867;2135
1077;4920;-6873;-2701;4252;-3839
-6738;-1810;613;-4326;6025
2257;1827;1133
5956;286
4977;5730;1477;3275
-1554;4682;-6303
-3267;-6054
1128
4642;-5828;2228;453;2329;-3931
-4116;-2645;1533
2050;-1191;-6633;-1502
-4204
-417;6563;-1350;6053;5255;-1660
1161;-3244;-3709;-1150;-335
-6035;-1336;-6072;6762;6570
-423;-2856;-298;-122;-509
111
-5672;-6489;5900
3190
1047;-6700;-878;6621;2078
4897;6179;-3301;857;-5438
-5691;-5696
1146
1763;-3014;-1946
-3474;274
-6133;-1165
-131
1224;-4874;555;-3181
-194;5445
-4137;4840;6089;2073;-2298;4829
3073;4914;-3759
-3378;-1445;6840;6168;4888;-4747
6278
-4721;4625;100;6070;-6648;-1609
3856;-2260;3608;-4282;5739;-5501
-146;6052;-2023;843;-1740;-800
2265;-1102
2192;817;311;6441;5738
370;793
5936;-3442;-6220;3484;-5949;-2144
3215
-5862;5718
-1171
-1334;-3062;645;-1194;5419;-2670
-3762;4113;-5971;2739;1419;-6878
-5268
65;1282;-2216;6137
4387;-3162;-5835;-1051;-365;6174
-1173
-6434;-1992;-766;847
1177
6696;4185;-618;-3966
6641;-2181;3817;-955
-5809;1929;-5915;-2652
2837;-6072
2064;-2947;1234;4104;1609;-782
-5122;4958
1651;-2300;-3614
-5942;392;-5883
-2219
1794;2756;1550;-6272
6130;2233
-5296
2453;797
3650;3682;4821;-6102;-4848
816;5507
5666;6198;6582;-5978
6327
-4833;-6452;1396;-2151;1223;393
-6305;5095
1846;4633;-2778;5435;3340
6550;2954;2972
1376;-2449;1142;-5320;-938;-6288
659;-471
241;4459;-2462
4288
5188;2517;5064;-6381;-1070
-6358;502;-6633
-3276
1202;-4152;2696;-3433;3481
212
4672;193;3097;2877;-384
-6449;-3075;-4372;6148;-4586;-3244
-5445;-3991
-221
-223
464;-4783
-2387;5590;3607;-1466
-2674;-3908;-5936
4756;-29;-2448
-6049;1864;6777;-5340;-4813;-863
5281;5986;4376;-5354;-1866
-4562;-792
2437;-2102;-5020;-4767
-3394;3442;-5907;-4884;6408
-5360
2097;3554;-2275;-3461;5445
3534;-4799
-6545;-1;5603;-1286;-2623;-5632
-2739;-5669;-6761;5707
2672;-786;665;6218;-5452
4341
-2980;-505;-6585;5727
-6567;-4944
5369
-3362;-4054;1177;-189;-2687;-2400
2576;160;-2990
3606;-5320;-5992;1081;-6239;-5824
2533;-168;361;4698
3923;3126;-570;-75
2339;2259;-4134;2745;409;-283
-3489;6828;2044
2355;-489;4473;-5660;-5039
5973;4648;5003
1289
3337
3233;-858;-3947;5803;-4412;447
6481;3258;92;-2397
-3409;3781;-1664
-3341
-4068;-1275;907;-4589;-1487
-3247;-5824;4703
-274
5904;-4066;-3140
6103;2887;1369;-2734;847
2960;-199;5159;6376;-4800
281
-3281;370;3192
4306;3748;1366;2126
3669;-4976
5403
5407
-1367;1654
6788;-1271;-329;2104;4185;3151
-3995;-3470
-948;277;-6031;-6543;-4463
881;-4516;-406;812;-2367;1198
5422
2052;-726
5920;-1144;-1546;3788;-1677;-5647
-6452
-217;-4188
5185;-5367;3982;5726
-3889;-1905;6339;2308;-2859;2366
-693;-5639;-334;-4912
-5364;2901;-3687;584;3801;5150
-5626;4281;-5372;-1790
6553;2747;1003;1485;4509;-623
-2179;-1210
2201;3067;4811;3854;4815
5841;-850;563;6026
4949;3833;2799
-2368
705;-3618;-5719;-905
-1554;438;-2153;-2175
-883;558
-1396;6840
3856;-1873;-117;2347;-814
-6226;5362;5271;-5759
-5175;6376;-4602
1683;790;-6871;-2807;1980;-3296
6800;3376;22;1160;-5724;-5964
-129;-5909;1476;3881;-1306;6413
-2082;4007;3802;-2829;-3918;6478
-4149;-3654;6293;-2793;3964
2498;4326;-3853;-6415;3103
-500;6036;-2951;1853
2690;-1324
737;1589;-6438;6857;6814
-4420;-5191;-1997
81;-3013;5400;-5130;3007
4098;5059;5030;-528
-457;1420;-112;-3248
-4449;-1060;-4804;-4474;-3116;-878
-3573;4534;1447
-2545;-1588;-5445
3488;4256;2129;-6341;791;-3961
608;-3462;1463
1491;1353;5401;4025;-5167;-1616
58;-5547
5779;3301;5881;-1951;-3424
2488;3002
-5957;-1582
1457;-787;-6664;5464;159
1058;2743;5787
6020;6356;-6535;-457;1135
6864;3681;2787;3332;-508;4701
-562;-4628;-2069;1366;-3880;4268
273;-6050;2613;-264;-5358;2255
441;-3902
-4082;5174;-704
3825;-5091;4251;1710;815
2704;2852;-3118
17;-2133;-6791;2983;411
-1633;5080;1226;-1707;-5116;6638
-2444
-4966;6021;-3032;28;-750;255
-1991;2828;172;-5502
2485;984
1408;2545;-5327;-3744;-5520
-883;4354
6385;-2659;6212;702
6080;-6698;-4911
-6555
6307;-1784;-3914;-5119
4805;4454;-1992;-6074;-2635
-6148;3796;-5272;1465;-266;-1164
5829;662;5195
-3938;2641;-5611;-4779
-3346;1000;-126
5297;-3878;-1864;-2441;2764;-1327
3219;-4647;4925
4128;-3442;5282;-763;-6656
242;4392;-3181
1265;4468;-1207
-2146;-6773;2266;5418;-3179;2958
-5185;-4621;525;6797
-3208;-3051;1515;5180
2662;-4126
1879;1223;3483
-6869;-5862
3908;2679
5890;2770;1000
-5895;2378
-2949;3956;-6359;1179;349;-5839
6590
-448
2961;4986;-5452
6032;-5668;-3887;-2047
6439;158
4816;-6453;6261;1974
3522;-2723;6404;-2650
3408;5686;-2652;-6364;-2591
-1113;6701
-4925;204;4189;-5360;4399
-4787;-1527;-2347
2213;6102;666;6847
1057;-4805;4132;-3926
292;-3929;5134;-1968
-5048;-1568
-6069;2150;2696;4509;-3775;-6128
1666;-2231;4110
-6209;97;-2374;5959
-4185;6556;6302
-2531
-3570;6101
-4182;-4152;-4810;-3339;-6556;2075
2083;2923;4973;-255;4782;2367
-803;1292
-6853;2966;-1468;-6399
4273;5794;-1384
6336;-5635;-3661;-4190;-5630
5843;-1255
3299;3466;-3486;3358
5538;-1255;-5755;4015
-5777;1379;-2518;-1774;-2048
214;3357
6643
1605;-6775;6247;6590
3572
6485;-6091;-5964;3019
-4203;-1421
-5625
-2011;-3627;13
-578;-1027;3476;2550;5702;1646
-2625;817;6707;-6392;4046
1296;-5878;-2487;2390;5434;-2288
-6389;1783
-2560
-5633
-2951;-636
5856;-4021;5238;2744;345;-4527
-5025;-3685
6666
-3842;3573;1445;-5143;-2701
-193;6835;-6565;5567
-6278;2988;717
1344;-2273;404
1550
1187;-103;1111;5881;-5502
6869;5946
6675
2147;-6775
289;4338
4578;180;4405;3497;4255
5029;3694
2272;-594;-2965;3269;2646
-5362;-6436
2501;-2761;3866
-5524;-4229
-1844;-6213;4199;-5896
5746;2985
3298;3090;-6392;1567
4992;4730;-4317;638;-2432
-2876;2254;-943
5411;644;-4586;-6109
-2593
-5943;-2795
546
-3367;-280;1082;-6575;-2863;6335
-2881;-472;-1339;4123;4189
2596
-3287;-3277;2942
96;-5417;4735;1135
5303;-6877
2308;-1759
-2020;566;360;1643
-4646
2822;72;4825
-3074;-2978;5171;2023;-2009;-6859
-3591;-1064
5680
6133;-1337;-829;-2382
-1349;-3928;1609;-4062
-6005;6667;926
3010;5509;1262
566
-2809;-3903
-2882;6068;-6326;-119;-6600;6218
1073;1751;-1232
-3970;-1957;-4119;-4861
2400;-4035;5171;348;2831
-2621
4339;-3412;-3221;-2700;-4460;-2384
4670
561;-4480;-3824
163;6548;-5048;-586;4206;4510
-371;2019;-3894;-4712;218;-2031
5428;-2776;972;2301;3869
5472;4209;-6500;3255;-2250;-6813
-4791;-345;4169;4601;-2029
-3826;2220
-2596;-4262;-4727;-2217;-2142
-3249;-1138;1829;1494;-3946;5594
1843;-6282;1423;1407
-4569;3240;4985
5217;5445;4569;811;-6414;6317
390;1991;-5016
-3661
-3987;-3897;1150
-485;-106
4972;-1310
-4609;-1589;-439;534;-5159;2479
-4963;5107;3748;797
-3986;3959;-4249;-1439
3666
2648
601
-3818;6107;-4542;3661;221
-2694;-4316;-2812
-2471;-2233
-6225;-5207;-860;-4300;-3453;1005
6017;4505;1050;3419;-6447;-1792
5456;3269;2631;-4826;6366
6753
1972;-5386;-1293
6756
-6230;6502;-2411;-3183;5935
5905;-1194
-3844;6508
4624;6148;-3589;2773;-3193
2146;34;4756;986;4812;6318
-947;4562;-6137;4921;2589;-3343
-4865;5285;5478;1480;412
5742
-3694;3071
4164;517;-4120;1086
6241;3620;309;5029;-4664;6472
-1841;2804;-5497;-3262
-3809;2691;6148;-4123;-6460;2877
-3702
-4867;6229;-477;-256
5794;4053
-6579;2243;-5146;-797;430
4931;3987;-4230;-6267;-1103
-1317;-887;-3741;5405;-4976;-1264
-1660
3586;6738;2354;6436;4503;4666
-2686
-565;-4246;742;358
1395;6438;-4920;6222;-3376
-1235;1093;4600;-5529;5807
2189;-3855
-1937;-4504;-2394
5314;2597;2055;-6250
-978;-1512;6762;-2123;-3821
1672
4288;-4259;-5405;-6542
-2387;-4119;1736;3193;-2970;-1229
-5777
768;2018;67;6651;-1677
3733
-6886;6222
-2423;1368;3693;6718;-4591
-266;939
-3521;-6370
-676
1235;2407;-4318
-4916;772;1414
-4291;4962;-5321;2921;-4908;-1216
6507;-1726
801;-3355;2347;4558;1791;-2384
-591;3327
-3945;-5290;-2718
-3618;6118;4536;-5341;-3408
3761
987;-5774
1715
-2273;-2042;138;5035;-2575
4705;3849;-138;-2939;-2734
801;-2038;4598;1431
4322;503;1447;57;-6382;5870
6196;-4757;-6234
4924;3967
4981;741;-3337;-10;-1675
5876;1995
4307;-2596;-2393;5051;4527
1159;-1865
-3779
-2212;-6348;5804
6884;6111
5829
-1574;-2208
-5235;2794;-4653;5886;4991
-4913;3207;5015;3100;5567
2114;5768
-6050;-3858;-4650;-2299;2830
6723;-73;-2080;-2832
1777;-3571;4916;-6358;4201;4874
4816
-4910;5631
-1523;1464;-5882;-813;6029
2772
2273;-4067;3416;-3694;-5823
3729;500;-2263;-5417;-1117;1789
3105;6389;453
-5137;563;-1221;-2777;-6189;716
1173;4425;-2011;-4320
-5865;-891;-125
-5858
2017;1960;6552;6457;6042;6383
2117;-5544;2328;-2061;3903
-6484;-1429
-4842
17;-5884
-4147;-2395;-4671;-1823
3453;2415
-3603;1683;-2408;-1208;-3405
-2906;4443;-5311;-3120
4220;-1422
-3955;4563;-6480
-5793;-6564;4777;6361;-6013;4430
4874;-6540;-5232
5419;2700;4557;2415
-2804
-1060;-1812;-6042;5036;45
-6741;-4262
-4436;-2917;872;6844;-2126;4574
4860
4544;-1732
-3138;-3061;-3317;4117;4873;-240
6433;-5526;-142
388;4708;-1257
5168;4353;1794;2003;3388;2493
-2149;2820;-1142;2263
6242;4597;6584;234;-2683;-3965
1280;-2691;2180;5975;5290
6154;5884
-4689;-1276;-957
6481;3127;-3710
6832;-4788;-6760;5704;4911
2576;-1794
2145;-6844;4732;1773
1488;3876;3611
2001;2404;5098;-5307;3755
-3197;4444;1421;-4478
-5913;-5421;-3789
-986;5869
-4884
-3195;-2715
5911
-5993;-6042;378;76;-2526
657;5939;-3092;-662
-6129;1025;-1060;5368
-4178;5158;-5480;6857;844;-6046
3868
-4145;-3192;199;-2286;-3662
3875
5350;-6156
5251;-4123;-6031
-2258;2659;-3593;5022
5148;604;6319
-4305;4512;-1851;-621;-2591;975
1833
-1906;6612;3205;-1673;4811
4289;-4501;4095
3282;4258;-100;5022;5758
3887
801;-1411;6473;4618;-3326;2877
5667;-2214;-2123;1258;-5455
822
2864;4806;-2601;-6810;-6252
-4369;-1761;2006;-5806;-3184
-5601;-5303;1885
6802;2903;-6876;942;5247
-6246;5276;3437;1437
-4418;-1535
901;5052
-6121;-2651;-2191;-111
-929;-5956;-4229;-952;2015
-5697;144;-1429
3910
1276;3661
845
5589;5497
-322;-4370;-995;4740;3304;538
-1726;6669
-285;5228
6689;-5837
-1891;-4435;4781;-336
6353;4641;-2183;5324;-3039
-2413;-495
-4514;6785;-2674;-4011;5724;574
5632;-5972;4915;-4805;-744;-911
863
3397;-4823;-3048;-1514
-6101;5191;-4968;-4492;5403
4966
-1812;-4165;6030;-1952
-3050;4010;-6221;-5998;4238
1992;-91
1458;4630;3994;-333;1374
3958
889
3312;-6636;-2238;575
2627;2361
6643;5716;5589;-1369;4297;-3598
-2225;-6863
357;-444;-6028;-5023
5416;3774;6046
2948
6021
1929
-2354;-2068;439
-913
5890;6213;4169
-2708;-6171;3869
500;-5964;-3261;-3358;-5776;-2512
6660;-555;6074
-3043;-2419;4587;2814
6665;-1738;1978;5277
-5251;4460;1709
-2769;-6198;-3464;-4653;-2702;-3664
-5347;-998;-4806;6645;-2015;478
-2518;5910;-5549;12;6143
-2950;997
755;2932;-3706;5866;1226
848;5203
4006
2985
2500;-4341;6284;2638
6609;-1698;-6328;1514;1386;6623
1962
-3741;4540;-5839
-4739;-6773;-5817
3957;1006;1103
3296;-4929;4033;-67;3733
-4131;1134
-1111;-3936
-5700;-21;4054;2617
2139;-1183
-2066;3251;-1768;-1836;-3660
-4387;6212;6725;630;-1054
-5365;6324
2434;3461;-839
-5057
-3012
-5237;2223
4371;-3829;2155;-4688
5056;1893;2903;2942;3534
-4290;5287;-1708;3727
2866;-627;1613;-1792;6559;5663
4800;-2186;3721;2284;-3552
-2258;-4387;-1464;4330;4751
3021
6093
-1059;-6807;-5066;-1213;-3998;1806
2405;487;-5920
6305;4516;-1688;-5753;3307;4539
-3037
6452;1708
6753;-2995;1330
-994
-2648;-4491
3761;2340;773;-11;2603;748
5280;-2005;838;5447;4427;-2749
418;-2442
-1201;-2387;2611;-6168
-2434;-1687;47
3617;4290;-3363;-4281;1373;-2638
4075
-1004
-1753;-2025;-5001;378;-6766;-174
6129
-3058
4147;-2965;4281;4764
1472;-6066;-4854;-6873;1897;-2974
-2097;-5016;-3865;571;6318
-3080;-4010;4701;3406
1017
3778;-92;-2124;479
-2693;-4470
-193;2290;-5509;-5962;-4060;2174
-6872;3911;-2637;-893;2399
2045
-6403;-1286;-1383;-6288
