1024
6690;-1108;-1416;-1115;-5100
-1833;1515;2367
-2051
306;-3193;5962
-4165;-4439;3479
1057;995
-6149
-4101
-1031
-2369;-5826;1618;-3671
675;1380
-547;537
6193;228;-2154;-5130;-5183;-6255
-1303;3368
533;2327;-2878
-6594;3475;-229;-2983;168
6164
-3701;4389;-4295;6727;-489;-2654
-2403;-3047;-2173;1452
-3473;1825;-4546;-1102;5213;6206
2498;1626
-2502;-1383;-4810;5835;428;-1696
-3665;-2543;-3040
-2226;4613;-5673;-106;-2784
-3595;4652
3298;1268;3087;4639;-5088
-5345;-842
1070
-274;5395;-3991;-1178
3552;2626;5250;4709;-6874
422;4950;-121;2793;-973;-2928
1121;-4517;-4186;1389
-3205;-3208;4315
-1873;1250;661;1035
1154;-2823;-4474;4762;-6864
1960;591;-1872;-624
-1409;480;-6547;1891;6844;1869
2106
-4338;-1559;2599;3357
-1538;-2804;-4020;3109;-2488;1535
-1347;3717;-6534;-1338;6588
-3283;4329;1981;4045;6287;-4080
-6806;-3799;3370
6388;4943
-983;2156;-5982;2686
-6339;2853;-4328;5592;-2973
4371;-1989;-3461;5898;-4895
4722;-3815;-6104
6496;-6529;1537;-98;4321;3567
5904;-2754
-4673;353;4530;-2083;6628;-4837
2489;-5228;-4991;3551
-5204
-5113;-1115
4773;-3096;5575
-4182
-4939;-3131;-683;2619;2975
-2135
-3542;-4792;5320;808;-3435;-4686
-1477;-4678;-5383;1703;2569;4106
2997;86;1527;-3194;-2528
5507;1738;6155
3165
-6449;-3986;-1443;-4099;-3879;1327
-2737;-3889;-2885;-1419;-2927;447
-2323;2229;2503;4568;3768;6761
2864;3239;4236
-6723;3267;2330
978;-3940;-1797;1864;-4378
-4438;-5014;-4991
-5443;4114;2277;-1078;-2026
-2156
1095;-6841;6878
109
5229
-6771;946;5934
1322;-3499;5358
-5231
111
528;1633
6320;-2869;3945;5470;-2512
1748;2463
2466;1603;-295;-2635
-1142
433;-3800;-5144;4266;2140;-2110
-898;-2724;5621;5323;2012
-899;6138
-5111;5002;-4717;-5375;-2208
-121
4516;420;-1112;6537
3428;-902;-966;3510;-4492;-5821
-4219
-1800;2281;3737
2174
-4888;5963;2123
-4387;4914;5943;6620;61;-3808
-6273
-4962;853;-3385;-363;4506;-2923
130
-433;-3025;5636
1156
-2181
6278
1266;2258;760;3530;-6655
-5258
6625;-6772;-6229;-5031
5264
-5971;2055;1721
5271
1958;-633;-3258;-1595;-3792
-6264;-4330;-459;-6427;5738;-3771
4883;-5037
-2819;-3479
-1986;-3331;4139
4673;1499;2174
-4849;4434;-3798;5911;-6075;2174
6594;-2344
-4645;-3816;6522;5166
-3230
-2207
4337;-82
-2467;985;1770;-1435;6427
5282
-2177;2689;3556;-310;119;5501
-6386;3345;2445;-2640
-58;-107
-5843;595;6663;-106;1515;1439
-1059;-3210
-1044;3636;-4536;3305;3932
-4270
5294
-4610;6833
4451;-599;-1996;-6128
6817;5720;-5626;-4971;1310
1635;-6700;-653;-608
3255
3408;-3595
1648;-836;-245;-4855
-2049;420;2206;2687
169;-3437
-770;1881;-1308
5267;1303;-1465;-6538;5547;-846
-3979;-6459
1509;-6393;-5005;6268;351
-199
-6161;-4499;6002;5244;5229;-4592
227;2920;-895
-614;-3688
2054;2247
4608;2129;-6182;-4956;-4014;-6128
-4023;4540;5199;3711
-5986;5170;904;-5599;-5103;-3935
-2434;-6614;-384
870;6567;2040;-5165
5249;-4562;-867;5019;-527
-2472;203
3696;-6365;-5134;5533
-225
3424;-3753;-1788;-1164;-2064
3298
1552;-3827
6305;-4248;218
-1301;6168;-1566
-6691;2020;4997;-2079;3006
32;-4694;-6832
6624;1025;5892
6448;-2497;376
-324;-5031;-5576;6603
915;-6793;4574;-2000
-1138;1363;-5;5014;4168;6190
4949;181;456;4441;446
234
-5574;-2823;-3625;2955;3710
5472;-3957;6549;2667;-2301
-4760;5576;5613;-5534;-3920;-1312
-1860;3125
4274;-2550;4665
-6503;-5401;3867;4719
32;1825;-4389;6647;-1820
645;-395
-6689;1362;-4647;649;1741;-4959
153;-6555
-3761;-5137;3109;2807;-5869;6543
5984;-6450;-66;4374;1223;1341
3153;5303
4361
-6694;-826;-4012
-5388
5954;3155;5496
-3344
-3860;1158;1561;-157
5193;-3501;-6063
-3138;3860;2597;4125
3620;-1381;-1322;3678;-4319
3349
-1027;-3572;5577;-6379
-2220;-6253
-5901;495
3411;4996;-5225;-6111;4239
-6431
2214;6267
-1386;5773
-6291;-3988;-667;620;-3278
1809;-819;-4310;-4141
-1505;4626;-372;2265;-2671
-4834;-6728
-6355;-1964;6523;5165
-3667;-6616;-6121;-2186;-2189
-4401
2451;-3913;-6797;-5358
6468;-4086;1547;6620
4407
2016;5411;-4043
-791;-1005;5181
5434
1239;-5721;4797
-4412
241;450;762;-5871
-3394;5353;3482
4432;1681;4083;-343;6651;3275
6080;-5757
-1349
1108;-2826;617;-2299
-1889;-5361;-5059;-1333
-1588;1668;2953;-4365;4446;-735
-1873;-3181;-5519
3771;-2414
5076;1846;-3592;3147
5456
6481
2387
-5878;2919;3899;-4896;-5600
-5461
5960;-5919;-5503
-4742;2053;5078
2451;2228;-5718;6054;-6682;299
-5862;-1709;2557;3646
-4546;-6039
5265;209;-3427;-2084;5486;3087
4442
3472;-1012;-4868;-6407;-2799
4437;-4233;-4955;-1998;4431;1967
4880;-2967;-56;541
3825;-3538;-3459;-1509;6469;-1437
-4805;6183
-6500
4976;3329;-5316;-4503;3086;-192
-593;1465;-2254
3058;-6838;-4630;879
2016;403;2869;-1176;-2744;-1005
1388
-2414
-2659;-5653;4246;-3068;-1984;-6608
6511
-2163;2073;4555
1396
-3447
-2419;1027;-4293;2236
-1628;-2269;1471
-1013;4756;2937;-6301
-3459;-6837;4356;-3049;2587;-125
-2515;5317;1526;-3945
-6065;-615;-2920
6482;1045;4121
6530
5637;6390;-376
-3698;6178;-2694;-1200
-1395;1785
-309;2949;6425;4057;1450;3228
-4338;4404;-6607
-2820;5817;4665;2974
1420
359;616;-5469
-6726;3256
6336;4673;-1651;3327
-5667;-6810;1838
4530;-4061;2797;6350
-1478;-6263;6487;-4270
2353;-2408;-6493
-6139;-5981;-6718
-3442;-2084
3744;993;2834;-3068
-6044;-509
5221;5797;-3439
2459
-1187;4005;3742
-4865;6834;1519
6129;4996;-5461;-5929;-4026;-6367
-4515
-1123;-760;-6681;6505;-1438
-2402;-6789;4670
3938;4340;-1128;-489;-1456;-6656
-5044;5512;-5438;622;-3247
-6179;-2708;6485;1974
241;2849;4948;-6585
6711;827;4156
2577;5586;6611;6136
4527
-1765;2564;-616;297;-5387;2427
-2609;-4833;-6824;3545;-4127;4175
-3154;23;6875;-5293;4029
-5460;-2345;4299
-2899;-1894;-2715;-6238
1490;2181;2633;4441;3002
724;-2186
4641;-643;-5462
2403;84
372;-4910
441
-3317;-4603;-6267;-2640
5780;693;-1210;6155;-5053;5342
6438;-2090;-4011;1131
-4542
-6650;6377;-4060;5803
4544
-4339;219;-5420;-1149
6306;-197;-5499;5983
2050;-4390;485;-1464;3770
1155;-5173;2685;-3999;-5360
166;-3692
2421;-603;4782
1938;309;-1656;2941
2577;1194;-1262
-5843;226;-1188;6739;-2773;-6839
96;400;1782;360;-2176
6608
5505;2676;475
-5585
5793;-6742;-4845;4303
-2981;4472
4576;-885;-1335;-957;6076;-4958
-1969;-3622
787;1477;4135;1243
1499
1733;-234
-6359;2811
3197;4447
3478;4167
-1683;179;4712;-1706
4192;1169;2161;3530;-1791;-6735
-1505
401;-2645;5755;-3996
6224;-2074;3818;-1340
-2818;-1770
492
1313;5170;3299;1972;-6407;5386
-6639
2645;3993
-6642;2051
608;2737;-517;-5822;2927;-6576
400;-2227;-6867
3744;-1218;-4581;-5616
-6194;6625;3139;4100
-3090;-3107;-2277;-5479;6026;1277
-962;-3414;-6233;-381;-3856
-2754;3266;4195;-5933;3964;4941
-6866;-2299;5581
-3332;-5336;3367;-6202;5822;-5072
2560;-5891;-1957;6582;-3870;1039
-3922;3091;-1304;-3500
-4753;-1906
-1544
-521
-1698;-6055;63
4649;-747;1710;-3552;-512
-4182;4712
-5604;-5078;-5911;-5705;-763
-535
-3139;5108;3542;-5308;6477
-6449;4897;-3175;-376;-3630
-2253;892;-4301
-1567
-1777;-5936
-545
-5653;5270;3177;3033;1454;-6736
833;2898;167;5863
-4738;-2612;-2414
5187;-6088;-2719
1572
2325;6439;-825;-3241;-6272
-6519;-5214;943
5570;2149
-552
-6696
-241;693;-5101
5672
-2241;-4276;-409;-2651;6332;-6525
5188;-539
554
5675
5739;-63
-2564;-1096;2730;3534
-5290;635
2607
6656;-5236;1107;-5126;-6154
2081;-6601;1628;3453
561
515;1175;1944
4929;-6566;-6695;-4136;-384
6729;4075
6470;1611;-2396
-148;2884;-1610;5788;-1229
-3430;-6359
6051;724;-3131
5891;-842;-378;-3070
-6722
-4053;4228;57;4190;1007;4367
-5637;-1559;2536;5962;-2750;-6303
-6594;2389;119;3502
-5286;-6505;-763;5962;-2139;-6190
-2308;-3285;5287;-2329
-2611;455;-1273;-5355
6484;4981;696;1209;-541;-5069
-2355;-4163;2853
-1846;199;30
-728;3865;-495
-3890;-4325;1990;4606
-4098;-5656;-6043;-6303
4450;1399;6011
-5825;-4130;-2456;4506;3212
-6741
-4467;1678;6463
4563;-1910
1958;-5642
4102;5334;2845;6765
-4867;5060;-231;5271;-1675;-6224
-4413;-1325
1121;-4694;-2647;-544
-2882;-4908
-5742
898;-6724;-766;-1310;5230
-3473;-4322;162;6789;-2854
-5747
-1751;89;-4091
-5842;-1960
-1445;5269;2953
-2694;4743;-4221;652;-5262
-1663
6208;-2494
-6691;-6240
-5970;3058;1858;-614
-1714;-1461;-2590
-6441;537;1897;-2411;1674
1536;3698;-6692;3156;4074
5957;-4375;-5308
-4354;-2745;4397
-5731;6547;-3227;4090
4642;854;3160;-832
-1681
441;-6476;1390;910
4113;-4133;4669;3183
3395;3910;-1518
5136;4418;2917;-2839;2303
243;429
-18;-985;6796
5338;459
-4778
1856;-4340;-2725;6472;-5017
-134;2233;-6843;5228;-1166
-3493;-265
3992;-235
-4145;6292;1892;-3675;-1276;3646
3248;-1828;4325;5448;2345;6604
-6831
5808
5119;-6832
-3777;6886;-5915;-3085;-6064
-4745;6750;3807
4642;6711;-3963;5708;1245;6830
3768
-2897;1489;4679;-2248;-1162;-6703
-4069;-2059;-2765
3440;4517;-1161;-5070
-2707;-4197;2694;-590
-5827
-2385;4420;-6855;-2032
5235;2438;3274
-2293;-1488
-4056;-5872
-716
2763
-1142;-5719
-2994;-1862;-4809;-237;-6175
113;1628
-6818;-2564;-6699
6882;-2183;5242
-618;-350;3742
1755
-599;3494;-2681;4392;6270;-6048
882;-5163;2524
3808
-6743;-138
3328;5674;-3324;-846
144;-4501;-5046;2521
4833
-2148;-6164;-3481;447;5487
6400;3555
-5110;-536;-5258;-2125
-2791
5441;-6184
2274;4435;-839;1337;-5439
-721;1810;1172;533
-2796
6225;-1491;1835;-3774
1185;914;-1349
4644;440;-665;4714;-191
-4051;1256;5594
1826;-5780;868;-3254;1463;5628
6128;-1831;5750;-1103
-1782
-562;3475;4069;3661;-3006;-3807
3576;-1981;3292;-6670
-1784
-5713;-2216
-3781;3020
-1986;1544;-5440
2051;1421;1519;3967
-312;-6603
2818
6514;1651;-550;-3558;1212;-3472
-6371;-4469;3241;1594;4186;-2028
-279;-5320;5671;-3834;1691;4894
-5153;-679;-4408;4492;1900
-290;2178;-6388;5109;-284;-1102
1800
-4875
-1207;5414;-4525;-2142;-1392
-3522;-5779;6515;4038;-6025;-2154
1807
-6308;4904;6283
5904
-385;-4242;1537;-302;2606
-1026;-1808
5537;-1389;3805
-1442;-2229;-5182;-1358;-1840
788
-4194;-6407;-5224;-4970;4202;3516
849;-61
947;-5525;-4279;5385;-5516
-2705;-1746;-2682;-6380;5596;-1071
-796
-4955;-1227;-1933;3215
-6133;-2854;-4011;-5579;5084;-3695
-4978;1521;3063;2223
-6372;-133;-5568
3886
-5316;-5319;3052;-6142;2669
-6673;466;-163;-2638
-2881;6466;1958;3769;-6059;2685
-819
-4855;-2284;-1872
6848;6291;2953;-3738;-139;3964
5841;-51;-4168;-3884;-3757;5197
4544;-3130;6713;-172;-2013
-6723;-965;-2393;92;4046
2871
1361;-5465;-3550;6670;-3936
-1875;-2022
-4497;-4706;3874;2503;5047;651
-1953;897;-5946;-6058;4042
1350;5256;-2683;-4749
5946
1443;4504
787;-1941;-1782;6837
-5201;-5862;-1975;-1899;6571;-3728
5489;-1236;2874;5883;-1613;4797
4208;3794
-2549;4072;-539;4971
5955
-4865;2130;5459;-4198;1417;-3852
2886
1793;4362;5580;-654
-1570;-3369
2422;-555
3907;2836;-294;6174;4606
-851
3925
2904
-2276;-5942;-5210;1307
612;-2494
5766;6359
3205;3770;5292;-2190
-4177;-2407;601
6513;2899;1804;6031
851;-4676;-1717;-2135;4762
6290;-996;1012;-838;-871;-5466
-1459;-437
-5569;3670
5827;-2536;-2412
1298;-5254;-551;6411
6792;4328
-5425;-6357;-5238;3517;4429
2311;-6410;2315;-4222
-5554;-6598
4676;-5676;4959
5993;-5646;2590
49;-2413;-3949;2350
-1915
-4609;2179;515
-6358;-4459;-5035;-2684;1787;492
4722;2568;6217;2333;-1439;-4287
1922
-1480;-3464;971
-902
2949
2080;1603;-6517;-2136;-3739;2686
320;6865;4982
-343;4422;135;1224;3372;-1760
-2775;6023;730
-1970;-3444;-2021;-3959;3447;4991
6355;-4935;-2025;-2474;1146
-4647;4409;-430;-1296;3407;-6448
32;-5782;-3353
6004;4123
5010
6274;-667;5547
-2116;588;3469
2354;-2153;-2539;2090;5262
-4193;-1847
3937;2338;-5318;3031;-5935
6145;-4262;5245;-5182
4484;-1910;6118;-6168;-4472
6563;2855;-4398
1715;6197;-3912
2193;-1653;-2138;4186;-4543
1330;-2261
-4289;145;1720;-5677
1490;-556
-3147;-5982
1905;-5914
-3938;-5189;3816;-3820
6608;293;-5494;-3228;-4238
-1670;-4616;-397;5742
-5077;39
4014
-5521;1745;-185;-6202
6067
-5009;-517;-542
3616;1940;-4428;-6172
-1172;-2663;-3803;-1963;4556
-2118;3067
6145;6131;1059;-971;5451;5663
2999
6464;-3464
-4962;-1172;-967
-4727;-1129;-1263;-2031
1906;-4405;1925;5909;743
-4337;1297;6003;4294;-6569;-6768
-579;2564
-2771;5179;-4318;-2126
-5060
-4770;5973;-3193
966
-3361;-5860;-2809;6604;5276;2143
-6385;-865;4114;4020;-2879
-5154;1205;3001;2942
-648;2680;-713;-349
-6578;794;5180;-3502;5549;-5488
-5826;-5027;2808;1404;-4574
-2609;-2917;-3495;5273;-4171;2844
6562;6503;5819;3598
-3381;-6571;-1659;-3708
-4055
727;-1712
1749;-2439;5770
6377;1775
1523;-4789;-4888
2642;3468
1272;3003;5629;-4815
997
3051
-6778;6843;-4430;-2783
-2881;5384;5770;3995
4512;6549;183
5842;-741
2834;-1844;-3270;3160;1150
-6531;-6058;2365
2182;970;1851;-2972
-4630;6664
3589;-6525;1660;3311
1480;6700
3061
2625;21;-5017;6780;2748
865;-4952
4843;6412
5115
4404;-3896;-2812;6395
6529;6780
