-4725;3145;-5786;-5022;6239
-790;-282;6171;-5104
-3249;-6769;-6819;-5240;-1803;-5822
6405;-6399
6663;-2912;1375
1297;-6083;468;-5239;6477
5127
8
100;-2774;443;5581;-894;-400
-4106
5131
5;4969;4987;-5854
5477;-5464
3074;3571;-725;4858;-4620
5135
770;-4995;5767;-1465;-2143
2401;3250;692;5403;-5084;6669
-1590;-79;1646
3012;933;-6760;-2827;-6669
-4121
1378;2067;4682;3163
-5767;-267;-4235
-2077
-6574;-6256;5631
4128
6531;2197;-487;-2064
2354;2388;1878;2631
-804;-3125;-87;409;-527
5218;-5276;-29;4220
-420;-3803;-4012
-3115
3782;2026;1562;-4973;-1326;-1118
2788;6135;-4349;-4622
1521;1617;2850;-2663;-5420;2046
1089;-5539;-3546;3850
-51
4640;2000;3138;-1127;-1432
3125
4176;-70;4055;-985;4141
-5177
6752;-3860;-1829;-3174;1784;267
4337;4886;-3017
-950;-5258
2112
-1428;-6822;3127;-6783;575
6614;953;-6477
-6001;6115;-5428;-1509;-5512;5099
627;-6036;-165;-2086;-1095;3562
4169
816;2329
4299;-3200
-6517;4393
-1100
-4309;2388;3046;3224;-176
-2188;3308;-2223
4688;-3859;-1934
-4625;3764;-1718;-1528;-2124
64;6352;4617;3499;-3020;-5277
5861;-3241;88;-6586;-2188;-2221
6040;1224
-6855;5847;-3529;-5801
-5266;5364
-257;-821;-5706;3613
-4088;5211
-6452;6713;4958
5060;-5685;1048;1819;-93
4705;5;-6861
-2825;-633;3563
-3828;5461;-5500;-623;-6880
-3495;-488;6409;1465;-3997
-6065;5956
-4177;3824;5174;6551
-2644;-5717;3130
-3121;3233
1811;1475;-789;3759
-1141
6260
-4664;-6394;-3051;-6493
-4676;-1383;-5623;826;5965;4766
-3476;4;1784;4329;5676
-3873;2561;-4491;2650;651;-1725
-2259;-965;-667;-4203;795
-1731;84;789;-4423;2078
6850;5157;-23;-4280;1067;-2495
1842;338
4883;-340;-6487;-5486;-158;5406
1345;-4552
5280;-3400;4281;1005;3262;-6191
1167
1169;1921;-693;-6348;5119
-2097;-1361;-2436;-399
-1556;-6714;875;3421;-1295
-1861;1654;4727;5752;856;-1760
-6242;-2104
-4251
5394;6380;4766
-5522;4340
-2343;2185
-353;2961;-134;-1977;-5424;3743
-1778;-6163;2918;2983;-75;-1117
-546;6516;1797;3658
6386;2991
3237
-4500;-4695;-1211
1971;-1881;-2796;572;6700;-1328
5889;4321;4553;2811
5864;-2622
-5250;-870;1518;3407
1536;5314;-4536;-6202;-2283;5998
-868;-4277;3242;5147
5442;-84;-5577;43
-2561;1042;-2851;-2974
4672;1026;4356;2410
148;2215;-2187
966;1258
1441;-1813;-829
-2194;-4387;-2057;-346;-5531
2309;-5562
5380;-893;-5198;-5615
-2753;2628;-6201
-2071;-5096;2888
-3256
4416;-1555;4109;4478
1968;-6855;6758;6506
6876;-6688
-6243;-6234
2528;-1366;-3352;4457;-2078
193
5315
-499;120;-4267;668;6223
-3395;125
-6407;-3609;-6538;2251;1547;1292
4185;-1659;5867
-2252
2949;893;-5934;5358;-6544
-2865;-5637;4597;-3160;-717;-5744
-4033;-3029;-4584;-4972;-4076
-6361
-5851;-1819;4255;6703
6567;-1801;-5660;-3373;-4765;2670
-2578;-6146;-1384;-3545;6267
-3603;2360
5474;154;-3359
-6011;1339;-670
2919;376
-1059;2405;6045
-4044;5294
2577;2387;3510;2457;-2509
5474;2675;-4742;-619;-5900;-192
6336;-6803;-4727;-2570;364
-233
5357
2287
-6449;-6503;6744;-5995;4604;191
2679;-2011;-3037;1103
4448;-3316;-4340;-4202
6357;3198;6046
-2292
-6019;-5412;-3860;4756;-6377;6427
-5366
3858;-2773;1209
-6738;-3475;2626;6362;-5168
-1492;3243;-6460;4959
-3323
-981;-6715;-1772
252
4051;5995;4044;-237;-1104;1839
6414;-5135
1872;6434;1399;2280;6702
4689;-3332;-2638
3602;1988;-1686;-1932;2380
4353
-6402
3315;3270;5962
2581;2282;-2748;-830
3795;-5542;2009
1299;-3238;-5286;5544;5065;3022
529;-2878;-4063
2708;2200;-3311;3791
-3210;349;2590
-339;4021;1356;-6638;-6590;2799
3972;-3493;-1398;6309;3016;2105
1296
274
-1219;-2388;3332
-5385;-6155
5601;-5877
2274;-6648
2979;2579;-6710;-5270
3364;4569;2522;-1984
528;-6403;3723;-1086;910
1860;-2231;3639;-5980;1405
-6598;5413;-4582;4744;-1709;-4720
3251;5287;4488;6393;-6187;6507
4176;-1074;3157;-2825;-6793
-6432
-3361
-3683;-3940;180;-4364;5373
-5416
5795;1652;-6380;1405;6015
-5394;6069;-377
3012;4260;6133;-2294;-4668
6313;-892
-303
2642;2790;-4890;4011;-2141;-2110
-2579;3906
2352
-1513;1819
1463;2940
2355
-4406
-3458;5821
-372;5798;3943;4136;411;5855
4548;-5111;247
4242;-2293;-4327;6108;-5070
-1943;1623
-5033;3688
1157;5414;3483;5628
-323
-2371
4422
-1175;5599
-1187;-4085;1786;5260;5726
-1858;3609;1498;-6814;157
-3408
-1537;2727;-604;-924
3410
-2628;-1945;-4363;-3692
-1288;4699
5460
5574;3624;-4330;-1117;-5120
-3540;4271;2687
-6595;-389;6633
-2949;-5159;587
4674;2018;117;5831
-4038;-5980;-4672
-4689;5555;-5318
358
965;-5660;-4880
5232;-6417;-1239;4831
-4737;6299;4942
-6675;5540;5787;2878
-4693;-111;5167
-5605;3220;6846
-5317;5463;2189;1102
3473;-4864
-4630;-3958;4618;-1518
6192;6273;3187;-949
-5218;-200;5101;685
593;1621;2213;-3034
-6514
-4642;755;5641;5357;1454
-4473
-5529;1306;-3325
-5459;6711;6295
6657;1057;276;6262;-2615;2057
-4019;5078;3419
6526
-3169;2436;989;1151
-5426;3333;2728;-2590;-2526
-6850;-4964;-6342;3189;-5661;4879
6052;2328;5131;4444;-6013;3807
6258;-1333;4698;-396;4252;5343
-5415;-2144
-4565;-5719;-5147;2750
6880;-4706;853;-5510;-4471;-2655
5795;-3030;-3162
-398
5859;2731
3190;2334
-5529;-3021;-5168
4448;-2229;5592;-4334
3426;-644;1219;1851;1995;2799
-3169;-3314;-2424;-970;4349
1428;-3885
2802;-4741;-5610;-187;156
2129;-693
3518;4063
-5538
6016;4049;1973;1739;-2732;638
-6209;5392;-4726
-423
425
6832;-1747;4431;4223
5794;931;6198;2487;4635;-158
6712;3387;-1471
529;1338;-5679;303
-2002;4983;-1659;-2783
-3571;6707;3896;5870;-1200
-5562
2489
2001;6214;-1628
4212;-2184;-4505;-4173;4157
4369;-1690;1594;525;-2510;6350
3520
803;-4199;230;-2216;1784;6095
2401;24;-3932;-4064
-583;825;-6155;-5022;-2302;-5646
-1393;3652;-5526;3704;14
-6561;1392;-3681;-819
-3382;-3159;-3129
-6388;-2068;-1214
2502
-2505
-6291;-3384
-4657;-4243;5479;3417;2682;-1196
1585;4929;674;-1621;3084
3532
-6212;-6454;6055
3937;2772;5509;6808;-2332;2205
6130;-4581;6086
112;-1027;4754;870;-3401;3257
1654;-1086;-2063
-472
1499
-3377;-3553;-1795;-6153;-4574;-4576
6753;-4978;-5363;-4757;221;-6688
-3549
-5599
736;2858;-1052;-6654;1549;-990
4724;-5208;6282;6139;5951
-379;4956
1443;1732;3668;5927
4832;-866;2508;3740;2556
5842;-1461;1224
5729;3970;2979;-5221;2248
-5378;4356;6390;-3369;-1004;-1485
3827;1416;-2704
-4338;902;2247;3336;-5712
465;-4824;5658;3163;3199
1517
949;5015;5115;-1020;-1373
-2544
-3233;6451;6588;-4190
4592
338;5931;-2700
-2690;-2928
-657;711;-6155;-3742;4222
3385;1613;5487;-6592;703
-6225;3650;-6820;277;-3036;-4732
2482;2275;-3231
5622
-4740;-2935;-2044
1523;-741;-2310
5120;6770;-154;-6880;4863
2123;2477
4600
6882;-6444;845;350;-6239
6563;5213
-3921;2243;276;-6279
-6151;-4844;-991;-1167;3423
3281;-2582;6009;-6875;-4445
1569;5091
-3878;6253;5950;-6320;3631
517
-6056;-4509;4926
-5521;1939;1956;725;-3447;-6411
-5185;-2306;-1602;1266;2871;-688
-2210;-1387
-4263;-4971;-3581
-2897;-4870;-4809;-2586;780;2590
-5972;101;3502;815
-6273;-3619;3939;-1944;-1483;-4464
-4822;3911;-6795
2707;6023
2914;-5702;-2696;-282;2155
5664
2960;-1092;-3814;4810;-1295
-4036;5147;1485
-6693
-4069;-5719;-2090;-4795;6091;-6352
-689;-6340;-3319;-1469
816;1787
3473;3266;5716;-3115;6575
-3701;-5462;3390;95
3792;-5539;-1959;-2442;-6477;-3295
3095;-6729
122;-3292;429;-3967
4577;-1045;1211;1964
-2902;-3126;5927;3737
-6498;-1011;3619;4584;895
-1970;2311;-3482;-5806;2909;1374
-3907;-2052;-3327;2574
-4346;-4540;6270
-3235;-4420;-5620;4932;6868;2044
-6248;4652
-1682;2945;-5716;-503;-110;3470
-6356;-6133;-4470
1390;-1968
3922;-1139;-1556;2982;-2608
-4690;-150;5609;-1885;4765
-3714;130;4426;2140;2508;-4912
-1188;5485;-2686;-3215
3364;-73;-3871
-887;-1576;1481;-2672
6372;-4893;2175
-3190;6345;4169;956;-3600
5159;-3551
6256;-2196;3827;5597;5533
-6499;6548;5914;-3595;1291
1040;-3677
1942;2743
5711
1888;208;-561;-1716;3513;6475
3683;4077
-1617
5747;-4293;4420;6249;-2989;-1373
1186;-5925;-3590;341;-2631;-6359
-4757;4870;-3528;6332;4029;-3280
-1987;-3891;5996;4574
1125;-3656;1933
-1624
6744
6450;5108;3046;2106;-1532;783
-691;-6310;2983;-683
3840;862
4848;878
-5685;-3116
4802;596;-6185;-5838;-4224
561;-2195
-2167;6220;4749
-4073;-3707
4067;3558;6299
6759
-1603;-327;-5706;-986;-4283
738;-3784;3663
-4355;6180;5672;-543;-5312
-5739
6533;-4344;6623
-4674;1315;-902;-1272;6156
427;-1052
5744
-2972;4620
-497;-3201
-4388;-1415;-91;-959;-6064
849;804
3874;38;4910
-634
5178;3818;634;3982;990;1391
-2683
-693;-3368;-6073;155;-3968
3201;4601
596;5558;-4409;-3406
3458;1866;-3596;6076
-5283;3125;3820
-3651;-4199;4042;-6620;462;4207
1906;1292;-510
3712
-6484;4440;1402
-4201;6765;3198
-5556;-2117;4470;2559
2368;-6626;6327;622
3723
-653
-5681;1172;2277;522;3388
-656
5280;-3189;-5781;3804;814;-4656
6161;-5771;2955;383
-4771;-5619;-1669;5256
3248;2930;-26;651
-3740
3378;4341;69;-4663;3158;-495
1795;3686;-6523;2735
944;-6261;6584;4589;-4159
-1699
-233;1546;5115;4284;1517;-4383
1382;-6680;-6844;-5324;-6766
5330;5014;3647
-1764;-5077;-3626;-6764;-6445;-4654
2901;-1464;-4409;4378;-1819;-6415
-6178;-1332;-5847;2476;-5166
1313;4449;6344;-5276
-5091;5557;3878;841;6766
-3014;6774
5496;1994;-6093;5406;-3039
-2773;-5686;1750;3967
-3910;5628
-3847;-1710;6398;-495;6495
4793
5344;5594
5822
-3185;-1156;-4092;1517;-5055
4530;5143;3321
-6195;-6598;-6778;-6394;5963;862
3781
-6369;5601;5591;1576;-2554;-4555
-2305;-4549
1622;6249;3882;5340
-6481;-1209;-6333
2065;3698;4326;-1064;-121
-3139;1989;-589
-5076;853;-2183;3640
3137;-3856
2128;2148;-4906;-4092;-2846;-319
-6038;5129;-5676;2396;1422
2767
5520;-3859;5556;-774;2678;1839
-4145;6270;-2848
1239;-5035
-6177;4789;-4921;4154;-6827;63
-1350;6469;-1625;-2122;6493;31
-3974;-3944;-4075
1651;-3334;3437
1755
-482;1286;6348;4844
-531;1026;-1396;6341;921;-508
6656;221
-4801;994
2942;-2207
3808
432;-4788;-2470;1367;-4040;569
2114;1703;1016
1762
-3425;-6405;-3613;6863;-3376
5656;2252
2791
4849;-1881;5967
-4741;-4746;-2844;-3052;6447
-53;-2262;-2774;4234;2623
5393;3544
6128;1568;-1851;2891;4827;-1552
-4770;101;-6604;2222;2158
2401;-5318;1943;-4398;2126;-2623
1889;756;1175
3821
2804;1017
-4966;3190
4848
4140;-5918
752;2
881;4610;3171;6276;-1095;6367
6786;-911
3831
-964;5686;-536;5818;-3100
2257;2289;-4822;-2538
6673;5357
1270;2569
5891
-2258;-5571;3979;-6508;-656
-2115;-4341;581;4954;1694
-4581;3720;-1962
6642;-3016;5340
-6532;6453;5287;-1785;5980;6734
5217;4387;-1530;6463;-5568
577;201
3854
1142;-6026;-6269;-4400;4527
-1682;2467
5568;2386
3796;-2203;4204;6253
-4645;6455
-6247;6011;5118
-4885
3904;3537;1542
800;-2130;6470;-6344;907;-6639
3504;2409
3489;-3748;-2118;5677;-5487;366
149;-4951;760;3529;6429
-1239;2982;-2541
-3572;-4394
-2061;5932
-3829;-4921;779
2657;-3064;-1310;6717;925
-2497;2065;-359;1495;2152
1840
-5829;-57;-6266;-1611;-6191;-4416
1411;-3655;-5095;1959;-812;2299
-4789;724;2218
6193;1265;1363;1366;5401;-2476
-3899
3969;1254;-1325
1392;6193;4069;4998;635;-5196
-4926
-5952
-3731;-1197
2852;-4440;-318;-1088;-5680;3743
-260;164;-3753;1532;-3582;6734
880;-5954;1716;-6695
1687;-2232;-5384;-2045;-3807;3775
1864
-4487;1479;-4600;2222;-6239;-1504
4936
-1219;-2758;1911;-2984;4206
6496;-5802;2346;-6525;-5551
-1111;5767;3357
-1596;5516
-4913;-3272;-1880
899;5069
-2482;-4906;5786;-271
-4977;4376;-2638;-686
-3265;4147;-1736
501;-3718;1320;-4217;5592;3423
-2130;-88;-2732
5266;5941;2806;-6426;-3660
-6645;-6166;1782;1030;358;-2479
1057;3283;-57;2717
-3850;4284;-5391
2918;-361;6698;-1404;-3919
-3763;-1195
-1537;-4354;-1314;-1464;6509;-750
-3934
-5166;3279
1888
-6514;4581;4891;5611;-782;3327
4972
-542;-2384
-642;-2229;-2103
-4772;-5943;605;-4080
4432;1814;-240
-3959
-1553;5361;4962;-4808
-5106;4787;3260
-2673;-2504;6121;-2863
2101;3498;-6496
-6017
2868;-6424;457;5019
-3154;1489;4611
1393;-5639;6169
5809;3288
-6881;-1457;4519;5687;1087
2224;3508;-4536;-4299;205;-3134
-5464;2600;-4192
4482;4324;-1623;2454;-4553;-3147
-6785;384;-4115;2163;-3301;-2572
1920;-4917;6101;-3016;5611;-1711
-1941
1648;6441
3152;6498;835;-1669;5099;5438
2292;677
3602;-2629;-1867;282;-6155;-2347
2404;-6400
3002;-1053
611;-6640;3055
-3171;2115;-1589;693
1649;5718;5558;-2778
4258;-5108;-3946;-1579;1693;5613
3029;2391;5755
-6386;6740;-5432;510;1582
-868;2724;-5866
3201;4298;-1788;347
-5796;-4364
4964;3019;-4941;974
-1970
-952;1948;-47
-1465;-1450;4891
5362;-3754;-3245;4638
-954
-6628;-6724;3220;5913;-2094;4334
4376;-5531;2110
3841;3399;-3211
-5025;4643;2365
-4744;-1913;4782;-4207
-5186;-2070;4246
3680;965;-872;3801;1146;-590
-5270;-1840
739;25;5036;4381
920;-348;395
-4417;5046;-2936;3274
-5769;-2368
-2935;199;-2154;-4013;6700;-3887
-609;6769;-1046;2824;5321
-5429;-4218;-6685
-6246;-6713;-91;6046;-2512;4447
4033;-6325;1908;341;2422;-380
-977
-2003
241;1986;-2771;6807;1883
4566;6855;5335;3143;5947;-3358
-987
4502;-3369;2927
-3042
6114
852;-4678;-4393;-1995
721;-5832;-5465;920;-1583
-6162;-4;-4646;-428
-20;-3380;-1911;-2012;-3326;1455
689;4411
-4594;-5762;1300;5768;5835;2555
160;1557;-5799
2704;273;-1967
-1137;1797;-6518;4847
2289;4180;5134;-3424
-1523;2436;-4875;-127
-1108;4325;4453;1046;4700;-2160
-868;1044;2888
-2850;-216
6139
-1020
-6423;1303
