98;1302;3623;-41;1928;-5882
-4433;-850;-4694;-5656;1388;-6240
1472;881;724
5425;-5400;5032;-827;-1019;4988
2645;-6312;3817;-2828;5758
5126;-4093
117;-2694;3446;376;5933
-5894;4858
-5553;2279;4776;-5849;2361;5069
3331;-3320
2049;-3615;-6639
1840;6366
-3204;-5003
903;3383;-3898;5772
1681;931;-4373;5416;457
-4375;6300;1167
1045
392;-4510
-1846;-6103;-3338
4626;-4188;-6862;6447
3908;-3975;91
5652;6423;58;-2893
4099;-3448;969;-5310;2638
4123
4916;2281
-4225;208;-3393;-478;-5455
4946;-3287;3642;2493;78;1375
-261;-1820
-1059
-6355;2339;-1062;-1103
6180
-3713;-179;3625;6713;1788
-3697;2050;-341;6588;-4558
-6188
-6189
4534;1414;-3856
512;-426;4458;1645
-5542;-5627;-845;2750
6308;3542;-4795;-2254;5438
-3077;-4073;-2457;6329;3327
1817;-2891
-6481;-2786
1074
-1798;-2822;-854;3608;3896;-1978
826;3326
6832;-2146;6625;3796;309
-2105
5425;82;-966;1143;-1532
4241;-85
4145;-6256
-4513;-2341;-3302;-1369;-1850
-4417;5222;-5386;-3726;-975
-4547;-5516;2044;-1264
-4769;612;762;1819;796;1870
6337;-2181;3996;6717;2606
-4281;-907
5889;4594;-1080;6217;831
4976;-1587;-4232;4873;-3451;-509
-6552;6479
3184;2293;-2424;3402;-2287
74
-5603;-5974;6381
-6220
-3095;969
79
3624;-5834;4284;1085
4691;-3676;381;-5263;703
3173;232;3068;-5965;2655
4817;-3591;-2171;-126;-3120
3253;-6844;6123;1948;5854
-6261;-5671;5278;6558
689;-789
49;3361;5139;4294;3640
1475;-6295;1644
1156;4069
6401;-5436;-4831;1711
-6825;4682;-446;-4255;-1456
-3025;322;5188;1657;4159
-3986;-1285;-5670;619;-3102
-3897;-1338
-6722;5560;-4234;3214;-6127
-5798;-5816;1032;-4858;5082
-2362;-2366;-5630
5856;-5989;-6006;6104;-2042;-6235
3056;5216;-3346;-2199;6138;3547
4149;6022;3367;2553;4089;1449
-3;2260;4317;-2352
-836;-1672;5512;3432;3628;303
-5380;-2302;-2688
1794;-6099;2564;-5767;-3848;3034
4497;-2316
227;-4841;-1833;-347;-5630
-6331;-6093
2514;-565;-4359;-3883;2683;-1647
-1427;-2805;2046
-2162;-5077;4025
51;1114
5588;2821;-2012;-111
-6055;-6777;-2094;5918;-352
149
5269
-6296
-4451;1225
5795;-4822;-5224
-4790;-3559
4234;-2029
2225;-2905;-2235;2362;5258;2621
2401;-6279;-5976;-6521;-2219
772;2263;-6573;1853;3997;-96
-2197;-951;-5213
1680;6512;-198;-1882;-6282
-6022;6342;-3562
4882;2355;-1947
-2436;-2116;4854;1917
5267;-4100;-2389;-4087;-4015;-64
-658;-2003;-3976;2365
1808;793;-1339;-2462
6049;-4178;-3138;6484;-2540;2620
6176;-1268;362;29
3459;5384;3625
2658;-5913;-5120
1218;2037
3348;-1622;-2781;-1183
-5364;-57;4206
-2962;2770
-4321;6161;-4485;84;-350;3102
177;3362;3427;5608;-3289;-3968
-1907;114;3099;2462;4622
4392;-96
2288;1651;-3141;-1002
-4689;3331;-2943
5351;2776;4075;-494;-1264
-1268;-6454;6492
96;816;4470;-5047;-5357;6253
-5876;-21;-4556;-3421;-3743
-1813;4070
5144;1209
-3526;-424;1691
-6401;35;567;-4008;6524
1760;4150;906;-6300;719
1125;648;554;-958;-2608
6081;4115;-5509;-997;3797;2968
-6177;-6328
3537;-5091;-2292;-3541
-658;-5005;1773;2061;3071
-6364
1634;836;89;4830
-4319
2800;-3848;4347
1253
5914;459
-6035;-3272;-523;5114;-2428;-3327
2930;-1622;970
6225;-1922;3898;2124;-4975
-6377
-3541;5960;-137
528;-4513;-6485;-5
-6747;1261;-6014
-1745;1266;2342;4632;6029
239
-1539;3891;-3660;3467;-6670;4751
5712;2385;5460
1658;1501;2206
5689;6844
-2523;-4461;-1998;1566
5526;-1180
5370
-5457;4016;5345;-2628
-1278
226;-5977;376
-1524;5076;3871
-1089;-4713;4521
1216;-2497
-4353
-1161;4490
-729;3034
-5971;-2851;-2701
592;-3733;-151;-974;6573
1794;-5492;4980;3881;4636;-4415
32;-706;-3689
268
-5390
33;6725;-5452;-13
1712;-4194;6357;5910;4375;447
257;-2722;3155;5034;-5452
17;516;3156;3783;-6408;1256
-4694;4137;5951
6562;195;5725;-1966
-5954;-6723;5229
-4471;4190
-630;-1707
5027;-1337;5017;1228;-3389;3983
1720;5740
3670;-4988
-5698;3986;-3336;-2440;4121
728;-2047
6465;6499;1844;-4758;3558
-5237;485;-5319;556
-4204;-4287
4848;-949;5349;3385;-2093
-3297;-1506;-2669
-562;-1159;-6551;1641;954;251
-1665;-146;212;4309;5790
-6457
1506;-3961;3241;345;3439;-4256
-3957;5295
583;-5097;4829
53;-1911;-3100;-4575
-5139;-5450;4029;-5023
579;-6806;-2284
-54;1399
2966;5547
-914;-4259;-4166;1192;5177;3293
5072;2193;4322
-328
5120;-900;-1845
6738;2466;1379;-4109
1606;239;-4048;-2224
-1185;-3427;-4935
4371;362;-1388;-2861;-3231;-656
6656;6150;-647;6268;-2736
-4818;2931;-6360;1448;-602;924
5557;4073;6063
2628;-536;-2586;3900
-1206;2951;-1512;5898;6493
5380;5381;-326;4350;-111
4435
-3441;-3043
5415;1595;-3357;5903
-3939;1475;6307;-4168;-5723;587
1233;-892
-6642;-1269;-846;3694;-2448
6486
-1256;2623
1712;-3521;-6051;1372
-4629;5997
2883;-6391;5306;1275;-6332;-6303
348
2276;-3462;6654
-6651;2222;2031
-4659;-6603;-6718;3038;2303
-5699;565;6344;-3388;-4750;4527
5620;5302;2566;6758;5547;4255
4865;-6019;1302;4311;-5840
2352;3617;-3077;1365;-4474;4671
-1160;-6155;1581;2077;-5023;-896
3923;2580
-3977;-3551
3435
-5366;-1514;-5850;5770;-5453;5902
5487
-4817;-1111;-3660;-814;-207
-2856;6602;-2493;4126;3182
3280;-6722
4064;-1508;5091;-4774;1592
-4898;-563;2643;1622;2589
-1969;3378;-14
-5303;2622;3055
-3587;3961
-5457;-3798;2440;-3802
-6034;4973;6557
-6228;2420;-2154;-2608
6336;-537;-1049;6522;-2588;6030
2208;721;-2548
-5137;6693;278;-1144;2763
-5504
4226;-5637
-6161;6064;6007;-2877;3500
390
2720;-2660;619;3807
-6515;-918;6694;-3753
-4146;-2660;-1623;6375;633
-2483;1090;-6612;-2150;-4169;-5530
2820;-4248
404
1558;540;-1693
3573;-4855;-1143;-1960;5755;4159
6554
-914;4980;486;-1306;4764;-6575
6555
-561;2707;2501;4570;3516;991
3123;-2311;-845;3517
-5384;2665;-1791
4064;-6612;3383;2775;4647;3420
6188;-1677
1217;-5461;-4269;-5216
-6566
-1505;1925;-5868;-5215
6308;260
6569
-1511;-1435;5422
2208;5763;-2310;-5480;1271
1424;1200;3739;-5935
-483;1187;-2172;2316;1629
-1777;1431;-4152;4280;5835;5053
-4657;-6277;-2809
-4515;-3492;-6760
-3504
2561;-2953;2731;3214
-3506
-5441;1346;2218;-3019;1372;-2032
3329;-2212;361;3724;-3710;-1056
224;2611;6038;2473;-1691
3511
-1489;-4755;-5475;2120;-1003;-80
-6588
-4082;-5957;-6246;5943;-5769;-720
-4471;-1836;-3790;-5711
4438;3863;-3579;4942
-5569
-5985;-3783;-3994
-945;2915;4947;5596;-6046;5247
3923;2341;6759;-6429
-4292;2815
-252;-492;-2140;4157;-1726
5233;2070;188;-4991
1476
2810;717
-5575;6392;4952;-1391;5295
6242;6819;1561;172
-679;39;-5786;6364;-3470
4114;3222;6313;1147
2901;-6503;-3912;-2936;-970;4815
4080;-834;-5364;6341;5495;983
-4254;4718
-2705;4882;-4819;851;1940;315
-2657;-5140;5927;2554;-5965;2767
-461;1951
-4196;-2415
4359;2248;-4092
1705;-4397;1199
-6113;-3972;6171;-6012;-4880
4537;29
-985;-5850;459;780
1936;-344;-6362;-1195;-1680
4961;4820;-1526;-5415;-3864;5599
-4642;6801;-6200;-2603;-765;-5359
-1684;-1558;2762
-2564;-5541;-5160;3175;4487
-2985;5516
2531
5315;-1879;2571;6765
-3649;3682;-1158;4454;-810;3087
-6323;1947;5886
-6614;-5912;-2302
-6124;-4608
-3029;-5659
5616
6642
-2082;5652
5248;-3139;-5956;-1593;3531;-5759
-1240;3788
2003;-5577
4065;148;2597;-4519;6151;1275
4240;-6722;-2310;-1420;4588;-2975
-82;-3624;391;4426;-6735
-6564;4393;4426;-5019;-4652;-1280
-1140;-2729;3437;-606;-2543
6723;525;-1247;2703
4609
-90;4701
3220;-5019;5516;6015
2066;-4360;-1436;2188
4613
2596;-3119
6625;-2004
-4338;6050;-6516;-6710;748
5321;-2747
4622
513;5300;3639;-1534;-5344
-5318;3302;5688;5048
-4353;5461;1797;-6510
-40;-494
6292;-2501;1771;6238
-357;-5174;582;-1223;-2558
-6294;-6806;3638;1755
-4721;-3586;3303;6219;349
4636
-4621;5820;-5838
-544
160;3699;3364;-4519;6041;4092
4976;-328
-3601;2281;4842;-5005;-1118
6065;-2278;-1963;-6331;-299;6383
3627
-3409;-4691;-3638;2502;-5099;-557
3505;-358;-6262;-4615
3634
-483;-1156;1446;-3783;-5016;6379
5440;5026;-996;2389;-5724;5694
3457;-6052;-2615;727;5050
1504;4184
-6873;986;-4925
-6737;-1156;2582;-1930;5642
-1794;6647;-5321;-2748;-6525;6093
-1603
-3281;-515;-2014;2158
5862;1562;-2748
-3233;-5541
-167;-1000;392;1356
5235;3847;5916;943
-1028;3480;-1870
2992;3458;-6803;-3692;-3712
768;-1680;-704
593
5441;-1298;980;3685;-23
6291;-3724;-3167
-2465;-2232
-5204;4601
6592;2080;-114;-3400;-457
-3267;-5139;1941;-1190;-5736;-2576
-82;2389;6493
1330;-852;-903;-3256
-4933;-777;348;-239;4991
5162;-5775
-915;3286;-5036
6520;-5902
6464;-3331;-2251;3260;-3837;-926
145;5702;8;6475;-6589
4717
-3617;4917;-2135;-1836
705;947
3090;6755
2581;-394;2334;-6176
6131;6787
855;-2572;62
-5846;744;-5148;-4720
-855;-728;5289
-6849;4517;2917;-5894;4460;3533
3222;6087;-6399;-1248
-4337;-3495;6023;-5867;4989
-6007;-6458;4139;2139;2475
-6577;-4417;-1566;655
-1155;1797
-2693
740;389;6422;-3834
1413;-768
593;-1240
-4066;2394
3720
-2644;970
-4116;-1192;-5839;-5887
-2513;6643;-472;-2717;2783
656
436;1641;-394
1826;-4388;-3480;5690;3114;-5470
-6833;-2838;4263;5721;-1279;-719
2944;6419;-1419;-4208
-5796;2548;2501;-2650;5085
-3738
1704;-380;-656
-673
5010;-2121;5977
-3363;1221;442
1701
4774
-3508;-4648;-185;4793;-6332;-4112
-4024;6024;3800
-5803
-4228;-709;-3656;-4251;2941
-4258;-822;3272;6591
-114;5929
-2745
-6842
-5281;-802;6246;534
-2292;20;-2154;5835;1340
-5458;4225;-3567
195;-1221;3725;-6526;-976
64;4741
6660;-6396;4925;-4480
5459;-5542;-4919;-4109;-2864
3784
-1830;-4535;-4590
-4611;-5320
4997;4966;-5624;6616
5395;1481;-6160
-1479;-2313
2576;-375;-5980;-15
-2130;4901
-4567;-6780;-4718;2590;2511
-6869
4498;1893;454;3290;-6349;6156
-2434;682
5847
-2364;-6687;-1920
6467;2037;-1629
-3809
-3476;-2613;-778;-6159
1858;4949;3836;-318;6799
-3970;5751;1275;2699;-6496
5813;-3383;3431
5361;2593;-4137;600;3529;4060
-2322;-1289;6474;59;892
-2793
-6865;5745;-6794
-2646;823;-3018;5836;-3790
4843
4210;-3463
2544;1924;-2631;6142;-2768;-4464
-6824;956
5218;6740;-214;1707;-3487
5043;727;1977;3241
-4740;-1287;2280;6543
-114;465;2446
1680;-3297;298;-5101;-3965;-5726
-4961;3543;-3336;-3549;3886;5167
-3824
5941;-5014;-4231;-3228;-365
-6871;-713;1711
-2805
-1864;6716
-2243;4645;-4311;5750;-6347;-5420
2915;-3205;6501;-2025;6811
4796;5644;-5758;3247
2240;2708;5829;4326
-771;2181;5671;5979
-6093;140;988;5965;5917
4512;-6322;-1012
6211;-3158;-1718;5351;-1816
-452;-6469
522;2303
2608;-4581;-2710;-24;-3531;-6880
2470;5190;-1320;2477;4845;-592
6273;-3218;-6024;632;-2542
-6562;-5204;2119;3209;-2539
-4964;3107;1862;3398;2649;5997
3700;3028;485;-5404
-869;3916;-3837
384;5623;-5309;5069;-1904
-5684;2317;6206
-1521;4018;-36;-1285;-3366;2987
-2217;-5945;-6667;2138;-2445
1823
3420;-6269
-4804;566;-6089;-4297;4091;-1533
-2851
4785;-2358;-1447;232;-1081;671
-3058;755;-3653;6844;-3742
806
-18;-1173;6710;4680;5967
-6513;-929;5907;-6532;4187
-5315;-4709
1381;2520;-6523;-1021;-240
4866;5637;2665;1979
1856;-4756;-1812;-2439;4508;4478
3255;6202;92;4575
1714;4219
3814;4169
4911
-1842
6041;3964;-4064
5683;5971;-4687
-827
-3319;1467
3900
-420;5927;-552;4586;2795;5901
-593;-6276;3990
-2993;1621;1803;-6383
518;-6520;-6504;-4378;-1356
-6231;-536;4632;-2796
834
456;-6874;1486
2466;-4408;-4106;6586;-4477;3102
-2130;-2931;3193
-5186;-6755;4824;3198
-4595;-4164;-231;-1687;-5530
3218;6780;-958
3093;2117;-1928;-5128;-2075
4002;2991
4480;-6426;-5056
-145;3441;-3907;-3731;-756;1166
5120;-1188
-4914;-6613;-760;-396;6108;1615
595;-5129;-427
-1908;5847;3801;-4828
-5255;4891;4301
2137;5897
-5990
2917
3585;6122;-28;-2364;-3374
1606;-103;204;-6144;6335
-6050;-6450;4808;-3004;4700
4992;6368;6532;-5143;6718;-3231
2924
5872;1588;3930;5871
-1903
2371;-601;298;4956
2637;-3519
-850;2687;-6816
-769;6753;-5100
-18;903
-5569;5187;-2741;5495;-3496;237
2936
5292;6045;-1535;-4816
5201;1634;4299
-757;5;-4471;-3869
-1777;2987;-5183
-4726;3382;-2253;-1069;-335
-6133;2964;-1211;-1083;3274;-2815
3981
1650;453;2821;-5195;5276
3843;-2934;-1273;2297
6689;5688;1738;6251
5008
1699;2253;-3040
544;-4531
5201;4515;-3495;3910
6036
-1699;1172;-1047;6427;5279
-5879;-4378;4313;5134;6847
2708;-3526;-5224
3841;-870
-3906;-674;6211;-174;-4432
3998
456;249;5388;-5230;-2816
-1906;-755;5335;5740;-2366
4081;3332;-1830;2712;5946
-2433;6436
327;-3545;1705;5517
-3441;-2676;5708;-1070;-479
6054
-3879;-6007;-1290
6195;-4441;6029;-79;-623
-938
-2195;6021;-4681;1675;-1088;-5792
1249;-1619;387;3112;1369;-6463
-6195;-2115;-1526;3078;1719
4244;3867
6354;-3236;1349;2550;1884;236
946
-5045
1793;2932;-703
-4651;506;730;412
1408;5176;3865;2477;1997;-4752
-1333;1765;-2648;3704;-3421;-5167
5988;-2985
-3250;5523;1932;-1310;5245;-4112
1981
-5457;-3694
-3008
-4408;2423
1984
-4978;-1682;-2467;-1525;-3624
6039;4426;-3358
4704;4562;-963;984;3022;-4176
-770;-3380;1380;5978;2414;2511
-5025;6128;-1891;664;5545;2717
4306;-6301
-4651;-6560
-1969;-1320;3831;2856;-1402
-5071
-902;2902
6098
4179;-128
4323;-2762;4538
-385;2339;-3768;-191
-5365;-3480;1720
3524;-6553
-451;-5224;-5596;46
-5761;-6818;-6644;5813;2182
-6466;-3742
6033;3761;-6755
-2017
-932;-6377;4585;-6462
-1299;2920;-11;-6702
-1570;867;-2341
-4068
6325;3183;-2368
4530;-1271;-411;6588;1804
5569;-1496
4866;-790
1732;-2150;6543
-2085;4709;750;6062;-2287
-6694;4150;-5631
2850;-4883
3090;5087
-2897;4082;-791;-5212;-6460;28
2035
-5336;-4286;-4702
194;822;-4137;-2186;-826
5110
-3555;4547;-3447;2763;-3372
-1285;-423;-3739;333
-5794;-2691;-8;-5016;4296
6352;256;-6680;5226;4908;5294
5283;-3365;1174;1002
3924;425;2329;2378;3626;-6540
3780;6180;6373;649;2473
-6437;-2779
