1025
1792;-3907;1731;2100;-1720
-1413;-3542;4903;-330;-2381;2767
-2070;-4330;5225;-6010;1035
4432;2256;5893;2775;6535;-3452
-5458;-2277;-5878;-1270;90;-3647
-5781;-4597;-520;314;3389;4111
3400;-3450;-5948;-4800;543
3072;-6036;-1148
6850;505;-3244
3621;5670;1367;2956;-2334
720;-1649;-6679;6566
884;-6605;5694
-4965;-3415;-5112;-5995
1090;5155;-2389;645;1739;-6208
-4706;-1289;6122;-5280
1301;3877;4073
5156
-4134
4134
4803;-2661;-662;-745;-1323;-1501
-2091
6117;-3129;2031;-4976
-3477;2409
1745;-5337;-4219;-4669;-3950
-4146
-1218;456;2861
1888;4615;383;2383
6434;3861
-5635;-5093;-5958;5222;5655;5864
2352;1685;-2894;-4271
-289;-1352;-6127;5198;-2608
-2726;2374;-1768;-2473;-4410;-5392
3682;-5379;6134;632;3454;4847
2996;-1914
-6661;-6150;463
-2226;-3981
6324;-982;-6155;750
225;-1029;-2102;6582;-4797;-6111
3132;-1021
-6210
-4665;5864;-4825;6763
-1859;3046;5270;6648;-474;1775
-6834;1640;2858;-6155;-1535;-4383
1504;1682;-3253;139
4738;-3219;3847;-3245
-4913;-4792;5531
-3152
-3565;3854;95;-6608
-2947;-5317;-4778;-3819;1421
-961;5000;2184
2162;-2243
-5202
-2002;-916;-6027;3743
913;4291
-2134
4789;1816;3947;5918
-6194;-4357;4325;4090
-1560;1625;-5354;5261;-64
-340;725;821;4427;-6062;-4783
-6291;-712;-4536;-4364;1532;-3134
-1939;4724;-3094;6853;-5545;3193
1120;5120
-4897;4230;-2680;-3469;1598
54;-5273
3690;5627;2045
3106;2771;-2703
-2163;5205;4377;3947
-3177
-50;482;1412;-6661;6714;2303
-5041;-5107;-3109;2886;-3674;6764
-1890;-2226;-6707;-3626
-4338;4451
4064;378;1978;5981
-3186
4263;-1529;-3018;-4956
1144
2760;2280;-3131;-1789
5601;2357;-4518;-4167;604
4592;-6275;-1221;-3110;-2302
-4756;-4918;3110;875;1467
-1192;407;-4746;5405
3409;-6075;4428;1439
3379;4182;154;3679
4226
-1717;-4560
3062;1784;1801;3727
-2115;6626;4131;6039;-1593;6505
-4451;1238
1651;2037;-5417;5966
-1167
2192
1169
-2484;-4517;-1113;-1386;2186
6288;3444;4423;-5978;-4959
-5316;-4891;4939
-3224
-3124;691;-6138;-1067;2318
-4626;-2501;-3548;3276;1951;1199
-869;1364;2983;-5680
4493;781
-2354;4641;-3210;766
-2206
1183
688;-818;2710;3658;4171
-174
4084;759;-574
1026;-1643;6218;4059;-6413
-4001;1844;756;3848;-2624
-3027;-3294
3214;-863;-1151
-4279
-786;-1655;6122;6076;1068;6765
4289;-3849;-6091;4603;-4877;4718
5233;-965;4107
3256
2481;-5011;-5032;-4911
-2785;-4257;5944;-1612;4942
-5514;-5935
5940;5355;4109;141
-1653;-4678
6256;641;-3981;5054;2798;5807
3041;626;3304;-633
-2321;1894;2956;-2335
-1446;-6169;5370
-6289;6406;-666;6011;6556;-5678
-6036;1740
5319
4296
202
-5379;-1559;4686
784;-3681;6695;-523
4243;3132
3445;-6440;-2843;6045
-208
-1267;2887;4797;6046;-5088
-6769;5569;5895;6522;-1918;3198
4237;-6495
272;-6626
6866;-1289;-3995;-3840
5392;4193;2386;-4087;3528;2109
3281
3299;-341;5768;3626;-4189;2287
-214
6625;-4363
-5906;5554;4245;-4286;-5967
-3291
5953;5573;-1946;2745;1210
6225;-2229;-5353;-3339;-797;-877
-3474;3702
-130;6584;-5340;-3391
2545;711;-6700;3213
6144;-6193;6178;-5899
2691;-3767;5403
1651;-1226;5950
-1937;4037;185
-5352;-6666;-5005;-624
-5745;-2117;5574
6480;5489;6178;243;6764;5805
4996;276;-936
-3282;4370;789;-6026;-3260
402;1206;-1851
2721;-1492;4151;1112;-6096;-2688
-2257;-2437;-6775;-4136
-2147;-2550;-6601;4845;2111
-5588;3293
-5121;-2642;-1702
-6114;499;3236;-4015
-251
-562;-6859
-6761;2939;-3197;4717
2884;-5222;1352;732
4663;-5835;-1133
6152;5001;-3726
3623;-4908
-274;-1012
4769;-5077;4200;6136;-5919;1279
4694;-2377
-3344
-4083;3445;2957
6417
-6561;-2577;5652;6025;-4862
1696;5747
-595;1891;3784;6635;-4270
3361;753;-2263;-6328;-5963;-1102
-3218;6678;-665;1580
5761;-1395;-740;2190;-1440
-1718;2214;780;6172
614;-331
6053;2470;-4266;-6845;-5582;1742
-5843;-6731
-5406
-4499;4882;6356;-1816;-2345;780
-3351;-5129
4833;-2495
3202;4612;6375;58;2427
4704;6450;-1097;5403;5310
2219;-6607
-210;-130;2067;-4071
297
6442
387;-2421;-922;1631
-6445
-6421;-3178;-5390;1375
337;-1762;-1131;2253
-3057;-340;950;-2072;-3114;-3934
-129;4531;-3994;5641;-4027;1355
5335;-4714;5529;4091;-718
-1489;6105;3885
-6529;-1747;-3449;3257;2014
5008;6809;2553;5161;-442;-2396
2150;3960;-5659;-684;-5198
2017;-3203;170;-3694;4399
2359
-1041;-4677;-1512;6697;219
-5042;4246;-4263;-537;-5247;1311
2273;-6469;3879
3389
128;5123;-3014;310;1341;4621
-5557;1142
-503;4918
-465;-2162;-3190;4535;-6233;4122
5393;6455;3832
-6196;-3724;572;-191
-4849;-6196;-1108;6504;5257;718
6471
-50;-1304
-1538;3916
-332
-454;-4902;-4039;-1242;-3008
6080;2306;-5187;5389;-6207
1073;-6645;391;4615;231;-2048
-4325;6715
4289;-3946
2678;-5437;1390
-2738;5685;615;-89;-1325;-4543
-6137;4585;-4190;-2799
-349
-6190;-303
-5089;6461
4445
3523;-1125
3073;-6137;-5037;-3645;-893
6097;-4756;3396;1258;6219;6571
-3121;2050;1044;-153;4633
5168;5664;6456;-2591
1184;-4420;1492;-941;-3824
2387;-6133;3941;6810;-4239;6815
3907;-21;-4235;331;-2302;-3167
2001;-2563;-1124;3798;-1977;232
-308;-4854;6149;-6603;5246
-1121;-2163;3077;-5225;5801
6689;-515;-4660;3975
-5986;545;2915;-854;6330;4588
68;-135;6582
5494
2432;-4857
376
6448;2673;-1576
-3138;-1880;-4910;1086;5391
-1403
-4166;3785
-3091;-5483
4787;3787
-3455
880;-3282;-4692;-5636;-1991
-3330;695;3021
3910;-2956;-2367
-392
2050;-5652;-2761;-1294;94
-1420
3471
294;-4632;-159
2880;2803;4499;1189;-4059;-1792
-4657;-2483;5204;-6427;1676;5261
6660;6029
-4881;-3399;23;5806
3650;-231;-6024;153
5168;-1650;4361;-3516;-6816
-1189;2618
-4833;6215;-5115;1278
-161;180;-518;-6248;-4138;2285
-6555
2833;-1494;6199;5433;1775
4224;483;6052;-2154
-4511
-4033;-5140;-4069;5834;-6319
-6516;4598;4381
-2968;5433
-2036;6325;-4855;4055
-3138;5947;-5358;-718;2846
288;1027;-4315;4444
1716;-3045;4075;3980;-5630;2398
1650;2469;118;-2808;-234;2299
4520
-4968;-1338;-2316
3501
5618;4645;5526
-3503
-486;-3514;-2576
-5364;6581;4359;6777;5487
-4977;-6498;802
-1732;-1775
-6138;6574
6028;-1488
851;4484;4326
-6628;4133
6386;-2083;-2585;1019;1806
6800;-2324;-5078;3098
594;6789;6503;-5864;-5482;-5038
-1011;4231;5607;5640;-4799
1025;2499
5428;1479;-521;-5453;-5133;6701
-3767;-2940;4205
-6266;-2525;1166
-3397;-4120;-4288;6223
3533
930;6786;-441;-5676;5615;-4704
-4450;5413;4694;-2424;1327
-5447;-4762;-251;2955;-3824;-400
-2804;-3806
4002;-4148;6844;5276;780
-5314;4930;-2054;-823;745
6432;2993;4022;-4559;5919
3233;945;2438
-4569
1014;-5463;3975
2672;3025;-5221
5685;3301;966;4968;2170;3871
2148;-4023;-492;-1389;6285
-3986;5666;2707;-4876
-3321;3257;5162;687;-3248
3330;-52;-5817
6736;3954;118;-6222
-881;6005;-6262;645
-2993;-756;-4486;6716
1617;-873;-4314
-3425;6082;1043;4676;4842;-430
-1542;5114
-3699;-2311;-1659
-505
-4602
-4406;1046;-856;4375;6185;-5838
-5629
-5860;-3865
-2582;-3048
4605
-2278;-5097;-3134;4542;-3760
-4609
2566
2464;5111;-5102;-2992
6323;-6856;5148
4616
5641
6864;4641;2839;-5630
400;2721;-4691;-2684;-367
-3923;-5139;-5288;1960;4072;4717
6305;-3728
5089;-574;-912
-548;-5684;2281;2394
-6678
-5844;5779;-3382;-183;5737;476
-2789;-4921
2228;1368;-5164
-2405;-2296;1084
2720;-3297;-6214;4197
1911;5735;-2781;-4318
5283;-4116;-5783;-2522;541;-2143
1088;2227;6376;-1963;-3085
497;4563;1352;-201;-4938;5421
5669;-2216;-6283;6762;6493;2414
-5073;2722;-299;-3611;5132;575
2606
-1386;827
-1778;4133;1629;-5568
-387;-72;5564;1599
-3665;-2124;-1788;-4256
3618;-439;5355;-2861;-3711;4751
-1959;1389
-4667
4987;-3390
-6197;777;2797
4374;3354;4475;-4077;-1406
-6855;5720;1711
-1641;6056;-5678;5935
-4518;5095
-580
-6565;4249;409;303
-6724
-5987;286
-1606
4737;-5242;4731;-909;-6271;5583
-5459;-5555;4519;-6009;2847;-144
-4681
1777;3990;-1087
-5753;-2783;782
-5239;5848;-2396;-5246;5423
-5707
5601;-3827;-5895;4617;5100;-910
5589;3845;-5772
-1616
-595
3813;2216;-5434
689;3990;3401;-4076;-1836;-6863
-3496;4094
-4083;-4245;-4827;5388
1378;6393
2762;-110
5936;-4979;-5139;-3945;-2718
-5154;-4404;-104;-4682;3498
4867;-2214
5725
1631
-4929;3297
-3586;-3753;2362;-1836;251;-4287
-2838;-3223;5880;5451;1917;3661
-1290;4988;-1039
1280;-6282;-4330;-1515;4267;2895
2661
4;2664
-4720
2162;510
6753;1921;-6797;2685;5278
2548;6868;4808;-5408
2550;-2665;-5631
-3634;-440;-2331;-6511
-4068;5719
84;-6857
6773
-6067;-6851
3702
630
1442;4934;-3401;-924;-2687
4896;5312;4834;4027
-3380;-5085;-5837;1375
-1805;477;-2879;-1552
-1665
833;67;2814
3472;5908;-4640
-1782;-2960
885;6055;4972
2101;6248;2506;-5086
-3762;-984
2317;-4159;3519
-850;1442;-4319
-5905;-707;1669;3174;-1111;5582
5445;6474
6799
-2536;3656;-4861;4397
657
-1064;6361;-3615
-3331;-2596;4268;6414
5072;4608;-1251;6567
5781
1777;4754;-4973;5247
-4465;1171;2548;-311;4791
6368;4534
-5826;-5606;-1519
-667
-4355;2633;1900;-4894;-47
4762
262;-4023;3898;-2411;-1453;-3086
-5734;969
-2718
-820;6070;4639
1697
5764;-1432;3515
-1706
989;766;4047
5649;-3445;4966;6216;-4015;-496
-6259;-1620;-3748;-664;2906;6653
-3757
686
-678;-3080;3466;-396
-5528;-3592;-3856
6831
-2819;6579
-774;-5036
-1717
3539;-2005;5797;-1350;-3335;5215
2722;-4604;5647
2337;-503;750;3230
2144;-426
696
-4705;1793;-28;-2880
-2946;-3362;-4180;1595
3986;6843;5231
3986;-1865;5096;-6032;-1888
-2179;3811;-3368;-5771;-6509
-6305;3842;6549;746;-3504;5519
-4822;374;-5482
-6862
-1493;-4345
-1460;-152;5402
5121;1858;6754;4852;-3531
1318;-6507;-1676
369;-6008;-6347
-346;1067
-1748
4160;-406;3557;729;4971
-3797
3041;3570;-2276;-1108;-4884;-5212
-2344;3070
-4451;-3608;-5980
5393;-4179;1092;-4088;5370;-1836
4824
5664;6451;-2170
5393;4401;-3027;-183;-5273;-4092
5570;-2788
6242;-5507;-6022;-6073;126;-768
-993;5249;-1285;-3710
6743;5260
-1764
-6338;-1571
5538;-3628;-2654
-4842
5601;6289;2170
5284;6133;-5289;2812
-4834;-5747;-6376;957;-2991;-4288
-6001;-3428;5015;-377;-58
966;-3032;-1760
624;-1093;-3621;-1786
-2813
-2979;-5237;281
-3444;3317;3324;-5821;-1216
-514;-1650;-3346;338;5939
2817
652;-5518
2833;-4603;-1053
-3700;966;-5224;2302;6431
-5491;2803;1174;-3977;4104;-413
784;-325;206;3183
2106;-3132;-3516;-4429
388;-5526;-1786
-783
1200;5666;2898;2663;-6008;511
6005;5021
-2341;-4591
4886
-5912
1157;-366
-5810;-2551;-1214;4686
5588;-3879;6825;-2620
4676;1784;4575
-532;83;-2790;-5111;-6783
-1058;2878
-4643;-3130;-2378;3867;5487
-2929;-541;-6543
4893
6065;2965;6695;-3961;300
-2850
1826
4097;1826
-2332;-525
-1172;6181;534;-5896;1162
-2870;-3641;-6076;-3614;2078
-1835
-596;-4309;2886;-1564;-2351
2277;5190;2536;6860;-959;1295
-4005;2488;5064;-1403;4523;-5852
-6582;2920;681;-1932
-4323;2150;-6199;1271;4235
2088;-5979
-4643;4599;-3947;-1469;-3552
657;371;2517;3213;4302
-2211;-2245;1270;-2759
-4428;-3565
3984;-1108
4784;-977;-5909;-4873
6528;1313;-1826;3762;4328;-987
-2722;1030;2700;-5118;1231
5951
2879
-1954;1330;-5328
1697;-2788;-1286;-6871;6007;-664
3397;-6279
-5842;-6754;1037;-5663
-1954;5586;3974;-1807;2207
6577;213;6487;-4091;-412;-5888
-1874;3089;-298;-4699;-2207;1054
-1313;4036;-3566
513;5108;5093;-152;5640
1762;1315;3604;-5606;-6332;4413
2181;-5881;-4314
3569;4179;-2645;1078;-2391;-6686
-4944
5969
-2899
3827;-6727
-919;-4649;3465;335;5695
-5907;3026;-6313;-2975;2686;-592
-3684;4068;-6726;2410
-2385;-5078;-1913;-2110;-4735
2322;3235;759;5337;-6443;-3324
3762;117;1590;4934;1065;-5485
6304;6261;-5897;5081;844;6702
4963
4501;1519;-1056
6756;-767
3944
1492;153;6329;4681;2555
4209;-6212;-4980;4060
-3593;4028;-6431
2291;2133;3065;-2621;3214;6110
-1250;-3986;4145;6331;2813
4835;5059;-4457;1593
196;4695;4910;-2768
-309;3990;-4574
-4417;3253;3689;-6491
2021;5017
3121;-4635;6508
-3669;-2359;3210;5677;-6831
-4481;-6179;-5600
4998
2309;-683;300
-3829;6663;-6811
1329;-1099;-5068;6767
-3833;-2748;2924;2828;-3152
-5009
-913;4789;5230
-3657;-3931;2939;-4463
3808;2238
5024
-4979;-5098;1243;140;-5549
-132;2869;2888;6572
442;-3867;443
-6082;438;-1033;1626;-5099
-2467;6518;3558;-528
-134;-6263;6471;-1436;2620;5823
-3345;306;5684;6487
3509;4840;-2110;-1647;-3648
1959;2249;5196;-4157;-6192
321;6228;-6732;-108;-6622;2895
6176;-6563;-5239;584
-5669;-1162;3771;-1982
4401;3363;3813;-4487
948
5011;-2212;-826
2978;6227;-10;971
4023
-5731;3755
1344;-4533;933;3275;956
6147;-4617;4346;-588;-6430;4142
-2130;5203;6405;-5192;3836
-5053
5793;-516;2105;4393;445
3696;867;4792;-5326
-2771;2022;3758
-6760;-346
5142;1709;-5887
2067;6756;5606;3946
-2610;-5526
-1089;-552;4632;4859;2335
-6345;4349
2421;-5254;278;2043;2508
3537;1601;6435;6807
1477;3368;-5354;1483
-4201;3226
6611;2117;-6550;-2778;3597;5150
-84;-5990;5350;3082;1694
3650;6487;-4937;-1356;-1167;351
-954;-2606;5565
4530;3907;3637;2921;-1770;47
-2385;-6083;2630;-1292
-4546;-2551;990
3892;-4519;6007;1034;717
-2851;-5013;6084;-1127;6633;-6762
-1133;-2928
-4404;-3787;-991
-1137;3508;-985;-5450
2292;903;1095;1756;-1983
2304;-3635;-4124;3438
4337;2690;-520;-2506;-3646;1663
-2545;2019;3559;11
-5141;-1592;-3481
-6631;90;-5293;-3422;-4176
6144;1000
2064;5313;-899;-36;5692;-4990
3051
-3053
1474;2418;-3637;-1301;-5079
-4518;-6347;-1404
2161;-5062;-984;3160;-4523;6253
-3858;2643;5484;-4702;4511
3366;-2974;-6526
5109
-2100;4345;2668;-5933
-5117
4740;-2695
