5284;3734;-3863;6111
6291;-681;-3771;6842;-6078;-5679
2053
3193;-4224
5127
2853;1478;796
-2056
-5891;5882
-4440;-1496;2906;4062
-1220;2277;-2090
5379;-3126;-390;-4815;606;-2784
882;-2534;-2520;-1039;4175
1036
5012;-2806;1849;2186;-1103
-6530;-2036;2167;3308
-6330;217;1818;-4941
5890;-1158;-2908;-4844;-1901;5965
1394;-5013;-3781;-5934
5825;-1620;-6278
5984;-3978;-2685;6847
-386;2130;885;39;4525
-3701;6798
-4067;4773;4709;1128;5371;-3696
-2545;6707;-4020;-4679;3914;1674
-3092;-2228;-2149;5258;2431;3903
5745;2037;518;-2124
-6177
6674;6180;1515
406;6796
5156
-852;6663;-3963;1263
-1065
-6420;-3862
-2211;-903
-5442;-1350;4216;-1563
-433;-1381;1770
3346;298;495
3842;-2771
1288;4904
3988;-5831;-2302
-53
6645;2982;-6679;-2347;-1680
1936;-3090;-5048
-5502;-6846
-2109
-4269;-2960
1936;5218;551;-586;-2974;6158
-1281;-5923;5652;-5095;-2633
2113
-3058;-6224
819;3662;-1343
5796;-550;2534;-3616
-3921;-690;659;-116;2803;3385
5192
-5401;3279
-6218
4144;-2642;-3159;6378;4939;-6511
-6209;33;-1353;283
4165;2698;-4942;-6640;-5600
-2226;-3364;-1659
-771;594;-6149;6395;6860;-3775
-5781;-3417;921
6290;4355;-5221;-5739;4495
-6233
-6796;-6606
-1115
-3458;-2882;742;2653;6061;2095
-2197;4518;2893
4548;5786
962;-1092;1251
3600;-4882;5590;-4777;6714
-4707;6857
3520;-1654;-1111;-4954
755;-2907
-6250
2448;2193;-4748
2945;-5539;-4645;-5242;-2987
3179
-4129;-3442;6580;-5703;-2186;-6589
2883;-3573;5045;-3223
916;6409;-4144
-5091;5686;2440;-4442;4591
-3634;-3781;-6492;-5677;2188;-5246
-1017;-4892;-2397
5460;-6599
3637;-6586;-5149;4910
-2626;5576;158;-2992
-2801;-3524;-5700;-5894;-1576;-1103
-4503;-3656;-6730;-6314;4700
-5704;2040;4377;6575
-5746;-4680;-2670;687
-2690;-6035;6275;-6603;5855
3927;-3931;-380;5630
4411;-3613;-671
4181;1610;3533;-6510;-6479;-2607
-4549;-5485;-335
-6273
130
-5254
3205
5040;-1206;6808;-4490;810;-3756
-1463;4280;-6570;-2827;4396
-724;3332;5726
-6564;-3894;-4953;-93
5812;-3642;6346;2894
-500;4056;-2173;4461;-2624
-50;-5236;-975;5086
4528;1937;-6115;5764;2089;5260
152
3170;-932;2037;4968;2173
1384;-1130;2363;1631
6725;2169;4364;-5936
-3528;1325
-945;552;4953;716
-3231
6003;981;-1708;-5101;-5614;-3936
-1982;1822
-2246;5478
2392;-6219;-5550
6481;5125;3977;5418;811;5996
3336;3994
3384;876
-5556;4367
-3237
4228;-6443
-3524;4365;6493
-17;-881;776;-4239;-4351;-1695
1664;5145;-5915;5900;6414;6415
5353;958
4727;-4474;5035
-4268
4545;-4082;3715;-4997;1525;4587
224;-2314;2427;-1277;748;-1008
5058;-651;588;4444;-4144
-3105;-6322;-2194;3653;2669
3722;-3901
-357;-6218;5371
3714;-2324;-6680;-10
2004;-4965;1785;2653;751
-150;6763;-4640;2303
-5937;-5860;-6728;-5210
4929;-2997;4395
-5109;-3658;-5758
-5364;-2424;429
-3330;-5641;4284;-2462;5933
2786;-2823;5481;1949;-1486;5549
6338;-6362;6380;2028
3106;-4456;-843;5531;-5038;-4639
6515;-4808;-3951
2338;1012;2740;-4870
-6038;-3375
-6805;-1685;4197
-2758;-744;2056;-4813;6061
864;3312;1144
-4465;-6419;4345;-654;3919
-1777;321;-2634;3690;284;2365
3810;-6468;-5557;-6742;-4042;1388
-3314;-5210;-6172;3229
-6402;-5067
5325
-3651;-6872;6218
-2500;4502;3326
3536;884;4902;5223
-3507;-710;6477
-2563;6488;-3274;-2912
-2264
-3058;-3446;2827;-2685
-3174;-4790;-3195;700
1242
-2375;775;6523;5535
-1330;-2245;4088;-6880
-4591;-5872
-2166;743;-6378;-4284;-6174;-3470
-6689;5346;-4051;1478;-6554
-6595;-2852
3003;1326
-6466;-1095;4602;-3391;-1056
-1731;-757;-3671;4215;3048;158
-5828;-2025;5565
-1477;1156;1066;-4204;-877
2288
-292;4986;3739
4340;2645;424
6386
2243;3636;420;-4695;351;2383
1104;5025;-4147;868;-6299;-6011
-1858;3319;-3754
160;3897;4158;4318
-6392
-868;6132;-6587;-5070
2896;1361;371;-2374;2843;-1775
-4610;-3304;-2648;-2319;-687
3683;3095;3034;2732
4244;-5416;-5818;5789;5933;-6016
-6409
2241;628;-6886;-4442
992;2723;-5274;267
2315
-2017;-6083;228;-2636
-2036;2824;1529
4240;-2068;-3927;-1515;4443;2172
-1240;-6409;4301
-1300
2097;-5819;-2589;-430;318
3512;-3615;4479
2800;4946;-298
6048;3970;422;-2831;-1184
-2332
-481;-6116;-5973;-3305;2072;3277
2000;1603;-4406;4023;-2440;-5163
-4739;-669
2338
6593;-4596;-6424;6169;4506;-6540
3600;-1222;-2558;-1136
-4658;4979;-3929;-5019;1788;-624
4392
6721;6666;4317
5120;2818;-6229;-4055
-642;-137;3082;3115
-3373
-2120;-4328
-2066;4772;-2373;-3657;-5882;-1339
-934;-5302;2857
-6714;-3836
4571;859
4614;-6476;1902;3583;1807
887;-6319
-4195;1223;-1439
-2322;4613;-3119;-5632
4412
-4415
2504;-876;-4000
753;4084;5820;-1037;-1102
5282;468;-5368;4040
-1746;265;-3227;2906;447
5248;-3092;-1604;-4727;-3260;4031
-2929;6721;-6422;-1720;-2127
1171;-5494;-3225;4683;-6685
-1282;514;3891;4500;-119
-1573;-3884
-3410
-3874;6276;-5546;-6716;-4926;-5008
6117;-656
-6756;-936;5001;2347
5889;2259;3957;-4138;1594
-3545;1148
1168;3090;-3861;-747
-4178;-5390
-6738;6484;3956;-279
3170;-4951;-5744
1907;-214;1546;4331;-2092
358
6288;-6649
1910;4297;5417
3108;2373;5669;-4797;-5197;-3566
-5283;-5321
2752;5602;1414;487;6255;2287
3440
4840;1673
2149;2299;-3054
-6433;3570;-5171;-3864;-5932;-5070
1400
-2067;5338;-2603;-6172
2434
6339;277;3864;-6329;-5790;2030
3504;-1064
-3137;-2714;-4782
-3989;-5627
400
1568;-6634;2970;4555;-5933
338;3699;419;-2006
2481;5009;-2990
-405
1682;5815;75
565;-160
-6722;-5973;-6855;-1337
4256;3280;-548;4840;-3978;2797
2800;-6865;-4290;4875
113;-4020;2405;6006
-5373;-5277
6554
-1436
5585;-6010;5690;-6703
6559
3824;4439;3420
-1445
-5641;-925
-689;3620;-1429;3019
2475
836;5092;-2429
6170;-1647
-3729;-1321;1833;4606;5183
-1456
4529;2776;-6794;-3354;-4202;-4651
4232;2344
-3889;5621;-2666;-811;286
4161;262;-6714;1851
2487
1112;-4282;-5114;-3979;3630
-1466
-2182;6149;4200;-3498;4316;-4448
-1060;4949;-1049;-1130;1806
5446;-1928
-5155;4936;2792;-2444;5437
-1331;4611;229;2059
6592;5137;-6631;1914;1019;-2462
-4978;23;424;5931;6748;2541
4100;1637;4955
4952;1645
-3107;4052;3127;3128;1400;6191
1458;-6421;-1641
4992;6865;-4820;-3045;-4454
-3090;-840;4266;4525;-399;-928
-2533;-5560;4455;-3993
-6820;1238;4095
-5584
-4006;6517
-2484;4710;3358
4243;1781;2007;-3354;3979
2515
5814;1528;-6489;3208;3786;-3279
3545
-1499
3376;4369;2355;6039;-5183;-4336
2525
6305;232;3082;783;-4800
-5605
2615;1992;3880;-4874;5066
4584
3888;-275;3944;5080;1165
-2001;-2294;5402;-6461;1644;-1902
-4588
-5906;-3609;1385;-2603
6020;6760
-2486;-1416;987;-3726
4592
-4806;5206;-1719;3962;1707;-5871
3749;3917
-6215;6716
-2553
-1764;5989;-1671
2946;-1415
6330;-1727
-3741;-3936
5442;-4644;-5428;1427;-1406
6657
2561
2163;-4282;5706
-4601;602;410
-2566
-3713;6019;-5110;6665;-2320
1266;-5638;-1529;5704;4174;-5520
-2868;-4821
-4777;159
6625;-643;-1891;-3415;795;1100
-5265;1762;-5876;212;-4859;188
1392;1187
-6450;6788;-3189;5895;-5625
-5809;-4182;2536;4874
-2309;1910;6056
2947;6212;920;4265;-1519
1112;-173;1647
2912;-676;-5253;-3877;264;4042
-929;-1415;4940
5378;-1461;2724;-4044
-6695
5830;-5404;125
-4648
5440;-2840
-3106;-147;2100;599
1652;-2344;5852;-3581
3363;-1783
6701
6258;4050;-534
-406;1126;951;-89
6194;-4375;6250;5435;-1968;6431
-217;664;5257;203;3997;-1152
5536;-6514;1138;4418;-2965;-1052
4353;-1864;680;-557
3125;-6875;-5311;4399
118;-4782
-3591;173;2846
3746;-5343
-3459;258;-6588
3645
6658;564;-2552
-4499;-174
-3650
1604
4970;6874
-5702
2162;3590;6743;-4299;-447
-6833;4420;-217
583
-4497;-4305;-2358;1741;-4030;-447
4305;1398
1737;4734;-3952;-1936
-6129;1713;1029;-4189;-176
6728
2320;4414
1266;771;3866;-5310
-4833;-4409;1819;4780
-5876;388;4890
4282;1437
5927;-2601;1370
-5515;-207
-3676
3496;-1868
6353;1730;1752;-3436;1374
-1977;1098;-1775
5873;-5267
-3960;-3881;-4030
1812;4137;-6557
-1139;2451;-4997
6610;870;781;2591
-3010;-227;5636;-6650;-3307;2847
6306;1546;4029
4714
2087;4697;-6654;-1776
-723;-439;-2938;-1706;-2062;78
-3695
-2671
-2343;-1512;-6063;1774;-1696
3813;6027
-754;3205;1080;3834;3502
-3977;-2799
2917;6216;-2905;4392;6331;-5054
-993;5569;1411;4517;-3567;-160
-1924;-3830
720;1680;2279;-2891;-715;-4780
6779
-3709
6432;4945;-343;-1181
-5203;-648;-4715;-5500;-5726;-1376
-2690;-1350;-5816
-6785
-1666
-4069;-3742
5073;3636;-5132;-4109;-6255
3717
-3992;5582;5199
-134;-503;-6153
5096;-1264;3983
649
-5954;-840
-4449;5425;4228;5525;-2489;5722
-4122;1324;-6045
324;-3287;-5963;-2989
1314;-3700;-3898;4607
3009;3171;-199;-2256
-2703
4751
-1953;-753;-3394;5129;314
-4609;4901;3437
-869;6316;4429
3444;-1317;2805;-5943;-4328;-2492
-3738
4707;2628;3718;-6075;1515;316
5760;6230;4908;1612;4685
1393;2243;6020;-3578;-2448;3183
2000;-6150;6869
-787;-4646;-1030;3861;5195;2175
82;1619
6822
5800
-199;6328;825;-5114;6763;6414
-4565;1368;-2589;-6160
6005;-6071;-618
-375;3258;4122;4748;-5373;-4672
2209;2083;-279;2792;73;6094
4035;4372;-4377;2729;6217
569;3529;5807
-2834;326;3198
2643;6580;-2808;-5725
5169;4839;6042
-52;4180;661
-1718
2744
-4044;-4847
6080;369;-4197;3566
-4818;898;6422;-2505;-223;6047
-4961;-4677;5993;3689;-1197;1854
4051;3820
2752
5920;6787;2325;3848;-3897;5177
4770;-6037;6229;-4103;4502;2511
-2949;-4506;5757;-2079
176;4849;-2883;692;5038
4306;5874;-1464;57;123
-1233;-4627;-2015
-2441;3100;4143
4785;-6259;-3911;4806;-5499;251
-3393;-5330;-4132;2648;1292;3087
-6043;-1068;6267;1551
-4738;6018;644;-2829;-1232;-5744
3419;-2704
2082;-2581;-57;5576;-2095;5983
-2769
1506;-4486;-1674;3933
-6481;458;1579;-4173;6478;5934
4184;5757
-946;4580;-4732;-5773
5097;2604;-3550;-5903
-2411;-4462
5800;2170;-6525;-6270
-3218;2405;-3720;1753
2272;-1078;-5723;-1597;2318
-2739;-4040;1145;-954;1485;3343
-2785
-4931;-294;1190;6839;-6617
6245;-4475;-4559
2482;986;-316;-1228;-4285;-3503
-689;-3285;5381;360
-3817
4836;5048;3787;-6782
1698;-6532;-2056
4305;739;-485;5750;-2395
5221;3656;2265;-3643;5535
-3714;-5079;4982;1016
3297;5922;-5363;4558;5646
-3821
4928;-3495;-1737;-2510;1039
-3729;-5426;-1011;-5412;4361;-3870
2798
-1650;-5829;6727
152;-909
-5877
-2146;-2772;6685;1038
-4865;3168;-6325;4190
-2741;4733;4911
-760
-3895;1656;-5241;-1472
3632;1226
-2812
-1219;1847;4136;2143
-1826;-4870;2069;-5129;4938;-2091
4861
1873;6323;6852;-378;4527
-4132;-3802
-6104;2076;1213
-6878;990
6545;1731;-951;2009;6794
5574;-1727
274;5244;3453
-1378;6255
-81;6021;6790;-1226;-1227;746
2530;2262;-6394;-6060;1870;-1136
2563;4365
-3778;-437;424;-843;-4012;-4429
-3242;-5195;6622
1816
2486;6055;5532;-5085
-3237;1797;-5549;2094
3537;-3925;2997;-1719;6263;815
3765;-2412;-4844;2687
-3876
1878;-3528;5720;2203;-5469
-66;578;822;-3052;-3184
-3319;1327;-2912
5524;5255;-5306;-2522;-5807
-1354;1001;2186
4446;830;4751
4582;1079;-3704;3113;4957
2097;762
-3942;857;47;-4944
3904;-4150;-1223;2284
1636;2251
3696;3248;984;4585;3019;-5500
4912
2932;4969;-1949;-4110
-3490;-1510;-5127;-5112;6839;4509
-1879;6794
-5969;-802;1650;-5940
-884;-2472;-1019;-543
1909;-3084;5070
-2306;-3833;-620;6701;-1792
-2870;1624;-1630
1856;-4734
-868;-171;-3887
1096;-5197;6140;3919
-33;-3879
-3457;-5576
2327;-5216
-772;4660;-6777
-945;-6487;-5096;-3516;-4128;2943
3919
-2898
6257;-4472;-5609;-2874;4810;1036
1877
3218;3781
6228;-6503;2862;5439
-4804;-4504;-1791
5136;-1204
1573;1454;3983
-3041;-6792;2297;3913;-2366
193;-1175;-4682;4842;4717;4142
1073;-6259;-4343;-1583
1900
736;-1079;2106;2058;2175
464;-374;-6088
423;-3354
6739;215;761;-687
1909
1153;3684;-5127;-5639;-4697;2571
1348;-1597;-4736
5666;1635;-5445;-5591;-221;4845
-2659;-4380
-1668;3178;-3759;3151
-2566;3160;297;-603;2668
-3218;1829;1037;-6703
-5008
4887;2169
5073;5060
-6074;5930;-124;-6798
-886;-2119;88;5887
-3995
-6043
5316;3798
2405;-2103;-183;-761;4636
567;-762;-5805;-45
993;-1641;3577;4142
-861;1789
-6504;-1594
5618;-6649;683;2301
-6050
-5461;-5831;-5131;-3964
-4006
1369;-6250;-4171;-6493;-2798
5184;-1155;-5398;-1566;-5168
-6273;-3233;-5766
6673;-3347;3069;6621;6351
-6003;-503;-6633;1370;-1118;687
540;1422
-3089;-274;-4275;5234;-3804;-5999
-2561;-6487;5031
-3909;-4408;4298
-5379;-852;3877;4314;-5979
-2932;4950;-4234;909;5325
4240;-6215
2263;281;777;-256;2463;-6480
-2017;-897;5763;-1770;-3546;5467
-954
-1684;-4149;1428;-806;5626;3614
4868;-1800;3624;4507
-4546;-898;-5046;-1737;-3069
-337;105;4393;2650;-668;-2111
1985
-6754;-1060;-5913;3578;-3102
5218;-467;1079;3327
3985;-1138;-3267;3307;4222
-5396;-5268;5444;157
6624;-5128;6888;1944;-1452;283
3762;1301
-5570;873;4650;-6044
6338;2531;295
-5070
6225;1299;-400
-3715;-3706;426;4076;1935
2386;-1036;-6432
5082
-4151;6791;-5097;2793;-6588;-4976
5211;-1152
-6108
-3442;1429
257;98;-965;-6523
-6615;-2859;-2780
-5795;-2836;-2795;892;-3773
6000;594;2089;-60;-4556
3013;-204;-6605;3439;-6784
-938;5006
-4339;-4789;-1483;1422
-5282;4050;6325
3408;2665;4141
6819;3240;-2427;6075;94;3583
-6609;2386;-1316;-6585;-2378;4282
-862;-143
4077
6323;2875
473;5657
-6402;6481;2692;-74;-4733
-2872;-4296;1594;6124;5582
-5111;-4922;5098;-2223
-6002;-1158
3011;6004;-5318;-6504;3627;-2862
-3636;471;5384;-2315;-2171;-1824
3066
-2561;6536;2234;954
887;167;-4026;5017
-4497;5523;-3990;2326;6780
