-3234;-34;-630;4923
4908;-1406;-3504
-6693;-2526
3923;-848
-5969;-5188;296;-1353;6440;1674
-2642;589
-1586;-3048;-826;667;-4430
676;-2893;-623;2847
-1346;5860;26;4683
-6385;-6422;-407;-6060;-3264
-6827;-352
3084
-3049;4057;5498;-2572;4270
-1890;-3355;-4443;763;-4702;301
-5134
2544;-6692;3016;1148
-1587;715;-1198
-5156;1684;-3718
4864;1712;-4933;-2647;3240;4954
-2132;948;4437;3109;1852
-5148
-6052;5000
-1634;-2296;829
1508;1595
4420;-3365
-2533;5255;4479
3156;760;-6345;6409;-4015
4291;6180;6014;4030
-6633;-6011;-704
5522;-4462
-6482;-2771
-401;391;-2076
-4917;-1975;-314
4134
-5000;-2046;863
405;-5564
1653;-1126;2309;-5948
-3985;2288;5345;1913;2509;-4959
-3112
468;597;-2441;-2651;910
-5494;3544;6617;-3722;1148
4672;4289;5652;-6587;-4877;-4221
5155;-2277;-347;2639
2722;-1415;-27;2620;-4975
146;5908;-5942;-3783;-3374;-3247
-1570;-5458;-2342;-2582;5820;6079
3529;5741
-693;4405;-680;-4221;2268
6704;-4600
-3641;-6656
5177
-6203
6365;-5279
515;4648;-2029
-3361;-6323;1285;-1997;2717;3517
65
3841;5955;-5892;-6025;-2045
-5190
-4899;3363;1463
-4834;3089;6788;3046;-3481;4682
3072;-866;405;233;-3548;-5517
-1101
-4868;1620;-3976;-1898;-4206;-2112
642;-840;3738;2188;-525
-3078;5209;-4650;3626
-1878;4217;-2251
-4389;3275
4857;-668
-5215
1219;535;-3899
2801;4693;855;-3132
1381;181;3402;2302
5433;5930
5297;947
-3297;177;5205;3254;1354;-6795
-2742;-4440;-5066;-4238
2278;489;1179;-3037;2349;-4384
5937;-1261;-2527
-1457;3682;1849;2172
-161;692;6424;318
-3994;-5328
3181
-2163
-5523;-2231;-5767;2088;1256;4940
5792;-3042;2152;-3133;61;335
-4595;-3443;-2684;1388
-1395;6021;-5771
145;3188;-3658;2157;-1711
3685;2360;-5739;-1452
-2145;-4115;5352;2346;-5660
6085;-120;6535;-6488;-3627;2860
1680;4883;1587;5749;-2509
613;-3718;-1834;-538;-4893
2427;-6653
256;-2354;-3909;2379;4782
-4228
-132
2181
162;-597;-5717;6285
6278
4230
-1159
946;-6358;3926;-1722
-136
2838;-1676
-4035;-502;-3766;1750;2494;1871
-2946;-468;-3195;-6333;-3582
-2580;-6777
1105;3845;-3450;-1130;-5631
-2658;-1878;-2774
-433;-2257;1531;-1228;-3837;-2110
-3461;1269
-1665;-1763;-5359;-6720
2339;2548;-566;-1307;4301
241;-6674;5826;-2378;6204
98;-731;-540
-5012;-1559;966;6342;-2935
1712;769;5463;5192;6350;6270
-3590;-1223;-6727;-3098;-1904
864;4328;5210
-2568;-4393;4410;3738
1713;-5975
6050;-1860;1461;-4073;6299;-3614
-4289;-2370;6693;1158;-1024
-2907;-6480
-6276;3032
6290;-5574;2327;4298
-1009;-5406;-6047
4240;4354;-1945;-3402
2032;1814;3979;-4576
2740;-1032;6345;6463
-3426;5448;-6303
2823;2622;-6656
5908;3352;6411;-1148
2235
-1332;3222;-7;-5145
-961;-5572;-231;5704;-4557;-1742
-5717;2871;654;-6192
1009;-1474;-5111;1721;1615
5168;-5553;5284;6774;-219;-2047
-2307;6595
-5922;4850;-2120;-3146
-1655;5640;3097;6027;2045;3471
-4291
516;326;4472
-3284;6550
4531;-20;-218
-81;-773;1641;-590
1383;-5677
-3475;6808;-3259;124
-1223
-6194;5139;6374
-3273
704;5216;4388;2822;-5469;2780
5321
1649;6023;-2351
1348;-6671
6745;-1421
-5372;3116
-2681;-3004;3627;5340
-187;3470
2304;6001;5233;-5139;1766;2334
1140;3609;5706
5861;-5418;4762;-2412;2525;-5102
752;1028;-264;-5913;-941
4636;3678;-2976
-5361;-1003
6022;-648;2537;-4620
-6488;-4904;-1209;1594;-6622
438;-2043;-3998;5823
220
1245
-5122;-5340
2133;4233
-5241;5017
-2737;-754;194
1186;-5492;-4057;6088
2372;-5221;-905;-186;2686
2584;-6235;2300;-637;5677;2685
5175;584;-3723;6795;4157;-464
1389;2943
-5047;1737
-4950;4744;2888;-4970
-2984;4248
721;2115;4927;671
-1778;-1188;-4394;3805;-5296;1439
4341
-3323
3232;-842;-1116
-2397;-927
-1221;-3606;1083;-1629
5169;-114;3203;4283
-4163;-6473;5596;-1360
1267;-2694;-6824;3899
4128;1124;1147
3327
6641;-6249;-3724
-3041;-4610;6706;4278
-5299;5205;-938;-5375
-769;1072;-5298;5304;-6716
-4359
3306;2077
1624;-826;3564
1290
-3108;1444;4028;4046
2496;4017;-101
-6038;-6522
-1297
-3346
-1908;2933;-5895;1271;3883;-1583
-6053;6567;1960;-3774
6421
6001;-6643;371;2280;3391
3331;1049
-6282;3210;-1836;-1711;3358;-4192
5333;-4024
-5;3989;4494
-4820;6791;4536;-6636;-5278
-3359
1458;-1167
-4388
5541;4991
5568;292;-6261;-6732;-6014;3631
-2350
2689;2884;-150
-3235;-2983;2651;4895
5601;4738;-5814;6570;-5006;365
-5431
6320;-2451;-6228
-4151;952;-1130;-4175
314
-4515;4676;2404;4342;-3784;1290
-5199;1806
-4753;3459;-2020;1908;-965
-1907;-5371;-3676;-6717;-3134
704;2695
884;-908;1375
-785;-823;-632;5928;-3275;939
-4721;5478;-393;5721;6794;763
-853;-4377;-2269
3440;-3394;387;2585;-6363;-1084
6479
-1761;3185;-3283;6882;-5949;6382
595;4435;1450
-1363
-805;-4489;858
6549;-6215;1161;-3884
-5193;6558
1366
-5521;5362;5460;-5206;1273
754;5283;-2871;6559;1887
1374
-6849;1221;-360;-3486;-2974;1855
-6849;4447
-1379
-5892;3484
3731;-6438;4092
-1697;678;-216;874;5197;-5199
-1013;3495;1977
6510
6195;726;-4280;5145;-6861;-557
-1299;3250;-6070;-1373
-2212;3399;-5800;-4862;5005
1140;5111;-457;-1004;3775
-1642;-3855;-432;-2368;-4368
2115;-6773;-6568;313;-5580;-4365
448;6636;4557
-449;-6074
208;-3;-5765;-6553;-2604
-6774;6747;2141;-6591
3453
1953;1859;-4741;-855;2763;4523
-1032;-5757;-1789
-4083;3481;6092;-624;-1408
-2290;879
-1684;3018;-2747
-1779;3798;1272;5817;-1549
1415
6871;4007;-1658;-635
-394
-2453;2615;6696;4799
-3468
-2801;5939;-5582
2625;-2947;-2839;-5049;-2828;-4720
4770;-6020;-3061;-2232
-1424
-1429
-3745;6265;-2926
2517;-2749;-174
32;-3300;-1973;-1309
-6553
-1334;5839
753;6709;5238
753;4166;5831;-95
-3377;5317;3885;6878
231;-5675;5023
4866;-1476;-2421;3324;-2848
612;5624;5450
-3336;2911
-1829;-822;5034;-539;-3694;-4720
3619;3573;-3147;-2732;-2638;-2174
-2689;-1057;-1895;4189
6595;1163;4155;-222
5042;-2549;-2064
-4597;5478;1208;-2281;-4942;2654
6289;4853;-4007;-1757;175
1344;5091;-2838;941
3314;6649;-4781;1404
-2492
-1782;757;-3517
3525;-7
-1393;2864
3522;-4858;-3933;-6446
5060;-247;-4183;-2442;-2736
-2502
1905;658;6354;-457;5307
4548;-1436;5535
-2504
4194;-5675
4499;-6708;6468;3366
-6604
6784;-712;6682;1019
-2511
4559;4095
-5488;-3168
3761;-3638;3398;-1932;876;6191
4514;5413;-5415;-2089;6234
-754;3379;404;-5318;-9;2767
3265;97;2579;-4894;2494
210;-2345;3628
-4420;661;-1833
-6770;-4563;-21;-1078;-6088;639
-835;-2712
5569;-6756;-5973;-120;-4460
2048;6181;5560
-3218;-740;-1640
2081;3703;-3210;5034;5162
1507
3706;2922
2533
3092;-5301;2664;-3742;671;4127
-488
489
3685;6091;1803;-3486;-6576
-6638
1426;1925;1286;-4142
-2070;4344;2319
-3570
-2131;-4512
5232;2058;1403
-1636;3161
3698;6006;-1502;3567
-5746;-1330;-1127;6217;207;4335
-2915;-2459;5772;-3087;5246
2198;-1688
-5091;-3875;4803;-4389;90;5902
-1713;2037;-1802;-4298;3215
-3713;-4820;-2905;1803;-1119
1584;3746;-5382;4503;-2105;-2861
6661
-5639
-402;5018
-2579;5075;1411;-5046;-408
2769;4867;5606;-5483;-2190;1101
-1345;5601;-2518;5851;1132
-5513;-1145;-3088
-6679
-6405;-952;5655;510;-3439
-4150;3781;4902;-1150;-2847
-2113;-6616
-1561
3780;-613;2920;-4526
5142;-985;-2506;-4240
548
5360;-548;-3511;4367
5332;-4021;4023;1383;57;-6223
3313;4407
-4692;4686;558
-2609;4500;-6806;4781;5807
4560;2085;-4838;-4071;1211;-525
-6002;-3445;1933;4911
-5975;2346
-449;-3603;5783;2651;-6813;-3246
4769;3299;-6104;-4333;5997
1157;5225;-1676;-6142;877
-2610
-2360;6491;-3567
6710
4625;-2324;-2868
4512;-2481;-3704;-6367;-720
-4643;-6166
-4818;-2710;70;1769
-6163;2035;1941;-2310;-5289
-437;519;1819;6222;-4480
-2642;-4995;483;4644;1485;5693
2640;993;3236;5709;4845;5678
-3989;4473;6239
2704;6438;3678;5167
-4519;4092;5103
5841;-4342;3180
-3075;2642;1159;-5645;6302;-5039
2514;6775;-2558
2636
3953;4829
1728;5704;-3881;6255
-6736
6307;1405;-6096
-594
2194;5734;-3591;-2170;2523
5816;-3658;-539
-6404;-1351;-2922;-3535;303
4547;2196
-5235;4344;-3807
-3601;-3428;6757;-3783;7;-650
-3473;-3570;322;-3972;2932;5110
-6749
784;-792;3433;4796;-2077;6749
-2642;-3309;-878;79
4596;6826;-6718
531;-6757;2872;-5674;-1788;989
-4497;-1617;-1125;6261;2890;-6619
5251;-2591
1520;-2920;3035;-1502;479
-5537;-6532;5435;-6396;-6016
-1146;-588;5419
5840;-2982;2028;2700;-4766;-2206
3814;5768;5369
3954;1781
5448;-735
-6762
1373;3342
-4051;-2228;-2567;6329;-154
-2672
-6775
-5752
-1656
-4728
-3705
1661
-100;3622;278;4153;538;-686
2565;2886;-6216;1480;409;3609
5202;556
6272;-5507;-3059;1187;-2042;462
1126;4188;2493
-1664
6064;-3731;-2010;5066;-2702
6585;203
-5557;6202
-3284;-4534;2504;2617;-3070
-4230;1141;199;-1196;1390
3344;-4515;-358;-4326;3149
-166;6678;1736;-6107;-2800
-695;-5800;3799;5403
-3526;-5526;3272
6550;-2329;778;2379;-5695
2266;-5324;2396
3737
5472;-5091;-4406;2604;-4367
-3923;1512;301;-4704
3010;3494;-5833
3971;-3286;4087
1208;6637
3873;5586;-169;155;-574
214;4905;4779
682
5637;165
-3779;-1769;-3647;-2752
-6829
5299;6230;-2651
-5811
695
3767
2626;4036;3717;2538;-2845;-5279
-1572;-3801;-6014;2494
-2194;-963;-6766
-708
-5828
4825;-6558
2293;-3179;5115;-1246;4895
2759
3785
-4643;4787;2372;-6488;5711
2754;1033
-5585;4577;-2167;-6584;2456;4537
-5505;545;5041;638
6790;-2318;4061;4478
-515;-2408;-377;2108;-1581
-6506;-363
-3441;-4069;-4136;-472;-6747;3803
-5846
5344;-523
1753
-371;-6392;-5418;1211
3214;-2607;3199
-4049;-3765;6198;-569;4587;6525
-2245;4009;4095
-4745;5898;6299;-12;-1581
5536;1299;-117;-2277;4696;-2252
51;-2552;6315
-321;3522;4914;-3293;-2031
803;3624;3485
5670;-6415
1184;-1377;-6609;6886;2713
-4723;1963;-4364;-5293;-3694
-4642;5393
1232;-722;-3571;-5897;14
1587;1299;2167;5113;2873
-2450;-2851;-211;-1386
1825;-551;-1847;135;-3560;3243
-1026;-3715;2884;3814;4858;-940
-1602;-4276
-1139;5158;-4778
-2052;-5719;-4024;4891
-114;4900;-5847;4892
2764;46
2336;-4965;3192;-5422
4785;3510;-3639;923;-1996;-5372
-3153;6001;-776;-539;-768
-5572;-5693;-767
960;6338;147;3913;-2205;-2240
496;4450;-4176
6570;-4027;-749
2549;4294;-6106;-1485;6639
4354;-6394;-4876
6275;-1767;3434
-5896
3907;3013
3601;1942;3078;-6135;2249;3212
6691;-23;6727;6027;3885
-3426;-6573
-451;2084;6809;-4684;-4542
-2305;-3193;4617;2556;-750;-1711
-1058;961;-4517;-3226;6030
6869;3133
-3555;3734;-2681;6361
6211;-1988;-6036
4784;-210;316
-806;-3192;-1497;2556;-6048
-5348;2167;-2735
564;-1973;-5175;1496;2317;6638
-1636;2662;631;-6267;-5404
-769;3298;244;2358;-237
4609;5170;-2038;-3078;1597;6829
-422;4296
3875
4401;-1435;-2701;3612
-677;3958;4154;1932;-1391
-273;-4611;6297;-3246
2260;6361;2431
-769;-3282;-4198;-4902;4629;6681
-4308;-3383;-5240;-2877;6830;3038
5363;1959;4568;-812;5101
-2234;-4189;-542
-3271;-5500;13;1151;-4480
4768;5939;261;-695;-3661;-3741
-2284;-1612
-2034;338;-100;-2100
801;2738;-667
2177;-3445;2390;-5278;-5887
4608;4965;4250;5435
-2163;-5623;3948;-2110
2739;-4870;-3944;-3048;-2331;-6783
-5951
-6113;6694;-1833;-1161;5644;-5086
-5666;-1253;-2107
-836
1074;-1207;426;-4667;652;4558
4626;4742;1708
-5506;1613;1438;-432
2563;184;2697;-1581;1519;-3520
-643;-4411;4427;4540
-2891
144;5059;-4725;5485
353;-4271
1539;-4070;-1146;-1134;5662
-4482;1178;4157
2275;549;5577;-4666;-5615
-6523;-6587;5086
2054;-4782;-4272
-3122;1555;-6582;-5097;-6026;6123
-5812;-169
-6515;5813;-6304
-4961
4257;-1849;1530
241;4724
-705;4388;1509;-6155;2859
1857;1666;-2468;-5676;-3709;-5855
-1898
4372;4696
5857;-1075;1943;3367
6710;-1736
656;4319
-3862;-311;5512;-4233;6302;543
963;6187;-2175
-1905
-2808;-5242
-4118;-2967;5417;3274;4395
5992;3291;4911
4080;-5467;2269
839;6855;-1691
3959
6008
1155;5924;-1413;-2730
-893
4260;3108;-182;-6682;-970;-5547
6822;3287
3794;4267
5904;3186;-5571;-5283;-1179
-5859;1493;-6647;-5642;1422
6706;1302;-1992
5751;6409
-4936;-4988;-5310
727;-1626
-3123;-6686;4206;4703
4729;634;-1390
-497;-2019;4316;-5774
905
1187;4083;5875
3056;1945
6435;-820;1434
-6421;-6198;-4567;-3178
-4530;3621
4032;-2695;2617;-5645;797;-16
911
-6229;-3002;4667;-3520
2880;-1092;5157;-1933
1143;2846
1728;-1674;-5277;-3024;-1888
-3427;4347
-2970
-1204;4852;2393
6052
275;-4582;3374
5380;983;6858
-5032
5623;2039;6716;3326;-384
4013
-5038
2738;-150;-623
-988;3245;-3199
-5091;1943;4090
-758;4775
-6067
-2999
84;5063;3225;6633;2330
-3194;-5951
5714;6293;6599;3992;-5262
953
3808;-118;2439;-1036;6315;4908
1664;145;-6194;-5796;4316;4908
-522;-3194;-2363
-261;-617;2940;-3023
-2226;-3621;-3308
-6083
-3988;5305;5836;-5166
-3013
-405;4279;-1547;-3261;-6510;-3776
2787;680;6059;2719
1239;-2616;1367;-6092
4376;6846
5363;2566;-4062;5310
6105
-6108
-2643;3602;-1109;-4314;-4717
-5333;677;-102;3769
-4964;-983;-4024;1816;2521;-476
3038
2192;-5617;-6661;3659;4316;95
5696;2578;3779;5160;-5005;-6093
-6004;2728;-3547;-1199;5999
2023
-2105;-6235;2220
724;2631;2827;3404;-3229;-4333
-3690;-5626;2780;3487
-6753;2505;461;-1311
6599;-4201;2280;-478;-3198
-2028
3051
-4996;-453;-4774
-2904;-6297
-5619;332;-5966
-4822;-2335
3443;-6824;-2288;-464
-5665;5170;-4275;-1365
-163;6093;1631;-1424
-3069
5329;4834;-1303;-3744
-182;-3113;-1630;-192;1519;-1520
6146;3988;2646;-1806;-735
