-2133;2486;-572;6367
6709;998;4327;1099;1211
-4338;3698;916;-6314;29;-3216
-3025;-2907;-1373;604;-6623
3441;-2535;-2125;5326
-4024;6764;-5824
-1539;-5718;5477;-5880;5599
-5979;5838;-4992
-5748;-5028;6140;414;-3984
4739;6452;-6296;-4969;57
-2066
-3780;4276;-1482;3052
3090
340;-1493;4887;-6826
-2434;-3283;-4611;-3047;43
-904;823;5127;-927
4358;-238
-25
24
-6354;6326;3130
3103
-3106
4451;6443;-4716
-2275;2133;5303;1019;-1024
-4137
2553;-2511
5682;85;-6842
2163;-2214
2728;-6876
5173
4057;93
-5572;-5748
-3137;-6364;-5918
-5299;3026;6373;4954;6605;-2287
4112;-4242;-5881;6858;2077;-1839
919;-856
4529;-2482;1274;-4252;-4253
1296;-709;5044;6230;823;-6475
5302;908
6432;-308;-5973;-3399;1880;1434
5717;-3770;-6714;-3229;-1295
-5366;-4953
-3521;-6772;-1371;-3373;5741
-561;-3844;3683;4900
3156
-1329;5153;4452
4359;1240;-1293;-4221
6624;-5515
2464;-5747;-1593;-6478
-4296;-1819;413;6815
5761;1768;-5241;-5452
2140
-1089;-1053
-4190
-5825;-4509
2177;-5304;-4139
4196
2560;-1928;-2218;3306;-2845
-6801;6738;-471;-3032;-1657
-6433;-2371;6499;5481
-2264;729;2667
5155;180;3048;941
-6193;-4584;1693;685;4223;5311
387;-1959;-1741;-896
546;-2644;-139;3373
229;3080;3368;1628
-2267;3405
-4267;5406
-2149;6360
3570;-3211;4878
758;-2189;1548
-4218;5085;-3039
-5013;-104;2492;-4046;-2462;-4304
2320;-337;4950;1274;-2398;2511
-514;-4468;-2315
-6231;6361;5119
2946;-5125
-3396;2234
-5320;4155
-3889;4029
6285
142
1377;-6838;135;-5341;284;-3072
3841;1062;4679;-5342
1776;-4147;5587
965;-1110
403;-1484;6347
4867;420;3066;-1835;5308;-5535
2196
1264;2769;-3299;-1108;1546
-6625;-194;-1784;-5997;-6079;-4047
-3201;-5686;-4150;5068;3980;2815
-2433;1377;-2168
4001;3633;2757
-1249;2227;4998;-3002;4347
-2760;971;-1437
2576;-1093;2967;4345;3646
1953;4035;-2773;4660;-4639
6706;-2445
4546;5107;2740;4437;2249;1567
-5505;5284;-4363;-1727
5509;-2902;4394;4430
5569;6886
-555;-3340;187;-1581
6681;-5485
5241;-5866;-5551;-4511;-1855;-1968
5696;1092;559
3842;2326;743;-5369;686
-5302
5302
5618;-5222;6565;-296;-2553;3241
4848;-6388;-6838
-1268;1879;601
-2117;5782;-4397;77;-5374;-2352
1920;6460
2873;-1659
5409;-6210;568;-5244;6703
-5324
3744;403;3908;4295;1166
-2977;-3080;2730;-6443;6492
-1715;5859;5045;-4520;-3307;2941
4256;-5853;3853
2720;-3634;4427;2331;1533
3570;-3013;2106;2666
6848;-5545;-6091;-2591
1969;1656;1705
6355
-1043;6802;1269;-672
5827;5928;745
4293;200;5819;-1805;-6240
-3186;-4402;2258;4002;2572
2278;-714;-5883
2768;-4801;-6382
-5873;-4908;1341
-6835;3426;307;-325;-893
163;1085
-214;4534
4484;860
-116;-6854;-1948;-3596
3441;963;5923;-522;-3435
6163;88;985;2298;-3853;-4430
-5349
5333;5575;2634
2280
-4884;4628;6552;-6188;3198
-2226;2566;6087;-4793;3722
-4915;-5257;4814
-4820;4582
-2242;1522;-3364;5047;-4729;-5691
914;-6278
-711;-1581
4416;-4662
5878;3583
2448;-6659;770;1145
-3953;2179;-6134;2537
2755;83;6148;-1447;4999
624;661;6262;-5744;495
-2930;2615;-1984
-6395
820;-5095;5549
-4597;-4918;2156;-3133
-2300
2702;623
3827;-793;-5050;-3149;-3950;3741
-6453;2551;3800;-2011;-3262
5737;5658;1371;-1248
3815;-5497;-3885;-1998;1165
112;4036;6613;-1975;5014;-5352
-5379
3931;-1439;-3776
1284
-1783;4091
-187;-6781;-4557
-6529;-3078;-103;4761;591
-6051;6316
-1843;2181;1286;5017;2187;6797
-5389
-4365
-6299;5595;3022
5329;506;3675;-428;-333;-5405
5392
-2916;5926;-688
-4914;6212
-1303
-1190;3016;-4154
2080;1648;-4226;-3671;-3532;252
-4500;1143
-4382
1735;602
5936;6818;1686;-1721;-5308;5166
5508;5160;1467;444
1044;-3623;6519;3020;-4702;-942
-4678;-1639;-5802;3310;-5824
-4418;-5173;-2953;-3114
-5012;-3396;3653;1366;-1007
1324
-2131;-5339
3760;2961;5412;2886;-5162;5805
2339;1126;4921;3870;6479
2352
3154;-6836;299;5740
1956;-6774;6745;-2990;5565;5023
1298;-5316;-2198;-2046;3855
2201;6301
-5560;-1515;4059;2733;-31
4834;6123;4716
-3187;1858;-3528;3148;-6797
1517;4285;-1392
6710;10;1788
-5398;6535;-1456
5439
4689;-5701;-646;5819;-764
6753;-5127;751
834;-57;-2537;2504;-3132;3742
4689;5458;6567
-4225;-4741;4742;-4136;4188;-5376
-6354;-5623;-4359;6714;3146
-3077;-328
2417;2646;-1289;-2091;3770
-3521;1761;993;-6246;-5420;-6336
2385
-5667;-5797;-965;-665;5866;-4380
5521;-6566;-327
-6312;4940
5232;3332;-3097
-3938;-6653
-6513;-1378;1415;4072;-3068
5744;-1189;-3830;-695;-2856;1448
352;4500;-373;5992;4200;-2029
-1380
-4147;-4468;4486;5050;3466;-956
-834;-2105;-6794;4205;3695;-5696
-4354;-3894;3207;6828;6767
-4739;-1768
-3798;3529;-1120
3350;86
84;6134;-5882;2078
5073;3173;-295;-5980;142;-1743
6112;-422;5015;-3726;-4239;6847
-4178;6597
5668;-2727;4248;-6494;2751
-377
-1393;3168;-3401;-3967;5215
6401;-1173;4366
-4466;1300;-937;-5929;-587
-6274;-6531;6355;-1142;2938;-2893
5499
6601;-6221
-5106;-5523;-839;473;-1674
4774;458;4366
-3521;-5611;652;-5215
-2424;5098;1805
6596;2407;5959;6623;4399
-2545;-313;-186;2329;4172
-387
3720;-1609;4650;-3227;-76
2150;-5610
5063;-1227;5548;5741;6766
5991;541
-5795;5396;4584;-6652;29
-2305;4723;5062;-653;4125;5822
1250;-4140;-5696
-1926;3814;-4123;971;4348;4478
1504;3315;3894;-4729;6060;2638
2443
-4168;6104;509
-771;-5776
1472;3;-1608;1963;1644
-2529;-2426;-2731;-6860;829
-6713;-4958
-2401;2529;3106;-5427;-42;-1246
880;-6694;5223;983;3608;4601
-1331;-2153
1618;-5103
-5079;-2424;-5198
3873;2685
-3487;-2048
5535
-2465
-3442;-3781;5845;6457;-6203;-3392
-3042;1826;5988;3109;4998;1878
-5900;-6559;3839
-5549
429
-2480
5520;33
-5798;-2832
1925;1990;4635;1838;-1759
-2310;-379;4155
3877;2631;-2187;4315
-3637;5477;5239;2585
-3094;-6471;922
1154;5576;-6175;-3055
6596
4774;-2121;-298;-3754;4923
-4550
-932;-758;-812
1744;6610;4649;2810
482;4185;906
33;-488
-6779;-4684;-256
6850;1746;21;-807;6156;5948
3553;2487;-409;3019
3531
81;4857;-2622;-1856
-3219;-5846;-3543;-5262
-1971;4420;5541;1113;-1470
5875;2739;6885;-4780;-5133
-6145;-3538
-6771;2206
3456;5888;-4261;2346;-2864
-2376;-4969;-3593;-475;2751
4260;-4871;-2889;6281;5886
-6628;-2053;1032
6626
3218;4387;27;-1005
-5778;3365;3526;4491
5093;5351;1114;191
2265;-2031;-2768
4582
2167;-5401;-2409;4489;4717
5202;-5574;-2620;5531
6513;1460;1925;-5340;-3614;-4510
-5615
5218;5516
-4506;-4026;-5339;2108
-3064;4237;4445
5462;2663;2953;4062;3791
1664;-1028;2936
-5110;-5465;-1562;-4750
5284;1909;-5848;-6124;-3917
3523;3190;-3447;-476;-5342
-1046;-682;-2028;-2432;3631
-5876;4343
245;1333;-6183
-4065;914;-6328;2711;-4824;2890
1988;40;-5691;-1967
-6655
2112;-1314;1734;5543;999;-367
2931;-368
-4355;572;3263
4690;-1099
1544
-582;2700;-5711
-6097;-1717;1710;607;-6288
6669
-2628;6595;-4154;2713;-6124
-711;-4090;-3452;4605;-4047
-530
1827;4776;1242;1038;5983
6577;-102;-5705;-2491;-2907
5344;-3784;-3468;4444;-2590;-6623
-2145;-4835;6040;-2092;-1598
533
534
-5138;-2344;-5341
-1267;-4452;-964
6658;-2425;-794;3246
6113;4306;2645;3562;4026;-6797
628;-3351;-1917
-6689
338;-6870;-1512;1978;-6575;4927
-1937;4404;-3013
-6859;3436;1340;-3566;2030
-4644
-3620
-6119;6667
-2002;-6678;1030;4854;744;4650
3056;1379;-6011
6619;5437;-4366;6174
-1361;-905;-1567;3279
2944;-3027;1363;-5349;-4937;2302
-5954;1157;213;5767;-1743
3874;-5466;-6459;-2750
6595;3139;3703;-6046;-687
4260;6472;-3002
-3393;-280;4235
3634
-2613
-659;-1946;-718;4911
-291;5445;-4730;-3037
-1171;-6068;6661;-1479;5447;2297
-2343;1772
578;-4838;5590;3530;4239;-5456
-6273;6353;-6066;855;2637;-5247
1697;4355;580;-2745;2829
5873;3623;-377;3996;-3327
-6290;2658;-647;-2073;-2187;3868
-576
2785;2198;3899;-4208
-5623;-4173
6024;-1629;2332
5168;-1986;-6212;986;-317;-2319
1393;6433;3131;412;-544
5120;5080;-4717;1453;-2255
4243;-3112;-4219;-2764;-5998
-1612
-690;6582;4363;1596
-1616
3232;3754;-5101;-2479
1617
-5891;-1733;-4234
-3043;1794;4873;5931;-416;-5472
-5450;-2460;-5999
-4693
1377;-5527;5931;-1184
597
-1569;49;3892;4372
4544;-2129;-1125;-6375;-1966;-5840
3888;-1944;-649;270;3998;-4960
5841;-5653;-4021;3254;-26
-5726
740;3753;-763;5213;382;-528
1280;3074;-1701
1428;203
4933;6711;5018;3402
1394;-6469;-3726
-5889;5279
1268;-5192;4635;5020
-3256;-4525
-1637
-1860;2660;-6810;-4844
1344;-4785;-3873;-6613;-3993;6041
-1642
-5738
6018;3816
6033;-4581;-2071
4034;-4517;-3622;6120;2350;4447
-6102;-3736
2322;-6871;-3241
530;-5782;1622;-2112
-2671
3696
2962;1758
-1474;4930;5940;4106;-3773;-912
2673
-2161;1986;338;-6107;-828
-6021;6108;-717
4820;1477;-1048;-4618
5538;1971;-6877
3237;-5353;1641;-3502;3421;-6222
3716;-650;2937;4796;6637;2654
-2689
2690
2225;5729;-1704;1481;-5596;5676
-5089;5281;-3254;117;2296
-4747
2514;-2067;307;-1239;2504;681
902;774
-721;2994;-5178;203
-3955;1171;-1967
-2040;-3385;-3995;4830;1887
-6355;-3517
2416;6437;5400;-3146;4909
-4759;-1020
-6805
1360;2373
2640;-3380;3639;-3017;2732;-1952
1985;5752;1291;-3166;-6623;6543
6000;2132;-1141;2376;4636;-3101
4129;6819;-1590;-3015;665;2873
4762
498;-4885;-1063;266;5259;6735
3059;-4597;503;6263;-3723;2238
4768
673
6819
-609;-3158;-3534;-6688
4531;-3012;-836;5115
-6230;-1065;-2633;-2109;2142
6496;-4259;3084;2527
-1202;-899;-4087;3453
964;3173;5717;6725;5529;-2989
5280;-1176;6823
-2852;-873;-4397;-5934;-6095
1366;-3833;1480;-2938;4237;3455
4810;-636;620
6843
2982;-3529;-3227
-3368;5095
-1729
-2534;4969;-4670;846;3119
-2755
2113;-6102;-4889;-1049
6245;-5543;-715;-3772
972;1789
-1738
-564;-152
4813
-1553;-1213
4277;-377;-5337;5945;-718
6288;-6772;-3829;2741;-4268
2768;2305;767
-5702;-3930;430;-2783
722
1704;-4478
-3009;-1874;-149;-2406;6234;476
6610;-153;3807;-2368
-2295;-5418;-5306
-4597;4661;-4892
5313;-2877;5469
2533;5527;6792;6365
-5794;1979
-2372;-2102;1000;1688;-3054
-6518;3880;6027;2476
-5236;2291;-6651;-1536;-3952
-6757;6007
3064;2441;5662;846
-4228;2532;3013;1689;-2255
-6731;1323;4654
-753;4515;-37;3221;-2841;1771
-5048;-1465;-6059;2714;765;2191
-4859
3922;4341;-790;3527;6279;2941
-3837
-502;-3341
5844;2312;3772;3084;5215
-100;-2340;-5319;540;1327
-2018;2983;3882;-5371;-3325
-3850
1488;-844;-5453;28;-93
-562;3953;5762;4389;6295;6540
1221;-2297;-730
6305;-1733;-6214;-4234;-6173
2960;-1924;6358;-1272;5211;3790
-1141;790;-696;-4861
-2837
-1813
789
-609;3840;6561;-1260;-3647
4516;-5306
5910
-2033;-2854;-5482;3595;4732;-4895
-1510;-4230;-4107;862
1872;-4387;-2854;6430;-4927
-6547;2679
-1652;-4472;-5022;4205
-837;-2742;5080;-4346;-6350;3278
-3954;-4015
-3140;4835;6791;-6633;6537;605
755;-3771;-2909
-2643;568;-4382;-3567
-211;-2564;1333;-2122;-3391;-1024
-3885
560;1106;6852;1861;-1083;733
-5267;5891;-905;-1420;6619
-113;5893;1861;5470
-3175;-1111;6135
6051;-2088;-2682;6525;2239
5951
6560;-5066;5482
6320;4178;6402;4413
-826;4733
3907
6852;2645;3849;-6252;1100;-5310
1866
2961;1107;-310;4343;-845;-5389
-3916
5964
-3097;-5931;-2444;-640
2707;-2282;-3322
-3281;2209;-2355;1749;4574
-850
-2692;-1231
4433;627;-2391;1035;221
160;-5922;-3427;-1206;5626;2890
-855
3812;-5675;6814
441;1049;4729;3853
868;-1197;-6672
272;-4545;3415
-4776;5897;1786
5890;3443;-6072;-5083;-4158
-4998;-1242;-1866;-4779;-6844;-3663
-5794;643;660;-4252;5467;4139
-1041;-6433;689;2603;-3853
4964
1137;4148;-262;6247;4959
1940;-2648;1578
4241;785;964
-6727;4474;-1692
1648;-3547
2821;6663;4411;-732
3569;584;-3277
194;-1098;-1226;3006
-5892;-5269;-6454;485;3965
-534;-1368
3943;4105
-757;-841;4667;-140
-5412;1141;970;-1678
3810;-3651;-1220;-5966
2656;2113;-4932;2067;-3157;2136
-2086;6310;-3736;2713;-861;2639
-2820;-4780;683;-4541;5613;-1184
-2689;-2978;1380;4358;2861
-4983
-5556;5701;-1514;-3614
1514;1421
5403;1628
-4609;-2705;370;4008
-1957;-5078
3760;1622;2985;2765
864;5668;1108;-6747
-241;2482;-6564;1478;-1962;3913
-2669;4588
3970
-4835;3495;-3546;4842;5038
3717;3327
-2228;-3148;3500;2876;4605;-3678
-2952
3458;3397;-5737;4094;814
1931
2129;197;-391
-5032;-5067;-6175
-3650;-6438;247;1758
2962;-3203;-4454;-3832;2634;-6287
-3577;-2649;2264;-990;-6207
4082;578;-6052;-1769;-4217;1339
176;-3576;6381;-4927
6216;-1178;-2909;-4877;-2623;-1696
208;-5349;1145
4852;3028;2151;5229
96;-710;1560;-2862;5917
3525;-330;-5149
5025
1601;-3414;-1167
-977;-867;-5541;5333;-2694;-286
5609;-4672
2100;-4063
-1874;1651;6282
80;-1741;5085;6733
2721;-1414;-935;168;-2828;-3775
-1977;-6249;-362;5595
-5042
-6690;3811;-6261
-5737;-252;-6224
5830;-3336;6647
-6078
5367;-1338
2951;-1818;-5166
1633;-2052;2310;5063;6297
-1682;3799;-2409;-3322;5946;-4320
-5062
5061
5093;3547;5915;172;6380;-3757
-4241;2459;3515;-3901;-4944
-4321;-5864
-2649;-76;6060;-142;847
-3765;747
3684;3877;1516;-6653;-431
2967;-1306;5453
5667;-3673
5067
6091
-627;-5257;89;6767
4997;5766;-1599
-4049;1286;-1161;-2634;1487
-4417;1555;3837
-4098;4530;2227;-2613;-1926;-1146
6256;416;-4150;-3351;-1001;-175
-3179;3324;652;782;-4960;-1696
-3627;-1006;-1470
-3033
3793;2818;2566
-6194;-5032
6579;3143;-234;4812
2448;-4828;6364;3149
-6470;-4762
-3078;5306;5085;-2608;3455
6468;-4568;-2894
1860;4837;-246;1017;-1435;-4013
562;1490;3126;-6825;-1162;5854
-3206;-1832;-5195;-5101
-4070
-3060;-5912;633;973;223
5381;6518;-6489;2651;620;2557
2546;-4979;-328;-5898;492
5186;4890;3211
-4914;-4587;5211;3646;4719
-1795;5893;3543;-3565
4930;-2279;-4508;3887
4420;-2491;-6013
-1763;5797;-5517;463
-3867;-3326;2782;2366
528;3443;-4120;-4970
4595;-5813;2758;2554
6225;4853;-6791;-1148;1980
6773;-6698;-302;-2590;-5375
-5315;-3804;287;-384
