-1
2837;6437;-2007;2973
321;193;4467;6387;-6248
4097
-3925;-5294
-4406;-6166;4040;1407
-819;-4307
-246;6037;-5239;5597
-148;541;6781
-1345;6473
3081
-1958;1947
-2677;618
935;4200
6159
5352;-2650;-5792
3492;5529;-3931;-4048
-4724;-1590;-3945
1413;5127;4743
3649;466
6752;2257;-4491;-6252;3805
1282;-198;-6183;-4584;-5913;-1837
-1560;2682;-3326;-895
-3538;1319;3240;5150
-5665;6243;2489;-4349;2333
2576;-2949;-5836;-1468;6092;4685
4124
5331;-3765;2356;22;4745;5675
-4181;-6887;3374;-2880;5423
-1314;-715;2059
-1256;-3896
3872;-3908
4262;-4298
-386;5234;-4851;-6756;1448;5274
819;-3734;4553;1471
-2601;-3582
-294;-538;3947
3283;5621;-2716
1546;-2188;-4621;-5023
6512;3684;89
1797;2347
3552;1988;-1735;3702;3834;-28
-6707;4614;3167
-3219;3204;5976;1258
6821;4534;1033;-4749;2653
-4489;-4781
-3106;708;488;830
995;-3621;-6039;2424;4812;349
480;3409;-5540;3892;4982
2853;-749
3131
5788;-2656
-5184
883;-6053;1556;-5126;-3903;-2783
-2017;6250;-3822;-2527
804;3861;-4733
2697;5033;-3564
-4498;1657;5135;-2224
-1990;-1661;2556
4869;-4798
6216
4800;-6692;2989
-1085;5629;5229;4639
-963;-919;1098;-2092;1775
1952;898;6203;-1900;5981;2303
3425;983;1193;3962;-269
-6500;3443;-1529;3816;-4432
-5363;-293;-2089;6665;6842;-2607
2870;-1159;4504;6156
-1110
-5477;271
4338;-412;-2816
-6439;4295;2408;3919
-5208
3105;3431;6312;6008;-4432
5089;-147;267
-423;4022;-473;-1292;-1248;5647
-3298;-3812;-3692;-2892;-6879
5180;-4062
-3954;-5316;3030
5215
6816;-4643;6342;5917
-4709;294;-5016;-1400;492
-6563;2367
1715;-5917;4301
5780;6760;-4347;-4588;-15;-2464
-103
-6613;-2982;6440;-1611;-3917;-640
6752;6372;4503;-4208
4439;-1260
1170;5113;-3547;-5630;-1102;2863
-3939;-327;-988;6683;4331;4589
848;-1413;-1675;-6559;6639
-4169;-6027;-5965;-4639;2255
5936;-851;-6196;-1829;-1830;-4559
2211;6005;3849;157;-3582;-335
-6865;4019;5605;2474
-4280;-954
-1878;-287
-5909;5511;-3816
2554;5229;-2544
224;5602;6147;-6614;-4216
-2169
6270
6402;4100;-1157;3837;-6752;-5280
6113;-6581;-5482;2331;-4703
1158
3206
802;473;6042;-6155
-1345;-4626;839;3339;3979
6405;-5241
3250;339;5880;-5982;-5678
-4240
2371;4212;-5899;-1853
-5059;-4361;5176
6081;2258
-3268;-1300;-5356;3148;2142;4782
-211;-4019;2115;5783;2472;5274
-1521;-1931;-2844
-6297
2721;3922;-5731;-2492;-2670
-2628;3806
4251
2204
-5906;-5876;-922;-2939;4876;-4750
5073;1844;-2521;-4122;1932
6303
739;5565
-1985;-2260;3060
-993;5250
4550;-4714
4832;-4055;-6062
-4362;-908;-15
724;-6011
1156;1414;-647;-507;-3631
5107;-4939
-6651;-2955;6364
-5938;-4473
4658;-2550;3255;3832;-5423;1519
3296;3105;-2499;4867;-3477
-481;-1564;-5118;3917
3349;-4855;-1913;-1769;-1135
-181
-4339;-5688;5399;2171;-3872
-3171;2983
-4449;-5921;609;-5667;-5676;-6733
4705;979;4276;-682;6669;-2446
4203;-1964
-1216
196
2530;-1973;-3817;-4106
6341
-3271
6539;-6335
-3176;-6220;-6014;-4991;-6431
6351
-6130;-4740;4677;-2022;-1212
-3287
5335
1538;-5815;-74;6763;6861;1182
2240;2009;-3008
-5939;838;6502;4102;1884
2773;-6167;-1947
3570;-356;-6509
-5699;772;4072;-2842;-779;2205
3894;-4330;-4586;6270
5671;4395;862;-3536
-946;5526;887;5929;2143
5543;-5771
3735;-5756;2940;2380
-4065;-260
-3304
-3377;1907;4773
-5924;-3160;-2413
-2787;-2611;5827;5099;-176
-3306
-6344;-1033;2873;-4331;3402;2127
5355
-4333
-2594;-466;4228;470;5766
-3107;-1991;3037;-4320
930;-4240
1954;4603;-2349;-4446
-1264
-4034;3188;3133
801;3058;-5780;-3097;2267;2511
-6196;-5309
5312;664;4504
-1624;-6809
3312;-1443;2197;-2472;5819;3068
-3317;4587
-97;5142;-4475;2204;-5246;5790
515;-1941;5493;-4955;3183
-2665;-5692;893;6191
-180;6371;4294;-3504;-3056;-5200
3138;-437;357;4556;5948
6433;1569;5034;-3568
-3745;-4706
-5976;6235
2513;3891
4980;-760;3209
-6737;-3205;264;-988;-3056;2191
-5391
6112;5198;-6495;-1472
-6147;-6643;-4163;5690;750
-2694;-6712;4920;2009;4797
2776;-3049
-2818;5490;-1375
-1841;5187
-6758;-6744;937
1203;-968;2537;-6124
689;-964;-6151
5265;2881;-2789;-1846;-3228
-6258;6541
5404
-1636;4644;814;558
4672;2026;-1421;-1934;3086
4129;1278
6304;5105;-6102;-5595
-4384
1312
-165;6598
-6434
1977;-4317
6411;-6703
-2225;2517
-4403;-2580;-6453;5975
1201;6280;2332;-3376
419;6280;2600;474;-3004;-1356
6438
-2886;5925;-5786;-2301;-5488
-2098;157;4285
-2251;6858;812
-6446
3905;4263;-3832;-827;4555;-5712
-1169;4353;-5205;-3977;-1802;-3771
-6322;-6784;2095;4559
170;1162
3206;-1815;-1703
3970;438
369;2930;-2580;6696;-5691;4732
4800;-6883;-1721;-3625;1994
1555;2104;-1018;1772
3393
-2408;-4060
3396
-3400
5787;5805
-3460;-5894;-6412;-1374;669;2830
1777;-2107
-4305;-5753;6655
3072;1688;-5067;-971;-3630;-4639
5450
-2380
274;-2013;1407
2874;-2542
3094;-712
4550;5645;-3054;1278;-2960
1298;1507;1459;2220
343
2469;-5882;-1872;5631
-1371
-1137;1283;-596;5187;3398;-5740
897;-2083;-6392;4120;-3757;-3375
-1374
-1752;-648
947;2477
-5203;3064;3516
3394;-4149;-5189;2568;1195;-6366
-2139;-2459;-3421;5614
6501
-3436
39;1079;-1434;4649;2174
4657;4742;2055;2935;-2761
-3636;4070;-4088;-6410;-2732;4237
5474;2310;-5369
5172;4412
-1226;5691
5712;-5588;-5639;-3451;-3696
5155;-2042;4430
-6517;-4728;-10;2653;-4399;-4783
-4849;-1891;4996;-1973;-1782
-6417;5938;-2596;5501
1927;3114;-6267;1643;44;2991
3960;-5003;-365
-6851;-2532;-2503;5207;5271
2258;903;-3661;-2957
2435
961;-568;-319;-3535
-4454;-32
1239;6777;1707;3724;1213;-4031
-3875;1047;-6779
-3266;5706
4726;6504;5546
-4978;-1651;3286;3735
-394
3046;5543
-5138;6675;2585;-1676
5653;5293;6862
1760;-3075;-2758;280;3727;-2384
2930;5529;-1674;-3312
-403
-3433;-1165;-270;-2703
-818;1223
280;6077;-4928
-5825;-726
-2051;901;-5403
2994;-4428
4423;1593;-6426
6613;1433;2812;-208
-353;324;-3454
-6020;1685;-1198
5532
-2651;5180;-4992
33;3282;1254;967
-1507;-2493;1533
4198;3389
-5105;3781;4295;-1528
-4514;-2807;-5641;-3625;2824;6173
6232;2491;-5230
-424
424
-437;861
-4338;-1299;5576;-368
-3718;1240
-5457;-5368;-3097;4009;3467;6875
6304;-386;1845;5674;-2767
-1473;6312;5465;-6799
4066;-4504
-5444;-3415;3703;3527;-2249;1390
-33;-5218;6501;-5498;3807
4720;6277;-5943;-3464;472;-592
-5553;5105;6099;-5902;6045;-4319
1175;-2347;5723
5225;955;-4701
-3028;-344;4857
-3153;4193;-226;-4819;-1748;6215
4792;-3306
4868;3830;-4104;-826;3658;4301
1221;3862;-6138;2543
-2952;-6828;-2973
-740;295;4569;-6843;-527;4735
3733;-5770;-5599
260;-3800
-1331;862
4565
-3346;-6058;-6410;-4112
1045;-5516;4940
-1495
-3332;3803
-2662;-5992;4186;3117;-1023;878
-1810;1937;-132;231;-2698;2943
581;6344;-6730;-4942;-3920
-4065;865;-1211;59;-5341
3549
3904;-6431
2527
-531;-6094
-2529
5093;-3209;-3390
-3990;-3164;1549
-2388;-2858;27;2972;-5695;-3808
-4769;6567;-4877;5613
6630
6880;1622;-6857;4990
-6348;-5408
1767;-25;568;-3995;-3915;-13
-6533;5574;5416;-4953
-498
-21;-6437;1589;-871;2188;3053
6240;4336;5283
-4247;-6683;5162;6270
2676;6600;825;-3180;-4093;5871
-6654
1335;-4200;-4622;-5312
4693;6327;-4344;5099
1535
-6161;-5730;-693;-6054;5836
-1971;4984;3900;-4589;1261
-3681;-5430;-4394;4650;-284;5551
-6210;854;-335;4159;5119
4117;-5288;650
-2148;-3494
-1612;-6078
-3420;-3821;2717;-96
-3918;4445
-4624
-6292;3845;-4639;6143;5567
-5650
-2660;1493;1273;4283;-2685;-6334
-3153;3765;-2538;3755;-1550;254
-3606
-3154;917;5031;6841;5162;1099
-5025;5490;-1002
-5658
6722;324;-5733;6457;-3133
4643;6693;3861;-3995;4029;4766
2848;5125;-263
2591
2877;-3775;-5791
-545
-929;-4053;-1558;-4247
-2726;-490;2137;-6637
-3091;-1557
6256;5393;6501;-190
4646;-3879;3657;-2847
6698
-3750;-4727;-3244;1755;2239
6711;5208;-1262;1213;-3119
5989;2473;-735
-4968;4761;-3323;1740;5421
-4355;-6548;6485;4406;-5671
-5641;-2090
416;6211;6484;261;1575;-4139
-985;4153;2521
-162;3590;-2615;-11;-3901;-5664
-6715
4465;-5508;-1577
-6277;-2503;-1519;6111;-6624
-2675;4964;4279;-4523;-6717
5376;-2387;-660;-3562;-3440
6754;-6176
-5841;-401;-6134;-1606;3559;-6543
610;-5030;-1607;-3866;5214
-2625;-5127
-3268;1657
720;2676;-2053;-6376;2396
-5709
-2065;-3189;1256;1289;2009;110
5956;-6165;213;1800;-5454;-1038
-2008;2600
-2;5897;5961
5124;2791;-4905;-2416
3472;-1554;-2916;1593
3394;2612;-6824;221
-1956;1958;-1866;-4879
1442;-5187;884;-2262;4091;3679
-4817;3495;3208;4859
-4065;-1427;-5350
-5524;105;-5423
-4709;-759;-3303;1095;5023
-609;-2044
5724
-1462;-4266
3328;2369;-5061;-3557;4552
-3680
-6865;2177;-5828;-1358
4148;-5782
4707
-6642;2466;1715;-5320
2661
1464;-4127
-5604;2089;-6318
5101;3485;2271
6756;-730;6122;-1291
-1286;3951
-6705;-92;-990
-6849;-6101;1445;3638;6647;-1448
-6584;4937
-3634;-29;6670;4783
1233;5156;-6490;1740;2189;4989
869;103;-5403;-3788;6140;429
-1847;6729;4154;4091;3883
-627
-4165;2984;4667;4588;751
1765;-4448
-4673;-585;6090;3898
5331;4535;-4111
-1365;-1803;814;2991
6352;3501
4514;-5163;-2219;-3917
5810;-3140;-3498;3310;3278
-4134;-4701
-4707;2261;3831;2331
-6791
3681;-4328
5217;4451;2132;1253;1931
35;-1541;4206
-5797;-2107;-1966
654
6785;309;-295
693;6111
6421;3798;-6137;5833;4058
-5253;-5686;-5519;-4688
-1812;1879;-5963;4970;-4861
-6674;-4387;4534;-6711;842;-2608
-5570;-5460;2708;-538
4098;-2102;-969;-3744
3298;-6532;6423;2892;6877
-672
3280;-5812;-2926;-2384
6169;4313;431
2242;-4355;3383;-1182;2637
4897;2820;250;6379;3053;1710
678
656;1426;3314;-919;-1882;-4300
-681
-1497;2910;-3120
6827
1523;5190;3450;1916;893
-3491;2099;-308;3015;4489
-5806
-3758
-4273;3506;6516;2105
-2962;5075;852;3060;-6377;5134
4851;-823;-270
-1715
6838
4790
1872;3795;-5753;2846;5103
-4794
2082;4934;-174
6843
5027;795
2662;-6007;6104;5112
-5736;-5241;-5248;4255
-5702;3738;6766
-1;-6851
3491;2947;-4069;-4220;-3517;-2510
-2965;4233;-2574;4063
4806
-3338;5177;6042
6628;2278
-2764
5843;-5503;-2080
3220;1684;-1801;-3613;-6767;2463
-1578;5369
-6455;-2457
-2243;5544;3563
-6114;538;-268
-2261;5236;-2070;-40;2535;-5148
6401;-3826;4786;-453;-5639;-5067
-6401;3542;1705;1564;1854;4606
1553;-1827;-6600
-2779
-1153;-242;5906;4553;-3132;1967
-2677;-6249
-100;4083;-3160;3355;5773
-6196;-6660;2982;4055;-2074;-1038
-4881;3879;4813
-1972;-1365;-1500
-5043;-1381;-3536
3658;158
-3233;5010;537;6331;-6877
-1249;-3507;4548;-4150;789;-5370
-4403;-3512
-5871
-3294;2542
132;-314;-4282;-1582;2221
-753
4341;-6457;-5689;4297;-349;-5088
-5529;-3419
5537;-3764;-4391;-1212
-4884;4883;-5463;-1758;2367
2097;724;-1909;-1482;-5312
2832;6722;5033;-5791;-5983
-1208;5529;3615
-1793
2817
-4691;5588;-5765
-4549;-2490;-4427;-3613;-4125
-3330;1913;-6523
-2820
6785;-3155;6038;-2317;1407;-5936
5234;-3558;-489;-411
-3137;533;6455
4868;-2038
5812;489;-2446
2576;-1922;5251
-4114;2199;536;968;6185;-892
-4741;2008;1865;2651;4124
2498;2628;-5915
-789;5675
1814
5648;964;-4586;1837
-3889;5707
-1797;-1862;1675;4828
-2657;-5308
-4945;-3897;3402;1901;-4432
265;6682
-6246;-6847
-3762;849;-4355;-6538;2490;3340
-5762;6261;-4680;-328;-4491
546;-4778;-2720
5107;3895
-6344;5435;188;4044;-6526;-4783
-2166;6633;-572
3057;306;3750;5607;4489
-6501;5478;4920
-4927
6388;5131;4671
-6055;5947;5949;6254
2033;5442;941;607
4886;-4490;-4014;-3775;-4703
2656;5376;818;-6211;-4543;-3024
5472;6176;-4669
2192;-4434;-3716
-1908;4406;3483;5084;-6126
4577;1893;3653;-775;-4283;-2172
2514;6533
-4952
3744;5512;-1514;1965;3375;63
-2757;5663
5520;2049;-4342;-6073;-2109
-4316;638;-5359;-6160
1760;-980;-2668
-321;-4226;-2598;6826;-829;284
-6610;-4995;-1784;-6314;-1646
3941
2867;5013;6301
-4340;3205;3082;2189;1854
5648;2960;-5202;1941;2087;2653
4049;3186;5991;-5184
-2926
6420;-4518
3951
2660;-1798;965;5478;-2154;-2219
4147;6323;-447;-2976;3055
6672;6037;5798;2859
1185;6564;-2550;809
4985
6009
-1916
753;-4166;-6696
-2277;5206;5239;3355;1661
4256;-4789;-3436
6592;-6055;5926;-4542
-4578;4530;760;-1386;2282;3389
3939;-5606;-903;-2429
-5845;4939
-35;4196;-5068
5571;791;-1855;4047;-480
5280;4843
-4318;-1712
5398;5130;6778;-5612;-463;4014
3680;-3658;3962
5201;-5847;-3341
1649;5412
2263;-6254
1943
-3829;1415;2969;5487
6347;6620;-125;-687;-6591;-1568
-2974
2785;6307;-1253;-5339;4571
-453;-6620
3651;2357;5160
-2499;6738;-1254;1129;-1136
-6344;-5129;4142;-5888
6053
-5556;3641;-3245;-2943
4611;2485;-2534;489;-2458;-635
2800;5044;1413;102;-2105;-6318
-5416;2170;1051;3131
1963
-6062
-2724;4692
-918;5246;-303
1056;-2130;-6215;4791;520
2116;-2201;1498;283;3950;6575
3297;-1381;-5978;-2938;-591;5599
-2852;-1046;-142
4950;4871;4460
4961;107
6353;1729;2181;6454;4540;-4925
-4753;-850;-6634
-2000
4608;1569;3028;2630;-2394;-271
-6100
547;-6647
1350;1679
-2209;-5924;-4949;5335;2506;-862
4885;-1321;3897;6857;1002
-6107
2181;4055;-5385;6425;-2190
2260;2117;3240;-5114;2586
-4977;1553;-3460;1669;5686;-1466
5078;1815;-1768;3037
-5921;931;-1508;-4320;4559;-880
6118
-593;5876;5957;-4409;-3785
5986;1255;-5081;-5228;1340;-3375
2561;3566
2032
-2872;-3915;-3439
-474;6605
1448;-3484
6132
1461;1609
-3072
