-3587;-2937;3641;-3373;3182
-4101
5126;4094
-6465;4693;-2331
-1218;-166;3438
-388;-2295;1302;1387
5830;-4008;-3594;-764;-301;4894
-4108
-3085
1779;2619;-702;5533
-3925;2552;5484
-2064
2025;-6717;-989;-4543;4062
1043
2327;1788
-2069
801;4635;5916;4781;-4366;4638
-4119
3329;2996;-1183
1875;-277;-2373;2846
5520;1398;-4557;6879
-3098
-1833;5544;-6810
6172
-6516;3769;1162;-5501;-5231
4688;-3570;-4740;-357;6396;-3470
433;-6088;503
-5989;948;-5783;-2844;-3772
-2114;6242
18;-6068;487;5595
1616;-2146;5291;476;-1743;3710
-1633;-5729;2328;-6429;-4926;6111
-3857;3895
3507;-1574;4252
-5139;2644;-3694
-2113;-4482;1430
-3091;4159
321;-1509;-2973;-3069;-5103
930;6264;-6012;-2252
-1396;-4794
3812;1354
5571;-2728;840;6767;1887
-6034;-1184
-89;2187
-3411;2531;3017;3035
-1267;-6358;2406;2585;5759
3072;2179;-3149
-1382;6460;-3998
-4226;3282;-6868;-5559
4754;-1796;-905;3225;2109;-3232
-1505;4897;1793
161;4353;-3487;4159
3665;-1551
68
-5493;-2599;-6201;6028
6217
5457;-2709;1818;-2445
3145
-5380;5191;-6303;-5295;-5696
-6643;978;-3627
4513;-3414;-3226
-4123;971
-1187;292;3211;-5469
3121;-3302;-6344;6441
-1111
-2993;-931;-4020;3623;6076;6525
-89
-1633;-849;-6610;1489;5308;2204
-1925;-3288
-3089;4721;-4868;71
2272;2659;5619;-2022;1806
4698;1371;4268
-100
-5381;-4821;295;-5688;3659;6716
739;1733;6105;-4332;-2094
-257;-582;5973;-2983
-3059;-6676;3031;-5689
-2325;-441;-1321;3982
4357;-5487
-3953;500;-4006;1336;-5248
4728;-2573
6850;-2404;2214;-551;-875
1826;2858;458;-2975
-2421;4589
-5297;545;-3124;518;-1705;1770
5245
-898;-1847;-4555
599;3629
6260;1974;-2088;-1548;-1998;605
-3233;-3745;2882;-3448;-2831
-4233
-260;5510;-3209;-1290;415
5080;-2281;4511
-1971;3235;3365;5093;2710
-132;-6276;-6026
5682;-1893;2500
1171
-1170;2550;-557;5741;-3343
-372;-5224;6681;954;6877;-5695
-3971;-3316;-4424;2343
-2386;-2889
5955;-2516;-2330;2779;-3054;-6110
-1521;-5077;-3015;-2832
-372;2148;428
4176;6610;-980;-2479
5193;6571;2732
-406;3175;-6763;-1227;-2572;-3632
5700;-5830;-2666;6827;-1823
-6307
-2052;-1055;1919
6720;528;-6198;5959;-1722
-5697;-6242;-6633;1196;6780;6332
-420;5709
-4082;-5305
-1811;2483;-6261;1415;-2653;4607
-5223;2585;5882
4274
-6323
5298
2594;-4723;901;1654;-3677
-4098;-2612;-4887;3225
-978;5417;-5643
-1204;1189;-1190
3143;3464;-4618;-6267
3201;1029;-5462;2438
-2231
-1210
272;4305;2595;-3320;-3305;-1759
-4197;936
4533;1045;-1191;6743;-2748
-6707;-5013;566;-2824;1948;3645
-4130;6212;-5386;3500;4093
-341;4425;-4650;-3998;-751
-1729;3958;-3799;2568;2269
3264;-5512
-3157;-1478;-1160;2523
6032;5184;2065;6171;1230
-2049;-6420;-308;197;4281
-6465;-3660;-3391
5079;5115;860;5535
-81;-45;5452
-5350;-2154;-5595;5468;4349
-4882;-6358;-5068;-5408
5368;475;-5677;1070
4643;467;-5323
-5106;3587;-2040;3991;217;-4958
1555;-3204;-6679;566;4474
-212;6454;-1223;5436
4128;-738;3458;2853;-6679;2314
-6770;-1298;4437;4872
-3005;-3357
2843;5566
-4666;3421
-3907;4194;3735;-4297;-1306;-4784
3924;-3704
-4115;-152;4377;5231
-5689;5915;3036;-414;-5120
1247
-1669;-3143;4935;-1341;-3103
2579;-5412;2213;1767;-4573;-3967
-3667;-3491;2690;-6053;4101;-4046
-982;-3304;4713;-6304;-3568
4325
3303
-5850;-4170;4299;-4751
4480;-4778;-1984
277;6104
-4335
5380;452;1191;-1931;6411
3349;-3705;5706;1035
-5187;3640;280
3042;4214;-4552;-2462
-1268
5539;-3161;-1689;-683;6299;-6062
4784;-3517
-1811;-3605;-1689;717
-1269
-4199;5399;-1340;-5485;-2494;-2367
-4338;4322;6407
-481;4961;200;-5198;3838
1618;5943;-5992;4984;-6571;4364
6784;563;6408;-79;2958
1861;3625;-6221;-2591
-2425;3225;-4126
-5989;-6109;-5566
226;-3013;-541
-5376
-817;-2324;-1579;3439
-19;5877;-3551
-3477;3941;-474;4874;-1694;-862
-242;-1045
-1939;-4469
-1553;-227;-532
6168;2329;2985;6697;-6589;-3135
-3820;-1565
595;-1463;5230
2418;3426;-6596;6604;5679
4869;-936;2615;295;-2480
-6114;5843
-5392
-5969;1250;150;-823
4880;2468;4260;-1049;-4143
-2903;-3514
-311;5705
-5496;6873;5994;6253;6111
3351
-900;-122;-1310
-5400;-874;-3226
-6817;-1993;266;-1981
-2534;-3592;6809;-4668;-6541
1088;5987;1754;-5471
-4273;-2855;1290;2366;3759
2000;-3639;-5435;-6527
5841;1615
2528;6275;-1208;-3209
-921;-3469
-5203;-4934;-3469
-4776;-4735
5414
-4822;429
-2756;-3094;6646;57;5897;715
-3370
5572;-5210;-299;5355
4912;4641;-3430;-1334;-6311;1821
-302
-5714;-6421;4508;6349;2606
3565;-2094;-5872
5271;4250
6436;-3222;-6072;-107;-2685;2270
3904;1254;-5470
-5435
-6420;3893;6680;584;-2812;2493
356;-2730
-5620;-6644;6373;445
-3442;4100;-5421;6189;-6880
3428;2652;4589;-1120
-3490;-1965
-5363;179;6723;-890;-237;-2797
2673;1762
-3972;-6608
-2360;5420;-1727;2335;3839
-967;-5480;-5147;-4110
2535;-3933;4764;5421;6158;-3328
-5476
520;-878
-5956;-1353;-4314
4768;2838;-3928;5596;-1853;6253
362
1388
-6508;2047
-1969;-6391;3898
-3585;147
-1747;-2004;-1493;-6731;4011;3500
-3718;6134
-6179;3894;4263;5865;5838
5541;-6217;-1742
-3697;-4547;2450;722;600;5867
-1649;6192;721;-6504;-2398;-830
-5716;-4197;-5334;280;6572;-1200
-6661;-2938
5522;882;2199;-3100
-193;930;-787;-4431
672;6881;4708;4717;3887
-4197;1798;-2009;-4441;6413
752;896;5778;-3385;-4733;-720
5810;2772
-1074;-1412;5540;-616
1415
4001;3346;-2132;-6645;13
1907;5654
-825;1192;5149
4034;-6788;-2229;3098;6378
-5554;3479;3498
868;2805;-201
2864;-4211;-1779;773;-6699;3530
402
-1906;323;-589;2575
80;-4258;-3971;6650;-5180;-894
-4197;4021;935;6815
982;1687;5931
6369;1122;5288;-2397;2319
-1426;4774;5960;4681;4857
-2840;-5323;-1486;-4079
1440
5031;1529
-5285;4919;2010;5483;461
-6867;-1668;-1430;-4553;-4091;779
-3682;3251;-871;3771
5217;-1723
-6578;6413;2639
4768;2756;1014;-6343;-1769
5761;-1186;-2470;2265;-5821
4522
-420;-634;1211;6414
3840;-758;3623;2666;-4844
-680;5864;-656
-5556
2758;4728;-3978
-1698;130;-3126;6158
-5569;-5845;-3382;-3054
4768;-1349;1125;4091
3504;4966;-4266;2461;-78
1699;-6837;-3561;-1898;3706;6447
-5205;-6519;5657;-4622
-5618;5210;-5468;-3790
-6452;4695;5839;463
-836;1763;-6422;-3149
-3075;-4842;1882;174;-6879
1350;-334;-4543
6400;-4945;-5753;2815
-1570;-659;-4374
-193;5344;642;3944;-4590;-592
-3730;-5637;-3688;-6238;-1648
-1636;4339;-4489;1353;894
-5257;6681;863;223
-1487
2154;1851;2189;1437
-5720;-4985
-917;-1943;616;5065;61;6799
-1885;5423
3555;-5350;-4807;906;2011;1166
1504;-4770;-2242;-6787;2424;-3914
-65;1560;-1706;-126;5614;3391
3551
514;3572;957;1581
-2513;3505;3907;-6281;-4412;-1855
-3299;1415;5437
6739;-3652;-279;-4842;2350;-4896
-5300;-3734;-6815
-4585
6052;-1465
-4588
-6364;3823
1864;5641;155
4589
1937;-2853;-6414;-1359
-385;6754;3172;6317
-6130;2558
-6644
-273;2087;492;-3422;3663
5492;-6117;1973;-2876
-3579
1507;662;2470;-823;-4265;-3132
-5782;-872
2557
4500;1205;-5655;-3783;-5994
272;-5904
-4075;6171;4477;-6062
-1162;-3755;-2716;-6558;5485
114;1844;5525;-2870
-4529;-1041;5858;-4903
1303;4827;-5612
-3591
-3842;4486;-4238
3520;-2907;-5231
-4657;-2227;-4902
-5122;1142;5463;4445;-4383
-4466;-2323;420;551;4271
5642
4546;5811;3028;-1719;6061;1230
4690;-5112;-3720;2589
-1009;1913;6793
6674
-984;-571
-3634;3222;-5243
5400;4361;1274;763
-6101;-294;-1310
-1283;5915
5661
-3745;6467;5894;6872;-508;924
-549
-1859;-4885;4118;26
980;-1533
-3693;-4030
-1942;-5319;-5584
1580
-788;-1261;2605
-195;3378;-3957;-1863;6265
2038;5686
-6146;-5064;2584;-6268
-3060;4501;2489;-173;-3200
2930;5268;5686;-6236;1887;4335
2606
-6577;-4958;2783
339;1155;3158;2538;3610
-5730;-4715;2714
-564
4051;3403;5981;-5120;-4672
-4403;-2244;1765;-5930
-6614;1672;-3292;-1852;685;1661
-5124;-4181;-5113;-1340;-3245;3069
1283;6459
-3797;-4517;3112;-2779;2955;-4766
-2645;6054;-3599;1790
6338;-6405;-4203;6267;-4624
5107;-1222;3558;471;2909
-1588;2745;-2767
-3366;-3751;5180;5342;3038;1311
435;2456;-256
-2636
-420;-5143;2926
3661
2352;1748;-2487
3571;-2532;-4550;774;5769;-2442
1137;2179;-678
-995;1029;1669;-5368
-3713;-3691;2714
948;6109;-3887;2543
-6682;-3579;-3068;-6590;1437;3551
2177;-1380;1413;1560;1532;1437
-196;6027;2699;-3838
-3659;-4828;-6446
438;6303
561;5322;1884
-6610;6324;5781;-3871
-1089;-2230;-3402;6381;1966
-3986;5170;4313;4587;765
304;4806;4717
-644;-404;-4485;2886;2318;6063
-5745;6353;1254;3416;3196;1357
-6033;2705;4834;-6362;142
-4470;331;-2624
2784;6823;-796
-6004;263
-3696
-2729;-6143;-6095
-2945;-5346;-6676
5753
5664;2017;6546;5464;-1725;6220
6001;1730;-6147;-228;2388;2012
-2994;951;382
-4036;4053;5382;-5497;-5531;4990
4056;-3578;-3166
4996;4389;1735;1807
4208;-5266;-3368;4412;653
1872;4833;-1068;125
672;-1892;-1317;-3773;5663
-6339;-5301;567;-1787;-2109;-5134
-6866;-5379;-1529;5179;397;5501
-5090;3860;3064;-10;2684;2285
-4776;1052
-2214;-3900;-4781
1540;-421;-1324;2908
-3639;-4599;5131;-4718
6257;-5751;-2188
-6491;-1339
-1301;-520;4631;-2313;-2186
-6514;-1432;6199;-1210;-5900
6310;-6287;-688
4738;1573;-5558;-5704;1212
6810
-3505;4518;1254;-184;10;5741
668
5107;1172;-3336;-329;5979;2315
5029;-3479;-3244
-5906;-4890;6030
-1358;-4335;-1632;4607
-4401;2087;3831;-2139;1870;446
1025;-4548;-5749;1060;-1678
3075;3742
-3124;-5111;152;-783
-2737;-3237;1766;3431;-601;-4416
-4771
-585;-2139
-2321;-1331;-185;-3113;-896
-1650;3049;5422
-4779
-2733
-5841;-1603;2726;-4363;3274
3793;-4408;-56;-4266;-5994
887;-6811;-940;2075
3764
-3766
3221;-509;2079
1539;-4184;4366
6417;1033;3167;-3776
3924;971;-5726;-6046;-6111
-6341;-2552
-6840;1019
-5153;5857
4209;2547;-4312;-715
-2754
-2552;-1691;-1984;-5744
-5028;-725;1607;2744;-4908;-2591
-4644;4004;-5768;-3519
-4807
3809;-563;-2533
-6121;5407
6157;6846
5837
-4449;1745;-3058;3397;-391;-4106
-5265;-2425;1947;-349;3006;5855
5842
5987;1414;1209;-1339;-5804;-4239
-3698;-4402;1110;-3369;-13;5551
4194;-341;969
2304;-5985;-2793;-2445
-3875;-5780;1317;-2953;-2750
-5445;-6699;-2909;-4110
6877
6577;6445
4905;-1099
3751;-282;6426;6411;2155;-3390
3033;3850
-3813
5446;-1550;-3152
-4755;-3190;6775;-4312;3627;-1965
5187;-1895;-6045;-3614;-4206;-4512
-3491;1315;1381;5046;-2478
4576;4577;841;-4123
3061;-6407;3814;-5287;3591;475
-801;-3522;-6084;-526;-3279;-5999
3833
-4244;1638;1804;5663
-3011;665;3898;1262
5190;-4090;-2894
-3078;5898
3664;-4613;-6843;284;173;-4703
5264;72;1883;-4396
-1043;-3000;3529;1292
6160;-3957;-221;846
5842;-1988;-1222;358;5814;-2904
2828
2836;-6424;-6411
2804;5012;4743;3498;-4285;-2798
3200;-3953;-5378;6643;4511;-4240
5120;2100;-743;2150;-3993;-3850
-5905
978;-3799;535;6667;-4383;-1808
3207;1256;-2845;-3758;4974
2420;6277;3240;-6185;2202
-1345;6132;-123;219
-3339;-2509;-1774;-6478
-789
-2643;-4564;-1963;6283;-5020;4045
-2839
-2114;2856;-6505;2009;-4493;-4832
2838
-5865;6473;4298;-4219;4299;927
2843
1105;5912;-4522;6556;-4062;5023
3250;-1284;-1493;-6503;-911
6272;-4707;-4004;-1509;2218;-4188
-3141;-1753
-5908;4213;6057;3883;6332;-5581
-4405;524
4707;-38;1461;3402;2543
-3491;-1624;5544;6527
-4265;3452
-5720;2072;-302;2111
-99;6034;-135;-4985
-19;-1575;3901;6701
-3841;1481;-4267;-5454
3716;174
-2291;-4197;569;2652;2447
-6232;-734
-5395;6312;-4938;-5744;5871
4130;6020;-2160
-490;-4430
3729;5380;-3257;2141
6275;694
5282;4761
4023;-3742;477;4397;1790;6174
-4054;-2439;3530;-6063
235;2668;-3118;-3695
-1553;-2674;2196;-2171;-4829
-1617;-247
-4941
1634;4499;4345;5817;-2348;-5934
-6226;-470;2569;5997
4943
-2289;5800;1433
-3749;3642;5052
5681;-5204;1718;2751
-5555;4842;-141
-6001;-3318;-4791;-3565;6397;-3919
5408;4898;3010;1880
-1779;-2175;6863
1986;2933;-3351;-4168;-4633;-798
5984
848;4226;-4501;5525;-1019;906
1860;1015;6189
1506;-3406
-3298;4450;1771
6080;-326;3575;6040;-6301
6022;6310;4120;810
2146;-5684;-4207;-1327
3734;4314
-6681;-4447
-5162;-1470;1646
-5588;6478
4483;-3111;-1160;-4011;890;-3102
2938
-4609;3348;-1223;-2504
5857;5843;-6853;-5739
-6401;-437;-6343
-894
-4995
416;-6435
-2467;-1061;-2652;-2284;1901;-5600
2737;-2109;-2558
2032;-5809;-2708;-1563;-2829;-5390
-4881;3395;-2683;1214
5091;-5206;6141
-5618;3683
-6680;4728;3002;-140
2068;757;-6809
496;-1473;5985
-913
3985
-3605;3688;1769;-4814
-664;-3356;-3038
2683;-5646
265;3228;4590
-627;1946;1403;-1805
1122;-4340;1740;2396
3557;-591
4070;6359;2439;-2734
-6627;5109;-6315;-5376
4035;-2324;2566;-1997;-335
-2403;-5498;-2812;3356;-1760
6182;-2650;-4459
-2258;338;4247;-3786;-492
-225;3521;1194;-492
-3377;2840;6666;-2128
-667;6062;-3440
5366;1275;-2461;1871
80;-2370;5713;5993;2988;-207
-675;-2677;4116;6313
-1959
4809;6365
-4457;-1599
-836;-825;-2154;6798
-3627;-381
1960
-5985;-5315;-3433;395;-1901;-5181
-1685;-5611;-3262;-4719
-3972;-2356;-5703;-6140;1052;-3278
-1907;4212;-3957;-5227;-6350
5276;-2288
6466;-1156;3335;5340;6412
2630;-3464;-4126;2990
3971;-5103;6783;6559
-949
3778;182;4266;-813;-4639;223
6627;-4453;-6282;-6491;-4221;4654
-2099;-733;6589;909;-5344;-2320
-3441;-293;4012;3743
-5315;4917;5831;-878;-3599
3443;4484;2868;-4713;2440;-1420
-5058
3010
-1665;-6029;2076;1582
968
900;-1593;3611;-5936
6152;-1198;6255
-2150;4805;-894;-6830
-3022
-6097
-5749;-4333;-4157;-6830;5229;1551
-2325;2087;3641;-394;3087
977
5113;11;6238;-4863;-3472
6640;-2708;4213;-2217;5128;-860
-4437;-5350;-5110;600
4059
-5085
4401;2389;-2503;797
5041;-5301;-3654;-1817;-4474
-4385;-6467;4905;3211;4748
5432;-1370
5235;5555;1629;862
-5158;4341;-2379;5614;3695
-4275;6502;-3708;-2574;2078;2975
-6121
4225;-6053;4677;-2183;-4409;-4430
-6722;6065;3526;5545;1806;-4096
3264;6418;-649;-2906
-3451;5482
4691;2341;-5528;-494
1104;-6503;4023;365
-3971;1829;-5719;-6236;797;6142
4592;1490;-1544;5500;-2880
4163;-1101
4096;-6295;317;-2206
-4219;-2015;-6048
-3068
-5297;3762;-1098;3803;-6287
6193;-3081;-3594;-1564
