-5217;6241
-1779;2900;-4710;-509
2563;-4009;-6221;-1552
2009;42
6464;-3347;-3141;-3053
4145;-3496;-4505;1802
-2055
6404;-871;108;1534
4237;6013
3224;5160;1866
-1795;-3338
-1686;2457;1292
3236;-570;-11;13;-2686
-1617;3331;-3082;6682;4943
-5060;-747;3453;1311
5139
-3176;4219
4125
3956;-5321;-3785
1521;-3508;5251;-38;-3661;-5742
4720;2946;-4291;-2964;2441;6396
6336;2551;-3288;-5566
4258;-998;2487;5224;2393;2030
-4937;5995
-2369;-3830;5159;-6554;-683;5167
-2977;5063
514;-6111;-4688
3119
-1073
3120
-5170
2820;-1814;-5080;4126
150;2904;3916;3517;-3264
-1084
341;-2201;-5081;-4384
-5181
3250;-1693;3069;2509;2143
-6568;5480
-4740;-6590
-1298;-5941;-2565;-4279;-5895;5575
-6213
1142;-88;3511;-2460;-2175
5008;5301
5153;1860;228
-2068;-3158;-2750;4830
995;-921
-6770;-6759;-1176;-3803
752;5377;-5030
5859;-868;187;-2029
1318;-1240
-5057;-3752;-5193;-2462
-2067;4788;4054;1143;-4924;3229
5696;1508;2299;-6352
-4289;-6163;-2676;-1189;2554;-5725
1378;-3429;-2128
4323;-6213;3000
-2323;3435
-4002;-36;2694;-249;-2592
-4388;-424;1303;3626;-3280
-5444;-3864
5216
101
6245
3425;-4802;1442;6071;6253
3715;-1413;-4793;-3756
2151
945;3331;6422;6311;-5641
6250
-3522;1364
-1237;612;-5691;-1020;4619;557
6855;504;-5194
-2389;-2230;-139;3725;5246
3190
118
64;6000;5847;3159;-1145;-2543
4035;1493;4678;-5992
2170
2402;-4323;-2379;1404;4046
-2744;5943
4993;-5251;-3513;-971;5738;3229
467;-3354;-923;-6411;2923
1136;1121;-756;3749
1154
-1266;1505;-1257;-6265;537;-554
-2545;2536;5386;-5420;-1904;5151
5;1151
5907;-1998;-6750;-2415
6279
4115;-1574;2428;1343;-6448
-2500;-1785;-6093
1547;2687
-2467;-246;1541;-6682;-6428;830
5106;4994;-1415;6423;3419;1068
2788;423
4488;-6059;-893;6700
-4561;-1654;-1671;3647
-6452;6806;6807;-6650;-4527;4158
-1894;1863;1277;-78
-4641;6868;1173;-4366;-206
-2948;-6261;5637;1375
2544;4482;6217;2123;-4878;5022
-4851;3078;-908;-4351;1758
-4251
211;-4902;-279;-5977;-1659;-1886
768;-6437;-1993;5660;6863;4511
-2573;5805
-2915;1501;-5920
-3239
-1825;-4822;-688
-3508;6006;-1292;2779;-125;-5054
2698;-1504
-5697;-3693
-6319
-2497;-694;3833;636;-4528
5830;5611
-5286;-2152;-1626;-4493;-1982
-4002;3762;6023;-1705;-828
-326;-877
4865;-5044
-2935;-3433;1069
2227
-3300;-1365;4565;-6504;-3002;6348
3489;-5897;3417;-1582;-3712
3264;-2771;-599;2199;-5354
6465;1985;4724;1352
-4372;2133
4832;-3577;-3708;-4972;-958
6176;-2997;6807;3289;-2844
-1025;-3713;2598;-6152;-2141
2241
2244
-4954;-1021;-1694;2061;4383
-3273
-453;251
-4914;3653;-4062
-6522;1196
6349
4385;-947;-4312;2156;-5584
-3539;-6154;3343
4816;4922;-3036;-4447
-5793;3091;-5925;-5670;5897
-4609;-3818;-6812;-332
3506;232;473;-3277;3372
1793;-681;4203;-175;6335
-1859;-5816;-1755
-214
4723;4532;5847;3546
5462;-123
-1445;-488;1402;4847
1325;1967
6880;3362;4005;-715
4316
-6225;2305;-3362;-6549;5415
1376;2197;-4278;40;3963
5651;-4490;-2415
5265;-1250;-6294
6382
3078;-2840
-6383
5360
182;6391;-6332
-4340
-6388
3671;-6392;5864;172
-1874;6739;982;6361;-3770
3419;4300;-1326
-3322
355;5016
-3780;-4363;-5294;-4223
261;-518;-5117
1278
4356
4548;-2781;-6462;-686
6528;-4678;-5479;-6457;4472;-3866
4451;-5972;134;-1949
769;5731;4531;-1872;-2752
4752;3601;-4949;4745;-2748;5103
1360;-5569;-5446;6423;-5179;-6192
2316
-6034;-5501
3813;6696;-1930;1932
1856;4708;-584;-824;-1806
4065;2066;-3523;5962;-6461;3292
4385;1490;3428;-5099;-2316;-6268
3122;4469;393;414;2126
-2097;-3650;-2356;1901;1486;335
-1699;-1253;-4361;-1165
6429
-1858;-1250;-4277;-5194
5410
-3364
-3571;-3764;5606;1959;6173;-3040
3364
-4788;6660;-1019;-1789;-3454
-5415
-5416
2992;1049;6570;-6220
3104;-84;-55;1046;520;-4234
4393
-4853;5605;-1737;749;-5183
-835;-3560
1472;-2795
5713;-4290;1906;-6135;187;2317
1701;-2746;2505;3081;-4205;990
1328
4898;4947;-4894;5597
486;-2442;5306;-3595;1388;2237
5445;-3912;-5003;-5371;-687
-5154;-5514;-2956
-907;-3503
-3684;6617;2955;4415;1279
4423
-1765;-2551;3259;2476;957
-6580;-2362;-2651
6475
-1138;3831;-6457;-1769;4492;-2365
2418;-5225;-1977;-266;-6234;-4410
2120;2953;-6716;285
-5187;1235;-5051;2522
5012;-4933;3990;-6712;-6190;4399
6482
4833;3891;-198;-6376;-4442;-5215
-4167;6598;1721;-5517
-210;117;3287;6364
-5650;2802;1891;-2294;1579;1326
-3419
-6194;-485;-6471;299;524;6860
-5717;-2664;-6267;636;4445
-3423
-3441;419;2670
3783;2712
-4705;-6626;735
6500
1472;-657;505;-6798
1383
-5481
-2278;-1802;-1965;-2511
3554;-5015;1096
-2097;-2066;802;5860;2987
-1391
-1396
-3510;-12;1101
1045;2399
-2353;6195;2869;-2775;5351;-2767
-2279;-1288;5992
5158;-4216;2888;-875;6044;-1453
3824;1729;-1111;-6536;5545
355;-6712;5929;540;-5566;-4142
3298;-5302;-3002;5388
-5362;-5874;-6549;-6235;-1963
6114;6435;-1606;-4366;6094
-3458
-1543;-1290;2174;-5871
-6531
6785;2820
-3435;-1051
-3157;714
-212;5142;2393;-4859;-6541;-3488
-5057;3890;3190;3495
2065;-180;564
3415;-5865
6882;-6149;-331
5424;-4257;2947;-4905;-6154;6540
-347;3823
5121;2963;-165;1702
6114;6738;-6302
-2033;-3874;-5013;-3498;1530;-1855
-4305;1761;5019;668;-2735
-3555;-3189;1214
3488;2996;2117
-5077;-3000;-2573
-4076;-5918;3439
4881;1939;3158;-4336;-4208
514;-3414;-3501;6812
412
-6817;498;-36;5940
-6560
-2643;-392;4475
452;-4681;2105;6636
2466
3623;1513;-619
4392;5246
3473;-5931;-6795;638
5802;-256
4544;531;-2677;-470;-477
-2069;-1432;-5337;6361
430
-1701;-2645;-1205
-2945;-98;3305;4411;877
-5211;1387;-3776
3970;-3534
2262;-6751;-5168
-3554;1347;5493;-2458;2685
1172;-3664
5954;-5911;2664;809
-4500;3877;1927;-859
3519
-6659;-2388;6165;6150;-5657;-5228
928;517;3100
-6804;3207;2123
3618;6851;3766;-2043;-5598
1475
-353;-2834;6449;-3022;2269
-463
-4097;387;5844;-4342;-6447
2198;-4711
-770;-3792
-5137;-2167;-138;2874
3317;232
3456;-979;-999;-2490;-2541
2048;4119;2075;4526
736;4529;-4453;4791
2352;-2837
-1510
-5609
5378;-6212;3811;4984;-6444
-1393;-6517;6726;6687;-6000
-1521
3076;2709;53;-6872;6365;4382
5072;4529;3187
805;-2294;988
-2465;1458;-2886;6808;-364
336;3283;-6027;-6288
-642;4218
-3577
-6001;-162;-6226;-947;1005;-1487
-6643;5333;-248;1528;-2524
4294;-5052;-1934;5247
6211;-1625;-4079
871;4007;-4809;1837;653
-1617;-870;-1742;-2431
-4740;-4309;5784;4044;5500;2429
5728;71;-4879;4718
1664;6023
-2065;519
-1265;-5402
5069;6718
-4389;5878;-5087
3492;6789;-2231;761;-1594;2525
5517;-4991
3170;-3075;-4051;-6812
1649;1121;1094;1784
1009;3219;-6806
-2737;741;3510;-3273;1229
-5720;-1980
-5110;1686;3527;-344;-1688;-2703
1137;-3722
-917;-343;-2349
6096;-2470;5102
3282;6066;-3334;-1558;-4861;4014
2371;-2580;1462;6647;4524;-623
-165;-886;-3584
2617;-2079
1141;5782;-4336
-1626;5066;1197
6309;-56;105;5739;733
-1473;-361;3401
-5233;589
-3123;-4949;3333;-102;-827
-4645
849;3960;3898;-990
5584;3554;6266;5627
-5235;3298;-6810
-284;-3344
-6404;-4197;522;-1741
-6674;818;180
6200;-3706;-5099
-3619;5490;-3525;-6775;3675;-4000
5136;-1044;-3528
1459;3847;3437;5134
6320;6147;6341;1215
2112;4133;1783;4119;6314;1563
-2643;4263;-2664;5834;-6383
2640;-2215;439;729
-758;-4550;-6713;4283
-6481;-5978;2908;-2366;-4014
-2435;-184
572
-4866;3203;38;25
-4664;-6152
6500;1641;-174;-5343
-2652;6302
-5937;-2837
-1139;-6423;-2238
4065;-3714;5034;4414
6054;-6024;5679
4787;6308;-3016;1079;4744
3696;5424;1780;2005;-1049
5078;2186;-4620
-529;4550;-5465;5433;5066;-1291
-3217;-2161;-4771;-6228;5060;-4640
-4697
-3713;5418;-1103
-5267;-6517;4013
1329;-2773;-715;2764
5749;-1782;-2336
4928;5489;2964;5668;6327;-6336
-4710
-3939;-2822;-408;-296;-2297;5051
-5572;4957
1952;-5474;6277;5816;-906;2169
6763
5740
6766
3695
-5748;6627;-1701;373;-2224
-5460;2281;5467;-1663
-2674
-2279;-5516
1942;-5561;2990
-1570;377;4894
-4689;-6388;-1431;5734
-1991;-2927;1215
2823;-4617;4619;3084;-2206
6775
1994;5499;-6604;-62;829
-435;4724;2489
2498;2234
4536;58;3210
-1297;2673;-3429;5095;-5727
3826;-2486;-3003
2563;-3204
4340;-1495;1563;972;1405
-437;-6298;3021
4136;3340;333
5765
-5249;-3591
-369;-6834;5562;-4128
-2081;6216;-1437
-5137;-4730
6198;-745;-6505;-3645;3500;-6624
-5801;3100
-6676;470;-59;3564;-3358;286
4529;-27;3723;5884;-6063;3871
-6796;894;2175
-3728
-657;-1318;6183;-3551
1776;1616;4407;2074
-2472;6203
2919;4909
-1364;-5445
-5665;656;4787;2935
4416;4138;-717
-6818
3346;2616;1145;-6432
-1506;-3204;-6207
-3921;-2385;-1746;-4915
1411;-5205;-727;-5067;5594;239
-2731
3424;5602;-4119;-1642;4588
-6530;-6727;4377
-4184;-3113;-5609;-2603;-3998;-6783
-312;1689;-682;-5722;-4880
-2993;4468;3894;6586
1289;-2943;-1119;-5536;4543
3529;-5247
-786;5303;-2575;1823
4866;293;294;-664
5670;2294;3550;6591
-3366;-1497;-3006
702
599;6552;-1738;3483
1083;-3839
51;598;1756;-3056;5455
457;252
5712;389;-5980;-1759;-4064;1919
-5313;5624;-828;4301
1796;-5863;6774;-5720;-4825;-4140
704;-2498;-4040
1877;-5512;-4187;-3133
99;245;2821;-152;-1274
5060;4872
6649;-5500;1615
4816
-1605;-3077;-2117;6456;-378
-5777;3879;-728;-217;2781;4879
801;-6741;1350;-188;6527
3797
5555;1317
6354;-1530
5232;-6466;3203;808
529;370;-2773;-422;4997;77
772;1399;-1416;-1486
5168;1395;5606;-808;2568;-909
6801;5058;-4982
2217;-3500;-2524
-4695;2935
1760
-711;6570
6208;-1281;3417;6731
6853;30
-6657;-5300;5654;876;2637
3283;-2537;3067
484;-2808;-1929;-5118;4527
-3828;-6138
4133;3622;-3933
176;-1652;2581;2718
-3459;-569;6782;4143
755
-1588;-5465;-4011;-1981
4337;2563
2694;-1497;1260;2396
5490;-5316;-933
-1018;-2412;2671
-5028;2835;1388;3612
-3832
-4069;2284
609;6297
-966;-152;-4768
3427;-6566;3862;6765;2494
818;-52
4980;1541;-3707
-6066;5111;1723
-6345;5098;5087
-2129;-1591;5384;-2617;4623;1199
-501;665;-2618;655
-2824
5715;5302
-3256;-9;-1610
-244;-6681
-2194;3043;-486;3158;331
5900
1043;1692;-3502;-15
2830
-4881;-269;5932
-5905
4593;-1759
-3042;5238;-6745;-2713;5450
3730;4872;5497
-281;1068
-1907;-3398;1865;-4027;-3563
-3563;-2350
-4290;-3107;-6709
2609;1842;2276;3723;6683;2094
-6449;-3543;6123
5459;-6710;3285;1835
-6132;-5931
1296;-2965;-3991;2038;-522;-3824
3028;6780;-2862
-3683;6117;-5286
-161;-5240;-378;875
6546;-4052;5475;4103
-4250;-2703
-5090;-3508;2355;4182;-4892
2672;-3731;-4487;-4392;-3848;5807
-2914;4518;3783;-5531;-3739
-5950;-2032
-4994;-3811;1831;4111
-546;-5143;-3225;2537;3514
-818
-2612;-5333;2997;5768
-295;983;1256;-6862
469;-2089;1338;-2335;-5375
2923;1996
-5945
305;-3291;-5008
1849
6435;-490
5506;6693;-4139;-4573;6300;5375
2597;1302
2114;1587;5930;-379;2842
3283;2667
-6038;-5036
1458;4934;3175;2599;1097;-2189
-501;-3992;-5291;-2315
4289;3473;1300;6276;-1113;-3145
841
-4941
3449;5465;122
-6721;-2801;-1157;6136;6413
-6307;-4677;-5835;-2494;-4590;2574
-4515;-4533;-3784;-1707;3450
517;5197;6398
3777;-515;-997;-1132;-1983
5121;-2438;6726;568;1113
5472;-3140;6515;-4566;3033;-319
400;-6102;2846;-4143
4976;-2071
1881
5920;5888;1603;1077;-2520;4250
930;-5971;4330;3386;-5582
-1885
-6155;3245
-6407;-1192;-4224;-1328
-1466;-2843;490;1148;4094;-3311
-1891
-6326;2662;-6219;-4107;-2237
-6739;323;-2119;-5645
5990
-978;1174;-6731;3614
483;-3405
6194;5587;4361;4205;2030
3826;6203;6206
-6323;4471;428;6382;6879;1327
5543;1801;4990;4303;2671
-4279;-695
-1301;5205;374;-4970;-301;-910
879
4115;-1557;5642;4171;3803;-4030
-1080;-1292;-6703
-1512;-5624;-6298;-1836;-5070
1780;-1595;3771
2933
-3461;5061;1878;2903;5129;-3456
-1493;2379
2498;2019;-3655;6087;-461;1567
-4985
-4717;-271
5344;1509;4070;-4759;877
-2195;-5141;-1757
3540;-591
343;-3294
-3889;2992;-978;-5666;1990;2600
-3093;-3446;-797;-879;-4560;3679
3304;5513;-2203;-2637
4704;4394
-1892;3811;2455;-2216;2925;943
-194;4148;5798;6522
-2068;231;-1833;1916;5741
-3366;-840;-569;-4492;5279
-6241;-2514;900;3252;-1098;4783
1522;-837;5352
3073;-6226;2773;-1899;4221
918
-1944
-5955;-4643;3573;-2183;-3707;3803
3254;2280;6184;-2606
-2292;-5015;-1976;-427;-5276;4846
6044
-5295;-4847
-4209;6082;-1460;6855;-6553;-1641
-3288;6872;650;-2285
-6839;-1256
6322;-5895;-2379
-2385;4402;-6836;3428;5910;5626
1635;-4790;-296;-4331;-1179;2907
-1958
2933;1254;2840;2825;301
6279;-4538;-300;-2380
5037
5198;863
982;-1609;-2364
2994
1392;-444
4025
-6049;-3112;5133
-5316;-5112;-1792
5051
-5794;-283
-5053
1981
4164;-6617;-6698
-6081
-5937;20;-2213
-4229;6725;-1532
5573;6407;6456;-4159
5188;1832;4557;2701
4040
5314;1224;3801;-3226
3141;4316;5709;3613;-4544
1088;-2471;-1400;-24;-5337
-4594;-4166;5941;-5834;1533
-5986;965;5430;74;1516
-1333;-182;-598;-3984
-1405;3406
4400;-3601;-5398;-1501
-821;5173;-407;5404;-4271
6291;2790;1433;6761;95
2451;-2135;-1371;2766;3150;3294
-2945;1314;-375;-1387;-1646;-1071
6532;-4248;-2808;3563
5170;-3150
-2369;-4561;-5682;-4777;-4090
2548;-1549
2544;-4965;-6218;-3133;-4910;-2752
-4532;35;-3221;-6379;-4605;-6878
-5989;-2485;4645;-6086;6601;-763
-354;-1677
3547;-3132;-2447
-785;-497;5648;-2334
3044;2932;-6681;111;-1440
272;-1110;5558;1322;1115
1114;5020
2755;6650;93;4829
-2114;-4709;-3846;2661;846
-2517;-6471;-1484;2286
2384;-5451
-3153;-3492;2470;-522;2651
-5151;6703;2543
