2124;-5198
-1719;4713;-4859;-187
-321;4465;3847;4300
6836;6216;-4074;-605;1871
-834;-1685;-223;-2383
-6625;-1528;6439;137;-5022;-3647
-5410;-6068;633;1625;6141
6730;2363;-4991
-1029;-5909;2410;1915;2622
-291;3372
-4387;6356;-4619;2636
882;5275
-1058;-4970;4988
6161;4770;-4867;-2644;6836
3366;-6456
-6646;-1568
3106;338;-6454;1929;6222
2393;-2415
-5762;515;1194;-6381;1932;5406
4528;6738;-5097
-1055
-2080
-4261;-1766;-6839;-6476;1902
-706;-5204;4851
-3057;-6754;-3587;-6808;5834
5879;4942;4575
-6883;1724
-6055;-4200;-5097;-2027;954
2088
-4081;-5298;-2792;-394;3307
-6401;-1025;-3959;3150
-4657;-6776;2173
-1068
2752;6338;-772;3913;-282;-5760
3117
5441;2323;5913;-320
5746;-5849;1465;2395;-3294;-4606
6190
-6293;-4538;4363;-4848
4050;4308;-5000;-3705;-2778
1409;2978;5907
-1090;3254;6823;4328;-1996
-2525;-6750
-1217;5371
881;-4069;-906;-3322;1211
-61
-6022;-5307
-5013;-6317
2402;4151;-2461;-5709;525
-4178;-1609;-159;-6415
-6845;-2446
6100;2166
5697;1218;6471
5744;-2914;1715;4435;-714
2848;-4595;850;-5876;-471
4171
3334;-567;5837;-336
6197;-6120;-1931;-4267;3660;333
6226
-1909;-3802;-219;-4716;-2958;-2863
1172;-2997;-409;5433;-44
-3159;-3069
-4182
-3402;-2830
5633;-5051;-2719
-995;-2932;763
5158;2569;2605
-1117;-5952;-4288
1411;4825
3170
-5298;5195
-5896;-6495
740;-2893
-5346;3556;-124;-240
-6401;-3873;-2681;-5630;5167
-6358;-6377;-154;-2844;6300;5231
-3955;-5691;2348;-78;5471;4063
6177;2757;2170;1498;-1227
1626;-2763
-4260;4099;-4581;4838;120;-329
-3633;4515;211;1624;-5903
3779;-3496;-378;6810;-1211;-1294
1504;-1621
-2307;-5413;-2873;4715;-3068;5756
1280;-2675;5254;-5642;3950
-4934;-4570;-300;-1581
4320;-4422;920;3481;5037
-3194
803;6484;-5846;-3354;3307;-4589
-2172
-611;-5227;3020;3965
-5235;-4106
4159;5183
1008;-6369;6001;-3351;2584
6104;1402;2221;-4480
5024;1616;4788;748;5359
-5272;634;2461
2048;5251
-6282
-6523;6666
-4240
3314;6870;3308;4061
-5269
6400;916
2553;4763
2368;-5944;503;-2488;-2781
-4817;-1511;-2524;4606
-4785;483;-1750;-6314;3481;6682
-6038;3288;2664;-3339;-3904
161
4316;-5502
-3667;1192;6312;-3676
-3346;2986;-2875
450;6882
-3197;-157;6590
-2215
1969;-10;5081;2459;5308;-5424
-4705;-1009;2473
-4689;-5300;-4518
-2402;1400;619;-3980;-5024
-4684;1948;-2560
3733;4933;6152;-704;2447
2802;226;-4773;1567
3080;2811;431
5465;5291;-3056;-4448
-3928;-350
4826;4571
4690;-5093;6517;-6873;5037
4279
-3427;-1881;-4093
-4282
-5311
-1700;3814;522;-6619;719
-553;-763;-2172;220
-5801;-3611
4292
6531;3862;5062;6281;3038
3809;5393;4309;-5270;1174
5416;1496;1499;5148;-4142
6387;-5162
6816;5367;-202;-5632
-5590;-3432;-3472
4816;-1332;4757;3992;1642;5787
-2961;-5825;-4917;-841
1360;-1857;-1735;2778;1709
-4610;1274;4316;4093;6399
1840;5042;-3894;4569;6300;-4432
3745;-6356;4554;1341
-2405;-4759;3336;4890;5294
3409;-1970;3881;12
6196;228;-6030;-3680
-4759;1078;3894
-1076;3684;6822
2312;5070
-1240
535;2184;1593
-323;-6777;-1694;-2687
-6241;596;-2118;-6792
2144;-4205;-4302
-6340;1350;2263;-5705;-4671;-2480
-5393;-2611;-1965;-5615
-6849;3553;-4102
-3308
-3522;-3475;4738;3519
-6852;-6332;-5486
3309
-1713;2882;-6528
-3326;1038
-5360
-4450;-6389;4166;9;-3164;-5774
1594;-5087;-2895
3184;3841;-1637;-4120
-4066;4452;-43;2973
3905;2163;-183;-3593
-2584;-6879
4402;692;-6365
481;-2292;4470;-2413
-4343
4946;4329;3260
4067;-69;1496;-2173
80;-882;819;-5848;4553
6722;2292;-2614
2336;4261;1160;-3357;-733;2734
-6324;-760;-1530;-1914;5001;5788
663;-5928;264;2025;682;-5136
3747;2662
-3338
100;-1701;5608;5833;6858;-5168
-5388
5586;-2163;-5171;-3641
-3342
529;2306;2137;2892;-61;-2414
5389
965;69;-4009;-5259;4891
4433;5158;-3657;-1994;2479
-433;-1750;3498;6698;-428;-142
-1270;-794;4170;1322;-4815;2687
-4375
5824;-5202;6274;-5591
2016;6803;4347;3915;-1101;-1360
371;3892;-1381;874;-2749;3373
-1699;-118;-2937;-2701
287
771;-5064;-6236
4611;1823
-6481;2114;-2020;-169;4716;524
3687;2749
5412
2389;5558;6684
-2293;6857;-2782;-735;-2207;4527
-5729;-4997;-1850;-6156
4258;5318;-6205
-5417;5115
-5108;-681;6091
5954;-2579
-1059;6550;6078
3828;4922;-1531;2302
-614;1237;-4072;6829
-5443;-4501;5238;4183;-206;-6750
538;-3211;-876;-6829;-1054;879
3986;1091;3800;4251;-6638;3039
-3121;-2314
3043;5011;5748;709;3384;-6314
6835;-6517
3859;4198;3768;5902
-3554;-3935
320
-5025;-4883;-6359;-4535
-4481;2002;-3304;4327;-825;4650
6705;-4533;-4544
1169;2039;1213
-2562;-4292;2419;5752;-6765
-1355
3696;-3366
-6580;-230;5957;486;1724
-2383
6001;-4119;6793;2953;-2255;-1871
4431
-1361
6786;-583;-5865
-4755;6707;2088;3482;-4411;3373
2964;-6101;5236;-2567;-6023
-1154;-2050;-755;2195;1267;5966
-3300;-4155;-2444;5947;-1133;3711
-1633;-3837
3158;-1784
-1370;3242;-2224
6256;-1767;-4281;5082;-6668
-3361;-5685;949;-6518;-5196
-2546;-6002
-2404
1379;-6522;-5454
-3974;3615
848;-4785;1044;-4582;3159;-2188
-5206;-3126;871;5050
-5754;2319
-6010;3598
-4643;6030
3877;-2489
2705;3341;-2608
3057;-1555;3097;-668;-3565
-22;2870;6310;-4794;-4476;2526
1391
-5986;-5620;2132;-4070;-1322;-4959
3088;2688;-756;1187;-4125;3406
6432;-1410;-787;-789
6433;2467;-4264;2906
-4471
3447
691;-5406;-3856
-1412;-5284;-2645;4934;1161;-6349
-1816;-2186;4381
-5058;-5525;87;856;1066
-5268;6153;1881;4282;-2571
3701;1802
-6780;4830;6430
-1000;2409
-4545;-1684;-3821;4543
-6531
4897;2937;748
339;1256;845
-17;-2993;-1458;4132;-5180
128;6269;3215
-6851;-3204;-2569;-4778;3146;-6621
1892;555
-135;1478;-4855;3306;-3135;6814
-1954;-4952;6503
-713;-2763
-786;4802;5400;2555;-304
-5668;5783;-1913;-1276;3963;6684
-6552
-3937;-4264;-4346;-2746;-5596
1876;5702
-6710;6299
-2453;5397;2586
-5671;1161
5965;-2480
-4561;51
5923;85;3608;4031;4175
3877;3782;-2122
-4292;-2999;-297
5716;-4921;2409;-4191;2431
-4426;1562;5787;-208;-5184
3824;-6294
-5937;6080;1697;2674;6147
-1442;5254;-2908;5356;-5838
-2882;-4533;5076;248;-4476
5600;-311;-4458;2554;2414;5887
6434;-568;776;3689;6476
-5608;-3869;1885
4521
-426
1450
-3761;-434;-1573;-5671;-1720;4539
1472;2817;4981;-5831;1903;-1840
6288;-6169;4762;2718
-6733;4252
-6583
-5467;-2815;-2400
-2321;5836
1470
-3522
-5489;-4101;-1101
-456
-3532
-5538;-835;6408;6701;4701;5406
-145;915;-2472;5162;-6287;2367
-116;569;-4971;-1292;1759;4511
5880;-6603;-749;-3087
-598;1849;-783
6612
3684;5351;-3288;-3048;2891
4052;-1534
-5569;5489;2289;5637;2890;4076
-3551
-4282;1754
5554;-2549;-486;-6839;4087;2764
5905;709;5133
1511
304;2672;-3467
-4530;2513;-6244;-5398;5272;-6442
6369;3845;1543
288;-5669;2730;3786;-2655
-2597;-1997
6225;-5445;6470;3487
-1954;2277;1198
1464;2264;-157
-5442;44;-2271
3704;-6122;3626;-3566;-2559;4415
-5858;-3332;-4389;1159;654
3968;-4984;-3135;1646;-4143
6647
4601
6709;-6632;-6728
5973;-1144;-2272
6655
-1619;4616;5706
-6127;4479;-912
6656
-986;1581;6558;-3568
-6195;5299;-1382;-5529;-6777;-1291
4610
5377;3622;3805
6661
6662
-4771;4775;1431;6253
-2594;4165;-6166;4901;-827
1385;-6555;5690
-2037;-2551;-31
-5732;6255
-388;1427;-1564
6628;3800;-3770;5482;-6494
-2612;-1462;5515;5452;-223
5646
-3107;5848;348;5630
1273;-6122;-6811;2010;-1119
-3889;-4998;-858
-5586;-6303;-928
322;-312;5898;429;-5808
-5717;-6855;-2304
-722;1586;-4134;887;6359;-3437
4637
544
4128;2632;6074
258;1973;6774;-2375;-830;6013
-1473;-4119;-79
-4391;3736;1192;1885;-1872
3625
6700
2605
-3313;-6523;5181
-1262;2061;-6815;-5808
5505;-210;-6131;-4549;3530;271
4769;5007
-3634
-2161;-1172;5899;-5183
-1426;2914;6374;1177;4653;1215
4546;5348;1335;-5480;1385;606
2392;6746;5771
6420;1030;-5851
-4260;-1525;-5033
1601
2198;4378;4634;3883;3918
3888;-6770;-790;-6551;-2648
-3713;-805;4293;2426;-1615
-6788;6243;-6886;744;-1071
-6131;851;6646;3814;-6795
-6689;-3010;518;696;-3372
-581;4692;1112;4494;1119
-289;1926;4280;-44;-5277
6273;-1698;-5492;-5579;2669;2206
5025;6088;2796
450;6803;-806;3286;-456;-488
3673
-1629
-82;-2573
-3522;-4281;1179;-350;2270
-4098;1441
-579;374;-2266;-3676;4511
3184;-6868
4626;-1966
-325;6244;3541;3077;-4297;-2506
3096;4249;697;1789
2664
4404;-5257;235
2673;-5837;-527
-3825;517;-6775;6522;1259;-366
19;5720
961;5077;6406;-6872;171
-1250;-398
2288;340;4839;312;2061
4756;1862;3223
1346;-1637;3988
5749
5477;1240;1163;6062
3405;1325
6149;5750
-1987;50;-5433;285;-6864
368;4364
-446;-2240
4389;-2728
-4644;-4906;2766
-4053;-5623;-4344;-1544;1612
6600;-6572;-4108;-5776
4737
-3036;1327;2351
-5764
5891;6083;3828;6838;-4589
3716
6295;2983;-1465
5766
106;4636
-213;3558;-216;-1817;-2986
2707;-1654;730;-13;-2574;5550
1675
655
4673;-6552;-1130;-3792
-3467;-2316
2081;116;3448;-2811;-123
-6548;3654;-2568;6202;-2125;-1327
-6291;-5318;-3705;3243;1167
-3090;-5588;-2776;-2572;-3024
-4261;-1749;2271
6017;4663;-5822;-4191
-2355;-1364;-22
1764;-869;-1030;-2039;3867
1666;4035;-312;-5592;1901
-4790;-5689;1161;-4669
4225;-3300;-1879;-4151;5916;-1487
-2642;-4148;-2772;6837
-4438;314;-5019;-5871
-1268;2974
4704;-5393;1970;677;343;4526
4100;4776
6162;557;5133;-2335;3215;-2832
231;3066;-5083;2811;1452;-1789
2217;-3213;-1791;-976
2840;-4602;6697;4972
4817;-2134;-1943;-3644;3599
-6739;675;-5483;-811;6285;-1792
-6035;3290
-1731;6308;3574;-6794;3435
-565;581;-4441;1497;-2702;-5310
3771
-5142;-4776
-5190;-5754
-4132;522;858
179;1445;-4648;-2954;6682
-5362;1750;4406;-6107;-5228;1643
-3813;-455;975;5023
3299;3445;-3447;-3336;-4936;2219
-3217;-6675;1765;200;-4543;-2575
6706;-1965;-45;2157
-2596;-6008;-2347
-1969;320;-2954;5244;-6478
4814
4032;2256;6756;1733;6009;5534
-3816;-3577;4620
1384;364
517;-3980;-6064;1631
-4257;5219;-4633;6349;-6478
-1681;6177;-3768
-1057;-1797;535;75;3998
-82;-1576;-1977;5464;-3162;4111
-5811;6821;854;2759;-5418;-5056
-930;-11;604;-1023;-2911;-4656
-1759
768;-370;2354;-4982;-5673
515;-5994;-2714;-2783
-6035;1197
4432;2421;-2042;4971;-3919
4097;-3352
-4066;-6034;6200;1753;-3964;-3852
6706;-2228;3685;2362;6332;-5869
4865;-20
6613;-1767
-831;3631
-3736;5495;-5449;-137
1781
-3106;211;-1973;-3080;-5402;-3792
-1860;-1380;-6694;-5160
2503;3375
4856
2116;4885;-6653;2461
3169;-1893;1754;-2926;-862;2543
4859
-1361;1443;2132;4933;-5054;3791
-5886
-6214;-2744
-6885;1483;5580;-3358;2414
1472;3390
-4386;-6756;4230;-1024
831;-4672
-3907;-105;6829
-4881;3954;1351;-4844;-3519
84;6836
6819;1091;-4763;1725
-3850
2135;4618;2124;221;-128
-6262;-2939;-5932;-2383;-2719
6261;5784
-5697;4983;4569
3936;1989;5051;-6093
-450;6177;5379;1097;5994
3072;-4145;-4772;6634
353;6707;-6710;-3415;-1824
-2565;-5608;-4872;-3338;-3868;-5118
-5914
-6469;6037;3543;1451;-6382
6774;1190
-6241;-561;-1603;5350;-4911
3968;2435;2586
-5192;5527;-4779;1307;-5916;3134
-5287;-3916;-4908
-2817;-1234;-3332;-2838;-1289;-554
3872
2276;-3401;6025
-2758;1816;-3451;-5757;-2943
-753;3606
-2929;6866;-5915;5855
4568;1359
6400;-195;4421;-1900;-2798
-5796;2634;-5839
2993;-4098;-3803
5905;-1395;-2149;2548
6790;-4153;-1741;3741;-752
3886
6384;-3522
-5347;6152;-5819;-6044
3891
-948;3959;6743;-394;-878;-5615
3333;4074;1898;1754
-5571;54;2728;2331;1279
-3927;311;-5178;-221
787;-541;-2095
-289;-2584
-6790;2280;-414
-4882;6450;-5236;-1062;-4296
1440;-1653;-5671;4759;-4829
-6545;5041;4066;6135;6297;-4942
918;120;6360;926;-1904;-4560
2099;-647;6553
2224;-71;-248;-3064;-6664;4936
-6505;-5599
4406;-3566
4160;4417;226;663;6045;-334
5780;-3910
6133;-2246;-6231;4459;555;-1823
5139;-6374;5416;2811
-4945
2704;-1042;-3587;6871
5970
769;6388;-271;5502;-5456;63
-4561;-611;-4605;6877
-2904
-3929
5978
3699;-5210;1114;-5583
2258;4482;-4148;-4479
263;-2426;-2796
-5601;-6527
-1889
-4818;-5843;3059;4197;5295
-2913;5283;-5894;4550;-5001;5866
-4818;2945;-5587;-4745;-3004
6857;459;-6684;-909;4221
-5157;4645;-6506
5683;3752;-6076;-4909;-6381;-3183
-4979
883
-1937;-3045
3860;-3981;-766
-5656;-1376
-1300;2189
6256;-4924;-5296
1712;2593;1825;-4213
2942
-1919
-5512;-4666;-958
2034;-4100;-5111;-3145;-5934
2961;-1370;1117;239
-6705;1164;-480
4369;-1416
-2641;-4915;-6070;3398;3339;862
-5214;-3887
2901;1049;4126
-6056;3367;-4539;6075;6158
6630;-3289;-2430
-5777;-6226;-3012;1813
2781;-6768
4642;-3396;4969;1498;-1678
1122;-2165;2828;5276
6279;1881;1834;5931;-3516;1822
-869;2776;2301;815
5591;1480
2930;4322;3939;-2374;5423
-929
5569;-6196;1556
2273;1138;-3605;-4392;-1466
-2770;-1654;-3033;4776;-5419
-4482;3042;-131;2442;-5899
6210;4978;-1039
-5617;-2498;-3475;1435
4010
-5443;4245;4636;-4383
6819;-4134;-716
-1703;-1293
630;6286;4974;-6847
472;249;-2332;-1118;-4975;606
-1981
-1907;2051;-6084;1574;-87;-3674
6480;-3137;-5191;-5483;-4893
96;-671;4607
-723;-6627;3221;-1127;3271
-2513;258;3715;-6841;-4797
-4166;-894
1425;6306;-5795;6196
-1665;-2710;-1497;76;4141;-3406
-1573;-3573;-4853;-6844;-5632
6094
3876;6852;-6635;-6061;236;-272
2328;5832;-3098;1113;-3148
-6577;2170;-2045;-6736;943
33;-3540;5108;6549
2772;4676;1726
4960;4488;-6492;4491;-3103;2783
-3618;-2834;-4105;-5838;2094
-6110
5910;3980;6462
-3459;-5493;4708;-1100;4351
-995
-6355;-1908;3893;2350
-3045
-6119
2417;-3461;-1385;-1353;731
-4455;-1977;-4153;3438
3888;-6604;2907;813
-4098;-2402;-4806;3036;95
-4083
3579;-4590
-1814;-2952;4551;-5917
-2403;6869;-5783;-4816
-4787;6291;6195;3208;4441
-5329;-1225;970;5148;2476
1729;-2915;6146;-4343;2920;4648
-2372;-4458;-3406
-5225;2795;-640
2884;187
1248;-214;3958;5247
