1888;-4275;-5715;-92
-3015;-6203
5474;-2870;-5207;570;-1533;492
-5409;6070;-3736
-6098;-3155;-2404;-3709
4545;-4537
950;-3165;1565;-1407
1056;2931;-4311;5880;3194;475
-2843;-1468;1228
-6305;-2151;6423;-5929;1806
-4915;-4551;486;6729;5594;5884
-3217;-3363;-3272;186;-6732
6000;-866
-4114
2432;-6550
3061;-287;2367
-3169;2617;78;3567
6337;5060;-1159;-4073
323;5061;-5408
-4513;4369;-2242;3400;-3086
3090;-5926;-4358
1317;-4103;3836
721;-995;-3290;5930;2780
-2076
6738;1765;-6006;6747
6257;3684;-4629;-6366
-5153;5490;-5802;5705;3706;-3915
-6348;347;-2223
-2706;6449;-4514;1829;3211;-3213
5713;2906;1515;4235
-2694;4053;4409;6091;-543;4079
-5715;1583
-3574;1718;-3336;-125;-5984
4320;-2534;-3768;-104
-3331;-1828
-1063
-5379;-2151;1336;1032
-3937;-6394;-4864;-5328
2091
-6243;6535;2456;-956;2221;3198
832;-5284;-474;-6812;5006;6687
736;-6514;4705
-5665;4835;2724;-2968
-4370;4319
3139;-15
-2148;1284;4569;6667;-79
-4908;-1294
5024;1265;-4245;-5910;1758
5265;5558;-5879;1790;4590
-4018;-1291;603;527;4239
3200;-4964;-6871;6808;2232;4782
5972;3384;696;-5887
-3682;2587
-5544;153;-6234;6541;-110
-6689;4102;4346;4460
4179;3340;-3135;3886
4738;4247;-1417;4376;5548
-1243;-875;2030
6788;2213;-4060;5387
5536;-4269;-5997;3615
2850;1219;-742;-3802;-5760
2141
3715;6261;1563;-2912;6831
-312;-2985;4939;1917;2974;5855
3593;1631
5332;-6171;731
5764;-3435;-2636;3487
-6887;-2362;-1100
-5441;-5462;-1495
-111
-1779;-1644;236
1139
-5905;1771;4685;5709
5985;-2123;-815;143
6480;-3238;-215;-6184;6172;3247
2165;-3688;6716;5726;-6703
-6268
6613;5798
944;-914;-2505;3262;-6032
-2214;-6105
-4389;5894;-3416;936;-6096;-6368
1715;373;-6824;-4041;-3674;-4061
-3203
-6872;4715;6383
-2729;-4572
6497;82;-2679;4425
-6312;6279;4874;-4975
5476;-3415;855;-3210;1853;5743
-1492;-6086;-3931;3387;-5326
3744;6749;1933
-5511;-5895
-389;-1802
-7;-1624;-560
-1169;-4339;-2069;-855;1660;-542
-4073;2123;4143
5;1445;5834;4126
-5032;-1704;-1387;-4781;-2607
3714;-3866
-4460;-4909
4763;6638;3087
-2881;-3539;2170
4626;650
4820;457
4253
6371;-1205;-3448;5003;605
2154;61
4484;2682;1178;-2032
5458;338;3268;-6455;3608;-926
-4453;-1863
2416;1120;390;-361;702
6467;-2373;3256;4858;4347
3245
131;-5428
-4273
4787;510
-6434;-6263;5818;2701;5471;-2496
-6754;-3892;-3869
1040;-6056;-3001;2715
19;-201
6327
-5653;1093;4746
-66;6387;-2613;-1834;-4110
-2237
800;1139;-5092;-3470;4382
-2244
-3826;3588;2262;-3384;-266;3870
-5401;-2890;-4140;3595;5324;5757
-438;-5975;71
-6342
4771;-4571
816;4513;-1032
5321
-4435;6738;-2508
6634;-6428
6267;-4012
6657;3556;3224;-941
1233
-3586;-3695;3278;-5424
-1268;-1772;2076;-271
-1027;813
2102;-4360;1020
-4370;-3475;-1012;743;5851
-5810;3224;-1725
-5335
99;776;137;5065;3308;4142
-6279;5037
3986;3926;-6711;4136
3488;-1060;-363;-4542;-3886
-6341;4261;6394
-2002;-1074;2132;-4810;415
6366
-3323;1964;5278;-3168;-528
-3476;3251
2163;3509;-6374;-4024;-44;-3648
-6017;5122;-1413;3557
228
3200;4097;-925
-536;-2766
4288;38
6768;-5290;-4492;2781
-4330
2082;-2309;-1814;5478;4584;-3692
2849;929;2162;1891;-425
-2357;-6427;-4768
-3173;-2150;4533;4103
-6419;3858;5063;1211;-2448
3314
-289;-3026
-5281;-4418;3224;3368;-208
6131;4351
3429;6031
1906;-4648;6058
-6216;6460
-3028;-1686;-2700
-1333;-3564;6731;3532
-3221;5116;-4190
689;-1014;4647;3561;3629
-6002;-2938;-4364;3915;-2126
6818;6756;5910;-2487;-4456
5808;-5432;1979;2188;1855
-3588;-4216;4539;-6078;3629;-3758
5377
-761;-521
5248;1298;-1136;-2080
-6258;1903
933;6495
-3496;-2910
961;-3606;4715;4702;-2415
-5894;5739;-6254
5752;-1392
5792;-2851;4616;6442;6747
-2916;-3496
-2805;3333;-1821
-2964;-377
-3395;-2180;-4758;6184;-2105;-160
-3492;-5996
1896;-3755;1583
1777;5539;3199
-3988;-901;871;1737;4605
-964;4842;6638
-1745;5961;-6397;-1998;2686;-3904
1140;-1448;-2362;-1084;-5900;-2912
3408;-3028;1910;-3977;1966
-6597;-87;-1320;1580
1306
-420;4756;5285;-5465;4318
-3105;-4504;1962;-6814;2958
-2418;-4861;1871
-2305;-627;4952;2363
4145;1317;5066
-3362
-2666;5003
5072;3178;-2590;-6575;622
-1217;-1570;-6471;-3886;-4959;-3695
-6439
1680;1570;467;4595;-3366;-4650
5203;-1351;6685
-4500;-1607;-951;3959;414;-6832
1325
-6466;-6180;-5590;-3112;-6697;2141
-4712;-5834
-2363
-3388
-273;5559;2248;-4971;619;206
4414
-1713;5856;1060;2287
2194;-847
1749;3446;-6543
-6193;5059;-2247;-2922;-2138;-3148
-4818;2445
-3858;-1075;-499;-794;1883;1966
-5449
-3329;4449;4328
-4117;1739
4260;-299;-3630
2379
-577;1586;-3390
-6545;3457;-6149;5129;333;-655
-1092;5492;949;6249
-1217;-1733;2788;3190;4476
-2772;-4310;-6282;-4700;6588;-1150
-2388
6497;-709;-5448
3289;-5581;1949
2064;5860;-6135;-2825;-2106;5533
345
6492
3552;-1267;-6260;-503;5785;-4730
-6612;-2952;2219;-1200
322;-42;3740;-3664
-4455
-1461;4572;-3471
2410
3317;1142
1014;4521;5373;5839
-4658;2274;4693;-280;-3883;3243
3523;5036
4448;6159
1457;-4618;2234;-576;1871
-2776;6217
5492
374
-1946;-5597
-4593;-4019;-5110;-2878;-1184
-3764;4982;4119;2412;-2253
4273;-3125;-6645
6658;-164;263;-314;2125
-378
-380
-4482
-2935;5372
3088;4769;-3285;2358;-6541
117;-6794;4698;-2684;-2797;5022
4870;-2728;5002;-1038;2479
-6725;6600;3594;3947;-3102;-2896
241;3219;5718;4329;-3162;-734
5394;4375;921;970
1269;2200
-306;-3364;5092
3471
-659;-3267;-1509;1877;4841;2190
5506;980;-5752;423;1432;-4015
1942;-2556;-5728;1839
5531
772;-262;-1210;286
2461
-2161;-146;-4872;1996;-3455;-2016
3487
4384;-388;5396;-3855
5641;4812;3789;-2287;4847
-6037;-4811;6332
1849;5707;-3040
-3282;-3190;405;923;-1423
-579;4810;-5742;2958
2474
-1451
-5242;3787
4368;-866
6450;-3466;-4027;-1436
-3503
-1350;4619;6717;1998;1759
3473;30
4481;5633;2578;5140;4103
-1460
2483
5556
-715;-2509;4685
2914;307;3467;5803;844;4510
441
-4673;3105;-2658;-4709;6293;-3944
6560;6288;1154;1911;-812;6845
-5618;55
3724;-1597;4141;5150;-3599;5935
3317;1222
-1762;-6874
3792;-2161;-2147;-948;-1029
-5477;6548;-5239;-201;-3529;4381
-5155;1445;-4905;3050
3124;-4615;6566;841;-2399
-1784;6392;-1088
5569;3425;-4183;6649;-5551;5806
2848;837;-123;-6063
-1586;6420;-1735;-1560;-6090
-3989;-70;-2090;573
6064;242;-996;5048;-4783
456
-5042;-6188;-493
4844;-4384
-5603;5971;-1856
6257;2067;-2900;-2335;-1600
5088;-6003;1382
-2308;4455;3272;459;4940;-2159
-3395;-4265;-2025
-2518
-4310;-5807;6574
-1956;-852;3876;-709;504;6777
-5913;1343
1171;4667;5902
4112;-4817;-2982;1397;-919;2730
-3169;754;1604;3256;-939
3636;5972;-4679;-380;6173
-962;5288;4446;-1119
1088;-1574
-802;-4307;6323;-1014;-3759
-5860;5285;-1239;5804;-143;2783
1511
1872;-4659;-3796;-278;1385;1916
4786;3445;-4600;3835;5310
4585
2098;498;546;-5540;5960
-2371;-6262;-5180;-3072
-4597
-2469;-1174;-5159;1132
3248;36;-6502;666
4513;-935
-1531
-696;-5966
-962;2505
2980;-1384;5559;4633
6433;4716;-3455
-6756;7;-3496;-764;-2832
-4578;1474;1551
1253;3177;-1164;5455
3061;597;-3591;2511
-532
3604
-1219;4792;2202;3515;5996;1631
-6434;4118;3624;5641;-6413
-3669;6133;-4508;-1568
3459;4757;1077;-311;5896
6066;-2963;-3272;1467;6093;-3776
-5927;-5882
-1313;3985;-566;-2022;-71;4631
4147;-4299;-2223;-3295
-2707;4546;-1668;-6534;-3322;5038
6695
1605;6406;3807
-6700
2631;-1096;-5164
3490;1496;5257;6701
2945;1110;3724;973
-5874;-451;1255;3688;-6557;-1839
5617;1796;4727;-3259;-6271
880;2646;-6138
-481;-5217;-3111;-1640;5789
-2213;-5799;-2797
6438;-5868
-5505;5966;110
-5692
-5169;5937;-3389
-3646
-6582;-6440;-1566;861;-2208
5571;-4997
-6677;6341;-1175;-6295;2670;-6704
-3987;1363
-2884;132;-678;5462;2639
2192;100;4103;-1724
1992;360;2458;4877;1134
209;-2245;-1401;3609;6779;799
5349;5736;2810
1829;-5863;2855;4408;3053;2493
-5187;3796;6391;1592;-170;-1741
6385;2183;3529;2140;6829
6130;-2295;-3944;-479
-5042;1300;-5053;5134
-5709
-403;-5978;-1376
-5457;-1959;2730
-67;6595;2644;2677;-3068
6734
4627;1031;-5067
823;3865
-1618
-594
-2137;-1609;2124
32;1076;-2118;4680
2306;6485
2820;-6492
4498;-467;4390;-2255;-4479;-1087
-1796;3987;932;-3983;-6447;-4560
-1474;-6631;5453
-2654
-4703
6423;-1641;-4175
3745;4250;-6251;-109
4708
-3942;-2218;2474
1638
-5108;4181;6359;5422
6410;4447
5235;4515;324;-3312
-6169;2478
1030;-412
-18;-6757;-6470;333
1682;4491;-4526
-2787;6389;6821;6470;-3659;1726
-625
-6683;5355;543;-2912
513;-6355;4190
2624;4008;3214
-5218;-1846;967;346
5696;-3018
1847;-2793;6697
-6776
4727
2533;6118;-3919
-2002;-2546;-187
-3546;-6747;-3227;-6576
595;-5370;-2283;-1484;4766;2111
4257;1238;3846;-508
-2532;2616;-1369;-3456
-947;2994;3607;3183
1671
4112;341;-5558;-3639
-6225;-3957;4663;3610;234
-5010;6487;990;-4143
-481;-5234;-600;2590
-3728
2703
-792;2570;3998
-1687;-5064;1176;4345;1916;-3392
-5443;-171;-731;-2509
-6806
4818;3796;6168;1769;3567
966;-2655
833;3498;3022;6623
6468;1636;-271
210;-5781;-6317;-5197;-5646;-464
4764
5014;6503;-5737;3081
-5730;-4053;4135;-3819;5757;2015
-2341;-4475
-5906;3601;2584;-3593;-5551
-2981;4949;-271
-2017;-2931;-2607;-4383
2737;-787;3845
-34;-1667
4564;-6266
4771;-1592;3786;-6286
-3539;4708;6182;-3724;1151
-1539;-5288
-4779
3756
-2962;-603;2554;-4797
-337;-247;-6249
-6137;-6841
1427;3359
6256;5251;-3592;-6201
3426;2650;3322;5549;-943
4096;-1237;-741;2919;1799
-3015;-6759;-1159
3237;-3627;-543;-4880
-4759;1081;-1034;-6224
4306;5610
-5446;-3591;-2712;-6361
-6609;5778;-6359;-6123;-5213;6558
-2836;-940
816;3237;3819
-2341;1158;-2631;-6135;4122;-2047
3073;-6038;-2171;333
5057;-5478;-6046;638
-3781
-1794;1203;-1319;5838;-1888;-1328
6842;15
6861
-6194;3361;948;6886;-4283
1240;-4009
-2770
505;2043;1420;-335;-863
-634;-93
5617;-4754;3602;2262;-2928
368;-486;1870
-845;-909
-3573;2425;-1630
-4556;-2319
-4050;-1284;6324;-1740;1117;1391
-6741;-5258
-4833
5632;1604;3333;2983;-5514;6010
-4033;180;-5964;-2189
-423;-5439
3814
-769;-5284;3132;-6110;3166
-3637;-1303;94
6512;869;-602;-5226;4954;-5755
5825;-2392;1415
-4996;-6489;5609
755
-6625;356;2646;-2254
-3249;4471;5352;74;6220;-2896
-4869;6151;1895;6601;3865;427
6117;-1260
-4585;-2172;667;3341;-62
2038;969;-3771
-3747;935
3805;5151
2706;597;2053;-3209;1114;-2495
5658;1259
-3089;-4822;1445;-1895;-1632
-212;-20;693;316
3861;-3510;5353;-2765;-112
-5941;-6294;1271;-2104
336;-6581;-4776
5552;6562;5523;2230;-1674
1348;4015;3615
5746;-5940;1863;-5626;-2974
5000;907
-4689;-294;-3609;-2443
3250;-1432
6579;2501;-5214
-2843
-6610;4337;-3092;-437;3032;-5195
-798
2880;-4196;-1387;6110;4559
1666;2131;2839;5209;2267
4017;6115;-5381;2247;-3371;251
2019;5511;-3976;-842;-735;2926
4960;-2118;-2262;-1384;3566;6239
811
-6611;6151;-584;-441;-6496
-6692;-4008;5178;-6555
-785;5649;6401;-1206;-5149
814
-6162;-2226;-1174;2069;-492
6465;-6450;-2457;5388;-77
-2994;1272;-5244
-1569;-1304
2418;5977;3694
-5362;-84;-6424;-1912;2778;-1086
5019;-3164
5778;-5621;-3037
-4356;-6485;-3304
3200;-2278;2198;-1722;1483
2884
-1873;-1722;-6349;-3183
-3778;-4963;1316;-1609
-1926;87;-6346;3259;-4111
-3701;4341;3941;678;-5672;-3504
-3602;6771;2650;-3166;-782
2320;1601
4;-5976
-2823;-2151;-1385;-4733
6628;-1680
6872;4714;-3902;-1712
-3683;3058;4742;-5210;1948
-857
-1988;3396;138;2382
2215;-6169;-3098;-4047
5168;866;-2821;-24;-1306
4513;3509;5241;6237;-5326
2147;-1285
-3732;-5126;-5831;-3419;2909
863
-5985
114;-4051
-4305;4996;-2085;-1520
-6468;-4822;1207
706;-3142;-872;5198
-3185;-4721;1080;-2234
5537;660;2395;-238;-2958;5711
-2584;-6477
5910;-4168;4121;1694;4575
4448;-6114;5620
1251;-6809;829;-5374
-4986
1682;5352
-4988
882;3084
213;-3468;-5581;-3533;-1839
1010;4094;1935
-6178;2210
1524;5516
2679;5370;-6126
-4949;-3110;4377;493;-3183;-672
-4725;3096;2890;5867;1965
-6722;-1673;-4796
-579;-3285;6407;-4361;6728;3161
5072;4386;-6505
1169;-2075
-5003
-961;-674;1877;6232;-3165;-352
691;1828;4597;4341;1947;-1231
6676;-2954;-4444;-1212
-1349;1623;2686
-5650;-562;1220;-422;-3691
-6100;-3006
3636;-3799;-5871
1344;2424;6363
-5012
3888;-1799;3948
-4281;-1757
-3252;-202;-6730;-3279;-4864
2464;-4466;6201;-6106;2826
-3249;-4529;-1253;154;-604;-5775
-4481;4386;3252;-4079
-4518;-1322;-6348
6129;3803;3279
-2771;6582;-889;-1290;1339
-2;261;6810
3088;5763;-4583;3622;6728;-2427
3586;6308;250
1953
978;4292;-3194;-138;-6667;-3372
-4339;6600;-3787;6555
-2982
-2433;-6403;-948;-6638;4223
-689;5857;4243;1557;5178;-5996
-4613;-2936;2600;1372;-3503
1987;-61;-4912
-6708;-5689;-3931;1052
1008;947;2059
6064
5041
4232;809;-4096
5052
-2082;6561;4611;59
816;3122;388;-968;-1532;5279
6083
-2978;3713;-1363;2660;-1068
1328;5202;-3739;-2092;-6028;267
3013
69;729;-4538;-4395
-1859;-5224;-5149
259;5830
2002;-2403;2728;-1356
-4047
3313;6878
-241;1298;3794;1246
-1265;835;5669;-3238
-491;1470
-2262;-3839
-6418;-3590;-4286
-755;3047;6554;5450
6107
-3506;5517
-1506;-2558
-6369;-2311;1543
5618;-1545
-5100
4614;4552;5935;3311
4672;429
-2035
-5857;2277;1797;-4781;4110;-3680
5360;4548;-5128;4570;-5263
6112;-1126;491;-5565;-1952
1987;-3238;-1640;6442;4138;-1551
6738;3497
4657;-2936;-700
867;1688;-1306;1225;-428
