3249;5042;2069;-120
-102;4727;-4624
-6788;-916;-4587
2050
-819;-6759;-6761
-4082;5234;5843;-5878;3624;-5770
-2707;2715
2056
4706;4867;4889;1930
2784;4145;1629;2925;3886
-5132
-2593;3601;1300;6454;6184;6572
4487;905;-4352
-6772;-582;3688;2559;-3008
3281;5475;-544
-5142
-4787;6567;-6811;-112
-5377;1350;-1118
-3575;1498
2737;-3428;-3354;-4874;5147;670
6522;-4587;923;-1805
4577;-6819;2271
5763;5715;-1400;-1853
-4194;210;-5252;376;-4473;-5134
-6835;6882;2986;5611;-1440
6650;3629
-4914;708;-4032
4320;1026;-180
-5553;-5609;-3226
-3657;-491
5858;-5807
-5108;-4920;-6412
1760;-4178;-6548;-5958;6392;284
-2097;4195;1460;-1466;4107
-3527;5512;-5114
3181;1997
3909;-3851
1401;-843;3579;-972;4062
6753;195;3556;1240;3035;-6527
6259;-5572;5464;2106
-5891;2997;1802
2122
1137;1158;-1307;-2861;2974
-80
-81
1536;-6418;6466;-5686;-5066;1919
6432;-5133;5694;-4864
6224;161;326;4776;-2190
1989;6284
-6473;-5950;-5071
88
4421;6551;2428
4289;3174;-5369;-6236;-2093
-3267;-2215;1292
-4191
-3828;-2245;-486;5557;3942;-2844
4402;-1141;4699;6156;3388
-887;-2283
-1842;5451;-4734
6194;-4536;-6767;-1343;431;5919
102
-4200
-145;418;-1110;-6058;601;6399
6337;-4626;-372;-620;4862;4766
4166;-651;-6445;6110
-4917;-3384
1602;-437;-570;-6703;1903
-3841;-1186;-1880;4713;954;-1947
-115
3938;-2799
-6017;-4869;5572;2126
4757;-5006;5485
-386;6514;-755;5187;4902;-6128
-5345;482;1593;2013;5471
-194;6438;5623;540
-1795;-5411;-2037;-3452;3727;655
1146
-4673;-3460;-3765;-2922;-5900;-912
-6388;-6774;3049;-4351
1151
-3382;-328;3838
-1251;-563;6771;6391;3117
770;3143;6652;5949
955;-6208
3104;-6338;6003;3508
2731;3311;-784
5259
-6547;5826;3238;5814
3949;-543;2878
-5971;-2314;5071
-2433;-6401;-1230;-1344
3216
-1893;5943;-1499;3116;1357;-6879
1330;-6074;-3595
-2610;4807
-2289;-5412;1737;1049;4553;-2862
-6152;2281;-940;-6846;-5791;5006
1393;-1539;4500;6041
-2937;2781
4864;5424;-2962
-3794;1784;5368;5865;6539;4877
1430;2727;-584;6476;6495
-2917;-5034;5017;6442;5374;3566
228;-1366;-235;6655
-1685;6573;4494
4739;36;5190;74;-4380;654
4790;-3597
-1393;1222
-6261;2218;5070;-4271
1473;407;-5993;-157
2726;-1528
-5763;5252;-3418;2955;6332;-2111
-6305;6720;6482;-3030;-6040;973
2592;5874;-1253;1530;1677;3069
-546;5539;-4309;4872;5887
5237;4982;6346
1479;-6782
-1752;-4604;2077
-5909;2199;-3641
5303
3344;6017;-3477;-3462;-2463;-4240
-3780;6534;-264;-955;268;4526
3257
1345;-3501;-6222
2304;6531;1592
2310;-6777;-5468;-1517
-6408;3484;3644;493
3443;2869;-5099
-3263
4002;5798;6775
-3927;-4458
193
1223;3929;2041;1194
-5699;-660;1347;2595;2219
-4295
-3475;-867;2933;-2886
6838;-4471;5001
-6363;-1007
6386;-2089
5386;-3037;6047
1152;6240;-2133;-6681;-3452;4669
-6078;-4303;-3136
2255
-2438;-3918
5142;3803;-4734;-2976
-642;4083;675;5700;6166;-6554
-6401;-1377;-4611;-1110;122;5995
-859;-1404
-6148;-7;4058;-5563;-5868
-5153;5633;-1285;5220;921
4020;-5354;2575
-6362
-3699;707;-439;3833;-5339;621
1584;664;3081;4109
-1250
-228;6597
6422;-3120
5633;-979;4794
-2282
2001;-4147;-4871;6635;-877
3637;-4856;1691;-4988;-4109;-830
5617;-3767;-6186
6453;3589;182;-5626;-4282;-2604
3970;-5236
1281;470;-3975;-4583;1946;523
1160;-2427
-4537;-5947
4690;-1671;4217;1179;-2317;-5855
5409;-1011;227;-2252;-4671;2542
4467;2947
3254;-1241;1306
-6619;-1821
1170;101
-66;5750;-408;4460;-5391
-5251;4628;-1686;6654
-5926;556
3347;-3094;-3576
-5442;1093
5373
-1073;5986;-5288;-5497;3471;2655
4309;1902;2239
1413;-6793
-1196;-2350;5855
-4227;4489
1288;4095
4537;953;-4203
5956;4999;-681;-5915
5124;3749;6361;3945;3612
3696;-3042;6487;6407;-1945;-4171
-2793;-3616
5027;-439;2845
355;243;3011;6581;-407;6875
-275
-776;1051
5778;4536;6347
-4552;-6669;3774
1570;-1850
4181;199
-4243;-2188
5635;3871
-5975;-6521;1962
-6547;1110;1530;1565
4283;5227
-1731;2;2837;-4476
6176;-5881
592;6880;-2499;4551;-4108
-1409;-3654;3846;-106
5123;-2697;-3963;-91;1326
5425
1696;-3490;-5426;-3880;-3545
-6482;-5412;-1727
1746;-5988;1895;-2059
-1601;5026;-2936;-1897;73
-5477;-5915;474;5791;-3376
-2323;2011
-887;872;4520;459;-6304
-6460
-5436
2755;-2454;-2935;2057;-4221;-3710
-107;2300;-3534
707;2458;-800
5763;4037;-3831;-5648
3924;-6295
5443;182;665;2586;-2572;-4957
-6468
-4421
-3634;-4690;5940;5780
-2339;-6181
3557;-1578;3469
-243;-324;5623;-2825;-879
-5452
-4899;-3717;-935
-338
2385
-6483
-4869;5207
4497;665;5627;4911
-4531;-4020;3479;3338;-1680
-677;-6343;-5095;1342;191
-6561;74
608;1699;-5111;-2969;-4044;-1790
-3122;562;-5443;5380;4650;4460
2088;1404;-1101
3057;-5288;5115;-2541
-245;-1304;4970
-353
3219;5043;-2701;1966
1281;-1642
1232;6384;6131;6836;4407;5066
-6803;6581;-3943;-2279;5862;5039
-349;-4111
1218;4266
4071;-2681
-5586;2374;6040;-3548;2110
-3860;3492
322;4403;2916;6756;-6861
-6484;-6488;6282;3530;-3486;-4990
4529;6499;-3623;-4792;2878
5430;1752;1145;3309
-81;4504;-5706;4345;-620;-5888
-6452;6742;-3736
-2405;-1254;-4791;-202;-4012
-4474
-4514;4385;-3995;-5470
-6033;6592;4145;1861;-3807;-6208
944;-195;467;6357;3286;4879
-1918;-3583
2451;-5925;-3398;-4071;-4798
-2369;-252;191
2430
2431
-837;-6757;6183
-386;-1156;-1717;-1237;12
-35;-4245;-5326
929;3557
-5990;3548
-3418;1929;4954;-3069
4387;2264;-1135
-1424
-209;1384;2603;718
403
-6371;3238;2937;5722
-5217;4709;-2264;-265;-6590
-411
-1124;-2359
6801;1073;-6424;-1945;-2989
1185;1942;358
-416
-2689;-2348;5455
2800;2560;4536;238;1551
560;-294;4773;-2569
-5382;-4199;3737;4237;6702;-4672
2851;4424;2367
3130;-2703
-6883;260;-974
-372;-3130
-4296;-2281
1952;-1812;-3240;3164;222;-4815
-4337;-6646;-5480;5405;-2688
-2693;3770;1404
1601;5956;2759;-3738
-1617;2810;556;6156;-3374
-1977;-1017;-6441;-6362
-6581
5558
-6290;-5107;-1252;-3366;3288
-1464
-6770;4481;678;4906;-5211;-3644
4806;-808;6202;-5663
-6038;6327;6298
-1217;1876;4904
3733;1686;1527;968;-302
6589
273;-6232;5720;445;-4831;-1968
2243;5325;-3023
4545
4402;-164;-6133;1652;-3468;2236
-4548
-2708;2454;-1000;4218;4655
5299;-2885;120;2014
5234;-2279;1593
-1281;5829
2503
455
5712;-4457;-796
2510
163;3717;1703
6328;281
-6065;-6499;-2371;-391;838;-3388
-2582;-5466;-2954;-4747;-6224
6209;6292;2340;3255;823;6125
471
-3875;5906;4403;-4968;-105;1160
4835;-6336
-2036;1396;-2038;-871
-4449;-309;-550;1205;-6010;-1630
-1637;-933;261;-1246
483
6627
5604
3520;4562;-1747;6520;1965
-1985;5250;-3671;4987
3616;3013
-4052;2436;-313;5487
-4017;-3446;-5866;90;1487
3560
2341;231;-3101;6556;6765;-4112
-4402;-627;-5594;5756;5359
-6075;4554
-419;3267;724
6129;-5224;-6041;-3883;-3339;-4528
-459;-1179;4189
-4738;-6553;3850;3548;6445
-1457;-5426;6213;-3533;-1519;-4000
-6092;-1791;-1839
-3286;3685;4713;-3069;-3293;3805
2400;1;-3315;-3612;6059
-2946;-1734;4166
-6036;4200;1848;-751;-4896
631;907
-2263;3194;-622;6351
-5447;-5311
-3256;1454;-1791
2866;6774;-5355;-5388;203;1422
-6372;-3876;-1878;-2734
5653;4088
1857;1426;4467;2934;-1689;1775
6021;-3277;4476;3453;-879;-5168
-721;-1350;-1079;-2280;5963
5904;242;1668;4998;3081
-884;-5833;2009;-2539;3979;2733
3124;-5638;4139;5054
3968;-2754;-1750
2290;6520;-3260;6747;-4592
901;3077;-1390
409;-1419;-1580
6260;3237;1288
3392;3160;5865;-2555;3995
-6691
-3489;320;-6689;3365;-1227
6470;-3868
-3601;6882;1714;-5551
-6565;-4806;4542;127
2677;1928;-5978;5529;-3597
-3810;-6466;-4995;4505;4537;-1500
-1266;-3143;-3803;-5900;1263
-6211;-5706;3916;-2431;3727
368;-4179;4579;-6027;2172;1502
-3034;-3675
-2161;-6520;-1103
570
-4059;2463
4338;4306;2948;5960;-1007;3486
-2994;2965;-520;-3101
-1608;3209
-4835;-1398;-2538
5253;-4599;3434;1981;-751;-5904
4340;-5544;872;5311;-6592
3861;2873
-6754;2532;-2379;-1275;-6031
5266;-4853;4456;846
-2308;4270;-6655
3668
2881;6162;2052;-1591;-716
-6772;2291;2860
-3539;-6341;1511;2650;-6143
2289;2417;3539;-1050;1596
1565;2109
-386;6849;-2820;5575;1243;6526
6644;1800;-28;2430
-2657
3681
3812;-1462;-6713;1690;2061
2080;3760;-1299;5098;5934;3471
4595;3188
-3476;5976;-4141
-1521;-3075;2374;-1208;234;-1518
595;-4287
-621
4898;819;2726;-3305;3896;-4318
-6768
-4537;-4283
2162;5556;6173;-5072
4052;-2552;-5593;-3275;-1455
6329;4541
1250;-3658;-491;1226;-1439;-6736
784;1378;-3430;-4841;-5790
2480;-803;-3525;-5174;-2829
-1393;3250;4162;-4485;4701;-4575
2432;-5161;1675;4764
-3987;4629
-210;-4419;-709;6564;2136;-1696
192;-3269;-119;-778;3324
6169;-2447
-3321;1646
-5587;-3860;3433;1260
5810;5988;-1063;-3147;-6555;-4763
-3731
-5782
-2945;-5234;3628;-4303
1364;-3979;4300
4203;1708;-1182;-5392
-5111;1375
667
864;-5630
913;-4656
3602;-1380;-4423;1687;-1183
3570;3332;6410;-6397;2973
305;1860;558
1618;-3512;6124;4638
214;-6391;4985;-1581;6524
1648;5789;2717;4862
1667;5939;-3430;-2702;-1358;-1823
6643;-5960
3756
-3224;153;-4782
5158;1001;-6845
5189;6760
-6392;2923;5341;2910
2173;-1487
1712
6432;-6451;-3719;-5149
6852;-2061
2200;543
5492;-4678;1832;-1950
-6555;-2987;6797
-5817
-4905;-912
3908;-5365;-4780;-6460;4831
2747
3925;-2104;-2265;2329;-2588
-1682;-2805;1156;-2668;174
265;3034;-4045;2479
-6385;-6005;5252;3356
-6003;-38;-3849;-5226;-4749;-1326
3782
5301;-2294;-6792
2760
-5585;-2298
6393;426;3114
-2753;-2788;-3991;5576;-298;1487
-1778;-70;-636;-3357
-6131;-6246;-3704
-5845
-4962;-391;-1576;-5097;-2012
-4635;-140;-5167
2645;4969;-859;-5003
-1730;-1107;4164;-5128
-1041;-737;-5635;-486
730
-732
946;-5156;1798;-1256;-1740;1599
-4290;-2573;1005
-3813
-2019;2759
-2218;-3644
4677;-5320;1129;-3115;1887
-4582;-3306;5274;797;4607
-2050;-547;5629;-3776
-5554;-4851;-5683;6499;5448;-2748
4848;-4103
4112;-3613;-6366
6448;-4977;3683;6857
2532;6261;1734;172;-366;1679
6131;4860
-2850;3347;1279
-3842;-1283;-984;-2170;-1690
836;-2411;-6620;-367;-1279;1919
-2929;-4198;5177;-3179;-1627;-1168
-2196;3688;-2410;6652;6286
3856;-6759;2377;-2140;5470
4803;5828;-984;329
-277;5077;5255;-3977;3899
-371;4418;2862
-4906;5516;4252
6672;-2375;5259;5243;-2768
6736;5522;3026;-1205
384;6595;2262;-4378
769
-2561;1725;-960
-2643;1812;5226;2028;4669;-5200
-4482;4216;-5946;1343
6801;-4275;986;4429
-387;3819;-5839;-4895;2431
-913;-2660;3315;2120;-1087
1377;1430;-5564;1980
-539;907;6604;5070
6501;4517
4482;3700;-2282
-2226;-6738;6264;4971;-3053
864;357;-2534;-5615
2831
-3860
-884;3705;-3613
-4805;-3285;-5063;215;-2042;4972
-3681;6453;-439;-6888;-1805;-4672
5173;5959;5528;-3034;540;-5182
4848;2707;-2462;-6014;-5920;-5216
5937;1253;-2185;-1136
1511;-682;-3676
277;-1575;-1580;28
-4258;1697;5333;5927;-5848
-3634;-4340;-6154;-2602;-460
-1542;-439;-5998
5333;5990;-3663;558;-2288
2861
-2322;-1881;651;-5456
-3345;3412;4276;6501;-4215;1354
3010;-6454;6358;3788;-1917;5247
-3509;3237;-1627;5788
2023;-5914
-88;265;1369;4393
-2251;3070
6370;-4549;-1257;-2364;-556;508
4919
-1851
-2772;-3351;749;-2622
848;-4056;5419;-6112
-3902
-2979;-2975
1765;-1273;6280;2255
-5300;-1736;2104
-2163;1794;-4682;-443;-926;1487
-369;-2516
1331;-6603;-748;2844;-3806
1862
-849;3414;-5852;-5744
-514;166;2490;4077;5454;6574
-1288;5199
-2533;-4118;790;6155;-3917;733
-5025;4962;-2611;3369;-2427;4621
-3588;-5447
-2545;-3665;-2866;-2823;-4954;650
1040;3613;5758;2719
-3920
-1525;4299;1003;6287
-6786;5812;-3958;6199;-1134;4815
499;-1355
5369;173;-6399;-1855;-2240
-5882;-4717;2572
-4722;-237
4595;-2762;-555;-2352;-2864
296;2618
-2465;-6835;-3259;3498
3942
-2453;-6069;-542
1286;-3835;4141;1727;-1424
4241;-4516;964;951;-905;1161
-5908;-2373;3367;969
612;1141;1305;6380;6798
2927
-3813;-3211
3296;896;-3330;2970;5242
608;1892;5551
-3926;-4128
-5714;4164;5928;4158;4639
6624;-1987;-2455;-4094
4850;-2870;-2806;-235;3979;-3807
-3433;-6399;3822
-2498;-6585
2498;2595;395;-6717;-1375;1710
3969
-5238;1511;92;-1501;4237
-1169;4627;3573;2397;2735
6819;-2741;-4951;3821
-4997
2227;-5178
-2931;3043;2838
-3827;1564;-2736
2743;5176;5272
-4050;2721;-3671
-3986;-6468;-1173;-430;-1136
5377;-4454;6125
-5044;-5061;-3575;-6138;-831;-3808
-373;-4805;4884;5295
1856;-5943;-6172;6653;6559
2000;-2484;5494;5719;-6747
5731;-3032;-3162;-4604;2108
-469;-5814;-1800
-1124;-6244;-1740
-1442;1835;6492;5102;-832
3570;231;4349;1198;-3312
-1124;5883;1278
-73;-3918
-3268;5988;-1801
3044;-2313;-1754;-45;-2927
3995
160;764
-6048
3460;-1158;-350
-2130;4647;5580
-6807;-6414
1792;4530;2726;3325;2510;-2687
3714;5412
-2436;4423;-5898;-6333;92
-952;4424;3176;-1343;-3344
-5650;-408
-5998;-5182
5124;1369;1721;-4202
4368;-826;1804;6525;-3872;6255
-5040
-146;-5845;6102;-1273;6202
944
-1363;4371;-3839;1775
-5957;-4325;2054;-5657;6764;2079
2754;5684;-5797;-3562;-3104
-3002
-2421;441
4262;-5384;-2538;3436;6653;5791
-3008
6837;3339
-6850;2814
2896;3830;-5031;6118;5438
4992;-953
-6676;3944;-6842;3484
-5460;-3781;5861;2296;30;78
-1368;4393
5553;-1363;6004
4016;-3402;1388
593;2514;4822;-999;-4936;2059
-6620;-12;-3246;4799
3030
-2065;-1285;2363
-2085;1076;-5285;4283
4466;5078;-1389
-3317;-1302;-1535;1070
2224;5121;4642;345;-1102
-4675;3044;5285;6501;5992;204
1490;5764;5445;4570;3179
-3041
4722;-4822;3334;-2412;3246
6258;-1159
5638;-1864;-6827
5987;-5557;2077;-479
-6628;4597
1728;273;644;-966;-440;-2250
6131
1347;-4407
-4985;-6267
4745;4460
-3785;5823
2038
2041
3772;5422;3087
6651;1535
2296;-2779;5598
-785;1521;4376;1530;6650;6159
-3497;298;1151
3520;-4629;1113;141;878
