-6835;-1358
-5793;-3010;-4386;6500;5501;-1886
-1752;-2237;3983
290;-2312;-1056
4920;1230
2625;-2740;-6616;-2456;987
4105
1073;-2107
-5603;-3595;-1053
4946;-3413;-4616
-242;-4889
150;3511;-3272;2089;4703
-2596;6036;-1724;5483;-2478;-6784
1863;6344
4995;889;-5662;-3311
-3809;6786;-996;56;1051
-4916;-574;-1696
5923;3059;4228;-6613;2134;-6665
5558;535;2089;-732;5036;4942
451;-3129;-5535
3651;4519;5275;-112
-3797;-1510;5000;3820;-6607
-2070
-4099;5749;-2841;5117;-5359;3503
1051
6721;1299;-6215;-6650;-2764;5532
2948;-1400;-1544;1545;-4650
3411;-1656;1752;-4444;907
-355;-6262;6197;-4094;-6783
-857;-1323;4027;4332
-4497;-3731
2581;-4044;4574
41
-1235;-4952
4272;5265;-3351
-33;-2899;-6328
-1153;5504;-3205;-3241;6124;3183
5828;-3094;-2774;1398;-2522;2233
-4072;3000
-1095;-5097
460;-4605
-2098
2067;6756;6105;-5691;3100
-4628;-503;3032
3448;6847
-3683;-1494
994;1111
-762;-2368
-2665;2606
-69;325;597;6233;5098;-1886
-5418;239
-594;-5211;-6653;3182
6203
-3046;503;-3662
562;1714;2083;726;-5575;2600
-6342;-4988
-67
4449;-5610;-5324;4366
2917;-1112;-1546;-2636;6543
-5910;1743
3504;1289;-1051;2588;6028
1094
2035;-5812;4869;2311;1787
-5193
-376;2216;-4986
700;6542
6007;1335;4810;-4347;-2652;-6253
6181;-2009
3553;5522;3316;-4869;-2759;-590
-5422;-2095;4367
-3943;4550;-6094;-3808
-6226
4178
-1377;-5029;5371;-1660;-4559
5732;5765;4230;1689;2251;-5245
-2469;5977;-4621
-4129;2640;3762;-1159
-617;-1002;-1435;1628;2540
-3283;5795;3525;-5479;5574;5223
-6291;-4405;4628;-3525;-1767
5281;2084;604;3517;-1151
-6117;-3197
1264;3442;4356;-1702;-2150;1032
193;-2110;-238
-3873;-4549;-1287;999;4503;5341
3140;-3190;-6231;2073
112
-897;2213;-4124;3996;-1072
-4547;3463;-6203
-329;1471
-1143
-4216
3799;-4268;1436;-846
5877;3046;2463
5428;-2234
2976;-6675;-2568
5570;4152;-4478
-5202;1569;3922;-388;-6405;-4887
5246
-4866;1701;6726;-4923;-2862
4790;4104;5688;233;-1853;3551
4001;6849;-5599
-5057;-4323;6163;11
-3969;-1617;6744
-4274;-5586;-6438;-1672;-602;-1021
-2897;4225;6308;-871;4412;4319
5330;-5467
-5892;5558;6152;-4042;-5582;-4527
-2917;-2073;5130
929;4034;-724
371;822;-5002;-5151;1647
6752;-2141;606;-6128;6175
-3220
-1585;-6052;-2452;1846;219;-6461
1714;4578
-5928;-4441;73;5673;-378;-2317
-1409;2929;-5068;-3020;-5870
3936;3041;-6450;-119;-5680
4497;-3860;1930;-3743
-4914;5876;-6089;6191;6255
-2065;6251;6206
-914;-3750;1798;-5673;-4926
4438;2887
-5990;6007;1165
-2787;6467;-4251;6714;-6411;5550
3505;5601;-1774
-3779;3614
-2039;-4937;-5387;-5211
1473;-5778;-1653;3096;-5674;-847
-4440;-5583;-6528
4835;455
5512;-2268
2289;1221;-4086;-6567;825
-2999;-5354;-6158
5255;745;3242;-875
-566;5304;-1243;-3803;-893
-5633;-2737
5985;-2213;-1112;-4362;-5678;-991
5925;-6105
2033;-5699;3542;-4155
2235
880;3844;-5767;4263;4455;-4416
-3138;6024;-651
-1384;1386;-4288
-3267
-2999;1910;-1323;2606
4357;-3366;2567;5853
6339
-6036;731;-1742;-1344
-3108;148;-6456
4905;-608
-1475;4354;6541
1152;6675;6228;1512
690;-5655;1415;4327;-3706;671
-1169;-2693;-3029;92;3517
1234
-2193;-3351;-1672;3000;6427;47
3762;4406;-2615;3401;269;1230
354;-1512;-80
6259;1843;-2768
-4162;-5427;4675;1415;3704;5130
-3290
1668;-4616;2604;-1918;3503
2265
6384;19;-6624
-6235;4476;-4830;1247
-5317;-1786;-2714;4475
134;4987;221
-1368;1143
706;6469;1238;6247;3421;-4543
2930;-2703
1180;3837;-6271
-4001;-755;-5429;4425;6843;171
-4328
3112;-2880
-18;-6099;-1400;343;797
4178;68;-4013
-4321;3906;-4663;-1049;6075;6430
-6708;329
6286;-4000
-3697;-3445;-5944;5992;-5818;2431
668;-6830;-6158;2862
-2420;-3966
-2340;-2984;5369;-1232;-2848;-5424
2544;773;-5564;-3006;2781;175
-3176;903;-2076
-2018;4318
-2913;-5533
-2980;-6140;-2844;6251;-5198;-5728
-241;2336;-6177;-477;207
4100;-1749;677;-5622;1207;1643
-4884;-1518
1283
-264
385;-4116;-3557;1909;-521;-2558
6128;-5633;3585;283
6884;-1494
-1722;2234;5515;-4940;-2383
994;5219;2728;298;-6748;-3789
-1137;4482
-4145;-324;-1950
-5298;-70;-903;4474;-4623
6419;-1525;-2232;473;-3691;2879
-6537;-3450;6637
4248;-3968
6113;-2855;-2282;1947;3501
-4343;-5960;264;601;-61
4381
2400;4029
-5506;-4498;6423;-5385;-5612;-1070
4208;-6544
6819;4394;4202;6283;5228;-6158
1570;-5974;4632;-2877;3454;5630
64;356;709;188
-6075;-1388
-5201;-3571;1613;-3024;-4448
-3331;-1893;1079;-1369;1119
-2244;4148;4534;-2043
6839;-1674;-3019;-6542
3372
-6226;5971;-1479;-2743;4175
-627;-6022;4214;40;3722
-1332;3736;-2298;714;2988;591
-3763;-2278;5737
-3379
1303;1581;4590
-2712;5660;2479
4169;5358
-6825;-4207;479
-1339
1921;1251;2263
-6865;-4147;-6744;-6398;4382
-130;-4807;2585;-270;-2815
317
-5441
-1588;-2519;-1335
6098;-652
3497;-4619;4554;5887;-1824
-1249;-2145;2692;1032
3403
-3105;1281;67;-4007;3209;174
4952;-2572
-3265;6179;3259;-5838
-3978;5338
5894;-6811;-3022;-5615
5456;5842;-1043;-2936;3258
5489;-3103
-4648;-4616;5641;-748;3294;-3359
6336;3027;5444;-5094;-2844;-4476
6593;-2629;2281;4361;5099
-790;4207
-6491
4568;2169;-330;-4763;-492;3291
-1619;-180;2517;4877;-4543;4415
-6611;3411;-5413;-5286;-2647;-5309
-5811;-1047;1386
3072;-4086;6491
6502
-393;-5088
4838;-4478
-1386
3204;-4590
-6065;4339;260;6004;-716;4733
-5121;-669;-4814
5106;-1603;-6822;4441;1290
-5206;-4376
-5486
4629;5977
2625;-1108;-5973;-5926;4557;-6831
6256;-2980;-4346;6559
3601;-4905;6795
-3319;-6312;-3128;-927
2288;5255
547;-2612;919;3128;1466
1400
721;-2242;6040;-5276;2158
-3345;3299;-1356
-2147;2116;4537;-2080
-4438;4200;6761
-2946;5829;2007;4312;5519
6531
-242;6081;-3290;-2160
4481;6415;4863
5537;-4112
-802;-5603;6546;-5663
1338;6795;5581
6626;-1525;6566
-107;-301
1876;-3736;5339
4672;-6838;-711;3289
-4154;2714
-5121;-4269;4878
-6708;-5286;-427;-5165;-1264
5351;4283
3477;966;-1977
-4262;3222;2791;-2170
6565
6832;516;-693;-1114
-3495
-6657;-2466;3718;5770;1083
-6248;3051;-303
-1795;6885;6120;-2171;5835;-6255
-3125;2021;-2296;985;-61
-373;-5177
2336;1057;-4683;6476;348;-4078
-4131;6726;-1327;799;-1632
708;-2440;4087;-699;5005;-6222
-6519;5117;-4160
1505;5538;-5335;782
-20;6788;2212;5992;6762;-2860
-3594;5323;5245;2685
-2497
-4290;4823;5976;5992;4335
-1553;2420;-3786;-669;2110
2000;-5249;-98;6643;1065;-1854
-5218;6040;2186;-5915;-5454;4829
5138;-5208;-3164;-4397
-6869;5381
2311;6344
901;-4518;-1968
5296;-4819;3458;-3382;2411;1597
3537
6436;-2342;-5463;5527;-3658;3038
-3539
2066;5123;-4710;-5499;4511
-2518
-6740;5416;-1196
1616;4568;2328;2872;4093;-5790
1584;1860;4871;11;-6829
3797;-4423;5149;3119
1088;4227;5107;-2780
6225;324;4629;-3799;4937;4543
6432;6331
-259;6789;-2358;-2672
-6407;-5799;-252;5836
-5789;1215
1424;-3011;-1255;1353;-6158
2979;6715
-2371;148;-6215;3305;4700;-6191
-3396;533;-151;-93;-6590
5872;6566;1356
34;-1320;4936;-2142
5606
-4705;628;424;3305;-202;2061
1444;4071;-5983;3006
-3896;3160;3275
3566
5744;-3657;-1689;4585;-250;-3215
-4018;-574
5378;5660;-2350
-2854;-4377;-4505;-2554;-3744;4223
3290;284
-4500;-101
1200;-6827
2581;5205;5621;-647;-2012
4689;-1222;6742;540
-3313;4131;2884;4013;989
-5297;-4502;-2408;2812;-5456
2299;-2815
-120;1367;5593;2892
-6261;-1880;-59;-2559
6036;-5270;550;-2860
5600;-338;262;6680;1803;-2221
3522;4131;-985
-5646
2566;-2040
-6675
2439;4765;-528
-6387;-2038;-5420
4896;2064;-886;5544;3754;2572
6000;-5410;-5605;2072;-5790
-4639
-6866;4312;-1883;-5487;4255
6064;-961;3637
-6051;-5845;-3003;3150;-6703;6639
-1954;-2228;-1405;2989
-2054;-4039;4472;1579;1615
5330;2583;2056;-4300
2784;4417;-4408;4523;-4573;-6366
2808;-6431
1837;461;2351
-3251;3234;3642
-1522;-6356;-4949;-4887;-2584;-6880
-2232;1064;1722
3781;5321;6588;-3871
-3829;148;-1096;2939;4171;271
-6702
-881;6016;3042;877;-4399
-6417;5425;373;-6026;-2267;6303
3240;4762;-3342
2545;-473;-4685
-4662
5728;2006
5202;-5895;5356
1463;-2808;-2857;3608;4233
4784;-1250;-3108;-1366;-1243;2751
5274;4511
53;3656;957
823;-1593;-5084;-494;-3439
4418;-2821
1111;2535
-5505;337;-4339;3283;3925;4921
-6516;5364;-6839;-6574;2719
5074;-6021;-5062;3077;1481;-156
-4769;-1830;2837;6359;-4558;-5791
-584
4551;-364;494
2641
-5457;4465;-183;-4540
6800;-2762;6653;-3952
-6740
-1170;4018;3107;-1567;-2768
208;2761;-5711;-2976
-6545;3399;-2575
-209;1369;-1851;1005;-1455;3791
6256;-6773;-3877;6184;5980
6747
-6449;-3121;3826;2163;-2532;-4732
-4533;-2023;830
1974;-4359;-6413
33;-2135;-5434;-3310
2482;-1876
3642;-4076;-1197
-803;5827;772;-2054;-2112
2486;169
3906;-3973;2567;-2841;-2315
-3585;6801;-5533;685
6753
2729;1978
884;-6278;6485;-1704
-4050;6232;-544
961;-6642;6709;-5742
5203;-5863;6397
-5740
6120;-3452
-2178;-5971;-5301;-3029;-4695;1096
2696;5099
-5586;-5289;-6461;-1359;-6864;2399
5752
-3857;-4488;-201;-3721;1516;-4222
-4552;5722;-5903
-5137;-630;6406
1281;4502;6247;-127
-340;-2634;-1196;2412;6495
2707;5220;-6134;-4854;-5674;924
-2162;4868;-5399
2722;5986;-6427;-5999
-2502;-70;-5035;5935
2695
5824;-2745;-1407
-227;6070;3002;-3070
-4466;6034;-3285;6185;-1757
3737
-3788;-6096
-4433;5907;-6087;-908;-2317
-2211;-1531
6064;-4049;2260;2139;-5744
-3743
5984;-5089;6051;5851;-862
4928;321;3297;6;-3159;-2668
-1521;2119;-1276
-5801
-3754
-2514;5618;4674;1098;4093
-2850;-2953
4404;-1802;-286;6559
4113;-5379;2422;715;-5550;5390
-2153;-2845;-3887
-3288;3983
-4534;-471;166;-6888;-5357
-3203;-453;951;-4412;4365
-4274;-3637;1063
2848;1394;-1910;1942;-4044;2524
4449;4900;-5784;-810
-5829
6739;-2341;-3320;-1790
-3889;-1080;-6093;5229
-2730;2014
-3811;-3333;6788;-3292;-4238
-3790
-6322;-3011;-2392;1758;5151
2960;-359;5239;-6348;4348
-481;1989;6381
5716;-197;-3528;4857;-1005
-3172;-5110;-2807;-3531;-2203;-1309
4516;5557;6011
6256;3362;-924;4319
1015;-1166;-575
5845
147;-1898
4850;3315;1093;4780
-4274;-5365;-3376
2026;-272
-1486;-1296
-3032;1273
-3619;2371;-2437;-123
5858
4708;-6844;-1229;-6463;-4224
6117;3838
-3813
1856;-274;3802;5741;717;-4958
-1329;-5400;-6173;2942
4928;242;-6637;-2350
-4841
749
-179;-405;-6425;-4078;5102;1135
1696;-390;3930;2525;-1888
-2489;5292
-6632;-6415
4305;-1987;6632
-5720;5160;-3755;-6604;4780;-4862
4856
762
6700;-1053;6253;-6622;5695;31
794;-28
-1306;537
-3236;-2841;4283
6385;4626
-3782;-3465;-3179;-2637
-3266;-2234;-3469
-6339;6466;-2331;-5741
5899
1461;-4503;-3882
2129;5819
432;-2898;322;1765;2184
4567;3384
5458;802;-791;2215;6411
1380;100;3542;4760;2058;-1839
-4198;5845;5658;-5357;-3758
-4439;-4539
-1778;-788;6425
-3217;-2691
2086;-6504;4536;-5003
-850;1416;-1356
3862
2838
-5667;776
274;-4783;-1407
3312;-2257;-3570;5556;2965;936
5044;1290;-5597;4157
-2849
-1974;-5256;-3035;2475;5692;-1776
-545;6417;-5882;-3579;-4540;6301
6437;-2399;863
4611;-4294;-1366;-782
1128;-6032
-2309;-3270;-476;-5183;5310
1044;-5949
-3733;-4506;-4859
-2948;5717;1115
-1981;-3774;1485;-3712
-3718;-6843;-4463;2943
2918;3576;-5677
-5938
4241;3429;-5014;-4231;-3032;1740
4163;-1093;-2089;6554;-6717
4528;-3516;2879
-2385;-2081;-5556;-1303;263
1505;343
2004;2006;4825;2601;3726
-4178;-6310;-4312;-2265;3948
6691;-5924;2110
146;5508;-2582;1854
-5474;2595
3568;-1714
3640;1869;-2623
1411;-4298
-4422;3673;-1467;1375
-2;-810;-190;-5983
2891
-786;961;-4004;4024;-3040;-2096
4658;-6700;3611;-4462
4705;-5603;-6006;-3243;-5836;797
2886;-6729;-2362;6282;-1951
3393;5636;2502;-6811;-799
98;-5237;3263
2199;-6845;-1326
758;-2889;-3402;-5563;-4092
-2903
789;6101;2295;2315;4716
5464;-635;6382;-2160
2275;-6631;3545;3069;-368
-5092;-5350;1833;3884;-6382
-3074;-5977;-4106
-4724;-3017;-42;-2302
3603;2709;-4776;-5115;-2412
1124;3386;3611;-1103
-6833;-100;4809;3305;-2908;-5294
-6001;-1478;3673;6732
-2932;214;-6074;4204;4252;1215
6288;-5139;-4505;6441;-6014
-817;-4162
4755;-5641
-1313;2679;-1000;792;-2188;4989
-4962;5875;3395;-3717;4394
-1381;-1562
-1985;4272;884;-5895;4711;1979
1776;756;5533
1878;-5849
-929;2323;2787;409;-2668
-4998
6771;-1321;3818;-5295
704;3264;3892;-5733;1848
3978
-658;5662
-4584;-2984;-3582
1984;5352;3817
-3227;6190
1041;4020;-3450;-6222;1646
-3859;5378;3493
-1943
6039
2098;4210;-4584;6364
3632;4704;-6674;1425;-5060;-3045
-1095;3882;186
-6774;2343;-3083;-5356;-2797;-621
1685;6598;-504;4713;-3371
1283;-2214
-932
1344;-1270;-2791;-5383
933
6833;6548;-4256
-3300;475;-3728;-2576
4009
-4322;-4154;-5181;6444;-2717;799
-4754;-4166;88;632;6522;-6430
-6017;5537;529;-5960;360;-5630
-3925;5588;6479;991
1271;-345;-3088;6175
-3762;-1803;2092;-6173;3582
554;-2172;-4446
5909;2206
4827;221
5298;-3975;4749
3477;-5414;-1307;6698;6525;1214
2949;-3904
-2116;-4215;3326
-6853;4952;-3152
3248;72;6456;2447
-4033
-6574;4589
6659;1470
-2163;1589;1144;-3582
6865;-5545;5290;-3244;3741
4369;2743;3479;-3482
-4246;-3723;2907
704;-6018;2914;-6853;-6376;-698
5619;-4028;1423
737;5507;-1182
-290;5352
3745;-5738
6102;-4106
6279;263;2823;5947
-3025
-5073
4424;1533;1391;2847
-5891;-6532;-4941
-5972;-5319;4216;-3098;2650;4495
1511;6266;-5612;-1184
960;1572;6152;5609
-6003;1723;-3871
-5091;-3063
-5979;-4223
816;4241;5605;-6487;-5164
-6177;-3554;-3091;2370;-4390;2587
440;3851;1822
2192;4931;-4629;5077;3929;-4362
-786;3829
2272;2820
-839;-2206
4883;-3508;646
-1169;1400;-4746;5515
-6122
-93;669;989;2509
2710;4089;3678;3487;6495
1680;2914;1576;-4174;1055
-3055
4275;-4215;4840;4124;1791;4527
-1007
242;6579;83;-6372;1253;-6888
-849;-1895;-6040;4729;4666;3469
-712;1496;3768;-3738;-6047;2175
850;1251;-3126;5846;4381
2343;4811
6832;6467
-5701;-885;-4166;4296;-3274;2574
4900;-2381;543
-4093
2822;3112;-4127;3311
