-3938;-2934;-3207;6668;1358
1066;6107
-4484;2407;5928;-730;-253;-1838
5680;6386;-245;4837;758
2152;-1120
4881;1460;3125;-4334
-2383;-3775
6224;2210;-3348;-5596;-4861;237
-1778;-1126;-3880;3559;-1305;-6749
-6759;-521;5577;-746;381
6704;1508
-4261;3399;-5306
-6564;3545;6121;1420;2669
497;5828;-2905;1112;-4349;-4304
672;-204;-493
-801;-2085;-4805;-1830;6695;-1296
-6097;-4771;-1252;-885;3864;1945
-4963;1493;-5832;6202
-3315;-5931
2338;4021;1094;-6749;-3807
-4128
2548;-2263;-4827;1438
2962;-504;3383;-5194;2459
549;3575;-1017
2912;5462;-6023;-136;-6232;1933
2248;-6382
1067
5164
-3699;-1223;3848
2050;-3742;-1424;5455;-240
-3320;-1853
-1121;-2086;-2317;5902;2127;-5632
3127
2106
2066;-148;-4790;4839;5547;-6429
-4212;2168;3245;-6383
4159
5183
-2570;4683
3140
-515;-4676
1921;1222
-4994;6243;-4232;4776;91;-783
-6689;-6833;-290;-3017;4460
-3649;3799;-5401;-5306;-2410;-426
-289;-1026;1282;-4888;-6425
-6259;-3039
-5108;-6612;1397
3059;-3589;4445;-4798;-4320
-520;-1612
2292;5656;3401
-3393;6551
2580;5701
-3937;3156;-1646;-5856
3633;849;6872
-2140
-2259;-4039;6009;-6443;2543
-4545;1777;623
-1931;3869;5326
-4195
-1571;-5556;884
-4183;-6160
-4546;2404;-4106
1205;-5322;6270
-6069;1867
-4643;-5700;-2121;-956
-6417;-4389;-4663
-676;2148;-2607
4834;-5062;-909
-3154;5271;4472;-4426
4560;-5585;-6260
-3926;4840;-1387;-3371;4298;-6716
2913;-5992;-4845;4733
-4274;6241;-1847
1760;-1640
5538;6227;183;-1256;-2379
-2617;447
3154;-627;2564;6299;1035;-2062
-1731;1859
-1205;-5350;2120;-3886
4224
567;586
-5395;-2105;6346
-1159
134
6066;-708;4602;-2285;652
-6280
5255
4498;4517;-2790;-5031;-5005;3948
-1121;-3701;-5590;-413;-5392;2767
1267;-4478
707;-2840;-1434;-1693
-107;3439;-4496
6284
-3085;6125;5293
3666;-421;-30
2720;-4295;2744
1306;6699;2382
-4066;-2119;5991;3466;3134;2958
1923;1015;-3088
-1174
-2889;-3708;5356;-4030
-5923;1674
-6562;4869;-3353;636;-190;2399
6296
6849;-4423;-5673;2696;-751;1455
-1758;-446
4707;-4935;-972;-1005
-5626;4445
-3985;-3073;3873;-5317;5607;-5454
-2207
4245;-6263;2603;-4862;-4078
-5393;5714;-6807;-846
6712;-1465;4650;5035;-5423;1919
-3783;2311;2984;-4751
-298;-1163;1293
6721;6760
-4531;2611;-5814;4075;-2656
1445;-3455;-2079;1870
-5410;83;6772;-1670;-971
-845;-6607;-912
-2833;-4512
1206;-1786;-2490;4271
1699;2213;3990;5606;-5279;142
-4036;-3668;-2053;-5337;-5567
4278
3927;3423
-6450;-2758;-5801;4586
-4546;4740;-5430;-70
-3261
-3191;2711;-1818;3547;46;6063
1092;1268;3866;3246;1455;527
-2611;3507;3816;-1786;-6477;3741
2064;5872;819;-3444
-2433;-578;-3267;-61
-937;-4379
-4321;3353;-1372;-1952
1799;5674;-4028;-3247
5544;-3977;3224;-4990
4768;-4968
-3852;-2495
5168;-984;-3049;-5434
4737;-2487
4193;-1379;1091;-2358;-3354;-6590
3121;-89;-1803
-6039;1754;6139;-3964;1903
1231
4133;1198
-5655;-1818;4793;5486;3551
2202;2810;-684;5277;-6319
-4179;6631;-6234;2543
-5307;-3101
-5729;5365;1237;4375;4184
1537;-6886;3669;-5879;4874;-605
-6385;5236;1003;6509
-2319;-975
5872;-5206;-3751;814
2112;3490;3836
4288;3089;-6275;-6503;714;5935
1093;-1530;-5935
-4482;-5033;-2906;-2143
2704;3952;-3357;-1022
-1257
-5355
-2514;5820
235
-6083;-1111;-840;2455;3736;-6588
1263
-3313
3347;3620;-2823;-1258;-538;-5662
-4241;4689;-2738
-1269
245
-6595;5478;-423;-986;1467;812
-5634;4739;1830;-4254
-1273
6396
1277
2001;4341;6134;-4460;1454
-6741;-4778
1461;5965
-4117;-4360;-4586;-6655
-2310
-6410
-2324;-5956;3898;-1006
3393;1254;-6184;-5386;-2187;5770
-1649;641;-3992;-1035;-1404
6049;-6834;-1110;4277;6840;3337
2230;2198;3864;-4171;4394;972
-2773;360;5499;-4383
2325
-2211;-4924;4141;638;30
-3352
-4498;-4355;-6199;-2200;3258;-5743
-6726;-5848
-4129;112;-3060;-3082;5052;-4398
-279;-1034
3586;3674;-827
3746;1667
6760;2568;-5962
5432;-2474;4154;2398
-1650;-6246;-4008;2587;6174;2847
432;-6115;-1844;933;-2600;-5438
-296
-1329;-4089
1323
-5138;2482;-5365;-1863;4076;-2687
-2244;-1834;5405
2678;551;2585;3228;4574
-4403
1520;-4515;1847;-4794;-4608
-6455
-3507;741;1143;-3775;4158;4623
4553;-3117;2972
-4289;6713;446;-3792;-1440
1664;4976;-871;-4890;-2220
-1668;-1670;6730;-4734
2241;-3407;6607
1348
-4421
-113;-3848;2185;1449
1769;1631
6544;4129;6387;-612;4932;-1596
-5382;3813;2890;3482;6699;4190
4241;-2051;-1014;6437;1830;6250
-6758;-744
-3408
-5461
3299;2404;5064;-5306
3874;-788;-6124;-1548;4927
5218;247
5082;-2156;4587
3418
99;-6156;4686
5601;4807;-5691;-4653;-415
3684;-3753;4506;2062
1959;-5390
2646;-2288
1076;-886;-2088;-1534
3056;-5336;-1322;-2428;-1612;4207
3350;-6792
6600;5035
2177;-4517;-184;-4008;-3023;3038
-2866;-3447;1192;2186;-2560
4006;-5834;3532;-1568;-3584
2432
-5155;-3971;-794;2366
1096;-1483
-4490
-394
-3123;3046;-5437
-5715;3156;-5352;6491
4491
-6443;2973
-6505;2953;393;2377;380
6545
1285;2630;2056;-2496
-6369;535;2970;-6187;-508;-2112
-1928;2216;-2172;-6716
-1378;-3128
4992;4944;4866;-6199
3483
5139;3467
-3182;718
-4833;-4811;1035
2130;3700;2053;-6442
3489
3523;-3470;2381;-4671;3679
470;-5355;-2380;5708;3805;221
-3732;-2196;-1845;1143;2280;-169
-3495
-4021;132;1609;2702
465;4953;6268
-5617;5497;-3882;-6140;-909;6526
-3873;2068;-3397;-4363;-1104
-2480
5889;3759
-2644;-344;2554
-6689;-3809;-149;-4124
737;2498;-37;-3542;2054;2823
-5224;926;6783
-81;6033;4052;-4229;-6678;5437
3333;1622;5560;-5611;-6367
5733;-3244
-1905;-5253;1957;-5481
517;1974
6589
5840;6506;-2414;-4366
-4370;-5191;3993
-2500
6596
-3378;6149;-2201;3933;1069
2914;6850;2134;5962
5888;2243;-6023;537;-77;957
-2503
-3528
-5178;3609;3866;-3051;843;6510
-194;-2117;5839
1485
6257;-5907;-2405;3908;-4058;4716
4784;-1526;281;5434;-6460
-999;-5131;538;4619;6732;-2221
6241;1538;-6678;3928;4654
-6395;-6363
-2854;-4153;953;5983;2591
-3601;-2538;-3551
-6242;-3443;3090;3862;-5404;6638
-6620
6696;-4170
3969;914;5882;-1071
-6092;1517
-4354;3798;1382;-2333
-483
-6274;-4293;903;1739;6415
-4673;4099;37;3070
-3558
-102;-4281;1048;-4320
-3781;-934;-135;1291
3955;-4709;5508;6581;1734;2779
4771;-5228;-4126;2943;127
-6634
5426;6331
-3837;5357
2545
-500
-501
-6645;-712;6855
-2553
-4210;4714
-4233;-1612;1243
-6609;6772;3416
5795;2773;-5190;-2184;4153;5401
-5154;-4915;-4441;-6298;1867
5217;228;-3911
-1537
-2916;4453
-2881;-6326;-524
354;1527;2201;-3484;943
3937;-579;-3796;-6634;6554
4213;-2216;3307;1660;-2350
-322;-6482;2779;1455
-4619
1296;-1819
1793;2357;3080;-6238;-6639
-4627
-3681;-3301;-9;155;2156;-3023
-2050;-5944;1311
-4950;5381;4058;-6717;3791
1218;1463;-5448;-1452;2637;-2032
-3615
-4642;-101;-5209;-6539;-5435;-1148
-6690
-3762;-5910;2709;-3675;3948
3361;753;-3380;-2774;3610
339;-3798;-5255;-4123
-5638;-1055
-1702;5094;-3047;3593;-1341
4824;2970;1484;845;-2399
1329;597;1702
-6500;6886;-6375;6552;3675;-1632
-2454;1463;6093;-3520
-291;-1111;1896;6041;-4058;-894
3794;-2028;4939
-3811;-5303;5094;3227;4876;4670
5072;-3097;-5610
370;-948;1719;4663;4361;1661
466;5548;4796
2618
-3644
995;2468;-2889;-4220
-4204;3630
-2067;-2152;573
-6719
-5845;-4965;1141;1925
5105;591
-1109;-2600;-2698;-2363
2899;6629;-4695;22;-3225;-1053
-5124;1300;3620;-4647;-2126;5375
-2104;4663;3463;1211;-5630
-4754;-2276;-5838
2628
3939;2083;3636;-2952;-5561;460
761;-6463
1606
5128;1482;-5004
-1538;-2148;-1285;-5391;-399;-3135
-2633
-1612
4369;4593;2850;-4453;1467;-46
-5880;3997;1117;6478
-456;3004;4478;6878
-4762;6382
3136;536;3099;-5151
-1831;4631;-1609;-4381;-4366;1838
5718
-6743
6517;854;4492
3672
601
-130;-4458;6490;1470;-6719;3951
1628
4259;2360;-3836;-5438
561;-2499;4467;2692;-1536
-4721;-3734;-6232;-1147;-3645;1454
-551;-4811;5979
-2673;853;-3919
-948;-3724;-6189
-3123;-5082;1757;-1647;-3791
-593;1108;2324;-6167;-6511
-6500;1048;4828
1623;-3272
-1587;1257;-108;4556;3949;-1295
-523;-2348;-1772;1966
6530;-3562;-4141;-5855;3327
-4373;1086;-5535
-6436;-3269;-4238
-6454;-5244;6459;5871
-5478;3815
-2323;-2092;1229;-5486;4959
3223;-1370;27;-5884;-2623;-4255
-2418;-1043;4109
-6769;-5394;2049;-3241;3485
709;6155;6078
2488;5338
-5941;-3126;2486;-681;-604;-4060
-6289;3992;-6558
-6322;2497;6698;2909
1833;5435;-3533
5750;-3112;4635;4655
961;1074;4939;1883
-2118;-1975;5783
-1692
-669
2873;-2907;-2686
-5793
-2213;-508
4515;-4021;4662;-1785;2347;5196
-6819
6497;-137;5578
-2746;4445
4772
6592;3196;4028;2093;6271
5552;-709;2166;-3275;-4412
3732;-4713;-473;4730;1451;-4047
1204;3572;-1258;1242;-1260;3325
195;2828;812;-6734;93;6559
-3031;1624;-250;2345
3252;-5205;-2231;602;5101;-3232
3339;-4030
6371;1284;890;-1565;-2975;4878
-2010;-4827
513;2610;-1332;-665;5051;-4461
-946;-1653;6168;6634;4317;4605
2353;-6868;-5285;-1744;-1440
677;3813;2757;5110;-507;109
-3834;-5564;2557
-4355;355;-4375;-6747;6492;3837
-3137;2;2757;3208;-764;-2764
-5895;-6042;1659;444;2991
-4355;-5157;5739
52;4134;-1437
-6389;-649;5310
1748;6123
4804
1732
2743;-5211;285;-5694
-1734
1424;-52;-503;-4910;4751
-2759
-649;-3743;-6560
3573;693;-5960;-5164
6257;210;1077;-6280;3640;-1119
-6862
-2767
-613;-4300;-927
-6593;-2818;-1551
3409;6742;-568;5463;4653;6623
-3637;-3847;2664
-3604;-2231;-3432;3421
-5847
2514;4356
5957;-5230
-5233;818;-5763;5340;2061
6354;2568
-1057;-4796
-2913;-4293;-6726;-4342;-5753;2814
-1113;1513;6302;-5968
1734;4442;5822
5977;-5243
-3718;2310;-2205;5133;2287
5010;-6251;6730;-2174;5918;1742
-1812;-1996
68;-1830;-1831;-4666;-5855;-3007
483;-1224;2122;5502
2788
-1313;-1190;-2315;4077
2163;6643;6420;-149
5862
4066;-2837;5659
5184;-1368
4547;6438
1769
4370;3550
-1778
3888;4531;2085;4472;-1181;6415
-5378;-4356;2020;-166;6549;-6592
-481;-4298;-2107;-1037
-3606;-5342
-3829
5880
4610;-3446;2174;-1552
-5883
-4529;5411;-6535;-4329
6561;5659;-4831;-4575
1791
-769
6504;3481
4308;-2774;-183;4423;-1933
-2609;5970;4728;-585;-1134;-3551
6640;4561;5730;-5920
-2419;-4883;2836;749;-3200
-917;2677;552;1533
-1506;2565;5015;376;-4762;3181
-3722;4495
1427;37;6447;-3040
4368;3001;2623
5873;5336;2713;-6027;-4047
-921;-1787;3484
-5154;-4651;-191
-838;1334;1307
5899
-2435;629
-593;3984;-6673;-2469;-1449;-1775
-6611;6370;-213;6665;716
-6737;3905
-5905
-3313;16;-1255;-2600;1946;-2748
-3619;-6772;2360;-1819;91;1804
144;-2212;3590;4952;-3037;-5248
6608;2355;1796;-6316;-5231
-6756;5284;-1735;-3102;-6703;6078
-3217;-2694
-4578;-6754;659;6249;-1567;-4016
1809;339;-2074;2766
5913
2844
1553;-4806;-5191;4716;6574
-4898
-6566;3209;-6810;2842;5451;-6096
-5923
1828
-808
5927
3388;2364;4271
2055;5240;6826
-6625;4802;-3268;-439;62;-4559
-4887;-23
820
2869
-229;6821;376
64;5971;1897;3133
2355;-2309;2564;-1318;-5192
-5730;5985;1106;-4061;-176
2421;-4791;-5612;-2064
-5397;-4694;-6729;6362;3850;2702
-3009;4993;-825;-5081;-6187;3130
-3409;-3474;6851;-6244;-703
196;2686
-1029;-6286;3405
-1865
-841
1459;-5911;4790;-6619;-4624;-176
-1475;5390
-4942
-4465;913;-387;823;1245
-3649;-5399;1158;-2142;-1311;255
2531;-4660;-1318;-2525
2755;3700;5736;-1612;-1536
-853
4882;3670;-5784;-5768;-3998
4114;2598;1751;-3512
5600;-1673
2673;-6402;-387;-4203;6410;5838
306;-2183;310;-1708;5933;-6590
1366;-3704;-2826;-5165;477;3869
5719;-4570;-2016
731;-4671
1202;3523;5011;200;-4972
3219;-6197;4871
-2817;3691;-4816
-2919
-966;4406;1526
-2401;2660;-107;5838
5275;6860
-872
-1076;-5928;-6265;5226
-1442;2495;4943
-2674;-714;1485
-6498;-6226;326;-4889;-2476;-4670
4711;-6617
-1844;-5048;-3208
4981
6193;-6055;-2219;5820;1244
-6008
4720;5026;1252;-4247;6345;-2989
-1849;-1674;-4763;5627;-3214;6766
-4990
2215;-4988;-4268
2323;5302;6471;569;-5595;-5100
-4082;2708;-6732;-4061
-1329;-6232;-6875;3292
6336;-5818;-27;203;-6720
6434;-2457
-906
3976;-505;4604
-34;-245;-1655
3168;-776;3641
-5825;-4355;-684;3804
611;-2854;-6729;-1548;-6780
5750;-4664;2585;2366
2421;901;668
-3991
2997;1402;1963;-1152;511;-2752
1894;-4864
-924
-5057;-987
2626;6490
5020
2560;-4951;3222;1287;5496;6623
-5233;5635;-180;-5159;-2536;-3694
-4673;6120;5001;-141;4621;5359
3779;-886;-4848
5157;-263;-5448;5581
-5028
-4771;1913;-1150
-4205;-1856
-4355;-590;4030;5951
1441;1780;5913
5152;-905;2922;3293;-1328
-791;-2762;5967;-448
6050;-5731;-1172;-3973;6580;-5770
-5939;-3332;-5270;-4072;-284;-6623
1968
-5041
947;884;-5239;-6024;1466;5996
2768;-2689;3905;3221;6028
1739;-3710
-4020
-949
5121;4774;-3950;413;-6495;-4912
953
3772;1742;3631
-3476;1379;-5004
288;2593;4258;-3719;-5087;3647
3620;5076;-571
-4193;1732;2411;-912
-2771;1807
1827;2675;-5467
-6417;755;-3608;-3467;3580
-4545;3579
5299;-2743;1482
3109;6774;5673;-1278
1991
1218;-947;5925;3237;-4423;3133
-4049
-978
1713;-4613;2982;-3117;-1022
3956;3205;-1000;-2105
-413;-4670
1665;349
5087
709;-6822
306;5746;1495;2504;1182
5236;811;-157;-1997;174
-3313;5857;-4885;-1613;910
51;-4502;3254;-4542;-2239;-1216
-5100
2028
-1985;3942;-1321;-2139;-527
-5619;-4803;295;-6315;2108;6158
-3298;5058;552;-300;-846;-2176
1009
-627;3688
872;6875;-589
3703;-6828;61
-2042
4644;-5574;2539;-3533;6014
-3875;-1242
-1425;-4802;5076;6269
