-3585;-5635
5474;5891;-6238
-3397;5533;-6240
3525;-4807;-5496;3695
-2642;-70;2876;-6320
-3156;-1271;-5690;5899;2956;-798
2997;4189
-2977;-6260
-2897;-1122;-6009;-1613;5309;-2911
-1873;2944;4079
-1404;4507
3488;1015;6008;-318;-2992
-614;2695
-2403;-229;-6344;5309;-6607
-3539;-4707;-3495;3338;1083;-1935
-39
5697;-5557;4475;-30;-3519
-226;2291;-477;-3471;815
4978;1970;4042;3070;-3776
5017;-4973
5621;-3528
3922;4149;-1292;-5709
-3377;-3990;151
576;-675;5412;-5192;3003
864;5509;-760;4681
-4293;-6470;1814;702
613;517;952;-2138
2405;5686;3228
-4711;557
1392;4867;-2327;3943;4472
-4707;-520;-6762;-6507;-3565;-2576
1366;4839
6008;-3499;-5644
-3135
2180;5605;-2315;-5534
1088
-1173;341;1372;-6413;-927;4687
6436;4892
-1815;-4504;-4472;5257;847;4751
-66;-1522;1574;-3065;-3131
-4358;-2348;495
-1541;1611
-2835;5763;-1803;-1055
4768;5200;-4433;1361;-3301;1595
3147;6141
-806;-6649;-811
-5459;-4900;4573;1615
112;2116;3637;4362;6234
5197
1254;-1112;-378;2635;3037;-239
-6248;-3256;-2921;4220;957
-6225
723;-5926
-6549;-5669;5799;4873;-6779;-3024
3777;-1813;1382;-4887;3675
-1335;-617;2619;4540
1427;3475;-4247;6102;1014;6652
5826;2455
-6234
6236
4097;-758;1033;6349;1997;5807
-1793;-1042;-6168;2186;-447
5216
-1699;-4694;-3944
-6683;4714;-176
-4290;-6772;3797
-4337;-4817;-5700;-3565;5006
-5442;-3940;5059;2174
2448;-2211;1750;-4732;3869
-3762;-884;-6887;5255;5261;2142
-3576;-4506;2442;-3678
-5732;3107;2230;-5038;5535
4199
-1828;1931
-4822;-1095;1734;-4972;1756;6270
-4201
-4205
6038;-4232;3423
-3106;5362;6047
-5970;1048;-170;2061;-6783;-543
6177;6642;6471;6426
-6322;21;39
-5238
-3412;3893;-1067;-3628
-6266
-1236;-2599;-4696;1516;1453;4415
-195;-493;4910
838;-825;-2189
-4257;3686;6844
-833;-2115;1791
3380;-367;191
2497;-4628;-5558;727;2283;4812
1888;5153;5443;-4488;6476
-3059;-1220;-4043;2059;76;-2142
768;5252;-1333;3385;-4443;3675
-1877;-6790;-4858;2139;-1040
3776;458
-5911;-5623;-4989
5169;2964;-1532;-6604;2189
-1766;-4951;-5710
-5713;-1369;4893
3456;-3174;-5544
2189
-5265;-977;1523;2473;-5275;-3886
64;-2535;-6267;-4718
2193
-6307;-1540;-5383;-5144;-1228
4278;-344;-6349;-1117;5726
-321;-8;4571
-1331;-6275;-1962;474;-4943;6719
3480;-1500;4732;-1440
-1474;-5554;4866;-1732;197;-5675
-6340;-2917;-6261
-1107;-2125
-2208
-3207;-2744;-3754;4187;3644;-5456
5203;3955;-5447;-1739;4188;-879
309;6424;-3499
2022;-3210
-4262
1408;1860;-2076
5094;-1854
5780;-903;6743;5959
-242;229;-6439;3991;-3855
-5063;-4779;-2171;-3742;5343
5596;-4397
1113;-4475;-1435;5998
5131;-6333
224;-278;4647;-319
-2049;-6004;4662;-2185;2315
-3426;-4727;1819
4050;237
2370;-676;3028;1613
5760;-6550;-4582;7;1210;4347
-4803;6850;6486;-615;5590
-4294
-3271
-5762;-1333;2917;6134;-6252
-4297
839;1528;649;-2811;2346;-301
-6403;-6771;-5331;-1461;-3833;4140
3732;6360;-3758;6269;-6256
-1667;5061;6429;-6703;2207
-1577;1785
1693;-5151;-4687;-3328
-2706;-2418;-1908;-3418
-675;-2235;-766;4911
-537;2797
-1859;2643;-698;-6444
-3287
2265
-1243
-6705;2435;1931;2557
2271
-3034;-6412
-6757;-5222;4215;1385
-1025;-3875;6661;-2232;5527;3370
2283
5356
5357
2832;4575
3971;4460
3504;-1508;-4198;3607;5737;5387
-6050;-1098;-746;-6863;6319
736;-5079
-354;-4003;-4212;-4197;6473;1950
-370;3689
2452;-249;-1946;-3468;-2430;4367
-5205;-6311
2300
6768;-3330;-4774;647;-3245;3677
-4355;5684;-3365;4247;-2313;-4251
3241;491;621
-4370;-5104
72;-4426
-4355
-4865;848;483;4916;-6076;-1709
5378
5632;-3458;-4602;4735
820;-2693;662;2776;2653;6287
3443;5860;-1002;6477;-1486;5407
-5041;691;1492;3435;4811
4961;-965;1140;4350
-3346
3298;6262;-2554;-1950;-222;-3536
-651;-668;4732;2237;-1278
3764;6264;5116;3454;111
-1686;4652;-639
-5402
6868;-120;3242;-4589
-1409;6182;-1419
-1156;5572;693;-2696;5406;-6511
5552;-4357;-3081;-2010;-971;-3613
-4618;-1996;-6780;-2365;1135
1311
1329;-1111;2886;1279
-1191;-990;1887
3824;-6724;1319;2953;1994
-1034;-6429
-4392
-4790;677;1771;1021
-4397
6756;-2410;-1997
6445
-4711;2360
-6484;3988;-86;-4921;5148
4756;1303;-3963;-766
-1332
1257;2842;-3790
4980;-570
-6056;620
5860;-3783;-6248;781
-4311;1370;573
-4277;-4364;126
-3253;773;56;-3020
-5286;-1351;168
6320;5026;-2828
-913;-1708;-6573;-1375
-6407;-2520;6138;5165
-4612;5964
-2582;6442;-6237
-6354;-1144
-6481;-6245;2649;5647
-3572;5396;-5807;-1472
-5027;2190;-1600
-4136;4476
4560;3973
-3414
-5466
5610;-269;3166;31
6306;516;-1355
-4950;-3592
5868;-2447
-6494
-2923;2987;4558;-2224
385;5730;-1668;-6314;6313
-322;6466;5691;-2973;-2367
4447
6498
4451
4721;2803
5875;-6358;5527;5720;4953
3603;-1753;1580
4929;-6563;4046
-4439;-6729;-3054;-479
2384;-2881;3894;-5305;-3450;-128
3730;3240;1593
-2369;-1668;-5551
-373
-129;503
-4473
2979;6771;5987
-5539;-2805;828;-1054
2768;-4537;3421;-4847;1791
-4467;-1892;3844;789;-2221;2542
6371;5109;4265
-4228;-2190;-5232
6404;-1671;6569;2397
-4852;-2847;5263
-2931;4713;2478;-2848
2407;1055
832;6417;406;-1113
-3841;-4691;5861;6143
-2856;-3690
2770;-1342
4516;-1510;6041;1997;-5519
-6467;-6228
3954;6231;6667;-3838;-6463
3622;-6573;1518
-3285;4166;-3340
1891;5796;-1846;-3130;-252
-2462
3234;2642;323;-534;1398;-1529
-5415;-3561;-3677;973
2464
227;-1990;-4940;6286
-3746;5957;5689;-5435
-988;1406
-2052;-3110;2119;5562;1995
-6520;-1481;-5257;-6316;-301
-1955;6851;-671;-735
4224;3489;5205;-2582;5608;3933
4519
832;-3658;-1696
1632;6336;-6786;-4745;2110
3504
-6166;2712;-939;5789;4157
384;-793;-1051
6370;-1291;-5518
-4228;6340;-6649
-1796;-5847;-3038
3652;-3098;4399;-3488
-1466
-4594;-4120;-4016
4865;-1378;-20;-976
5632;-4883;4018;3324;-1504
-145;1489;-1478;2038;-2792;444
4349;-5136;4303
-1854;4589;1805
-577;-5676;1039;671
2496
-3267;-2435;1157
-5080;-1690;489;-5900;-1742;-864
5040;-5491
-6743;5334;6599;4478
-3367;-6302
-5542;4984;-683;6815
-455
497;4609;-5283;-6711;-3002;219
5720;5224;4633;1291;-4140;4111
-2504
-5137;-5986;-6391;-350
-5842;-5380;3140;3111;-957;350
-3332;-4294
-3352;1869
-5729;1667;3450;-5196;3036;4254
-6770;-1301;-2373;-3327
-1484
774;4806
-462
-4558
-419;6469;54;6647
273;-2374;5094;4639
5045;-5385;-4425;3276
3443;6391;6874;3213
3360;-5258;-619
-3249;5378;5607;5849;-3901
5026;2611
935;-2430
-2521;-2046
4149;-1016;-6250;4010;603
3763;-3290
3554;4088
2178;-5211;875;-1391
-1502
-6530;-453;-5910;471;-3417
-359;-2170
-1639;5622;-5448;-4136
-3233;-870;-1562;-2779;3867
-4979;839;585
-1973;-559
3909;1142;-5463;-4524;-4764
-5991;6591;2959
5217;-4875;-1855
1848;-4825;-6267;-2510
-4452;-5385;-1353;-5226;-5018;-1584
5785;-175
68;3051;3614;5023
-2355;-186
-6158;-479
-5375;-2288
-1652;260;-2950;-409;-6796;5932
4115;-3639;-969;619;-2669
-4591
6496;6742;-5575
-2544
-1781;5338;6155
-1057;-1489
-4818;5315
-4434;5668;-1082;2394
1744;-2307;-3668;-2349;-5184
1523
-355;-165;-4184;-1513;664;3005
-2706;-360;6857;-3291
-2632;6204
-3283;1507;-698;-2124
-5626;-3069
-3378;1555;-2776
-2228;5731;-953
-5442;2953;4969;1851;5933;478
-2558
510
5631
-1972;6373;-3931;5162
4961;1605;6167;-3005
-4372;-6084;-4102;1836;4558;-543
-3589
1152;-4227;3592
-4184;-5402;4586;-621;1935;1119
-4500;2956
5496;-880
5446;-3079;-5389;-1534;-3134
-4001;-3689
3696;-274;-2835;-728;-4830;4445
-1505;-4819;3522;6019;-1044;-5772
-6672
-1361;-3264
5009;2211;5303;-2777
4628
-3027;-1496;-3417;5791;-2896;415
1472;1218;-3892;6597;6650;5898
-6838;-6428;4860;6141;702
-2631;794;-4574;-272
-3613
2419;3716;-3838;-5919
-3511;-105;-5978;-476;-6094;5374
-5729;-2771;5093;4026;6078
-2865;6402;3210;-5166
6547;-1960;-2204;6367
3440;-982;-4041
-4881;1681;-4098;-5016;6635
501;1333;-2087;3543;-5898
-2756;-934;6040;-4525;348;-783
562
4659
-6071;-5928;4266
3746;-2051;-3285
281;3359
2482;3331;502;5498;459;587
572
5729;1891;121
-5873;675;3048;-3578;-4062
-4337;-1096;6008
1606
1344;3568;-1910;-4022;4935;3839
4683
5707
-1141;6165;-967;-3131;685
1377;-323;-5669;-4073;-6873;2681
591
-6116;4195;-1434;4970
-6773;5048;-6714;-3996;-1084;636
705;5633;-4436;553;-1134;-2944
-4696
-898;2193;-4968
-4273;3777;6217
-4787;3187;2725;-524
6594;4678;-2696;4072;-6476;-2496
-4371;1844;-5895;3542;-910;-3007
6661;-695;-2666;2714;2782
-5831;-1448;-5615
5727
885;-1496
-1586;4149;-6230;1848;5501
-6757
-1570;1402;-5054;-494;2030
-4930;2273;4294
-2917;5578
-3686
-75;-286;-3648;4623
4049;-2612;-678;-5255;-5229;2957
453;4270
4995;-2901;-2197;439;4887;-5852
2501;-5734;1913;-2381
-3829;-2038;-1932
2386;3026;3828;1128;5003;-398
3201;-914;-2442;3865
-5427;-371;-987
-4613;-1354;4250;-1997;-6143
-995;-886;3497;-976
496;-6498;-1285;6645
-3489;6705;-6744;-6185;1903
849;-3832;-3896;4539;-1375
4389;-1695
-5861;-3733;-1294
-3720
-654
-1298;-4841;3437
655
6272;4868;-1445;-6186;44;6319
1859;-6564;840;-572;-6588;6271
817;-627;-2293;-806;-4282;-3707
1472;3281
-323;6436;-6214;-2394;-733;5933
-2929;-3718;-5433;3977;-5355;4606
-166;3126;-5625;3325
5617;-4983;29
-6358;-5031;5192;1693;-3328
-6012;-798
-5681;-106
3568;-5261
4764
-520;473;365;350
3136;-4436;3428;4011;-4447
-670
3793;-5732;5124;3629
2960;-3282;6625;6470;2236
-6370;-2554;5035;683;-1565
-2552;-6315
803;-1178;-3998;1646
5635;-6726;-1641
-6828
2608;5381;-4009;4268;-3469
-5266;-1379;5959
4782
5808;-466;-494;-5536
-3393;4502;5686;-186;1246
-1285;3893;4534;-4455;-971
-1410;5497;-6171;4459;-3727;-2416
-866;-422;3627;5899;4095;-1392
-3587;-2307;-4756;6345;-495
5361;-723;3234
-4040;-3836
4833;-6034;6820;405;4677;6390
4016;5521;2601;3930
-6529;-6772;6524;-6526;-6863
-1650;3685;-6847
6417;1781;5125;-4206;-1696;1487
6860
1537;1908;-1897;-4313
2710;-3463;-1275;1309
4500;4213;-3385;-510
4017;802
360;-6204
417;-402;-2643;2347;-5966;3471
560;-4035;-4451;6755;5994
-4433;-4258;3159;-2107;5692;-2879
3974;-3244
1756
6201;-1372
5570;807;-5117;-1405;-4685
-5121;-1986;4641;-4428;6445;5279
-2632;-1182
5635;-1820
2137;3727
4324;-6731;5199
-4727;-119
-1249;6562;6488;-4507;2671
2798
-6129;5859;2765;-720
3797;5398;1159;4398;-6832
-3848;-1001
-5506;1524;731;-2205;605
755
-3350;2590
1044;951;-491;-4796;-1566
-1254;5061;29
1537;3028;-2662;5319;-5434
3330;-756;-1000;1241
1686;2359;-1230
3432;412
-5667;-6871;-3031;2508
-6194;6392;-1117;5469;5135;303
-2130;-1763;150;-4571;-2701
-5897
-6627;-1229;-1118
-5561;3754
-485;5324;45
-5362;4322;-915;3651;5848;413
-1873;-4040
629;-2424;2777;2859;-3692;-942
633;4829;-574
3904;-2212;-1914;4683;6573
6465;-5157;-3610;-6302;-2015;1631
3523;5446;-3051
-2817;3473;-1141;4646;733
1491;-6261;-5453;-1296;-1568
-5157;-2901;6252;1006
1670;-4743;-3872
-5844;-5802;-4493;-3104
-1837
5666;-2806
-6519;1819;3276;-1215;-6480;111
-1841
5746;-2103;-6508
152;-5066
-3608;-5816;6440;-1372;-2511;-3167
4913
678;-365;-5694;-1583
1408;2244;-3051;-6669;-6016
3529;5485
-3218;6089
-978;3170;-1366
3714;-2679;-4777;-157
6706;4892;5613
-418;-2277;5173;2295;-3192;3343
-1954;-5028;-2634;-4528
3528;6408;-3996;-2717;2733
-2242;5569;1970;-2796;-5070;5454
-5796;-6694;-6439;-1719;-2718
-5617;-6532;6859;-1695
-5314;2547;3608
2721;5890;4552;5641;-6699
-4331;-3680
-3073;6501;-6077;781
1157;1036;3773
-6779;2859
4943
5158;3544;-1708
-2785;-1620;-1588;4293;4156;6588
-2856;-5864;-6282;-1838;-1502;-943
3203;-4064
-3393;-6687
864
273;-2804;-4613;793;3438
2640;645;4885;1910
6120;3961
2989;-3856
-725;-5722;3051;-5695;2078
3570;-1491;-2552;-5517
6514;-3844;247
4771;-3927;4907;-2654;2895
4713;-2816
-245;439;-6748;3631
-4974
5221;6358;-4557
-3952
-6386;6339;927
2816;-4245;2117;-23;-6843;-848
3062;-3096;4747;1804;3420;-4959
-5553;-6786;1059;-6244;264;6136
1185;-1218;4682;4667;-2414;-6016
4915;6868;-6263;247;1673;2666
3153;-4034;4869;-2072
6352;3095;6426;2429
1762;-228;1112;985;394;-4925
2544;-1451;-1996
6370;678
-4820;6135;-1529;6766;-4624
-260;5429;-523;-2717
-273;-5860;3369;1451;-4284;-5549
4864;-356;6839;-200
-5908;-4436;6805;-6140;-606;-3936
-1467;4426
3511;5592
-3985
-457;-2282;-2272
3104;-141
2240;576;-2918;-2864
5013
2074;1916
1073;-5443;1401
2931;-436;2522
-5969;-2706;2968;6491;303;-3040
-4306;1206;-3978
1557;-6070;6427;2092
-4008
-2989;-846;-2223
4068;6519;-432
-3539;3954;4621
6226;2071;-1562;-4046;-5231;-5568
-385;-3529;1209;-605;-6798;4045
5438;-6384
1219;4260;-3529;-4944
1019;-4015
5169;-6507;-4221;-6654
-2033;35;3539;-4538
-4562;-1655;6102;5098;1916;-3901
1655;-702
-3091;6179;1941;6775;1465;-28
3002
-5051
-3572;1592
-5316;422;5851
466;2259;-3316;-4134;-5067;-2431
4049;5425;1223;-554;-3040
6453;-2806;4166;5915;6687
6080
-5522;5172;-6838;5401;1598;6271
-968
720;-4133;3205;-4823;-5688;-3561
2723;-1606;-1738;-5469
2788;-5543;-263
-2290;-6883;-6070;2311;572;3198
3651;4488
323;3507;1815;3160;-1547;-6285
-4048
-1868;-2607;2126;2078;4319
-2002
4371;-5991;-382
1127;5852;6287
5665;3908;5913;4348;5725
-2252;-1807
-4060
6763;-1276;6765
-6658;-6038;441
-6657;1043;-2055;2231;351
-5937;-257;67;3795;-2505;-4349
3970;4482;5912;6203;2956
-2810;-3307
997
3827;243
-5960;2648;-4553;4392;-6186;-3629
2025
-1004
-5100
5536;3235;1043;-5781;1067
-5101
1360;-4389;-6604;-3660
-3690;4474;3292
5569;852;-1227;-6205
-4354;2787;-1844;851;-5622
6867;-4452;4518;1574;3772
-807;5432;6233;2365;-5758;1743
-2226;3243
-5683;-6600
2629;-5656;-2089
-199;391;5208;-284
-5137;5734;-664;-6076
