432;5043;-3366;3222;5064;-155
-4098
-4802;-2802;5554
-2631;-3386;6235;-1868;-6559
-1889;960;-564;5603;-6176
-5745;1290;-5806
6160;-4388;75;1246
50;-1096
-1385;-3082;1835;-1486
5088;5563;5758
2583;-1560;-6174
-1011;-5785;5944;-1227;1022
-6467;-5542;-1191;1402;-2575
-5157
6835;2053;4103;4538;3277;3807
-4932;-1061;-4285
-1457;4193;-2776
4136
6185
42
-2129;2627;3731;-90
-993;1745;1572;-2278
4896;-6881;3275;-3628;-5501;2671
-4144
4961;35;2083;-6317;-5518;-6560
-5289;-6220;1213
411;5566;223
-258;3388
-2110
-1106;1891;851;-5719;2359;1662
-3505;-4677;-5047;-1338;2058;3230
-4661;-2950;380
-5895;-1338
-2145;4070;3048;-2828;4063
-6243;-262;3368
-1972;-4841;6878
-66
5288;2971
-1317;-744;3783;5372;908;-767
929;-1847;-5295
-70
-147;2482;3;1253;5694
1048;-6860;622
5443;-1465;-4010;4538;685
3250;-216;1431;283;1469
-2226;3154;1195
1100
6222
-3153
3970;2453;-6792;-6507;4346;1423
5926;-6010
3497;2474;-2816
-1126;-1006
-6792;2823;4264;-5580;-463;2591
-2082;-6043;1722;171
945;-5093;2295;1578;6508
-2332;-239;-5711
1507;4438;2296;2089
-817;1157;-4120;5448;255;-4064
4916;-5639;-3143;1495;-5919
2743;1623;2840;-4941;3980
315;5933
5248;-1810;-2266;6796;764;-1456
1954;-244;55;-6201;537;5033
-577;4021;1068;-2206;2398;2574
-1066;3226
3971;5077;1306
3577;-3692
2498;-1738;-1902
-2945;3472;-6401;-515;-6469;-6718
3010;-6202
-4326;1131
-3825;2694;-2761;-1964;5981
-5405;4255
-2175
6609;-6741
375;-507
-5253
-3156;-2566;6375;6298;5470
1296;-4131;1900;6189
-4036;-1222
5522;5368;-3738;-5067;-2223
1795;4427;1085
-5620;-5877;-1110;-4774;5976
-4675;-1719;6632;-6524
5239;-1355;-4893;-5278
-4034;6611;-2720
400;464;322;-5503;5087;-624
3970;6787;-3252;-618;-4331;-4752
6720;-4247;-3048;2298;1498
856;5438
-1065;4287
-6306;-3044;2008;-3051
3476;-5197;-480
290;-6362;2617;-2843
-4705;1847;2702
4882;-5732;-219;-112
-6180;1239;5098
6752;5824;898
5834;2732;4060;-2094;-623;3567
3635;2227;-1573;1852;1662;4655
-1746;-3955;1975;-5663
-4270
-1941;-2279;694;-5865
3222;-3991;3591;-509;-2495
-3255
-2994;3650;-3591;-3881;-3259;-1376
-3260
6770;-4857;-3131;-477;-2591
3843;-5909;-5625;3548;6381
2386;6167;-2217
-3730;-5828;-2925
1174;-6121;4248;-2570
-2722;4028;-5600
987;1132;-4365
6193;-1544;3742
-5768;2861;-4464
4236;4413;-6398
4303
-4020;5252
1586;2755;6109
-3121;2371;-2357;4906;1484
-2306;3828;3668;5261
-5441;-3431;-3278;-5471
-5954;-5945;-6601;2555;-6799
-2611;-6455;-4463
4101;4359;-6298;-2828;-2623
290;5861;4598;-5767;-3258;5660
4384;4504;3225;3212;6877;2591
-6408;41
-935;3207
-4657;-5620;2547;6118;-2170;-540
-983;2377;665;3690;4718
3075;2499;2510;-4784
-4662;-4872;6232
-2673;-5062;-2189;1197;-4239;-3648
2064;-3395;3155;3141;-942;-4255
2965;-5430;6793
529;5847
6549;2901
-246;2358;-4348;1999
1062;519;-3643;1802;-1740;-4382
5358
2773;1974;327;2332
-5651;-5972;-470;2904;-1195;-96
-357;6552;2237
-3617;3859
-2129;6101;4661;-5655;-681;4089
4340
787;-4104
4868;-3910;4406
246
-483;-6153;-5468;-1455
5264;-5108;3130;4107;6267;1948
-487;-4186;-2748
3680;-3004;2892;2828
2224;6272;-4035;2451;-6660
-4828;1244;2175;2687
-4340;-1718;-6199;-3278;4015
-579;4534;2444
5809;-6276;5686;157
-4412;5692
49;-6307;-6661;-3753;141;-3184
6866;5171;-901;-617;-217;-1850
-4357
3334
3492;-3078;873
4256;4199
-901;3915;-5727;-4720
2773;-1485
-5386
-163;2643;726;-6858;1035;2350
-3796;1479
1292
3232;500;6196;2857;2845
-3925;-3469;-2096
3524;4070;891;1149;-4239
-3521;-3352;-3929;-954;297;4011
4328;-634;1084;5743
6749;1726
4962;-6807;951;5273
6770;5802
5200;4922;-2669
-6393;-330;-2779
320;-6214;4360;2843
-3074;4835;4669
-3634;5926;4462;3774
4994;-3398;5861
3557;4742;-3432;2474;-2940;-4112
3520;6004;263;1768
-6438
944;-1110;-5931;3755
-6338;-2994;-6260;-648;-3512
-545;-2099;538;-3598;287
451;3332;-415
4434;-5757
-1749;-5878;-2857;5818;3342
-435;-4991
5963;-3055;-3215
6451
-312;4715
2826;-4159
-6165;-4005;-6127;-5520
1173;-5757;4270
6483;-5925;3028;-5948
-787;-3099;4444;-93;5324;5789
-4412
-316
1600;-1919
5618;-2037;868;4063
-1186;-4050;-2728;-4793;-5194;2270
1347
-6468
2098;2323
5522;1796;4788;-6087;-6813;-557
1417;-4190;5486;-3440;2079
2994;5301;3610;955;783
4325;2150
-1475;-1476;-3668;1752;6222
1408;-2595;851;-6437;-6872
6420;-5463;-3339
-4011;605
-754;-6174;-3647
-2386
4164;1724;-702;-1134;4078;6543
689;4275;4758;4840;-3147;6334
4880;-2609;-1785;2876;-334;-638
4521;2877;-1935
5077;-4734
-6274;-5460;4221
-353;-3140;4862
-3570;-6618;-1435;5276;-143
-4849;-355;-1963;-348
4515;1066;3998;1007
-796;-3022;398
-868;-2366;4910;-1328
349
-5107;-2709;599;696;4120
-5255;-1708;2511
-4307;5688
400;-4484;165;-4679;3719;4520
4455
5479
3528;1096;-6059;3356;-5360
-5426;-389;1910;-3631
-2225;3076;-6519;-3916
-1761;2608;4002;-5172;4170;619
2659;-360;5819;4542
-3913;-4746;4476;-6430
6305;-6866;-5716;-2597;1705;3722
3449
-2227;-5113;-2649;-330;-572;6413
4772;-4613;693;4121;-1518
2577;5954;4357;6485;-5678
2672;-6707;-1469
-565;2743;3326
353;1237;-6073
3172;2726;-1415
-5779;-5415;4202;5517;-5743;4782
168;1353;-4635;-5517;-4047
4485
6010;4589;5150
6721;-5843;2275;-1736
-177;-1458;4658;-581
3088;201;-4477;2607
-6540
-3831;2759;6587
2864;-4126;-5280
-737;897;1190;-2776
-1697;-1432;-5034;-2508;27
100;5414;3785;-2971;1245
3478
-1924;492
3948;4653
3478;-3721;-3515;-1775
-786;-2850;2723;-38;2762;-6320
-4509
-6557
-1447;3385;1547
3212;-751
-5536
787;5685;-6056
-5271;2666;3021
-2148;-3847;6360;5145;1052
-5201;-3412
-385;-5062;-4190
-6449;2758;4487;1674
-5617;4169
-1448
2473
-3499
-1873;-4509;-4286
3733;4953;3628;-4718
4240;6431
2915;342;-5245;-990;-5648
-3217;5267;-3636;4907;-4877;94
-4534
-3731;-4931;3699;-3668
2904;1630
-5562
160;-6750
-5778;4033;2552;-4986;-2909;-5646
-2360;4471;-3581
-4403;-1573;-4711
4542
-4854;5926;-624
2840;-3289
-1778;-3792
2979;-3816;5226;5277
4832;1239;88;5307;2299
4624;4449;3748;-41;1418;-6576
-3844;3525;1239;1243;1627;5883
3102;1455
-6290;6594;-4863
-3738;203
1169;-2738;4727;-4520;-1151
-471
2944;6743
1273;5343
2675;-153
-4573
-599;4152
-5969;2415
1088;664;5898
-4242;-6547;-4741;-746;-1387;1819
3942;2871;-6089;-3643;-3487;-223
3558
256;5928;-6671
5637;56;5034
-493;-1022
492
3564
4632;-1067
2346;-1852
-495
-5241;6554;4301
-4591
2528;5528;-2442
-307;-3863;5398;-3834;4297;-6285
-498
-5442;-5959;-1965;-3918;-6766
-3972;-6838;-2199;6365
3572
-4354;2402;4500
2546;-3828;920;1279;-416
2436;-910
2848;-1320
-1667;6725;-1544;-4906;3951
-4280;5751;6361;2921
1541
2369;-4338;-6235;-2043;-3583
-5238;-5703;-3320;3080;3897;2666
-3173;-1065;1064;6767
740;5926
4513;-5013;2311;-5769;-4954;-827
-228;-1306;4586;5274;-4797;-3007
401;148;-5926;-6411
400;4288;5939;6281
-2196;6021;5915
-5105;1618;4371;-3623;-2909
-1997;4572
-4571;1995
-3603;-2868;-5210;-5231
-6675
-5655
-1059;4316;-1696
-291;-6249;-779;6780
4947;1066;-6188;876;5678;-5839
1011;502;-3084
4976;3;-336
6672;-2322;-6100;-4503;-6584
-4114;6505;1230
-6018;2809;-2461
-741;6007;-6428;-5535
-4706;-2036;-2667;3163;3644
-616;366;-6448
-4788;3127;3833;-6108;-5006;-2878
1957;5766
1749;1819;2253;-2960;-2304
3126;-568;-6714;909;-2143;2783
-5563;715;-1856
426;3660;1245;2399
-2344;1833;-6235;-1131;143
5137;-3942;6629;-3163
-5969;5122;3555;-2746;-2576
3011;-2444
6066;2966;-2168;3944
6362;-3743
4668
-5428;2261;1102;5823;-1136
1045;-4342;-3438;4671;2639
5893;826
-3571;4404;-262;-6506;4333
-6097;2228;-5926
2112;-3250;1894;4456;-25;6655
-6343;-1993;4123;-3535
1604
6627;-3765;-4071;-2014;-2479
-4650;-2079
3745;-210;-243;6308;-2760;-1136
3652;-4456;-264;4346;4477
-2983;1371
1451;-863
851;5140;5398;5270;-3160;-3694
591
6019;4883;-1159;-2232;2298
-6753;2062
3025;-4742;-1951
-5939;-903;6246
-2577;400;-602;-5500;-3583
3264;-1641
599
-3673
-435;6117;-104;-889;-6653;-5806
1626
-6593;-6664;1884;-1519
-5668;967
-2127;-528
6751
210;5970;4667
5541;-4345;-1805
981;6796
-2134;-4982;-5017;-4862
-2913;-5460;-1558;2246;-1727;4703
-4710
4034;885;-6232;-1273;-77
-1941;4525;-3199
5798;-4344;-1564;6236;3709
-5741
-3128;2311;1438
5216;1380;-5974
-1113;6654;6222;2111;-3008
3285;5321;-2939;-2781;5932
6498;4485;4872;-4798;-6335
-4724
-1569;3489;-1189;1764;2006;-2845
4729
434;2087;-1884
6781
-2935;3575;1022
-1663
5813;-2103
-2052;5188;3652;3845;1291;1004
-2689
4738
-4340;-2692;-201;1322;-876
-2161;-2386;3969;-903;6137;-4013
819;4948
-817;-4882;-6130;3012;-3463;5486
4817;838;-5755;1775
3479;-1754;2684;-3757
-2702
3280;2558;-3136
6272;4463;2207
-2867;-2910
-3457;-3073;-6034;1970;1337;-3692
5156;-2663;88;-6317
-2226;-1926;4815
-1692
669
4449;-3780
-6816
-4993;-611;806;4126
5029;-3561;-3261;3583;-2464
4507;-5184
-1702
3811;3991;5305;1305;237;5485
3105;-5127;2633;-3339
5201;-5477;4423;-26;5023;-4368
-873;4457;4441;-4270
-1458;3490;-6259;644;-5302;1031
3758
3907;4615;-667
-2726;-2569;-2377;-1212
-2821;-6104;-3721;-139;3531;-1678
5856;1633;-1911;233
2496;-5825;2929;5587;-5879
-4305;6256;5318;-3463;5078
3847;-5337;-6553;4523;-4349
4137;-4362;-2270;-2303
-901;-4922
-369;5641;2345;6590;-2240
4018;-4325;-4840;-728;-2492;2542
-386;-6520;-218;-5869
224;-3507;5186;-2608
-883;2612
2337;-2292;4355;2516;957
3520;-1937;-243;6549;5720;6553
5968;721;-6812;830
4804
5154;1700
-867;3046;5702;5690;-2621
-1555;-6470;-2393;-1275;1759
-1907;1189
-1890;-1781;-5528;-3339;6587;-5022
1883;-956;-2684
1538;-805
4306;3558;1176;-3184
-306;3585;-3511;663;396;-1565
-1876;2613
-2450;-2739;-1039;-1680
-2739;5529
1921;1441;3830;3816;2024
3817
3058;197;-2582;-726;-6839
-6678;3880
-2353;-4180;-5158;1480;-1803
-5233;-5284;1430;6726;2347;3836
1589;1318;-3658
5457;227;6169;-862
579;5293
2800
-2811;-3836;-3037;-5406
3360;3910;3084;4735
-3569;1941;-5272
1664;-569;4783
2644;-6454;2056;-3422;-703
-562;4338;-3316;1877;-6168
-4579;-6568;6842;316;4637;-3456
3696;1713;-5114;-3484;1404
-5074;-5671;-5704;3976;4541
256;-1522;6708;2758;4854
-1791
4131;-6356;-4997;-1516;-1246
466;-5219;836;6853;1930
2819
-5332;-3813;-4024;-6329;-1755
4675;-5828;-4697;-1068
6672;-51;-6451;2135;-3081
-2249;-6719
4518;-6521;5916;-64
6177;-6755;-201
-4273;3494
-2277;277;2284;5838;-1247
1804
3108;-6824;-4363;4333;-3678;-5647
-2832
-4545;515;2484;-5611;-3868
4004;5975;1287;1709;-927
3840;3089
-3889;2931;4334;-2591
-5909
2388;-4715;-6655
-547;-580;2327;6761
-5633;1472;-3282;1527
-2069;6761;5130;-2909;6175
-611;-871;1710;2623
803
4242;-3364;308;1386;107;-4510
6192;6429;6623
4147;-4261;1319;5752
-3062;-5574;5773
1010;-1782;-6870;-2586;-3901
-4758;-1179
5945;1497;-6749;2172
-1377;-1234;-2597;-3802
6224;4704;-2466;1572
-54;1899
-4738;2593;4082;-6406;904;-6475
3363;-2185;-5113;-2587;-3520
5029;3145;1867
-6757;-1241
3058;-2601;2265;1227;-45
1187;-6517;-5546;3899
4882;5205;263;-5866;-1599
3680;5218;-5685;-5479;-1644
-3299;-6324;-4701;-1821;749;6366
-120;-4185;520;2664;25;255
3994;2990
4;3912
-1575;-5416
-1682;-2326;4169;5294;-5151;1566
6327;5784
-5969
4147;-2025;4217;1258;-348;-5375
-6850;4974
3173;-2488;-6376;-4379
5234;-3357
5173;5798;-807;-4909;-462;-6671
-4674;-4373
-6497;1059;5416;5997
5977
5936;-1827;707;1161
-2321;3361;-3490;4333
-3681;6051;537
-4195;-310;5830;-464
2258;3428;-4967;-991;-591
2640;-530;1284;-2524
2753;-4740;-5061;1029;-215;-5902
5489;1526
-5994
3892;-501;-6541;-6862;-6223
4530;-197;1422;-4879
756;6869;-1629
6404;-1893;4197;2747;6830
5474;-5751;1674;2732;5966
-4549;6264;-2717;-3885;-5534;-5823
-3927;1769;2346;699
2752;-131;3476;-1366;1685;-3480
-891
4325;-3991;2951;-2635;-6413;-2303
-1922
-900
3975
-2955
-41;-6713;-5913;-3600
-3265;-6214;374;4054;-3024
2976;1649;-5572;3815;4012;6317
4674;3523;-6565;-3372;29;-6368
6031
1253;6828
4816;-6133;-5530;2541;-6847;3071
6081;-4194;579;-2812;2284
3492;-5993;4440
-3506;4421
4164;-6572;3229;3167
674;-2104;3371
2516;4055;1514
4343;-3977;4651
3281;-4167;-6167;967;4139
912;-4904;3146;-1902;-1248
-2062;-1934
6161;-4213
-5032;2744;-955;269
926
3349;6773;-4076
5031
3186;298;2669;1951
-1962
-6466;-2258;6546;-5591;1131;-2496
-6849;-405;-2347;-4156;925;-1423
-946
3940;5224;1373;5165;5725
5718;4775;2343;2361;-2893;-1117
664;6427
1972
907;-1856
-3001
2579;-3014;-647;-896
1936;2620;-2576
641;-4036;-6300;-2527
198;2808
5248;-6024;-5802;3465;6426;5837
2452;773;-4150;2333;6719
-3825;-1232
-6066;1009
-642;2069;5677
722;-3174;-1582
-369;-6137;4682;3307;-4493
-3795;-2292
-6083;-5972;-3479;5351
3121;-1731;604
5461;-3256;1902;1983
-3277;-3838
3607;-984;5019;-2574
-3655;-2845;-2208;-464
-6101
-6066;-1060
-1650;-4692;-1814;-4953;2814;95
5842;-983;4475;-4573;3391
-242;253;4046
-1858;-5108;6644;4380
-6107
3106;-3366;1175;2921;-2220;395
-6468;-4761
-1794;-2267
-1185;805;2393
3908;-4728;-4668;-2670
2579;5303;-4217;6713;-1197;-5119
1191;-6603;-5820
-6725;778;-6347;-5084
-1269;-7;-4680;-3231
-3753;-1465;2171
3048
1003
-6035;-5941;-5574;-5611;2700
-4324;3235;2997;-5110;-3388;-4656
-4003;-3850;1357;5486
147;-3416;-5658;2635;-4959
-4162;2165;-4263;-1039;-3295;3438
2281;5898
-4467;6502
433;-1703;2231;280;1822
6241;-5829;-2342;-1135
817;-599;-2682;-2650
-4094
1707;-1293;4703
-5118
-5441;914;-139;316;-2816;4095
