5121
-4086;-1896;730;2346;4220;-288
1235;-4085;4452;-2205;2653
-4100;6151
5920;-338;-2403;-119;4111
-275;6233;2238
-5620;-5606;-3529;4189;-2751
2420;-4476
-3732;-5465;-3100
-4884;-5930;3673;988
2432;-3064;3450;5835;2990;-5488
-4111
-523;1564
-1877;-2405;-725;2310;1160;1517
6337;-3379;1158
5312;-3875;1079;-5641;-2016
-227;-4487;-4524
-2871;2892
-4721;-422
-6019;4413;-4560;2047
25
3236;1510;-2873;252;4045
2034;-4487;5415;5708;4670
4576;-4609;1217;-1939;-4394
4627;523
-1031;-6169
-3104
2512;-6739;-6791;1338;2479
1697;-5826
-3105
4704;664;-5405
-5157;-6807;-2026;638
-3345;-5265;-597;5499;-4236;4831
-3974;-1993;-42;-284;4940;-2784
-6409;4652;-4431
2708;2364;3229;-3136
-6611;5220;-3496;6187;2140;-3487
2094
-4929;-2;-3634;-1737;2061
4146
-1059;-4499;6452;183
5173
3522;2920;5164;-287
-1068;-5132
-5182
2288;5884;-6063
-6206
6270;-1088
-6083;-3684;4584
6207
-4658;498
5109;2125
-3485;5599
4853;22;1800;-6366;782
1472;1137;-1619;-4131
-6214
2122
6548;-2629;-3994
1954;-6324;-2745;507;3324;6431
-5019;-1868;1691
2497;-4214;-3479
322;-5739;1212;1055
5200;-772;3577;1291
-6554;-2316;-1453
4515;-6039;-999;-1255;2904;4031
-5235;-4071;-136;-1912
-2708;-5959;328;-6538;-3295;-2399
1232;-6034;-643;4854;4779
6419;2437;-5051;-1664
4416;5236;2729
-4042;2474;-1599
-3625;458
2148;68;-2314
4134;-4812;-1181;1805;-6190;-4096
-2651;3775
-5733;-1225;-6570;-5006
2545;-1780;4376;-1117;-5151
-5302;-2054;-3900;-495;-479;5983
434;-155;4943
-5489;-3937;1030;-4824;3703;-828
-2295;3423
-3178
-4819;4838;-125
4706;1079;-2841;-6124
-5874;2022;2008;-314
1220;-1111
6448;3822;-1711;1791
-3184
3255;1224;-6093;76;-3695
-83;5157;-327;-538
-2402;-3731;4262;-1162;5195
-6260
-387;1527
-5846;5964
-3191
6083;6758;6135;6154;4415;271
-4050;-3670;-935;-3927;2219
6039;825;-2732;3835;3901;-480
-126
-4386;3108;-4261;246;4141
-6595;-4819;-1988;-2615;-4592
5077;-6231
6352;2481;711;3880;-5102
2456;-6683
6218;859;3295
4229
1616;-3027;3828;-1450;-4858;3754
-3553;-3228;-2668;-4796;5853;6207
-3442;4418;-840
-1715;1618;-6744;2937;6090
-6419;83;-3898;2747;5389;3263
5263
-5762;3570
-561;-1093;2389;-5080;-6169;5247
4146;3319;6459;-2621;-1566;1678
-1480;300
4839;-6552;2892
4255
-3825;-3796;-6877
5225;2109
1081;6254
4515;-5708
6512;-2247
-3922;4724;5512
5158;-4409;-1945
-174
-1539;-85;4617;6396
-6513;-2979;6245
-1986;-2912;-2448
5223;2843;3375
4674;1155;804;3541;725;542
2608;2145;-5206;-2039;-4856
-979;855;-1577;-6671
-6325
-1041;4403;-109
5249;-3019
2849;-581;-3640;-1675;3229
5456;-6604;-6204
496;2000;3141;6713;541;3677
1201;-4359;3342
1763;-3575;3322;-1501;126;-5440
5363;4040
4283
-3958;-3784;-3947;2379;-2830;687
6230;2150
-4145;561;-4214;1465
6245;-3386;-5932;4286
6333
-2240
5016;4393
5313
6337
4579;1238;-4505;-4011;-5291;-1421
1824;-6249;6668
6194;-4452;-3302;-1944;-905;-6027
-2962;-2821;3044;4874;6444;-191
434;-5542;3238;-2426
1569;-3061;1540;2765;3342;6334
-202
1472;-6794
-4882;2849;-4024;5484;-6800
3276
2322;-3812;-2123;5629;6381
-1233
800;3875;5348;2596;-4940;-1325
3414;583;6696;1805
210
-6468;-3323;4459
6658;6242;-3835;2411
-4196;-4293;6100;3958;457;-5312
-6327;-653;621
-4836;52;-2683;-5036
4277;-2312;2537;-2239
-2835;-951;-842;1339
-2337;1106;-6726;-454
-5107;-4259;2804;4937;4234;-5900
1248;5186;2580;-326;1493;-5863
-3295
3187;-3828;-1174;-4329;-6368
-1877;-2076;3726
-5253;-3308;4237
4896;1681;-2068;-185
-3682;-6137;-6794
355;3971
4326
-2612;4517;-3465;4863
-4328
5666;-4794;393;-895;-2799;-880
-6382
-6385
-2275;-3239;5272
4338;2420;2260;-6729
-6673;4383
-4769;1536;4067;-6197
2915;6820;-1478;3573;1727
6385;-773;-3525;-6008;2650
5478;6087;6648;-46;2559
1272
2944;-1220;-1604;-2763;5390;3647
1274
5762;1160;-2575
3168;4289;3218;5125;4937
-6422;-2379;6270;2974;-112;-592
-5985;4866;4999;2424;3177
-1291
6594;-4374;-23;-6233;-3548;-1900
-4978;-5731;484;4168;1884;-192
2705;722;2979;-5269;4252
6515;675;2809;4348;-5886
-3505;2207
-2323
-5089;4646;3789
102;1196
-4145;5185;-3347;-6052;-5945;2764
2896;-2521;-1533;-4382;-590;1758
-3283;-5401;4953;3177;-2011;3870
-285
-135;-3432;-2863
4692;8;-5900;5148;-4239
-417;2848;-6885;-1982
-294
4657;5554;-6438;2664
1126;-3115;796;4558
-2838;1225;907;-2172;-1596;-1965
-3283;596;5796;886;3975;3592
-2978;-5513
2195;3225
-1329
-1332
-1096;-4765;-3663
2250;-4607
-5242;-2236
5029;-1913;6474;-3136
613;-925
1584;-658;-6787;338;3766;-1630
3888;2726;5191;-4105;-285;-1981
-1510;-295;-3304;700;1020
6177;-740
305;-1142;-5286;-2312;-2760;2684
-3392
5239;779;2158;-3759
-5445
-1349
6481;2137;1931;-6128
5812;-5255;295;-4251
4423
-333
2675;-181;3333;-1398
5457
3235;-4598
-3137;-4274;-4900;-6474;12
-5461
-1284;-1094;-125;2844
2180;5704;1675
-3857;-198;-3931;1514;3759;-4800
6115;-4741;-6727;-2541;4477
544;5570;-2697
-2594;-6471;-3371;4780;2189
5440;-4001;-3930;-1291;-6587;-3293
-2883;6838;-3402;-6205;-349;-2542
-4402;-3415;6442
-6410;6794;-1760
6485;-5000;3000;5784;-5822
-4772;6520;3550;-2896
-4563;-439;-4522;-3068;2605;415
-5235;-1157;-2181;533;-665;2204
6752;6595;-1194;2444;95
-3299;133;-2519;6042
-3681;83;756;-2010;6363;1919
5697;705;5827;-2654
2468;5784;4398
6226;4378
1474;3765;-5272;-5453
-3442
-1777;-5318;3238;4089;-5420;-3376
-534;-4167;-5913
-3756;-3788
-578;1666;-2789;-6343;3704;5739
-2425
-6523
-3294;-5278
-2119;902;2623
6528
-692;-2086;-1527;232;1129;2557
3289;-3676
6530
23;2413
5104;-1985;341
-6293;-4181;423;5805;-3311
-2945;3058;-504
4961;6018;-4388;-5894;2649;-4763
4577;-6677;-4967;792;761
4490
-3512;-5193;-6410;-1743;2910;-784
-2446
3029;3513
-561;-3619;6340;5262;-2928
-821;2762;3036;-4254;701
3473
5154;-2152;5801;-1231
-3478
-3667;2164;5686;5438
487;-3628;813;-2174
-2931;2870;3607;-6826;4971;763
3843;-6300
-3700;500;981;6326;398
1395;-437;328;4793;6122;-3598
-1653;-5159;5672;-3371;6476;3566
6232;4746;3068;-1344
545;4537;-5499
5538
-2467
-83;-5460;-3437;1390
-4387;2762;-3966;2095
4520
-6081;3042;3843;-380
2642;437;-3448;-5177
-2518;-4055
-5554;-5284;1494;-4398
2478
-4933;-5990;-3595;-2299
-6515;2884;-439;-1485
-5076;-5621;-4908;-191
4792;-6122;1849;5082;-5164
5048;-2300;1373;-3407;-5248
6416;-1986;242;-3211
-545;-3171;3276
3517
-6618;4954;-6448;-1552
2672;6693;3098;-3823
-5925;2260;1163
-4340;-1621;1896;3273;334
4805;-5176;-4187
2742;-2648;3439
6850;-3593;-3850;6175
-3506;776;-5913;-3309;1628;-4478
-6518;6361;-4330;-6235;-2032
-6005;2775;908;2300;-4541
1664;4437;1535
3573;-1994;-3806;4989;-3231
-4566
5031;5678
-6265;-5742;-5872
-6827;-812
3265;-6452;485;-3015;3257;-4156
-5266;1202;-2700;-3949
-5785;3262
1189;5081;2876;-1502
-3617;-3037;6301;-5246
-3583;2079
2528
-3525;4006
-1027;6643;1127;1931
-5606
-5987;1525;-2983;3883
3227;1358
-6004;6819;-4087;5528;-3770
-493
2914;-5315;-1836;5389;5693;-6352
-545;-934;-6456;2716;-1424
-499
-6644
-3346;3605;-5275;-5727
6323;6084;-807;-4826;-1950;2846
-2482;6296;-2285
-1530
2976;6468;5399
1081;-573
-2558
-4102;-5625
-4534;3685;-926;3310
577;-6754;-2815;3359
-6115;6791;-6635;-4797
-3523;-6067;5459;2550;1064
2498;-250;4413
519
1344;-1449;2185;-2042;-5610;5051
-5731;-1139;3276
533;-1512;-4777;-3983
-4849;6097;6442
3265;5449
1220;5447
-5646
3216;4861;-1406
1553
-2339;1465;4476
-2468;-761;650
-4418;-2116;-5861;-758;5660;3887
4768;-1301;-5566;1565
3607
6002;6754;-1991;-1369;-3741
5123;-1515
-5170;6499;-2965;4221
-5767;1133
1417;-74;-2907
-5947;-5868;4443;6412;-670;-5056
-4690;-2454;4249;302
-4641
3233;5506
-3026;4597
807;6331;-4543
-549
-1073;1505;-1236;2939;5757;-4271
2768;-2325;6310;-6346;-1258;300
-4481;4611;2468
6341;-5382;-5608
6611;5464;-4012;6828
5845;1174;3432;-682;-1021
2624;-1362;2130;3722;-4509
5329;-5347;2354;-2040;5385
-1764;-2896
1587
-4661
-5297;-5762;-3444;2197;6616
-5612;-5199
-1715;6548;-2741;-2390;-6535;-5002
-6719
-3063;-6264;5464;-1210;-638;-5104
4320;-1122;-3259;2188;-6800
-6647;-871;599;-832
-1202;-5398;-6438;-5418;-2911;-6864
-4964;5548
-6033;6373;1269
1610
6352;1844;-442
-4567;1932
-6161;-4086;-6726
4997;-471;-2442;570;1007
-3521;-4043;827
5157;3628;1023
-3667
1620
-1004;-1228;5900
2645
-5611;-108
-4273;-2387;-6709;5638;-39
-1411;-774;-3622;6408
6377;-3834;4205
-3988;3644;6620;3660;3983
4305;-2180;4521;2412;1789
-5032;-2954;6349
688;4020
5281;-3028;4872;5849;5725;-5791
-5449;4827
-5395;3575;5420;3166
4134;-2346;-3901;-5679
-5223;1320;826;-4811;95
-6433;711;6344;-5054;3806
-2661;-1324;2332
-6323;-6070;-3478;-1254;2486;2746
-4194;2244;-874;-5166;-4928
-1906;1946;2638
-1448;6175
-4731
-211;4773;6312
-2837;-6853;-1990;6200;6649;-2832
1040;-5864;-6061
-5521;-3025;1810;1994
416;-3113
-6837;44
6098;-739;1059;-1674
-3722
6561;-2932;-4279
-116;-3544;-5132;6092
1104;1158;855;4703
-5061;1429;5350;-6586;-6028
5490;-4836;-2438;-6763;-3664;3359
530;6037;-778;5307;2781;-2976
-2945;-5830;3237;4569;-1147;1453
-6811
-6641;-5602;6277;-4376;4555
-6308;-902;-1656
6418;-3322;925;5870
4641;4484;73;-522;-2879
2753;-6727;-1754;4297;-1295
6822
3811;-4491
-244;923
1248;3221;-5547;6879
564;5388;2926
-3177;-4586;5819;-3101;-2478;-3407
-547;3586;-5094;5494;6438;5149
-321;3092;-5977;3050;846
-467;-224
-3841;2140;-5135
-1881;-3932
6080;5138;2610;-1006;-1663;-5343
6229;-2825;6588;-80
-5858;-2946;-259;3245
-1250;-6485;5848;2556;4126
-6845
-4342;3639
4566;-4616;-6077;1327
544;5890;6612;-5175
-6177;1170;6595;6819;-6680
-2002;1379;185;-266
-4354;-454
-226;6184;-2907;5853
-4180;394
1380;-5167
-67;1939;213;2855;-3486;4383
-4887;1351;-494;5375;-2064
-2767
-961;643;6067;-1674;-5580;-3311
721
4611;6355;5526;-1180;-3998;-2400
2981;917;1516;1005;6591
-4820
1923;-4502;-6838;552;1996
1748
6872
4786;-5516
-6577;1856;-1129
4580;-2165;-4341;1803;-3680
-3944;2379;-3262
6421;6327;1483;4699;4717;1662
-3875;-3076;4793;3915
2145;-354;5363;-5413;-1435;2476
5728;2899;1075;-6276;1405
6065;2862
-6833;433;-4893;6461
-6690;-4387;979;-3661;2780
5635;-6440;1543
4624;3432;-3610;841;6716
-4136;3080;3177;-5935
3043;3830;-6391;-2249
2792
1276;5357;3327
3556;4359
748
-1633;-4838;-6567
-2799
-2741;581;3797;6566;-1305
-6661;-3312
-4017;5798;-6331;-2352
-1826;-3351;-3100;140;-3886
-4913;-369;-5604;773;3673;-5583
-760
2101;-201;2959
-6263;-2715;-2027
-766
-3143;-3596;-5932;5759
2369;4867;-4420
-5729;-5174;-1654;3755;2909
5472;1826;2997;2136;6796;-16
5611;-2784
-2962;2721;-5620;5717;213;-4951
-2836
-2099;6791;-1856
-4714;-2219
-4189;1324;-1007
-1426;-489;4762
1153;870;-1192;-3680
-3635;-3781;1479;-1438;143;287
-3205;4006
-5011;811;-492;-1248;3087
-4274;-4726
3815;-5242;5324;-5920;4751;-5584
1622;2871;250;-1756;892
-1508;4404;4566;6169;4586
6080;-354;-3700;-4740;1903
-2388;1219;-6811
-6258;-451;-4499;-1557;6341;4586
-418;2255
-1839
-5937
-4612;-4397
-5364;-4133;-5656
3090;2024;-3980;-3023;47
1920;-2434;2739;-6509;5999;4223
-1556;2534;-5831;-3277;5262
-6290;3557;3765;1193;-382
-1844
4923
-4482;-3363;4883;-5035
83;905;-4891
6370;116;4790;3222;-1934;5678
-1106;-371;-3653;694;-3739;172
6405;3614;-6112
-243;5606;3016;6875;-3149
-5666;-5620;2549;5510;3545;4620
769;-131;1444;3880
-5805;-5280
-1745;-1362;2258
-1969;-243;6115;-5128;664;-6432
480;641;5844;-6709;2937;1754
-3107;4983
4112;2960;-1546;-317;5133;-5391
4497;-1590
-1975;-5291;-6075;-397;5710
-2295;-1833;-2075;-5806;5005
-4162;5202;-2531;-3742;6750;6510
4006;6079
3203;4694;4520;3816
614;184;1100
5537;2505
3345;6806;6296;5052;-5264
1187;533;-1994;-4704
1905
-1026;1656;3256;4858;1355
4266;-5487;-6447;4735
-6001;4803;4118;1942;5224;5135
4005;-550;823;-586;3337
5010;-4072;3404;-558;-6718
820;1189;3721;-1772
3989;-1095;2088
6280;-4031;4783
-5233;-6290;-1993;-4783
-372;-6599;4030
-4991
898
-4561;4663;-5098
2661;696;-1424
2436;5642
-584;-4730;-5515;1725
-4609;-4759;6267;-3308;-3581;-5263
-4853;-682;4618
585;4603;-175
3891;-5480;3530
5284;-270
755;-2393;703;-1008
5172;-158
-2083;-2196;2020;4123;-6637;6717
-5526;2869;4631;4666;2474
-3793;4715
-3427;-4666
3184;1837
-4706;2438;5592;-6300
3239;3704;-2761;2889
-6053
5700;-4768
211;-2041;-1152
6053
-5043;-2550;-4608
3042;-2329;6569;-3274
4880;-4657;-6715;-1616
5954;-981;-5514;-3471
-4055;476;-2047;1119;3567
-1522;-5988;2903;-3502
-705;-237
-243;-4405;1396;-5888
-5412;-1478;-6701;-3102;-6784
194;-3444;-325;-3113;2665
3392;-4343
801;2355;1900
2007;-4377;4361
4304;-5635;-3669;-1526;5462;94
-6347;-1819;2075
-5699;-2021;2071;-2491
-2977;-5286;-3974
-6161;1139;4758;-4553;-2397;-927
-1188;-1834
6560;-3775;-5808
4594;-2853;-6103;1543;-4302
2296;6873
3430;279;-3064;6477
-6596;-6671
-609;1570;-4532;5763;-1447;-2750
1248;2805
4053
6624;-1538;-5714;1177;-4604
5716;-6008;-2361;-5020;-4780;3276
4917;-4873;1949;15
5082
6624;4822;-3117;-3005;1807
-6259;-1980;-6061
3394;-5124;-2133;-4842;-3339;815
990
-3812;-1277
2179;-2852;3732;1605;6013;559
-3525;1403;5166
-5489;-628
-6118
-3049
-1329;-4498;-3587;-472;-5741;-5855
-4948;-6295
2001;-2152;5690;3371;1324;-2063
905;1801;-2236;1404;-415;-5536
5090;-3700;5301;6012;5711
5523;2471;-478;-6510
6822;-5099;-716
-1266;6465;-423;-2876;1437;-6398
6592;-2209;3858;5880;4249;-5068
-2506;-829;5373
-3178;-6442;2844;2687
2336;6177;2744
-4093
-4771;-4716;-1598;-4766;5614
-3858;6882;6884;-6824;4521;1610
