1
-390
-20;9;-379
10
-474;106;-155
-118;-22
-307;39
-528
-531
-118;-543
-409
-410
267;14
26
-161;-189;317
-178;-88;9;-283;123
-252;-382;-430
1;-364;-190
-97;106;11;-319
-46
47
-41;-428;-93
-437
-180;245;-26;-480
-66;-37;44
-189
-178;-293;25
318
-403;-308
-129;-322;-424;-479
-465
23;-489
-212
83
290;-15;-192
213
-343
88
-89
305;99;-494
-348
-194;-278;133;-266
212;-120
-371;-493
64;-328;120;72;-282
-248;-152;-9;-155;-47
-107
-371;-342;26;-189
-289;-445;-270
128;-41;-59;-524
-118;-55;267;125;-334
-248
-403;6;-312;106;-543
-506
-511
