-405;-86;-217;-490;61;110
-517
-390
-136;126
-531;-424;108;-192
-408;-126
-438;44;-398
324;-217;-92;-157;-269
3;-542
-520;-104;-44
-541
-218;58
-227;-501;-77
-418;230;-106
-83;-421;-47
-170
-177
-258;-236;317;-398;14
-321;-84;135;103;-286;-366
118;-172;-127
-81;-259;212;-503;-378;59
-58
-290;-153
-444
-449
66
-325
19;-38;91;-527
-455
-138;-302;-528
-333
-82
210
-250;73;92
-114;-342;-525
86
-433;89
-246;117;41
90
-347
-245;-360
-1;-263;-44;-301
-409;-537;218;-366;-31
-485
-359
-246;-119;118;-426;-107;-221
-107
-34;-79
115
-418;129;-211
-373
-248
-265;-157;302
-382
-511
