-370;-171;28
-118;119
-132
-262
-211;10;-251;62
134
-269
-210;-324
-401;105;14
32;133;-425;-395;-397
-284
-485;-282;-318;-96
-543
-422
210;84
52;-348
-428
-349;45
203;-380
-85;-485;84;-265;317
39;266
-403;324;-408;-77
-309
-442;-253
-499;115;-438;-470;59;-364
-36;-299;-495
219;-414
-226;-246;-120;-235;42;204
-200
-19;116;-25
-196;101;-362
43;285
-521;62
-93;-238
-465
-82;-264;-120
-181;-197;9;-507;-219;-398
-244;100;-379;-412;-48
-217
-473
-50;-236;-62
-222
-227;-264;13
-351
-480
-340;-100;-298
-36;-520;-218;-93
-357
-401;-473
17;-235;-16
112;-499;-249;-490;-476;79
-117
-373
136;-256
-376
