-152;-505;108;-351
-241;-385;-180;-39;-265;79
-449;-451;-279;-376;-249
71;-59
-130;-395
55;-201;57;-490;-173;-415
-2;-143
-330;-235;-478
-178;-354
-386;136;-410
-405
-281
-29
-308;-409;47
32
-519;-283
-513;-51;-196;-333;-477
22;-316
296
-129;-41
-51
-97;-467
213;-168;-25;-77
312
-442
294;-233
-210;-371;-20;-358
-439;-396
-70
-337;-178;315
-65;216;-480
-254;-464
-148;-60
-336
-198;-7;-281;-363
-437;-287
-85;-255
114;-243;-214;-511
-482;-501;73;-459
-42;58;-491
-181;-9;-477;61
-354;-181;-441;-76;62
-465;1;-22;7
-352
-193;6;284
-98
-85;-527
-353;-87;-172
-466;-227;-83;28
-493
-529;-476;-512
-163;-181;-439;-392;40
114
-382
-295;-217
