-132
-50;311;-251
-274;-124
-209;-391;-408;-383;-287
-16
-149;-251
-401
-531
-21
-407
-294;43;-159
-542
-338;-363;287
-415
36
129;-485;63
-501;79
-294
112;306;4
44
-518;-423
-342;-346
-100;-404;-251;-62
-310
209;-265
-313
-82;-362
-542;-415
-190
-337;-52;-503;60
-449
-198;-255
-67;-361;-540
-76
-180;213;-159;-463
-180;85;-494
-358;-295;76;-223;-415;111
-89
216
-330;-271
-498;-308;-326;-239
197;-295
-497;-337;80;-531;99;317
230;-473;26;-270
-473;110
52;-21;-109;-414
-161;-132;-173;-414
-227;-269
-393;-491
176;-200;-344;136;-14;-511
-374
-49;-422;-394;-538
-489;46;63
-454;-310;-342;-170
-436;51;-382
