-169;40
-258
-105;93;302;-32
-328;297;-490;-254
-377;-528
-33;-104
-394
-523
-40;29
-113;-151;123
-47;-96
-144
-484;-54;37;294;-89;-489
-389;111
-481;-309
-33;-168;-456;-26;-108
36;6;43;-493
-284
-31
-276;-140
-293;-254
-422
51;-132;-443;-160
-431
-387;-196;-214;107
-308
52;-235
129;-74
311;-112
-74
-459
-465;133
-302;-542
-157;-48
-513;-122;45
-408;-315
-66;-217;-315;-255
87
-51;-491;-188
-349
113;117;-487;-350
-422;-448
-344;-287;-368
-484;25;-285
-108
-195;198;-249;-299;-78
-239
-212;-413
-499
323;-333;-174;-192
-340;-121;79
-530;-109
-306;-457;105;-365
-255
41;58;-508;124;29
