218;-475
-178;-142;62
-386
-295;-219
2
37;198;60;30;-192
-263
-9
-266
-149;6
-465;66
-16
-273
-390;-216;-536;13;-336;-96
-26
-533;-136
-542
55;120;-206
-10;-43;-141;-350
287
-520;-508;-541
113;-404
74;-44;-252;-76;-94;-160
296
-65;-277;42
299
-51
-180
-136;315
-315
102;120;-410
60
-318
-460;300;-158
20;-344
-20;-176
89;-542
-186;-523
-455;-384
71
-75
-80
306;131;25;-254
-82
-465;176;177;-356
-100;57;-188;-240
-146;59
293;-381
-291;-196;-212;-457;58;106
-103
-365
-484;-266
-240
-499
-498;-39;-40;-319
