3
-138
267
66;-454;-393
-469;69;-510
-147;-248;-120;-523
-52;25;-300;-253;-77;-383
16
36;-311
-21;41
-151
-11;-396
-353;73
-292;-117
-30
-544
-161;-471;-379;-110;318
-225;231;-43
-421
-81;43
-18;-277
41;-336
-119;-538;-251;-159
45
-434
-322;-420;-151;312;-367
-201;-268;-96
101;-91;-447
-133;-309;-457;73
-386;68;-510
315
81;323;134;-524;47
113;-36;-176;-480
-452
-76
-195;-381;-142
-338
-339
-467
324;-168;-523;27
-85
215
-149;-73;-380;-223;-288
-187;-287
90
-225
-83;-142
-247;-236
37;-23;-507;-379;-382
-161;-11;-447
-372
-465;219
-185;-447
-122
-101;-27
