-386
-515;71;311
-261
-513;-132;-136;-122;-384
-170;-223
81;56
-139
129;-99;-175
-435;215;-252;-412;-285
-209;-529;-150;246;-16
2;-148
-21
-540
-484;-228;-374;-410;59
113;43
-259;-405;120
32
-72;-92
113;-390;-249;-538
-169
-298
-43
-356;-69;245;-380
-50
-418;-136;-524
-189
-451;-378
61
119;89;-528
-370;130;-484;-504;-105;-140
-85;-367
-330
-458
-212;287
-333
48;-197;-185
-334
-406;-314
-336
-208
-339
216
-481;4
213;267
53;-537
-103;-256
-66;-514;91
-205;-158
-69;-330;-349
-254;94;-463
-372;-518;57;-302
-246
-285;-222
92;30
306;118;-170
