320;-64
102;230;56
-116;-374;8;-301
-145
-403
-532
16;-422
-188;-478
-88;-457
293
38
-506;-46
82;-518;-88;-174;-367
-42
-426
-170
-262;-38
-259;-391;92
-433;-280;-104
-178
52
-63
64
-149;42;300
85;-232;104;-411;-509
-275;-217;-348
-73
-466;-467;-340;-5;203;-31
320;-389;-14
176;11;-368;-160
308;215;-43;-139
-23;-192
2;130;-44
-535;58
-351
-480
-353
284;-384
16;-179;67;132;-12;-381
231
51;-286
68;116;213;-45;-13;-447
109
-242
-436;212;109
116
130;-307;-325
117
-219;-157
-122
-485;-24
-125
-183;57
22;-121;-284;-398;14
-383
