-168;-348
-4
-8
-520
-131;-391;74;-108;-223
-405;-248
-387;-524
-497;-213;-406;-295;-505;107
-8;-265
-168;-75;-287
-21;-381
-530
-308;-213;246
20
-278;-520
-498;-422;-76;-190
-295
-46
321;72;-219
-159;110
-56
212;-525
-83;-488
318
-194
-481;-355
-258;-197;-426;-186;-253;-541
-454
-12;-444
-331
-355;-475;-143
-217;9
308;-534;213;-327
-344
-164;311;-365
-226;317
-478
-136;-218
-98
-484
131;-485;110;-368
-342;-143
-357
-102
-147;-531;-19;-191;-495
82;88;122;-46;-351
-114
117
-211;-135;-284
-372;-182;-205
-376
136;-16
-506
-513;-146;-402;39
-511;127
