230;-488
-521;-125
-97;112;288;-88;57;-11
7
-122;-16
75;-222;287
-200;59
-533
-34;-50;-230;-87;124
-151
-329;-463
-451;-339;245
-404;-325;-389;-71
-165;309;-534;-255;-416
-402;-179;36;-524
-434
-6;-44
51
20;-379;-462
-437
-313
-314
-195;89;46
-276;-213;45
-49;-290;-405;-171;-459;-352
58;-460;-45
-133;-508;-364;93;-432
-448
-452
324
-180;-359;-47
-436;-7;-256;111
-461
-79
112;302;-496
84;126
-182;-125;-160
83
89
116;-27
-341;55;-301;110
-130;-99;-376
99;-37;-540
-421;-149;230;-522
-359;-201;-47
-34;-425;105;-127
115;-182;-288
-373;293;71;-413;-62
311;-208
112
-437;-64
-290;-84
219;284
-84;-421
125
