-232;-218;-207;-368
131
5
-145;-99;-212;-72;-41;47
-268
-195;-420;-38;-540;43;-15
-271
-97;-257;100;-311;-90
305;-35
-119;-91;-190
-148
-274;-258;42;-301
-129;-260;-297;-252;-368
-293;8
-289;-121;285;-416
31
-121;108;-287
-227;-74
-420;136;110
-179
-457;203;-446
-420;-360;-12;219
-506;317
64
-310;11;-524;-204;-448
-196
-452
83;-151
-70
-355;-358
305;-232
117;-119;56;-219;-364;-60
-79
-535;-299;-270
305;10;-396
-121;-10;-463
-339
210;-388;-55;-106
-130;218
48;-226;-487;-215;-410;-336
81;-428
91
-51;-454;-106;-507
-305;-482;-178;103
-402;-463
-485
-162;-490;-43;-431
213;-443
-455;311;-58;303
-359
-104
-475;110;127
-475;-414
-511
-512
