129
-8;-123
1;-179;-148;-279;-344;-79
-102;-288
-262
-135
-7
306;-298;267;-412
-294;-235;-509
212;29;-512
-437;-293;-190
38;-79
296
-515;-332;-205;-367;-544
299
20;57;-411;-95
-147;-315;-96
-179
-345;-347
101;102;-520
281;-42;122;-380;-44
-293;-214;-70
-450
69
-305;-3;308;-502;-105;25
115;118;93
-3;-295;-414
-342;266
-50;-28
86
-49;135
-87
75;12
-274;-458
-220
99;-296;-523;-268
-149;-462
10;-366
-514;86;-444
-499;-262;-239
-146;-340;293;-184;-240
105
-490
-500;-265;-496
-241;51;-37;-251;124;-14
-62;302
-115
-371
305;-20;-43
-245
321;-75
246
-134;-360;-524
81;45
-384
