-514
-146;-420;-470;9
-3;-341;-173
-194;-260;-294;-284
-262;-475;-220;-286;-431
-401;-433;-75
-209;-23;-363;-380;-221;30
-258;-444;-208
-405
23
60;-32
-66;-23;121
-57;-10;79;287
-406;-214;-302;109;127
20;-134;-391;-312
-163;-16
38;-91
56
-386;-37;-534;-537;75;-176
-164;-329;-399;-192
70;-9
317
-322
-55;-12
71;-395
-324
-198;-14;-496
-197
78
-243;-212;-374;-278
-339
129;-106;59
84
-161;-482;323;-122;-157
-345
-310;-27;-140
-520;-440;-541
215;-123
-387;-439;92
-195;-454;-73;-527
-115;-495
-434;-132;-151;-408
101
-232
-166;203;-272
-181;-248;59;-381;-384
-498
116
-216;-157
-41;-157;-527;-416
120
-93;-414
-291;-475
-382
-512
