-113;-182;296;10;-11
2
-217;-58;-240
-100;-84;-520;-281;-43
-419;-231
-486;-54;-239
11
-15
-451;-461
-536;-457;78
-19;-276;-493
-20
-503;-414
-170;-495
-421;-58;-60
-413
285
-415
18;-344;-347
-1;-417
-154;318
-294
-163;57;-298;107
-12;-365;-176
-402;-149;125
45;302;-304
-493;318
72;-154;-235;92;-464
-374;22;59;-15
70;-381
-61
-519;-155;14;-80;-224
-226;30
70
-73
-337;294;-247;216
-290;215
16;-434;-45
132;-539;-139;28;-335
-343
-470;125
-534;-263;-473;-365
-100
1;294;-396
-230
-363
107
-493
-150;5;-269;108;-301;-400
-239
-52;-349;-480
-117
-51;297
-460;-174
-348;-287
