-87;-477;-207
-131
-133
-531;-58;-202;-366;78;-207
68;-206
-268
116;282
84;-231
-357;-302
23
-340;-454
-309;-105
-346;60
31
-294;-87;6;-55;13
-113;78
-355;-164;99;59;-189
-438;-336;-32
52;-201;314
-163;-373;-199;-72
-53;-183;-376;77;-400
-165;-407;-251;-240
-498;-357;-470
305
60;-368
-532;-455;-348
120;-63
-60
128;67;-388;-512
-227;-439;-424
-97;-306;-149;-461;-270;-448
72
-74
-518;60
-2;85;37;-75;-476;-413
-334
-148;-93;-479
-276;-373;55
24;-364
296;47
216
245;-29
-177;-210;296
-94
299;-205
-230
230
288;129;-525
-496
-497
-502;-264;75;-64
55;-282;-144
-6;-367
-120
-384
