-354;-422;135
-38;-219
53;-57
-8
32;-299
-379;90;300
290;-454;-360
-13
-2;-285;-47;-447
-242;-322;-531;-372;-535;-188
129;-179;218;-203;-493
-529
-531
-27
-438;281
-158
-288
-225;65;-258;-356;-160
-173
-3;-186;14
302
-85;-486;102;-126;-478
23;-220;-493
-312;-379
-52
-184
-273;86
-401;213
61
-319
21;45
-34;-515;324;-151;-461
-330
130;-335
77
32;-69;198;-135;-488
-465
-121;-476
-17;-295;216;-123
90
-351
-113;-159;47
-355
100
114;231;-488;-90
-337;-153
68;42
-367
-97;-174;31
305;-66;-355
116
118
-504;-255
-418;-93
-483;-71;87;-45
