-258
-69;-277;-5;93
20;-364;-29;109
-139
-468;-532;-102;-190
-141
-308;-294;-518;-429
13
-163;-493
-197;213
-50;69
-17;37
-355;-36;-528
-26
-146;-136
282
-155
-412
19;-28;12;-222;62
-257;-412
288;-119;311;60
30
-246;-426
-227;-134;-108;-333
-40
-298
128;297
294;-122
-19;-412
-306;-384
-182
210;-139;-253
-311
324;-398;-368
-434;-85;-438
-64
-161;-67;-3;-405;60
-193
-244;-340;-392;137
-12;-448
-166;-41
-259;-205
80
83
-214
215
-484;-164;41;-205;-526;-286
-404;-198
-95
-82;-535;-344;-542
-360
-454;-392;-314;26
-112
122;123
-290;-115;-339;120;-397
