-242;113;-404;-148;40
-1
-481;48;-536;-442;127
-5
5
-538;-477;-527
-293;53;-535
-66;-197
-244;-535;-256
-526
-270
25;-45
-20
-278
-25
-133;-296;-509;15
80;23;72;-459
-433;-108
81;-245;134
285
32;-501;-454;-6
32;-167;87;10;-382
-451;51;-23
-1;-245;-127;78
40
-429
-167;-527
-10;-431
-200;9;-507
-187
-316
-179;131;-140
-338;-92;-528
-213;-293;-187;-142
-70
99;-231;-223;-111
-503;-220
82
-219
-69;-278;-472;-459;-479
-373;-294;-218;-362;-426;299
99
130;-9;-223
-363;-384
-364
131;53;-359;282
-129;-20;-217
-402;-419;-83;-235
-117
-517;101;-343
-250
5;-383
-195;-311
-383
37;-71;-492;27;-269
