48;-369;-533;230;108
-118;133;299;203
-7
-460;-189
-300;-221
-65;-207
-274
-534
-124;-413
-409
29
-31
-498;-430
-293
-424
-297
-500;-361;-461
-428
-405;-60;-351
16;-465;-514;-494
-436
2;130;47
309;-255
-187
116;-304
-297;-154
-392;-123;63
324
-326
-316;-205;-190;-350;78;-112
-452;-213;-246;-151;231;-138
-203
16;-310;-472;-75;123
79
-258;-166;-170
-497;-102
-345
-321;-65;-472
-218
-475
20;-391;-280;-464
-371;-278;284;-239
-425;204
92
-225
80;-50;-452;-206;-367
-104;40;41;-77
85;-441;127
85;15
230
-360
-81;-26
-368
245
18;293;-62
