129
-518
112;-60;-413;-159
-479;-175
-393;-172;-478
-405
80;-489
-251;-287
-181;-234
-468;-342;-439;-62
-510;94
-65;45;-511;-271
-422
115;-343;-535;-172
39
-218;-79
-130;-131;293;-104;-173;287
-337;10;124;-480
-257;-11;-288
-175
17;230;-536;-142
-277;-518;-344;-316
-1;-196;-501;-374
-432
-450;-231;-267
-180
-309
58
-536;12;-158;109
293;24
-531;-270;-288
-449;-41;-156;-253;-318
-193
321
-198
-73
-460
53;314;-448
-165;-44
55;-271
216
65;-148;-391
-475
90
-357;36;-152;-265;-251
-259;-70;-248;-541
-5;-345
-322;-455;-471;-425;-347
-101
-82;-116;4;-120;-44
-514;-361
8;-186;-448
114
123
126
