-85;-48
-521
-10
112;-100;-407
11
-242;-386;-156
-330;-75
-534
130;-179;198
54;-76
198;215
-543
-291;130
-20;-407;-119
-261;-285
-291
-2;-498;-217;-203;-396
-167
-296
-161;-377;-26;267
-516;-437;15
-529;-282
-517;-167
-302
-146;-284
-304
176
-308;-517;-280;287
-50
177;-127
-97;-120;-474
-458;-236
-312
-322;-122
-116;-197;-392;-254
-26;218
-17;-149;-155
20;-470
320;-125
-385;-100;30
-482;-185;76
65;-291;-150;-330;-15
-418;18;86;-201;-79
-184;-155
-376;-29;-191
-385;300
115;-41;312;-507;-350
-164;-535;-397;303;-64
-72;-409
-369;-198;-8;-330;-90
-257;209;-471;-360;-507
-494
-250
-199;-184
-369;-527
