-376;-122;-527
-259
-6
-24;-62;-176
-139
12
-82;-59
16;38;-25;-154;-528
137;-11;15
-272
-19
101;303
-278
-22;-394;-266;-92;317;-79
-33
-4;-43;14
290
-163
-165
-37
-465;123;-79
-2;9;-430
-37;-246;-269
113;-73
-340;-214
-309;-230;-86;-184;71;-76
46
308
-171;-139
-185
-56;-312;-365;-349
-449;-276;282
-151;91
-465;-275;293
-484;-476
132;-197;293;-28
-76
-406;120;78
-210
-231;-367
-404;-344;-89;-444;43
-326;56;-332
-145;-66;-393
-221
-99;-424;-361;-25;297
-41;-187
-420;-361;-190;110;-144
40;-185;-220
-250;10
-369
-228;-9;124
128;-13
-340;216
-286;-350
-381
