-18;-240;-512
-517
-97;58;122;-397;-78;-255
-517;-85;-104;-218;-127;15
12
32;118
-322;-487;-394;28
-113;-81;-503;-223
48;106
-228;-263;-73;24
284
29
113;-534
-385;-52;38;-25
-308;-117
40
-387;216
44
300
-324;-429;-61
-313
52;10
-64
-193
-194
-453
69
-330
-198;124
-336
-499;-478
27;-239
-342
-67;-19
-215
87
-373;-471;-397
216
4;-153;-521;-187
21;117;-231
290;-512
-534;-74
-352
1;-328;-409
-226
-229
-117;124;-240
-67;-172
-513;-3;-199;-473;-381;-334
-248;-41;-153;-491;-509;-79
-115
115
-402;-102
-3;7;-333;78
-266;15
