-514
7;-269
23;-543
-521
136
137
-484;-171
-528;-256
-449;-335
27;-175
37;-284;-287
51;-173;-29
65;70;-408;-154;-238
-409
-353;-450;-101;-216;-189
-417;-449;-165;-311;-224
65;118;40;-512
-84;-261;-73
-418
-17;311;125;-128
-226;197;-106;-160
-168
-301
-21;-518;-279
177;87;-477;28
-99;-284;-60
-241;-74
-274;-186;267;-254
-118;-294;215;-312;-360;-474
-195;-387;-76;-431
-182;59;-332
-131;-324;-470;-170
-18;54;-301;-47;-400
-342;11
-173;-542
113;281;-476
210
-532;62
-361;-240
-90
219
-167;-250;-46;-527;-383
-498;-343;-156;-509
-355
-250;-108;-205;204
10;-123
-18;-262;-218
-515;-231;-393
-244
-503
-87;-32
-506
-379
67;55
-254
