-513
198;-491;-476
-386
-5
18;246
285;111
-435;-41;266;-188
-339;-390;-167;55;314
-276
-340;-25;-444;-381;-111
-49;-1;-42;-444
-456;-489;-188;-128;-304
-30
-49;87;123;-447
287
67;59;-287
-289
-117;-173
-37
-166
-41
-484;4;-220;-494
-131;-346;-335
-173
-322;-107;-128
-49;-383
7;-395;-300
-353;-278;312;-346;-426;-366
-179;-35;-397;47
-162;-146;-505;-268
-118;-72
-482;-438;-28;108
-321;-8
19;198;-200;56
-330
-266;63
-338;-19;-198;-426;9
69;42;284;-206;14
305;-211;-166;-168;318
-336
212
82;-388;90
-391;-200;-12
-524;-463
-114;8;15
320;-211;118;43;76
-221
-482
-442;-76;-95
-357;127
177;-283
109
-498
-505;300;285;-463;-384
-128
