-442;-411;-172
312;74
-298;-493;-239
-265
-166;-473;267;-396;-302;-94
-388;-237;-416
-148
-371;99;-133
-27
-118;-347;-316;28;-525;-29
-338;-330
291;-8
-160
-482;-454;-135;-234;-363;-415
-17;113;36;-183;-368
-34;306;132;-439;58;-318
-19;-339;-199
-5;-9;-192;-96
-489;-523;-61;-15;-368
13;-238;-464
-182
-417;-435;-439;-173
56
-315
-444
100;-160
-446
-447
137;-221;-111
-498;129;-341
-330
-417;-42
1;-217;13
76
-335
-292;-149;-150
306;198;-457;-128
-37;-429
210
131;212
-476;318;-191
-359;9
-100
-101;-188;60
-195;-292
-513;267;12
106
288;-389;-6
-533;71;-415
212;-456;-186;63
-270;29
-403;68;-293
-275;282;-255
-21;-358;-407;-523;-478
-407;-488;103;297;-141
