-260
55;12;317;-207;-448
-402
-146
-531
-280
4;-231;-359;135;90;79
-388;-36;-410;-62;-160
-145;-308;-166;74
-501;-301
-34
-362;-27;-159
-165
39
-84;37;-232;282;-14;-414
-113;-25;-43;-509
-289;-134;-395
-405;-263;-219;-430;-399
-310
288;-107
53
9;-192
-458;-238
-445
-447
320
-438;26;90
-151;-429
-227;90;204
-69
-337;-517;15
-259;-196;116;219;-80
-203
-455;-492;-524;-268
-76
-325;-136
78
-275;-60
-468;-127
6;-345
-209;-2
-469;-122;-394
-90
-261;-86
-481;324;29;-222
93
-480
-265;-523;-462
-196;94
-452;-279;-394;59;-188
-377;-238
-106
-234
-244
-253
