-259
-7;-282;9;297;-11
-400
-309;-281;75;-142
-529
-275
-536
-154
2;-314;10;-367
-66;-404;-421;-27;-187;-206
-544
67;-103
-215;-247;-477
-172
107;-237;-526;-160
-419;-293;-296;-328
-185
-186
-461;-494
-500;-299;-285
-341;-232
65
-147;-419;-227;-297
-417;-356;-190
-277;-188;12
-273;-178;118;135;-169;-220
4;-80
-82;-180;-536;-332;285
-531;-35;-488;-360;8;47
-81
-120;-351
-90
-100;-183;10;-28;-304
-477
-180;-69;37;-393
-40;-266;-444;-240
101;119;-493;-80
-362;-300;-76
-449;-214;-136;60
-308;79
-22;85;231;318
67;83;-181;-489;-127;-480
-490
-81;-403;293;-428
-475;110
-180;-315
-66;8;297
-39;-506;-207
-114
-248
-164;40;59;-460;-492
-121
-157;-478
-486;-198;44
-161;-223
