132
-264
137
-466;-197;-506;-188;-158;-288
8;-474;-443
-349;-432
-81;-99;3;38;246;-506
323;-175
-456;-233;282
23
-450;-248;-222
-284;-510
320;-520;39;-377
29
-199;230;-74;11
31
-45;31;303
-290
-201;-89
-420
-165
-423
-168
-133;91
42
-485;-391;-488;-90
-54
-472;-287;-448
-98;-245;-102
63
-321;215;41
102;104;25;125;-158
-410;-108;60
-370;-91
-494;287
-134;-73
-200;-394
-8;-331
-289;109;47;-336
213
-374;22;-504
-434;-435;-441;-444
-249;-112
113;121
-236
81;-406;-126;-174
-114
-244
-145;-100
118
-377
-483;-25
-124
-255
127
