51;-474;-364;-496
198;-125;-334
-120;-141
-390
296;58;-155;-333
67;-9;77
-140
-14
-1;16;-419;-87;137;-300
-198;-73
-23
-369;-175
287
-341;-462
113;-281
-257;-199;-217;-523
-146;-403;-421;293;-412;-239
81;-484;4;-487;-189
27;-334
-245;-390;61
32;-350
-63
320
-179;-324;-278;203
177;-120;-381
48;22
-75
-105;-441;-265;90
-185;-91;-448
-71;-141
-469
-344
-539;-445
-347
93
-478
-369;-359;25;93
-150;-267;60
-103
-1;-372;-328;-348;-462
231
-17;124
-178;-330;74;-475;-79;-144
111
318;-432
-484;219;-301;-318
-501
-513;-3;-330;90;127
-181;312;-505
118
-120
-376
120
-136;-315;203;29;-32
-463;79
