-386
320;-132;-453;-454;-330;-107
17;-26
320;-254;-463
-25
-186;-12;45
-518;121;-268
-281
-145;-35;-245;-240
281
-87;-456
-17;303
35
37
-536;-527
-396;91
-6;54
-177
-503;-239;-335
-438
-306;-26;-108
-18;-506;-304
306;-84;230;-24;-491
-165;-284
67
24;-477
-326
-327
19;-223
-332
-44;-525;108
-220;-366;302;-208;287
-196;133;-400
-208
-80
-336
79
-273;-290;-117;215;-256
-401;-515;-63
-342
-215
-475
84;-439;-120
91
-477
-401;-358;-204;43;75;111
-351
-471;-264
-114;-505;-506;-11;-240
-113;-315;-124;-61
-276;116;-248;266;-349
108
-493
113
-504
