2
-117;-278;-120
80;-129;-99;-470;-537
-101;-230;37;-422;-41;-526
-161;230;-312;123;-270
-513;-307;299
-266
212;-167;-125;-525;-176
-290;-484;-436;-376;-238;-495
121;-106
-273
-402
-177;215;-448
281
282
-27
-413
-417
-420
-449;-229
40
42
44
-526;-415
-332;28;124
-311
-439
52;-183;-490;-75
20;-206
-515;-453;-375
-18;-414;-272
65
66
-67
-389;-262;69
-71
-331
36;104;-330;-397
-460
-423;-301
-324;72;-90
-131;3;-294;-415;110
-222
-342;246
-305;-49
210;-151;-505;-313;-493
-276;-170;-300
-165;-198
-438;203
-110
110
-241
-498;-515;-294;-218
123
-508
