-244;246
-337;-54
-373;-405
65;-166;90
-524
-467;-58
-399
80;-433;-376;-315;-254
-213;-190
-5;-396;126
-193;-52;-295;-377
-406
-371;-277;20;-38
-282
-123;-287
-29
18;-500;-91;-96
-33;103;75;-382;78
129;30
31
-292
-420
-225;-211;-518;-460;-543
-425
-34;-500;8;-286
-428
-313;-12;-239
-8;60
-450;-134;-326;-43
-57
-150;215
-499;-336
-197
116;-189;318;-176
-274;-294;-167;136;-112
-101;29
-460
-258;-459
-78
77
-336
116;-296;-460;45
32;-234;-268;-255
-469
-52;-536;-77;-64
-482;134
-308;-121;78
-401;-131;-182;-40;-72;-168
5;93
102
-19;-35;-85;-357
-371
-241;-122;-268
-156;-127;-223
-451;-101;24;-109
