-162;-351
-467;-105;-75;-125
-49;-212;-455;71
-265
-163;-359
-149;-246
-11
-274;134
-271
64;203;-124
-533
-433;-309;-23;-159
-31
-287
53;-457;-14
-291
-470;-462
305;-141
-5;-357;-536;-506;-44
-427
43
83;-436;308
-161;-400
65;-503
-184;-270;15
-68;-420;-521;-281;-302
-357;39;-251
-34;-539
-327;-122
99;-330;-221
-452
-453
-204;-384
-205
-370;-518;-246;-479
-334
-119;-217
-243;-437;6;-77;285
86;-168;-73;-251;-316
28;-368
87
-357;-378
-154;-364;-220;-381
-289;-385;1;-68;4
-291;-446
-484
-360;-252
-309;-310;-472;-240;-64
311;315
-118
117
-145;-132;83;-218;-475
120
-379
-256
