8
-44;-222
-141
-241;-37;-507;-253
197;118;-493;-319;-31;-256
-39;-492
-405
-225;-185
-413
28
-402;-69;-205
-37
-498;-135;-430
-35;-499;58;-76
297
47
-273;113;-538;-509
-1;-136;-331;123;-478
-266;-176
314
-418;-157
63
-4;-326;-119
69;-71;-216;-11;-477
-153;-492;-253;62
-433;-280;296;-73;-91
-330
-115;-404;-396;219;76;285
-483;-132;36;-56;43
-194;-468;-485;-391;-462
118;134;-172
-209
82
-193;-418;-242
-214
-470
-354;-329;-429
-89
91
92
-260;-469;10;-524;125;-127
-226;-290;-220;127
293;-536;121;-155;-207
-250;-364
-106
296;-189
108
-324;6;-175
-111
-498
-34;-326;-471;-170;-523;-512
-117
-376
-120
-509
