-258
131;-388;-263;-507;-128
-7
-13
15
-37;117;-153;315;-95
-491;-125;-62;-111
-406
112;-290;-357
-407
-280
-24
-26
230;-74;-301;-429;-480
-158
-437;-170;-11;-187
-337;210;-499;-455;-73;-42
45
-303
-434
-515;-176
-497;-163;318;-272;-464
-182
100;-462;-208
-443
-452;134
-513;-192
-389;-446
-370;116;-474;-126;-255;-240
-517;60
-329
-146;18;-215;-441;-189;-253
75
-332
176;68;-518;-192
82;56;-477
-3;-493;284
66;-281
-471
-88
89
-161;-188
-233;40;-382;94;-384
-450;-419
-374;-215;-9;-271
-417;-482;281
-362
-237
-229;-139
-485;-175;-352
-140;-285;-208
-533;54;-136;-362;-427
-422;-473
-128
-384
