-391;282;-76;-524;-446
-130;-148;-5;-490
-389
23;-16
-298;-94
-264
-179;-245;-393;-332;-64;303
13
324;-55
117;-198;-520;-202;266
-537
-417;-377
-214;71;-270;-366;-479;-48
-27
130;99;-393;-510
-295
-259;-297
44
-65;20;-121;-540;-492
-308;-220;-543
-19;-157
-19;-442;284
-305
-534;-541
-312;-59;-285;92
52
314
212;213;-518;230;-62;-16
-178;115
324
197
-123;-333
-25;88;136
-51;-25
-338;-251
-469;-440;13;-208
-339;-310;-200
-338
118;-203
-133;36;-246
88
-434;-103;-87;-491
112;-497;291
-489
-138;-96
-491
108
-238
-312;-220;-222
-371
-481;-535;127
308;-151;-424;-426;-27;-300
-141;-367
-252
-98;-468;-444;-524
