-228;-286
116;85;-203
-9
-113;309;-335
13
-272
-470;-314
324;-249;-96
-282
69;-503;-233
-49;-9;13;-239
88;-59
-33
-37;71
-164
-38;75
-182;-496
-424
-149;133;-154
-485;-40;-159
-502;72
-308;-124
-308
-81;-372;297;-172;-493
-296;106
-193;-537;90;-318
-448
-518;-188
-66
-451
-369;-41;-444;-220;111
-327
-51;-37;-362;-11
216;-362;314;-91
-207
-419;-172
-210;-532;-492
118;-457
-467
9;74
129;51;37
-82;-393
-34;-284;-480;-448
-313;-171
103
82;-263;284
-212;-149
-439;-328;-235
-229;-268
-101;-396
-6;73;-475;-219
-81;-513;-290
-511
-388;-429;-79
-436;-460
