-82;-51;-471;-56;-109
-434;-463
-486;-411
80;-119;7;29
-516
-177;6;-218
22;110
6
67;-236;303
-530;323;115;-428
-98;108
-210;2;-195;293;-415
-526
3;-201;-76
-23;63;-448
53;-463
305;-181;-490;74;-254
-170;-507
-33;42;28
-39
-42
46
-321;-495
305
-51;-520;-473;-414
-193;-55;-487;-315;-156
-311
-482;-53;-101;-167;-491;-44
210;-152
-310;-327;-191
-191
-65
-325
-65;-199;-280;-170
-135;-461
130;35;-373;-138;-508
-343
-522;-333
-344
-257;-482;-85;-87;-75
-403;-421;293;296;-122;267
-257;18;-57;78
306;86;-72;-457;-61;-414
-485
-231
-450;-506;-47
-34;230;-89
6;-376;-409;73;-170
134;110
-497;122
73;-410;89
-417;-217
-82;-118;-374;-345;26
312;282;300
-384
