-390
116;-453;-456;-238
-119;-359;-44
64;-117;85;-170
-140
104;-93
-13
-469;293;-182;-169;-254
-525
-68;54
-143
-531
-504;-28
-536
-153
-246;54;-141;-208
-543
-454;-342;124
7;-42
-167
-466;133;134;31
-454;24;-251
306
13;-192
-51
32;-468
-433;-138;-141;-494
-187
-451
-328
-493;-224
-308;-346;-319
-335
-99;19
-17;-277;-109;-62
14;-95
-211
-392;-76
-86
-311;-199;-270;-463
-33;-82;-106
-70;-409
-213;-410;11
-132;-87;-265
112;117
-73;-286
-361
-234
86;-423;-26
131;-469;-456;44
109
-465;17;210;-374;-11;-128
-178;-261;-247;-489;-477
-245
-198;-345;-235;-142;31
