-482;-189;285
-131
22;-26
-261
-389
306;-46
4
99;-148;-471;-509
-136
-262;-360;-30
-371;-24;-424;-473;126
212;-117;303
-531
-481;65;17;-119;-526
5;14
104;-125
-350;-190
-285
296
-213;-25;63
-47
-177
-434
-180
305;-133;-413;61
-189
177;129;-293;-155;-304
-194
86;-538
76;-304;31
-106;-475
-530;-13;-47
-21;-456;122;-236
112;-371;-276;198
-337
245;-154
67;19;-456;-234
-117;104;-9;-202
-375;-106
-98
5;-106
-68;-125;92
-321;45;110;-448
-104
51;-540
-489
177;81;-275;122
-496
-115
-298;46
-35;296;-201;-44;109
-510
-1;-253
-277;-469;246;-395
-384
