-133
-260;-9;-121
-262
-7
-393
-9
-460;-319
-268
-525
-141
-241;-417;-314;-299;-267;-524
-391;-265
-245;-95;-63
-132;-41;25
-177;-99
-283
-403;57;299;-365
4;25;-315
-543
-275;-358;-39
3;-421
-34
24;-474;26;-381
-291;119;-521;-445;76
64;-211;-538;-251
-342;-215;-379;126
-165;-374;-271
-414;-142
-215;89;-432
18;59;-126
-438
-55
-62
-407;-424
-1;-295;-536
6;314
80;-500;-100;-315
70;-142
77
-370;118;-392;-284;-16;-544
-466
80;17;-506;-28;-157
-212
-84
-354;-245;-304;-336
-95
28;-253;-511
7;216
-251;-364
-374;13
-363;-383
-123
-274;-469;-152
-1;-116;85;-455;74;30
-511
