-290;121;300
2;132
7
137
84;-351
-12
129;-117
1;-271
-5;-394
-400
-100;83
-338;-163;-28
-149
-280
-331;-333
85;-171;110
-245;308;-523;-206
-31
-422
-425
-505;-443;-171;-395;-63
84;21;-92;28
-39;-9;-512
-177
84;-12;-125
100;-542
128;-69
-37;-312;-223
-261;71;120;8
-309;246
-452
-340;-357;-301;-222
-294;-423;136
291;-222
197
-454
-457
-421;-171
-470
314;28
-53;-534;-472;57;-367
-53;86;-202;106;-204;-334
-351
72;-430;-399;15
-231
-104
104
-516;-87;57;-75
-337;80;-492
-485;-523
-112
87;-330
-186;-300;-141
-211;-407;-237;-543
-509
