-198;-91;-480
32;-265;-284;-125
-17;129;-115
-388;-38;-172;-174
102;-108
-130;102;-136;-280;-78
-12
-527
323;94;-16
-275
-418;-375
-153
-87;38;24
267;-240
-31
-419;-421;-87
-422;-202;-347;266;-479
32
-409;-10
-274;-19
-226;21;-346
88;-73;10;15
303
-262;-94;-463
-455;-237
130;-55;108
-337;-341;-21
-257;-67;-121
-296;-474;-187
-403;84
-191
-229;-346
48;-54;70
64
-195
197
100;4;-375;56;-128;-368
-455
-328
-459
-338
-355;-540;61;110
-452;-272
56;-527
72;-159
-472
129;-31
-101
-362;-110;-144
-293;-325;-198;55;-297;-329
119
-250
245;-504;-491;-446;-464
-278;25
-420;-229;266
