-246;-265;-186;-336
80;-70
-20
-327;7;-106;-109
-154;-382
-411
-34;114;-388;88;-543;-544
282
-49;112;-348;-189;317
31
-23;-10
-161
-35
-517;-91;315
293
-227;55
-83;-281;62
-47
-257;-518;-348;-335
-339;23;74;63
-66;-4;131;137;29;-543
66;-246;-393
82;-400
-305;-6;-398
-326
-454
-312;-298;-203;-348;-318
67;-139;-430;47
-404;-53
17;-218
-468
-489;-108
-520;-333
-120;-479
24;-368
-132;-101;-22;-118;-106;-507
-350
-96
-192;-160
-481
-225
-180;-48
-337;36;-56
10;123;-32
-181;-5;-488;-26;-476;47
-529;294;-489;10;-543
-106
-108;-127
-81;-156
-4;-236
-372
66;-541;-190;31
83;-406;9;-448
-530;-110
-128
