-354;-287
64;2;62
-84;-165;-439;-89;120;-368
288;-518;56;43;-255
-3
210;-164;-37;-542;-496
-136
-267
119;-108
15
-275;-324;-221;-222
-422;-365
-168;-365
-150
-98;-452;-496
-407
-100;76
48;-330
-51;77
-283
20;-432
-540
-161
-295
-410;-15
-502;-38;-87;-440
-300
-44
-401;-453;-218;-253
47
-179
51
311;-491
-354;130;-85
-140;-304
315
-63
-197;-428;-208
-193;-471;-43
-456;-509
-8;-46;-143
-56;-271
-458
-149;-71;-221;15;-288
-274;-297;-538;-365;-493;-159
-464
-217
-388;116;-408;-217;-221
100;20;-102;-231;-522
-23;-395;63
101
-68;102;76
-536;-64;-288
-121
-484;-296;-237
