130
84;-88
-404;-270;302;111
-369;-373;56;-476;-124
134;-270
-394;-126
82;56
-403;-135;55;-297
-142
-522;123
-17
-146
-154
30
-31
67;-407;-461
-164
-423;-10;204;-64
-213;27;-494
40
-461;-351
-300
-292;-265
-45
-515;-275;197;-492;284;-13
-431
-243;66
-537;-29
-497;-452;-533;54;-39
2;-180;-406;13
-514;-101;-454;6;-281
114;-53;-375;-426;-270;-207
-331
-342;-246
-196;-11
-99;-236
-183;-410
176;-372;324;-166;-184;10
-245;133;-486
-453;-392;-394
89
20;-374
-354
-357
-91;-188;-334
-273;-214
-376;-447;-432
-232
69;-22;-344;-120;-348;-108
-523;-143;47
-107
-263;26
108
-514;-18;-389;29
-509
