57;77
-98;84
-246;39;137;-331;-381
-168;312
-278
25
288;-210;-295;-248;-220;15
-414
-49;81
-423;-122
-45;78
-277;-399
-293
-212;-502;-445;-31
305;-424;-304
-169
-450;281
-214;-219
-327;-492
213;89;-252
-154;-526;-16
18;294
-491;47
-60
-210;-36;-329
67;36;-522;-14;-16
-449
-537;-44
-120;-207
-521;-318
-21;-342;-198;5;219;-254
132;-389;136;-348
212
-346
-219
112;109
-357;-152;-40;-234;-336
323;-101
-353
-4;-223
-147;302;-512
-83;-84;-101;-217;-256
65;-9;47
-232
209;23
-5;-229
118;-122;-492
-275;-491;14
-369
-209;-409;-252;-397
-372
-405;-480
-254
-239;-528
127
