-1;-128
-515
116;-377
-7
-391
51;8;-10;91
291;-202;-75
-338;321
-213;-24;-283;-268
-278;-127
23
-154
-419
19;-278;-312;-233
-149;59;127
-213;40;-446;63
-440;-457;-301
-175
-499;73;-11;-158;-318;-415
-289;125;-142
-435
-115;-120;-249;56;-506;-270
-440
-2;135;315
-385;-342;-71;-426
81;136;-361;-59
-376;-105;-333;-158
-205
-373;-88
-78
-234;26
-84
-355;-500;291;-380;91
-343
-472
218
-385;-13;-80
-114;-84;203;60;-160
17;-99;-102;-377;-174
-101
-385;24
-225;32;99;-117;-283
-370;-420;38
-165;-332
-17;-370;-440;-28;-188;-480
-390;-505;57;-45;126
116
-499;-120;-40;29
-249
122
-81;-392;92;-31;-480
-353;-358;-70;-316;28;-335
-380
-435;-501;-198;101;-441;-443
-254
