12368;-10148;8473;16171;-14576
-2
869;-13160
-6567;-4110;-13902
15538;-13412;6069
4099
6995;-775;-475;-5742
-17636;-6944
17;16371
4612;14328;1881;-6811;2188;16574
15104;981;-16093
-4108
-1895;-2217
9875;-9432;-459
-9753;-14841
-7026;4146;11091
-2743;15626;14282;-4317;-10142;-12687
2864;-611;18277;17370;16075;11583
-12065;-11729;-2227;-4967;-11991;18377
-16532;12410
4706;16538;-8928
833;2772;10118;17946;10027;-703
8338;10647;-12858;-18140;12047
-1431;9660
17671;-9835;12157;-10304;-17920
13250;11623;4878;-13328
44
-12497;8848;3694
-12547;-6772;15829;-3226;14619;12622
7701;410;16511
17090;-10100;-7996;959
15959;12761
8240
16434
-7250;-8706;11314;3827;869
-2310;13050;-10796
7105;-13475;6573;16877;-8494;3758
11098;2428;-9374
4154
1200;16002;-12457;-9289;-16268;8459
9712;1250;-15125
-4167
-13940;-12261;8502;1529;-16669
5072;-7057;-5427;-13731;590
-79
6960;-5714;-3684;14132;-18181;-18170
-6435;18290;-12917;1144
-2609;-16051;3155;7044;1541;-17743
-12377
-13613;-2045;14044;3085;10637;8462
-11986;1366;-15177;-11228;16447
-6177;-13138;6926
-226;13459;6086;1262
17763;2486;-2552;-9401
-14369;-705;-13704
-4755;-2803;-324;3676
-3766;-18121;17561;10441;10378
-2851;-966;-5430;-10439;7288
806;12951;-9551
-7778;11201;1442;9172;14745
15025;2265;-1341;-2365;-13696
6944;9553
-4145;4439;12108
15712;-2982;7963;-9436;12668;-7424
18384;11556;-13945;12796
10096;15092;-1141;13478;-4557;-8269
-12414
-13722;9500
1776;-1492;8035
-9031;8007;887
1537;-13964
-11618;-13315;12919;-12489;7884;8286
9393;1306;-3325;-15709
-513;-3727
145
-9537;4714;-7612
-8529;13613;2158;9518;-223
10241;6661;-16071;-14504;11913;6011
-16540
16743;3223;669
15367;-11114
-5031;-7417
-14084;-14748
15458;1086
-18166;-3850;5470
16547
-967;-8056;16409;-15742
11720;17116
-13265;14259;11464
3222;11992;-17916;-5661
10673;3528;9737;-7003;-12668
1621;11610;15356;-16128
17153;12307;-7254;-8843;-17632
3394;-11159;-1273;-911;1583
-13895;-7675;-3181
-8369
-15361;1015;-4217;-426;185;-18239
-16564
2548;-1191;11114
12064;-7764;17412;-17817;-4080
3792;-8853;4876
9173;18199;13528;16360;4425;-8252
-12478
-14082;-14045;-8928
2353;-1370;-13466
3847;6999;13272;655
-5219;-13411;-7574;10215;15789
-9652;1260
8392
12613;-4219
10672;15921;-1369;5513;5225;-7088
6424;-3658;-1484;-13774
4299
11185;-786;5414;17162
-12496
11120;8977;-4308;-17796;1641;156
6650;10379;3661
16106;14907;-9277;3053
1977;-13403;11643
13984;-8276;17237;-7932;173;-15406
565;15078;14343;6778;-16063
8209;-13843;-10976
-10087;-9435;6814;191
1920;9266;1059;3781;7274;-14880
3920;1216;-7240;10525
-16618
-11158;6827
-13842;1316;15317;16982;-11912;8761
10753;-3780;-11301;-953;-7246
6693;12599;-10860
-2647;13894;-2809;3977;-4733;17134
1304;11231
435;-15749;15558;-13656;-17336;-10462
-4963;-6454;5606;-14920
6977;10898;10116;16725;16761;8414
12936;11899
2674;14709;-15814;6887
-17730;450;1255;12824;10490;17551
-11112;2653
4219;-13580;13724
-12561;8155;-4205;-8941;895
-4373
-17522;4706;18050;10294;9327
-9441;1460;-15143;10555
16667
-5265;-5203;3699;2387
-12580
-9460;17944
13093;13191;-18377;-3517
14362;3947;-4863;-4960
-12583
-297
11312;-741;-6167;-13006;-14223;-6144
16354;-11828;7656;-5481;9982
-3313;-9277
5395;8821;11606;-6458;12301;-2688
11604;13717;9496;-12062;6223
-354;-16452;-14204;10573;-4447
-12600
3680;4131;7910;9166
-13617;16803;-9741;-18334
16697
-2081;-9139;11016;3162;3645;5999
4410
-15698;-16532;-13252;-11302;16502;-999
-13915;14235
17952;-11730;9940;11142;1689
14328;-17292;-14782;5135
324
12643;-8388;3272;17373
785;-458
-10337;10049;-9013;17724;-12848
-15016;10590
-2690;9796;-11829;-3382;7771
-13075;-3124;-12580;-263;7945;4367
-12636
6496;-15038
-1923;-948;-8678;6341;762
-12639
8465;-9075;5204;-17240
-9041;17590
-16744
-16748
-15045;8886;375;-15592;2216;10604
-2770;6049;7793;-2516
-6838;2375
3845;-4217
-15217;3783;-1226
-11010;14418;-3037
-15992;15615
-12667
-9944;16347;-6783
8043;-3568
3472;6945;16898;-38;8958;-11279
7526;-4122;10667;2703
12679
8834;-13328
9831;6951
-11763;-4803;7975
-12688
-4498
-12129;17096;9595;-5966
-9394;-11493
-17330;3319;-13836;11692;-8832
-11092;10680
1312;2774;-18202;875;8733
10579;-14583;-12280;16187;-16704
16054;746
-8818;-6428;1854;686
3859;16584;-3081;-415;-15424;11183
-17747;12771;16071;-15614
9952;10950
-10593;-4163;11703;-17791;12222
-5171;-17877;-4775;-9272;3896
-12726
17026;2165;-18183;-17944;-13468;13581
-13830;6181;12632;14889;8746;493
1262;-816
16854;-13464;-3838
-8758;-8487;1849;-1440
-3028;7223;-3743
-16841
-4556
-17882;12538;-3308
7665;-16320
-17825;14433;14083;9764;-11800
17858;14963;7798;17194
-3268;16519;-10093;-15917
12006;-16573
-9143;9614
4896;-7969;2292;1562;3997;-4303
5204;-630
-1825;-8887;15243;9964;-3775;-11199
-530;-8163;-7813;6264;-15547;733
5335;11960;2120;5642
16867
492
-6246;-10631
8359;-3881;-12270;14;8271
-3224;1209;10700
-16890
-2963;1973;-6406;-8269;-4622;-17086
-5028;-133;6615;-10825;3290;-10812
17137;-5590;1384;18344;-1071;-9215
-16894
-6934;-14058
16897
-16901
-527
-15494;-17096;3391
-7921;6198;-12121;17243;5323
641;5512;-7770;3017;1693;13823
8725
9794;-4311;6071;13563
-11736;-10361;9260
10849;-8604;-6540;4844
-3331;-3732;15509;-3638;16221
6865;17713;548
753;16627;-1861;7093;3113;11690
-8311;-7847;5161;11548
4652
-4706;9044;-12794;9562;3547
-558
2468;-8134;9190;-15416;-5050
-7802;17995;-7661;6222
-5973;-2790
1441;1650;-16661;-10985;3497
9269;9783;3017;18191;-6912
259;-8724;4278;6823;2041
2644;-11418
10518;-11101
12432;-9905;-11108;4420;8648;-3903
-18242;-11523;17596;7487
586
11153;4017;14088
-2805;-5432;17017
-17716;16119;10380
12899;17317;-17335
8738;1623;-10957
18000;11732;-16469;8199;3710
1728;-15762;-17082;-13131;10878
-16057;13002;-13932
-14994;-1573;11865
-16882;-7717;16777;12874;-7788;3341
9101;-4399
4704
2370;15781;-2919;-2333
-3442;12251
-16021;-16870;16270;15998
-13793;11392;-7544;14267;10509;-15456
4160;4785;-13655;16983;-14233;-10958
-8827
-12246;-920;17896
17022
1607;3128
-15512;-17904
-1144;-14542;10942
13654;-4813
8844
-9012;-12126
-562;-7397;-16598;7515
10736;14896;-17156;8339;259;4063
16594;2727;-14559
8851;14147;-14357;6967;-6748
-13981;12301;-15374
-11091;-965;-13191
17055
-692;5828;12231;-17609;-777;18074
-9400;18264
15892;6692;6332;12718
-16114;-8934;7353;11052;5967
8320;4446;207
3462;-10729;9673;4699;-9856;2063
1299;-1958;-16539;-3979
-16305;14226;9858;17494
-8891
3616;12177;4482;-9479;15030;7641
598;150;9239;233;-4154;-14959
5346;-4532;-9707
-4819;7318;13366;13145;-7824
-8900
-8374;-3383;-11389;-6238
-1537;823
1074;1942;-3464;-9786;-18220;3163
16290;-17812;10435
-6740;4292;-967;9255;-1023
-9009;-8981;-14326;17240;-18414
-13489;17686;4742;-4314;3898;-17438
-5761;6009;-975
5430;-11324;5118;47
17232;-2514;13011;14582;-9438;12911
4826
578;3162;-4796;8219;1759
9940;15716;-13195;8751
-3162;8156;-9823
-6756;3284;16492
17119
17873;-8036;663;-14777;-3993;7533
11425;14610;-5173;-12168;-1930;-15694
4070;-11817;12586;858;-7675;15003
16807;6264;969;11692;-1694;7661
-8954;-16365
17283;11620;-16348;-10143;2382;47
-12769;-8643;12537;6043;7678
5429;3160;-4940;-5981;7180
-17138
16214;1865;-12282;17577;-6237
8212;17119
-17845;-12063;16863
-834;75
1572;-14568;7070;2846;7935
-5569;-6757;-456;-2010;9645;4383
13920;-12452;-1109;-17511
8738;16568;4138
-15649;-16179;-2372;18276;-5334
-10065;-17362;-1657;-3356;2988
-11836;11055
-1509;7365;12443;-1134
-16018;5253;14953;-4970
-16676;2644;-1349;2394;4012
-16386;-17168
-11841;-3249;1363;8840
-18162;15190;11959
8988
-17349;6358;-5831;16024
17282;10053;6445;12079
9748;-8943
-14737;5732
-17544;-3578;-4268
-10950;1941
-817
-3364;-1941;17877;-7655
-12501;17422
5061;7368;-5680;6367
-4979;53
-13362;10194;-2710;-9992;16701
835
3032;3148;-3711;10655
-14163;9416;-16570
17223
5897;10139;-15197
844
4273;3747;-9204;11700;14548;-7836
-15959;13031;-13099;6989
15426;14091
8898;3970;-8504;298;13484;-5005
4950
3924;8762;13276;11756
-548;7787;-16286
9049
18006;5191;2238
860
-5282;-9572;5064;-11307;3852
4379;-4159;-13375
2901;2062
12786;-12377;-16748;15471
-9445;-7864;11896;-11840
-2595;12519;-9055
7271;-16334
18423;-1529;17722;7215
-9066
10785;12354;-6211;17122;4182;-491
6647;5223;-9071;-7775
-13521;1792;-1555;12329;14123
14788;10484;10806;16525;11918;14191
10290;12152;-6777;15181;6910
-8134;70;-13272;13564;4733;-18334
17042;15554;16949;10828;1965
-14738;12178;-2777;8780;-2429;16269
3538;4660;-7941;-2421;2427;-1165
400;11746;13461;-5110;-5320;-16079
6098;2003;7509;14039;12215
15734;1270;552;9866;6253
5003
15101;-1600;-12592
-13747;9158;317;5182
17294
-13202
3380;-2328;7495;4599;8250;16381
-1779;6773;15191;14698;7662;-17055
-17441;141
13248;-2827;-1311
5015
1809;8564;-16119;-15658
11363;-3063;488;9624;-13391
8064;13016;-3770
927
4450;-5957;-7615
-949
14678;-13069;7532
10017;15511
16349;989
-4872;1816;-18380
-2369;-12914;-11317;-9894;10775;183
-5056
13250
17349
-1521;-17890;-7234;-6199;1815;13672
7111;-1592;-16540;10046
-5131;18397
13266
-9174
-11411;-1863
-13276
-8037;9625;11788;16284
11184;-12546;-1092;-16923;-10286
13278
-13280
8632;8985;-240
13268;-8453;15637;-11264
-2385;-10903;-7497;-14859;9787;4379
-13310;-4079
9281;7043;-15311
-16999;14345;12586;15659
-17402
-5117
-15138;-12616;6252
1023
-14291;13267
-8980;-11430;3241;12046
-3253;3048;-9019
816;2423;-5305;-10027;-5323
-2850;-15427;6148;-13510;12318
4123;17390
-1035
5104;14866;-37;-8375;-4617;2286
-18113;17233;13924;-3816
-10867;274;6117;10363;11535
-13812;-16133;16616
9096;17209;-8714;15869;8542
7894;-17131
-12566;3325
-1049
-15107;14056
5863;11576
-3175;16519
-11467;-12939;16395;-9308;18380
-14085;2344;-5979;-1311;-2512
6336;17458;-14134;-14824
5633;-548;1365;6905
-15341;13725;6781
-5697;2148;10058;-1342
-7271;12439
9264
-4901;-12556
786;5225;11453
14848;-8131;15380;2489;4974;-12096
-1084
11953;10277;-3113;-18031
-4463;9647
-18098;-15760
17046;16377;16828
9294
2090;-11388
-8950;310;1081;10026;10927
-5075;-10824;2504
5205
372;-17867
11492;9176;-9098;12956;11949;13790
-8371;4611;2773;14410;-4112
13408
13411
17280;-8565;-9839
-6547;15988;16215;8040;3051;9436
4609;6981;-713;2541
-8467;-8726;14919;-17546;-1792
16160;-12389;-5493;5917;12893;4525
9200;-13506;-775;-6186;-5531;15663
14992;14983;-17754;-2892
-13426
-18405;-15112;-7018;-10700;-1310;6349
-4118;9353
5014;-4281;1369;11326
11603;-11991;12010;-12766
-7719;2478
2849;-3994
-14822;-7673;-17242;-13199;14926
12515;17305
16193;-2756
-5246
16397;-7056
-10035;310;-11928;-8171
-17841;2158;-1856
18081;1191;-17305;5898;875;4702
6439;-8203;-3488
-12805;-5691;9147
17541
-18148;1861;11145;6302
8659;5192;2521;8188;1182
5648;11234;6053;-5385
-11506;8612;-8965;-7467;11678;12911
-13975;18086;-5464;16571;6907;-478
1169
6946;4674;-8308;-1766;2538;17567
-17986;-6500;6967;-4136
-13985;17668;3945;1738
13464
11571;6500;-14686;18271
2561;1380;693;-3418;16348
-3623;-2856;4601;10890;364
-13473
15264;-1793;-3672;7176;-18160
-9153;-8419
7957;14599;2744;-15132;-11357
1226;-2416
3601;-4792
-13479
2624;-14424;6508
932;-7319;-4380;9870;-304
-16599;-539;3645
-6499;-18131;-4708;2870;14423;-5545
8657;-14263;4399
385;6723;-13050;14074;-13440
12912;15491;-2726;2861;-10942
15312;1687;-8297;4799
7105;4804;10373;-3901;-1182;8591
8114;-4950;-16668
-4457;5677
-4539;-17165
-8003;13322
-17217;-17100;-1391;-14624;-16432
-1633;-961;-3195;6939;4174
17612
2644;-1625;-14170;14383
17601;-3705;-11341;-3790
8117;-3369;5320;-14416;5583
-14961;7057;11588;-4982;2984;7742
-10659;4563;9299;6533;11980
7588;-7991;1914;-2749
2217;15407
-12764;-13054
-930;-1700;14692;4326;17624
5971;-9448;15241;5658;-12079
13044;15815;-3256;5336;-15101;-14590
8999;11785;17342
2274;-15066;11435;14908
-12805;-15591;6650
-4677;10538;-4592
8033;17666;4082;-15854;-12656
-10872;-13545;18283;11502
-8949;-8983;-10301;10572
12016;3554;-4743;-1357
-3890;-2483;-8851;-12250;-4351;-2223
4290;1086
16161;-13154;-14259;-1396;13546;16766
-8905;-15434;16670;-18191
-9185;-1491;11060;2439;-9421;-6976
5381
-11506;-5848;-9627;15037;-12142;6414
-13507;8110
-5793;6216;9069
3521;-7124;9085;8110
-17428;7929
-9969;-11819
10211;3384
-9640;4521;-2988;2701
-1314;-13730;5636;14821
-16212;17530
18304;-10674;-11850;-9390
13460;-6870;15212
4480;14800;-8597;1464;-5150;-12416
-10513;-9394;9810;-5366;-12538;-14287
-9768;-12972;-10494;-9056
1332
-9011;-4612
11777;-4099;-11304;2286
-7697;5077;7910;14775;18139
-18306;15875;16220;12127
17200;-11863;968;15518
-338;9493;-10280;-8204;7983
7217;6547;1882;3101;7183
7568;-4917;647;-16942
-17741
5809;12760;-17212
10001;-16706;-4132;-11002
5856;-4498
-9552
-8737;-9007
12467;437;-11543
-6261;-3743;8639
-1047;11449;-845
3428;-5686;15415;-14526
-4049;6160;-16050;-16102
8884;-14349
-5468
8300;-6926
16950;17404;-2957;17581;9742
-14677;-3599;-15872
-8101;-17967;-8080
961;-16009;-2717
1383
1384
2951;332;4749;14062;3870
-9586
-6313;-15562
15251;7091;-18341;-1514;4186;-5277
10514;-1365;1849;6783
-4356;9158;-10296
-15731;-15559;6903;15560;-13053
9800;-1470;13550
-17058;-2056;-17417;-9930
9598
-6803;-16486;-8279;10471;8940;13566
6481;-7204;-12457;12937;-17551
9751;16715;-479
17815;15292;-15310
13346;-11515;-3246
2992;630;-9133
-7114;15850;10412;17246;10078
-12773;18104;-3915
10144;-2770;474;-2334
5264;-17830;9845;-12894;-10383
9613
17806
-18174;12030;17758;-13040
5648;-10244;10232;-3083;-18093;-10462
2929;-9652;-17568;-14000
16821;4566;-9448;-12302;18174
-5745;-6722;6388;10476;2524;14989
5526
-9625
-13012;15912;3434;8667;-1644;12652
13008;4204;4703
-13809;12577;-2325;-18359
9628
-17824
-7890;-9934
-327;667;9292
-8675;9894;15431;-15209
14231;-7832;-15833;-8394
4994;-10534
12085;-13533
-7955;13652;-18378;-2139;1083
13698;-13348;-10101;-2550;-12748;-13264
16356;13770
-9648
10072;9032;-9454
-7522;165;17174;11992;-14686;-5664
9653
-7092;-8996;16947;8794
1462
-9658
-13755
9662
-17858
-1716;7609;-4316;11532;4750
5572
-15906;13030;-14313;15867;-1965;-10479
3670;9670;4440;-7437;-15919
3344;-10275;14563;-3292;-16719;-5488
-15092;10147;4330;315;16699;5564
-15457;13973
-15121;6288;9495;-5912;9454;-2720
-5584
3216;16721;8228;-17815;-2074;9597
3155;-8139;14668
-5140;12556;6813;15935
9689;-5134;61;-10206
-1332;1413;1400;-11167
3249;2548;-12229;-1014;17131
1202;-4953;-15995;-11851;-6364;-16784
-14595;15507;776;-5756;-13822
4472;13417
-16274;13526;-13946;-11306;3946;2063
13267;-14388;-5706;-11069
-354;18291;14135;11928;14633;16607
5297;8519;-13
-17011;-12747;-12720
-6786;5268
16513;-10854;-46
6309;-16026
-132;7894;-4760;3928;6488;8590
-5626
-10851;-11221;15735;-7483
13488;-1794;-3461;3416;2172
7264;-8798
5184;17281;7630;16495
11506;-15338;17179;13501;7454
-1539
-3026;17026;-16278;11113;-15564;12365
-929;-8805
12306;-10426;-252;11420;-14591
11125;-13693;16399
17113;-7374
-4547;-2448;-15040
1660;-7312
4304;-14057
7009;12071;8796;-13645;477;-16272
7776;12401;-17000;15225;16555;-17008
17949
52;-18007
4881;-17125;18229;4505;6426;9231
5506;-11944;-9355;10124
-10962;338;-11476;10153;814;1358
-3732;3300;10220
13952;-15833;8363;7965;15823
1141;16326;-3577
-17990
-14082;8519;-11706;-1356;988;3740
-17702;11991
-18227;4324
-420;-5094;-12487
7408;-13124
1619
5444;9525;11226
-7826;-8821;-807;18038;1039
13911
12513;-8298;-4715;10319
13924;-16854;14342;-12136;-1737;4088
-1628
7669;3638;16391;13388;-10781
13922
1280;-12267;-11133
1266;2457;13882;-604;13311
10448;-2676;-14861;-10943
-9840
-5746
1653
-1658
-9853
-9652;-3000;2796
-3456;-10496
11473;-10332;12748;8255
-9537;-468;15733;-1225;1258
15014;-7309;8109;15726;2895
-5090;-12471;-494
13058;-9523;419;614;14375;7304
-13961
13413;-17882;6141
13097;-17146;5724
9869
768;-17265;-3299;-2363
-6562;783
-5349;12758;-6552;14794;17151;-10640
-627;6406
10521;15738
5783
5525;-16022;-11673
9884
2513;306;-2964;9079;2075;2975
-74;-1632
-16322;-9964
5296;-14982;-74;-716;16286
-14945;-4419;-2484;-15159;6618
-15877;15228;10557
12384;-16214;4568;-18430;-878;-11824
-18107
18112
-5825
14017
5825
-10820;-725;-3398;18221;-17296
-5828
18122
-6785;-7230;6637;-2559
8592;-12705;11158;4935;-17823
13505;8778;15052;16653;5102
-9945
3298;6716;12220
6945;-5190
18017;13726;15822;3343
-3601;-8434;-5877;12859;-14640;17935
10547;15997;12079
12561;3065;-13866
-1761
-15427;-10912
7857;1665;-17751;6936;1322;-1792
-7253;12010;1103
11649;-11862;-1403;10973;11997;17278
-14063
-1026;-17730;-4611;16363;16685;16670
13385;17065
1779
12468;12421;1469
5879
-5883
-5546;3759
-12450;-11366;4009;18015
-11170;-15928;6888;7547;-9616
5015;1816;6954;-3792
-1490;11109;12297;18042;-1292
12992;433;8857
-209;12309;14406;855;7724;7677
-5901
18224;-676;-11645
7085;-8895
14098
2148;-7768;-217;4314;3340
6385;18114;6504;-11759;3055
10353;17330;6907
1761;-6153;16600;9976;4283;16319
-17652;-10980;-10064
-15188;15290;-10126
-18374;10967;-11306;10955;-5885;11805
-11699;1554;12885;16566;-1080
-7953;679;-3739;-4589;9660
-17924;-12597
10041
-4341;-13573;9624;14520;-16272
18235
-10045
-6343;8634;9995;-9484;-8752
465;13678
306;11268;6665
5043;910
11376;-6562;16055;1470
-10052
-6035;8980;13817;17739;4223
18244
-10066;-6629;-16583;17673;-16428;5595
208;945;-8036;12841
-3336;17487
17456;-403;-14564;-8452
-16519;-10744;5609;17100;2686
4512;4774;2712;2553;11498;8588
7970;6552;-17116;-11069;2413;-2910
-13928;-602;-16015
-8198;8905;-7866;-6011;-5087
13985;-12111
6229;-11687;12502;-13017
13929;8431
5976
16592;3475;-4661;2860
10533;10597;-2862
-6645;11512;9309
-4245;18422
-3959;5849
-8437;11300;6569;-17821;-14286;8494
1777;3218;17765;16568;-11644;-9408
-15314;11749;5127;17705;-5083
-18282
14099;4184
-1900
-1252;-9669;-14184;6634;16570
-9810;17922;-13849;15289;5773;-13424
-16807;-9675
6295;7049;-922;2076;-4398
-1202;16065;-11303;-17759
-18194;14279;1453;13614;3054
12304;1680;-13543;-14235;-16798
-6769;-11455;8111
-1923
-13220;-5087
2160;-12226;-17844;-6167;-616
-6069;14038;471;-12569;-4457;-1531
7953;-14132;-1754;-5323;-9644;16878
-532;6555
10487;15816;-14265;15961;10793
-11137;4872;-1978;2747;17198;-17728
8307;1717;3000;17577
-9506;9224;6474;12122
-10165;15607;-7374
-10125
-9777;6947;7459;17514;4367
-10128
6032
10128
-460;2397
1939
243;-14472
-11138;-3092
-15576;14475;-17229
17915;-4109;1389;-13248
547;-10687
8595;17929
-13025;15045;493;-4464
18335
-485;7093;15823
5856;7459;7094;6124
-10801;3218;15844;-4236;10223
-13523;15635;15781;-3644
-7090;8819;-15973;-13931;-9740;-13199
-1964
4785;-1003;5788;-11294;7789
7844;10581;14422;-7436;5230
14720;7521;1459;-5430;-8521;-15818
-6786;8068;-3654;6758;-2409
13281;11187;8246;1818;-11579;-12784
4449;-9255;7624;14957;8781
2870;6074;9422
14944;4135;11576
-2289;4532;-4230
14276
17873;12076;15837;-2832
243;14996;427;-17664
13541;2389;-16024;6189
18384
7104;-17810;15029;-11897;18251;-12688
6106
15041;11861;4377;-1244;6861;14270
-13025;-12121;-1450
6117
14082;7386;3323;-6383
-34;-10294;108
14318
-12741;2517
-13366;-955
-6131
2290;-6662;9670;-3260
10234
18145;10115;18409;7036;-6606
-851;7634;-11285;17142;12904;-11213
10237
16784;18411;-8572
-11186;15906;-9222;15929;-3933;-9551
18298;-12956;4907
16241;14490
-1985;4047
11505;-11032;6073;-9450;9065
-4390;-17321;7166;543;7839
1410;-9956;4420;1464;-15792
1334;-1688;-16137;-6062
-8092;-10366
-6085;15029;13610
3457;-6741;-13063;17946;-14108;2236
13633;12147;-4344;-7305;-4252;8591
-4209;15169;-6818;8822;-13963;-9280
12656;603;1117
5043;-5560;6703
-8017;9777;337
-15090;12990
3845;-15383;810;-15949
6566;-368
2102
-11249;-935;18383
-15942;4197;-15228;-11197;-1102;8494
13185;14108;11677
15028;-14685;-10654
-6219
14195;-967;17786;-219
9892;-917;1782;-8633
-6420;2500;-6398
14452;12534;-4381
11009;-2453;14516;10985;-7354
-6225
-13889;-16917
10329
-12120;15245;-9360
529;-7605;-569;10527;-5024
6372;8058
-16353;-14463
6435;13942;6342
-8995;15494;16186;-92;16414
-17057;-17856
14850;-2278;9417;-1675;-16142;-10414
5062;-13676;-1726
-16450;12609;-12678;-17111;10998
-10642;-8568;-17215;-14880
10349
-14741;5702;-14345;16827;1005;-12991
10434;4222;-16816
16261;-12616;-17162;16795;-9535
1649;-13315;-9478;-4699;-13182
9222;17514
-17377;-9362
-10289;-13921;9875;14057;-13355;3277
-6264
3120;16385;-3573;5704;-10188;-9280
10361
6266
6981;5338;-6828;-7663
6008;-3834
-17105;7745;-11195;18379
3187;-13557
12146;-7732;17002;5436;12189
14466
-1490;14760;-13049;14056;-4607;12991
-11185;5082;-16559
257;2867;-278;10406;-11070
11472;-17410;-3171;3558;-8172;-17133
10383
-8337;-8018;10066
-16724;-10046
3248;5077;-6410;-16397
2535;17176;-1131
11632;-13362;-8490;-17103;-3552
-10400
14794;-3068;11867;6765;2894;9918
6310
912;-13026;12498;13636;-16237
6976;-14454;-9947;12444;-11023;18222
753;17265;572;4206;-96
-14513
9735;-17802;2875;-9325;-12286
-4806;-9304;6232;-17199;-9920
16805;-5404;1963;-9916;-9773
8937;15707;-6031
-6385;12290;-3036;-1645;-11648
-15378;-565;-10037;-2713;10075
4436;1210;1179;-4590
11731;-11431;-6858;-3871
-13192;2762
8099;13299;-16247;-9197;17501;-3023
-1234;-3607;-5596
10438
6342
-12068;1555;15240;-7466;9148;8126
6351
-12721;-3506;-14701
-4276;6532
8310;-10567
-5107;7367
-2934;9287;-10841;-12285;-15135;974
-5942;-17401;-8317;17549;-12734
-13073;-14470;18392;-9504
-6821;-2169;17353;-3914;6015
10112;5297;-7692;15038
13200;-16370;12854;471;-12432
1811;13110;3739
12036;-10374;5942;-9881
49;-2967;1927;8088;7468
7233;-16890;18234;17035;9439
2289
3988;16886;6407;17977;6330;16236
1399;9083
9440;-18054;15430;-4524
7506;-13896
-8115;5012;-15189;-12679
7681;97;4948;4133;-9046;-1416
146;5299;7941;-15751;12711;154
4274;-15626;13661
153;-7004;15998;9550
-17052;-13936
11617;18313;-4251;-6975
-14341;-270
6482;-2440;-17098;10731
-2661;-18358;-9978
9264;-2843
1506;5347;-6069;-2507;-2653;6701
12112;-2613;-7168
6849;-7860;-3592;4874;6156
7968;1074;-18167;-6312;809
8512;10835;18183;11322;-5549
-10537
1392;1536;15264;12521;-11984
2529;12104
-11121;3930;1341;12526;-17216
4745;9898
13249;-7593;11627;-14926
-4129;-16853;489;-10700;812;-12943
2835;-16679;-9001
-17314;-7347;-5384;11293
1398;-16055
2371
-11457;-7302
-14626;-967;-3671;1113;15775
18193;14515;-788;12132;-5950;-11151
-7828;4682;-3326
-11954;7665;4515;6214;8223
6820;1829;14551;11944
-7137;15681;-7107;-2723;14760;-15853
-3204;14804;18266;-2910
5232;-14515;-15100;-2575
-10574
-4721;-14722;676
-12265;4441;8457;5562;16671
-8938;16457;2526;-16528
7570;-1084
14683
7508;6596;5450;16683;-17456
17584;-15186
-463;15150
-2706;-16079
-10594
15315;-17718
-8212;10707;-13173;-8792;-3979;-7628
1461;8871;-8667;-17404;-9438;-1808
8480;10977;-6645;4612;-2728
11392;-3412;3795;6548;-16693;-16331
17816;-6796;-5932;-11597
10647;-10905;2670
17698;4246;10554;10877
-13441;11020
-9268;-17734
8661;10300;11772;-9550;-9791;7422
6595;17427;14632;-14016;-1728
-9715;-4549;-12744
-4562;8149;-13388;16331
1603;2116;15658;-8750
-9937;-17079
-7041;1107;8378
12325;10604
-6546
-15864;-697;1822
-17537;-9618;16562;5298;-1253
-7393;13944
8704;-15259
-17059;-6490;16989
-10663
-3315;1542;15049;9675
-14761
14212;-11429;7883
-10669
6574
-11680;9199
-2483
-3881;1389
-2492
-14098;417;-9293
-9265;16579;-12725;57;7530;-8767
14783
16481;-1142;-8487;16125
8019;1974;3702;-3672;-12521
-14967;14376;10;3498;15822;4239
-7571;-6244;-17397;-903;11198;-2064
-10693
17173;-12283;18092
6326;17958;6454;11351;9207;361
-6391;14717;14670
2516
-562;-11347;-5847;1066;-6319
1560;5066
18211;13622;3574;1692;1855;447
-57;-1162;-7228;10990
-11253;5508;13431;-10235
17749;6790;2586
-14843
-2559
-13045;-5900
14164;-8230;16597;8702
3716;12600;-6777;-16029;13148
12592;-13489;5640;-11402
12545;-15111
-15442;-6552;-15455;6207
4274;-3447;14031
13265;3153;8442;-4639;4174;-13632
-6669
7505;3261
-18017;9921;13511;15709;10126
-5089;-1591
14571;16686
-14900;-6330;-14125
14800;485;3686
14877
10828;-17517
-14899;-8517;5832;6394;6843;6940
-2596
-5371;7967
-15457;12387;-12902;5183
-15105;-4290;7931;-4236;4911
-2598
-9340;-1452
9665;1126
-9825;-12372;-9161;-16233;15769;4636
18241;5169;-3997;15967
2176;11553;-10682;12057;-4300
-10806
-10807
-11873;14498;-12835;15108;-13272;10989
-10810
11634;15928;5469;-1728
-18091;-10608;-2608
-3970;1865;2809;-11532
-7748;-15369
11408;-15761;-13698;15271;15835;1869
10829
15333;7785
-1043;-5990;13349;-13053
-2641
8539;14589
-10981;9189;-1464;10169;11481;-3455
-16599;10695;-333;3148;9838
6750
-9073;-11700;-4837;-2902;-12135;-11165
-9938;-917
-8658;-5490;-7156;-13739;12923;11262
6762
8898;-10837;-8325;10520;6507
14955
8224;7744;-3687;-1611;-302;-13038
7093;4920;-3819;-11405;4364;17901
2161;-4275;-3766;-16105;-15033;13867
8929;-6658;-4978;-13271;-1515;-5662
-2401;-5828;-15898;3162;-2749;8751
-2677
-13538;-18212;-11893
10880
10165;12474;-7660
1865;9019
12901;-9802;15979
17984;14756;-3577;-9705;-16236;-528
-10817;17612
12240;6417;788;-4457
6797
-12946;-7125;9787;7580
6799
-11170;8466
1010;1695
-15191;8055;-9385;8427;3436;-10336
-3444;-15300;-2295;-2921;-6508;-9102
10690;-3224;-9176;5512;-10608
3201;12339;12755;-823;8010
-10907
-10122;3309
14729;-12013
-13794;-10788;-10903
-6813
-14599;-2169;9948
4851;-2027;17611;-13615
10920
10210;-13372;-17838;14175
3607;9384;14985;3242;12989;-8704
-2119;-17007
10933
12551;-2219;11357;-2559
15038
-18070;7318;-13194;17097
10084;5703;-16266;3818;-10188
-262;11207
3476;6774;12984
-3876;6632
-15862;-10886;4520;7183
-18339;-1013;6697;-7690;12909;-3519
-17797;-14377;-3291;1771;4365;-6207
-2775
-6514;1617;10646;11975;-17400;-3100
-5426;9074;-18201;11864;13450;207
4053;14234;876
6033;11058;-1126;-7833;6936
-338;-16676;-7722;-2622
-5491;-13731;-16330
-2227;12810;-18381;-11374
-132;9803;13596
-2790
-10693;16485;15306;-16764;-1772;-13549
3538;-12758;-18153
-2797
17859;-10741;8215;10279;-2333
-13221;10713;5310
6000;18081;-17412;12821;14455;18010
-4514;14722;17171
2803
-8649;11454
6002;-3191
2251;-10366;15758;-735
-17844;10934
-10742;-8459
7924;13802;-17949;-2526;11311;14831
-12595;-1685;12710;-9450
-8999;4202;15822
-1865;1757;15821;-4686
-6963;1730;12166
2944;8870;17303;2393
-3267;10203
15350;-221
8933;10454;-18332;-2028;-2701;830
18179;1048
17187;5365;-17289;-11739;12139;-16700
-15450;8507
241;-3460;-3725
4963;-1846;3206;-10023;-16138;12894
-16817;10755;-14810;9913;1692;-5870
6945
2368;4242;11957;-2406;-17799;4487
10257;-13483;14267
-11051
-17249;-12309;8587;-10560
-11937;8690;17529;12170;987
4832;-10135;8167
-7657;6137;-556;13133
11474;-13252;-4166;3066;5743
13809;14005;3813;16838;-13264;-15952
16762;2491
1104;3477;10890;10442;13820
11062
11065
9459;1614
17875;-10660;17175;-1624;-7597
-11602;-10682;-1083
18371;-2343;-1919;9263
10609;-10869;5893;-16718
1841;10290;-12405;16695;6059;9086
-11669;-9882;-14112
-14114;-84;4760;16537;-4203
-14199;-988
-14132;-10823;-8458;-2254
5815;12589;17262
1648;-14642;4227;16917;11133
3985;-14756;12599;-17465;-2863;-8976
-10177;-2264;2424;12920
-7028;4121
12836;1590;-14830;3310
15194
8800;10491
-15475;9848;8537
3474;11054;8863
-11106
12816;-15731
13927;-15662;254;-5535
-15075;6360;-17177;13147;-6798;16622
-2756;17860;-4486;16879
-2312;-1931;-7197;-7790;-16462
15214
-5777;-12235;14637;447
2989;-10014
-7026
13312;1908
12338;11080
-11395;-3033;11021;-15919
-7811;-7433;-17497;-14377;-15769;14889
7649;-14691
12937;11117;-8959;12431
-11143
11155;230;7369;-730;2188;-877
1123;-10317;2142
2958
-16725;16314;-16364;17580;10349
-6225;6977;195;11140;3165
15957;-4800
2966
-8595;11562
11159
5698;-9159;14621
7065
-819;343;-15983;-6992
-11251;18318
-2973
-17400;6233
16033;871;18105;13022
-13572;17284;-14886
-2196;-5494;-7087;-4592
16736;9841;15048;10345;5131;3229
-7085
4737;4246;-5992
-1506;17288;-12784
-9330;-8659;6198;600
579;17541;9196;-14974;-9343
-10017;-11878;3708;-3485;10479
-14292;-999
-7100
13718;17591;5447;17726;9966
-2616;9725
5523;13605;-2777;3049
7114
-15311
8103;10008;-7625;734
-9620;17371;10158;-10784
13460;-6492;-18192
11227
-7139
10785;35;-360;-13504
6196;7272;11195;11148
-3627;6671
-10033;-15302;-1072;6975
7143
-8226;17863;12489;6825;-13613
2754;18119;-15388;-3981;-8655
-10789;-458
10706;4882;-11671;-6811;10014;4127
3361;647;7240
-6946;17602;9492;12938;-14908;9454
-2050;-3058;-12327;-11496;-2799
11250
-5793;13538;-4686
-3061
13792;9858;-4836;17477;6296;5533
9299;10157
13746;-10567;-13693;3341
-821;-9766;4263;-4137;5274;12365
-3698;10786;9915;-9822
-14914;-83;1897;5918
-11923;-7620;9302;-4476;7533
2424;16874;-7421;15230;8751
14672;-9379;-17172;-2631;5159;12446
-11923;10933;4422;-1465;-7659;-9696
-15390
-3102
-593;-14798;12286
-15393
-16453;5828;16058;15578;-17900
4707;-9573;-361;-591;-13680
-4227;16471;3770;8443;-368;-12784
-3116
-498;-4045;-15615;-7536
10615;3512;5375
-16833;11139;-17911
-7704;-15502;15982
-11321
-15266;-7046;10220;-11518
-18148;-2153;-13322;-8908;-9757
12672;-1747;9125;12571;-11805;-13582
2;10563;-11062;11048;10590;2478
14003;1428
5093;16759;7150;11006
-15434
-12897;-8593;-5940;15284;4901
3092;7654;11609;16989;12959
-16386;13236;-4106
-13090;883;-2773;17317;-4698;-13087
12161;-14921;-12688
-2771;-8582
-17075;-932;-6650;-3084
-15750;12583
17329;12098;-7971;7878;-5272;-4507
-12181;261;424;-5594;5726
6672;419;17204;-640
-3176
-4725;6438;-17178
17538;-2858;-11504
-7841;18240;-17380;4390;-12875
-2995;10269
-7170;-5828;-1414;-15388;6141
-12468;-16485;4568;-6969;6046;5742
-4270;1087
-10787;7987;-6293;-2826;-16352;16895
4242;-12164;-7550
-9457;10633;17081;9503
3184
-2036;-6360;2439;14247;-12761;-11003
8388;-13197;16190
-15713;5522;8115;-1115
-11201;-2835;6744
13633;5946
10245;7718;-14768
8400;-12003;17384;3385;-5196;3516
13192;2332;-8223
-5378;-13444;12791;17880;15534;4495
-8835;16517;-9177;5370;-2699;10222
2434;15684;-936;4344;-16666;2447
13649;-16356;-2221;11532;-766;9662
-6945;6535;-11002
962;-8283
7607;-4380
-6054;-8797;18079
15588;-53;-12502;-14458
-14594;-16116;6439;10296;9660;11647
-7066;-6378;2011
-18194;-17818
10625;814
-7138;10387
-359;-2106;11788;-12575
-18228;-6793;3562;18204
-7351
6484;-8760;-9180
12852;15870;1902;-10976
-178;-549;16280
4007;15642
-2618;-6092;5437
-11466
15563
-13277;-15071;495
-11890;9032;8025;-12542
16165;3497
3024;-7027;-3573;-2630;17867;-286
-1624;-13946
3188;-8712;-16988;13164;12637
15581
12833;14569;1882;14970
3506;2290;18043;-16448
11487
5945;9322;12607
-2450;-4996;-7657;3019;-7600
7462;-5352;15194;17581;5279
3251;-1365;13620;-15752;-7151
14515;-1477;2552
3304
-12789;-9509;-13200;-4672
-17170;-7787;-14573;3455
-16116;-11768
7760;-14674;17896;-15642;-14986;-4144
400;-16949;-7243
-10130;-16370;-9300;16151;5991;-14237
9827;-8425;1917
-11512
15607
17264;-10323;4390;6424;6046
3184;17881;-1419;5932;-5872
-11590;-15161;10521;8809
1778;-3977;-15258;-6351
-16007;390
-15729;12848;411;-13148
1413;5143;8375;-4875;7340;14606
-17409;-4676;-7750;-5385;13947;-6636
11524
-6754;14182
3300;-15852;15886
-2721;6184;-124;16380
-11528
-13828;-6388;-2985;1929;4110;-14848
17554;-979;-10358;16840;17467;3773
-7681;-16625;12408;4461
10503;1976;14109;-2768
-1668;-5771
-13237;9172;15607
11686;14347;-10384
-13713;-4788;-7702;14649
-16777;1050;4171
5081;-10412;8460;5116;11503
2835;-11479;-6839;-8362
11860;-3222;9912;5295
-2277;13835
14247;-10880
-15569;-772;14266;-17678
-12211;3566;12014
-4185;813
4563;13477;-3737;9083;-7727
2176;15877;-8618;-3549;11021;-5343
6718;4847
-9170;1699
5875;9788
-9218;-14965;-13241;17659
-5857;-4161;-516;13453;-10399
17872;-9059;2694;-1081;-47;1199
-3701;-3783
5681;-18018;4846
14787;15415;5960
6310;5279
-15686
-2260;4867;-8987;-5213
-7017;-219;10639
-11709;-1727;10031
17347;989;-5166;2254;16655
3410
12116;-4608
2098;15442;-8301;10557
16867;-8085;-11335;-14152;11452;1839
9252;-8824;15273
15332;18038;2811
-7514
17476;5013;-14974
-18023;5851;7515;-2863
-812;8333
-9505;3094;18030
-531;16581;-12299;4109;-11294
-11629
-7535
7535
-465;13616;-6211;-19;8807
-2585;-6634;16553;202
14456;9160;2089;1388;9118
17890;8212;14157;-12286;16431
11636
-4613;-73;-18283;6235;-7200
3364;5899;2589;-4302
-12801;9555;-759;7463
14580;17813;17366;-5339
15753
-15755
-15756
12069;16838;-7883;11419;-4397
3470
-17559;14424;-16720
16352;11699
84;3012;-2406;-13274;16060
5252;-9157;427
-4163;16467;17737;9818;-2494;-9311
2453;-4839;17243;10156;-13342
-1818;-9856
14675;5771;-14764;-13262
-7929;-6521;-13740;2029;-10095
-3490
-2596;14279
-1939;1540;13238;6028;-15376
14600;18025;12730;1822;9566
-9986;2722;11449;11599
16324;14184;-14718
-9619;4917;12840;-540
-7600
-18034;17459;16803;12041;-4284
-14083;-804;9079;-8441;16479;17663
15264;12821
-5249;-5462;-13279
5940;-16502;14072
673;-234;11263
10709;-2618;7709
-10548;7035
-1939;-11283;6855;15401;2653;12318
7624
7698;-15325
15684;14890;18015
-12689;-7720;12776
961;5875;18297;2233;4844
-6149;9688
-50;8968;-12459
17031;-13484
3456;-5638;-14199;-13631;1887
4099;6211;-18085;16076;-1070;-3680
5026;-14836;8186;-6155;-17774;1517
14069;-15149;-7278;-9679;2191
-16273;-14282;8490;5581;8829
4448;-890
-15739;-638;8718
13696;-2292;-6485;6423;8606
7660
4707;-1133
-7398;9769;-14140
13105;11921;-17012;2377;159;-18224
4292;-6762;-2090;-15403
-11443;16227;17188;14374
12768;-10693;16789;5671;3626
-9827;8599;-18008;11549
6257;13826;483;-3356;-255;7119
3596
15782;-15913;-10093;-2622;-3040
-9160;-4633;-9484;10204;-11311;-16080
-11792
7696
-2311;-13580
-16866;-3699;15331;-10105;-269;-16670
15894
-12390;7755;-7164
9889;3251;212;-3690;4329;-6287
-535;12119;217
-12981;-1590;-5431
-17989;-6110
15907
16627;13571;11112;15561
17281;-3370;-2096
1745;276;-10310;-14120;-9785;8089
-15127;11501
-13124;5400
2209;-362;-13770;-9100;-16093;13006
-7727
-7892;13847;16952;-11085
-6886;-4941
336;9397;14150;16263;-3743
-14177;17281;2995;-1096;10921
-7299;-10948;2006;14808;-14495
3640
-15719;12076
-12821;6711;2460
6436;13598
-12581;-11550
-9588;4100;-13546;-13805;-15870
3661
-8418;-772;12859
9937;6884;16055;11753
9809;6148
-6451;18317
15635;7702;-1721;10731
-5554;-4903;-15545;9576;4554
-3889;-12080
7475;15507;15094;2873;16653;11614
-386;16355
3030;12456;13817;18058;-15003
11412;-1678;-1952
-16497;3074;-10772;4122
-13749;-6295;-16414
16160;3361;4099;1574;-10156;-3151
6833;2978;12196;8168;-1902
3746;932;-422;15225;601
14049;17522;-2037;15908;-5481;603
-13473;-17588;-10439;17894;-125;11837
-15081;-17294
-14532;7065;-14764;10334
3169;-8772;14279;-876
-12611;-14213;-3942;-13274;11662
7804
-7761;-16245;8359;3724;4109
12676;-1078;-7479;-11935
8017;-7252;2923;4127
-16011
-8419;345;-4394;-912;17103
-2433;16947;-16218;-6202;-4015
15249;17153
7827
7832
-11934
-13189;5349
16032
7586;15204;-2661
8016;-1273;-16443;-10847;-10544;10959
7846
-449;-550;-9053;10813;2989
-14356;1879;9672;16284;-1536
5266;2584
-4323;10870;5405
-15155;1655;-4745;-14188
-2563;7671;-8872
-5557;11557;-17480;-5032;-15929
-7867
-2963;10830
4964;-2023;-14910
4272;10804;-13670;14027;4699;30
-17825;17249;14706;-11689;6008;3530
-7361;5810;6482;15586;-11114;-1519
17618;-1802;4542;8318;3790
-853;6965;-18103
17121;-10599;6247;11403;12397
11994
-16100
12004
-14002;1042;3;15622;13148;-7903
4331;11773
5600;-8500;3716;15291
-12013
-7898;3865;-4718;-11456
11168;-6841;3641;2939;-17628;-5294
-4997;-12503;1383
-609;-11528;-12619;443
2020;9132;-9022;1711
-1571;11635;-1973;3452;11342;-14944
-14180;-1815;-141
-5777;-4107;-10350
-11185;16676;-2837;-10104;3547;7756
9361;-15587;-15283;5143;4317
7537;-13625;9946
-4641;5233;5114;18106;16911
15984;-18070;-15580;5884;-16655
-3863
-10996;-12213;-1758;-15760
7960
4555;8140;-8831
15301;3173;-14600;-11835
9091;2709;-2343;14895
1011;5670;13323;11023;-10768
11680;-10233;8761;-3612;-2396;16062
-10226;-8295;6447
-6890;10877;4397;11886
-2098;12482;-11434;16266;3722;13631
14450;14028
16228;-31
-16199
12102
-9749;13192;8665
-17704;12859;17021;16317
-14977;-7778;2451
-13411;11669;-6998;15750;14250;-956
5688;-17802
-2372;10391
15586;-11059;14388;4567;17305
-4354;-15000;-6811;9950
16217
-2455;823;-6397
-1010;-7293;-12016
-8037
7794;12531
-13091;-1476;-2968;13704;56;15913
-17954;-2530;13330;-14454;13559
3952
4449;-17878;-2813
-7315;274;12939;-18237;190
-10579;15586;-17928;-4958;-767;2399
-14101;14024;-11263;-9008
-2596;-13657
-12929;-15613
-15825;-9937;9508;6757;4409;1118
-3970
13984;14401;10038;-14634;-4029;-15789
6059;-16077;1948
-4504;-15403;8493;-752
17457;-4021;17493;-4555;3276;-9293
5652;-237;16702;-18144
10292;-16188;-10366
18369;14278
-8914;4678;16747;-8332;-8159
-15927;-12716;-4014
17409;7055
15108;13455
-3991
-6737;-8196;12085;-9687;919;-8762
15041;37;13545;8139
-11931;7935
-3345;-17778;8934
17200;-13111;-11849;-13753;13229;4287
10368;-2277;-16312;153;-26
-1985;-1865;17434;-11356;11677;10574
-11076;-7321;6205
3999
18259;14415
-15044;-7593;1881;5273;-11229;-5967
10672;-16055;-6816
-8738;-7492;4030
14916;-6680;8059
12203
-16230;12536;7705
5922;-10008;1145;14858;-17741;13933
14676;1191;16392;4522
13331;1940;8761;-6619;5675;-6784
-17971;-15876;-5317;-17418;-12972
-14552;16391;-5993;-10714;-17821
14736;15812;8900;5148;10861;5903
9189;-8487;16137;8137;-1917;-10848
4128;14768;8162;1964;3678
-12224
-3255;-8969
4035
-8295;-8287;-8560;4719
14640;12162;-4259;18361
4645;3494
17106;-18293;12773;-16761;8570;-11535
16336
-16602;16253;12591
3809;-6055;-7098;7706;-2415
-5637;1707;2287;9791
3538;-150;-6536;-9132;-4064
3201;-4566;5278;12431
-2418;-1640
9296;534;1414;1689;-3549;-1230
6466;16614;-14925
-13942;-14695
-4870;14235;2892
-4069
5792;-17251;12953;-9662
-9137;-5778;-17721;-4207
-18356;1990
11378;9858;11514
12272
-16801;-17573;-6411;11550;-11711
8129;6505;9929
-12276
13251;11315
15762;16291;1751;11356;-111
14977;18314;14650;13339;158
