16385
16387
-10212;16874;-10763
18053;-13948
-11154;-15577;-4153;6297
11761;-11750
18292;-3093;1197
12303
9304;696;-13726;7837
4117
2400;-2377
12101;11671;-13464;9097;5196
-17059;9401;-3627;15407
-9304;9271
10227;-15481;10478;7103
-16711;-6124;15662;15407
-2353;5446;4700;8636
5013;-14870;-10409;-13145;-11692
-49
11030;18200;5690;5789;6606;-6304
8250
16501;-1912;-11241;-7504
16444
11046;10488;14810;17546;14972;4927
2482;18085;-7399;15642;-10958;-9599
17010;2966;-7399;6345;-17933;-9246
-16452
-8260
5777;-15396;17459;-4567;-15946;12605
-4226;-16998;-14807;8103;-5224;8507
-16453
-11411;-5050
-8271
14144;5377;14197;-7367;-18080
-14343;3578;10845
-14060;12299;-6512
-15364;-4719;7711
-14354;598;-2712
12371
-8612;2020;10772
-2163;4770;-2759;7255;6779;10780
-5794;17253;7624;9565;12399
13131;15629
15110;-10762;8028
-8281
2420;-3879;-10920
-15137;-11529;10190
14964;-14872
-3220;14566;-15788;4349
12675;-6839;-2521;6143;-1168
1986;-1253;8236;3485;4031
6264;-15071;8911
4202
-11894;14229;3013;-5608;4463
16448;9638;-17783
-15204;421;10342;3401;-10842;16092
-8596;4868;-8342;-4431
-12405
-8314
1492;16296;15102
-7765;-17594;6665;-17050;601;14539
-5137;9670;16071
7476;-11879;8623
-9779;5394;-14100;12726;5886
-2097;17412;-10680;10442;1436
6109;-10336
16516
9027;-14071;-11223;-9560;17501
-10758;-6248;-16669;-11534;-16367
-8330
12512;15528;9835;15246;270
-15298;-1435;12491
-16531
-13131;-3229;16509
662;-13103
-1202;-8164;9213
-16538
154
10657;-11075;10267;-9102;15791
-12787;23;12606
10423;16344;-5387;-16572;-13168
13890;-9627
9252;15908;-18280;9673
2113;14443
-1782;-10550;11596;17294
-6428;10699
-18321;5303;-13481;-17403;6862
-12337;5572;7241;8633;3002;-7837
7008;-4469;-6815
16563
8373
14945;-15445;9588;-15286;-4847;10863
12473
17767;2024;5210;-2702;18286;-7631
-10723;15575;-14846;5711
18290;14670
1764;6620
5958;2426
-15921;17874;-15062;-2074;2652;8239
5059;-17654;-7096;-6573;-5214;6702
-12630;-12474;7513;17791
8576;-8345;-16185;15752
-4298
6672;-16774;-5737;8456;3083
15987;13734;9897;-12011;-2828
16590
15140;9437;12495
5426;8018;-17594;-158
-16597
151;12351
5204;-4988
-8294;4822;-17232
-9985;-14816
-13617;5924;7918
4289;-15139;-2424;-13020;-14896
3424;4998
-7639;-6233;13417;17069
9843;-14244;12424;1417;-10587;-7277
-33;12554
-8428
2018;6643;-10836;-3302;8470;13626
3621;711
15393;-6965
12708;10267;11677;-1647
2946;-9539;-10614;7080;-2399
4334
1859;-4839;2267;11229;10206
-5153;9037;-3231;-9088
-5138;-4324;17898
-3447;3692
9873;14514;15239;15340;-5565
12541
12543
13302;10262;14967;6782
15347;13582
-9609;13965
-4066;-16678
1392;-5206;5175;-4845;-17263
-7441;7708
5859;-1495
-1321;17977
15049;-10749;-16861
995;7396;-8925;-12031
5202;6355;-9573;16714;5963;-3904
9700;-16169;12232;-1389
-14625;-10231
8774;-17243;12844
-14647;-11082;14874;3482;-13388
4912;-370;16578;-10537;5914;171
4381
-6690;5349;7862;-3513;-2105;-617
17734;-11096;-2253
-5794;5462;-4057
-8487
595;-15174;18394;9020;-17231
-5782;-3210;10058;-15437;14671
-7537;15441;13562;-8876
9090;11693
12594
-309
4179;-6665;9768;-6974
928;11959;1453;-14031
-15672;-18238;17214
8503
4324;-12829
-17730;-12741;-9273;10569;12955;-8671
-1101;-8815;-3503;-7376
-12605
-17442;-8643;9560;-5485;17596
-706;-12841;-18137;-13693
12951;4957;10062;5119
807;12073;-8462
8517
14067;14935
-9153;16195;-2139;844;2783
4033;9346;2293;-3040
9473;-2636;909;13087
4976;-10013;13582
12033;-7190;-16026;-5611;17151
13718;-18174
-4449;15673;-6764
-1970;-15523;-2421;11096;13278
-11986;12385;-12886;-13654;1199
-16750
16753
-15863;7943;-15577;-17834
12658
-12042;12415
12336;-17529;11033;5514;13596
-10401;-11415;-3833;-1484;-14399;-12096
10161;-9154;-2392;4938;924
-6129;10769;-5971;18099
-7750;-7645;9663;-15136
-6802;-13321;-11226;-1807
17192;11933;-10990;-14032;4479
5648;14561;-14279;11566;11567
16241;-7927;12057;-10106;13661;-15343
15712;14850;14306;4584;17531;11231
-10418;-10456
-17634;-14453;9596;13676;-16159
16048;15684;-10854
-13896;-16603;-2669
10166;2521
15952;-5491;11876;-5788;4334
-12584;12175
15797;15495;-9770;-4266;-17004;12445
4944;15368;-10827;-4976
416
-12707
-16803
18417;-13363;-2167;18011
-15683;-17476;-11317;5895;-955;10444
7417;5577;-4333;4047
-12712
2753;8549;1497;9337;-9424
9586;15410;17683;-13583
-994;-14339;3543;16315
-7506;-2698;9772
11441;-5346;17652;7077;-18105
5984;9190;-1336;-7627;5678;831
3779;13670;9129;7599;3119
13008;-17651;9794;13400;8538;-10272
-13575;-11436
-4481;-9913;-4140;16573;6495
5985;3815;-5263
-16994;-13363;14276;-14197;1164
6832;14091
8637
-8638
-5826;14211;-10373;-7621;-14237;-9374
13009;3826
-6385;8785;12087;16729;13610;12971
15282;-2538
1235;-11462;-1336;-8075;813;-10304
3874;14739;17320;5485
17856;-17395
-12755
17384;-17853
4245;-7352;18120;-10445
5705;-1900;8956
-6290;3667;439;1709
-17666;-8778;8735;9039
-12769
7108;-11686
-9761;-360;14700
12914;9748;-6027;-5230;4478;-16367
4579
8677
11744;-11201;17031;-6426;5724
3729;-12212;11509;-15159;-8842
-16880
-4611;-16312;6298;8332;-18094;-687
-15330;-4679;-1324;-15182;11134;4399
-9098;-3709;-14096;-10464
18324;-1337;16284
-13506;-101;8118;-11656;-14632;2600
16180;13782;-8729;12044
8243;-7733
-10117;-2684
6162;-10275;-2502;-8699;6607
4280;13516;15487
-14277;-2024;11688
-518
8711
16816;8286
9556;4664;17033;18427
16917
576;11586;4387;-3623;7822;16654
-10131;-1962;-8459;6698;14172;16605
-3300;2358;9674
-12106;11565
-16674;-8445
7908;17355;3951
-9742;5102
8275;-6407;-6808;17099;-15102;2398
4642
-17990;8679;-10346;-9564
-13027;12475
9302;-8750
-11291;4765;-14510
4653
-3713;-3781;-16950;2822;4678
-3362;-15037;13743
13105;9825;7091;-17838;-3424
-9462;-6056;-4393;-1993;-7339
16802;-13555;17123;11158;-6382
-3297;4017;17777;5671;-7497;8475
-16956
-5027;4371;-1717;12664;16397;-17919
17091;-4327;4202
4678
-7827;-17336
-4549;10020;-10156
-17330;-11405;12575;-13104
8788
-6803;-7715;7911;-14473
7904;-15154;-4630;-1008
16339;-6870;-9274;1977;10474;-13247
3043;-1333;-6407
-17409;8912;-9410;12375;-13177;-2383
8805
-16998
11381;2806;13401;-2399
-15445;18283;-12542;-11391
-14401;-10792
-9685;-10413;15004;5711
4713
-18021;17990;17034
11628;-6912
-2436;6408;-2410;3321;12123
9170;3741
-11602;-10102;-1850;-4783;-960
-1402;15243;11883;14844;9215
-13809;-14627;15731;-14597;14381
17219;-17717;15397;2648;-11499;-14875
16530;15433;-12559;6430;-624
2829;1902
-12114;4177;2904;2892;6878
2660;-3310
-11170;-12620;-988;11838
10292;-1449
13249;-5202;-14604;-10480
-8207;-640
15700;-17736;826;1054;9006
-16850;-4035;436;26;-13006
-15878;-13690;18363;12140;5742;14463
-17046
3042;-4616;5867;-9052
-10898;1810;1803;13069;-15696;-15328
10898;84;-7991;18328;-5582;9502
-4518;13063;-13308
17051
10164;14199;-11406
17936;13443;10185;7929;-11227;-4828
18004;-149;-4892
17060
5392;7573
-323;7339;10045
13280;16070
-14756;7975;-8571;17741;-1711
-7331;-17924
6305;-8866;16181;-3340;-1407
-577;7509;11945;-18188
-7026;14435;-2424;-5677
3057;15586;-2215;-7543
5441;-12747;1930;-13596;-10397
17221;3958
13011;15131;-2862
-514;5314
-14321;17154;8677;16541;4222;13503
-4819
-13041;-14967;-17004;-13056
3457;2932;1706;1532;5501;10175
15714;-14499;-8228;-13128;10551;669
2330;-4031;14718
-8711;-16728;-3161;-3209;-13978
15241;-10411
15606;-13549;-6894
-13346;-13289;-10973
-14343;1311
-8305;7552;11010;-3005;-16191
13034
-14835;1799
14492;-9647
5633;-2309;-3830;-12969;-7756
16258;884
13048
-3890;-13256
17149
4722;-14388;10196;2490;-2255
-13971;-2198;-13274
-6498;-6293;2356;-6518;-7371;-5120
-775
7138;-9364;-1588;16248;-10701;-10702
12176;16274;7847;-5160;1143;-11024
-7777;-1194
6435;11959;-14248;13852;4061;-4895
-3903;-5071
-18070;17288
3729;17163;-3724
-17059;18405;-559
-7009;4848;-1128;3017;749;4415
-4418;5012;2521;9450;14426;14766
-12882;-5603;-14644;-13654;-1934;15151
-4978;-4744;13899;-17264
-10465;9750;17110;8425;556
-5859;-2890;11049;-3102
-17379;-8307;11634;-7231
-8997
-2485;-6438;-13960;1597
-15909;11007
8260;-502;-8566
17920;8960;-10930;4996;4452
-12931;13756
-828
-9473;-11835
-10738;-17959;8103;-2811;14383
12772;7909;1957;1447;13608
-14333;15324;-5920
15456;-17217;-9074;10884;8966;-13946
-6915;14584;7517;-14351
16055;5261
-12289;7524;5497;15674;-7837;-17600
13330;-15956;-11524;17931;-4624
-15010;-12632;7879;-5656
9555;-1146;13850;-9676;-7645
17697;-2676;13094;1402
-4339;-5318;-7575
-4945
16548;8253;-7343;16159
17216;118;-5625;-16656
-7795;9588;14057;14842;12876;-14045
-4258;-5540;-11536
-5761;-16468;13182
13809;-9523;9689;-17180;16349
-18404;-17332;2109
-569;3516;-12000
12692;-17655
17250
2898;12179;-15254;13447;-1720;-10683
5844;10023;1384
10386;14025;17420
-13714;-14038;10495
9092;16070;12438;4234
14134;7225
6072;11194
883
6612;1880;-875;5770;3820;12349
9079
5203;-17237;-9334
16753;-3706;-12159
17921;-4744
-4987
-14724;-10743
10082;-15069
893
5086;8095
-14000;13103
568;-9658
12595;18389;17608;16090;14042
-13191
-10737;-8091;-10747
13192
-9101
9106
7520;-2275;6355;291;9503
14819;-16089;12731;-7772;-9071;-7823
2881;11099;9884;9821
-2808;-10400
7619;13789
-5618;1257;-12960
18197;-4972
17321
4864;-15496;6280;-16858;-1550;17725
-17326
9133
-7586;9348;8150;-17991;9021
-15112;10072
-7482;3357;9167
10577;-12886;-1334;-10729;11049;-9915
-2145;-13194;-16842;10751
1686;14813;8462;4671
-9154
1014;12237
966
-6;-11385;-7786;16746;15693
10396;-5326
-17362
-5172;14347
-9076;-4103;-9801;1960;-11182;-17936
4161;17304
14056;6024;13676
3873;17597
-8962;-11587;10052;-4245;-5752;3118
991
-3587;84;-6762;13116;11773;-13631
-8913;9457;13302;17272;-9644
-996
-9458;3459;15190
18163;-8972
13288
4162;-3162
2194;9428;6677;13191;-7356;-6749
-14455;1162
-13561;-12858;-7360
520;8683
3873;-1586;-8293;2600;-1706
9;-6159;15359
2896;15088;-15041;6266
13265;-8151
-5666;-5336;-11278;9534;10767;959
14005;11593
-7089;3475;1870;6863
-11590;-14011
16390;-7099;-10318
9392;-17204;-4612;15107;-7808
-17937;6512;7797;9721;16457;11247
-12089;-1802;9785;-1022
-13650;16594;-294;6118;-7773;-18413
15104;-7425;4242;-18101;5141
-4545;-12879
6324;4570;-15150;2926;-17264;-7024
-6466;6482;-18343;-7291
-7955;-7454;14366
-13332
15056;8064;-999;11691
-17429
-418;-11348;13573;14057;-2607;-18400
5144
-1138;-9224;1119
3748;12405;17865;3673;-16159
16737;1402;-12991
-12195;-5244
18163;17044;-9705;-16765;4606
9841;11267;430
17872;-17106;-8403;16051;-10310;2954
1061
-17448
4620;4639
-4721;10852;14101;-17052;14271
-17110;-17611;-15500
9909;-13319;4478
-13922;482;-5160;2796;12094;-13744
-5168
-8595;-15981;-9264
-12002;-8883;-4766
872;-10139
13571;-7979;15967
-14532;18371;17720
-12033;13552;-10713;-14109;1743
5175
533;-6873;4153;2315;9148
-1090
14182;-13752;2024;4504;-9786;8013
-2133;-15867;13258;-1452;5100
-14247;-17975;-13050;15500
-14658;-14525;-590
11075;17940;4855
-14769;13666
-10194;7396;14725;-2774;4238
14450;-6436;-734;-16576
14433;-14231;17287
-3284;-6014
10629;10309;-15736
16915;-8410;-731;6283;-15165
13767;11963;-16430
-6118;7226
9302
-5365;1192;-14558;-5519;-9631
-5213
6752;-9674;8826;-11119
4882;8471;12775;3661;-17598;-13311
7218;327;-10602;1935
-529;16357;4214;-2537
-13411
13411
9315
2963;-16379
-8161;-18354;8019;-1147;-15005;17134
10608;8850;11961;17098;-6347;-8269
1136
11938;1644;-12446
-1299;-18036;-9320;-6074;-7374
-5537;10597;-3916
-3633;-3666;-14262;-4347;8379
9985;-17747;13002
17529
-15698;-4322;9508;-17143;18316
-5795;4883;-3556;-15308;-15005;-15518
13590;16230
-13175;-264
13439
-2213;12938;8382;6623
-4388;8167;9960;7372;12812
-18049;-4099;2742;-16201;1128;555
2258;-5284;-15748;9140;8476
-13747;9507;9080;-12109;6172;14542
-15425;-2118
-13451
7776;9774
-9361
-10343;10826;2669;3934;-12352
-6003;17899;-13069
-10612;-1236;-8822;11302
16933;-6186;6815
6192;5105;9364;9190
6434;-5247
3328;13946;17546;6495;-15552
-4195;-1450;-18285;-4142;-9983
-8081;-2370;-2027;-2651;-5327;-5312
-12371;5043;-13083;1962;586;12574
-17811;9973;4166;4934;-10247;-400
-15697;-8631;-8846;15597
7538;16594;-5098;-11292;5741
949;-17913;-9243;-7758
-1217;-8173;14684
-663;-4635;-3932;6014;-2080
11311;-12512
-11538;-6116;-12220
1994;-3804;5293;10015
6272;7889;14690;2420;-1384
-16214;1512;5293
-17345;-7270;-6566;5735;-8541
-1223
2112;-10657;3224
-12673;-7511;10070;-11723;-10990;7023
6819;-7145;3785;10059
-4353;6277;8809;-1310
4528;6162;12351;10959
3148;-12573
-8706;7060;5605;3193;-5918
17592;13883;-2926;-143;12350;-14944
10869;759;9991;-3422;15807
11380;10629;7903
-6994;-8210;7368;-1599
15680;-6242
-11460;8006;973;-6960
496;-18294;-9405;13663
-6146;4274;-2693;18244;16248
17639
-8609;17584;-14328
993;16547;5514;10970
12480;-11224
-7585;-2053;11876;-7593
-10261;-8853;-841;-8668;-9501
-9641;18139;10028;11406
-6754;-3911;-8345;-3789;-11230
17251;-2132;-5093;-11701;7900;-7487
834;1050;-4412;-15120
-5527;-12123
-17656
2014;7454
17136;4626;9955;13829;-4061;17135
-1278
-16409;12300;14941;-12111
8528;-8380;13420
-13572
-15845;-4294;1334;-6889;8025
-1286
1872;14994;-5639;-8920;-3597
2660;-8087;41
1115;12463
8694;790
-13467;16092;-12111
-1294
13582
15042;10868;3066;-380;17756
-9489
-15574;-14396
-16050;10655
-8715;-16029;-17517
6679;11018;-12299
-337;1639
5408
1344;4068
-5416
5028;-486;86;-16808;7675;-911
17608;-8094
17707
-1329
-2883;-10660;-4295;15240;-18430;-4879
2683;11052;12172
16721;-2516;-919;18364;-718;15455
14822;-9392
16986;-7627;12458
5437
-9326;-16592
-8533;1269;-12726;-5931
630;-10920;17739;14251;5518;-13584
8481;-13635;1833;4670
13506;-4295;330
-17857;4216
11891;-13412;-8806;-9001;-6602
-773;15848;-13722
-436;-919
-10743;-11097
-2322;-11430;-9655;10889;-5231
2518;-16172
4631;-15992;-10489
-17204;-3621;-17974;216;8536
13664
-7014;16588
17361;14610;-17114;-9371
9353;-11611;-5005;5869
5473;-8197;774;14185;9098;12829
12755;-3168
-1347;12276;-15883;-8731
12085;-4027;12714;-16718;13727
-18359;-2558;-16207;3247;4879;15311
13872;-1828;9484;-9022;3486;-17392
-16133;12908;-16397;-2430;10749;9903
8131;-16362;2735
-14213;524
13589;-11750;-16313;13069
-266;-5194;-16431
17616;-8422;13398;-490;15517;4751
1412
9605
13073;-12613;-4492;-5581
-9970;-14852;-3428;-11945;3018;7083
-6506;12025
-14294;-11710
17634;-12517;-10886;14078;1310
13409;-13766;13450;-3472
9622
6952;-5293;12062
7872;2993;-15246;-17535
-16498;2771
-10609;1639;-8171;-7197;-1678
-5747;37;-12072;-525;-17839;6030
-4467;6755;-11989;-15078;5111;1836
-5548
-13509;-951;8911
-16653;2911
-1456
-1460
4112;-8661;-1319;-7882
1462
-13848;94
12114;-2452
-8069;-8951;-13304;2298;14266
-4834;-735
1968;-4084;3589
-15489;-16374;-10488;4013
2344;2841;4778;-15533
6516;-8501;-17448;-14956;-16240
-17862
13768
5579
15047;-1403;8319
-18065;-15362;3682;15302;-14009;-5802
-5582
13527;4348
14531;-2084;-13942
1497
-12754;-12249;-1657;4681
16226;15515;7501;-13167
-2805;10694;8572;13711
-17888
17264;-5609;2137
9697
-9877;15479
7554;-10804;9942;-14188;13100
-6245;-1903;6639
2018;17075;4723;-1824
-8401;-6084;8874
15712;-3286;1111;-15052
-16785;-16792;9816;-6426
9710
-6565;8295;10667;-9612;15118
-10890;571;-9181;3452;14527
2630;-13977;5496;233
-1219;-8499
17909
12112;5799
14547;-13944;-12682;-5836
4721;14996;-9993
1939;-3476;-1732;8118;783
-4098;5637
-10149;9333;-15590;12346;-11693;14207
5986;11977;457;6202;9532;-12126
-9742
12609;7218;12082;-13368;-4702
-8548;-17582
353;3941;-3062;7082;-18061
5280;9393;-8452;-15242;-3868;-9148
-14433;-11969;14609;-14340
12033;-9138;13413;-11850;-18303
7492;6356
7845;1913
13862;-8200
-14758;-11386
5665
5666
-13793;-15908;-3236;10884
-15912;-16442;10301
-15011;12855;-15801
14136;3823
-5678
-2;-8898;-11335;262;9400;16251
-5681
13942;-12087;-17769;-9980;-270
-14484;-12520;808;5661;-5632
17980
4036;1656
1520;-2482;6655
8918;2587;2380
-15692;9997
-16901;-13991;5015;-3628;-4864
-1955;6386;-6758;200;3210;-10877
7282;6520;-3866;-7066;15115
9088;-4454;4012;-10573;7628
5378;-9510;9836
-14679;9384;10345;11582;-15024
9802
-3569;1958
6248;8282;11054;2495;6575;3823
7223;3802;15165
-10945;2144;11632;11842;-8656;-15824
-13905
-2689;18002;-8181;-12845
-17153;8400;13208;5354
10339;-11260;-12157;-13120
-3145;8328;2635;894;9294
6816;8023;-10921;9993
2273;-5349;-10839
7395;-5768
13964;4047
8515;-13446;-17178
5725
-599;-13323
10823;14973;415
8897;9203;-16462
-14196;268
9831
-17718;4681;9034;7020;15006
-13509;12709;15607;9751;18043
-3685;17615
-16962;8753;1362;866;12116;3701
1644
693;6117;-18361;-1962;7771
1462;2522;13022;1023
-1648
-3377;1530;-12092
-14454;-11774
17573;-3630
-14609;-12721;-16660;15796;-12762;14713
12854;10542;11039
-1671
7232;6727
9867
5490;12091;17951;7103
-2705;8715;-9101;12958
-178;-5963;4463
3748;-17336;-15625;15246
16417;5971;-10795;6843;17437;-5520
12116;-6183;12139
-9884
-8674;-16411;15183
13997
-18098
-11717;-6102;9109;-13484
-9915
17512;13369;-18314;-6749
-14657;-17690;6153;-16490
9916
-1726
-14016
2390;14072;-9243;-7259;14059
18275;-16539
4853;3018;15419;13757;-16830;-14382
7136;-11379;10714;2474;17372
17588;-5190;18086;7578;-7648
-16546;10246;12138
6080;-6994;-831
9939
10384;18096;12480;-9940;-6437;18124
9946
17426;8906
6340;13476;-3932;-11838;-11887;9599
16851;1293
-11750;-9326;11119
-2195;-15957
11586;-9817
-10158;-3903
-17201;-6854;-9654;-17638;8614
14060
-7825;-14432
-2529;-15650;13044;16710;-9946;-3406
3864;10202
-7315;8771;-14724;15047
5876
-1781
-9313;-2165;340;-11125
14071
6706;-3476;10842
18169
-18419;-17155;9212
-17220;-16791;-14683;15290;-1152
14656;-10952;-17561;15644
-14466;5207;16552;-16889;-14090;-10874
4567;16232;-10187;1501;14254
-15027;13234
-3989;-5997
-14369;8452;1189;-4746;14426;17323
-16593;-3626;10223
-10915;15091;-7671;11225;16281;-1723
14661;-4279;13929;17722;735
-14040;-4157
-11889;15593;-7258;2187;15469
-5911
2513;-17554;-6563;10261;-6856
10565;11733
12181;504;-12285;9614
5918
-13654;-2422;1962
4691;14452;-3790;-1600;-15584
11794;11795;-13894;-14728;-4991
18117;-12694;16889
10610;16355;9588;-3656;9898
8288;16060;-7550;17805
11794;-17728
-10033
-10034
17129;18058;-18174;13501
17013;-11931;7979;5166
7796;-9641
3089;-9127;7883
-323;-15476;17646
-2458;14971;-14365
-17873;-15240;10780
10247;12039;16430
-14144
-15144;16999
-1858
-14037;-968;858
-14981;53;-6285;444;2525
3704;-17854
18386;6554;1210;-6589;7404;-4623
-4949;-5323;-13900;9997;-16367
-6945;-18235;11020
-3762;-6302
10113;-10659;9427;10164;8058;7547
10556;-4576
-150;1767;12089;-6044;-1056;7567
14433;-15928;8569;14796;-3599
-11585;12630;9037
13440;1251;2696;889
-5990
17472;10401;-9140;-13558;814
1894
13841;-2019;-5636;12094
6786;-3911;5078;-9852
17729;4651
-10261;8132;10038;10375
-16530;-3846;5701;-15898;-17517;1133
17799;16872
16917;-6376;-16543
-11975;4408;1562
1009;-15766;4654
13491;7156;-1402;3151
-16163;5075;-1664;14671
3250;744;-1500;-574
-17441;-4585;13544;16745;4572;9565
-18;-580;7060;10774;17454
9881;234
-11932;-1853;-15710;-17487
-12161;11651;-13082;15517
-18313
3572;-6022;-13671;1902
15175;17128;2397
-11169;-337;-6804;-6805;-5018;-12767
-18250;6191;8943;17343
9792;-2803;-13206;-14700;-15214;5519
8182;-18317
15968;18354;-9715;-10376
14233
6465;-12507
-15076;-2521;11032;-10107;-5755
13496;-362;13389
17809;12811
12336;6887;15499
-4566;12615;-1530;3629
529;15988;12008;-18377
-16675;11429;-14776;9114;-15628
-2627;-11623
-17618;-739;402;-694;15144;-6650
320;15360;17110;-1180;-13264
12659;-12745;13145;7788;5693
-9238;7799;8;-542
-14390;-13962;5897
-6898;2961;-6635;-14316;14557;-3935
10373;17402;15165
4880;7059;-9959
8674;10852;1947;-11296
-3649;-146;15627;-17357;-16944
16298;2079
12208;1490;515;15605;4984;12251
5952;-9458;16054;-18119;-524
704;1074;-5687;-10231;12141
-6102
14293
18389
101;5351;17039
16976;1419
-5975;-12424
-8422;-15303;-5418;-5642
-3720;7196;2638
388;2679;11246
18412
6768;-13617;15570;-15719;-7324
1298;-10780;-8909;12255
-1016;6504;17034
-2371;-7174;12534;-16872;-1532;9276
-14331
8242;-14453;15892;-13247;-6671
-12065;-2231;-6908;-9516
-10243
7763;-17366;9339;10508
10247
4048;4872;-2430;-336
11138;453;1672;3017;-6029
11268;15370
-5978;-16571
2074
-16154;2268;-3966;15773
14373
1156;-4077;17294
3953;9193;-15338;3257;17404
-10280
-15737;-12457;12252;18030
6410;-2443;10411
12065;9543;-7226
-2838;5015;5018;-1005
-11394;-3026;-16349
16823;1659
-2101
-10294
-12099;-8468;-18400
-5011;14981;8522
15808;11348;7211;-7680
9731;8766
10309
-14339;16587;-17486;831
-1787;-12623
6219
-1268;-4438;-14510;1693
10331
-17938;-6596;16549;8376;9945
-12865;10157;-7631
-11121;-2852;-4452;7891;-342;-3559
3659;-5806
12416;-6172
-8501;-18224
13540;6616;4314;-2492;29;4717
1537;-16899;17018;4590
4849;-11097
-10931;6786;-11974;-2505;-16298
6254
1136;4246;18120;4920;5036;-14911
4240;7233;-16370;-16773;10505;4905
-3458;11105;5377;15961;8522;-10765
-2170
10401;-2774;2136;-7950;-16271
592;-5974;3225;-4111
-14305;15273;4874;16333;4573
5361;-1320;15789;15117
-12810;-18042
-5013;108;15278
7091;11140;5032;17128;2751
14471
-6284
-2189
-12758;-5977;12441
-2257;16743
-13571;8709;10680;-778;16378;-15120
208;-484;-11257;-11049;5066;-5167
-12834;-9860;5468;6941;-12670;-16112
-5031;2826
-1809;-14129;-10103;-8615;-5771;17742
-14608;4207
14498
7140;14663;889
-6313
4098;12050;-5736
6318
-7346;-229;17993;4092
4049;-10868;-4792;15692;6335
-12690;1321;8733;13053
8562;2451;-13239
-10436;-3946;7291;-15616
-2577;12486;-5448;18250
14613;8107
337;-9602;-13461
10442
7427;-373;-9306
6353
-17137;8810;-6222
2264
-2082;-12978;-9300;5613;-16287
-2788;11064;-6009
432;18222
-2530;-4647;808
8485;9877;5990;-17801;12491;15999
2273
-10389;-16462
7633;-12020;-18232;-12430
2281
9984;15030;-5400;7245
-14572
-6382
10604;-15725;-13552
-83;-2341;-12156
-6257;-5971;-17719;-12829;-16206;-656
-10488
-12100;15719;-14537;-17913;-13657;7422
16243;14694;2134;7646;14831
-1202;-6758;-3785;7083;-14028
9296;10996;613;9978;-8096
-10609;-16645;-15175;11447
7920;2787;-6132;16134;14374
-10517
-6422
-6423
-9736;-4879
-2334
17221;3788;18188
515;10011
-2339
-12902;3318;16248;10872;-2909
-17638;-9279
14631
-2323;-8469;2310;6138
-292;-18327;-7498;5339;14875;-4637
999;11258;11853;15102
14291;-16982;-3755
6610;8028
2350
-6448
12659;-15575;-14633;12522;-6347;9022
6134;12731;12159
4784;6099;5044;-6021;550;8283
15874;11399;-10329;18393;-10571;2171
7984;16787;-12261;10334
10556
-10183;3721
-6794;9161
-6449;-16400
12420;-5704;-4346
17984;8385;-790;11590;17786;8858
6643;-17307;-12191
8791;-6415
15461;4395;7100
15714;3050
11765;9239;-6331
15765;3006
-14682
14685
10590
-1476;-17310
3250;12552;5385;-10592
-6502
-18215;10175;14543
14699
5810;16453;1207;-572
-11346;15731;14985;15562;4350
-10647;6440;-7626;18349
14115;3368;714;-7947;2970;-2607
8785;-13363;-11289;-1742;-17055;11759
8732;1884
-2429
5776;-15033;6828
-14132;-7190;12473;18411;-6365;-9726
-1257;15980
2435
13234;10853;13980;-11056
86;6326;-1066;-490;-6271;-1023
-9794;-13029;-3069;17886;-10816
-10636
1425;7525;-2411
14635;-16717;12717
14517;-6920;2071;9161
-11969;13280;-7541;6872;18187
-18387;11844
-1570;531;-9897;-3801
4769;13047;730;4383
-3923;-5253;-4439;-16107;-1405
-16456;-14672
-7217;-1441;881;14332
6050;14413;14766
14678;4171
-1410;9075;14836;8639
-2321;-7687;-7740;12316;-13421
-15627;-7325
-6573
9674;-1580;6671
10785;-14121;-1914;-17710
12929;1025;-5462;-14166;-17288
-12689;-7954;9188;15336;10889
-17444;12771;-761;16111
16066;-9482
-7249;-3433
-7617;5781;-12942
-6592
2448;-4949
-2690;17925;2489;9354
10696
4865;14031
-10822;-4249;17933;-13567
-14841;13288;9337;-2219;-10768;-9600
11511;14392;-2908
2515
-1703;-7223;-5064;-6319;590;-11472
-6369;4838;-4348;12495
13429;10694;10665;-3596
-1683;-3763;12185;-10573;-2784
6618
-2524
-4195;-151;-15305;-9114;11898;-14333
-6628
16600;-6074;14829;5854
8385;2258;13304;-4987;4059
-14830
-5618;13619;2922;-4286
14178;6692;-5307;-4397;-17807
-16867;-13060;-17674
-561;-14277
2550
11235;-17268;-8808
-3540;-11303
-13682;6035;11716;7206;-8169;-9758
-2739;2230;10411;-11276;-9374
-5299;6836;-5189;4805;-7808
-10961;-4100;-1847;-16072;-2350
6817;-13973;-5112;9704
98;-11046;-16104;14301;141;5949
-17283;-12215;-5837
18241;11001;1998
-9865;18264;7065;154;-18191
-14862
15331;7724
14113;-3338
-10777
3008;-9425;-7532;-9119
10782
7234;12948;10757;5909;-10447;17150
13891;-11252;11366;12234;-15455
-806;12293;11418;17435;11405
17297;5122;10405;16316;-12878;3198
14961;18134;5305;14571;5981;-11296
6698
18240;-11540
15010;17987;9783;-17243;1644
-1060;-6116;-7435;-4379
14901
-857;-14048
-7921;4018;-18052;7066;10027;-10046
-2620
11185;15971;10084;5164;-2910
6728
7476;-13925;13181
3360;8098;-4725
-14427;3596
9432;2476;-9295;4126
6050;-11317;-4695;-14442;985;-11997
-1592;8730;-17979
2649
-8229;4326;-10620;11870
4992;9861;12377
14128;4913
10645;16365;-7968
2659
15861;15481
3650;17883;1629
8263;1815;10455;1768;5337;-8571
-2548;7157;6266
14979
6791
14160;4310;4712
-7682;18419;10851;-2501
-1829;-18021;-16407;-9895;14774
5672;-4395;7882;5966;3967
-18018;15313;17092;-8076;-16190;-9214
803;12680;3738;-18284;-18032
18021;-12296;5179
-11399;8684
10912
-13506;-10646;2694;13526;10846;12095
6818
2183;15191;12888;-7054
-1572;-12745;11583
2801;1473;2778;12635;5213;-5776
9250;-15382;8199;-16172;-1805;-3216
-12993;-917;11608;-443
15552;6168;-3116;16910
4936;-7098;-4682
2429;8510
-3794;-17827;14777
-1669;1877;-2158;-4895
576;-15615
-3380;-4213;-1448;-6000
819;8023;-18201;398;2110
5413;-8172
-8053;11258;-9679;-4480
17076;8311;6047
15052
-13538;-4003;-14342;-11303;939;-17869
-2145;2675;756;6397;-5599;12975
17319;4855;-6297;-4911
-13573;-13207;-4812;-12734;8782
6337;-6243;10454;4519
-2784
-18177;-4716;5196;-17856
-1700;-5181
3180;-10064
7600;-8536;-14072;14876;-14095;3246
6890
15264;-2485;985;14699;15292
883;-17646;11229;-17742
-9300;-13978
-6895
11969;-14226;-15180;2350
-65;-9275;14956;1279
-12418;-15413;3509;-17337;10184
-6884;-11620;11752;-15002;-5626
-8248;-5756;-9280
2804
-16499;17497;-3804
-2323;-12469;-8875;4476
12267;15119
-13545;16361;-11132;5259;-3852
7827;3555;-18298
2912;15730;8085;-5674;10446
-15116
7970;-12118;-4702;11679
6984;249;16077
-2772;-9733;-14904
-16498;-2722
11029
-15131
7145;14555;2491;15517
-6881;-8255
12992;-4083;-6505;-8671;17311
6950
9828;-5094;6314
16512;12897;11986;-13366;11691
6036;-7271;-9818
17669;14230;12182;7255;-15707
4806;11158;-3384;-1708;-1084;-2831
-15751;-7594
16354;3859;-3285;-9102;15519
-11063
7537;3525
-5089;-10075
7299;16003;-2933;8778;-1695
11070
14867;12757;7190;-11544;4776;-16974
-16619;-14172;3324
12720;2458
1557;-7881;9215
16068;8406;-1208;4378;-8367
2368;7507;253;959
-5889;-14066;1569;4214;-16233;-1163
-3209;10201
11090
-17845;-16550;-8310;2941
-14168;-5117
-4963;-13300;12035;5062;11527;4830
2016;-14289;-5992;15358
4080;15204;7420;17166
-17350;-16779;-1550
15173;11211;13391
-12161;-8370;994;-7956
-16369;-3773;-5373;-6078
-2037;3737;15177;3740;-3007;-10592
12752;17362;-12183;-11131;16604
-15213
-97;-15739;3755;-1004;-2128
17448;-6332
-11857;17380;3369;-1867
8673;10385;13268;15193;-7725
5072;-9881;-15548;-5276;6316
-8195;3124;-14844;-10032;-18048
12155;-9213
-10914;-10819;11636;-6582;-6903;4254
2914;12578;-7863;-10188;5070;-5456
5473;10241;-483;2792;9498
3202;-16874;-13854
400;-12870;-6952;-16297
8312;8060;-17725;-12544;16847
-7571;15315;-5108;14708;1992
-3557;-13577;-9788;-13200;-3792
-13427;-18040;-4256
17889;-2644
5746;11778;-11077;-6904;-10697
6660;-3398;8070;-16344;-18431
-13009;352;2547;-14327;-986;10172
18306;9378;1362;14877
-18089;-9451
14215;-17183
7987;-9493;-53;-8345;-17147;-4592
13447;-11801;17709
-17299;10226
7074
-17316;-16550;806;-9562;14362;-15680
11715;-5847;-17995;5051
8449;-15222;5658;4095
7112;-14190
-3829;-5416;5018;2636;16862
6659;12485;3626;-4987;-6608
14274;8418;-11516
-11282;4675;5943;3641;9644;6748
7345;8997;12742;602;-10317
-8661;-14805
-1492;-12326;6734
-2989
-8737;-2312;15163;16510;-9439
-5491;4089;14969;2474;14124;17885
7091
-10322;13319
-7094
14038;666;587
14786;12330;9708;-13326
13108;-18198;-12807;-9097;-8795
7117
7971;10075;-6845;-14223
1287;-7256;-13438
13607;1705
-17752;-1662
-6689;-1698;-6932
-7846;-10728;3707;13244;16942
-5029;12157
10449;-8388;-8090;10570;765;1823
14164;10406;12138;427;6110;17135
-17559;3272;-13326
-7564;429
-564;6166;-10505;-2237
2720;12153;11706;-6238;3182
-15025;-4404
-14166;8965;681;-10814
-7002;-143
14753;-51;-2886;-17879;-9277
11243
-4934;16183
-1306;4365
-2005;-18054;6773;361;-4876;-5740
-6244;5219;8186
-10097;-4338;9302;-10224
9586;-13642;10682;10651;-10893;13069
16815;14927
-12324;8581;6999;16201
-12370;7970;1846;-11;-16895
-5729;-13734
10038;1244
9989;9485
9661;-7440;-5312
-1234;-5267;12674;9284;-4172
-17064;-15471;-7423
-11287
-10821;-6631;-9641;7805;-16576
-5201;-14706;11347;10566;-7001;12187
10706;-18131;17700;9206
5477;17062;-15344
-16626;2870;4588;-13470;-17535;12495
-11969;-11613
9168;13012;-14954;-16442;-14814;8639
-7110;-4185
13945;-349;1804
-13170;4257;6692;-981;84
129;15277
-7704;2008;2575
8134;-6428;-17117
13456;-12181;15883;1980;-3117;15773
7219
6272;3443;-12886;-10950;-11498;6110
-9713;3415;-7193;6268
7052;15164;17775
15415
13780;11940;4599;-10398;3293;8590
9813;-10118;-4265;17867;2124
3013;14249;-10032
14192;5326
-7187;17922;15954;-11261
-14001;-17106;-1035;-9835;-4349;-1872
9378;12818;-11813;10937;-3325;5628
-13415;10269
-689;5893;10229
-16945;9637;-8127
-7946;-12874;-4443;-15664;-7280
4052;6588;17087
13634;14387;-2437;7813;9739;-7214
7250
9380;14198;-2971;13051;6363
5993;-9151
9940;-3016;8525
9776;-10226;15010;17273
11354
12720;-946;17670;-16447;-16160
11683;-18149;-11769;5850;-12045;-3310
10043;-6879
-3091;-12469;-3833;-12446
-2199;-13259
10693;12757;-5927;-2058;6686;9695
5317;-2139
7971;11593
-3761;3476;-5645;2749
17696;-2733;510
10017;11537;15445;12677;-9127;15885
17415;8168;4168;4555;-2445
14982;495
-1618;-6587;910
5264;6049;1959;13050;17483;-7838
16692;-2891;-316;-10284
15152;-1406;-10543
11840;4673;-11861;4389;-7207;17756
7303
245;5910;1150
9122;-5893;-10543
-12993;11712;-6035
-4290;-8579;-4645;-10154;-5504;-11008
-3475;3523;7495;16158
15628;12174
15650;12157
3231
15521
-11896;463
8017;-9476;-6123;9932;3676;-2782
9925;13766;-16350
11438
-97;-11459;8307
14130;11027;13653;-2070;17833;-2172
13795;12133;16024;6364
8881;10764
-8385;17122;5863;-8041;13087
8465;-15467;17483;3295;1775
10661;-13511;5608;-9228;-4991
112;42;-1084;12395
7572;3893
15561
-887;-2988;15343
-12049;2097;-231;-9911;-14959;15391
-16754;-16100;-15221;8260;17177;2974
-11306;10316;-16015;-10864
2956;-10350
11493
3569;-17234;2999;5384;17962;7005
11495
-7077;13161;6937;3003;-432
-10932;-17463;-11448;6363;9692
6464;15828;-11125;12312;-16075
-2863;-992;-15840
-12803;14596;-9013;-4599;8508
8128;-4884;12356
-17553;3060;-7449;-11740;1692
-2021;13533
5025;10664;4015
11176;-3930;-10575
11521
-147;17240;4169;-13837
3494;10135;6905;11468
1473;-6584;16635
7378;-15046;-4458;-15792
2432;11637;16264;-2414
-2097;3920;5441;-10006;-16990
-2275;12275;17252;2247;3399;-9069
3352
-13992;5706;-11456
-1617;-1744
-11400;-4121;15640;9497;-6251
14131;12564;-2520;13002;9262;6078
15656
97;7075;12586
-17857;5280;-9941;8470;2091;-3712
-16545;7393;8194;7908;-14431
8704;1970;2052;6229;13306;7997
-4546;-15239
-65;5062;-8568;-12680;12841
-11249;-12642
4773;11435;-8701
17299;-16999;-11272;11081;4030;-15744
6608;-7048;12045
-5317;-6727;14296;-13642;-14666;10351
3645;7054;17294
17984;-3399;15591;1913
3418
-53;7093;-6173;1836;17166;-64
-14556;2941
7986;901;7448;-8812
-5973;9061;7851;411;270
1973;-7415;-7465;-12732;5419;-3694
-15777;2705;-17315;-15133;-2973
-7069;10828;6940;-7263
9061;-1529
7535
-17475;-5864;-4987;-3788
9443;-2532;-14459
16400;-15237;4309;6775;41;3451
-15742
-16289;-1286;10024
1400;-17145
-8054;-15885
-13474;-17734;-17308
-17334;17382;-3514
10176;-7922;8947;7353;-9419;6621
-13827;10682;14027;8971
13441;14612
3478
-2564;-8873;-1786;1402;7180;12222
-16869;-617;1576;-7049;-5740;17020
-10961;9945;4793;7883;8221
14992;-11494
11690
13825;3985;7988;12773;9062;5019
-11693
-9201;9824;-10970;9597;16542
4289;14405;1525;-331
-4467;-4758;14309;14806
-4615;-16265;5083
13954;8999;-11832;-7612
7280;1313;18;-3400;9389;17582
-14050;3282;5816;-17215;6367
8610;12603;15948;-13646;15199;-14720
-8773;-16022;-8918;-9245;-9712
-3252;-14862;-18175
-11299;14934;-8971;-8957;-12285;-17903
-2585;10202
4864;17001;11130;-8991
-16533;18052;-8086;-16909;15853
-4554;-3070
14131;-3189;-5464;12636;9997
5536;13633;2740;3813;-9897
12839;-16384
-98;-3769;6489;203;2140;-8511
-9330;-3538;563;-15750;4858;-9022
-417;-11890;11202;5123;15179;-11550
5412;-9528;-10506;11067
8562;-10074;-4652;-9680
-118;-7535
-6727;-16567;16214;-575
8864;-3547;-1759
-2465;6024
-4980;-11928;-8188;12220;-15261
614;11142
16960;-1107
-15927;-4027
-17138;12292;11653;-10378
13076;12391;18071;-18315;15212
-7255;17063;5095;1754;-13085
-18257;7062;5785;8986
6688;-10268
12283;-15868
-6485;16356;-12950;-6903;12294;1272
-11778
1776;6112;-13458;1481;11773
1403;9483;894
-14322;16019;2934;10406;13133
-226;7331;-10245;3578;16986;2558
15017;-11419
-8997;-2796
8497;449;8244;-12933;-11658;-12587
-11802
8577;16034;12553;9594;8205;-14480
-16593;5917;-5232
9856;15155;2122;13949;7598
-961;9603;17304;-249;10314;-3708
7312;-10289;11377;-9156;12567;16397
-9909;-616;-9530;-2587;2622
-5282;14515;5237;5910;-16744
-1633;13462
15926
18324;4759;13544;12585;7679
-14545;7765;14028;16846;17455;7151
-13858;-12573;5487;-12880;-11440;12943
-11845
11204;-12615;5065
5313;9537;-1267;13692;17340
-7758
3661
9621;9413;-17162;18174
-2997;16056;-4794;-5514;-6414
-11857
-3762;-14322;7352;11401;3004
-7108;-17047
1649;16561;-9933;3598
-3685
9989;-6649;-17497;-17566;-8318;3583
-2795;-4992
12128;-14274;-13834
13840;-17457;-11287;8073;-14202;13245
15744;-14647;14326;-17166;-18334
-17476;-11398;10760;-1965
2672;-13063;17533;4446;16687
-1316;-7096;-3480
11472;900;17156;3878;15351
-10883;15014;-7980;-8045
-17889;-6293
-2467;-13508;-12133;-17895;9532
13345;-3173;-17033;14666
-1175;4887
13024;-7732;6596;6918;9974;-4587
-2017;11681;-10964;10099;14776;8814
-6777;-7420;10477
-9205;-13497;-9691
-16533;8711
3168;-1509;14214;10713;-10571
10464;-2810;-4091;-7291
-13201;11842;10633;-16986;3982
14384;-15010;-15319;7001;5214
11922
-14516;1144;-6508;-9022;-15151;-4736
3349;232;7980;-10894;15278;8270
-7836
-14458;-8172;6733;8061
17408;2721
-7845
-673;18426;509;-2224
4697;7246
-1012;-15029
12661;9707;-636;6987;10076;1822
-7850
6803;244;3127;-6264;-1368;-14493
-4129;-13297;14851;3017;-12400
16053
-3766
-9143;11261;-18174
5767;12568;10507;15887
-11922;-4084;-13911;17951
3773
3323;-7102
-2145;10020
-8417;3173;1464
-4200;-11872
11665;6459;10235
-14691;10582;-13465;9690
-14499;2519
9501;6575
2322;1466
-3792
6266;-17279;-17359
-12390;-8986;10570;-4335;-9136
-130;-11620;18276;-14058;-479;15903
8198;-14503;-14857;-3116
-17858;-13930;11597
-7666;-12528
16098
17734;6558
3812
2881;-997;16437;11958;-14362;4282
17940;-18325;6411;10079
-6737;16835;18296
14208;1033;-11420
4374;7275;4717;3839
-16111
1826;-4163;-9348;2649;15739;-10527
1603;4548;1145;4729
8608;-16539
572;15551
-2167;4583;-3672;6730;-18397;4990
6595;6696;-9454
-5859;-7270;9288
17552;4226;-516;23;-11978;-13149
3844
1649;4546;-681;428;10846;-12943
-16292;13547;-3630;-9760
-12088;-4048
-13284;100;9685;-9772;1230
8002;-16628;-15703
9612;1326;9295
12868;14582;-17339;-14798;-15552
-14017;7129;10747
-11489;7629
-12058
-11381;516;6998
2994;-10431;-4623
-16157
-625;4005;-18358;-16795;3324
-9698;-9126;-3099;-6989;4557
17281;16210;4364;-16045;-9743
12068
6727;1247
16167
8195;-4906;590
-4452;12429
16173
16178
-13612;17518
16405;3099;-15597
-5057;-1384;-445;-9310
-14804;-12860;17629;7613;-1487
649;3261
4594;7509
528;-15361;10921
10803;-16916;-14184
17410;6984
16203
-13645;6333;-12991
13520;-5176;14796;1260
-3921
-16277;-5605;1301;4428;-1231;5263
-12123
3373;12846
16853;14246;-6682
11860;6821;5737
912;-11765;-10937;-14362;-555
16080;-12322;15906;-8409;17260
-9845;-12389;13494;703
8040
10194;-6630;-17942;-13961;1496;-9872
9218;16324;-9927;-12520;2683;2269
-3955
8128;-14276;7257;-13500;14429;6013
-16197;-5305;11385;18170
8791;-12749
3093;17658;12602;906;18061;-3295
16257
16880;-12788;14518;-6445
578;15417;-1643;1100;9004
-8385;-9223;-7288;-7758
-8100;16181
2032;11408;16600;14170;11210;1821
-16283
-1251;14643;-457;13674;-17949;-16751
3995
16285
-12198
16296
9441;1719;-5224;-16105;-5103;7167
-11122;4645;12328;-13962
-8113
12163;14180;11896;-61;9789;-11182
1618;14166;-5003;8620;-15310;-8112
-917;-7285;14618;-13707;-13116
6548;14036;-503;12170;8637
1667;2407;-47
530;11691
16277;17001;18058;14140
-11491;-3924;-15737;-17482;538;11291
3008;-10531;12922;-6813;1612;-8334
16764;190;11663
2498;373;5270
-1091;-7133;-12206
-5937;11056;17492;-9766;-16895
4049
-117;-12126
-17431;-7552;-7744
2214;-11515;6202;8251;10876;12607
-2006;-16440;-8555;16061;2783
-12993;-3360
-13441;-9558;-2442;13183
7191;-6184;11642;10748;13439
4073
8038;-12112
9156;15398
16362
12179;6252;6126
12047;223
-15463;-17294
-15299;2525;-8207;-7792;-8080
12226;8643;-11833;11434
-12113;14800;-10870
14913;-16004;-11188
13995;-1711
768;7862;-2711;14558
-16382
