822;7372
-5107;-7621;-16837;10070;4859;14638
12816;-16008;-8010;15867;11724
4981;8199;9496;1432;476
-12300
12299
-11362;-13570;16585;-11498;4569;-9312
-8401;14802;10995;-13685;-3352;11944
-1250;-2862
1824;-7957;-9062;-5304
13987;-15110;-18199;16814;6623
11525;-5224;-8843;5994;6844;-10318
2896;5105;9494;-2059;6155;-1086
7809;-8118;-16009;16345
-11429;8677;-13660
-14877;-5632
8221
-32
31
-8629;-14650;-13627
-2519;-17994;-12302
-1458;-15973;12345;5038
293;-4439
-11859;-10774;18342;4231
14913;-8089;-12874;14302
7670;151;-7759
-8548;-16437;-9834;-3660;1549
68
-2982;6985;-8173
-8266
13124;14454;-11115
-11201;15185;-6770;1777;-14802;-8851
8080;-4771;-10579;9315;11516;15197
1638;1753;2220;3677;-319;-4784
11474;9095
-1458;10247;3593
6835;-16667;3867;2814;7342
2784;4086;-15386;-7964
-1667;-16248;-10857
-16769;13233;-9988;-957;14332;16639
-108
11458;17463;-8968;-15742
-1156;4820;-12133;4255
584;-702
16506
-8318
-15203;2248;17181
13418;-17405;3982;-12415
-18149;-9399;-1257
-8329
16520
11221;-2893
-5777;-17973;11607;-4075;-4400
15213;14302;3583;3903
10727;-12459;-2621;-16270
-11797;-12166;-3623;-17614
3712;531
-154
-13044;11239;-5502;-17423
-14741;10427;-10188;14347
-2643;11004
16960;-11096;680;14105
-8917;13183
-14901;-9849
-13394;-12386;16345;2923;2239
17536;7856;6113;-3175;16951;-16431
16689;3905;-1893;-3639;6438;-13129
-14353;14532
-8690;-13715;13029;279;-11069;-8687
-6466;10742
-3555;13908;12265;8734;13887
4828;16541;10078;-6688
5124;-13335;3928
-17473;-7203;16293
4288
1088;15497
-7238;7190;251
-212
11568;-14485;-8070;-13802
-2392;14894
-217
945;-15059;-3907;12115;-14792
-15622;-17373
-8420
-4325
16697;12106;10458;17226;5181
-10514;-690;9493;-13783;7422;-4448
-18195;13866
12522
9456;10962;-18181;-15799;15081;-18140
4333
-17061;-10393;-5641;4184
5634;7826;-5028
-6088;-5001;-15338;8539;5358
-7026;18422;-1305;6539
-13825;13577
10273;6442;3933;-17295;271;13007
-3187;-5257
4306;9501;15119
-2753;9350;10046
8459
7714;16797;-9791;959;-11312
8961;7700
11728;6423;16199;6184;-15679
-15009;5495;-4122;-17402;-5902;-8400
-8477
-882;4118;1147
7058;-17795;10856;-441;-4062
16661;-12535;13528;15944;-4638
-12675;11588;-748;10318
8275;-3239;-1207;18122;-13468
-6242;-8568;-18255
-15894;-5850;-13594;1340;-16462;-15374
-18390;-2920;-11917;-8031
-12769;-13713;4168;13914;-12379
12144;3169;-1123;16020;6952
13762;3289;-2590;14511
-16721;1333;15087
302
897;54;966;-2223
2519;2860;15407
-2951;-1455
9684;-2837;16551;-16620;9916
12896;-8850;18313;-18159;11055;-14944
-11387;-5309
1443;4171;6748;4334
-2966;11471
4414
-6641;10453;12890
2823;-3144
-17906;-7893;902
-13826;-12275;2900;-229;-9098;7629
-3059;3142;-12700
8215;8505
-7730;17026;132;4789;10695
-6530;9874;-14804;-13637;17272;3388
17858;-8131;2710;-1930;12250;-1931
-8079;-12752
-12641
-353
4275;-12821
-13313;13476;-1338;13818
-18130;-16821;-13578;-12476;15419;16542
-162;11927;895
-10082;9461;5591;-13536
11489;12498;-5302;3611;14941
7082;-11552
-12662
7968;4084;1622;3084
-11526;11151
-16721;9028;-17432;4776;-17707;4911
16760
12096;16402;5427;3315
-8570
18359;-9788
18337;-12658;11833;-13035
2226;-15620;1381;11631
388
-4472;-14043;12908;5212
2500;2297;-12395;6061;8638;-2608
9153;-2905;-2540;-14749;-9838
-3606;-11769;-17276;7196;12765
-7825;-9717;744;4107
-3076;4839;15511;16346;-12699;8156
13520;14995;12489;12650
-10774;6270
11338;13645
9280;12241;-6069;-17142;6199
12721;-16454;-4876
13777;17155;773;-2616
18129;16453;-13678
8616
-14769;1232;1842;-16598;7574;-8380
10882;2531;14886;11577;17897
16629;8492;3982
11220;15134;-17728
-773;-16294;-16792;14728;-1789
-12728
14691;-1924;14379;14253
6420;-13242;11358
-4538
-13137;2465;12471;1274;-7611
10624;9572;-3673;-9548;5755
5440;5793;-2599
11040;-517;-4757;-16919;-5674
16456;-11227;-17965
-15012;-5109;-3865;12298;-16203;2860
2992;9831;4360;13243;6892
-17605;4856
8405;8444
-2705;3172
9120;-12116;14164;13880
34;-14408;-15802;-8476;909;-15983
9986;10975
8464;1382;-14428
-486
6452;-14217;3180
-8369;10073;9001;6443;-12560
-881;-17059;14546;-10663;9466
14679;-2857;-16284;4717;-8943
-10529;11282;10021;-15367
-2865;-15293;17661
-4594
-11089;13361;-3091;8870;-3455
2499;-11195
-4929;-5924;10106;-12045
945;13570;-5398;11355;-6076;10685
6881;5913
3811;16116;1989;-2295;14234;3517
-290;1316;-9382;5270;11786
13266;14742;-15211
6752;-13922;-13821
-2417;15216
-4401;-4646;12486;15353;3577;-9563
9553;3258
16907
-13529;18154
16914
-18392;-12153;6860;-1423
-12954;-12156
8273;-4515;51;-602;-11934
-134;-13177;-14313;-9776
8730
6466;-7396;9797;-15542;-14347
14709;-6039;16502;12520;-6861;-9808
-4641
-8737
-8740
13810;-2631;-10631
12837
11316;-2573
7728;-8423;-8377;-15033;1193;14159
3845;12505;-15789
16165;3321;11211;13563;574;-7408
1573;-14425
16947
3824;7364;-1656;9821;9885
-17762;52;-15626
12099;-9767;10231;-6393;-10620;5023
-1044;-10900;11048;-14538;-5626
2882;-13286;5142;13113;13148;4158
16968
-881;-13205;11688;11113;13837;-1488
-7493;6907
-12484;11893
-6307;-5173;13684;2486
6197;1721;14698;5659;-1533;6621
6103;-4314;9993;-8443;1357
6256;-13428;2475
16583;-3387;6410;-14909
-16986
-9178;11194;-2619
12640;17472;5832;5322;17308;15757
10195;-18326;-4535;-12476;15500;9038
9269;-12967;12494
12897
-15091;14626;-10068;-8348;13293;-7311
16996
15521;-187;-6528
17001
-16594;-15363;-13127;-18425;-2650
623
-2178;-12341;-6586
950;9622;13095;17918
6897;18307
16981;-8158
13092;3108;7125;3785;-13406;-8976
16552;-17114;14156;15487;-3872
17017
18085;-17928;8669
3651;8115;15894;-3982;10414;-12976
636
3043;5114;12959
-8085;-17131
-11105;9171;4820;-5656;-14256
-12642;8706;-805
14342;-18264;-10169;-13358;-5967
416;-7108;3643;-9887
11920;17680;-16664
-17010;-1058;-4466;1549;15294;-7247
-7345;-4217;-1376
451;-6501;-4186;-14991
8844
-14033;16145;14925
16928;111
81;-12946;-807;-11628;-14684;2463
-658
-7842;10296;-7324;-6334;-1743
17043
-15826;-2981;-2335
9489;3379;-17893;-3384;-12733
2882;9961;16492
1321;3439
-15507;6648
14362;-9600
1044;-12790;12412
11878;1784;-10092;-16527
8865;12515;12058
11297;1282;9479;-8137;15421
4766
-4674;3985;6327;17035;-13005;3293
-12645;-12823;4616;-8494
-11735;16507
1200;-6454;-13175;1238;-5197;1228
-11764;11084
6019;-3364;7011;-793
15141;17001;5404
-16697;6538;-2813
-6489;3177;-9663
2503;6156;4317
8000;-9732;2421;-11542;-17800;11580
-8370;-17747;13106;8091;-11453;15679
2097;-11794;3538;645;6439;7960
8980;-16941;7261
12988
12631;2809;4233;-6684
3252;17930
-10576;-14704
627;-10645;-14454;9416;3727;-5760
17569;-4179;15986
-708
-12997
-10257;2611;-1125;7990;-12393;12463
6020;16632;14922
5137;6786;-11212
13584;16409;17867;-14381
-3601;-3156;-12487;10315;-6284;-14172
4809
-4385;4513;35;-13166
13217;-2642;-3283;14180;3818
-16706;15991
12067;4645;-4728;7038;14462
6338;11396;-14472;-8346;12987;5102
-10210;-2796
-5046;-17050;-11390
209;-10324;-9740;15039
17750;-16936;8104
13440;-2824;-13065;-10571
-9108;-8012
-13027
9584;-226;11862
-8935
16885;1318;7686;6374;-12023;13272
4841
-12689;-6882;4803;18325;13013;-17320
-14756;-2148;-11797;7471
-11553;-1459;1523;-17446;-16877
5783;7263
-17107;8155
-3681;15779;11459;-2311;-24;-8174
10853;-16251;540
-5097;6506;10875;8957
-7857;3040;12932;9030
-13051
10608;-1654
1237;6823;-11274;12170
-8963
-17157
17760;15782
2208;-8729;1647
8730;-3856
-4484;-14904;-6843;8764;12589
6650;2335
-258;9245
3012;12055;-14575;-13584
-15009;2108;3902
-8057;-9135
7889;-2984
-3793;13729;-549;14470;-14856
-15155;5717;1847;14537;-15949
16369;-15559
-5603;-3252;-12680;-16142
-5398;-11800
12134;1447;-7465;2891
-13112
-11074;5285;-11419
7280;8912;1017
4560;2792;-4651;-10301;-6589;-3022
1116;16095
-1140;-3228;9291
13115
-18231;8712;2895;-10592
8981;-14185;-7916
17523;-13770;-16699;-8367
17233;6578;-1093;-649;2444;-3198
7203;9861;156
-10998;17400;-11337
3827;15529;15116;11422
13127
-8898;16147;-3701;11988;18072
-614;-13017;-4061;-18062;-1952
-4339;13372
-2706;14419;9733;6711;6424;-13258
8947;-16934;-903;11017;-7067
-13836;12812;14156
844
3699;-15237;-11800;2665;-2812;6254
-15285;6245
-13091;-13577;5336
853
6994;12933;16234;-2526
12995;-3933
14068;-14940
16258;-15404;-9918
11665;13685;11414;972
-4082;-14053;-1686;12459;-18094
-4434;-16899;6338;7245;-10047;8719
15985;-3108;-16055;-18188
8114;-1670;-1003;5355;6477
3888;1097
4986
10332;-5344
16659;14583;14535;174
-4449;-8741
7296;-12295
-17289
593;7654;-4810;14858;-13295
908
-9105
15378;-17593;2392;4831
-6979;15538;17155;16310;11245;894
-3921;-17476
-8785;-7826;14083;17367;15676;-927
-17308
-11219;-11863;-15111;-11887
4513;-14100;2339;-6089;-16986;8909
-5033
455;4440;4233
-3137;-10770;12968
9132
14656;7043;16071;4138;3866;223
15428;-14486
5040
-9138
7745;16199;187;-13613;2717
-12020;17064
12455;936;8297;16124
-13239
-17525;-9781;13032;13322
6738;7029;4278;10279;16632;17437
3378;8691;13463
-6210;-3330;-4939;6749;16879
246;4813
-8241;8419;-5350;7034;-18108;17213
1377;15977
17356
16083;6085;7192;16669
-16913;11458;4355;3304;-15469
10801;-2772;-7052
13265
-4151;-1339;415
-2997;10836;-8297;-10233;-5006;14717
-5252;-16101;4519;8939;-5376
-17686;-7386;13051;8910;12287
17368
-531;15046;2857
10823;621;10029
-9592;-5131;9631
-248;17628
16465;-1545;14749
16673;-16072;-13888
10448;11030
5009;7859;16452;14631;-2715;-3371
-9197
-16659;-15220;-17670;6842;-11549
9779;-13738;-16667;13323;8318
-16212;-17113;-16843
23;11820;-16957
13309
10211;15388
-11347;-2599;-10969;-17069
770;12597;6378;10474;-16508;-12685
2569;-11789
5126
-5127
-16785;-8308;10310;10327;-4768
582;-15257;10060;11996;-16464;3951
14771;-1446
17423
-3010;-694;-2182;748
248;-9485
11809;2098;-6740;13956;-2233;-9645
-13249;1;-2597;-8758;-9272;-8141
-3364;2303
17452
17907;7126;12903
10343;7114
-2321;-1569;8452;7543;17641
6132;-12358;7830;-14968
-11873;5202;-7476;-8437;-11261
-3969;-15378;-13797;12164;16134;-4424
17145;17611;-12158;-17423
-9272
-7610;-1663
-13372
-1633;-9829;16502;141
-13374
7350;13464;-6026;-9599
5154;-10758;6698
258;9235;7988
-8738;-1892;13653;-4119;5302;-17594
8313;-5595;-12012
-5523;-3707;653;17886;-8207
9153;-11892;5699;17365;11962;-2510
-5203
-17491
5808;-386;6945;14869;-17608;-4425
-12708;-688
-11977;6762
-2147;-13940;3862;12552;17178
14273;1411;10324;-6715;11675;7020
9319
647;-18159
5953;-4755;-1412;1342
-7188;15046;5129;4525
-11041;-531;-10358;-8887;17399
4832;2145;9827;2549;-5932
-13426
4900;-6040
-9332
14108;-1023;-11936
-2593;11384;-10842;-12972;-11036;4429
-14673;1229
-5254
13450
-11286;-71;10153;13129;7852;1869
-5265
-2871;16327
5266
13969;-12614;-2528
-8771;-3256;-17960;4237
-12145;8423;-1549
15990;-1495;15354
561;-7974;-11003;-15536
13252;10856;-14733
1185
4889;-3695
-8371;7174
-9937;13073;-2005;-14442;7087;7423
-10241;13397;-16647
-15458;9122;9506;1046;-17707
8838;12845
9395
2280;-4736;17343;10895
-1747;11145
-4865;-15603;-4184;-13421
35;11451;10204
-737;12738;16932;13238
12835;-3049;-4922;-16957;-13695
-3928;-952;10187
-14868;-231;4441;11871
3488;-6706;5927;10295;-18316
-8617;-5546;-3023;3679
5314
17604
9766;12921;-9981;-11486
-13665;7888;-13490;-1443;-6774;-14700
-10883;16203
14928;2593;16610;10500;-2444
11040;-14932;15941;17850
951;5915;-18126;10031
17651;-5128;-16941;-5007
6212;15500
5073;1576;2779
17621
-8402;4018;6888;-9530;8268
-9439
5345
-5347
15921;-11412;-15124;5365;17880;-17981
5350
-17510;-1737;-6586
9456
9875;2596;-18135;-12279;-14983;2988
-1268
-7889;-5668
-12520;-9690;8653
5364
15568;10572;11998
11010;3715;12294;-9032;7864
-13566
9348;14951;-15928;13386
-4034;-6748;-12078;1101
17670
177;5207
5384
-17203;-8409;-4190;-7439;11727;3743
15088;1346;16178;5542
12512;-15617;14152;-9802;-3722;16059
-8199;2806
4625;3144;-9069
7355;2140
-145;-8451;-10116;-12678;17798
-18033;-3017;-1241;-5851;-11356;-10959
-3266;8670
13597
-6647;18054;1545;8841
16624;-11299;10411;3805;14543
5413
5414
13057;-17237;-17077;9094;10841
-7345;-11462;-5479;-5352;3738
13728;-3683;17971;9245;-3167
8346;-9675
13622
13624
-1490;-13251;-15284;5779;10621
898;-2240
5234;3778;17142;6875;15259;14493
-5441
-12289;-17729
9218;-1694;-6176
17733;-13096;-8473;14938;5452;17564
7238;-12686
-7284;-14105;-7711;-17311
2230;-2073;-9706
13644
-17742
17443;-3829;12901;15803
-6008;-3546
4588;-10048
17747
11377;17590;11208;-6043
13655
1371
-5126;-12632
-5490;403;-12997;16709
6310;10265;-16794;106;9519;-14880
-9570
10852;-5479;12664;8777;-9051
-17766
8580;-16890;2826
-1041;-17957;599;1548;-16302;-13294
1392
-8706;-2693;-15114;-11390;12717;-784
-9587
-13665;-9812;1204;-15237;9495;2043
-10518;1991;-15323;-16652;-14144
-14146;-6131;16936;12520;-12794;-14171
9505;16474
1403
-4211;-55;9766
2080;14743;13850;-12880
932;-7113;14585;13485
9907;17668;14795
-16865;-3378;14157;-4814;-10991
-13444;6662;-14377;-13023
-6745;15736;1160;3722;-11534;-926
7717;-9101;-12062;7935
-8401;18260;-8440
-3074;-10636
3505;-18263;-10041;-2122;3820;17582
17529;-14077;-11805;6061;-13566;14429
15818;1005;-11295
16338;16261;9222;6614;4731;9708
-17822
245;-4170;-6540;15999
17823
-102;17929
-14833;2583;7146;4779;9964
10984;-15451;18205
-17302;-14088;-12938;15693;4478;14510
6453;9450;-10352
-15393;-10639
-13617;-10305;-6355;-5397;-18377;-4751
-1396;-9446;-11098
-9140;6470;4022;-6908
13875;8804;9316;-10055
4635;3053;9757;-7792
13283;-2660;16919;-9695
1542;8822;6286;1199
-16306;9157;10183;2554;-8751;-6496
17249;5139;17059;15749;-4743;4262
12485;7304;-13468;-16445;-1790;10445
2355;13461;13238;6920;10552
13760
17861
356;-15142;15003;1262
-17865
3298;10470
11472;14586
9675
-2930;9618;7877;8395;-15853;-8592
9766;16295
8944;-486;71;10200;-9050
-5585
-9683
-6437;8342;7719;-17516;-5888
1492
-1458;-4132
1553;-15338
-1858;-16026
-1297;-833;-16505;17135
-13553;374;13559;3063;6249
-11268;10069;-8826;-11979;-16366
5000;16987
-13361;12112;-15220;-8137;6410;12590
2145;15347;-11796;-5605;14266;-8747
-15735;-8137;14265;-15917;-1950;13663
-9716
-2630;15384;-9386;-13084
13812
7312;-8841
9793;17943;-9822
10720;7287;-6601;6857;-16733
-9724
-9728
-9729
-1697;11492;12223
-2083;542
-7841;-11858;13783;-16826;-9595;2123
12515;5412
1543
2290;4403;-1639;-5192;-7208;1706
-5642
-5655
17952;16375
-17;14787;16883;-16647;2505;-3664
-5477;11188;15796;-10958;-12111
-4019;9412;3468;892
13850
-10165;17656;8603;9099;-15437
8677;10040;-7945;15291;8271
-10934;-3496;15997
2240;-15749;-7046;5831;-3229
-14901;-15371;1852;-18208
-145;5815
2416;6017;17718
10936;-12512
17962
-7210;12893;-15246;-15535;11231
9772
-17491;-549;-16265;1243;3915;2989
6322;13277;2463
-16073;-1897
14624;-10339;11410;-14109
-16769;6217;-15611
-4003;-1974;-13865;-18011;-9691;13181
-9331;-2900;1028;9608
7923;-15572;-3549;-6784
7910;-6303
4659;-6516;7563
-5877;-8186;-2298;6553
2312;11594
-5909;-14469;10965;-16783
-18065;-4036
-9506;3789
12624;-7010;-2870;-9320;-7993;-3440
-5723
-5725
17873;5825;-8675;-811;4525;15661
11440;-12801;10900;11436;-7055
9984;-8352
-5925;-16190
7697;-12771;-16468;-117;11030;-11487
-5732
-5734
13926
5560;7307;-14511
-13933
5665;15565;9086
-15071;-2959
-1161;-8681
2469;-8073;9993;-11676;11820;-2880
-1659
17525;-1677;-1902
14641;11666;8139;12269
5756
-2179;3367;8670
-16577;-10066;14876;10094
-4804;-15431;14459
8930;17619;2280;-363;2060;-16557
6424;7548
-4594;6281
-1688
9061;7739;9565;7197;894
16496;15266;-3107;9219;8870
8416;-5747;-2716;-15677;-2350
-10534;3461;10859;-11150;13151
10644;-1927;-12139;4795;4415
-13987
-1703
-8801;-1833;3048;-10538;-4797;-11551
9895
15073;-16777
2307;-3224;10814
-6882;15809;-14868;11862;12169
3491;-7237;12791;11881;9452
-3347;7603;9739
-2322;-17364;4659;9223
16147;-15140;-10180;3350;-17342;-7216
-740;-14342;-8103;-10666;3578;-16492
-5909;8246;7566
-4215;-1595
4722;-10548;15703;-6811;-17072
434;17669
98;-2393;4426;10220;9853
5820
-244;-14693;9337;11421
-14060;4141
-6658;-11456
18115
1652;-3385
-16107;-7707;1597
-14026
-14225;15058;-2889;314
-11556;-2476
17040;-5668;-1909;1956;14612;-11999
-8945;15208;11867
-7443;194;-84;-14997;11812;12267
10561;9670;-14987;8542;12543
10784;-16806;1639;-8636;-1023
-2499;-10072;-569;6008;12635;4444
8594;16422;13305;3050;-17037;14286
16214;-10362
-9603;1467;-11244;-13566;-17966
11954;3107;-1925;-9847;-1529
15571;-2698;-16107;-14912
-17185;-9721;-1309;-13630;4622;14975
15808;449;-9372;-8655
2403;-8270
9332;4853;-17479;-11150;2318;-6032
3607;3575;-7100;-1856
10499;2074;-2608
11361;7331;-10554;-9790;-12416
2883;-17732;-15605
8629;2315;9148;14493;4062
-17937;212;11838
16055;5389;11213;10095
-14082
-7682;-17127;9129;-9406;7934;11262
801;10097;-8466;-636
2689;-6602;-14268
-18183
13890;-3017;14908;-4925;4317;-6991
-11573;17469
-5898
-17619;3754;-12605;8620;3759
2401;-3668;12133;2551;-15690;-15914
-2466;16868;-3895;-11719;8153;3055
-15427;11444;-18303
7698;-7254;-10231;-9928;-10764
-3473;9618;-13270;998;-13421;9548
10817;17523;10360;-27
-5769;-4813;-12349;-6718;3262
12112;-18418;10871;-6380
4273;-10791;14342;-15370;15242;10507
12724;13675
11587;-10006;-633;8409;-1919;-13359
-16241;8884;-5431;-17772;61
-7097;-2925
-10372;4443
-14931;-7383
18220
-5934
-15974;14136
-3460;-4089;13484
-1169;440;-13402
-7241;-13322;-5856
-17715;7719;-17402;-15406
-7105;386;15957;6023;968;-18075
-15124;16007;-17803;-5196;3885
8832;18391;-1306;8697
16258;8979;-3942;-14710;-6038;5397
-321;-12343;8631;-14201
12912;13514
-5458;-6389;16504;-15546;6828;-18272
8758;9479
-13394;15955;15677
12834;1342;4063
-11831;17659;4220
18243
-11425;-643;6111
5956
8134;-6220;12235
1863
14996;2473;-1739;9645;-7120
13284;-6216;12328;7805;16638;-9200
7489;13242;-14764
14161
5427;18005;11215
-4129;-17218;-8134;-383;3407
14169
-14625;12740
1887
5986
7522;16375;1627;-1022;6063
12167;6110
6753;4436;14438;-7344
10354;8601;-17053
-17079;-398;15213;-5006;-2832
4897;-12643;1939;-6837;9464;-15116
10098;-15238;11658;1451;6795;15819
-1921;17637;-12377;14957
434;-16246;17724
-14203
17219;-2010;-1005
3779;-1734;2007;15383;-3230;10287
-13458;-12546;-14835;5347;4154;13036
13553;-11635
-8386;-11597;-16672;1967
1280;-2212;11046;-12047;16142
12100;16588;-6286
5093;-1400;-216;14830
18307
16677;9833
-18213;5989;-7485;5485
17011;13597
2161;-12651;-763;-11166
15249;5793;-6740;-709;17018
-1921;-6695;-10344;10987;9917
-14948;8051;-6677;-8861
15189;6327;1415;-16632;16136
665;-10814
-11909;8646;9993;-5723;955
6059
-3865;11594;15770;7151
-8070;-10294
8913;-9619;-3830;2556
-1517;-12752
-10741;-10569;-17535
-2915;13363;6867;-11767;9498;3324
10059;-17132;5086
8450;-6612;11242;-4877;-10192
-4676;11494;8585;15565;-12592
-8267;6271
13442;6038;-2617;14170;-4460
14286
-9217;17251;15177;6537;13211
8417;-8947;-5732;763;15691
-16504;-5978
8998;10742;-3384;-10011;3166;-11519
16627;-10523
-16660;6458
2610;10933;12057;17305;-92;12446
3748;4136;-17979;-17371;5436;-16848
-5906;16642;-16595;-5847;16172;9838
1978;-8668;575
2608;11698
-4343;6057;1817;-9647
-11875;-17752;-1900;-11454
2691;14916;-1947;6844
-14469;4251
1190;3543;-11340;-4412;13053
6131
-17729;10849;-2963;3588;-6329;10542
7106;-8547;-7334;-5528;16345
7650;8419;5353;3663;-14848
1458;2486;-4921;8187;-17456
-10098;-15751;-3341;14846
8992;176;13282;-5476;-6727
-6260;16980;7172;-12839;-905;-6206
8609;-6547
-552;-7257;-445;13804;-9166;-10735
-6160
-8466;-24;2474;-11981;15932
-12405;15560;-9657;-16043
-17169;-17665
7394;-8325;6599;-8684;-7248
-16273;5312;8051;8390;-3408
5633;8835;-11525;-12734;16862;11391
6175
5862;315
-8721;6637
-6182
2985;-13264
9656;-13386;-9582;-17454
14081;7925;14534;-13867;8094
16562;18302
-7832;12281;-5182;-17198;15166;8959
-5185;11381
6578;7107;-18165;-7990;7558;2807
10297
-14395
-9445;1447;-10495
-10433;-3412;-4650
-12267;730;-2864
12321;-13606;-12007;11179
13360;17985;-9067;4414
-17090;10876
-647;-1471
-18050;179;-13270;349
1190;12887;-15018;-13468
-466;3122;-4438;-3094;-15015;-15000
13025;-3016;-13516;17917
-14069;3753
8466;-7350;-15531
16850;-248;1913
-14098;-4420
-12775;5575;17080;8638
9122;4934;8758;16648;-8761;107
-2138
14726;16152;-4538;-16011
2139
-6577;-11780;-13991;-17259;-9883
-13227;15374
-15831;-16476;8333;-16879;-10448
14437
4613;758;9351;-12810;-4064
-18038;17862;6424
6099;-16446
16996;13837
-16513;10576;11799;-16217
16048;2498
-8231;-2126
1719;-7933;-8239
11797;-1440
-6500;16858
-7911;-16271;13823
4473;5887
13665;17078;10374;4425;-8762;10445
-7860;-4471;14377;12411
16034;18342;17720;11514
6271
-10774;-9208;-5881;11689;3868;-4159
1027;12678;-10633;18089;-15725;-7614
-2738;-85;11177;16954;-891;-14046
6363;9292;-1455;-12016
2273;-14707;16551;10249;12395
-14477
-10383
-1473;5539;3348;-13274;-8938;16988
9552;-10642;3489;-7188;-3004;-10783
-7194;17579
10387
-17525;16265;-9340;16891
8642;-4371;-12346;-8269;-10430
17137;18117;-7496;3112
13719;-5785;17004;-10415;4063
-3557;14198;3431;8616
-11556;-2613;11718;1367;11484
15648;15700;13608;10505
9122;17417;12539
-16049;-17620;-13268;-13786;5259
850;12534;-14288;7215
6312
275;6852;-1141;-15419;3708;-16974
-7893;-10839;-7016;-1082;-6746;14973
818;-14811;11773
2220
-17474;-1135
12258;14542
-6083;-14984;2458
-10420
-11313;17889;11287;7612;-17087;14319
1220;6586;-1323;-8843;18108;-1231
-10426
-3153;944;-10714;12905;11581;2959
-14529
2242
-2562;15301;1791
3697;5779;-17097;13964
13542;-13309;877;-1407;-10144
-3842;8295;14183
-4692;10084;16999;15531;17581
-4918;-8393;2861
-2633;4891
-903;1515;18030
1139;-11591
14554
10458
571;9887
17735;-7276
13956;-9589;-16437;-16502;18429;-16703
-12708;1845;9189;-4150;-9879;9335
-1058;-2218;9645
-12167;-2397
5201;13092;12655
-18405;-11798;-6919;-2425;5689;7004
-9921;1411;-2804;-15541
14566
16918;-2349
4401;-3912;3881;-14844
-2286
14573
10609;3351;5275;3531
-10479
5856;-3860;-1261;-7120
-11523;13942;-16999
4482;6996;-13210;18429;1981
-10844;-3740
15025;-10451;-2388;3223;10729;-1548
10495
-17169;-470;-17435
10498
8338;-4823;-5609;3097;5706;16078
6387;-12519;-14632;15192;-16588;15756
3113;5197;-6000
-6410
-4457;10286;-16336
-4932;-1479
13122;-15862;8871;-5482;-15261
10678;3935
1140;-16426;6875;-6204
2402;-2410;5562;-2924;-16092;7038
8514;10970;17823;5983
-14681;857;-8988
14174;16831
-14433;11040;-2867;4565;8127
-6449;-13140;2247;-10716;-11152
-9318;1048;3833;-7806;14589
354;14931;12051;553;15420
3922;11699;-9174
17618;4999;4153;-1712;16719;13823
7264;-16692;-17605;-16281
10550
-10552
-2360
8996;7686;14616;2474;17740
15346;15689
14176;-11741;4140;-112
14658
-9667;-6427;-13452;-13789
-16370;-13781;-5159;7032;-4953;-18298
11569;5990;-17082;1900
15793;6644;-6714;8219;251;10956
14252;-7774
-13698;-9167
-4227;-5011;-3324;-12221;14204
-15122;-4990;9533
3348;-3848;-10557;-10909;-13197
14683
-2098;-18274;13270;-585;-5049;-1949
-1267;15955
1701;8892
3236;-15079;-327;1499;6268;-10287
7408;11380
10643;-13052
4736;9965
690;16646;8282;10924;6831
-12323;-263;15001
7586;15479;-11466;-991
-2503;-9959;-8220;15532;15759
9572;10165;-9126
3718;4055;1113;749;-7215
-2422
3618;-10137
-10615
-7826;-5155;14054;10600;16521;-1196
11488;-11304;14952;5258;10860;-4256
18048;-14785;-11522;6386;-860;-11981
2678;-14025;-7836;-2012;4332;-10141
15016;-6601;10109;8479
-17703;-10345;-15451;12398
-14370;609;-8827;-10395;8205;18253
-17796;-13306
4578;-17622;4793;11146;-5325
8384;-3033;-17050;-9676;-5631
11042;-17700;-16676;5863;-16302;6767
-18114;-12808;-5947;10474;6971;-15774
-14645;-1211;-11151
6513;4110
-7433;-13898;-5680
5061;-7047;-16872;-4058
-6359;17241;-637;-2751;7230
868;5397;-16896
6535
7079;10858;17275
-7729;17334;-11273;-347;12655
14818;-11558;-811
2288;18391;14542
12803;-16405;-966;-7224;9288;17247
10722;8119
8448;14837;-15446;6906
13074;6717;13694;9934
12920;8776;4618;10410;17547;17821
15808;12178;-9625;-11739;-7356;-18112
-16563;4057;7915;908;-15165
3396;-8712;-7626;6379
-17938;-9704;-12393;17259;-8366
18354;-7445;17077;-713;7551;415
-4419;-15876;15420;-13983
-7665;1092
16150;14695;6840;2717;11230
2369;-16693;8600;3242
-1443;14134;-17675;7468
-11025;-8660;-16072;-18107;-2958;13374
-17557;-2519;-12059;-5519;895;1503
12209;16739;10199;-12078
-2963;1621;-11180;1835
1891;12083;12148;8647;-1481;-2122
12819;13909;-5050;17689
15297;-16390;9749;1851;14765;1807
-14796
-16059;13613;-62
14796
-5361;6533;14838;-6697;1387
-16072;218;16602;-2349;16397
11472;-12104;9881;-16447;-7600
11651;-17751;-15034;6332
17075;-1175;-18071;-7789;-13038
-14811
16803;-2711;4815
3058;-14324;16215;1671
6464;4166;2139;13659;-12301;-11597
-18434;15902
-8081;10514;13895;6460;-12063
10729
18258;16066;-7211
2245;-9494;17978
-14827
5023;-2480
-16407;13862
-2788;-13862;12765;10527
1782;-4329
13345;-4756;-17899;17658;-9216;-13968
-14836
3714;-424;-14032
3666;-10937;-8715;11291;15436
-6648
2740;-7370;2075
6129;-4877;4861;-16863
-8386;-16226;16148;2022;-10393;-2108
-16242;2005;4984;-5595
-13268;6504;13421
-4151;-6607
-10044;-17101
18306;-6216;7191;344;-655;4079
-12758;18198;-12109
-6694;16039;5724;-8400
8114;13960;8489;6812;-14320
12405;10651
10775
-5414;-18377;11338;9838;30
10661;10229;3710;-5632
-7042;4168;-15707;15995
10192;-7154;15795;-4277;16267;-7757
12977;1254;16390;-10792;15528
-6435;-12539
17873;-17122;-18050;-9958;-12199
-5393;14336;10342;6156;-5118;-9535
6689;14513;3781;-16507;-12477;6605
5955;-8102;-17607;8246;-8461;-11310
12032;8986;-18411
-6644;-486;11465;411;-7437;-4014
14051;-1799;-1435;-4893;-3310
-3009;-468;-16469;16437;11642;-14844
-4932;16953;-13403;3214;13071
12048;16560;-4978;-15223;-5791
-14210;1479;-16683;-5692;-8620;-16237
18181;822
-3313;15347;15164
-4594;3604;-2167;2201;11770
-14503;-13192;-10905;-4986
13649;-8277;-8006
16165;11270;-16040;-13738;9081
-8578;-5273;-8652;-4012;-1997;1293
-2647
-10841
12345;-9695
11059;9816;-1840
-2660
-10855
-17092;2139
2664
2667
1638;1291;-4415;-9376
-5797;6104;12554;-7453;13647
-14625;10631;-3466;7930;13324;13453
6995;9909;9850;12782
-5684;-9278
10705;-13380
4519;-1000;940;-7135
-4689;-7010;3083;-13789;-17136
5441;12321;-3604;10293;6072;17210
-18216;-846
-13430;18230;-295;-11000;5432;-5711
-6776
-4251;-14813
9523;-2214;-18187
256;-15230
8985;-6043;-9726
2785;10033;10467;16971;-1183;-3615
-6644;12085;18262;15852
4795;10187
11906;-1001;-379;2251;14494
-6417;14978;2326
5699;-2424;3518
17105;-3064;-11342
2978;-2630;-10406;-4935
14992
-17361;-4933;-10054;-3129
-2679;-14892;5883;2508;-6461;18351
8192;7873;-2756;-17163;10155;4604
-10906
2714
11569;16867;-808;14856;5288
-9537;-11161;9789
5632;-4589;9870
6821
1032;14089;-107
1937;11393;-14770;-13267;-1993;-10606
-10215;17242;-3052;-1246
15027;9171;-909;13341;-5215
4914;5258;763
-18001;4242;693;4617;-6590
-9458;13700;-10006;-5182
-17921;6974
-225;6641;-17363
10001;-14357;12293;744;6363
9569;12035;-10653
-2774
-10387;7610
-14849;-8408
15065
961;10009
6054;-3273
9497;-2619
2782
6241;8836
-4872;7661
-15829;14820;-9910;-63
-5094;16077
13429;-16743;6108
-9985;11776;-15528;-8216;-13612
3662;17551;-10224
-7287;-3705
-14291;11491
-2199;-12475;1210;-18011
9856;11985;13732
15457;-16323;13908;-18155;-1213;17325
15095
-16225;-11556;7772;17198
-6909
-2786;9285;10933;18376;13610;-9742
-14609;10642;-9064;-5896;18314;7533
-11021
6397;-3567
15118
-4750;15775
-12135;15497;-8843;15054;5550
-15127
-3032;188
449;-9700;12356;-17767;16969;-17440
9347;6260;4341;2166;13502
-11474;-9602;7074;-17520
9200;14626;-8276;-8601
6952
3088;14755;13686
-14380;-17164;15580;13630;-4624
-1958;-5006
12245;16823;139;4781;18031
14177;15128;14523
1281;10595;-9544;4635
-1858;14370;-12980;-6581;-5337;-6875
-16913;-6738;-13787;-13149;7262;11775
12752;-17334;13610;16124;-14078
-278;-15334;12422;10171
9763;-4012;-12736
-3137;11958;4535;-16440;-3293;3485
-11092
-9617;6773;773;-15815;6792
17283;5347;-10806;-11579;-9675;6527
-12166;7847;7225
-3362;853;-16784
-17845;8165;10678;-9210;10745;4474
-7008
12849;-7060;-16896
13201;2417;-10932;1588;-17384
-1107;-17251;-4237;7389
-4979;-7495;14536;-17273
-11768;17688;13387
337;2614;-3641;7710
-4595;778;17885;15326;14494
-1594;-17386;-16718
15219
15222
-4209;2754;2146;-18341;-17642;-414
-11122;12501;-18045;9631
2067;12099;-11226
15229
-7043
9190;10920;-3947;-18284;17356
13586;-9003;-17069;1343
5652;-2696
1440;-17750;17881;3387;-7774;9870
2752;-17048;11337
-2961
11289;13515;2734
6224;-9620;15995;1803;-3247
7062
15257
7239;16539;16909;15533
17618;-2357
13562;-3163;-7424
3065;4013
2987
13604;-17671;-3021
15280
-18402;14977;-15954
16082;14962;-13445;-12709;-11981
-994;-3283;2152;-4922;-10875;6733
17316;2244;-1033;4953
-11009;-16438;16344;-12381
-2295;170;17419
-6101;5237;14341;4207;17247;-15536
9433;-15805;13452;16414
-9074;2596;-14406;17864
-15308
-13878;10856
-4916;-8740;-15174;8968;12681;14298
17088;-9970
-10675;-10935;10348;2047;16335
16149;2438;-1690;-9772
-2835;-17764;233;-11339
11225
-13316;-12373;-18313
11236
512;5576;958;8287
-17620;6563;-10950;1639;-269;-11087
-15970;373;12650;-17515;-8861;1695
-9701;-12122;-13999
15344
11122;16510
-12917;1652
7168
-3075
4657;11395;-9942;1064
14984;4479
13104;2306;16342
2077;17391
10129;802;315;-8158
593;509;-15102;10911
-1687;4778
-7553;8977;5766
15384
-6370;-390;6791;-7560;-16048
-4580;7676
-12885;-11242;-11741
12561;13045;8955;1724;3679
11294
-15392
16608;-211;7268;-15483;13066;-1757
-5377;11312;7830;-8330;14057
-3116
-18353;-1973;825
3538;14936;968;14811;-14751
-7223
-10242;-12482;-4277;-767;4158
-4723;-821;4630;-11689;1278
5468;-2718;-14079
2880;11251;-17861;-6343;-1260
-9906;13054
-11729;2944;-9100;17981;-11439
498;-2151;-5595
-7153;-12277;15125;6518;5213;3919
14385;13346
3155
-2131;-872;-15033;-12825;-2973;-10287
18372;2938;14619
2802;3714;-17636;17300;9272
12135;-9193;8415
-3635;-15573;-1272;3852;5262
7442;-3427;-15385
7273
2048;-5347;130;115;-15500;7182
11372
-17189;1720
4097;15186;10499;4693;-16890;10173
17152;-13969
-12908;16092
-11867;-3612
12963;8822;-6457;234;8108
7288
-5265;11716;14248;7070
-582;-12266;-2635
1424;15233;7018
1409;8389;-2986;-10010
-10906;9805;14253;6430
4807;-12152;-16344
-8577;-14708;7347;-16005;88;-12316
-12241;12616;16058;12429;7119
10817;-6771;13523;8236;-14399
-2898;15443;3267;-3302;11193
5635;-1670;-11287
-11420
-18298;-17340;-365
16116;11433;-16122
-17509;1497;922;11850
5600;7428;-5691
-15534
-7411;14755
-14904;2875;15277
-7345
5811;17418;13866;18428;974
-3250
-14709;13705;11898;2411;-11436;-13311
-3251
-1414;309;-1063;-776;-344;-12252
-3348;13812;1686;-15403
15544
3625;6697;-15997;-2558;1487;-16992
17408;4130;3485;3805;3102
-4674;4405;3529
-16097;16033;-4850;-15220;-11803
13636;17959;-11945
-690;-2581
-246;13879;1625;-11983
5527;970;-4605;12893;783
8257;5399;4471;-4252;17166;-7280
14929;-17590;-4554;-13962;362;17532
8560;2084;5686;7433
-10498;-6196;-6644;2711;4077;-3119
4553;15117
-16619;-3056
-11485
6081;3649;-2340
-15173;-411
7392
7393
-13078;-13766;7158
15093;12597;5318;9082;13565;17279
-10051;-5300;-10215;4214;17787;-3837
12725;-6440;14360;3145
12066;-10916;1845;16700
-3316
-1926;5295;16335
-17890;564;1895;8535;10218
-16897;-9634;5460;1359
6423;5100
11524
3332
-9124;-2404
-7701;5462;-5194
15625
8033;7596
7952;-4403;-15875;5428;-12828
4452;14231;13336
9441;-3508;1511
-11443;10787;12757;-14279;4794;-10061
-14593;-14245;-14091;2716
644;6869;-1064;5095
-6756;3081;-10426;13321;4298;3932
3356
-3360
15011;13751;-16025;-9374
-3367
-7060;-16854;5975;1466;-5821;14829
2243;4393;7998;-7168
3955;17235;10871;2168;-7052;-11518
-10900;-4762
-18105;2441
9222;-1751
4896;8788;-10934;12824;7177;-2992
7473
-7539;-8127
1744;9298;-13207;-3962;2957;-12496
-3379
-5490;16836;15384;15720;-2207
3380
-1505;-7602;9667;6916
-6678;18252
-10163;-650;-4858
9672;5999
-7482
-15634;-5074;-344;-15166;16446
7213;12558
12256;-6259;3731;16521;-14668
18020;-7013;-14398
-13397;-5869;-7502;-9392
-11589
-7496
10530;14995;-5740
6820;2888;-6302
4978;2525
-5317;-18103;15915
-8520;11929
8787;-16919;-1068;10588;-8895
-2354;18181;-15340;11116
-6529;-16725;17796;12965
-9243;-6461
-7170;-4440
-3418
5587;17304;13294
4786;12105;-13469
-6343;8838;16942;-11919
13989;1356;13438;3311
-13585;11444;-12392;-12203;-13552
3952;-1799;1274
9315;6533;17733;-268;-2926;-10576
-15716
6657;11906;-15132
-15941;-9353;-15005
7922;17435;-15020;13580
10084;13493;16729
-7809;8997;-4632
7540
-2610;14212;-10920;12617;2443
3237;10474;-17168
12516;-15978
17592;2255
18371;10265;-7212;6620
16854;-7577;-1709
-17105;-6759;-12378
-12802;6851;-2933;-18294;3221
-13346;9864
-14962;-13349;-8934;-15402
-13796;-5047;5734;5517
7595
-3809;-9734;4249;14763;-9006;31
5554;293;1718;4038;16479
15798
-9620;11620;6328;3375
-8529;-9414;17606;-7272
-16420;406;-7979
16593;3025;-16388;-6744
6550;13351
1335;2521;-1275;-173;10636;2767
1093;-2235;14269;6782
13284;-16812
15974;-12909;8655
-13844;6216
4183;7111;-11849;17305;11359
3553;13762;-3000;15465;17883;9118
11726
3665;-965;-149;5510;-4526
-1922;16019;13256;17529;15998
-483;-17396;-6265;-3883;10251;10141
-8497;3671;2281;11933;-17024
-11732
3541
11735
2323;-10696;-11721;-3962;16415
-17350;7782;1594;18397;17774;12222
-1473;195;-9609;11405;3038
4825;6927
9889;-6451;-2931;37;7113
7443;6981;17797;-3280;15583
-11760
10500;6619;-13549
1520;-18002;-466;-11623;-1880;2302
-7541;-14902;2855;15387;13884;-2015
8576;-2569;15929;-17867;-10077;17772
11636;-16646;-11786;-1674;-5583
1296;16921;8025;-6286
-15077;7979;-7838;-9119
11105;4763
7677
-3589
9083;17787;-15182;93
1907;-17654;13333;-16076;-13774
-8621;-7261
-8932;8725;-3388
-2646;-7048;11692;13884
10498;12343;-714;-14432
6;1287;14617
-9585;14084;-8122
-18293;10572
13158;-9533
15905;12596;14491;1596
-3632
6147;5678
-1395;6499;-13129;-7898
8841;3581;3566;-64
-14723;-9400
-4210;-7627
-11159;2936;-3614
-2595;-965;-1351;-13384;1704;12942
-3650
2858;13420;7853
12757;-13817;17000
3653
17616;-9478;-10198;-14041;-96;8447
-10250;-17984
5494;4614;-13771
-6514;2963;16244;16519;-13259
15953
14754;17827;-14231;13994
-14874;11198
11474;-6324;-17334;-15575;-891;8589
7489;11827;1299;10757;-15406
-7779
2466;-6947;-468;12949;-12823;16699
-7579;-4300
-3461;-8678;6342;2152;-6185;2047
-14281;10298;-17948;-6333
-13362;11746;-15784;-10864
15401;-8427;-781;-1613;-8272
1633;13349;-13176;10078
-14130;17315;6025;-17004
-3698
-5400;-9900;-17070
-4659;15363;9956;-10053;18023;7838
-4571;-3227
6609;10488;72;-9434;12351
11041;-14595;9364;-2106
16496;12673;-506;-4479
-6436;-375;-15018;5834
-17368;3962;4780;12333
433;-14948;-13771
-16929;5314;-1909;-14970;12495
-5250;16183;5070
-16006
-2936;-13070
-15681;14169;5229
8673;-18387;-10389
-14213;8362;3787;-6828;-12509;9487
12400;676;16501;-5210;4793;-4955
87;-12762;-17947;-15309;8365;9263
16388;-4774;935;-10;-16270
7828
3732
2482;1043;11891;-6744;1945;17695
12392;-8655
6064;-1524;3415;8079
-16036
-17889;-7765;-9702;-15160;6424;-17003
12165;4570;3403
4690;15451
7855
2883;2664;-13405
7840;-7171;11285
1824;-2181;-2533;18343;16586;4492
-13956;-15079;-3403
-7863
-4372;-1094;-13720;-330;-12924
-12202;8426
-17402;10525;13773;-17055;2287
-2051;886;-10234;811;14364
16881;-8216;-12573;-12159
-3793;-7498;-1820;11484;-2159
12384;-6693;-17670
787;12341;9063;6174
-3795
-16678;-11767;4599;-5851;5420
5488;-5268;1593;-17899
10736;-11505;-2261;10925
7896
7809;-15588;-8312
15029;-18202;-11292;11758;-1104
-7909
-3813
-17633;-7285;6293;12278;-3176;5710
3440;-4596;3468;17887
-13206;17022
13778;17734;-7211
4032;-14082;-1965
13506;-16499;5928;17272
-1426;-15766;9910;-2044;1404
-3833
14433;-10600
9920;16627;-16105;-4861;6445
12290;7590;12696;3976;8493;-240
-3460;11911;3913;7819;16431
-7670;3823
1713;-13528;3865
15121;5505;-389
-805;-15446;870;16778;6716;8030
9186;-14231;-2168;11068
3506;12638
-17154;721;18170;-2604;1947;-13133
-12774;-7472
-5158;13801;-4781
11297;-14884;11288;12218;-6331;-17453
9264;10165;3735;-5343;-13951
-4385;8256
5234;7476;-11114;2281
2707;-7627;8797
-7137;6096;870;3529;16907
7216;-9431;10201
3063;-10924;-4222
16180
-3893
7988
-16182
11177;-3184
11072;1021
-11076;12677;-7869;18367
3818;-7727
12102
-963;2308;10406;-5911;17623;-3168
-8012
16656;-2659;-14741;13463;-4460;12043
-14239;18158
-8017
8018
12118
2343;6008;3771
-9156;-2971
-13573;-5318;8021;10245;-4155;844
13192;10842;382
2321;15239;-4394;-1035
6197;-3719;8939;-5118;1743
-1889;16947;-516;-13353;-9232
11617;4562;-12969;-14860;-12784
-2881;-18121;-10714;923;15595;7148
131;17173;-1495;-3031;18231;-10671
2740;-6057;-2526;-6304
-10676;17114;17998
-11978;14329;9802
11842;-10613;-8488;-17131;8091;-12239
3363;-15517
-8020;2660;1573;-9148;779
8071
14688;-804;13513;-7038
8464;3707
-11838;-4766;-18112;10255
-16155;3982
401;-611;-7871
-12181
14272;7027;3763;9230;-9823
356;6025;6139;-16512
-3994
20;-502;16764
-7466;6699;8859
-16285
-8882;12196;15829;11254;-6138;4317
-16290
12805;12453;2742;-6999;4985;-9695
4400;11962;16317
-10643;11348;17590;-9209;3116
13105;-4996
-8289;-520;9352;-1182;-17390;1727
-4977;-16680;-14859;12766;7439
8119
-2788;15004
-17265;-7240
9452;2765
9511;-9609;1033;1226;1707;12446
14497;10010
-15715;-17779;-4101;158;-11648
-14276;15299;-9030;-2667;-10380;8829
12226
-9303;-1064;7306;15291
-10817;-3330;13777;16698
-8217;348;-272
13057;-2984;12856;17177;-17501;18303
1141;-5191
6488;5755
-12245
9780;-13833
-13365;5176;-8154
5654;-13662;16159
15060;12676;9910;-7239;-8106;14526
16592;7948
-9495;823;-6541;-1136
-11425;528;15414;-16683;-16476
13011;-15797;15847;-7933;-7872;-13616
12387;16264
8689;260;-776
-2422;15803;-9295
12278
451;-5772;-2863
17241;-12827;16106;3946;8299
