-6388;-2677;17412;-12445
-15585;17564;6221
-7111;-5865;5384;-1594;-3116
12304
-4121
8218
-481;5683;14821;-11801
8222
4976;12295;-17305
3168;-5249;-13587;-14154;9308
-1571;-2559
3520;-12646;14135;2761;11755;17375
12324
-14641;6411
-17745;-15067
16548;-121
6691;18294;-7626;15452
8237
-14212;680;16698;-9566;-1838
994;-14534;-8455;17526;-8236;-11917
-7489;15726
1686;11016;-16846
-5185;6097;-16199;-16316;-1216
-57
9526;2824
17349;-16630;14823;-13948;-11773;-10365
-17491;-17877;10791;-64
-1749;3780;-10743;455
8256
-8258
12544;10423;17754;-16075
9074;3797;15789;-8110
17894;-9631
-16457
17041;9044;-9847;-4936;1064
14304;-6030
10384;-14379;12269
14658;-9626;1885;1357
3827;14755;-24;-297;-8235;-14207
5511;-9694
184;-14859;10491
9555;-15784;-13052;17484;10653;15807
8280
-8281
14659;9172;-11454
-14369;-15042;17027
6113;1910;8137;-5867;-17147;-17819
-2853;-16773;-7096;-8413;10460
15088;17781
-8932;-3637;7975;-184;-3081;7753
1889;6408
-16491
-15713;7777;4610;11673;-12554
16848;-15682;-6854;1481
16499
-10167;12775;16281;6861;11230
-9233;-3188;10
8900;-18134;-983;10091
-12415
-12947;-7661
-15409;-9621;1960;5070;13775
11649;7002;1962
659;18355;-11703;1015
10650;14060
2000;2359;-16782
-8328
-12433
14032;-1894;-4326;11654;15883;1660
-12434
-8699;8845
8633;78;11086;9023
-15490;7897;-7709;-17616
-4755;5796;8937;-2602;-3130
5595;4125;-18063
-1377;1528
-5206;16760;-3209
-12443
14005;2535
14000;-10727;-7690;-3290;-651
8360
11505;2581;-18028;8206
640;12112;225;8085;-6314;5901
1318;-1449;16686
114;12345
8328;-14204;-2639;-8048
8371
11826;2438;-7532;-6544
1104;-915
-12482
10400;-10387;16674;-12389
-17877;1188;4296;8653;12238;-16896
2551;-9692;-5360
11536;-3131
2881;5345;-12539
1856;16230;11290;12252;16829;-4992
-785;16422;-3131
15744;3394;-6291;3676;8271
-12066;17043;16246;-10285;-2526
10577;10626;-17784;-3993;4892
7522;6386;15085;-18335;11870;6367
16611
-3537;15169;-6324;-10773;-17496;10444
-14210;4371;18421;2071;18249
3075;14741;-13337;-8811
13396;-8201;-4014;-5520
-8388;9987;-18229
-18434;-5219;4069;11143
8443
16636
12540
-12827;17181
2754;13170;-16185
5269;7279
4992;-7028;-11351;-3258
-14309;8989;17870
-9609;-1069;6317
4710;-13168
3019;13631
-13606;10296;-12284;12829;-1600
868;-12263;790;-3338;8379;5295
51;-8512
3826;1636;1813;-7547
1104;-1376
337;249;-17246
4372;-7768;5608;4857;10171;15806
8611;-8330
-7219;-13544;8456;18283;6606
12005;-13388;18044;-16960
9798;-1017;4136;-331
8492
10754;5930
17664;-13761;4086;18139;4590;-14032
-7380;6388;1295
17430;3336;-16366
-4276;6312;2365
-16341;-9350;17193
6119;6475
-12598
2016;7858;-12182;4056;-9772;16526
17121;-6259;-15703;-2444;15788
7568;-2598;-17545;7897;269
11393;1683;13092;7845;-217;-8908
14551;10328;-57;5963;7884;14894
9541;-10519;8302;9375
15859;-12087;-4091
12065;-14348;9484;5117;-12639
5922;8838;-7543;-5789;11182
15585;-11159;-17037
4001;18162;-1360
281;-607
-6196;16221;14879
13152;13217;-15682;7015;-13949;-3424
-12675;10723;14790;-10889;2479
12625
16854;10343;-2283
-9700;-13226;8987;9502
12517;2414;-14591
-12372;12025
-9493;17672;16746
-1204;-4052;-7388
16739
-12890;10860;-5102;15679
5408;-14811;-17709;-6062;-12239
12646
-4137;-4414
12148;-11789
-8555
11456;13483
-16433;-16699
-17038;17405
11954;17602;-2186;-10618
-9926;2073;12318
-12659
11713;-12484;8986;12635
9890;1958;6137;2009;4939;16399
-1539;9892;-8727
4470
-10758;-16375;14461
386
2256;3201;-8726;15944
15536;11858;16131;7401;-8810;-8958
-8997;85;3350;12614;13676;12430
-392
-15441;16786;10884;-3646
6448;-7877;-15704;-12846;-3182
11920;15171;-5815;7287;5897;15087
13441;-5892;4838;-18136;3431;-2174
17187;-549;13365;16310;11270;8351
9282;9234;-4229;4212;-15705;-11390
-4481;-11895;-8606
7697;13192
-8604
-16898;-5365;17861;-1581;1197;17486
-8036;-4893;-7534;-12031;-12976
-1252;13956
6528;-15106;10804;9543;11591;-2462
12386;-7869
10352;8596;-14325;13673;-9914;16619
10337;-13941;5845;-14957
15809;6968;-17866;-14909;4300;14318
2469;6153
7032;-10426;-13422
-662;-16157
13459;10868;-3589;-485;8854
3937;12883
12728
-10430;-2302
-8636
-744;-7898
-10785;3153;4440;3642
-3928;-1385;-699;-1612;-13309
11923;9014
-11298;-14579;-13339;5178;14909;14574
14690;10345
6320;14630;-12553;4351
10833;-9250;-299;10396;5165
8653
-2311;-6347
-3729;406;-5336
11491;-13142;-299;1482
-1059;5622
-6920;11487
-7633;-12308;-14166;-9977;2650
16400;3521;14668;3982;15151
14565;8423;-7371;-16092
-16246;-8810
-8146;-9621;14523;3422;8494
190;-12959
480
-6307;-14655
2562;-10613;12628
17043;-17531
4583
12469;-3789
-274;-16602
-6485;-2953;-8285;3663;13567
-4591
3554;17420
12785
-498
-16882
499
-5687;10284
2753;4904;-12256
-17445;4660;-8
8698
-2017;8413;-1792
-17045;15492;-15589;4344
-10307;-6591
16370;-1700;-5830;-11976;2622
15568;-16086
-9930;-11068
-12809
-1460;938
-15654;11035
144;-3841;10199;10407
4621
-15169;2355
531
-16934;-14043;14060
-1203;13260;13055
18294;-17756
-12827
-1606;6405;-3483;-8462;3246;-736
18117;15191
-1633;-9479;-6859;-9564;-9871
5268;10151;-16124;-16223
-16931
-6897;15223;-6088;13418;17661
1344;-793
485;16469;-2584;2572
9298;10823;-12653;-8030
-12851
-5237;572
-11858;15923;-4635
-16957
-13194;-10379;-5680
12869
13730;-2020;2215;-12301;-14494
-17205;1302;-8344;-2952;14328
2907;10445;-18031
17377;14102;-2224
-14721;-14354;-8372;8164;27
-13700;-3288;-8175
8387;5988;-361;13658;-2508
-8783
-14101;-9893;7771;15629
-8373;12054;-9640;14747
600
5555;-10775;-6328;-13630
-7353;12253;-14783;5183
11398;9047;-14592;1935;1007
18192;16017;-9029
-5105;-9092;-16692;15908;2085
3059;9687;10024;-9996;8316
-2626;10246;4359;7435;15980;-6111
-4708
-7621;-13471
-580;-5127;-15386
-9013;-6357;13109;2157;-4606
-436;3021;10319
593;-1211
17240;-9241;-12569;957;-13391
-12909
-15461;-5640
4722
-150;-1802;1322
7906;14227;-7461;5514;5019
-12921
9203;16515;-16391;7693
14849;-7351;-199;-17880;-5241;2894
16640;5057;-7221;10120;17004
-11137;-3400;-7659;-3023
4740
713;-5455
-647
10049;-16134;-7272;-9641;14158
-9122;18069;8086
2978;-12373;-11672;4030
11888;4670;10910;-10432
8342;5383;-8973
-5466;-4636;-6941
-6739;7412
11356;4140;3679;10175
9136;7927;16199;216;-13177;9051
-17069
4803;-5397;-16057;-2153;10426;9068
-2261;2954
-8887
8208;13747;14072;3274;-5839
4790
-12374;1946;-17805;-10589;5005;-11934
-10322;14434;-3417
8161;2946;-17063;5576;-4445;-16352
4337;-13229
16945;3874;-17043;-9430;-11431
-17087
-5928;10727
-11842;7601;1427;16457;8876;6861
17092
-3363;836;14805;-14872;7406
2209;6181;12807
-15517;11342;-12928
17107
-8916
7777;1141
4822
15905;-3831;90;4909;16429
16040;9272
-17130
258;-13293
-3011;16045
-769;15969;14913;12036;8974;6974
-17781;-3461
-8956
-11153;-6732;-7438;16366
4861
6918;4090;-10140;14429;-6336
-8001;10629;-17144;-10831
-615;-12782;12623
-13409;-13713;-14916;-14196;-1885
16786;-17562
14464;533;-15774
15815;-2749
-5713;-11451
1490;15861;5878;12727;7399;-13903
3905;12514;-17811;-7428;-6252;1999
-5234;15922;-17161;-14666;-12416
-8980
13078
7091;6483;-16584;3800
1862;-11528;-2698;-17102
8752;-10629;-17158;10216;8024
8992;4094
-17524;341
1826;-14365;17438
-14947;14277;15704;17049;-14896
16291;14201;-7035;10219;3900;12383
-7825;-17561
-17194
14404;-13592
17857;3436
-1921;13984;-2625;-16535;12006
-17415;-6856;-1120
-8381;1917;-14832
10273;-88;14139;13357
9216;-13651;-9403;8746;-14174;10255
2786;16866;5859;8356;5319;-17887
-12359;-5768;5592;-7693;7117
6803;-18152;11916;-9582
9015
9520;11586;-6628;9476;-14967;16412
1125;-300
-4492;-432
9022
8;-17225
7167;6015;-14016
14963;-11893;-2757;-18071;12827
10529;-15461
14176;2737;14552;10332
5570;-5525;-17241;-12320
13408;1651;3700;10982;6935;5128
13134
-4914;-29
-12934;8760;-10971;17450;3373;-4831
10736;-1692
10912;-17382;-2295;-445;-3680;17839
-12518;-4390;-12619
-5153;14199
854
-13144
-2915;4603;-2544
-10323;16309;15350
-7905;7712;-4740;7652;14523
17245
16067;11223;-15193;5736;-4683
10562;15684;7877;-8652;14637;-10574
-9316;-1573;3109;-14425;17240
9025;10674;-10638
16816;-17688
7664;-15765;3476;17787
-98;167;17192
9842;6731;-11600
4974
13171
1184;-14438;14139
886
2411;14861
8118;-9008
893
-4990
-17279
-11965;11070
13025;16542
2870;-10041;-14207
9089
4995
-9105;6580;-5496;13018
-4998
-3809;-11880;-2184;8778
-14529;13065;10558
-13194
-9101
1313;15979
9729;-3490;11367;-313
-17381;3001;1707;-8719
7329;-8086;8342;-11405;13069;3950
-11700;-8362;9193;-11131;5981;11007
-8065;-9826;7959;15033;13291;11199
3760;14738;11094
-14385;-13348;7466;-9327
-13211
-5020
17248;218;-12446
1621;-697
17472;8661;-4716
3553;-754;18389;3768;559
-15985;-403;3124;15976;-7547;-203
-18210;4979
-17464;10233;2189
-951
11347;4806;10844;-9663
10966;-9207;-10905
4881;-969;16442;187;13181
1601;13097;-9357;7902
17340
-17363;-7240;-5277;15484;1150
-2978;1510;-7688
1497;-17867;7212
-101;17451
-10963;6659;-12103;11801;13770
-14597;8036;-10550;18250;3931
-9393;-3366;-12553;174;3679
-5820;14990
-2579;10324;1413;-10023;4874;13354
-5077
-15650;-5012;18083;11816;-63
5082
-5297;4309
12704;-7620
10976;-5891
9184
15395;13942;16713
-7079;-12985;10874
16359;15497;7371;-13710;-12222
-8785;7929;-4843;5422;-736
-1873;-3714;7179;15804
-9208
-18344;11432;8088;-4460;16587
-1019
5317;8503;-16760;1368;11032;7945
1426;-6544
13309
9214
13922;-9543;-990;-12607
9220
-1033
-4002;70;5258;-3324;-3136
-5329;-13319;17609
-18339;822;-9066;-7227
-3975;18266;-8893;-17069;12716
14834;-5593
2951;-15160;2169;797
2338;-3389
7953;-3299;-876;3659;11628;-18014
-14874;13822
-15674;6428
-9250
-5154
-9881;18378;-7436
-16679;11150;-3727
113;8214;-16589;6046;3279
10460;15180
8930;1591;2831
-7938;4405;16775;1607;4649;-18431
1298;-8163;2871;-12297;-2284;-15261
17504;-1734;12440;5626
-9348;-13878;18152;9064;16764;17180
-15875;-17797;-8367
1376;7107;11526;-5449;-1194
1079
-2052;3988;8985;6543
16801;5538;15605
12656;-15123;8662;-5114
3041;-16834;17176;-15773;13471
-1554;181;-11997
-9277
-18149;-2199;-15528;-14361
5181
6404;14149;9205
-626;13818;8380
7924;12532;-12698;297;6732;-1407
-8615;-13785;11161;-2143
12612;-18236;6717
2432;15057;-12100;11093;9368;8014
-9290
-15842;6423;17623;-12137;6683;-7951
-7337;12543
4658;-9870
4117;-3001
-9780;-5381;5624;5850;-5627
-8597;-18374;2057;-8976
-16929;15802
-6785;2224;-4760
-11410;-14854;-8519;886
10851;2575
-15331;1074;1334;17990;3400;13151
-485;5721
-15768;-14045
9336
8305;-10786;16931;-4023;-1088
15187;-15610;-7996;-13214
5169;16609;14871;-3225;-17533;5741
-9347
-10604;-3260;4509
-10963;18419;1766;9513;5177;-6364
-10981;-11767;17852;-4462
7206;14807;15447;17116;16223
6576;-17571;5731
1168
-10180;-9684;-2778;3821;-799;-18416
-12501;-959
3524;12151;-2216
13756;3806
-17563
11377;4579;17990
7889;12675;6532;15368;7868
-7449;-14217
3042;16563;1077;9178
8277;12038;-10935
-17574
-12338;12934;4455;2158;14463
14598;-9310
-5290
3105;17365;-2078;-9007
-5441;-11538;17846;893;-7055
5294
9;2363;2925
-5298
-13490
1856;6743;6168;-11402;17820;-3598
9752;-15052
-16194;12260;10293;-17517;-10527
-4129;5238;9384;3001
5296;11024;577;8579;-16076
-13878;2454;-6173
17602
7547;-8766
10369;-14916;14853;-15239;14345
13846;-11095;663;10095
-3345;10164;3768;15214
-13516
12560;9011;8852;15861
-13517
-13111;-9769;-10125;15391
-9422
8180;5304;-346;381
5327
6737;6820;15909;-10026;-1824
17617
8432;17382
5335
1074;17690;11151
-15761;-1868
-2135;4983;12760;13754;12843
8785;17037
9315;8646;-14585;-8457;14527
9447
-11665;8498;-8727;-2281;-3466
-17074;13657;-1936
16667;2862;10399
-13546
-5356
-5713;-10156;9996;7133
-13550
-9456
13554
-2562;9676;8749;-17135
16496;6480;9452;13900
-11059;2901;-1312
9808;-9895;-17577
-18102;4534
1285
-14130;-2328;-1722;18028;14798;-13360
5136;-6449;4096;11042;-14765;6332
16609;9828;7628
-7986;12050;-8612;-13140
10676;-9372
-13594
-9060;7668;12950;4374;-5933;7693
-15857;2258
14192;2914;12878
-13603
13609
3634;-17244
2342;11754;8637;7263
6608;-11604;7639;7209;14602;5547
-6385;12148;-15286
9524
6769;6852
-10452;13268;-6551;-1696
3506;-14004;9770;-4160;14415
16601;1118
7795;6282;7932;-12478
7345;-16880
-17728
-15762;-15683;-2851;16566
1348
-3141;12683
-15382;9319;-11673
-10921;16424;12235
-16003;-7180;12076;15069;-2607
-9247;-6447;-10239
-15781;-18344
-10164;11525
17282;-11823
17808;1442;5602;676;5684;-17559
-5427;-6054;11399;-15482;-10379
535;-12430;13262
9563
10115;11739
17758
11394;-6117;-6654
-899;2276
-14241;1153;2938;-7038;-8767
-1266;6741
14378;17019;4155;-5501
13826;-12040;-16459;12570;15771
-18275;11561;-6508;6556;-2912
-17347;-9028;15800;-15946;4890;-12524
-12251;-5388;-8336
12193;-1474;7477;-4106;5517;-18207
-17788
-12963;-1092;-3734
5501
17794
-8482;18086
-14899;-12580;-15205;-1399;13996
-436;10614;-487;-15481;13900;5598
-13921;-2370;3464;7064;-4159;11343
-5809;17400;-5051;-14286;-10063
4960;-17405;17965
8035;10968;-7818;2383;-12144
1666;5482;-8575
16770;7305;10604;-8672
-385;-14396;-3037
-5089;14838;1305;16525;2526
-7297;-9892;-12459;-16844
-9907;-14909;-8606;-13072
16928;-4708;-11990;13125;-7822
-11990;8008;8920;-8138;-12269;16908
11986;-10544
-10929;10353;16036;-1728
-12443;-9484
14528;7417;8175
-12739;-628;3723
3780;-983;2374;6842;5822
5202;-5939;-13711;-15680
3088;642;-5187
-17844
-16738;7691;-13135;-3856
-514;5131;9133
7808;12610;4408;17599
-6195;-4596;1132
8464;-1528;-4136;-14541;-14304
-3441;-17058;-2549;11110;-16461;-1743
-9673
13774
9678
-9680
4944;5857;2170;-11484
-1668;16613;8013;-991
9680
-13446;11897;3566;-528
-12516;4597;-9399;-12650;16189
1493
-17955;16459
18214;-12618
-3836;13532
-1992;8587;7199
-15911;15880;-46;5679
4232;1371
-8564;12360;-8512;14415
8032;11410;-12790;8646;-13790
-9705
-11122;-10125;-4845
14560;-10934;12838;15190;-13754
10211;-5717;-6011
16950;-4281;-14718;11757
4208;-948;-12665;10927
13820
-5337;15080
9743
-279;1832
12113;-2420;-15344
-5099;15069;-4320
-17940
-16051;3045;2204;9245
-9754
13849
6116;-4763;-11372;11581
16918;13014;-15769;1673;-1983
1568
818;17135
9234;13561;18267;11244;-1584
-3365;-4537;10088;13149;-9663
-9770
9772
-11425;-7924;-2712
-17966
-3905;-1778
2;1223;11336;-10972
-1426;11212
17979
1596
4432;1651;-14724;6691;-10783;14335
17986
-4930;10629
7552;11860;-17805
5440;11939;-10378;2460;-1710;-6143
-1609
-3473;-4001;-582;-18135
-4965;-17131
6467;5587;-2378;-11292
-15189;-359;12365;1566
-14371;15210;17164
-13642;15263
-6282;12012
11392;-7313;5940;-8751;16751
-16789;11690;-4909;11644
-1746;-16276
10433;-5978;-18382
-2658;-15014;-10312;-9387;-3292;-18320
-5826;-4133;-17656;-11609;4813
1648
-1060;-16973
-12070;13721
-1652
2465;17603;-4901;11066
-11842;355;-6556
7296;-5361;2838;7144;9385;-15548
-16949;-16453;9880;-7901;-3008
9813;-1672;15384;-4013;5884;4940
-1666
-7927;17789
12145;6593;16274;18167;18124
9521;-10438;18280;-1161;-17296;2767
-1941;6824;-6557
-7285;13055
9136;-1860;-12902;-8422;-16300
8290;10788;-1017
-1955;-538;13562;-12749
-1686;15624;16414
-12941;3068
16161;13011;-5748;-16440;9867;9406
-1691
-18076
14241;8642;-13323;-15115;-4332
-9990;8295
15767;11693;-17568
5587;-6532;-6951;13574;-9561;-14204
-15881;-4667;6188;-1373;14029
432;14321;-14966;6701;2446;-3135
2813;4077;-1088
2528;11763;-15482;16122;5626;13917
9668;-14588;6987;3740
1153;-4372;3398;10055;9738;10412
-5876;11685
16698;1610;3887
11825;5618;5586;15815;12650;-17008
-14008
10321;-3673;-1049;13852;15037
-14009
14138;16987;-2621;-3629;17807
-4449;6677;7686
979;-15764;-18006;10585
1725
-3170;8262;-7273;-11837
-10433;-4085;2087;-13337;5898;18139
-4612;13510;10055;8716;15022
-10305;12038
-16851;7620;-12535;-17207;1082;11580
-1736
18119
1736
370;9171;15077;-14684
-15092;-11093;16197;-16332
-5840
8976;13137;-957;17452
14032
1573;5255;-15369;16058;-11419;5647
4931;17381;-9065;-8411;-6589
-8516;18350;-8080
4328;-2572
-6546;17557;-15158;2648;11658;16174
-5843;4084
-8307;-10550;-2795;5643;-15854;-6767
5969;6355;-8554;2092
15936;32;12763;13996
8160;-17238;8585;-17662
18154
-14324;-14404;-5077;16999;791;-10336
1775
-10049;6720;1491;8819;11093;12376
15557;12662;3336;-9389;8286
-18174
-8164;1574;1453;3343
-5123;12882;7508;7017
-13173;6616;-1034;-1147;-9452
-5891;-12300
-9818;-9259;-11405
560;-14662
10080;15331;-9610;13899;-4893;1583
7840;-8005;6361;-285
11570;9960;16201;-14651;-784
-18201
-11634;9441;-7347;15223;-3865
2580;-15446;-9439
-1332;-12782
16544;-1875;-203;-16268;11819
5617;10935;-18380
1221;-3050
9024;2532;10775;12268
1831
5536;258;8325
6083;4070;-13959;-14411
3156;-10012;-9005;15356;2253;-7678
1833
5330;602
-1234;-8796
11456;-12194;-2083;-10228;15078;-12063
10833;-14067;2583;-10779;-1693;-1007
-9202;-2265;13309
-15573;-11529;-18378;-2683;13551
-18242;365;-8544
4067;-516;8711;14159
-2465;16592;10353;9091;9237;12287
14241;15507;-7191;15512;7192;1643
-3876;-14358
-13090;2562;637;11741
8932;17495
16064;-9987;13507;-11658;-1979
-4110;-5935
-15299;-9863;8729;18285
-9812;3862
-180;17588;-8414;7981;-7056;4223
-10437;-5912;-3995;7739;2461;16095
-3601;13731;4013
-18066;13891;2317
-3298;-8796;10236
9840;2945;-3271;-11372
-14120;-4123
18084;-16957;8925
4529;-1322;-5069
7154;2947;12932;-8293;-3128;10731
-11782;-6471
-6500;-1915;12350;10222
-17720;3561
18257
12992;-15281;3056;-13863;-1066
-16162;17486;-11391
-14164
-12100;-10747;15850;-11264
-14969;13082
-14176
10081
-15395;-13622;1653;-16815;-847;2175
17018;2154;-3228;10523
13189;-6264;-17098;4185
-1186;-17331;239
-8440;15321;14794;-6364;1708;1261
-7269;-6919
-8457;9801;4652
5956;-4281;-3579
15664;10817
-4914;-9811;-15103;11535
6592;14180;13829;16251;-12080
1846;12072;3384;1305;-3562;11439
-7331;1475;16088;8061
11682;-18390;-11592
-10111
-6853;2263;6508
-17811;-12458;14009;-14332
-15767;13846
2755;-1241;-11627
18305
14209
113;10913;-15012;12278;3707;14507
-3074;-16996;-6694;1773;-9712
18371;13477;15048;17690;-5852;-11741
194;-14856;-1514;-17659;-16364;-4989
-7666;11396;-538;6942
-465;4515;14277
-12819;6779
-14233
-1703;-5240;-253;-7040
-6049
-1954
2784;-9812;374;4360;4248
15824;448;-15290;17357
15781;-11334;4327;13662
-9089;10917;-9753;13881;-8299;4299
7684;3765;6439;-15930
10151
-1960
10163
1380;-11546
-5746;-14498;2265;12057;-2284;14283
-4821;-17645
-10180
-3041;14080;-12982;-6982;12216;-9376
-852;-5881;-15835;94
-3186;4275;3365;2535;11390
-14285
-12610;15143;-17865;-7147
6095
6149;11606;-7562
16663;18264;-16185;-9854;9503
15843;-17782;8045
12386;-2852;12957
5856;8369;9970;13603;8708;-3533
-18401
5475;-15686
-5;-1494;16781;-974
2561;-16871
-10625;3625;-15502
-10933;-2870;-8701
3906;-11094;-15321
-3202;-2569;11898
14529;-1331;-15606;-3722
-1751;16236;16223
3328;6225;9188;-17705;17389
10234
-18430
-8595;-12269;-1664
-17857;-9271;-13210;15466;-10476;-7661
-8210;-859;1114;1806
7862;1559;-17241;-2429
-14347
9939;-6711;-11613;10446
-706;-15832;-17100;-1324;-3966
15025;12886;-17656
-6033;-11666;-2068;1795;-6094;-10767
-2069
11909;17295;-14848
-4353;13377;-3971;10182;647;2572
-307;-9700;-5109;-3514;171
7329;4129;-17631
-10337;2720;-12522;17179;9132
-8293;13589;8309;-11049;-2651;-6080
-4050;-12885;-9723
-18417;11250;13347
2090
-6774;-2232;-9469
753;15124;-13782
-690;7745;-1102;12029;-10846;11343
8561;-15282;-12807;2027;15404
-21;-4421;-5335;-2476;1964
-5716;16008
12065;8746;18155
12256;-7313;-8613;6292;16053;16199
4624;752;12165;-9095;18237
11348;17994;-17627;-204;-1212
8481;14107
-17438;-1055
1553;-2628;-15061;-2358
13478;-9114;-6477
-626;-11155;-15076;-12121
13217;11697;482;-11150;16543
18185;12605
-1267;-8923;-4892;-3424
16066;17878;-8622;1375
-3826;1521;2465;-12749;-10013
-15506;-15619;-4486;-1288;6105
-4292;10510
-6219
5186;-15319;-3527;17868;2013
-822;2455;-14810;11050
6740;853;10726;-1806;10190
6227
12882;1540
-14431
-5442;14473;-5228;-18239
11888;3572;-11638;-17703;-5111;8651
-6323;-15427;-13167
14163;-2997;12406;2487;17050
-6248
-15585;-7048
9511;15224;9549;638
2200;27;6891;18399;11503
7537;18307;-1190;-2889;-16057;-11981
17461;-5882;-9403
-14473
-1793;2274;-15796;13127
2898;4579;17428;-5579;13309;-1775
1187;7335;-2409;17005;-12734
-14433;-16432
2199
-2205
-16164;13523;12100;-776;-5084;10895
-18424;-5400;16120;-15369;18185;-1421
13394;13397;13833;7930;6907
9968;-14819;14851;16663;15929;-15803
-6310
11787;6812
-10995;-15478;16060
-9302;2907;8620
8912;-11610;4601;4249;4266
-14289;4898;-4615;16234
14338;5923;13960;1628;7341
3284;5589;-7959;10747;-17132;-9056
-1731;-1796;-2813
-2246
17557;-18007;-1803
-6932;5464;17338;6863
-12146;-2500;9860;4980;-6160;-384
-12494;10239
-2259
417;13795;5704;-10378;-15901
-9330;4644;11050
16752;-7402;3147;10253
-2418;5898;-12924;-13982;7982;-11407
-6083;10503;-10296;15755;12876
87;6910;7567
17762;6803;-10555;2718;10766;7551
-6376
-16420;16890;-2750
4977;-780;-10574
9041;16401;1348;-6875;2458;16779
-8563;-17733;14212;-10774;17229;7918
-1153;-14162;-10533;5956;-941;-14238
-10386;-11589;-11909;15116;4061;4206
14599
-16855;10268;-3918
12273;6386;1108;-17861;-7693;-8815
15792;16741;-5272;-12825;-12123
9715;15912;5358
16182;-1580
-12065;13504;-12402;13285
4864;-12483;-9895;-6909;-10669
5812;607
10561;-9769;17915
-18033;-4965;8362;-603;-3867;12684
-18356;10621;-15072
-5381;5909;9996
-10599;-12216
14628
12944;-18076;-17693
3921;-9794;8977;-9964;-15966
17393;-5188;-11989;10757;-13325
8608;-17389;16365;15247
-4;-18278;-856;-15321;2812;4719
-16006;10904;-2203;203;653
-3692;4190;18238
10563;-11
10557
14655
14660
1377;9029;-6153;16250;8366;-14208
-6485;902;-890
1426;-14868;15364;-1576;-7833;-7179
-16355;-17349;-7417;1194;683
14667
-14670
5152;7636;5304;-15710
14671
6585;938;11247
1063;13613
3301;-7820;-9118;11247
-7017;17598
-9233;5237;11110;16456;15241;446
10585
-14370;-16699
-13649;-14935;-6491;11963;12523
-2151;-4347
-9224;-12041;14767
3824;-16886;-9820;16382
-10289;3545;-11757;7902
10599
8162;-10573
-10347;-8448
11877;11788;5372;18429
-16169;1466
-11960;-2745
-12290;9122;-8117;-11613
7120;11683
13728;-16867;504;-7980
-15809;-2626;-1107;-18149;-10271;-15904
7427;14324;1158
7317;15895;-6008;-6089;9640;14443
16224;-13191;11686
10611;8205
15280;7494;7194;-11149
4433;6194
-13543;10217;-5706;-11147;13645
10850;-17389
10634
-4850;11251;16054;14822;-2474;413
485;-3466;-15500;-15325;2685
-9098;-13930;-590;687
-14789;46
14744
-12211;-10693;-5638;-10122;12747;11167
14751
11945;-14460;-4046
14984;5002;-13419
-16857;-1999
16352;-6892;-11936
-14765
-8161;-9684;-36;11307
14755;-3076;8873;6602;12189
-14775
2336;16651;-8302
14785
-16545;4850;-5956;2852;4109
-9667;3750;18312;-1706
-580;-13819;3708
10967;7916
3850;-10446
9349;16357;11032;-17855
-14502;-288
-11169;4833;-5634;9412;-8362;-16159
2769;1379;1655;-5609;-2362;8766
-10745;46
2968;2346;10859;15007
-10702
-5729;-16116;-4276;-5237;14806;-6440
2511
-14802
16336;13458;6411;10587;11132;18319
2516
12034;12421;2806;3931
2230;298
11525;-10986;-7165
7142;3563;-4077
15078;-17611
656;-3463;1787;-76;-1440
-6852;-2709;1047;13771;13101;-7631
11368;-2572;1934
289;7985;5010;9259;12764
-14275;-13011;2883;17272;10506;7357
1696;14692;14359;-1338;14092
17796;-11158
6961;9027;-10375;-13627;2540;-1168
-2921;-11915
-14225;3973;-826;-16048
14844
6653
16920;6120
-9141;11704
6663
192;-17521;-8713;-18426;4877;4254
11474;4328;5848;-14986
-10763
14992;4532;10524;14558;-9264
10766
-12354;9125;8902;5094
3508;-18374
-1971;6388;-9894;-7064;-1609;-13007
17088;2483;-12889
9143;8487;13629
-3737;6424;-17563
-14877
-10505;17192
-15032;-17309;-17629;-1886;8303
-13009;12882;3495;3321
-9287;11881
1770;-11789;-6302;13725
400;-180;18380;383
7891;-12599;11404
17912;-11211
16641;4718;5823
-16659;17299;-11440
15335;11848
-6710
-15313;-17924;6607;16479;3439
5752;-16220;13084
-6491;-222
-10083;15538;-11204;8366
11826;-917;-13749;-6229;7642;8140
10803;2214;-10397
-18162;-9330;7553;-7116;-143
-17731;-17660
9441;17718;-7402;11547
-9205;-9367;5511;10427
-16626;2883;-13468
-2754;-16188;16300
-16199;-15100;-2573;6255;8591
6737
-4658;-6853;18376;-7724;-9981
-16722;6693;9270;5883;-7774
6745
2000;10609;11704;-1993;4907
2257;-7220;4712;11096
17264;18157
-2663
7459;-7175;14667
-1265;-14165;9256;-4683
-3589;-12949;-3595;5179
10292;565
4947;-9157;-2684;13659
10449;12703
-2931;2277;6613;-14407;6504;8714
16726;13510;-842;-3740;5964;-8462
12870;-15548
5883;9581;-7359;10959
-2978;-16354;-7070;-864
-1985;12867
17426;6323;-5831;-16105;9069
10104;-12796
14981
-3521;4781;11965;18143
3339;-10700;16892;5454
-16020;-16244;-11989;11448;9627
-16950;14265;-12302
-8756;15494;-2647;8358;10730
16848;6333
8338;-8505;-13306;-17903
-14994
2102;-2347;13548;-17134;13005;-6463
-18424;2791;6248;-13807
9505;-980;421;-8426;-8879;11070
-3794;-15443;8438;11177;2957;-623
3843;-9336;-5421
16752;-961;12884;-5674;124;16461
-17649;336;17505;2021;18121;-9418
2728
-15234;5281;-15187;-2169
15020
14834;-10070;4950;4503;8296;4797
-14998;17734
17895;-1960;6199;5183
-13686;11751;-14729;121;-8269;-6606
12624;-9442;-14775;14122;14797;9997
3249;3635;-4004;14294;-15898;-12222
1234;-2485;-9562;12873;-4815
4698;-7455
-2163;8259;9748;-9702;-8151;17053
5569;5944;5801;-2269
-6721;7619;10279;-2681;-4009;-1726
-4273;-7990;293;3484;5724
-16182;13419
3888;14818;16827
-14339;11959;1770;-11949;-9551;-17520
4320;-13683;4818;-3592;10139;4862
3863;7097
3408;-14801;-15043;-6261;-7862;17310
15216;-18038;-12238
1313;9650
-11861;-1990;7335;-8714;-12123
-8707;-3093;18186;-17356
-8680;-2298
13680;-6740;6071;5559;-14666;-1118
5028;-5305;-10704
-10982
13553;8938;13068
8355;13894;-10748;3580
-2514;-7100;-17756
3777;16855;-3000;5642
6594;10453;-2231;-14892;5148;10012
7026;-11492;-14951;8586;17725
13824;-8449;1201;-6872;-6603
17921;-14837;-3064;-3515;-7504
-11000
-2452;16612;3301;5479;8540
7970;11606;11912
-16754;-7171;8121;-2186;-7195;1887
13217;419;-6719
-17698;-3734;13001;-8656;-6768;16927
7104;10400;-1443;12214;13880;-2459
-1714;4181;17946;1403;17886
-7143;14807;4679;15071
112;-3793;-14822;-18280;-2924
12000;-5175;5032;-16975;-18207
6942
4736;11201;15587
-14484;-8997;-12141
17031;12618;-588;-9824
17329;17318;-2584;-4633
12433;3625;10794;-17199;-16608
-18306;-5688;13305;1019;2972;3838
-16290;9955;-4720
11054
-15265;4944;-4834
2867
97;1681;-6803;-17123;-13402;16297
5394;3749;-6870;-7895;-13632
6929;-14567;-17373;9852
-18133;3877;12074;5053
-11299;11890;2285
-6593;11635;-5476;-6055;-15352;-5612
-2878
-13827;8980;-4200;-15419;-7087
-131;17459;-6533;277
-17784;9452;-1775;12991
-10153;13037
7447;-6827;7882;3722;12699;14828
-1958;7485;-8942;18175;-3680
14050;13315;-10167;-17319;-13752;-17690
-2899
15186
8261;11023
2902
-15195
3217;9317;-8153;14910
-13141;6137
-15198
18099;16589;-10399;3199
3842;6365;-11310;8111
-15203
13024;8598;-10216;4251;18060;-6224
-1779;12498;7062;-14862
9620;-18265;-4075;-14784
10852;-11853;3932
6721;-12870;-17263
4562;-16948;-15013;-362;251
-14419;-16805;13607;17241;-2559
-3078;152;-8687;-7711
-5494;774;-17512;16281;5307;-10492
-9713;-11457;-13386;13228;1999
-14070;-11340;-14400
-9713;-6724;16452;1653;-12812
-4647;16106;6250;1628
-9381;-18152
7055
-4897;-2196;-6197;-9161;-13278
12981;2267
7557;3772;-8368
15734;7708
1346;17031;10153;-13279
-13761;-4388;-5908;-565;1176
-387;-4868;12487;18104;14494
14199;12315;11419;11227;15454;-4303
18224;9322
11170
5600;-13737;11756;9006;-2447;-3104
-436;9670;-5528;5321;-1947
17329;2513;4245;-4719
6832;16632
-6194;-4661;14762;-6892
3971;15398
17569;-6311;12743;3626;-5631;5566
224;6928;6563;6678;-8;11274
11179
-7084
7083
-14770;-1623;1722;-16989
-5010;2373;-11113;12924;12398;-4479
-16534;-16136;16748;8301;17389;-16864
-10978;-2357;7220;15581;16350;-6431
16288;1766;-4477;-6382;8094
3777;-10877
-3715;5587;-6423;-6653
7109
-15569;-7819;-8299
-15303
8853;-15950;-8207
-7115
-17761;17620;-11851;-11867;347
3825;-4313;11711
81;-11307
11226
14481;9409;10183;6872;-17739;-11979
-1252;-5884
7392;8516;6327;-3624;12296;-15579
-14577;-15650;9028;2390;15768
-4821;-6821;-11880
6512;-5921;1265;-6022;-12953;14077
-7142
-7891;-17383;7159;1863;-11036;-8527
-9393;-11348;-165;-2598;-5626;-14880
18241;1941;-760;5673;-9757
12881;7300;7445
-12225;8163;-1557;-117;16981
17762;-11095;-11639;3814;-1897
4356;6185;9131;-12204;-4413
4320;-12067;-9108;-12326;17928
-15761;11122;11016;907;-7951;3727
11472;-7532;-15199
15354
-15158;-15384;-17022;3535
-4185;-11178
2486;-14220;4559
6594;18035;-15336;-7114;-8045;-17694
-15369
-13190;6011
13698;12885;-106;1182
7503;4175;-4496
12774;10395;399
2945;-18327
-13121;11387;-3484;17437;669;14783
14948;15222;-16602;-7450;-5582;14847
6641;6761;1982
-3099
-11292
-10020;-17656
-16913;-6033;-17348;16564;-7365;15702
13585;3286;11128;-10459;10141
-4898;-7012;-4021;-11254;10758;9225
-12196;-3198
7524;15014;12955;908;-574;-8142
4402;4451;-5253;-9287;7945;13145
-2145;-6290;16244;6555;-7948;4894
9360;-3199;5150
661;-5911;-14254
8210;4275;-15610
-2499;12707;1051;-8128
-10209;-763;-4448
8996;14391;4519;16202;-1565;17932
165;17079;-10015
7230
5378;1814;12328
15424
-13875;-6549;17286
16976;11507;-16711;-4538
-642;16986;15468
7681;-9907;13559
-11334
1989;-10010;783
-3144
-11337
8210;52;-14853;9742
-17634;14709;-8793;13178;5788
17089;3172;16967;-16777;-6442;5532
14130;-15268;17365;-10810;-16767
-4275;8586;13851;-2717
-5426;-14483;-3741
8960;-7380;7030;-15881
-52;-2375;4397;-14110;-11519
5921;-10771;-11723;12122;15823
276;4262;3337;18203;18062
-7621;4713;12266;-1628;7740
10590;-17871
-11378
11378
3319;3788;18364;10494
-4801;4546;3923;7721
5394;-53;-7640;14824;3800;15546
6293;9194
-16199;-12152;8057;-9949;-9823
2867;-17940;1125;-16455;-3769;6394
2562;9619;2174;5311;-80
15490
-3141;7924;-15082;-17484
11795;-18344;13852
8513;-9236;-12869;6756;18237
-1028;17846;10970
-3169;-4142
-14603;-13196
17536;17585;-300;-13516;6495
17522;16418;8134;-2718;8925
-1541;17509;-8792;16471;4155
-11602;513;10499;3464;-10857;-11630
-13237;-10474
3230
-8656;-16640;9775
-9489;3236;-6523;-2747
7333
6406;12331;-15789;-6190
-9585;-2813;-15422
-3244
-1283;-7370;-10368;-608
10433;-15764;8581
-15619;-5892;-2281;58
-515;1171;10792
-15441;14545;7461;4885
13978;17483;7436;1196;12318
16497;11188;-3944
-18350;-17488;-16576
-14883;7796;-231;15417;13898;-10543
16595;-5782;-18174
11457
8216;12025;-12878
11460
4690;2852;8157;-143
1506;-10378;14633;12843;13340
-3276
-5041;-10020;-7509;16710;12695;8730
-2841;4856;-7023;-7167;-7488
7289;12203;172
-1301;13367;9655;14331
-9113;16493
-13160;-4440;9226;15757
-5476;-1909;4724;-54;-4669
-3417;9743;-17808
-15579
10517;6328;958;-10416
15201;385
6906;-15086;-7407
15587
12292;3307
17106;-12614;7014
-2340;-14165;-4730;-11356;603
6560;-9957;13812;7750;1535
-15396;3887
15605
11512
14466;-1686;-12697;-750;16286
-18182;17542;-17930;-1215;-12224
229;-14552;-18040;-16031
-5282;49;-12803;4755;-12810;-1824
1334;8599;-9325;2732
3340
-14707;-6165;-4042;-4128;-2976
-12073;11128;-14875;-8172;14892;16542
-15636
13141;10743;4043
11632;-12834;-6246
17722;-14367
3312;-9992;8714;1325
3361
7440;13665;-12787;13333;-11421;5421
-15554;-12068;6710;15276;-1824
11557
7462
-7465
1200;8438;-18360;-13577;2540
8208;11550
144;17440;15860;8840;-12874;6734
6256;12868;8134;-14810;-9071
-6546;1891;-16874;-2986;-5152;5807
-7481
18136;-14752
2770;16292;-5798;-2106;4522
-13546;5929;-1691;12702
7955;13811;17604;15797;-16765;-6335
11729;8180;10036;-17464;-15884
-13682;-389;-11718;14746;-16941
1395;9731;8666
4355;-325;11671
3415
8435;4675;11671;8171;-13151
11613
8128;11678
-11137;18290;-10585;16347;477;10511
10561;18353;-1092;-3910
13201;5660;14062;-17200
7531
-5931;17562
14993;13905;-7667;14581;4492
-7540
4038;-6780;-703
15750;12679;-12811;4223
14100;-14504;-3056
-6209;2275;10902;-9327;-9295
2562;-14217
8902;-13000;-4538;11914;186
267;7294
5685;14247;-1240;-7033
4400;-17671;-10154;-8382;14175;1871
3473
3044;16814
3505;-7501;11567
-3478
-3482
-15187;-14712;10029
-9521;17748;-262;4520;-10809;-5165
3744;-11331
2994;-741;-15846;-14120;10874;-3038
3492
-5702;-5994
-1689;-13098;-13293
-17941;2148
-17555;-16051;-133;-13928;-10154;5162
16160;-3956;6035;15653;-1711
15395;-2118;6620
15920;14337;14218
15760;-7859;-15942;12105;-11678
-10123;6602
14865;16929;-12423;-7658
7382;12525
15812
18385;-10068;-9528;-3371;-11231
-7953;-5737;-14411
15813
-13494;1773
-11738
8689;15683;-4439
-10708;15112;16202;-17996;11645;17967
-8342;3818;972
4452;9466;-6270
-5284;12339;-6090;2591
-14008;-4988;15435
5328;-9239;-14727;-8361;15804;-12848
15564;-7326;-14159;17678
15857
-9554;-10451;-12237
3572
-7073;2409;-7102
15862
-7825;14787;7753;11725;-2143;7951
15867
-3585
3864;16104
12929;-13812;-11591;2811;1982
177;-10194;-12637;-6606;17277;8397
14068;-8827;-17020
2080;-10369;-2498;13157;-6781;12094
-14641;5392;-5714;308;2004;4966
-3592
-3594
7690
-6474;14702;-15920
14129;17284;1431;18199;6136;-8527
5056;14290;9474;15284;12742
-14658;-17251;7891;-12245;-15468;-17404
11184;-49;-9188;-3029;-14807
-2913;-13811;6371;2648
-7713
-3618
-5878;-10030
7718
6464;923;12622
15913
-676;6676;6148;1641;14414
2208;-12754;17602;-10684
-6499;-1230
-18235;7885;18079
-5794;2158
-6536;-15704;7084;8430;-18415;-7167
-11397;7333;3351;-2923
-4035;11172;-8445;-10527
-1608;11641;-8847;-13023
3651
9041;17249;-6293;807;-763
10144;10827;3167
-11853
12739;2035;5273
11857
13713;-17629;11677
-14259;6492
5954;5319;3768;11082;8653;1663
469;11398
2085;441;-6204
-16402;4482;7175;16618
3681
1761;1185;9362;18382;1663
-7211;14991
-10329;-1550
-6023;12587;7691;13485;2222;-13984
-7788
-4065;4098;-17237;-5640;-9520
3696
5786;6299;7995
-6931;16547;13589;10966;-5897
-2651;15034;-8684
-7796
-14197;-1798
-13459;-16435;5605;-18155;-14512
-7233;-9825;-3832;13515;-1519;1087
-8603;4891
-6945;-10405;13782;9849;-2570
7814
-4993;3427;14758;1655;-2937
18228;5976
7820
7835
9301;-15496;-18026
15153;4195;18292;9576;3980;-14686
-10611;4137;9802;-269;17069
-16036
-2263;-13467;5755;-12813;6751
-3752
-6454;4638;9663
-2563;-7060;-9028;-7209;9819
1040;-8869;6892;-17471;4447;2015
-11610;12825;2541;16382
-6514;2758
-3761;-12689;-390;792
4968;11081
-13649;16338;-10551
-9315;8979;-17751;-10256
-18396;2335
-13185;5314
2359;3608;-11851;9658
11967
7872
-3778
10560;-15032;-12264;6250;-13501;3820
-8660;-326;7318;7910;9994;3932
898;-15525;-13736
7144;4522;315
-3895;11783
-2165;10054
-10289;3459;15043;-324
-7746;-8616;-665;13231
-3797
-7898
14577;-7399;-6155;-13019
6578;-7109;-3277
-129;-11891;6998;-7720;17914;2731
10760;-8382;-15694;-17151;10271
9664;993;-15592;-16751;-14896
-17573;8206;-2639
-2610;5474;2933;17431;1066
-7911
1281;-9749;16380
8644;-11814;13655;7096;16121;-1213
2066;-14077
10609;-14483;-9700;-16936;2519;11880
2548;17663
2953;13164
-17747;10900;-13928;8751
-3894;7640;-2444;-5134
16126
3841
-8932;1860;-1609;-18426;9962;-15373
16402;-2981;-1373
-16146
3128;-15180
-12056
-14786;-498;13682;-2743;-1018;17419
-8577;-10082;15110;-12605
2593;12214;8678;-10922;3593
11204;10423;-744;-11965;-12797
-4275;-2052;5608;-11355
-10294;-13798;-12070;-13321;-3552
-8483;-16408;8719
-2994;9988;3290;14079
1529;189;10367
12089
-7996
-14809;7259;5756;9791
-17330;-10722;-7989;4917;-13739
9202;13288;-9658;15647
-16615;15210;5309
12097
8705;-4259;-7299;6759
-11799;12695;12841;-17646
8400;6720;2468;-13066;7578
-9348;-16183;-15148;8095
-8008
-8372;995;-11141;10510
2500;-376;1768;13738;-1419
-4;-2788;5796;6441;-15756;14333
2869;6743;-7068;-10573
15520;11363;13916
-10774;3128;16590;-16976
7649;-17285;4999;4617;-12109
-11603;-9623;-11991;12494;16783
-12434;14809;11261;-9694
-11892;644;15190
3945
3796;16536
-16240
-323;9684;6879
9674;-13630
-9441;-9065;5976;11736;17038
16145;-6343;14617;-8174
-13699;-7259;-1500;-1983
-15238;3081
-7362;15347;-3220;-12826
10537;-2476
603;-12765
-10600;477;18190
-9346;-6915
17808;-13206;7567
17152;-2162;17604;-8136
-12338;4262
9825;9238;-15082
10024;-12233;10287
6305;-1033;-9257
10130;-12740;10697
15043;-12902;7354;8394;16587;2284
-2338;8211;5049;1263
16283
-2001;14192
-13968;5871
-99;-13348;11572;-7245;-8542;5469
4834;-2584;-9224;15560;-12588
-1877;5197;12190;782
17120;3458;5833;-16378;2174
4528;3251;4428
-4018
1190;2829
977;5382;17704;12942;16175
-12222
-16036;10295;13870
8745;7579
15361;-3133
6690;-10341;1737;18239
-375;-15952
-16851;-12756;9691;-4607
-13719;9066;-9471;10079
-16630;16102;8671
16336
-7508;-15877;-17533
-16465;-8291;-4245;-9963;1371;-7421
-14418;10180;-11366;-15419;-11163;-6927
-13010;1475;7478
-17473;3059;-14221
14897;-4418;-5876;14883;11803;-14942
-14914;-14021;-11992
14033;13725;-15518;16398
-4915;4051;515;7960;-2876;7519
-7169;18178;10148;535;-8428;-17328
-8405;-12585;-4362;-15584
-16360
-1746;16020;-11080;17576;-4411
11383;-15609;-1433;-10074;3466
-15208;7033
6898;-15626;-15838
-7380;3292
-1857;-7687;-4055;-10971
