8193
-8497;302
17456;16827;14877
-15028;-5908;10763;15724;6749
4481;18194;-14469;-6171;6172
754;-5911;18365;17709;10061
15779;8822;-4987;-221;-7086
-2422;-14218;6091;-12286;6430
-4118
10306;5719;-9913;16040;-14364;-7760
-12306;-14690;-14472;7255;11144;6655
-16414
-8223
-9494;-12331;-7324;12732
4130
-14417;6188
17793;-10485;-3175
-8868;17108;8182
-4136
-10403;-7061;-16907;13851
2176;15717;-13226;7662
6339;-13069;-9696
-13113;2364;10799
4146
16723;-6023;-2457
12282;58
-6022;-4328;-7387;-2797
-6130;-5253;-4952;474;11709
-17250;-7190;2007;14184
-4225;15306;-11024
3217;13235
-11668;-11702;-5373
-1490;1985;-7753;-1006
-17169;17233;5266;5718;-2784
6338;8755;-12822;-5191;-7064;-10571
-6610;-14708;-10212;11101;-127
-4173
-16469
-14037;1663
14512;15354;11179
-1623;11431;-10312;5133;-590;-4128
-17555;17460;184
-3137;11933;-511
-4625;-11114;3355
-8502;3465;13324
-10646;4694;15369;-9517
12391
12023;-12152;8429
-111
4210
6609;-6451;-8916;675;8199
7761;-3926;8454;-4343;4459
4001;-11058;8180;-12205;-16958;-17135
-14165;10869;11607
-15426;11747;5753;10335
12411
4223
11781;8828
16514
-6963;6829
-14625;14817;-6555;-1741;12334
17952;-9621
10912;7667;-14343
755;-16053;2393;5161;7884
-16527
12129;-11987
-12404;-36
-8306;16650
12440
-10978;-13158;-11561;10959
-163
13237;-18170;-17007;-15088
-166
-2291;-10662;-17260;-1887;17566;-6112
18293;17366;-9467;-11707;-2031
8564;14564;15909;-1846;3935
-12581;-18198;632;-15546;-12828;13295
16555
-4737;-13939;8116;-10095
1426;17919;5407
-9286;326;4687
15409;3987;-14348;-14285;-7327
1792;18065;-16932;13640
-17317;-16103;4967;12220;-5965;13821
72;-2732;-10302;16013;13551;-12320
3173;4349;-7711
-9346;-4236;-7087
-3110;-9376
11303;-9113;10299
3424;14037;-3063;7005;11567
13522;16293;-1624;9803;-9119
8531;18404;14998;-4456;16075;16285
18069;14903
-4611;4326;-4016
4302
-16593
-6369;3106;3052
-1234;-8806;-16072;14713;-5325;16511
-8406
-8826;-8205;-3663
12544;-8235
-3873;4087
12257;9955;12805;-11885;9852
-12649;-16240
4317
15281;14258;-11701;-1231
18272;5537;13253;-17882;-2573
225
12146;3142;15819;5772;-7982
1511;-14026
10502;18397
-164;-16695;7783;8969;12554;-12219
11687;-12554;5196
-4727;-11895
-13380;853
15088;14354;-531
-15617;-8791;2248;14312;12185
-17826;-11539;-11838
16626
4146;-13207;-6841;11561
-4342
-17764;15960;-6587;16828
-16385;13505;-17686;-160
10360;10366
4289;-549;-12184
6692;-13734;-6392;5351;-4458
-8648;200
14464;-13411;7590;3227;-16223
-13441;-15428;-4160
-7729;14307;-2212
432;17544;-18249
-2033;14931;-1799;-615;2077
7991;16860
-18036;-14340;-9017;6251;10287
-13590;8310;12679;1961;5947;1356
8473
12881;4854;-16810;-14991;-2607
-4796;17375
4387
-7426;15915
4394
-8001;-8354;16054
8493
-11378;-7556;9507;-18152;10890
-307;13495;-12602;8425;3581
-5457;5151
-312
8510
13941;15050
-420;-8096
-1508;6004;8119
-8331;-8384
1798;13943;17357
331
-13594;8393;12122;-8587;1999
-12623
3266;-6581;6553;17690;8140;-4158
-6884;5012;6303
-8529
-14370;16157;-14416
16729
-4445
16789;-8008;-4334
17872;12338;-14487;-11275
13560;12108;15646
-7240;-1307
15632;-17974;9452;15005;15103
17059;-15369;-17643;6749;-3440
-2644;-3141;134;18295
-361
-10851;-10822;12617;17613
8558
3170;17531;-3951
9397;3255;-936;-10681;-17788
15794;-5194;10572;16060
-8514;13334;14473;-8076;13727
1024;-13683
17270;-10188;13772
14435;-9255;11579
-7221;-17446;6503;1400
-17700;-7291;-8158
17265;3106;5284;11881;7900
11236;-54;3930;-3405;-11022;-9262
9392;-8917;-13150
10593;10274
15097;3546;-1872
-18098;-1749;-9216
4486
8585
16777
4146;10342;9018;17851
-11608;12010
-15511;-17386;2538;13567
15026;14147;-13180;-11487
-15315;-6264;13883;8108
-4513
453;3206;-5928;10878
-8614
-1365;2090;-16829;-8895
422
4528
-438
-9684;8969;-12012
12336;-16034;3258
-13458;-8731;-15115
7531;-15742;12749
10529;-12356;1382
1080;-633
10336;-8596;-11800;-14920;-16428
16002;4931
-8619;-10445;-18255
5760;12720;5203;1861;-8796;-16286
10737;-15300
10339;14703
5513;11341
-4567
6386;9380;11;9275
-12766
5156;2332;-12064
-15555;-8788;11526;-16088;892;11149
-14562;5381;502;-8169;-5339;5323
-9219;3251;5511;3321;-7326;3982
3624;12233;-2427;15725
9540;15519
-16645;8086;-8185;-1709;5679
8677
4586
4596;24;6696;5177;4477
8682
12577;8323;2725;5735;4237;16047
-2594;7183
-7665;1478;827;14047
8688
14288;-1879;-7288;-6344;-12351;4879
497;-15162;-14512
-337;-4466;8502;5590;-12284;3503
-5905;-10469;-520
-1857;7408;7625;-14251;-15403;-12704
-1121;-1243;3611;15647
-5127;5626;13118;-13104
-12452;18151;-4441;15832;7999
-5185;-7620
-4057;12767
4617
16659;3924;-14221;-7998;2158
4618
-2739;-5287;12646
10198;2615
-14019;9397
-6053;7909;2767
4290;12914;-9059;-260;-13116;606
-7141;14377;16590;-2816
12818
-8727
535
-16673;-17031;-2248;-10154;-11774
5250;11896;-5322;-8332;-8125
-4637
14146;15779;-17095;-14349;-16125;718
11173;16521;17178;18236;-14974;5662
-12386;-7797;17765;7496;11855
2406;13704;8635;1838;10831
-5363;4808
8405;4438
559
5912;-6474
11513;-4043;-5662;9230;-11600
-1075;-6169;-10445;17117
13814;10155;-1407;-17888
8675;6884;-88;10362;7404;16495
8614;8760;11884
11809;15588;5959
-12877
4768;3175;3753;-3247;16719
15185;-12412;17371;-11341;5564;-14960
14994;16851;17900
4691
-4648;-5770;1628
7655;-16446
3364;5286;7853;-17102
-2916;388;604;11500;16830;-17615
-15473;-6083;6269;14687
5781;16424;-13531;-13438;-4031
-56;-10092;10750
1347;-6213;-11800;13261;8029;8270
14489;1945;559
3816;-16716
1972;-12423;9838
-4258;-1492;4893;13758
-3537;15906;10643;-10108
-14723;-15334;14746;-13164;-4911
1152;-3173;2638
-8561;-12538
14625;5319;-6955;-7979;458;3343
-12909
15216;10897;-13122;935;873;-15421
-4721
-883;-15604;11769;-17743;9503;17679
-8823
-8824
12921
16226;12185;-606;13391;8591
8829
-11025;5698;-6883;-10132;-15822;-3440
13120;819;3091
-17031
-17032
10784;-16290;-15735;3723;-12220;-15967
-17034
17033
10946;-4326;-295;6617
-5845;13716;10341;-1753;-11706
-3269;2011;-13709;-3181;-5357;2366
12947
-9667;13333;-12521;-13421;5229
-6631;7720;3227;-8636;-4540
8860
16240;17473;9314;-9589
1409;-6182
-4498;-3378;2055;-15996;-9852;10511
2384;4785;7510;2106;-12012
-9924;9069;-8016
-17063
3432;5438
-1203;-12022;-10280;14633
-1276;-17919;14415
4780
4464;-17012;-4966;4827;17468
12997;9722;2542
2885;-14522;-1342
3206;-13406;10893
-13889;5952;10785;15974;5390;-7135
-5236;10028
-7557;-5944;3803;10397
-11074;-9076;6308;-3243
-385;18128;10342;-5483;-17803
-8936;13735
-14001;17888;12182;4311;-7835;-11839
-15441;12961;3187
-4373;-12728
-720
-11697;11411;17927;16184;13930;-1979
-13013
8917
2865;4148;15573;-4470;-1437;-15952
-15035;-2077
13088;14881;-1186;-2900;-14566;-4493
8927
4043;-12972
16368;15475;-5;-16729;3725;14671
5042;-10184;-842;-10347;-17182
-2145;-4197;-14886
-3553;9217;-18009;3401
18229;-8730;-556
13040
17136
-2130;-14484;-9608;892
17139
3253;-3724;-13726;-6831;3887
13046
-8067;-10773;-8046;1550
10467;5975;296;16794
-13058
-13163;-16285
17160
779
-16035;1000;14249
785
-11233;-7036;3357;10029
13264;14833;7812;-17381;-16648;-10859
-17173
6560;13090;-2476
13440;6419;1412
11480;-12272
97;2577;-7015;5580;-8909;12559
4368;-9260
-15665;3216;-3195;14683;14044
-14598;15272;12041;-7822
8989
17183
17189
-4659;-8436
1696;-15413;-17608;-14542
16370;-15811;13108;-9958;-4521
13377;-4723;-7827;-1063;2520;-1472
7585;1421
-5410;-12773;17255;-7727;3743
-9009
13792;-17907;-17719;7370;-16030;13293
455;-10539;-11216
820
4917
-3185;-2760;-16238;17263
-10375;6571;-13406
11312;6452;3894;1930;-1996;-286
-831
9301;-18331
-9217;-15379;-9046;-18060;9244;-3440
-4942
-7285;4884;4518;-17932;-14332;-15760
13520;-4650;17722;-9357
12972;-13824
-2738;-6002;-931;-11830;12457
852
17360;-14948;5434;17582
12177;6563;-8085;-16138;4621
17245
14865;14670
-6433;-13955;17363;16182
-11514;-16108;6270
872
8019;2612;15941;5286;14070
-2538;-6528
17258
16112;9538;1606;-6538;13901;7215
4971
2295;-4906;-8159;11647
4069;14182;4071;9740;-6607
-7121;-5953;-5251;-438;-7944;-15136
17272
5537;-553
-12625;-14409;12888;968
11856;12950;-11627
2851;10490;2875;9500;16141
-835;-8309;11365;775;10111;79
-4099;7539;18135;5079;-5274
-10403;-7655;10807;-2233;-11325;-12861
-3106;11812;-12668;10511;-7456
17808;16881;-3781;-2862;10686;3134
-13107;-17189;-17462;-8169;1768
-2260;-10149;-14038;17192;-3948
1328;3717;760;16393;11485
-7463;15245;-12799
4208;-17418
-13544;-12520;-18027;-15211;6139;-9200
9116
15301;13366;-14600;11434
-13058;-13107;-17253;-3271;15415;-10617
-13793;-12770;9247
-3555;-14138;5002;1773;-2303
-6759;1514;-13934;5951
10785;-7683;227;-14740;-5916
13621;-14122;-4413;-8318
10673;-11460;-11272;-2249;17707;5739
-13238
16130;1443;9667;-3861;8025;14603
-1477;13854;17246
4855;13785;12748;10525
12961;-12406;-11751;-13239;-9289
-10436;-11244;-7951
-337;-17559;12343;10552;14810;-2464
-14817;6721;15634;-844;15884;-17518
8870;-2279;2569
2485;17114;2506;-8848
10824;15980;-13534
-8050;-6565;11246;-7343;-14848
-787;-1047;15591;2971;-13566;6015
-2198;7493;-16060;9775
12930;10821;5590;-15911;-143
2960;12873;3645;-10287
-13288
-17385
15350;-15771;-7324;16940
-12948;15735;8328;-17548;7438
13490;7998
12755;-14021;7974;-13721;16216
-6564;15099;-11197;8559;15599
-13306
12951;-3739
12978;11144;-10814
17407
-9825;14946
-5123
-3778;17139;15384;9148
10976;-5747;12852;14070;-5677;7324
1031
-6785;-8340;12885;15562
-15293;14109;-12142
18225;-3828;13990;9516
9584;-16882;-1934
12795;12828
-16980;2996;-14262;2982;-4458
9513;12089;12218
11729;6852;2982;-12843;4622
17056;-1066;17834
-17250;-8388
-13350
-16306;15241
9261
-13549;14623
5794;7366;-18360;4122
-1079
-2948;1865
-16086;17446;-2443
-16035;2243;-7012;-3862;15786;9965
-8226;-7010;16195;16950;427;3230
7188;-10872;11256;9898
-13376
5187
-12915;15352;-15818
-18086;-7640;3387;763
-8993;-2818;12012;17279
17384;-4000
1715;13387;17469;5389
-13205;14302
-12516;2278;15435
-2899;5287;4093;15102
-15277;5980
17760;-6914;-5646
7076;-12086;3902
-17494
-13401
9073;8468;13957;-8233;10617
-6050;-9283;-2169
16041;-17290;-12683;16589;13262;17967
-9221;-15718;6778;-3439
-13410
-16850;15725
-9317
-14097;1143;-2826;3707;-5437
-13845;14100;9064
5856;8945;4179;-14791;10455;-1228
-15623;12486;8279;2393;-7067;-5694
5408;17540;17991;-5594;6746
10658;11177;-12511
14211;-10870;5689;10123;1246;13503
-1139
695;-17978;-12528
14419;-13277
5793;-11033
5618;356;13063;6685
11699;-11525;5068
-9342
1152
-13714;-5990;9862;-10792;-5098
-2390;8630;-2841;-6315;1757
17618;-13769;-2077;7582
-11191;-2152;-8300
-13940;1034;3551
5261
-7073;1809
17889;-5348;2699;10509
-12225;-17027;11608;-12203
6032;-18371;10274;-3208
-6498;1045;-200;-7816
8475;-8012;-5741
979;10425;-10219
-1186
14755;15571;17270;-4057;6799
8033;17156;-10902;15382;-11976;-12408
4737;-10023
16869;-15949;16653
-5290
-18338;10194;2259;-5125;12165;38
3634;6217;-14429;18061
1197
-13157;12550;5903
1616;-2085;-10102;-14712;-16879
5506;-18198;13766;-2314;2445
-3061;1854
7057;15459;-295;2443;7821;-6703
-17969;15881;15583
228;16571;7229;382;-5327;-13776
-9405
-8038;7640;1613
-4938;3722
-16346;11034
8194;-12981;13797;11830;13143
-16673;-932;-663;9545;-12061;11373
-8626;-14278;4293;-10617;15720
6640;-11736;-5291;-9179;4987;13359
16672;2801;-17847;8985;-9390
-1105;14657;11811;-7964;8926;-8720
13010;4595
-1231
7572;1852
6617;-8762;-3184
-4294;-17191;-17737;-7069
-1780;7115
4417;-1830;8407;-12236
-16100;-17915
-16441;-15354;-9516;-1759;9055
-17632
10614;18423;-4286;-7120
-15567;17807;11295
2118;17577;4138;-18427;-61
-13651;-6083;-8520;-9390;-478
11508;14405;-14280;938;975
-1260
7447;-2092
-13552
18161;13427;9300;5433
-12468;-10696;-18314;-4844
-51;11234;8713;16300;-6253
10357;-11629
6800;3140;9414;-3336;-2457
-6092;719
-6641;2704;5937;-16916;13636
13571
4026;-16795;2491;-3296
865;-8115;8807;-268
1291
-17910;-16152
10225;6246;18311;-11663;10943
16710;-11319
12626;-1497;18233;-11788;9005;-4800
-9361;5331;8627;-16266;7021;-750
-2839;775;6796;11373;-17408
-13715;-16263
12225;-14371;-12483;13321
9674;-4271
3472;-2785;18067;14011;15214;-17999
-5123;10996;-11550;-12016
9440;-18321;1873;4018;16591
11408;-17557;-11550
3685;-8845;-8446
-12307;7252;16381;-9999
7348;-4491;-16477
13077;-7646
5105;17987;10741;-8318;-16207;16606
11386;-14220;16460
-8087;-2887;12314
17603;11688;-13753;-4779;13290;18251
9317;8408
11347;-6838;5943;-18218;-3434;16637
-9536
-12273;-12452;-3430;2423;-12480
931;-10732;15117;8319
-18321;4512;17588;-5403;2972
5458;-4947;-1642;-8410
-9761;16244;-8135;14055;-14828;16062
-11242;-8490;10188
-14145;4865;3831
9547
290;6803;1688;-3324
7185;-7458;-7715;-8612;-10170;17214
6265;4955;-10269;12702
-4279;2423;490
-5715;2820;-9159;13709;11998
17751
-7426;6388;11879;-521;-18011;-14159
-5060;-4509
-9571
-15954;-8084;-17494;14074;17887
11441;17859;15837;-1055;-18127
1186;-441;18410;-13680
13665;-886;-16025;2280;13662;9167
-18068;3191;-8297;13598
-15473;9910;-4014
-1348;-3861;-17048;-15995
11596;-10208
14358;1081;14623
-13125;-9013;-12023
8290;-10532;-3194;12270;10943
-16441;5992;-10698;-1275;-7275;7822
18214;-6584;5947;8955;15823
17781
17784
8384;11233;692;12741;-8536;-14922
-7441;15188;7702;-14010;-13823;10975
-2433;-7442;-5434;1337;-12699;17069
1924;-6648;12615;-5864;4714;2861
-8289;1697;13188;-11800;-8495
-16917;-9542;-12711;17277
-5512
-14152;-8857;204;9100
9609
-5517
-13711
9616
12896;435;9124;-17820;17595;16060
-1106;3846;-12364
1664;14529;-7986;17090;4617;190
13722
3026;17187;4903;-12536;6939;6493
-11969;2338
-1844;16601;3066
17826
10546;-9687;12871
7024;-697;-7981;14045;-9183;-4656
-3042;-788;5278
17074;114;645
-8838;-6471;18411;6541
-8263;6263;-17420;13871
-9647
-1701;13092;10543
-17607;14969;12286
-3377;-2177
-1458
-11859;13922;-5636;852;16791;16060
1458
-6020;-7728
17843
-9061;11620;-6264;-16282;15483;5965
-17848
-9171;-788;-9332;7333;13422
-16769;8115;14214
-1620;-10501;6453;-11543;-12665;3833
1467
3618;-5669;-7610
-11713;17278
12227;9722
-11751;2088
13346;3988;-8953;-18045
9376;12936;5805;2029
5572
-17014;15662;-16511
-10681;-3088
9779;-2121;2014
16632;10697;-9724;-6927;-12159
3072;11906;9511;-10766;8239
4083;-17892;-726;-11530
12881;15558;17960;9320;17562;-14446
-17876
-4790;4536;-7082;-10029;15870
11124;12004;-10326;-12362;-16635;17690
-8182;-17977;-17626;-2767
17884
-3186;-12787;-7572;12101;11259;1691
10499;-8293;-536;-11371
4688;3157;-3783;9480;12974;-432
17399;-15964;-15232
1200;12598
3060;-441;3163;-11390
-12146;-13971;16836;-6765;-14142
5619
14112;-11121;-8615
-5940;8595;15259
9724
9726
-3250;-1607;1736;-15056;4287;-4032
10929;834;-7396;16006;1420;-12062
-1528;7164
13831
-16101;6364
-7219;-5496;-12616;10200;-10445;3550
-5642
-17933
16432;-12356;-6021;3496
400;-10949;-1031;2616;-4880
7248;8132;-4764;-15869;-400
13846
-11906;3144;-9182
4448;561;12666;-12016
17948
-2450;340;-11821;4957;-13071
11681;-5396;-6004;14569;11291
5665
6576;-12371;884;14676;17341;15423
13236;-14807
-9138;9494;16168;13720
14981;-9312
-11689;13263
16498;4787;-3636;-3787
16941;17405
13457;-5059;-7892;17177;-7835;-76
-4057;3385;-9103
13968;-17985;-16982;-13656;555;-4351
11740;-13328
6739;16440;11182
11057;8049;7701;1320;14426
-14483;13141;-16637
7506;18243;2324;-17932;11933
-7905;-9078;-16759;8459;-17279
-16003;-15413;8534;2156;-5455
-7626;-9914;4077;-2447;-14368
-4251;-10797;-1390;-1552
10756;5509;18410;-16686
-7330;12290;-5092;-14119;1415;14443
-10469;16873;-4796
-17995
-16334;-18046
-6333;6732;-6110
-18013
2320;11441;12444
-11169;-2787;-6134;15784;-5517
-18016
-4089;-6460;-16622;5054
-12370;-12644;-9391
15009;-4183;3102
3824;6480;-2163;-12585;-17678
16481;11292;-17598;4142;3710
-13009;-6619;1051;-16348;719;-12496
-9839
-1648
1651;5845;11577;7151
18181;16237
11712;11745;-17158;-2041;-8347;-13949
-1656
-7417;1660
-15943;4232;7725;5646
7840;10420;16564;-15833;3150
-1074;15734;3062;214;16493
13460;11687;-15291
-5235;-1099;7998
-16997;-9247
-9221;-18106;6846;-1679
7569;-9123;13858;-5047;12614;-14095
-12141;17918
17616;11841;-10722;12118;14876;-11279
-7988;-7669;-8709;5817;4428;-16239
7507;17062;13063;5016
-18075
-9886
-9887
-14584;-7593
17777;-10023;-12264;1656;-18075;-9440
14978;12530;9826;15774;14127
-15793;-17941;-4831
18084
10017;-13925;12581;-13542;14890;-4223
17137;2756;-12070;14360
-6611;7858;3646;16543;4847
4594;16738;-16999;-8042;-16351;6063
-8056;14040;-5308;5534;-7920
1330;-15333
-2513;17285;5637;7032;-8190;-17535
-2322;-12852;5263
-7761;3738;13934
14598;3527;12392;-125
-13284;2101;11880;9215
-3826;1331;-3322
-4724;-6103;680;218
9685;15352;-9932;-4861;-11982
-7409;-15883;-7118
1046;-9816;4328;13834;4637
-16979;-13707;-12016
2657;15603;12309;-8347
5603;-7352
16417;-17732;12723;-10663;11419;-6318
-7683;11234;2296
-15346;4196;-6554;4282;-6541;-2270
-6156;-11983
-5851
-1909;-17878;1647
50;2515;5418;-8925;-18125;5022
5353;-15306
-5507;-8339;-16589
12067;-11334;12794;524
-16561;6605
-9957
-1156;-2858;10682;4443;16719;6703
5409;9273;11660
-835;16468;2517
-15160;-18077;10989
14056
-5868
15249;-17730;-3388
480;17808;16255
-1777
14064
10657;15695
-6440;-17866;5898;-16763;5788;-9261
-1783
7153;-1273
-11010;8099;340;-5834;12954;-2764
-10420;3959;4663;3583
13253;13419;6077;-14575
1680;-2955;15355
-9076;294;6984
15957;-13820;3759
-13793;-16517;-15926;-8088;11289;-16111
-4965;14265;428;15933;7405;-6688
13650;9144;-4015;-12879
-1815
441;-17166;6718
-10008
4176;-13845;3332;2296;-18332;4171
-14065;-963;66;16006;-12302;9437
7891;-11764;-3352;4845;2877;-14608
-1826
9073;11796;1437
-4837;6663
-8402;-8598;-10685;-6911
14401;5618;-12805;-10470;-13356;2495
16417;4578;11060;-8233;8491;-14095
-729;6668
18227
-12980;-7880;10823
-5941
-13105;-13316
-10038
-15937;866;-8936;-7502;991
-10801;2640;14104
-15393;-4117;1277
-16774;10826
-4609;13200;-1156;-13066;-12605
-10051;-16679;4519;-6889;14958
-14773;12084;742;16089
-16354;-1413;-17527;16006;17932;15501
14148
14659;15896;8171
18249
13206;-5287;14427
-15457;10886;6038;-14649;-974
14157
10594;3565
-15089;-2004;-5259
-1873
-4069;-1323;-17504;12831
-14163
-5973
15652;-9679
682;5292
-1619;-12548
-5201;4033;-13860;-3238
7157;10808;-8683;-9900;7743;-17200
17534;11358;5759
-16196;12851;21;16582;13834;3467
10880;-15343;6351
-10082
14181
7858;-3525;13948
-12389;-9990
-1460;-440
5682;-14598;967;11964;1981
15088;-10228;13398;8220
11648;7353;-13003
5998
-3318;-10876
-1249;8289;-7491;-15173;13718
192;10626;1919;-2640
-6082;9892;-9813
11472;-262;15702;-4126;-16511;-4367
-13761;-4898;12866;11752;-4044
-11634;1524
-4833;-6868;6184;6376;-11597;-15760
12819;15366;12791;-2363;4270
-12263;-11758;1615
10580;-15733;-3513;-13741
18310
-6024
-15911;13980
1824;17794;6098;-3305
-18318
10126
-6033
1937
-605;14831
-5347;-12394;-5579;-15484
-7108;8283;17151
15258;-9215
9681;8276;2645;1320;8702
-17505;-11209;6954;13548;-1936
1956
-3556;6196;10825;780
26;1932
6059
-6061
10593;11687;9930;6619
-10007;-13115;-9118;-2496
-18352
6802;-5175;-15886
18048;-1521;-15829;5369
14386;-8318
6071
-7044;13116
6688;8401;2565;-1144;-17373;6942
-13847;-8168;-13000;-12026
10176
6550;11818
6097;7188;16277;18151;-13211;16635
6084
10181
-1645;-4446
-10192
14293
16516;10070
-3506;-5689;3087
-8634;605;-6272
-11261;1052
-7105;13429;-16715;-8012
17282;-4595;15044;-7336;3543;-9631
-5414;-9036;9870;-9728
-14760;-7128;1468;-6176
15105;13794;-996;-5460;6932;5413
7417;15084
9936;-1156;-9864;8216;1820;9454
-4420;3156;6406;-9128;-6234
16705;-9332;-11094;667;5087
-5266;49;-7078;-16267;18335
6131
-17525;-8614;18134;-2224
-10233
-10309;-17479;-15502;-7904
1393;-1508;-6024
13824;-8210;-14978;-3284;4345;-1935
-14921;16970
-8161;7697;11620;-13206
-11665;1320;-12445;12542
10253
-10578;-10552;18024;-2377;15161;-11741
1265;7848;9947;-4703
-17089;-642;13508;10388
13506;-12892;-1053;-5727
2080;2256;6403;-16910
11712;-13972;12696;11497;623
-14709;-16045
-163;9288;17534
7906;-935;-5815;-6359;11384
-3172;5258
-1524;-391;-8364
4082;-10937;11465;-14971;-4016
-4453;-1738
7904;12449;17132;-17150;-14911;-15712
1313;-1577;6457
-1909;12199
6864;17842;-14505;-16398
-9458;6530;3797;17615
5586;-18071;6109;-16207
-1972;9303;-17802;-5900;6716;15854
5539;12950
-12180;1285;11653;8743;-9178;-2429
6205
-6658;-9364;3285;-13675;12222;-208
-1302;17302;538;-14429
16962;-7337;2761;6108
-8716;17323;9887
11538;-4837;10292;12756;-5626;-5628
14451;-17594;16155;9582
10315
-10319
3216;-17078;-4649
11010;3077;8204;10717;462;-2672
8981;-11111
-8834;1330;17719;-16617;7613;-3344
8230;2095
5105;9317
10328
176;18349
14365;-12223
10334
-8949;406;-6014;7325;13470
-14791;10407;-7404;13931
-2147
7392;-12052;-6679;1751;8781;-9536
10342
-12193;-2250
-10244;-8295
14081;4937;-8669
-589;15037
978;-5321;-3529;-25;-10651
6948;8821;15067
3169;-4022;-2328;-3880;17418
2167
12481;-18328;12120
8421;11180;-13327
14467
-6538;-6750;18047;9711
-14477
16752;1570;-12037
-7188;-2014;7006
-17588;-7302;-2972;1086
17571;9960;15628
-6301
10176;15138;13757
4199;12232;-8363;10525
9680;-12196;-13575;8151;-13978;15599
-14424;-16552;8270
-5249;-6380;15102;-1248
-4212;3622;15992;3608;-398
-14519
1616;1312;-11011;1300;17209
-7250;15143;-5657
-865;-8345;13980;9757
-10860;10748;14317;-16447
12307;9349;7638;-6520;-12336
-338;-2985;16329;13823
-16450;8326;5308;17357
-14543
-4839;2583
5762;-7430;9546;10764
-5922;-6562;8163;4791;-6825
11015;-13276
15601;10610;4419;15510;17143;-15963
17617;7923;-2604;-192
16875;-12880;6463
13616;11355;-7983;-6527
6369;16025;-13786;9577;16858
-17099;-3788;-14158
-11140;8215;-11641
14289;-6629;17416;-6414
-17529;-9195;-11566;-10766;9902
10793;11978
-1035;-17643
2693;-12568;12170
8051;-7751;6093
-16378;765;-3071
-17363;16658;3301;10987;-13469;-6511
17362;-5477;-14892;9406
2303
9461;2969;-6027
-10506;-16381
6407
-10706;-1529;12728;9593;-13226;9548
18037;4009;-16221;8782
-924;11436
10352;-16146;-292;7723;4780
1121;5018;16667
1527;-2795;15883
473;14142
-7186;18007;-922;13436;-8719
14163;16196;471;18264;-3371;-10624
-3558;-3783;13769
5569;15564;-14703
-16664;-15832;409;-14844;-16846
1783;-4344;-1977;5289;-4811;10494
7394;-6519;-7312
-4515;-7219;-4709;10997;1958;1146
13648;14612;1989;4861
8001;18419;-18021;6699;1197;-9855
13315;1320
17283;-3911;-7608;-13770;-2541
16787;-12005;4951;1015;-17199
2355
-6033;7330;5158
8337;11444;15141;3303;15420;18348
9489;-3239;1975;-7838;-17631;6686
-3338;4123;1583
5489;15925;213;-17462;-3368;-15456
14660
6192;7810;4130;-485;5206
-2273;10577;-14774
-8213;2746;-9195
-9858;-12148;-2453;-18246;-1801;-11117
-1985;-2849;562;7511;-862
-12821;4310;-11642;13679
3058;-4820;-16026;9097;-14173
-16273;17991;14459;-2206;4797
9591;9183
-17670;-13402
-5077;14613;-10375;-3784;-1641;-238
-1176;-14778;13547
8756;-16519;-13161;-16319;-10223
5184;-4482;-6674;-8774;13750;-9612
-16100;-1588;-5878;-808;-10812
2736;7698;16995;-14644;-7689;-7514
-13313;-13769;4360;16207
-677;-3720;282;1695
-5170;8673;9272;8489;-2714;4350
-12982;10558
-2426
-14513;5985;13610;-2656
12672;-14147;7930;-4016
13456;17858;15116;10574;-5408
2447
-17601;16145;-11110;18059;17564;12159
-11473;12928;6754;-5334;11611;8444
-2201;-8730;8479
80;4826;-15551
8624;2617;15791
15814;1670;10374;-11643;-13759
11205;-12471;12079;-17888;17727
9765;9082
14751
-6164;18086;-3431;-10956
10657
-10662
16835;16183;1276;-5742;-1504
-1458;-14213;14853;9333;12429;6110
-242;-14531
11809;10337;13107
-11156;4;-3622
4884;-2398
6585
976;3378;8292;16454;-9050;15210
15041;3141;-15690
-6418;12482;-9379;-14981;-8784
-10905;10746;9629;5326
14798
7725;-13422;-910
-1797;-5466;-13231;4494;13487
-14803
15841;-11388;-6976
12548;13924;17016
1653;1209;-9488
12401;-16264;1868;8622
-5745;2610;-7591
6481;4066;12468
3291;7439
-3313;13042;-8942;-15615
11089;14753;12090;-4286;-16783;6158
-5255;-10023;4543
5925;13765;13206;16745;-14203;-4224
-6640
1249;-249;-15837
-3220;2340;7527
9314;13938;6373;-18184;10024;-2528
-2810;9467
-2114;6356;-13388;-9805
17040;16177;-6072
3252;-683
-7315;16405;15737;-16285;9228;-7008
14858
-1318;3478;1326;6670;7806;-7200
-16642;2713;7261
11971;11080
-323;4085;14698;-7597;9630;-1536
-6673
13137;11252;-5302;-4778;557
-14867
-5202;-11513;-18123;15869
-10065;-2149;2724;11125;4971;12364
1191;10616;15405;12238
-17507;3778;11140
-10300;12891
-4337;13920;-10465;-11671;15145
-13160;15755
-9202;-5686
6576;11019;-10896
-8774;-15447;-8543;17870
-17220;-14886;5502;4767;15135
-8273;14977
-1793;10945;-8996;2453
-2612
10803
-7379;9158;7015;-768;10975
7472;13169;-12390;-12040;10503
18354;-11638
-454;3461;4662;7241
-2865;-14818;-17692;6379;5165;-11566
-1464;2314;-17532;-17180;4987;-14717
2195;-9845;-1370;-5646;-8447
-3105;-2530;-9288
12247;-14666;-1838;3213;7775
-3537;-17281;3578;2314
2638
-5093;-2841;9162;-13004;8573;-7630
17094;12727;-12408;8985;6218;6892
-15122;-981;15525;-8507;-8204;-9934
5056;-15898
-1266;-8419;-11190;-697;696;-2254
15349;-3591;-6376;-6685;1420;-2768
-13201;-10851;-3175
-9571;18090;-1773
7236;6792;6200;5659;17725
3696;-5140;-7557;-17654;-10552;-2317
1315;-3976
-12771;-9205;15215
10037;-3276
-16833;16101;-10742;-16682;-2080;15279
-5867;13517;15502
-10788;4118;17127;-17226
-14962
17282;18163
8162;13363;3975;3017;9709;17710
-897;-9627;17309
-14978
10884
-16900;4212;15461;-2728;-17594;-5627
14984
-4086;7351;-5290;16841;8650;11998
132;1372;-13486;-15294
-7115;10029;3886
7857;-3124;13188;-2982;-9375;-12368
-15153;17969;-18340;213;12983;5035
-8131;-15956;11028;3140;2520;-3503
-12833;-3861;13982
3778;15318
1362;9748;13095;-15803;-15213
-18227;-7989;-4844;4444;11612
-13316;-3957;16229;-7929;-13472;-752
-6258;17167
-17460;5508;-3423;4462
-2084;-13158;-3687;15911;9835
8370;6166;4570
-13956;-17440
6819
9072;9425;-2502;-3206;15623;7085
-9955;16643;2839;-1288;-15068
15023
15781;3341
-3686;-3152
-8964;10936;2042;18107;8283;-15375
6562;-17496
10993;8311;12137;-8219
-15032
-12737;14707;-13447;-6089;17915;10587
-17734;13797;1190
14657;-4982;-10247;-17800;3736;-12687
7744;15458;16615;-2442;5758;16959
-13377;8560;-10343;8314
8644;11557;-17451
-7777;5025
8775;4905;6269;-814
3730;14183;18297;-4783
-8210;-7682;2089;-10125;-11600
1302;4662;-16921
-2339;-13203;16707;17716;16248;-3692
15058
7189;7870
-2694;-12368
-10755;11898;12367;-6640
2496;512;5202;14821;8415
-924;-8061;15950;-17936
2782
7397;7494;4280
-18385;12779;8573;12110
14194;891
17248;10465;-14003;-16510
-4803;-10072;7976
4448;-5987;-17237;-16795
14920;14378;-1915
-5815;3005
-1939;-12229;-8376;14873;763
6910
3872;7139
-6002;3181
-12418;13017;2221
-10552;-8654
6305;16602;12685
-10403;7672;-12363;-28
11312;-7174;-6858;7051;252;10541
7832;3199
8069;-10912
11035
6097;17228
-1478;15175;-1384;-15560;-4541;844
-17555;-9871
389;3848;-6268;-1598;6478
-13649;-657;-11236;7576;15115
4240;-14890;-16782
6113;-18072;5068;-9792;-14848
16352;-1890;14220;-9438
548;1514;13087
-2862
-12612;4740;-5399;2216
-8037;805;-16007;18073;10973;-16862
-14100;12324;-11673;-4475;6863
10369;385;-7337;-6973;14622
11067
15350;-12474
9009;-11827;-12230;-16824;-12301;335
1747;-6919;-14090
-2850;-454;-6198;14853;-16424
-565;-2422;-17193;-3929;-15834;-7998
15173
16961;-7365;15767;-18382
-6985
16130;-3829;-14265;-17004;7884
-15028;1524;18150;18393;4429
4996;10185
8449;3689;-15611;-2668;9021;-5775
8994;7270;11895;-4152;15755
16865;6515
2273;-12949;58;-12763
231;14959
-11096
1680;-8681
6037;17467;7549;4621
10547;971;-415
-10439;-12953
-9073;6158
-1446;10091;1677;-7408
-11108
11347;-16663;-14008;-12524;16639
15209
9669;-12592
-12939;9578;-9534;-462;10429
2325;606
373;-17673;16456;-16700;-14061
17637;-6199;11977
2939
-8406;1622;-17339;4799
4567;13592;17917;-4464
-5921;14646;13337;1359
15229
11134
15231
2690;3844;-8310;6554;-10013;-1807
9105;2050;16565;12725;3463
2945;-7075;8899;-6539;-17564
13344;-7185;-994;1091;5049;3932
6739;4771;-2551;-8299;1772;4621
7055
-4661;11719
-11161
5050;6111
9920;-8115;7051;-5885
-11168
12309;-1623;-15435;11820
8818;-18346;-5742
7078
-10770;-11987;12934;6984;18110
-3798;5637;-9319;1290;11595;5775
-7087
-804;-6283
-9572;741;-3287;6023;13182
4193;-9108;3091;-2591;1422
7088
-7779;10773
-2913;4738;17971;-4022;11209;8782
-14965;901;1269;3654;2047
10288;907
3004
12215;15370
8450;-15588;-1913;1707;4333
15301
-13321;-1982
-13058;-16258;-1301;-9734;5447;7309
9830;-7032;-18108
4242;-5748;12807;8105
7363;13315;-6008;7175;266;-10896
17381;-14350
-13656;-15321;-8698;-2221
3192;-160
15321
-15332
-15090;8572;-13904;13279
-4961;11616;13776;13421;10158
-1047;-11465;-3962;12539;12268;-5279
-4196;-16074;13114
-3993;15245
-14713;-4735
2246;-11770;12587
-2445;17805
15363
18128;-6438;-15773;1007
3077
-8122;-7245
10352;-16499;17186;2756;-6616
51;-6117;15818;-4203;1631
-14002;-10051;-11802
-17650;-9540;-7941;15478;18135;16894
18385;18148;11172;10874;14143
-15297;5600;5879;-15660
-10641;-8886;6156;-2014
-2291;-12117;-6523;11900;1854;-16
-4086;11415;17387;-17519
-18034;-17837
15520;913;-2615;-2009;-14912
8594;9894;5689;7965;-4464
13392;14286
-2417;-9302;14230;4826;10220;-2160
-1188;16101;8681
7210
3118
3120
13778;-9062;13686;15750;5833
10833;10018;-1342
-8305;-9702;6230;-8507;-4766;-10848
14161;9449
-20;3285;8229;1623;-7824;18319
11312;-14263;13144;1133
6438;9482;4747;-18367;-13632
3730;9432;17658;-11228;16317
14704;-14275;-3255;-16701
17978;9742
3145
11028;15573;-2079;-9087
-6513;4900;-3580;2045
993;-16431
2752;-1873;14096;15105;-10543
15442
15681;-8371;-8164;5925;10375
16498;11237
-15449
-1452;-14493;4588;13629;-9536
-1063;16520
-4834;-5334;-16632;-17274;-3068;-1088
5845;-13118
-4387;2755;-13833
11369
-16690;-13273;-14923;10203;12175;11135
-11374
-915;7927;16650
17558;6107
9712;-16759;-16622
8931;6566;-2920;-5289
3634;-17221;-4678;13511;-6636
-13670;6375
7152;11622;4905
-14790;15254;1068;-12926
-11409
-17235;14366;-12640
10280;9400;-6875;-1391
5665;9044;13045;-8460;4412
16115;11160;699;-4268
-11591;-2682;-5340
14600;-3177
9506;-858;12523;10733
-11425
16897;-9568
1604;1895;-265
-2579;13173;2983;18330
-10823;3485
-948;16915;179;3483
-15540
3648;6595;-18040;-3515;3963
15541
-16978;17281;12843;14685
16214;-669
-417;-2563;10900;15817
-9565;-11855;-6416
1891;6309;-8759;-15370;7852;-11568
-17937;-17431;11626
14113;7315;6120;-3805
2355;5589;18117;5465;4506
-8239;4974
7361
-9203;-2569;4409
-15329;12835;-7881;13645
7520;-12121;-1292;13853;-9294;12798
1716;16841;17486
6851;521
-15657;92
-5381;12133;12090;-17052;-15566;17053
-3280
-3288
16724;-17413;635;11535
-7387
13171;17491;15898;9978
10145;-2341;5589;7749;-14921;13453
11485
-15742;12446
11487
-5209;5805;6799
-1462;1432;-2027;-173;-9263
-11494
-17460;6968;-17374;-14
10161;9529
7405
869;-10024;-14635
16833;519;6824;-9661;9279
-9108;17572;10613;-7259;7342;16926
-13395;17827;-7863;-4189;205
15155;-2742;16843;-9551
-12066;8741
-5460;-2406;-15207;-10858;14218
15168;15013;-14614;-8300;12447
-8276;-1220;-217;3513;-13515
14272;-4154;-10204;3423
11600;6274;-2247
-8466;14994;-3188
3363;-13077;-1819
803;7542;7289
5895;9743
-3351
15474;-3318;5493;-2007
13670;-15688;-7561;-1689;-8891;12701
-11557
-15986;16930;9034;1578
-16453;14327;-9674;-14127;-14304
-1509;-5080;-9067
-13317;-8294;-1534;15678
-3249;11671;-6585;8190;13823
-7425;-2049;-11667;-16452;1252;16585
13729;14289;-7924;-11832;6248;17533
-15663
7471
-3321;-8251
13586;-8902;15080
-3387
17824;16713;-8973;-18080
2548;-9895;10041;8874;8204
12969;-5484
-3392
9459;-12856
-10418;513;17444;-3773;16157;-4238
15026;-3435
-4354;-51;4010;-12191;-8991;5887
-11595
-14450;4641;16212;-12888;-1017
-12634;17228;-1184
12242;-10007;5271
7856;-8388;-1510;5452
-11382;14078;-14304
-13127;5615
-6828;-15180;10396
11612
12322;14036;-14744
1234;13651;-3270
11618
17314;-8253;-5998;365
3073;-12997;17449
-4850;13329;-9140;4916;2857;-14640
11631
5696;-1473;1873;-5524;16342;7006
10498;-3957;2584;14795
2800;17025
-869;8411
7545
7028;12805
-11012;-12685;3854
-5236;-10512
-14403;-3685;-16631;-5611
-5110;5657;10697;4510
17090;11732;-18236;-3021
7566
-17298;6579;2262;11928
7458;8259;-2918;-12070;17819;13596
1825;18275;12516;-12373;16873;-9068
-18149;-4301;-5599
-4722;-11094;-10797;-16109;-5808
162;-16709;-15600
-8689;-14779;4156;7644
11505;-3932
-7575
-15772
16624;4817;10722
-1073;-17299;8933;-14538
12483;-8406;-3414;-7514;-2621;5966
-5720;18361;-18011;-10428
2640;15154;16330;2155
-17665;3590;13033;12748
-2817;-9126;2779;6603;14268
-10563;5029;11541;16199;18173
1010;14794
14178;-11012;17957;2043;-12221;766
-9297;-2499;16786;-14904;4523;1868
-7619
-6501;-5749;-15851
-194;-7831;15645
11536;-6164;8074;-16973
-16754;-11354
12787;-9255
-7629
10963;-3254;11557;17513;-12764
6659;4102;12619;4732
-15826
-8165;15799
-11734
-13313;-15586;-14324;-8260;7940;-9152
-8504;8888;7369;1612;-7901;-9104
-16402;-16916;3638;6825;8253;6959
3170;-11945;9513;11325;-8511
-17825;-7411;-6357;2806;-7770;8428
8850;1096;15962;14509
5696;-17442
-6946;-858;11359
13392;14741
-8129;1297;3273
-15041;-4483;12984;-12746;7535
83;266;11407
15855
1245;-17103
-16673;-13715;-14142
-11765
-17105;-3367;-3583
16134;9224;15817;7455
-3908;7683;964;-8315
-4475;-15487
-18134;587;-3246;9023
17266;1699;5094
-7721;13513;1883
-3139;-8876;15596
-5;-11880;16428;-957
-7745;11331
9716;-5623;-8535;-13899;-13662;12031
7684
-3907;13703;-13390
-13531;9935
7691
-2262;1144;12907
-6612;2741;14326;8622;13199
11796
-7650;-8246
3609
-12895;-3008
7714
11136;9027;-11510;14426;5115
-12993;-10167;-17420;95
-4936;16748
7717
-7889;15140;-3685;7245;9198
5554;-10345;-3690;-1021;-7902;9678
17136;12201;16777;10765
3380;17627;-2734;-6448
9241;3899;10974
-3398;-9430;-12634;-10942
15316;-1403;12142;-6031
7737
3890;14410;-6463
11839
15826;-6294;-1783
8776;8441;-11322;-17742
-3660
14695;3975;15319;-14456;-16042;4266
13412;-13274;-11996
11481;-12714;10;17179
-18341;-11295;13679
-3669
-7511;-4872;-15865
15098;6430;14911
7768
10314;-13564;15119
3971;16313;-16380;-46;8014
3200;-9251;-181;16569;-6656
11882
-8434;-14695;8347;-10222;-3951;4783
12869;15400
15618;-8757;-5240;13948;8606
4643;15436
162;-6835;18181;-14666;5467;5483
7794
-609;464;5940;2532;11765
593;1142;6072
16209;-213;3978;12075;18285;-13854
3713
3715
-593;-14451;12516;3082;-16560
7652;8357
12484;-4789;5783;553;15738;-9663
-16012
10657;1810;-8310;13495;10650
-4498;-7422
-9650;-17603;7620;-14777;-17803;-668
11921
16784;-14795;18125
11924
10672;-7221;12574
-2258;-2402;-16343;2936;-6155
5894;7980;-6032
-14561;9590;1222
10385;4917;9240;13322;15036
-16038
977;-3259;-6076;11484;-14030;-5134
16039
-10803;-3653;6741;11318;-5534;-18207
7851
-9174;10600;10153;-9322;13787
16047
-531;-13831;8669;-2176
11969
3040;17133
-1637;15543;15358;15486
-10324;4199;3546;9163;1308
3796
-4613;-15579
-1649;-1729;15794;1914;-18013;-127
-7906
16099
10945;-2169;-12589
6249;13949
8842;5357;-6288
-7778;-11094;12924;-10159
3408;8208;-11924;-4331;-15565
12084;-8265
-17541;-2487;1575;-13579;1740;-14496
9395;-5563
-17345;18301;-7262;8654;9678
6337;5989;-5036;-5628;2172
6243;-2408
-12029
10944;14757;9563;9534
9750;15271;-14923;13869;-11936
17827;2397
-83;12347;12508;7743
-12391;-14107;10364
-14929;-15121;-14322;15669;8470
-1761;3665;6275;-14324;-13291;-4896
-5106;13060
3953;-1047;18407;-9261
-7960
-8756;13523;11390
-740;15129;11339;13629;-15006
-5473;12713;8925
-3881
1776;2106
-3883
6307;4216;5658
12225;-12774;-1351;17483;14331;10844
3897
-15378;-137;-10010;-11150
16979;6439;13258
-10422;13575;9849;347;15135
8008
3043;-4134;7225;-2222
-3914
14434;14056
-15697;6262;12873;-331;-7022
-12109
17285;-5176
-5634;-4659;9318;-17048;-8123;-2348
-9414;-4663;5899;-6956;3023
13808;17494;-12743;5288;-3545
-16466;-12483;11922;14055;9818;-14863
-4546;-11603;1778;4523;3965;17998
8384;8115;16147;11644;-7597
12212;-12567;18249;10607
15264;12836;8582;-3336;-11948;-13375
-7697;-886;4869;-16602
-4225;12929;3761;-9859;14644;15355
3934
-3271;15402
-10982;16614;-8440;-5229
8041
6736;11729;9318;-1468;-7023;-15344
12294;12136
-1316;-14925
17315;16423;14167;13391
-7922;7810;1576;16344;-7884;10413
3956
2387;-13237;-4759;8536;-5083
8059
13651;-9688
16253
-11394;6948;16710;-8441;-1962;6203
-3971
14731;-143;-13551;-13200
7190;-2616;17175;18333;-11535
4288;8320;5492;-6502;-695;13548
-9057;-7207
7616;8065;1809;-2771;10901;2933
-13605;-14951
-13060;-3208
-16889;14809;-6794;2892;-10286
-14022;-13478;-13054;6237;13950
8078
8092
14816;-1460;-52;1940;-12442;17579
-18404;-10172
-8099
10149;-18253
-2673;-18341;-15510;7418;-3244;7853
-6467;-12154;-9981
-1162;-7949;-111;13247
7393;8484;-8487;17739;-11740;7021
7264;-3921;-14133;-15478;18143
-4677;-7301;-10903;-9833
2067;-9078;-6856;13991;3918
16633;-15325;15023
4044
-9507;1492;12061
11076;13451
17121;-16691;-12788;-732;845
-15569;-17090;11123;-14074;-8572;15548
8407;-4348
6066;-14821;-3934;14877;18255
-662;17013
12949;11980;3711
530;-810;16633
-5589;-13239;-18105;-14493;-10190;206
7524;-17766;-6112
17507;18115;5311
16359
9648;-15266;-2084;5174;-3370;-14559
13490;15667;-7685;7179
14480;2866;12818;11845;-8774;-16872
-5045;12168;16920;1464;15497;-4159
-3489;16545;-16371;-10548;10917;-17517
-13281;-2567;-520
-16371
-11201;968;2045
