11958;17113;-1819;17804
-7922;17841;-16978;-9327
-3778;2081;4921;9065
12130;5764;5845;-3256
1202;-14298;-18173;10783
-13704;9367;4329
-13
16401
-12818;-6611;-1716;6664;-1420;-510
16693;4566;-15657;-12030;-4447;2655
-12316
16662;-7466;-976
-9582;-10928
3907;-17637;-7565;17166
-17427;-7187
-18417;-2369;9092;9642;492;-10768
15888;6981;13126;-6553;-730
9360;9972;-3383;15432;13725
16392;4139
-3142;-15975;2279;10267;6622
51
-12916;-13829;-6968;4105;-12350;-11344
15876;-3532
5952;5828;-7351;7963;-8240
13024;-14275;-16660;3124;15148;-304
-7937;5861;-10362;90
3697;-7687;13563;575;-15744;-10848
-10274;-14691;9352;-17387;172
2528;15890;-2053;8359;8104
11121;-3652;-6967;-14007;-2940
12022;2186;14524
9603;-806;12377;8444;2925;16670
9058;16230;12742;-5833;5176;-448
577;1554;16946;-6728
-2833;-16055;10633
8261
-8020;16035;-6629;9196;18159
-9449;-2910
16456
7832;-7757
-1625;12360;-14907
-14822;12344;-4859;7261
-10787;-12940;-11388;-8141;13580;-15456
76
204;-16670
-16481;-2419;-1175;-16872
8275
14321;8626;11059;17773;17935
85
1296;17495;-13935;11615
2400;3832;3514;-7852;-1982
-14145;2248;-6671;18126;-11936
16473
16373;-16471
-5842;5940
1472;-1937;16947
17729;15911;11516
-8834;8732
400;-16888
8305
6832;1410;17796;909;1839
-12714;12831
-4753;-8001;-15603;-6075;6122;-12768
1105;-3398;-17032;7387;11484;16958
-2321;-3673;18411
-10871;-13837
837;12789;15177
-16423;10329;7897;539;-2478
-8333
4642;16771;-9866;-11405
-7906;-3978;11741
17207;11608
-1378;-10500;3062;8294;11226;5823
-3751;2809;362;8778;12426
704;-11170;-611;-312;-600;11839
7602;16152;9498;-4428
-1969;-4498;-18210;1363;5719;-3038
-155
-15253;2805
1168;-4373;-14039;16438;17351
-16089;-12746
16546
-3619;8072;7998
-935;-11519
-16212;14277;5063;-7848;-424;879
-17335;6775;10139;-7004;15787
339;-7684;-13694;-15999
12097;-11448;16379;11820
-8209;-12354;15384;-6394;-4988
5652;6821
-12453;7623;17304
-12918;-14136;11128;1388;10254
-10274;664;9418
9572;-1180
16586
-2614;6345;-12127
8976;-10261;-5130;6620
7456;-17141;9895
-16102;-11879;13879;-16459;7050;15103
-8230;-10662;13847;5263
-4318
4807;1083;1579;16683;12939
9671;2846
-9338;-14187;-13068;13581;2302
2769;4646;-16039;-6073;-18303
3280;8530;1847;-14348;4779;-12512
4514;-5363;-1462;-6121
16624
-11733;16073
14608;11746;-6474;17230
12534
-7798;12142
17297;193;4054;-9007
-17841;16560;16736;9553;-1269;13375
-8444
9809;14691;7347;17141;-9312;9727
18020;11114;7983
10627;-12101;-13754;2601;12891
-11637;17732;7;-6841;4397;8895
9184;-8308;16019;-17162
8324;8329
1427;11132
-9459;15748;-1164;4975;6559
3040;16242;-8741;889;9802;-16859
2866;-14003;-7606;7045;-4826;-138
14416;11842;-18021;-12984;-7819
8470
9152;-5876;-7349;-4399
6757;-16182;15526;-18396;-4928;8751
280
-8474
6317;-14800
296
17233;7986;-345
8160;10309;-14075
-4399
8495
12417;-11114;15386
-7816;16316
16693
-1234;-5155;6901;7335;-8157
10752;-8276;10122
11953;-131;15652;-15991;-1481;-14410
4743;-9152
5910;5783;-73;-11308
-4562;-6692;8998;-17386;11134
-4961;3073;-14812
-4849;1783;14056;-4397;4045;1966
11646;-12240;17295
6720;1319;474
-3540;11268;4967;-9534;-4318;-3263
-535;-9623;-10647
11856;5330;17602;-15519;9727
-12617
6402;17814;-17879;-12171;11629;-6128
-9970;2706;12147;-9318
15041;9171;-9092;12375;3991;-14764
16724
-16791;-7214;11374
342
15809;-12553;14378;-908
-5571;18202
-18118;-6248;3626;7869;8430
345
8541
-17111;12296;5164
15362;17460;-11992
-5574;-16951;1691
-14962;-17043;-18345;14074;-5038
17171;-1828;-6395;3694
13329;-1955;-10232;15147;-7741
-16981;17111;-16872
-10995;-14314;-235;-3486
-17608;-11422
2130;1675;8204;12925
-16746
-5545;1087
-4835;-11913
1010;2038;-4904;-2606
-367
4785;-14328;-3113
8721;-8351
-17091;-6637;6973
8199;7117;1438
13714;17698;13299;4812
8676;7960;16506
-11938;13028;-3672;6364;-3407
-7173;8056;-507
5040;-17705
-13186;-7605;-3078;-4118;15321
-6118;-5304;15897
4050;4547;-17941;8920;4907
-393
-16625;3137;-12611;-7062
2848;-13731;4338;12964;-7054;-7951
-399
13872;-10324;-18414;-1918
16800;-3768;7993;-559;16798
-6977;-225;15922;17481;15882;15661
-17923;-14443;15580
257;-12676;12015
11603;-3173;-6632;-10398
6453;-14920;-4555;10074;15646
-12363;7855
-16199;3225;12559
-11046;-18041
-16801
1255;-11723;-2238
-2579;-1251;-14291;-15066
2705;-13962;-13741
424
-16812
-9906;-16051;7383;-9884;7916;16012
15232;7328;3346;-10508;4173;9535
-18305;14390;16638
8753;12838;16063;3743
-16674;9393;-9542
-12260;16798
8593;-18276;-7781;17752;-8926
-6565;-14761;-11888
4547
2088;6556
16834;4099
16838
3571;-15749;-12854
-14836;-14103;-6732;412;-4030;18349
-15297;-1225;11978;-13
13552;-8669;412;15646
11762;9909;5367;-14255;8159
17123;5604;14599
-14305;14707;-17013;-12072;15931
-15604;2902;15718;8205;11149;14959
465
11460;17679
3584;17125;1926;10888;-5628;13533
-11362;9253;-2267;17133
1616;-499;-1592
-7729;10776;1290;-9502;-15790
8667
-16862
-16244;-17005
-1329;2048;10114;6891;-18111;-96
-3012;9445;9397;13326
241;17494;-13191;7479;-11051;11803
100;-8780
6449;13258;13549
-6337;15265;7521;8961;5556;-14092
-16052;6821;-7867;17149;-544
15090;1996;-11133;-10543
-8689
496
16693;5479;-13484
9442;4155;-4908
-3457;12065;9282;-5514;-16971
-8692
12674;-11046;-13639;10025;1933;16943
-16661;11717;406;-9304;-3915;-3231
771;-13567
-15930;7230
18338;11876;12086;-4922
14420;-7557;1496;13641;-16459;7261
9317;-18025
13537;18164;-5593;18074;17773
-6228;-1559;-17307
-10417;-8630;-15562;11866;-1276;15309
15840;12690;-2965;11892;5228;2895
15664;-5908;11859;7582
7731;18185;7387
4649
-11106;-10103;-10440;-5770
11138;1704
-10385;-2468
-14129;-4690;16136;-14731;-11824
12437;-8888;6247;-11484;-11166
-9969;-10082;-14546;15045;-1095;11885
12925;16318
-12862
-4672
576
-68;-4607
7300;17092;16743;6584;-6457;-3819
-8690;12179;17572
-6545;5220;17877;1437;-9216
14756;10165;3545;16202;972
594
595
-602
-16579;15090;2758;5305;13193;-2781
-5923;-15624;-16281;236;15438;5167
11841;16642;-13765;-12157;-8526;-11023
-8083;-11796;13128;10286;17551
11280;11432;-13225;-4895;-5200
-2777;14813;862
-9292;-766;16286;6671
-16948;4046
13984;-14405;1896;-8140;-14430
15240;14047
-866;10674;12132;-3893;3049
5312;11689
5284;-7673;-10171;-2171;-15819;1260
-5205;1284;11689;-3055
-225;10295;-10688
-5314;5430;4312;17050;-16764
-12909
14481;-12358;-15657;18252
8720;-17535
-3913;-4911
12531;-15884;-9568
17021
12602;-16670;-672
-15921;13393;9234;-7352
8845
15968;-12402;11462;1990;-697;13004
10066;8103;3769;13722;-10430
128;-181;-507;-16479
-2657;-9652;-4135;6023;-3545;5115
8853
-12950
17797;16550;9686;2392;3389
6881;-8852;11852;-1024
14320;-13011;9334;17402;4491;-3198
-17055
-11377;-13347;-2020;18043;17565
-2353;-14210;13032;8412;-8270;16350
4772
-14177;17740;2365;9550;10735;-17344
-680
-5476;-15436;-16638
11756;-6974
-10555;11243
8710;-4509;-8989
-15691;6797
9115;-222
6681;-843;10843;414
-9939;-691;8565;4151;-6843;9564
15824;-6595;17205;-9338
13004
-8912
17187;-17589;-7383;16874;12111
-7345;13585;-16605;-1069;-2253;-15710
14632;18426;-3661
7602;6866;-25;3853;8333;-5424
4825
-6049;1253;-4127
-10337;-9;1563;-16528
-16513;5845;12009;11018;15948;1102
17040;12370
323;6663;-14670;-5344
8932
4841
-15826;-5507;-12134;2341;9900
-10659;-9205;2733
15410;17862;-10455;5353;-1101;10541
-12689;3908;8084;9636
-8085;-4475;-1453;11676;2702;16767
6693;-15640
-6723;-6320
-465;-10595;-1984
-4853
15696;-18242;11369;127
14789;-9929
-7073;-15538;-10120;6508;13167
11492;-15464;-5304;-6091;-6507;-7566
10721;2214;-393;-17163;17677
-865;-12529;1089;-3352;-5592
12408;7964;-15504
18116;-957
4872
-3187;616;-363;16250;-14095
-17249;6033;14948;-7382;10838;14071
3796;11161;-14176
8974
-6369;11250
-9441;-3170;-9762;-8965;-17941;3437
5632;-16033;4579;-1246;7854
16371;3366;3416;-2461;4301;-3726
-5073;9920;-13827
-11970;-11592;10983;73;9519;11967
16736;-5268;-8886;-9431;-5433;17167
-81;5141;-17047;12075;12990
-9302;6134;-8280;-18016
-14707;3588;10869;12006;9518
-5203;-3788
2912;-15818;3594;8510
10513;10853;16301
7957;-3622;8645;1863;-8937;-5099
2848;5844;-17693
-6565;13190;822;-13481;-1722;-9438
-17891;11410;-9223;13371;-8382;-14671
13633;2580;18244;-9071
-6616;-10937;11770;16892;12380;10094
15088;6978;3909;3512
-4868;11827;16612;2829;-1008
2961;-13540;-5038;-5680
-724;13875;-1734;13977
-11973;-12953;9019;9211;-14605
6293;-10319;-14304;9311
-17216
11712;13474;2022;10488;-15724;15723
-9889;9590;-17528;-1449;-14698;-16011
14562;-11636;-17158;-15127;16234
836
-4934
-9717;8879
9184;-6066;-1625;11256;12169;12783
13126
-4938
-4945
8034;16212;17564
-5297;-1256;-16794;-11294;5853;-8928
-17443;14898;-11619;324;4790
11620;17912
17077;7462;-14783;-703
5856;-9297;-6955;8700;14845
-868
9490;6841;8907;8399
4971
8429;17022
11347;-12224
-13845;-7036;-8173;11790
13168
-16866;13157;-662;-16991
-17269
1891;-8405;7401
10218;-9328
-4706;-12645;70
4992
-4179;14883;2484
-13379;-10212;13795;9221;-9451;-7261
-5954;14915;1157;1177;-5181;-7022
7440;-6931;-15925;-8059;-6108
911
17295
-7571;-17594;17321;3036;5727
13209
738;-3740;2076
9649;-8277;-12246;8725;-6969
7908;14219;3375
4161;-745;-12538
-16497;2561;2292;-15365;14359;17678
-5032
-14484;5396;-5402;-14843;7915
11592;16264;14972;3165
10144;5555;-8085;-6438;6054;-8170
9132
-8995;-6505;6362
9617;-8643;-29
1140;6742;-5581;-15374;3934
4944;-16999;-17567
-819;4164;-4327;-331;10042;-3680
6289;1283;17781;-10102;5350;-3263
433;-3671;-7497;6267;-4365;-16702
13246
17345
17349
17351
17352
3505;-4074;-12688
7493;-14729;8205;12287
-8276;14261;6071;-13209;-16201
-13258
-14033;16336;-16342;15750;-6778
17186;12458
-17359
8905;15451;17583
-5077
14859;2747;17086;-13231
9176
9889;4968;15913;15278
-13282
129;-2468;11525
-16194;17126;-15884;9533;10511
-10595;-11638;-18075;7804;-1262
-17384
17010;-16011
10530;-10359;6152;-1226
3235;-15469;3037
-15090;4502;11975;15737;297;-16416
-9199
9205
9952;-4842
16257;-6953;143;-5408;-5056
-9209
-13873;-6693;-552;5096;462;6351
8066;13426;2231;-6320
-1021
1461;10101;-15801;11322;-6347;8477
-5119
-17409
-9160;-16442
338;-17604;14328;9545;14249;8842
3236;-4264
2901;-14011;-299;6284
-161;-869
6338;14485;-3406
16309;-15273
-12817;2900;-2571;2220;13981;17806
-17601;-5873;6145;-5000;4762;4239
7842;5186;-12793;11739;12556;17471
13306;-14349
14759;5082;-2415
12753;2308;11687;-5530;-11983
5477;-14715
-5146
-11362;15143;-2732
-4211;-13225
4083;16165;3125;3511;-1256
16503;941
-4913;15280;-13972;16124;-16750;9389
-8841;-16027;17099;16734;-3807
7252;-16510
-4529;-2841;-14586;-4972;17663
17456
1552;13968;-2159
-7729;3491;-12469;-11721;-1322
-1078
-14933;13854
-13368
6320;11042;104
-1283;14654
4064;-16391;1127;-3402;-410;-10651
-2119;12071;16376;-3209;-7098;9642
13378;-3284;14579;-12967;5773
-13389
13388
192;13879;-4779
1957;4455;-5309
-11715;10771;-17924;3412;8949;5401
-12275;3798;-5671;-12811;5371
-16729;-5116;4350
-12577;-3627;-13580
9220;5321;2955
1114
17499
-10370;12196;7766;-13722;5246
-2150;-2939;-8317
18104;-16986
-17134;16015
12339;8216;5272;-8319
352;-1478
49;6915;-1736;12028;8445
-5224
-9073;11970;-9731;12058
-5230
8497;-17895;-18296;6078
2500;6;-14332;-1599
-9203;10200;16524
17524
8706;-842;-17051;13755;8861
-8211;740;-8219;10447
-12436;11157;-15494;17919
5105;-6389;-15798;-5255;-3387
6011;-767
-17065;-2425;-5881;3738
-10993;8672;-16547;-874;-10093
5649;-3332;-2725;10344;11709
-10387;16195;-9620;6199;11066
-7738;-13914
-15955;12172;12380;-1742;14221;8767
-17561
15617;10135
15044;6616
5111;5337;7117
-17567
9333;6070;-10122
-14486;-16318;-3152
11073;10598
14593;10066;-2532;-3258;-5389
-13988;13732;5546
-2531;883;-5627;1982
-4402;16834;3378;14232;-4270
-8915;-478
14370;-15572
-1203
5300
5825;7043;-15467;3804
5155;12436
-17924;16711
-1677;461
6488;15209
18160;-3921;10944;10166;-11128;-2522
12096;16452;5929;2027;1580
-2695;14584;7579;-13280;-864
6017;-1780;-10901;-2758
6016;3476;7733;-9420;-2479
-11542;13990;-15163;4922;-9823
-1985;-14131;11970;3699;12853;5210
9426
-11713;17261;-6783
-14452;-16007;2602;2044
-8933;-12784
-8338;-9285
-17876;6403;6858;-1903;7759
-7525;16823;-11656;3464;-2350
-14258;-5382;18150;-16347;10683;12494
2850;-15141;1014;12521
-1247
-17632
-5958;-15770
6836;-4919;6602;15098;-10701;12910
1840;-15573;14635;3709;-9614;10350
-14339;8018;-11750;-13594;9581;12638
-4577;4314;5613
-5360
14272;-11001;-8537;-16479
6422;6118;-12650;-8076;7260;2191
-3671;1816;18345;17466;-6651;-13741
5374
1280
-8230;-3831;-17896
-14401;2517;2406
-1287
15783;9353;-3531;-16556;-14528
-13256;-15720;3113
-6850;-14723;4395;-12782
17677
-12931;17188;-1454;2590
5429;17925;-14104;-7951
-657;16209;-1965
-4849;-11634;5254;-11913;17163;11375
13860;-271
10668;2237;-18304
13593
-1307
-10510;1007
-9639;-18104;-2345;-857;-16267;9036
-7393;-14630;-3639;-15656;2569;4668
5409
-824;-12784
-628;3708;-3950;10382
7228;10477
-6602;5278
9105;-1799;-13752;16702;-11584
1327
-17476;-4333
-14836;4917;-17974;-14396
-3139;-17815;-7388;-1661
-232;-5198
-5432
11242;14670
12209;-15222;9767;-5418
-1339
-7779;-15451;-7005;350;16255
13631
-17505;-6520;15469;-992
-12177;-13758
14675;-4549;-15583
-7012;3527;16285;-11439
17601;11459;-6872;10489;13741
-16294;-1454
17057;7029;-17672;-9561;-14602
1651;8632;2877;5662;-5168
15464;-1807
-7201;-1827;-8820;-550;4713;-4074
-5237;10708
3587;-1220;-14468;17334;239
-17766
9732;3949
-1570;198;14071;10267;8076;-9166
6645;-8630;587
17376;4503
-15457;3989;-3526;13593
-1402
13850;-12445
-17790
9090;-7667;-7860;12920;15406
-18401;-12916;12211;-6885
15826;14262
-13708
5517
-11909;-5946;8239
-3545;-7308;-2030;3263
-13799;8268
5604;10660;-15097;-10797
10528;-10835;644;17227;-6332;6589
1440
-4199;-17388;-12623
-5540
-13570;12124
-11429;-18120;-3774;-13182
-5548
-14898;739;12940;-4654;-11968
-9653
15602;-17064
2052;2694;-10775;-3625
9265;-15811;10611;2516;-311;7481
15889;-9096;-14713;17576
17392;17123;16264;12125
8752;16518;17158
13472;-9444;-4106;5644
-1474
5570
1328;-15091
5553;-3129;-3899
-7174;-18183;11127;-11822
-7204;14789;-13416;15500
6931;12195;-14520;-3128
18224;-6725;-7754;5931
9676
9677
-6054;7544
-3976;13659
10613;-13079;16249
5440;-5988;10237
-15605;-6376
1572;16313
3936;-7553;10039;4556;15100
16341;-17735;-8301
1058;15187;276;2969;10685
-5923;-17576;-6684
5606
13798
-17332;17069;5358;-10703
-15845;-4535;8424;-7146;-15181
11635;-6244;3204;-14806;3638;-11232
4998;4651;8252
16704;4881;-11447;-4522
1176;-10890
9716
-7479;5948
2641;18386;9559;-2621;17245;-10911
1534
-1535
-14948;-12346;-9067;6796;3453
-17922
9732
15072;11047
240;3427;15430;13367;5944
-5124;10772
15888;2785;3359
5221;8620
17938
-931;10759;-13273;13195
-9751
10450;7497
-8685;-9264
-9759
-11494;8364;12349;18142;-8863;11742
3894;15884;-14510;-3695
9530;15851;-3326
9768
1580
11377;-17555;7758
-15958;-10842;-6732;-7277;14924;12015
5678
-17969
-594;2915;-15604;-8783
10784;-8630;-2184;-8858;-4991
-16996;-17367
11257;-1290;12107
211;3912;-4970;16141;10877
-897;-5731;-3785;-15760
-1598
15024;-1138
13886
4523;-9101;-5215
-15066;-11119
-17569;-8899;-1685;-3318;-15196
-9805
-9221;-7528;3991;-5002;7951
-897;8913;-6396
16147;-16999;16076;15069
-6650;-7261
7104;8339;14403;-7605;-8103;16157
-993;6980;-14762;3054
-12546;-5634;8129;-9331;-18232;-9071
-9823
10864;10945;-5238;-18230;14456;9322
12833;-13652;6468;16472
8897;16646;-7676;-16221
-17954;6434;8521;8410;333
-1652
-9639;11291
5731;-10420;1156;5973;2456;4957
-6788;3413;10028;-8317
-17206;-14984;5947
-7798;1158;55;-2253;-9613;8590
18053
11853;14958;-12848
10833;-15657;11866;6122;-11038;-3806
18063
11959;-2073;-14
-7349;12311;13103
-17940;5077;-1511;6423;-428;18254
-9495;7128;-12841;-2863
7344;-385;5140;10072
4968;9577;3535
4305;8530;-8900;6248;7371;-11759
1568;1606;15066;106;12026
-9896
-7108;-15877;5495;15562;-717;4350
13362;-9764;-537;-17402;8346;-16192
9901
2193;2772;-8119;12136;6904;-14175
-1717
-4339;10246;9575;14745;-16222
9911
-8405;10357;9288;-92;15150
17348;14294;13398;-10232;-7933;-12864
-1651;-15844;6021;15846;9879;-4332
-4804;-9446;872;-639
15296;-1383;2760;-17241;14585
-4422;18412;-14158;-1568
-4130;8291;-5898
9025;-9235;11428;-1644;-3740
16113;11394;16916;-1787;11213;-7054
-15291;5355
-1954;-12080
-15922;5687;6777;5659;-11436;7486
832;3345;-7107;11587;-10251;3342
5732;7045;-3798;-8808;5677
8995;4181;9067
-16577;14809
-6132;11999
8943;-7168
7154;1701;-14730
-12152;13932
4937;-18140;5565;5855
11218;-12837;8251;-4848
16001;8290;-10212
-15416;1335
7458;-3350;-10000
465;6722;-9864;-10381;11900;-639
-13526;9100;6222
-13322;14905;6906;17884
-3076;-10600;-10312;-8296;-6379
5793;102
16177;6385;-282
-14092
-1807
16865;-18307;-15894;3974;-13024
6279;6648;-10891;13599;14847
6897;11601;-12296;-4315;6971;9339
16340;-17669;3144
-8243;13860;-5769;-5981;16140
-4625;6865;-13142;361;-3517;-12335
-5793;-2178;3340;2638;-16208
-12113;-83;4199;-11449;9436
9813;-15736
8500;9114;-11691
10024
-15202;-12132;-12229;-2040;15193
16048;-4681;668;-17967
1168;8859
1040;-4074;5162;14493;1599
-9698;5811;-12326;-4635;-13760
-1076;-3789;-12414;15438
-1844
17764;2325;-4503;-12760;3527;-409
15552;6730;-16334
3509;-8042;-1424
-18245
12483;18052
-9319;-6296;8551;14359;-17353
10058
-18251
-2417;18096;-13893;-7750
14157
11216;-5129;3983
-9065;-7085;18029
10074
-10417;-15042;-1989;12729;-12814;17455
10658;-7097;-1675
-13121;-15863;-107;-13757
-18277
289;-729;-9578;6011;-10174
15146;15422
1445;-17163;16044;-4541;2317
17785;-11789
18340;-10247;-1934;-13007;17982;15343
-6405;-9085;-2350;11839
4576;-2898;7941;-7415;1880;6012
-4755;4309;14639
-10100
-15937;-1780;-12726;-8329
-2497;6417;14517;12919;-12408;-4750
743;-2654
-10529;-3893;9525;-3066;6282;-236
4561;18291;-10647;5414;3865;-7278
6016
1792;-13191;-15815;-4520;-11149
13344;-967;3595;-17980;9788;10526
-14212
-5843;14664;-6970;-11564;7789
8033;12119;3101;8206;-13151
7345;-4987;-6252;14014
14672;-15864;42;9292;1982
6029
-14021;-14361;-13659;2875;12654
16753;1732;6105;-10027;16045
-8545;-12993;-3668;-11319;5913
3939;15350;8056;-1372;4639
3873;-258;7845;-5424
-4679;1689;-7147
-1945
-5748;-12584
-14237
8560;1588
14416;8021
-9431;-10045;11037;-5808
-4836;-10327;13832;12252;-17246;4366
17221;-4778;9996
9108;-10358;2156;1054
-15697;-10840
-11748;14660;-17320;-1645;6573;3422
-4373;14527
-7346;3986;-15579;12746;-12157
13943;6744;-14624
-6065
16691;13949
-13009;-472;-10649;-6511
17633;7559;9544
18433;-2325;-4535;17720;-2747
16051;-472;4506;2365
14260
3239;-3081;13019;5181
11460;8549;8553;2106;16366
-1841;11331;-15566
-3172;14068;-12006;-8649;-4510
15552;12883;1254;9657;-11018;-14058
-7649;10529;6531;-7420
-5699;-13428;-68;-1572;15753;7006
3594;2495
-10722;3683;17000;-11962
-184;-10010
2546;-1799;3867;1709;16159
-5847;-8445
-13911;15916
-4946;-2036;-3720;-10153;-7386;1657
18398
-3778;5799
14309
-2022
13170;3820;10781;13821;13678
-4465;13395;9816;4504;15769;12155
7063;-18313;17370
-6369;-6885;-8170;-4412;11519
196;-5961;9705;2505;-8476
-13297;6385;1362;-10004;1334;8092
2036
16768;-6802;9110;7110;16811
13809;-15463;14295;-8028;-10206;-16927
-6138
13904;-4716;-11232
4801;-1747;-9571;16275;2403;-10118
15041;1782;-3255;9291;-12622
12240;15254;13209;-1244;11740
-7062;-9966;-5503
13664;8178;15255;11564;10734
18186;3963;-15998
-1975;-4554;12681
-14071;-13593;-7163
-10251
5223;8266;13149
9409;-16242;8263;10057;14521;17019
-10037;-16607
11408;2949
1914;8348
17808;4530;14226;-18109
16912;-12486;1577;-16272
14364
-10271
5520;10854;6762;511;-13376
-3250;-16773;-12477;-2671;12606
6181
16180;5547;12892;-16143
-14383
6500;-17718;15688;3196;6716
-6193
14386
6194
-4167;11336;13021;12221;-1584;16335
6833;17235;12056;-5881;-11084;-4764
13127;-6316;-13021
14977;-8766
6211
16225;-4328;6605
-5713;3828;-4861;-12398;5454;-8911
-3494;11801;-7437;-11183
2272;-9656;-2409;-523
-4408;-14109
-17826;-5236;-14805;696;14556
-12612;10474
-12916;7221;7833
-14090;3759
10657;6228;-14456;-286
8802;11620;-9157;15464
-3877;-6471
-1539;-10037;4820;504
4592;-16417;-676;-12839;10343;-11742
-4163;10424
6149;8792;13804;18271;1919;-5808
5794;-15140;-13303
4723;15124;15527;3660
-7713;-10846
-9047;-301;-5119
1664;-12036
-1058;1554;-2774;18362;-18267
2182
8747;7308;6623
-15379;-7704;-14971;3087
-14495
-2207
-7569;8822;-15751
2212
14801;6204;9885
-14402;7443;-7549
-8324;7523;-2581;-9915;-17598
-5457;-9907;-15531
947;-10411;17917;1967
15185;-12954
1538;-267;-14572;15534
8212;-4663;-13292;4140;11933
12065;16677;-14840;6506;-18174
-3188;1319;-2425;-1210;11836
18008;2938;18159
-18002;11663
14532
14402;-3461;-17286
3474;-16595;-8581;14997;17147
-881;-5123;-4440
3408;12564;-5351;16207
11652;7061;-4172
9457;17681;14986;-3007
13033;-8269;-3309;-3712
-97;13986;-3049;-17194
-10241;9974;16617;-16282;-13131;-9679
-12581;17913;-6555;11677
-147;-806;-14198;-5623;16487;-6172
8134;7995;10716
-14560
5876;15162;-14909;238
-14673;-9985;11443;6844
11747;8965;18429
-9941;-1192;-17116;1707;-7965;-12829
3441;-1460;-1978;15945;15726;7471
-17389;-10014;16925
6448;-16754;-1163;4571;-17853;14270
-4083;2021;-13464;-11340
-8529;-12266;-1981
-11001;-15872
416;-15002
5009;-9494;14974
-14561;467;-8645;-14888;2556
2305
6628;-14567;11146;3194
6404
-929;-10888;-10973
11029;-6342;3624;14393;12427;8141
-451;8147;16645;-8589;-13102;16046
374;18327
-8437;5189;-7382;16982;6332;-10365
-3809;-9782;-11324;-4301;11758;-13536
-18305;11271;9358
11751;8791;2265
14621
4387;5496;-3450
11104;-7522;-1576;16903;15803;4491
2308;12319
-5210;-5324
-10536
4723;9910
9217;3201;9638;-3339;12749;-12736
-4513;-11672;-15257;-9947;8269;-10192
-4356;-6294;13512;-7690;15372
-14355;3653;-12588;13675;1516;-2447
15424;4645;12077;-1118
-14595;17322;-1132;16797;-11936
14560;-11876;5366;-2791;12710;776
7078;-6632;1915
-8497;705;-62;3533;14877
4805;553;-1534;-10286
14385;16516;9318;15398
11588;-16617;1049;10445
12769;-4659;-14997;-11871
-7682;-17829;-5686;2213;-17591;-17240
18401;8550
4810;11501;-13935
-14666
2096;16900;2857;6617;-5611
-13811;11431
14212;292;-1063;-10727;-4858;-8428
-13122;-9721;12269
-4322;-5395;-13152
-5669;7685;-17371;14746;3003
-10592
5961;6252;8205;10655
-9141;4420;2316
2405
-11369;-62;4927
14696
-17447;1548;-15038;3950
12752;8867;-6856;-15370;11209
-83;12579;5732;2583;-10208
1780;8827
6965;-14039;-3535
3568;6483;-6167;-1912;16431;12687
-5585;-4274;-14755;-6484
-14718
-9651;-8468;2947;17334;8246;219
14713;16491;-4192
18016;6506;6587
14626;-8092
-10774;12581;9688;6745;7947;9020
17013;16503;18079
7203;14852;-17191;10470;7591
6542
10640
-13730;-13295
-13285;-11494;2777;11359
14931;-5130;17228
-6696;7118;-11072
-10754;-13639;10138;-10940;14539
-5864;-4570;-4318
-16939;12620;1854
10657
-8273;1073;6228;360;-11499;9644
4754;-12951;1118;9550
-2002;-5250;10501;-8701;-5214
-2989;511
-13683;16172
-10993;18371;-11189;-10870;8201;-16491
-8819;2754;-524
-6593
1942;-2039;120;-5723;-4990
-8438;-6349
10691
3808;-881;-13269;15511;-11529;-4333
16953;-7084;-4973;-11502
-869;-13932
10518;12475
9444;12039;12008;-13001;4907;18078
-51;11831;-7193;665;-4957;14509
3232;-9847;11179;-2047
11701;12632;2491;735;15919
-10625;14129;-10564;-4728;-3023
6296;-10378;-6986;-16032
16262;-6316;-4332;10590;10895
-16867;-10237
-11849;6060;6381;-17999;6686
-10721
5173;14199;11867;11100;9343
-16147;-9171;1654;-13113;-6715
-17190;-4090;10555
-7481;14110
-6630
-10730
-6065;-8483;311;-16408;15816
2541
97;-4034;6482
-2257;1840;9974;-8427;-3676
7624;12952;1737;715
-4904;11548
-3140;2328;4793;-6538;-4091
-17035;-1902
-15540;12986
12836;-7288;-10985;-13049;7738
-16497;18337;-11955;-5334;-4474;-3114
-11949;-2896
-14738;2773;-9209;-6682;3065;1754
-13370;5659;-7135
8816;4577;14309;11351;-2202;10765
-17110;15898;3774
-10756
15652;-14155;14700;8365;-13806
-14578;5954;-10325
1941;-7528;16344
-10898;9026;-8372;-116;-12687
-5235;2758;-4186
576;2868;-14204
15377;17365;4487;-18271
609;-6232;17051;17564;-1598;-240
13682;9378
432;15474;17491;12760;-15115;-3884
16438;-7305;12444;9678
-4420;-214;17590;10109
-14877
-6686
11114;-2555;-15581;-11952
-13828;965;15454
4785;-3990;-441;-18202;-10362;-3056
4416;-14018;-3671;16871;15066;8509
10226;-4940;-11981
10792
-5538;8786;5059;-5893;-9113
-10796
14891
12626;14555
10798
-7902;13711;-12512
-9873;-9293;8366
10739;61
9489;14933;-2344;-3084
17393;9473;-14114;5878;5116;-8847
9193;17997
-13747;9717;1414
14903
-15730;-11479;-397;8605
9204;-2492
4503;2330;-6028;-5054;-12958;14589
-516;7672;15949
2761;8715;11629
-5608;12331
14917
-14918
14097;-10615;7340
8529;-5396;339;16292;7444
12148;9269;5791
-18405;-8805
14626;-5222;-9833;-6302
-6738
8240;6850;-5046;13080
4418;6420
3313;6889;8831
-12177;14836;-13503
-2654
4372;10570
-3921;-16041;13211
-9669;-15417;-12702;5790;8862
8882;-1737;-13901
11523;14005;13671;-13226;5359
-10641;6210;-4090;15277
2666
-15377;-14791;14748;-7728
-14498;-2182;-12568;-6924;17117
-6770
-12945;13187;11606;3113
10034;13298;-2221;11917;-9872
-17649;-723;16282;-591
-2685
-17393;-18326;17784;-4219;15466;3998
8808;6173
-5329;17656;4232;5720;-1786;14969
5840;-13481;-11438
-9521;15974;-7452;-18080
-7505;-7480
-10130;-7015;-13415;4937;6540
-8385;-365;-14430
10892
-6799
-14995
9703;17581
-1186;10023;15864;15817;-944
8244;-15052
1733;5080
-4265;1546
11970;-9252
-10914
-17250;16980;-14742
5316;-16024;6426;-7024;8575
15280;9405;6719
-2736
12625;-9890
-6998;-3932
8752;-7960;-16138;16540;-9422;5485
2743
-15033
-7379;4628
9282;805;12011;17519
13409;13394;-3063;11079;12990
-5770;-9275
11489;13723;1004;5215
9830;15080;14715
-13185;-6706;-3315;10459;-14592
12992;9091;-16007;-10584;1466;5804
-13187;10424
16151;-9291
3697;-10558
6861
-4666;-8091;-11836;6206;11519
14822;-15967;-9823
10968
-17297;6328
4832;-14145;-10594;-14888;-1164;4509
5761;-6661;3094;7270;12550;5340
-8519;9128;6266
6754;6211;2103
-724;-1956;-8773;18332
-6884
-15127;-12716;475
-2275;-12805
14259;-7222;9285;-1242
16843;6430
17202;-2119
-16066;-7188;-8872;-5035;4842;-7342
12968;11177;11421
-12625;4568;12888;-12137;14204
-1443;10467;12664;5691
15093
-6167;-17659;15691;1231
-15523;12712
-16013;-16094;8959;-12432
-11006
-2822
11016
-16147;-7861;11797;2855;5400;-2971
-16530;-17097;6220
13777;-4628;-16549;16982;-4503;14136
5409;11506;10680;-4282
5285;-17498;-5307;10588
6027;-12959
-900;-15079;-4074;-7360
-3106;10039
535;-7470
8117;-13292;-4316;9292;-6736
-16833;-18245;5592;7544;6253;-15824
18052;-1310;-1614
-4406;-11242;-7388;11662;6527;-2096
4696;10441
-17603;8501;6969;9084
2787;-5307;-8528
17632;4704;-16435;-16858;8093
9872;-5797;15183
-692;-7625;9051;-7212;15356;2189
-2673;3586;6061
1488;16918;-11432
1089;9983
15170
5127;-14799;-17792
12625;-17042;6450;-16484;-11178;-5932
688;9353;-3056
721;6567;2842;1692;7772;-8511
-2897
6640;1015;-8829;-7325;11406
15330;-10563;-3156;-4504;-16400
-5073;-6550;-9913;10809;-15322;-13725
10576;-4915;-6565;7353;556
115;5828;1222;14615;9801
8784;6415
-13345;-4598;11271;2042;-13294;-9567
-10097;-6472;9163;3916;9838;-13359
15745;8786;14179;14326;15416
7013
-12545;11266;10947;-6774;1147;-15152
3090;18275;-14351
-12050;17379;-13366;5117
6468;17637;-5232;12719
6316;703
16529;-12020;-5447;-13096;2908
10384;742
-9189;12125
-17092;5123;8883;4325;-9289;15083
7014;17031;-2009;1721;14972;-11216
-9796;-13622
-16657;-2081;-16531;-4536
-13406;-1824
-14824;-13881;13465
12370;5654;13371;235
7286;-11080;-14232;11289;3774
-2965
3088;9713;-18394;-17754;16331;9982
-11553;8999;-8608
-17601;-5140;3383
13986;-1303;-813;3391
11173
15297;-17219;-15988;16804;2696;-8670
2897;16935;4649;5756;13709
4209;-5346;9640;14779;18300;2367
-4823;-17737;-5008
-17863;-3159;-2873;-3677
13684;-16295;-8312;-267
-7559;-6281;6059;6605;15039;9615
4992;16625;-11605;-14550;-7820;5262
15287
4224;-13907;-8758;-12167;-14475;-2976
1360;-15206;17046;-1816;3324;-7712
-3653;-3448
-7103
11218;-15222;1113;14093
-12839;-2266;12091
-12737;18074;-3036;12508;8687
-8385;-15113
-4610;10242;2437;6988;-18077
-3020
-4134;5753;1401
-4502;6503;2135;-14219;17199
-11805;-11696
18374;-7243;-3198;-1678;13149
-161;13089;4627;8028;14926;-624
-7118
2291;312;-9722
3024
3026
11221
-18022;17064;2440;-1258;5179;18107
1047;-6665;-15705;-16221;13309;8910
-10754;3621
14373;17336
-3039
5217;10369;-12547
562;8083;-8629;2538;-17886
8768;14535;-11993;4025
-12307;5157
-13571;1463;-8409;-7118
8374;15935;7423
4439;12207;-5392
17314;-7483;-2672
-12131;5031;2360;7804
-11260
15356
-2292;-4294;10920;-1262
-16690;-6871
-3081
-11273
-6211;-2028;-9117;-8941;10926
-12146;-258;-8517;18315;-16862
-3702;-4632;-15034;-8028;10331;5692
-7184
7378;-17747;-9253;-11629;-12798
7185
-7047;333;5023;4783
-12050;-3234;10326;-6331
3910;9990;10074;-395
-3102
16816;4194;3525;18213;-2783
14348;-17453
11383;-458;2745;1724
12561;7589;7533
-18337;6475;-3292;12045
-16099;-1652;-18127
11427;1254;-3770;14682
7211
15404
-7892;2057;8955
-3141;9910;-8504;17144
2834;-5961
-18001;3768;17069;-5966
6544;3089;17831;249
17811;-647;13128;-10748;4075
-6274;-18212;-11726;16687
1520;1175;-17708;1165;-5679
17490;-5557;11689
1780;-4925
7718;-14959
2979;2150;-3688;5838;-4128
12822;-2712;12730;17180
7256
9092;-17238;-16199;4798
3104;-13239;9208;4508;-415
-16852;-10212;8613;-12710;-15962;-17486
-322;-9924;13017;2714;14330;-254
945;6550;-1931;-5548;-7484;-3903
-5019;7694;-1520;-8432
-15476;-4349;-12031
-15795;-8535;-1421;-14303
7248;17776;-14743;15928;-2540
-7291
-14774;-4806
3117;8270
-1138;-13491;-16920;4807;3065
-15488
-6038;3077;4230;7657;-2862;13519
2567;8826
-3219;10521
7304
-9762;-390;-17799;-9609;1149;-11855
7305
11404
-3213
11472;10740;-10376;-3677;7342
-535;-1752;13693
3215
4552;10952
10016;11729;11814;7994;-9660
983;14527
-4903;9640;7241;10076;-2446
-10209;6300;-12958;-6847
-16577;10513;-5366
193;9177;987;-17694
4420;-1671;-4570;-15357;-1247;2895
-13698;11076;18156
-3266;-4791;-3387
-13585;-14245
3156;9287;15387
240;-7238;4090;-16735
11453
-9670;12934
-8418;1029;4920;-13742;654
-9816;12442;12941
10286;4366;-11359
15582
2593;-11000;11240;8653
3295
15584
-10567;-6236;-6975
-15587
-2930;12691;-9706;15532
-7398
-16451;-11432
15145;-13421;-6304;11983
-3492;-6261;-13464;-572
10593;-13904
5874;-8948;-12119;15177;3326
2694;4042;-11181;1134
9905;7395;8308;18073;8783
-8856;-792;6333
-10257;-15171;16978;6201;-9259
-16054;-7544;14984;11930
9424;-10786;2315;-4270
3184;-4594;11365;-8231;1594
15568;6419;-12518;-16936;-4045
15608
-14743;-16856;-1885;-10797
18018;6118;-13544;9114
-1549;-18158
1593;17338;4875
-15616
-12650;1130
-3148;6476
-16515;-11401
10215;1324
6919;-16281;2600;18302
3874;9731;17333;1445;-5037;-15805
8871;-5520
-11349;1719;10602;1357;-11984;13007
-15355;-12574
15409;-7170;-15689
16531;-17616;-6368
3760;4146;-12966;4151;15885;12957
3745;-10588;3405;14991
-5189;10858;18175
-15202;9668;12996
-7465
-14817;11281;-18023;1805
-2444;-14669;5550
12656;-14228;-5897
-8306;-2517;-2715;-6220
-6499;17123;9898;9884;1165;16861
-3395;15909;-4840;-3644;-17789;6284
-6087;9468
-10666;7065;10523;-12589;2285
1687;1694
-3093;-7497;-13274
3385
-7483
-9107;1858;6036;-10007;14607
12797;2879
8210;-8760;-2396;-8638
6449;-9843
2640;11682;9551
3393
6530;2722;-10276;-16934;-5350;-576
8355;1972;-10885;11213;9134
3297;-1758;10062
18389;10406;3655;-14185;1534
-3422
4480;10948;10412;-10126
-7525
16200;15902
10178;-17068;-15406;-9807
2899;14327;-15930;8891;17820
4768;-8995;-17059;6359;11711;10751
15538;-10871;17270;17624;-18283;-9647
84;87;-7710
-1426;-7330;-4130;-2699;10685;-2640
-2790;-6407;5078;-4504;10521;-5343
4240;-17858;1315;-12566;-8887;-14746
6624;2433;-5610
-7547
17403;-9855
2306;12995;16824
-11646
-7107;10248;4413
-17108;1908;-15691;-4923;-9021;415
-14995;6210;3922;-18295;-4191;11599
3266;-9718;5241;-10447
9269;70;6523;-8301
-13045;-16519;17095;-16425;-317;1167
-7426;-16777;16635
-7571
17987;-13590;-13351;-10906
17392;-417;9490;8264;9706
14823;9134
-11671
8849;-771;-6198;16277;5803
7906;-6616;17160;877;3037;5694
-10626;-322;10519;11897;-4654;17150
15775
2021;9659
-4038;-9628;-2111
12422;-14375;6426;-16157
7248;15697;-7159
2498;-1189;-6026;-14028;2957
-84;14323;-17463;-2010;-2367
15793
-2454;3913;4858;-9824
-2169;17964
-7605
3513
-12193;-11946;-11741;3692
-7345;-9876;-4806;6219
-17971;-18318
-17713;-12946;-6360;730
9728;4433;-1827;-11691;15166
-15138;-3206;-12281;10542;16559
-3525
-14577;18101
-17650;7682;14115;2756;17494;-16764
11729
13140;-3197;-1741;-15838
-12177;16401;13764;4567;9658
17654;-1821
-11738
-16904;-12155;10044;7277
9809;1935
6659;-8645;-10517;-15626
12067;10708;520;-5291;1933
-14210;2834;16630;-6668;10972;10381
-10467;16904;-7769;11018;10620;-8558
-8755;18214;-1805
4113;9299;5686;13160;-16411
13938;1911
1232;17971;-7450
9169;9257;-10768
13461;-2808;5199
112;-4468;15432;1867;-16512
-13415;-9431;11080
-5569;9953;-10117;2157
14272;10498;-1827;4820;-7212;-590
14769;-16261;8500;8858
-6882;6598;9961;-17549;-16192
-13945;-18313
15878
-13944;10351
15203;7975;13182
-2673;15202;-16647;-8248;10413;13743
-15892
-11798
1651;14246
14211;-15844;-6074
3611
-15219;-11910;4982;1354;13085
1188;7799;-16733;-1613;12974
7716
11936;-18305;14960;6449;11130;2026
8898;13859;11030;12999;-7371;1069
4537;-2475;3466;2189
1609;16571;-6366
-15047;550;15817;10510
4617;15407
15329;-5027;-8372;16056;10104;12415
3587;-3141;15483
6324;1654;-2379;14428
-1542;-17512;-15146;-4571;-5835
9521;-14723;-2668;13437;14463
-3125;-6603;6079
-5057;14165;-2183;-10575
-2294;6684;3358
-5690;-875;-13472
-17446;-6664;4777;11581
-2098;-2389;-3253;-9734;-14856
-13651;-1125;-11912;-17933
-15949
-8658;2466;-13856
1696;-786;-7;-11243;-6317;8894
7451;-11119
8000;-17942;-6633;9467;12348;10717
3878;-17896;17913;12062
3671
-14996;-15609;-8281;11116;-8670
9476;-2872;1165
-15966
-3010;-2904;13694
-12167;-3932;8316
-11729;8356;-8808;-3804
13745;-10869;7817;1197
2215;18363;-12784
7834;3580;4575
5184;14626;-13268;-12537;-14091
-10326;-17577;-2059;-14701
-9457;-5113;-16046;-14047
-15185;-7991;-9199
10914;-8708;-9222;10949;15639;-15870
3702
-6471;18367
-7154;-15572;-120;-9197;-3869;11727
15995
-3492;-2826;-17871
7780;-1514;16905;10025;-4907
-7428;-278;3990
-7812
-10788;17017;5679
15089;4036;-15408
-7824
11919
4163;-10792;-17582
13858;-4251;5707;-10912;-672
-6834;-8789;-12685
10552;5468
-7400;3662
-3740
-7838
-10465;5617;-11183
7843
14280;18140
5464;14670
-12099;4772;8424;10714;-3964
3751
-11950
-17362;3939;2949;16252;10270
16055
6928;-16050;13469;7614
8402;15849
581;7288
-6821;5925;-5895;-9544;268
7875
7162;13004
3783
6004;-13973;9575;-10186;16459
-10201;15433;14938
12307;3828;-17335;-14920;8233
-7636;8794;2634
5361;11750;-6362;10154;3370
12834;-5832;16362;911
15107;16455;-16809;-2189;-3566;7086
-4530;8081;9927;-10025;16729
-10196;-9268;-3479;13191;-10431
-14898;-6229;-17414;-14413
5554;5542;-7276;9180;-9199
5843;2292;11223;-7552;191
-6977;193;-18120;-17678;-10382
-3972;-17050;5401;1550;-18415
-10438;6621
9112;-13980;2859;-1808
-16109
1412;7468;7948;-4814
15558;7788;17342
7477;6156;-9871;16447
16135;4494;11870
-8930;-15827;-4902;13671;-4237
8610;-15717;-10153;9323
-6211;1540;6278;15918;6799
4672;11665;-6886;-7430;-5067;-799
17584;11952;-8450;916;-14061
-5875;8807;-11276;-7790
7248;-11097
-8948;5093
14512;-486;17305;17581
5577;10956;3708
18033;6594;-228;18040;13357;9502
13651;-3125;1209;18236;-5632
3032;13116
-16787;-6645;-17349;-8472;-14826;-1229
4510;3454
10593;-6645;-8037;-408;-17756;1999
-17537;17207;7835;5421;12829;-5502
7965
-7700;16966;-4440;-956
7968
16160
-11828;-6044;6814;-9200
-12986;2842;5019;15755;9629
16165
-16166
5282;-2647;17628
-3954;-6328;-18174
16168
15861;-486;794
6033;419;-12037;-12181;-10697
8179;-11542;-524
-7269;997;9114;-6731
3888
-10084;3844;17047;13562
12148;-1404;-10781;7021;5102
12932;-16828
7526;-9191;-10919;8686
432;10003;-14336
-8532;18198;-15913;-1691;-5244;17083
-10927;-17551
10992;7857;-6312;-5241;17087
6930;180;1174;16345;14042;-1996
12101
-17585;7296;10388;12004
-5062;5081;-8028
-3913
2917;6021;3167
5939;-16133;17861;-8265;-4186;8698
11649;875;-415
3362;10818;17032;-6814
-12112
5404;-9327
-226;922;7323
-8434;-8981;-4279;14153;16923;-1357
13264;7051
4676;7812;-14006;11210;-5758
4335;-8272
-7586;-15634;-5295
-5959;-12719;-5744
-5812;13850
7392;-3448
14710;-12808;-5848
12563;8003;-4148;14917;-2439;16012
3968;1697;-2709;-17078;6074
-14884;8291;8039;-13599
3585;15970;-4165;-11591;-16536;-15806
-17913;12715;9167
-1372;13534
16649;3707
5235;-13308
13047;13207;-14027;7354;17167
-6545;8849;-5042;3652;9962;-14863
8084
18241;2133;-16092;11468;-2205;-17534
-7542;-17451;16907
-9585;1155;-3760
6881;-15907;5285;5788;-14239
9168;-16097;14145;-3924;-15485
4001
-8646;-7645
-16292
-18353;-17811;-10267;77;9582
-15122;3844;13513;9963
1296;-12056;2010;-9436;-6301
7829;16551;-8123;-12334;-7934
8192;6449;-2646;-12759;1206;-4459
-12211
-9089;-5234;-7833;-16030;-2704
-2436;-5365;485;-12346;-4844
-5619;-2643;-8052
-146;10353;-15382;2630;18267;-3503
5586;-15468;5853
9536;18097;-14552;2487;-7439
11187;148;-12584;-762;-1180;-9036
-3122;-7011;15158;17562;14220
12468;-8422
4047
-4658;-13524;14133
1714;-12116;2872;-4716
-4612;4436;13574;-17208;11959
-6630;-9625;-4185
-17459;-13915;-17740
-1458;-9459;2547;4;3180;13341
-12256
13776;4416;4356;-15610;-13726;-5472
-9939;15419;-17744
16360
3152;823;3849;4522;16302
10512;-12293;3608;-7853;-3504;5455
11846;-15335;8102;6651;7483;-6480
-8174
8018;-18213;-6181;-18153;-8720;-9984
-2597;16277;12230;11806;-11952;-5296
-12283
18162;2316
