-7870;17997;-6031
8196
10067;-10599;-15816;7;-4926;17166
113;6213;6569;475;-13376
16390
5264;-12545;17048;-17967
-10675;-11389;-6079;11743
6144;-9192;-777;8426;12490;7500
14864;-16993;2977;1617;-2876;427
16355;13091;5971;1576;12175
-8214
4119
-3668;9364;5366;-16327;-2954
8850;-613;4948;-870
12662;-12632
-6406;1653;-8223;-11632
11731;-18342;-13580;3775
12895;-17024
18055;10650
4283;-12510
14624;-11401;-10364;-5183
6418;-264;-6191
13008;-15314;-9843;-10307;6035
9608;10910
-17315;-6771;2307;14755;1947;5115
-5381;16060;5743
-15369;-9247
10537;-1355;15436
9186;15922;-10026;-990;11165;-17023
12332
8237
-17153;8657;8405;-1720;6969;11274
4628;3606;-16475
3430;11438;17950
13442;-1337;-475;-11580
-11597;11647
4215;-1741;1677
-13607;13663
465;16385;-1428;-7223;12567;12062
-12351
8257
-3016;-17532
-16456
1248;10916;-8246;-12538;-16459;12719
12438;-12267;4639;12959;10975
-16729;13242;-16749;7871
-3505;-668
-6634;18379;973;-12640
9968;-6981;13238;-3856
-16921;-15933
-423;8701
8788;-5960;12219;-2672
-2306;-1384;-13673;9082
-5668;13949
13586;10874;1837;-7150;1422
8208;-17491;12713;2173;-7791;-18383
-16478
-96
-628;4308;12122;-7275;-4335
4689;-12105;-7754;-13600
2433;-7974;-6184;-4984;-12064
-3553;-8839
-6694;17306;-10507
-5905;16914;-8443;-2461
10345;-6763;622
16036;5781;-6985;13564;-7807
-3289;1115;4829;5647
-8494;8382
10057;2349
-6115;15589;15224
6625;-13476;-16823;3069
-18425;12202;-14383
4532;5465;-10123
5585;-2274;-15114;892;-11295;5695
17009;-2328;-9641;11471
11189;-2864
-3538;-8886
16577;9298;-18181;7256;-14815
-13027;4342;4391;4429
4851;-13741;-11727
-101;17317;17494;-616;11100
1537;-13714;7940
10517;14201
13345;15471
-14582;-6043
11009;-13591;-13947
145
-8261;16598
-16099;9475;-4761;1593;5549
8480;-8902;-5399;-4554;-6158
-10947;-13843;16803;-11944;-17485;-11886
5219;-5371
-4471;17128;7434;16924
4235;12301
-11810;8289;14419;-15432;9165;-17072
8304;-9533;-511;-14800
-17953;5857;-17604;11316;17333;13495
-6341;-2015
17649;-13385
7938;-7764
5744;-6786;8281;1130
-8897;4621
8917;-9098
-11906;16930;8342;-184;9835;5838
6834;17474;4549
8060;12606
14753;-5187;2909
-16575
-1688;14168
1153;-16003;16083;-518;-9102
-16579
6097;15826;-5343
12086;-7885;2622;17951
12705;4450;17400;2510
-54;5783;2667
386;-359;-4664;413;9518;-991
-14575;-5024;11199
-98;-9602;10966;10303;927
4305
5601;4242;-3303;-6329
-14147;6485;-1884;13855
-337;13192;15832;4300
-18302;623;5167
13377;-1476;-7580
5584;15304;-5212;-15904
12516
14288;9168;4587;603;-8752;-7376
17126;11623;12443
-3724;-8798
-14166;5738
260;-15383;-8396;-9581;8287
15037;-14800
-8432
-1233;-11857;-3653;-2903;3016
-9957;8412;-14495;-12879
8438
16406;-16653
-12500;-16104;-16701
18230;-14398;-3584
4098;12242;17875;1861;-10990;16125
-8355;-694;15335;4862;16767;-7184
2802;-8902;3350;-11820;6126
-8445
14304;13969;4849;-3508;6549;9145
-13347;-9108;3417;4364;14926
12541
9637;-10840;-17626;8524;-2238
10324;-5974
-8448
12611;12292;-2917;10869;-11962;-12446
257
4354
-1208;-9837;2590
-6193;10658;8132;15081;1497;-237
6821;14166;10057;-9578;-16478;-623
7920;209;4517;7864;-7952
16655
4041;329;8190
4264;8302
-12867;-14916;-1385;11177;10559;-17424
-1827;15773;-5070;11886
12793;-7178;-18188
-286
11456;-15839
18037;15943;-925
8482
4707;-13703;-15407;15919
1941;-10425
11266;17702
297
-9809;-16711;17179;-12016;12863
16688
-12598
5329;-13831
6676;245;-17194;-12266;-10540
14597;-1997
-14468;-6520;-7997
8505
13062;-10632;18364
2961;13426;-7881
-8086;10296;6300
8510
7828;5418;-14365;-5374;16237;15151
-16587;-8811;-15532;-12640
18129;-10418;-2309;17208;-14091
-12617
-7570;-14101;-8986;4154;4587;-7086
-14364;-6447
12711;17991;10589;9327;-5232
-15719;11292
-4738;16982;8567
-9900;9565
337
-1490;-11732;13562
14211;15269;4661;11258
-16728
1809;-3604;-6742
-16973;-16542;-7424;-12656
15472;-17878;18134;8583;-5916;-5758
12641
10888;9945;-16384
2936;-11485
16742
4179;-119;-12777;-7693;-15021;10588
-16581;7513;4350;-3840
-15702;9320;5965;17167
784;17812;7013;16326;-1800;-15193
-1875;-4276;-7526;2028;-1007
8563
-16757
-16135;-14781;10063
-9746;18312
6080;1525;15703;-16107;13658;8188
1810;6761
-6914;6533
-11745;13748;18008;17129;16490
17459;-11705;-1275
-12675
8688;-17970;-16344;-11866;12525
2356;1334;-9032;5740
-2225;-6289;11329;-9143;14156;4862
-11235;13899;1838
-4511
16200;14122;-13520
7921;825;15229;13311
5122;-2230;-7416
3074;-15786;1245;11039
4852;-15112;-3273;14649;-3755;-10077
-16813
-18;-11381;17974;-11609;17753
16816
-4529
8884;478;3359
15458;-8389;15131;15099
17008;-231;-17213
-12726
-8823;12584;16475;13195;14926;-15152
8635
-12226;-2614;5703;-11789
-15813;10569;5691
14576;11699;18068;-7446;-7223;3543
8643;-11368;7272
16837
-13603;4197;-7434
13633;8626;-13846;-16296;-4250;12590
8649
11061;197;-13659;6955
14391;9272;16825;-11357
15793;15505;2644;2679;15279;1807
8321;-5322;1882;16059
-17060;15525;-12854;-14746
3264;-7824
17696;7996;-6381;-16366;13902
-6856;6746;16958
-4258;7197;-11598
14080;-5415
477
9120;14290;-10518;-15334;5639;-2719
-8679
-15817;-13343
494
-17236;13444;15740;1692;-5325;-17006
-11842;11537;11989;8677;8814
-7795;8803;-10423;-5130;-7868;-6768
-10657;7349;5656;-1838
-8533;486;-3160;-4520;-9360
3976;-12682
17970;-1048;-16409
-6421;-16509;15326;16319
7009;-15466;10636;3485;1837;-2879
16911
3971;-16791
-7506;7113;-10347;10332;17324
9170;12771;8104;-4121;-13104
-3738;-4988
-534
4388;5671;6444;-14685;15102
4295;3209;685;12574;16638
-906;-7824
69;-18199;-13516;-16558;-1487
-4638
-6081;6625
12833
12834
-11281;15330;9818;-4349;7918;-17984
4273;-8919
15155;16998;3208;809;17628
-10211;-13316;9283;13693
8742
16936
6528;-2850;10329;11129
16580;-15246;-8367;-1728
10973;14174
9332;9913;-7707;1322
-4735;1566;-5600
-9042;15203;1418;10587;11087
14947;-453;14678;18072;-1209;-16781
14633;4367;6159
14529;-3197;-2398;-9520
3222;3832;9915
-8594;-16022;10246;2664;-8493;11421
-1106;6596;-14272
16974
-9406;18191
15458;-15016;16839;-4398
-4210;-8034;3140;4412
17793;13543;14315
2672;14659;-15995;-8157;-13358;3198
7201;17895;78
2386;17748;-10334;-14496
-4147;-11977;17034;7884
-11635;-16020;-17384;-17967;-11328
9091;3875;-11991;-9197;8830
-609
14054;13421;5902
12967;8265;329;15964;8142
3168;-2117;15944
10305;8626;-13172;2468;-1915;14779
-13978;-11212
-7890;16696
10177;-16499;-11925;-17541;-13981
13730;3279
-9730;-15238;7951
8827
642;12643;-13931
-17080;9720;8014
-17009;7856;-11748;-362;13867;-5550
12083;16342;11689;5599
-2226;-13380;776;2713;-830
3814;-9817;8153;-2188;11276;13997
9075;-15527;9770;-1053;-9438;7837
3877;13173;-9977;-1626;11052;-17165
2272;13971;18275;-15094;-17628;-10656
17460;-407
17053
-3977;12841
14880;14435;-8858;17084
-824;143
-15521;9749;1086;-4192
-9281;16421;9285;13462;-12240;15807
17070
-12053;-7371;2350
-18353;-11706;-17371;-9724;15501
-14740;15433
1808;-13080;10574
-2114;-12388;-10470;9110;15164
-3570;-17609
-16485;16231;6075;11263
4032;-3650;-14147;-12330;-17610;-10251
13303;-16201;-14201
966;617;10076;-16478
-13011
1346;-8308;-3477;-8118;7510;15867
4473;16732
-8950;-6984;-17561
-728
9228;3789
-16994;-12409
8923
733
7729;-16355;-359;-12041;-191
-17766;-3451
-11926;-9296
-12529;15109;-18122;14799
-1201;-17809;14257;17315;-14212;907
-3137;14912;-3362;9283;-15767;2910
16219;5469;-12752
745
4818;-2340;-14598;-9611;6267;14717
-747
8940
-12226;14580;-12086;7449;651;14671
2300;-11933;-3407
-7003;9499;-11440
2528;-15569
8954
-11857;-2001;12098;14837;16357
17168;-11046;-2301;5134
-1153;13493;2809;-8382;-6000
17152
3795;-17766;-3206;6392;10015
-12676;13449
-7577;-5374;-15647;7343
16819;7908;-197;-18423;6956
16753;-2571;-13405
15523;18025
13475;5641;-1420;3564
9873;6194;-17924;11958;-7848;-3035
-14532;-7748;-11624;16734
-17170
13733;15082;-7549
2468;-4043;-3309
788
-9493;-15872
-789
7025;10276;-18091
-3891;8227;-15961;-12667;123;-17582
-11459;16348
17798;-12908
-5912;-13675;-13980
17194
3334;-3735;-12698
-9366;-7656;3193;4825
9004
400;-15093;-3371;-3230
-13103
-5268;10180
16758;8634
-14164;-12856;-9945;-717
-1058;-17575;-2311;16890;-9056
-16468;-10148;-2189;11598
-5591;-13626;18393
-4314;-2874;13387;-15216
2848;-14328;-15946;-9674;-13453;4671
-4289;-636
-15636;10084;-10166;-11389;-11678;-3007
831
-17220
4932
-7990;12923
3303;-15390;17597;-15535;991
-9697;18209;-7926;-17815
-14722;11834;-12268;-6652;-13934;6222
13265;6578;1486
4224;6119;-9417;10793;17803
3769;-8716
16102;14134;-7003;-18286
4949
-3011;15714;-7753
-16038;7612;-4720
-3947;-13296
14485;7816;-4701;14557;-6718
-4306;-13363;-10855;12121;-9706;12956
17543;55;-2105;5146;-11583
4112;7284;1757
13877;18154;11786;10299
17536;-9941;10925;15117
9064
-10420;16725;2326;-3663
1585;-14746
-321;-13819;6942;-14159
-11252;-18299
-8531;-9660;-575;1503
-7730;12705
4647;12617
13024;14325;2203
1412;7662
14897;-16098;-16087;1178;-13451
9082
-3843;9426;3502
17281
-10421;18426;2698;-3324;-7565;9278
-13190
17298;5003;7277
18;-5021
7413;5783
-8217;5833;-13662;11645;17597
-6589;1582
-5073;-13266;12215;985;-3613;17855
7860;9435
912
14433;14819;-4933;18168;11579;-16288
483;-1398
13845;-166;-2345;-16347
-13106;9385;4639
-5097;-16303
13457;-16294;9767;-16044
10741;3526;-9244
7075;-10312;-18172
5029
-18401;-4612;15466;-2715;9325
-7137;-2371;-13733;17294;-7280
10577;11139;11991
-3636;-13892;6022;-16988;-1119
-4466;-5029;-7831
-13517;12573
-11236;-14389;5131;701;-5728
7281;-17890;12646;10712;1274;11499
-5553;-11713;-12386;-17143;-3304
947
978;-15558;-15688;1720;14908;14589
4464;-16920;-16746;-16219;-8780
-17338
-12883;-18035;5398;7146;17420
-7010;1955;-12249;8157
12768;-4983;-1511;-7229
-8621;-12093;3373
-959
-13224;4072
5224;12120
3761;8546;7956;-7015
-7203;-15352;13400
-11266;-1989
9239;-14304
-16037;13694;7407
17570;-8409
17219;135
-9371;207
-17365
-4851;877;-12191;15183
372;-5452
10562;-502;13221;3289;2541;-15840
15762;-15796;-7836;-9501
-9829;-4373;9116
13316;8108;-1391;-12016;-13104
-9187
7392;14129;-16791;-3726
16336;1053
1125;-7735;13162;1948;17087
12074;13514
11459;-6349
2118;-15421
-8690;-14552;-5085;-9552
-10130;-11367
14949;5033;8957;749
-2321;10337;-16212;16532;4970
-12945;-4500;-13172;4649;-7823
-6737;13957;14285
11703;-11369;4684;-3326;-2719
11648;14096;8096;4500;9816;-10266
7680;-9185;-7921;-7987
3937;16452;-5253;-2026;-15934;-2303
-17419
14051;-5535;-17744
-12527;-4895
-8769;7905;18286
-13521;-14132;14325
3072;9954;-17928;6888;10730;-3484
-723;1765
17432
-9123;-16371;-15671;-17231
-15734;-5894;-7319;-12585;-1372;17276
-13341
-5151
-18097;8791;-12234
9251
-15137;6561;-6586;-14571
10854;-3831;8967;-1918;11565
17446
-3490;7202;10614;-6151;9271
-5431;6614;-696;-638;5311
-562;-16882;2597;-15383;9;-3613
6401;1955;16682;8798
-13361
5636;11822
-2257;-15202
2932;-12295;4189
-1570;-15894
-13369
14049;1537;-6580;12555
9313;-13730;386;-5037;-7294;2990
-4898;-16668
-5847;966;18255
12770;13321;-16812
-15699;-5869
3637;11270;10758
-517;-11693;-4910;9101;-5360
-6915;9669;-14967;-12775;9737;-10416
5195
11776;-10627;3188;10618;-12894;-15454
-12017;14707;5589;13222;16472
-17499
-3628;-1583
2;3778;12291;5467;12350
-386;8002;-2790;-18237
13861;15934
-17619;16036;-7734
13415
240;887
9681;12322;16547;3589;3117;-3151
-9010;-8165;-6776;9083;-18300;-8940
14180;-4838
-14003;-1655;-4168;-6712;4906
-9345
15777;2417;3439
-5100;10349
-1850;7257;-158
17538
-9252;-309;10716
-11105;-8595;15059;8965;8415;-11584
-582;10490;-559
2418;2836
-7521;-4850;594;-13961
5265
-18068;-18137;-12859;-9451
-3185;-3639;13398;10087;4990
17987;1763;5203;4892
-9368
17027;-5620;1223;-14201;2747
18037;16539;18316;9726
-10133;-3335
-18401;5844;-7045;17301;12935;-9454
16576;17282;4771;-16968
1185
-2339;9699;-6804;6716;14399
5072;-2097;6414
10592;-5237;16325
5296
16850;-4022;149;9291;-4684
-1203
17808;-17413;11580;17900
15570;-14245;-14631;12057;3324;-7376
12647;8521;382;12431
9407
420;-11;-8108;6479
-1221
17608
-8497;18401;-13923;-13591
-1330;-13890;14071;5866;-10203;-8028
-5316;-10199;2360;328;-16988;16300
-9769;8538
-12241;7399;7837;10526
-2611;-14292;1412;-2935;-13642;-14223
-17158;-16846
-14997;14567;-7659;-16284;-5536
10516;14404;599;18137;-8797;15535
6870;9752;1596;-12880
8244;-17680
10464;-14696;16455;-14810;2686;-1344
-2354;-10010;-18030;13101;11950
-2834;16370
-12579;16022;-10601;-13949;-8814
-10389;-13770;6525
2392;7050
2947;-16220;-8461
9171;10787;10791;-13112
10144;-8754;-869;6011;-5246;-14831
6597;-2183;-17962
2515;5540;13223;5693;-2911;-10512
12613;-3784;12911
-1265
183;-329;-17504
6977;-12100;230;14182;-8023
-9506;-14162;18003;-13928;-14443
256;-9717
16800;114;-15091;1433;8735;-13264
-17288;3722
1936;-1123;11895;12983;-1213;-2718
1281
-8381;17854
2499;13082;-10204
1284
-13874;15737;7546;8269
-14050;2449;-14711;16824
-6838;1446
3574;10009
-5219;4406;10301
4790;-10391;-17150;5069
3488;10515;16612;3451
-2403;2450;-6310;17977;-10604;-2413
390;-807;3270;1383;13402;-12238
9497
6610;-1827;-6093
17849;-4251
17285;-2374;-16222
5060;16359;-4088;9083;-4623
14816;2003;7220;-3045;16485;698
-6450;-3924;11895;-3421;15501
368;-5106;-15010;15989;5015;16443
-15746;-15079;10871;10445
-13606
14929;-6586;-12827;908;-5936
-13113;8697;-9195
-1325
-13618
-17715
-1333
3225;-4701;4845;4093;-6031;-96
-17726
13488;16451;-1846;14696;-10539;-10427
9536
-2147;-16948;3766;10668;-13070
-9540
13641
4768;-5352;-7274;-13978
-693;13558;-5016;-8569;13307;-7135
5021;8623
-994;-363
1357
-13939;1236;-17702;6489;16890;-14812
5453
5490;-5044;-14520;-15962
-14114;-6117;4580;108;10078
17754
2973;2493
-3832;5208
2320;9705;2986;16062;-17408
1096;-6571
16400;-10275;3525;9254;7547;-8687
-6739;1475;-12502
16677;-7102
-16514;-17747;-12819;-12724;17795;-8528
16005;-5191;14683;-15469;14397;-6656
2578;-12156
5745;15671;-8429;8879
1386
13675
3141;6442
-17169;-1889;6614;2858
-15298;-14771
-5106;-14325;-9302;17354;18234;-12349
17784
-1401
-177;16338;-2648;7751;4713
-10434;-3045;10455;-9209;10829
13697
-4628;-13173
17594;-8285;8334;-3936
10837;-15767;-8779
14578;17045;-5626
-10274;-3031;14762;18171;-10014
-11236;-2477
17810
-1098;-7514;-380;2283;-2622;7902
-4865;3426
1202;-11301;1252;517;6889
16663;17546
-9941;4398
-10913;1665;-4407;-3291;7307
-13479;13046;-17400
-9396;-12535
-16371;13058;8118;17128
13743
-8739;9093;-105;16107;9679
12707;-6249;4856;-42;-16829
-8066;12517;13991;3498
-6677;422;-1847;4782;-14527
3894;-15663;10303
-5562
-16795;5338;17019
-1746;-3477;6181;-14713
15696;1889;10422;-8939;-1214
3671;1897
8305;-181;-1399;15228
-2612;4088
9009;-5812;-16424;3704;12412;-8462
5665;-11959;-5465;6457;1245;-1518
13699;-5862;18154;-8128
-14897;-2033;7255
-5580
17808;-4199;11752;6157;3358;11663
-642;6407;15369;13118
-9923;6642;10308;17145;-10396
17777;17813;-15593;-12251;-4395;-17132
7842;-17923;-11093;15578
-14738;3924;-15719;-17304;-4829;2110
8448;-6949
-14652;9054
10305;578;13154;9830;-15980
6437;17336;5769;13387;-15485;10924
2176;9140;-12824
-12930;-2569;-2400
-6038;-11368;-2222;18110
-1793;10467;-11641;-3322;-3423
-5347;12938;-1947;-28
-17908
8548;12407;9241
-6242;14644;17972;-16652
-14503;1066;-8030;7647
14018;-1643;14395;445;2990
6850;12739;-6314;-11741
1538
10611;-13252;11508;-11735;15591;-11183
8288;-13891;7146
592;9143
-8887;7342
7362;-14678;1674
-9717;11263
13568;-3353;-4572
15568;-14709;-6123;12252;6847
-1554
4132;-14469;7691;12909;7677
9750
16577;-16964;18329
-15765;10108
-14804;6902;9463
1170;17675;11388
112;-17075;-13913;10009;-1179
7345;-13322;15115;1518;7295
7231;-8800
-1570
13858
-4811;-13148
-12226;-1529;-10349;-6144
8068;5719;7596;-11615
4752;-10211;9139;-647;10774;60
-3250;2439;10586
-595;-17373
-15442;4468;855;-7897;17754;-13613
-12294;1238;3142;6327
-355;-9877;-14938;7660;-15118;-9919
-9781
-8962;5058;9591
-1332;11907;11636;-5806;4270;17791
9367;-9197;2590;-4367
3908;-17804
14119;-9854;13727
5704
-11715;9058;8362
17072;-14417;-13427;-8749;-10686;-12366
12704;-7313;12786;-16205;7837
11058;2067;-2267;12491;2844
128;10296;8217;-9034;14954;-2460
-8481;8994;7015;-13247
17655;-16031
-9014;-13035;1690;2348
-9820
-6366;638
4609;-2978
3218;-2325;-12250;17085
-10337;-12740;-3134
12913;-596;-2935;14334;10687
7538;-16644;16969;-17692
146;9874;-5690;-16846;4878;5999
4614;-4494;-9391;7630
17347;-10747;7260;398;11967
-5698;5497;-9645
-8113;13862
5964;16173
-1658
16166;-2824;13863;-9160;-16382
-17377;-13842;4519;5719;-1164
-5218;15956;-1061;16122;12731
4800;-18392;10232;6779;-5086
10834;-13958;7640;-11530;16299;-15052
4593;-14148;436;-5478;7318;5607
1478;-9959;14312;-1836;1566;4303
-10183;14903;-13961;744;4908;9357
5768
9075;-15093;16756;-4151;15567
5589;182
13966
9457;17337;-15547;10911
-13025;-7122;-8611;14790
1124;12234;-3484
9874
-1683
8214;1661
-15032;234;11866;15595;2621;-1312
2176;-6802;-6002;8174;-6911;-4608
-16674;-8498;4395;-9583
-10916;-1815;-9816;8567
14791;10939;10413;14703
9887
-9888
-5793
9890
-14113;13079;14761;5753;10891
-2193;12513;294;8411;-9134
-4001;-5527;-12653
12867;2920;-5385;-16203
-12882;-17349;-2854;-11110;8184;-2560
14230;12054
-1442;11378;-9349;15607;9690;-15984
8701;-10414
-1714
595;1588;3109;8713
2224;-8040
-11240;7687;10204;7357
-4035;-1566;15517
-15618;-11641;17341
-18017;8093
531;16086;-16135;12009;172;-2735
-13457;1462;7831;8652;3548;14189
-1747
-18391;-16124
-18132
8848;10400;-17314;3909
-5204;6952
-1751
-16641;-11810;-17835;-13356;-3551
-4100;3495;-3978;2828
13489;12898;12232
12496;-946;8274;-13972
4374;8492;-2912
-4626;-11368;-10345
16496;16947;-7404;16686
-17160;15387
18195;-11544;7927;4120;-4637
17696;-17123;-2765;3967
-14065
4850;6964;-15207;-16783;10206
14903;7354
14065
-6101;-8262;-10620;9995;1692;3324
-15460;17875;8454;-12040;26;-12927
-4266;-13771;16252
-577;-14707;-10057;11263
-12535;-11453;-6477
9255;-15196;-4045
3488;-11922;11202;4421;15085
-15927;17722
-18182
12977;-6424;-16378;8619;526;6575
-8212;-16168;-3480;14729;-958
-6612;-15253;-17415;14856;2142
-7834;235;-5884;-17885;13182
1803
11024;-3153;13008;-15170;-6382;14765
-12227;3684;-14838;5192
15857;-13701;-3582;3231
9999
-7755;9566
-5908
16880;12417;14178;181;12555;-9343
15478;6815
13331;13978;7275
-13922;9783;-14063
1812;-3702;-16601;-7903
1817
849;-9331;2356;15754;4478
4962;9147
14820;4021;9368;14573
13824;9298;6085;-5767;-16280;11048
-1138;-15561;2602;6607;1567
-16883;-15015;-3658;-1023;6079
-10024
-1156;11183
10007;15162;13532
-17463;-760
-4563;-4597;1159;-6128
-12980;-9342
5329;-362;13260
-15011;7942;-11166
-16609;-6481;2425;-13018;-9131
-2018;16888;-729
12466;14275;-8185;-16702
-1857
5952
1048;15336;-10426
-7139;13097
6405;-12365
9227;17213
2807;5864;-13131;-7596;5533;-11728
-16004;15444;-7164;-2335
11089;-16851;-1403;-10205;4511;-9488
5966
-10147;2122;12011;-11372;11470;5983
3127;13897;1194;12331
10072
-5981
12401;-14932;6115;5701;13398;-8509
-10646;-16695;12825;-11948
-15171;-5326;2222
12624;2656;-14741;-1168;-9456
5996
-17704;10904;-11200;7903
10097
16787;-13564;-17423
-3252;-4838;-15271;-1658;10815
-6005;11130;12555;15470;17918
-17825;17478;11144;10042;1677;16270
14259;-8741;-3637;-9445;-6648
5634;10531;1300;13735;-4701
5063;13245
-1753;-4272
-2228;4340;-4042
10123
-1970;12095
-11812;-8775;16460;14254
6914;-9639;-5496;15711;10831
-11649;10179;-18407;871;17067
-1939
4129;8006;6190
14083;-596;7893;2326;-8861;-8799
-10113;9089;-13842;-18216;16332;14796
-18202;8047
16528;-10469
-14255
14255
-14275;436;2488;-4283;-4398;5775
9857;6629;-11834;-14815
-7026;-15589;5189;-14617;-9338;-9742
5810;2723;-15431;17071
-4132;-2791;4940
12400;3457;14798
-12001;13304;4377;-9242;5549
-6629;-6508;7052
1490;1652;4053;-5687;-7595
1600;9889;-13075;17172;-12857;3358
-18377
10185
12480;-16950;11672;8281;12107;-5117
9512;-1772;-15261;9518
-13444;11029;823;18391;-14799
-12563;-16902;-11112;-10317;3837
-10723;3333;17755;-172
2004
-3281;2016;-17906;-2228;-6975;-10496
18391
7232;-14612;17494;-17834;-3805;13533
11943;-137;8793;6698;3389
-1569;11793;-4111
14306
3750;14652
-10212
9958;16974;-4432
-8006;-7545;17976;15982
-8212;10236
-4468;5316;14508;6414;-11551
-7570;5426;-1546;-6031;2702;4990
-2031
17024;-17240;16073;3710;-11808;2463
10737;-14916;599;9687;-17144;9005
18197;18010;-5503
-7172;4420;2999;8155;10014;-8192
-10227
-18164;-12870;5768;122;-14268;-11776
7984;5208;14297;11882;11357;-7726
1029;10120;-13193
1344;8464;4950;11863
-15379;-14150;2982;-16462
8196;-12422;-18071;-12170;-14700;10253
6154
-11362;18257;5077;9351;-10428;15740
-4104;2425;-12669
-14352
14036;-13254;-10569;7720
-6499;-17716;-13754;-5067
507;-1021;10783
5413;12693;6245;3958;14871;-12428
-4873;-9497
391;11308;-6061;2173;10654
-15329;16918;15049;3178;7262;7774
6182
12049;2740;-14458;3357;-9872
-10801;-11814;17368;13305;18316;-16093
-4963;-820;436;-4939
-6578;15860;-11376
-4740;-2676;-15414;5466;10237;-3167
6598;15113;1065;10874;-11068
6594;-16892
-4482;-12473;-16588;10957
4320;5981
11276;-7182;17886;-10335;-3856;-14000
-14962;-7156;-3430;-3943;-1231;8127
12338;-14820;15747;17670;12746;-4699
8389;-3095;921
2121
9422;494;-3696
6243;-4118
-14415
12257;-3689;-396;-9356;11503
10323
-10964;7453;4830;814
-13554;6536;17272;11738;-11662
-15590;3509;-6446
-5593;6073;8285;-4751;-12383;6223
-15267;-11456
14640;-18371;4409;14414;9374;-5936
-12102;-18247;13207;11642;-5325;4574
-11592;10717;-7742;6462
13556;4453;7606;17499
-14446
10625;16387;16107
-14263;-185
-14449
3062;15926;-12969;8431
-17138;-13698
-14311;-15592;10011;-3869;1117
14451
-8337;-8181;7127;6762;-7728
5441;-11544;-14074;-4027;-8188;-10734
14576;-123
11762;6067;-100;-16037;-7191;-13052
-1941;8535;7977;16269
2170
10421;-5111;-11580
9059;-165;-15865;16187;-15488
-2151;-27
6743;-13019
15648;9985;-17747;-8116;6509
5159;2296;-10921;-6910
-12;-14460
14129;-4326;16421;11304;5625
5218;-9243;-6461;540;12143
-3713;5910
18410;-12109
-16420;10291;-15124;-5302;3865
-12821;13239;1448;-8174
-10404
6707;-17751;-6153;2697
16834;6789;1397;1773
6314
-16329;16600;-10683
13208;-2794
-14561;-16116;-221
10112;-17667;-421;5749
-6357;12056;8815
17073;11222;10798
13424;16611;-7324
-9154;6922
-3298;-453;18270
2232
-10866;-1255;-15161;17513;7533
10631;-8395
1858;4476
-11219;-2582;-4823
-6882;-7540;7494;-7309;11996
11168;18370;9990;9546;14607
-4486;-6007;17815;18361;12876;-15837
3008;-16995;14514;9374;-16240
-1378;-4166;7496;15580;6972;-1775
2250
528;9914
7413;-16744;-13196;205;-12704
14547;-6677;-4663;-5465
5264;-14785;15763;8303
2262
-7414;-4807;18311;6009;-5741
16512;6501;10214;2615;2169;5212
12992;3506;14788;10600;7194;-9952
-14773;-12070
4579;9257;-7946;6876;18174
9378;13112;-16126
-16897;-8930;-6087;4907;1789;-13918
-6371;-3299;11942
-11731;4328;17870
18259;-2235;6733;-9934;14029
-12498;5490;-13529;9723;-2157;-13885
-2280
-3763;-10741;4789;-8872;-16464
6378
-10477
4368;9440;15330;-232;6090;8252
4867;5613
-17042;963;-166;-13277;-17134;15694
-8806;-8856;-18312;4872;4233
10485
10304;9488;15748;4315;7356;4238
-2663;364
-7099;-7488
-6993;-8468;15252;-16743;5404;-15327
12600;-8556;14639
2544;1493;-5912;-3341;-13471
-503;-1801
-12642;9925;-5495;2075;-16656
-962;-9544
-7419;-11279
1456;6784;-8338;4833;13964
2315
14604
14606
-13301;16055;5688;-10764
-17765;-6487;-2647
6421
-5539;11531;8621
13266;-2358;-3529;3209;8121
-11848;3468;-2142
11689;-8234;-13978
-10525
7616;7536;6659;1004
5682;4855;-557;-8845;-11664
-14066;-13173;5242;3275
1618;-12150
-18082;-4739
2290;-8149;-7605;-9018;9083;2863
7666;10149;-7930;12460;15533;-6863
-13068;16940;5630;9231
-11713;-7090;12708;12541
6289;3698;-15379;-9238;-4108
-8234;-2702;7838;9551
8512;-2056
-15123;9428;4981;5382;15530;-9644
-7340;-15504
16752;-12339;-18332;-17117
-18081;-16888;15339;1997;16078;16207
6896;-8835;-14789;7174;-17929;540
-14961;6081;12500;-4222;7070
-10977;2849;1655
-9046;-2680;-9501;-18015
3040;17702;-10332;-8031
2194;-10361;5787
6479
-7650;7762;4163;-10985;14011;3276
8116;-12700;-11517;-14960
6485
-14686
3698;7543;3450
-17170;-1301;-15982;-720
-33;17266;-9277;-5552
10816;-10226;-7721;-3466
18305;-7990;6301;-10112
-7060;13895;-2974;-14464
15328;10001;-14725
13301;-4552;-1262;8622;-9600
-18386;-15465;5480;-6812
-5490;-15961;-8602;6761;4493
-13650;-12487;-14204;-7374;-928;5263
-17206;-17983
-14711
-10918;-3865;13819;17276;-14494;607
2209;-4836;16670;-7520
-1153;-15737;8137;-18219;3309;-15630
-14994;-1573;-15782;12791;8937
6537
15959;-13516
-2050;4178;533;-18042;-3098;-12639
1531;-8080
9745;2630;7675;-13500
-322;-164;-11606;-12367;12303;-6688
-15892;-6902;-5128;6009;7162
-9105;-9742
-9429;1429;-10650;-8398
9746;13925;-16799;11983
4160;-17974;-5863;-7373
16356;8308;10141;-13471;-10656
3632;-14627;-6871;-7111;-619;-13756
14775
15712;2900;12553;16314;-8127
-3761;17122;-6773
-3521;-11204;10965;-4215;-14999
-2494
18068;9002
7280;-550;-12218;12078
-15333;18004;-16438;-13306
1728;-1861;-10558
-2500
15670;2214;-3079;-17305
7208;17213;-13728
7301;-11291;11037;-13646
10695
-1233;-790;-17639;-9207;-4841;-5661
-10180;17767;8409;6990
6871;2634;17580
2433;3430;-1978;-14590
-6838;-12064
898;11570;-12999;10749;15406;-6719
-16627;-12900;-13205;-14085;-11247
1271;8026;-7292;12812
-1794;-11094;-3837;5997
10731
8101;-1754;-1435;1723
-7153;11488;1638;8859
-9889;18208;-12195;-2766
10948;-208
12097;-12003;-2645
-1793;-17362;5747;-8138;-1018;7722
-10749
-6452;-16587
-8266;-13019;-5852
6659
-2569
10761
14593;-16162;4139
-10764
12787;15398;10695;557
-12673;-6018;14950;-6009;-445;-576
-14871
-3379;-5396;7419;-13516
-2584
7270;-6444;11660;-15070
9009;-14341;6725;-13342;-5006;-10207
-5580;3820;-4926
-17519;1615;1023
3490;-10932;-7446
12544;-2370;14227;13835;2333;-9296
880;18105
-10763;-7131;11195
-17529;-14827;3467;14187;15037;6365
13332;-10987;-1691;3582;-3935;6399
16914;16517;-10347
-3634;8134;5338;-9133;-7407
-17432;-8008;3416;10076;9117;17727
1532;-12334
3457;-8050;-1410;3783;-4491
18178;-5336;8663;-10985;4383
8690;-997;9510;8442;5644
6714
-15527;7642;-11119
-6716
-11458;4405;-12374;-3676
-10594;-17373;7471;-2608
10055;8953
2118;-4877;-3966
10822
1425;-8066;9138;13684;-9453
-274;12898;-13206;-7257;4348;-11437
-200;-18120;-1241;-14779;-13360
2644
8358;-15102
-15082;-16238
-7322;574
10737;-13390
16769;-4452;-3461;-11765;10870;-5307
-7828;8051;-14887;3256;-14428;6797
7864;15272;-6252;6621;-3966;3598
-10853
12848;12133;-10375;-13289;-4123;-8047
13634;-3446;-983;-17100;-11709;557
-17162;-18269
-7121;11474;-1229;-14125;4239
13537;14067;-2005;5030;1655;7247
-4470;-4087;-6000;-16784
10861
-9718;13722;14027;-14700;4862;10863
416;-3526;-3661
-5;-2672
14946;20
2686
688;11557;6829
-10889
-1345;-11476;14660;7212;14125
10176;6723;5368;5006
-13394;4712;3166;158;-1440
8992;-4323;11491;11117
10720;8367
-14817;12578;-16501;4589;-6943;-6191
-8066;-11554;-18390;-12134;-18102
-9416;-9680
5632;-14395;-2143
9028;-2103;-13739
-17670;-8860;-13054
-10018;14440;6491
-15011
7926;775;6872;15450;-5979;10446
16417;3705;3082
-1122;12042
-12596;-14710
13227;-10492
13075;5575;-15672;-10761;17915;4891
17746;-6815
11728;-13619;-4218;-7643;-5373
1537;14248;-6895;6143
11720;-4876
-14247;4745;-5536
16464;-3557;6231
15785;-346;-12683
1219;-1733;-807;16040;-2749;-5117
-8130;-14853;-17303;-3433
5602;5058;-10648;9483;268;-16622
13682;-6423;17638;6538
-15053
-15585;7971;-11990;5830;-15832;-18223
-16277;14280;3563;13500
-10973
13270;-92;12427;14045
14900;9689;-17707
-11969;18129;-17143
9172;10005
-2945;1696;-1545
17715;-5512;-15000
-14737;-9877;9527
-15153;-10978;-15865;2332
18209;13285;18362;-16751;-9824
9313;7733;11758;6767
-9283;4517;-4984;7835;-11375;16095
18036;-15229
15096
9878;-7068
-15102
12064;6216;-9033;-2334
-1954;-10179;-6405;-4968;4300
-6722;13639
2628;-13269;-9494;-11359
-17973;15149
11618;-14403;-6020;5669;-16074
-2826
-10844;3918
17187;10293;-8713;-11837
-7617;-12051;962;12685;-13199
-17457;17426;18262;9182
10929;8293
-7473;-7829;1286;-5802;-11695
12347;8077;-15150;13951
9234;-5891;3557;-1262;798;-13375
-2871;-4170;-13067;-893;9964
-1877;4709;14668;-2367
8805;6330
-16547;-11236;13243;3500
15136
10658;3799;-17308
-8471;-10764
18133;16216;-2827
16551;-1276;3963
-2856
-6890;9755
12480;16775;14570
4049;4949;9208;-7146
-3746;-6154;7979;9291;15948;4127
8609;4419;-10937;17785;-8814
2872
-13410;-7716;2549;-12362;-16268;7468
12338;-1353;-9674;-4190
-1841;-11411;15140;17375
-6977
-7809;2291;1510;15718;6599;9148
7418;-10304
-14531;-12933
1024;-13812;1707
356;5111;-2572
11939;-4118;13082;14764
11093
6999
16506;1038;-6448
-2905
16113;12434;-14170;-2382;3198
-15499;5530;-1132
-15489;9218;15524;6101;-12827;4478
-10154;-7675;-4715;-17232
-6660;-536;10109
15921;-1942;-11462;-11337;-8395;2013
-3957;-15912;-600;-7739;715;8191
-2919
-10760;-8204;-3324;-18381;-3216
-11994;955;-5709;5630
7027;-7749;11928;12202
-1763;8002;18083;-18331;1034
-8930;2739;17315
-1114;-10012
-7345;12520;-2239
10193;-5411;-9162;-11114;-13659;-2459
-8849;-4842;8666;-14300
11655;231;-752
-5399;-17767;-14844;-14092
11141
-8050;5561;-13006;12766;-4320
1986;8731;15341;-2624
-16021;14663;18410;-1807
11920;9264;-1843
-17777;-16626;-4114;-220;15295
1841;-8948;-2966;6839;-17816;18088
17044;-9654;4504;9032;-9226;-14685
5411;11242;18395;-11584
-339;-619;5372;2670
-11194
3003
-9219;-1396;-7525;-4730;3482
13444;-6953;-13594
-7169;-7538;-8707;-9219;-12678;9535
7103
15970;16872;3881;-15467;6330
14961;12888;15725;-8127;8526
-10228;-10374;12982;11926;6910
11218
15425;6310;7054;15199
-9889;18352;6552;16685
-8818;-6500
-14723;15907;18231
5634;1493
-4546;-10776
15322
-9858;-12965;-17078
-11190;-2039;10191
-12129;-7560;-7928
-14580;17283;7656;17263
-11377;-279;8413;-12096
13576;5864
-2766;18110
2474;-9627
16498;-83;-3574;-16150;-12042
-6915;-4346
386;10874
-17923;-9726
6005;16262;7432;2046
-4002;1990;-16826;-8812
15185;13179;15675
-15376
-7184
-1059;17458;3075
-11285
-6373;15933;5823
13514;12540;-10670
-1301;-3719;12365;6973;5167
9457;-12963;-11885
18128;8208;-3874;-11168
10560;-15619;12261
2438;-13738
-15396
16259;-17142;-17639;-9165
-1954;2068;7447;-16522;3035;9036
-7026;5909;-17078;-232;-8089;15213
-10227;-11735;1015;2968;-748;11516
12773;10822
3123
2640;-10258;6385;7669;-3312
-13045;7029;102;8;1609;-2924
-12772;-8533;-10870;16761
-7229
4978;6350
-9603;-11364;9637
-2692;-454
-2966;151;-4428
2529;-2931;611;-7191;-16652
13904;-10147;8776;-9385;-10400
7253
-12882;449;1082
-355;5427;1332;-14142;-18415;14799
5008;11904;8643;-11700;-5324;15116
7264
-15141;6857;15551
-4226;6945;-17814;3959;-8427
10373;-5578;8474;6971;2987;-15949
-11914;-18095;14527
-17;-17491;674;-14006;7164
-15138;-201;3950
9794;-5992;-11625;4623
4721;12435;12253;6559
8021;-9144;-4761;13208;8010;16539
18086;-1176;9368;-2592
13236;12454;3753;-2301;-9469;14207
-18412;-9376
10017;-18248;-1960;6973
5522;10171;-4284
10725;-13946
11137;9411;-17328
4532;9493;4265;-8637;-16974
16736;-12932;-7029
-14290;14501;2855;5399;15240
3842;15769
10593;4212;7573;11562;2058
816;-465;-13864;18170;-3755;10523
6355;17358
-11430
-11434
-1233;-2020;5011;-2982;-1255;5721
3344;-15877;72;-5082;2011
-16468;9118
4228;3018;4202
-9969;-13770
8099;-9445;-14922;15437;-2432
17987;-6533
-13937;-6953;-14617;-11662;-1151
-11545;3675;4603
-15562
7863;-13930;-17690
-3370;-4015
13543;-7596;13726
9910;3563;-16765
-3169;2848;11250;-3081;-460
-15673;-5229;9407
-17505;4104;-15917;1439
13042;-11132;-2845;12430
-563;-14823;-6023;-15867;-6988
-14133;11382;-3434;-9408
7700;-12679;6249;-1995;10174;14335
10307;7123;-18325;17316;-826
5602;-11699;-3238;2504;14234
-17269;999;-11615
-11502
11546;-779;11643;-2268;-16831
-11505
-2625;7217;14070;-7945;-15675;8271
-6884;6729;15756
-1282;12788
17137;-17346;15489;13332;-14573;13854
7954;-7239;13735;14361;15468
7418
15737;-16446;-10175;18302
-7014;-8598
-17174;18361;-4511
-2781;-8735
-7425
-17491;10520;-5566;11581;4286
-11425;-12390
7728;17398;5899;5980;13548;10126
16771;16455;11071
12448;14995;-8519;2550;10536
-12292;1300;3557
17249;14037;-7468
-7436
-7539;-13924;391;-16299;17646
-9495;2055
-3345
-11539
16579;-14247;-2442;586;-16508;12685
-2194;12611;-10810;-8123;15965
-5687;2331
12902;-5450
-6932;-8853;-5653;15629;-13567;7822
12295;-15657
48;1233;6177
-16358;-3392
-7466
15659
14403;16326;-2267;11774
-33;2404;16244;17531
7475
9504;-5862;-1579;13338;16653
-12443;-11421
-16014;333
-130;7431;8383
-3175;-7676;14255
-5745;13245
13090;13878;17399
-12610;-7508;-12309;502;4826;15499
-16481;4869;2759;-10942
-15428;3908;7285;15838
8507;1309;1790
14016;13975
240;18386;-2869;-1097;17513;12203
15426;-3807
4627;-12148;15894;-5471;526
11206;-958;1374
14416;-17848
14785;-18221
15957;-4329
-16481;-13477;-6248
7576;10762;11418;-2174;-11855
-14647;-1005;-12366
-9592;6887;13736;332;8462
13714;5667;8041;-7595
-1236;13700;1446;17191;-7177
-4625;8707;-5124;17155;16004
2101;-13740
-17471;18430;14782
-17857;14163;235
10406;5340
-13154;-9639;8905;6332
-11655
3334;-6799
1318;-15464;15771;-14412;16252
4275;6794;-15276;-7181;-271
-13112;-4457;1962;955;-860;7947
-422;7702;-11434;11259;-14670
3824;14688;1340
-8593;16159
-9410;-6806;-12717;4975
-4906;-13037;15309;-16511;3374
-5746;12161;9473;-118
-14204;2527
7585
-5938;9432
-4498;7997
-6274;-18040;7052;9661
18433;-7925;-18297;-14410;-14076
3363;-13653;10009;-8252;11387;-14557
14434;15798;3974;6168
14353;-1059;17368;2137;8253;7517
-11171;-15687;6959
-556;3341;-10399
13466;2347
-7626
-8985;2953;9564
11726
3539
-18035;-14916;17123
-14450;-5476
6531;3224;9066;13003;14283;6588
11393;-17045;10951;1420;605;16701
-7081;3534
-5553;9100
-11741
-6177;14977;-5241
-15850
11713;8369;2228;9496;5679;-17536
7745;-4179
-2721;4355;-17495
11766
3088;11761;4578;16916
17092;-13517
757;5349;3291;-15965;-3823;18063
-6561;-7755;11339;-12895
2950;-18312;-159;-351
18403;-17961;15436
1490;-10326;5243
-5220;16505;-6634;3038
3393;-8469;14036;9494;13704;8302
-15885
11789
-3601
-14409;17885;127
-13409;-9985;15745;-1641;-14797
-6118;-18315;-11949
-15623;-10011;13822
11811
6865;1217;1921;14099
-2979;4603;-2636;10349;8318;-9935
10131;-10119;-1672;13481
-12486;-2809;-13529;17002
-5569;9198
12629;-16263
-6199;13931
7011;16519;12875
-11831
-14737;-1514;-10269;14687
7736
11833
-675;1028;1078;14345;12444
15552;17184;1586;9939;344
12296;-8650
8936;-17053;-16014
-11235;-5109;-3479;14778;2379;-17372
-6513;7845;2633;14445;1629
5105;1418;6827;-17006
11854
-16165;4469;-14076;5724
-14293;-9929;17402;-12414;8829;-1456
-16484;-13125;14356;1686;1190;-11772
17697;-9933
12144;-5048;9724;-13149
15249;-16756;18217;-9501;12847
14864;11941;-17451;-7358;9871
14515;17995;-9743;13679
-9153;11715;2147;1077;-9466
-12595;17988;-6589;-10350;-16720
11882
2176;-13610;1387;13134;607
11886
13681;10450;4140
-8628;-6874;57;-15228;2396
11894
-10721;-12721;-17635;3205;17781
-16386;-148;-7653;8197;15928;-7742
14643;-10936
11312;18321;2265;-573;-14542;3309
5366;-1705;-813;3821;-9967;15198
-16261;-599;11211;-14448
15816;8380
-7953;13699;12281;2074
11904;16391
11912
2193;-6387;-2723;10638
5412;-17237;-17035;-14173;2447
5515;12077;-9774
-2227;-14691;3243;13004;-7149
-11920
11921
10826;-14557
-4676;3333;15782;-13261;-9006
10229;12344;14537;7582
16184;8031
-16471;8637
-11683;-7475;-8996;8771;-8933
12706;9844;-16790;16492;-6222
-13925;12133;-10102;16886;-13311;16159
7412;6645;570;-18379
-7655;-18159;13870
-17105;-16788;-5207;-13807
7854
3651;891;-784
11953
-11074;-15366;-18391;-6313;-6570;12988
-6533;-8168;3355;7579
11954;4101
521;-17034;-16988;5148
-2548;15593;11213
2520;13549
-14918;11134
-8226;16082;3379;-9910;4907;-18208
-11979
-15521;5409;-17586;9650;9336;827
15040;16243;-11110
-562;15412;11285;-17607;5639;-6280
-16661;12870;-12295
-14373;-11772;6620;3437
8242;11139;17320;1801;-14222
-3154;-1878;-11575;2486;3854;-1727
-3688;8810;9787;-8544;-2560
13682;18228;-5734;13784;17368;-267
-2277;-5641
-12151;-17642;14603;3167
7521;-183;7526;10603;-17536
1527;16188;3597;-847;-240
15560;11643;-11072
-14696;-1440
13877;-12727;16457;1164;-16382;-10335
-3222;3786;-16702
-1469;-14672
-8963;6996;-13418;11531
3621;8425
-3856
-16146
12833;15399;12490
18069;-8182;-14710;-9705;-3626;1998
12755;-695
10897;-1027;11635;8851;6282
-10215;-14137
16528;8964;14005;9431
-12066
-12069
-1479;16777;-3229
-1780;13764;-1383;13758
7976
-13315;-6457;-13486;-11951;4463
13557;11449;16445;4990;-5696
-1628;12715;16556;-2927;-4448
-1642;5530
-11348;-7848;1864;9753;3689
-5777;-2070;-8332
-7508;-8681
-9969;-10069;-14918;15500;7358
-14759;6953;6986;-15375
11937;-82;-2851;13923;4489;13355
13618;2582
4841;7263
-12993;15987;14262;-16842;16908;-1119
-16532;-18397;-6589;-11551
3746;14532;-16025;12185;13705;-3739
6930;-16283;-15054
-8035
4099;-17206;17051
7666;7780;15736;5160;-15114;7292
8160;-119
-10455;-12888;-6153;1785;-13100
-15558;5221;-9595;3690
10902;6169;-6875;18334
5667;8771;-10464
49;-17848;-3840;5375
-697;-3003;-12971;-2923;-17150
-3977
9936;15764;12486;16343;-14283;-7596
-17185;-17059;8564;-6973
705;4261;7209
12742;5276;10542
4984;-6523;-16958;-5968
10081;16418;1128;9128
12182
5777;7304;508;10892
-3397;-16791;3898
4627;-16822
9384;-13388
-11114;-9275
-7825;15932
11905;18178;-5591
13466;13098;10219
1193;7037;11085;-2911;-4192
-2278;-7398;18166;-14264;-15176;-11743
9490;-15420;18143
11170;9237
12208;13699;-16423;-17609
-8125
-10051;1891;4039;16025;4412
-4034
4043
-12054;-12474
2695;1353
-15989;-6442;10186
3489;11842;7047;10349
-12518;9509;7065
-13139;14469;10023;-3688;12776
8850;-5092;-16597;-7863;4351
-12459;4299
1553;-13811
-9345;-3908;-11949;-15728
15136;-14005;-8967;3769
-8085;-135;-8135
15152;4403;510;-7807
-5050;-11501;-8000
7611;12846
4357;7912
-17363;13283;11524;730
-9907;-18217;11513;9082;3660;7950
17216;16144;2050;7173;-5727
