3954;2707;-15333;7397;17659
8757;18219;-14685
6
-8658;-12181;12639
-12935;12927
-5153;14149;7403
6052;16621;18303
-8390;-9049;714;-7868
-16882;-15112;-3980;-908
16388;7492;-4409;17737;16063
896;7330
9810;-4791;-9097;16409
17376;9491;5945
45
-12335
-6050;4385;-393;4699;-2592
-17429;-6406;1144;12794;-3852;-14974
7926;8185;4409;-13484;-15279
6374;-14617
10481;9602;-1738;-4030;-14367
-16136;16188
-12535;12588
9344;1733;583;11640;-17308;-10144
-13619;-17750;-3131;7802;6861;-8896
5396;-13781;-887;15655;18254
4160
-15250;-11154;-12563;2031
-8267
-12363
-1111;-9674;-18282;-13550;5437;8430
-5409;-15139;12868;-11292;14797
561;9586;14520;-13786;13929;-12443
-499;5173;16525;-8832
-12373
12499;933;6136;-12395;-15451
4185
-9396;-3227;-12046
-16179;-13348;-180;-3156
-5030;-3258
-4949;8620;9837;6078;-11295
17844;10086;-15543
-13075;9141;-4010;985;2506;-7936
15474;17111;-600;17195;9325;7133
-12322;12450;-1972;11221;-4440;3359
4176;-2757;-3734;-1887
-4205
1200;10530;-6054;14918
-17458;17575
182;-8493
-2467;2586
-8501;14373;14025;6347;-17933
-13705;-6895
4216
8313
-9171;10549;8473;14847
-1493;-5399;14631;-3519
6050;-10228;-8237
129
14641;9286;-5977;-18080
18114;-9790
-2548;10873
6656;4674;16950;-17944;11031;-8942
-4722;4963;-6295;6191
-13313;4613;-10458;7626;-17279
12427
-2996;-8181;-9095;-16735
16513;-1330;-5556;8873;11037;7471
-1269;13160;-1628;-14512
896;-6786;-3125;15928;-7067
8345
793;-5307;4671
-4634;5513;10426;9338
-884;719
759;-4654;-15071;-5776
16551
-5426;-2917;-5272;11383;5897;-12029
-10180;8260;-13558;-5246;-12223
-16789;-4071;4921;15757
-5457;-7015
-8778;-10125;2333
12475
-3826;14839;13207;-6461;7005
-13509;-9941;16874;-5901
-4548;4743
1474;-6909;9726
-10451;10246
7316;1080
8396
12496
-9985;1579
7034;9565
12592;6293;-10680;-8782;8990
15762;845
-7826;-590
227
5063;7453
-17602;15287;-16441;-1691;-7740;-8908
-10865;-6979;5325
4326
16615
-14966;-18038
-4277;-4089;8602
-16754;5106;6934;-16713;-15674
-14018;-7654;-18246;-17659;12538;-8447
-241
15555;8782;16863
8434
-9333;3606;12630;5631
-10051;10727;-10089;974
-9057;2976;1732
14850;1786
5219;-8934;5270;-8360;-18201;-8016
-16995;-853;13448;-12239
1410;15230
7202;-3283;-6984;5691;16062;-18431
14497;13496;-10298;-2333;9471
16642
-13603;2217;-2442;8125;-15039
882;-13849;12698
-4770;15445;15416;-11882;2444
9778;-404;17891;7844;-2472;-11888
598;-1752;-4491;1276
-16647;9165;11855
10646;-18185;12585;-5328
4377
898;-10823;1447
3744;13289;-6379;-12157;1789
-15330;2969;458;-8864
8478
-16274;5858;10405;4150;-4428
15376;13108;-11479;-5257;13119
4584;-8042;2797;14221;16670;-5360
-295
-3954;-16291;86;-15209;11304;7385
11057;-16997;-8102;-12204;9566
-301
9424;-17940;-11861;-7621;-12169;7097
15735;55;-16092
12593
-2225;-10245;-8184;-10906;-13804
16802;3368;8813
-2372;14972
9047;-8734
-12373;-8423
-317
-9962;1453
-8509
7341;9359
-6881;13312;1521;4294;8552
8511
4418
6144;11609;-18076
7334;14266;-17182
-11255;-1359
16113;16981
7179;2013;15711
-8522
-10643;-7478;11368;7084
7472;17441
-4434
-5762;4595;6854;6940
15461;4215;522;3438;1279
2987;-10670;7341
13921;-7042;4213;-6077;-4670
-10919;4234;3196;3839
-354
-15154;-4275;5453;5423
1749;-1388
9089;-17731;-8404;-7957;9915;-5758
-14716;14349
10544;7761;9881;-3979;-11552
11492;7512;-14539
-4470
-3218;-136;-8009;11737
-3763;8293;4791;3241;-2301;-1695
-8570
-13889;4817;-692;-17845;1247;-6784
-17448;-9945;-18042
6921;-15499
-3890;7069;-15855
8966;-9358
14387;14901;-8983;-15497;7871
11968;7735;-8953;14044;1421;-1248
3619;-18105;16280;-2186
2144;-2538
13557;-15034;18255
-18297;16601;-15083
-16884;16023;13545
398
8642;-18411;10171
5040;17377;-5554;2372;-14730
-14213;13799
12550;153
10482;14393;-3098;3596;-589;-7983
-5138;-5435;1962
15489;1477;-2712;679;-7016;4792
-17073;-642;-2292;8492;-8286;15279
6688;14219
8595;-15847;-9561
-433
-8628
-4049;2576;1910
9411;14838;-5512;-1914
12673;10674;-7909;-4102;-5415;10903
442
-16026;3292
9632;12213;7276
-12740
6897;-17268;9126;-1624;11512
18018;-1182
3923;14245;1405;1359
-1492;-15124;-13567;-6016;-1120
1829;-4921;3739;-2303;-11088
-7777;1131;719;6383
17842;14278;4058;-6300;-8942
-5009;4562;-1531;-12795;16636;-2320
6433;-13747;2678;-17098;4892
3314;14327;-13085
464;-4262;5287;-14952;713
-1748;13480;17882;-12768
-17948;9293
8657
-12755
-8891;9357
4658;4004
9969;15414;12827;-863
12680;15564;13199
2725;-15223;3822
-8677
13717;-7593;10106;-16716
528;-1044;18388;-2502;5599
-8913;-14075;-2078
9120;17754;-14095
8683
13744;14978;-7396;-4551;-16283
10513;-1828
-12441;3755
9159;-16137;-5808
6211;6579
-507
-12797
18353;-6915;5199;255
8703
368;8049;1094;6553;-15552
9298;-3544;-1145
-12337;12854
-521
-14391;7132;-9647
-11169;-8789;15340
12818
-531
11491;7763;-13320;-5801;4495
-4742;-17944;-13210;-1504
-538
-13252;13790
10323;13894;-3197
12305;-3480;-8472;-8234;10283;6335
5713;8754;-8419;-1496;3916;-7919
1634;15309
15249;5921;453;6886;-14155;6687
-3331;661;12933;-6442;-4384
-3716;-16253;3022
-16801;-14290;312;8457;17374;-7903
12853
-8897;-8056
17168;14145;-17394;-3336;-7321;5499
569
17936;15750;-11851;17053;-8991;-12943
-13570;8901
16956
-12861
2515;3573;10406;4335;-16160
-529;-920;-16554;-1819;12267;-17597
-18052;17203;-5481;11001
-578
-3538;-10345;4617;-15756;11549;12894
-2338;-5971;12725;5498;7323;3822
-13570;8581;-2572;-7149;16684;6797
-12136;-13021
-6002;6006;3081;15755;4204;-1984
9331;-11316;-8071;14734
-899;9673
12968;12186;16395
-1592;-11288
-3794;-2836;7428;6356;1115;-3581
8144;16148;-2952;10391;13869;-12239
-4372;-17542;7896;7982;-6848
13203;10771;-8773;-4134;18202
-16248;16845
8790
8629;16549
4643;16441
-146;9937;-10400
11987;13197
-13062;-3933
13123;-11883;-10044
8803
-4257;4871
-4715
-4786;18259;-3750;-10344
14513;5653;4424;-3627;4795;-12848
-4002;-13005
-10869;-6138
-1233;12340;16852;2030;-12976
3569;-8123;-16574;-4079
-3061;15979
-2369;-13761;3298;6518;-6607
-5843;-2245;12373;1673;2826;8234
12352;-2001;-3522;15688;268;10622
2519;6313
-12929
15319;-1210;-15660;5899;5835;2749
-7842;4973;2222
17666;7686;18347;-797;-9488
-1;5092;10676;-9850;1643;-6912
-8841
9541;-16950;-7991;11576;-13214
-14597;1655
-1203;13843;-4665;9208;-17838
17378;13076;11161
-7969;10849;2482;-9189;-4044;3117
-17457;1783;16392;12779;-543
14230;1304;-10844;-13549
-15217;-17345;-838;5080;-8652;-8751
6096;18080;17682;7862;-13176;13277
16980;6309;15445;2262;10503;-13966
-5492;3268;15183
470;203
4339;-13322;-5324;-2751
-679
8230;1510;7322
-8873
-17069
-12975
-15761;12197;5785;1914;12943
696
14193;-14895
-4799
4802
11221;10120;-16538
11761;-11053
-18033;-869;936;-11420
4818;10056;-14160
4810
3296;5610
-716
9682;-8584;-3161;6874
13005
-719
12786;-13364;3252;10167;8731;16011
-18355;8998;10584;3593
-12292;9843;15462
-10113;2466;-10438;10326;-1161
8921
8626;4946;9990;-15863;13511
16544;-18280;-15096;247;16525;-4768
4919;13608;2872;-185
13026
-10230;-16670;-14799
-14114;-7507;6555;7262;16735
-14994;-6226
13029
5688;-2540;5790
-14098;14993;14850;10236;-17038
11447;5692
13025;-11074;16275;8917;1866;-15963
-15573;15080;440;1532;-719
4859
10608;15590;-17240
-18149;-1669;-17765;-6791;-13496;16142
-9286;6071;-11403;5004;14478
768
5922;-2340;-14006;9180;-15293;-4718
-6164;-9429;7156;-14279;329;9323
7504;17480;-17788;-3965;9404;4524
13063
-17570;-3507;-185
-18417;-15676;-7581;8620;17213;-5423
16481;10051;11385;-13723;5262
11366;-4648;4267;-9420;-6447
-15460;2471;13774
-6946;18193;-15446;-4779
4689;-16327;12248;-847;13311
-7041;-5175;3597;-368
-1697;11202;4456;-1757;-11406
7282;-12440;-7480;3147;-2814;-4878
4894
-9844;-15285;-16632
17730;-13484;-11741;-12703;-1087
13185;-6773;-17623;-16759;-1049;-8656
1776;7043;-9630
-8434;-9817;13340
-12865;15801;-15900;10059;13964;18429
12209;13607;7768
2530;8739;7622;-16199;10087;329
17248;-3571;664;-11930;4634;10159
-1507;-14055;-888;11838;3791
17206
13378;16120
-11989;-5958;9334;-14921;-18255
-4926
-4245;11480;9978
-7750;-14650;-16764;9661
-3443;-326;16888
17345;4066;4485;105;14397;-6799
-9340;-11917;-4157
10568;-490;-3099;-7244;17486
9347;-6934;6728;16364;-10589;-9982
-841
6436;525;-11902
-3409;-14439;-4472;15336;6138
15586;14451;-16903
4066;12691;-15029;-10603;9724
-5971;-13619;-4469;18119;2844;-18239
-6049;7329;-14424
-17240
-8978;3874;18248
11882;16220;-2670
12732;16798
10757;-16807;-17101;17903;14303
17249
-7433;-13660;16127
-878
18251;-989
12720;9382;-13322;-17853
-10146;-14819;11955;9243;-9408
-682;-4301
13174
11457;-14532;3556;-9419;-7197;15245
-13181
6400;9905;8706;-16580;-12028;-1392
6819;14836;7911
-3172;-872;11258;-6462;-10479;4734
-8500;-10558;1775
-17667;10756;-5046;-10634;-8138;-2939
8117;9166
-9093
15988;-15083
-12501;-5592;5532;1101;3454;13007
-15831;6454;-12297;-16362;8666;7983
3025;10171
5004
16145;10707;-11658;-17883;4991;10895
4833;8116;16636
9888;-7540;-935;-12408;10077
9110
6384;13682;6425;7199
14928;-9957;2229;10620;11775
5937;6558;-11568
-5025
14567;10970;-12319
13218
7296;963;-9098;-3564;-4720
-5029
7696;-5300;10825
9128
-16837;-10088;-4072;13675
-4630;-3193;-13596
-14277;-11543;16685
-8593;3991;5544
16133;-1544;13768;2317;-16031;10879
224;-4098;-13858;4495
-4389;17670;6183;-16080;607;13343
9144
-387;18306;18296;-10686
-5052
-13121;-12416
17632;3697;4532;13097;-5227
-14370;1058;7476;773
-11411;-17510;12585;3065;-12272
5569;3593
5411;-7034;650
-12140;12636;-1471
-5172;16453;13096;5273
9171
-7732;-13338;7801
-13691;14671
-8005;-14999;11526;-11658;-17771;-5132
-4467;709;1114;15914
-10852;-14388;-2022;-7166;-8751;-6960
7106;10628;9636;-9996
-993
-11991;11430;1320;16618
4032;-3751;-16264;17340;-10544
-5924;10199;-5275
5108;-14854;-6426;12525;11293;17935
9188;326;11094;-8412;7404;10077
12609;3570;-4804;-4741;-5629
-1007
4475;11021;14191
1017
-9333;12439;1770;-9147;-13132
9557;-13303;-18154;-5964;14557
-5217;-4664;15000
-2595;-11075;18004;12132;15925;17784
-7189;13028;12778;11645;3326;-12080
-7000;-18430;-12464
12050;-2824
9226
-6685;-14830
-4849;-914;14676;10281;-9966
6131;16808;17113;1946
-9441;-14357;10153;4413
-3732;-12679;9114;6556;-13150;-11727
14803;-1867;10443;6334
-7153;12294
-10932;-15829;-4246;14795;15293;18350
-403;-12844;-12381
1051
-245;-12972;-4221
16288;-14897;-9467;13227
-2021;15367
7873;2086;10666;-7279
10021;11287;16362;-10061;-4367;-18080
-12507;-608;7951
-16498;-8083;16363;12941;-5792
5166
4736;12722
-17137;307;17127;-13661
10770;5763;16260;8538;-15678
14960;-14916;3094;11113;16425;-17310
13373
10689;18226;-8615;-11022
10154;12554;2955
9279
-8423;-4954
16864;14449;-16597;15045
-5189
-9734;8312;-11963
-4503;-12601;4124;18173
-10417;-12181;2549;-8184;6653
-17490
-1090;-2408;-9901
-1105;6384;-4198;30
-1431;9126;-12906
-10853;15622;-7144;6106;10060;3709
13913;-3708;-15628;-12079
17501
1120
-17170;16498;16424;9950
7745;4389;-9834;2922
-18274;-8675;1094;8232;1582;14911
-4651;-16188;15611
-162;3268;-15623;11385
-10374;7718;11980
-6853;-8520;10143
-6561;-962;-2804;5020;380;18351
2244;5226;-12704
5126;11453;942
-9331
14037;-15912;2087;-9897;-5838;14383
-9333
-2036;5221;2501;-13511;17163
14646;12394;-16926;-4238;-15216
-17732;1098;11388
-9343
15682;2005;12135
609;-8030;16766
9345
-1157
-6821;18100;11511;16479;-5344
9015;12623
803;-3798;-9722;-733
-2386;-2285;-589
-1137;9009;16471;1001;16779
-930;6189
11536;-1570;2535;952
4470;795
-4965;14424;8396;-16686
3618;16906;-11163
-6027;7198
-15618;11586;-4138;10188;-846
-9368
8112;9447
-1985;2940;12511
15778;17734;13512;-16138;-16172;-5343
-2820;8095
3526;-4760;6270;8431
16891;-13372;9949
-4200;-8651;-4220;-4590
9376
-14868;-1380;-10427;-10651;1803;-14816
-13475
-936;-16637
-13477
-9907;-6500;-16919;10713;8668;-15917
-12904;-6938;10458
1600;16288;1496;-14096
-7940;-12251;-17867
-5206;-8329;-6731;2684
-17518;8125
13861;-14040;-9215
-1204
9141;-16872;3081;1738;17116;-15423
17603
-11316;-4358;-3320;-2281;-18265;1452
-18135;-1015;8313;-2684
-11025;-16890;-9867;-6653;-5951
-1236
-1241
5520;10448;-9285;-7786;-4235
14688;3292;-12208;-4528
-17636;5065;11323
3201;-1605;-10647;-11161;16907;-18429
4160;-3558;10811;-1968
8519;17311
2359;-3369;15178;-6524;8508;5583
6503;126;-16079
9449
14240;11218;-10787;5911;-2185;15629
17440;13777;9780;-6971
10864;10385;-11044;-17590;12742
-2721;-18225;5376;-8942;-13838;8415
656;-9399;1190;16887;-9467;-5231
-13155;12722;3476;-2790;13302
-12465;2820;-12107
-15395;1834
11141;-9865
15171;10052;-2679;1529;-11357;-7344
1940;-18037;17374
17731;-11686;-4765
-5431;-12240
2387;-15589;-326;2038;-2089
13538;5078;8891;3995;-1535
7633;5333;-18361
-10723;12498;11940;-14157;14030
-9459;12948;14938;7450
1956;-8327;17353;15945;12923;10606
-4277;9677
4112;-5878;-16618;-5979;-2589;13357
12720;-17814;3786
3927;-2606
-2685;-10925
-1323
-12434;5666;-9510;168;-13886
-833;-6961;-9560;4254;7679
11748;-11062;11718;-15592;-5468;-9055
5424
8211;14211;10236;-6750
-18145;-15253;2933;-4440;-16942;9550
9334;7975;13992;-6478;-7102
9529
-18027;4810;7549;7006
-11976;-14617;13370;-414
-7096;12540
11218;-7604;-2472;-4601;8155;17133
9396;11816;4283;8622
18080;-10727;16728;-17133;-1502
6051;6964;-8181;11528;-16809;-17290
5571;13379;-2938;-4684;-14429;-14638
14660;2999;15367;-13371;-14205
5216;-16853;-15624;-15055
-14198;8743
4433;17138;3222;-15963;-367;-18016
-2321;-5900;9581
7621;694;14408;-8589;7708
-2098;4265;15580
18131;10180;-9415;-5244
-5704;-12046
5461
-15448;12911;7999
14608;-6898;15801;-4607;8847;-10000
-17217;-5816;17032;-17226;-6815
-5364;-13989;17493;-12812;-15376
13663
3520;2386;-9702;-9740;6924;1133
1382
-17773
-11602;-9154;-9334;8217
13589;-13737;-9438
6548;-10202;17338
-13027;9732;-14742;-12032
16722;16870;18092;-3086;1951
2407;2696;-1978;5225;15996;9821
-6451;-15432
-3640;2236
5500
6803;13317;9719;-13833;3482;-5791
1883;-15582
-5508
-6006;309;2555;1711
2874;2653
7552;-2145;16817;8260;-12669
452;15318;2045
-16107;-18093
-13726
3249;9079;-1241;-13339;814
15761;11153;4146;11682;11945
-5027;2505;13146;-7454;2366
18240;13858;-11368;-14219;-5069
-9079;14729;-1485;-2720
13740
289;-10734;15999
-17846
9654
-14644;16108
-9658
-11906;4755;-18228;7528
-8918;-9561;-6380;-17568
12845;9182;-80
-12266;10798
-1299;5558;-10204;4476
-11415;9751;-12094
5031;1719;15561;-8363;18282;2010
9889;-12888;-2571
-1170;-6727;-5866
11218;-1550
14900;-732;-17822;-13231;-5072
8803;-3108;-8038;16389;6310;-10688
-1480
2811;6862
-2947;-4870;9109;7846;-7655
-14935;-15227
1492
-16997;2184;11641;12858
-9988;13702;-4682;-2346;4809
-12481;13618;-15027;12393
-9586;-5075;6666;-5725;4031
-13786
-1503
4832;-10017;3676
13797
-4855;4440;-17485
14244;16362;15966
-420;4340;-18316;13197;-10991;6574
-11811;7394;3111;-3979;-8525
-5271;14121;-5611;7342;-864
-11077;-598;4104;-5018;-5323
17911
4034;15234;-14948;-10024;12904;6617
15856;-15475;-5155;10399
-18049;2162;4489;9867
3655;6141;-6991;8078;-16512
14786;-13253
-16246;-7047;3704;-7690;9359
96;-7346;14418;6024;18202;11101
-15719;17257
-6488;16222
-331;-5311
18244;12470;-4590
-10498;274;16088;17210;3051
-6153;10473;-8396;2525
-11236;4709;-5405;2189
17940
1430;-17768;17895
-1306;15151
1713;1559;-10232;7033;5582
-4066;1106;-14396;-12876
-196;12100;-8871;-441;3066
5993;-333
2528;-17954;7633;-17509;4076;11469
-16338;-10133;12613
10361;8603;-1008
2336;1683;-11816;13466
-6082;-8258;12763
8481;-951;-16988;17308;14206
7687;6313;-10924;-12846
-129;-7652;-7400;13208;11743
-4787;-2567;9402;-7454;-272
8218;-6637
11797;14362
-16662;-13594
-4785;-17279
2256;4646;-15224;5017;-6282;-16575
15329;15618;-17893;-8842;-13995
7698;4936;17132;-3600
-9785
9784
14833;11337
12577;17491;13012;293;1239;2041
9122;-10118;7687;-4152;6584;4763
-8261;-7751;17615
15939;-14949;-4487;-2746;18315;-6366
-18212;16968;185;15337;17499;6699
-4443;2827
-12902;10825;11994;2538;8317;9517
-13592;-16699
1737;3978
9814
12449;13750
4160;2490;-5023
9783;16631;17227;-17437
1090;9108;10439;11895;18250
-10498;6466;-6756;-16379;5051
12243;-6511
4374;-15209;5292;7182
13929
17140;-2423;7405
17130;-7293
-1651
9843
-15281;12582;12543
-12486;11879;1945;-7087
-9457;-12356;-9972;-16092;13455
-13766;12167;-1000;-1144;9417;76
14545;-7127;14717
-8725;-9318
-18049
8007;5947
10352;18018;10580;8357;15803
-9863
-9736;-16511
-10337;17333;-11352;-11512;17549
5778
13970
-602;-27;13004;5693
-1685
-12054;6824;13049;2827;-16431
-14423;8633
-6706;-7366;-8105
-4253;10046
-1922;-12069
-16003;-16164;-3844;-18278;-6249;5583
5313;-7801;10728;9855
-6996;10932;-1637;-1080;11854;9119
18274;9651;10652
13861;-999;-9417;-3257;13816
-17393;7479
-9916
4320;-18333
17986;8803;-6581;-10375;-8108
-8023;11352;1050;-10204
-9414;-508
-1109;4135;3417;-12270
14193;-12571;4204
11429;-17287;16796;15373
-12657;16290;-8808;18410;714;16459
-15462;17199
-5829;15764
16407;1723
-4993;10837
-6676;-6903;-11759;3103
1633;1067;-3404;-17437
481;-4422;14373;-476
-5108;-11141;9253;-16711;-12827;-10287
-1379;-1811;8084;-11674;6921;13916
-12434;-9171;10322;-249;-6624
-2259;12333;10973;17055;10847;14271
-1790
18342;12123
9988
-10455;3846;11306;1196
-18183
7027;2966
-10001
1811
-5307;15311
-13930;-16556
7233;-10051;-12774;10630;6554;8414
-469;4282;-13820
884;14473;11035
13232;5656;-15692;-9741;8364
1820
4884;-3063
-10293;10629;16073;18058;12412
11186;2925
-12931;16357;16269;-1487
2203;-16320
18018;-1766;-7079;8266;685;95
10028
1155;3206;-12072;-17260;6750
12630;7110;-13291;11771
4723;3306;18383
-17442;10326;13052
14385;5507;11959;6859
-5943
-16426;-10000
-10885;229;3957;-11430;14805;5174
-18236
7600;-11890;14913;-16889;11963;16636
-15473;613;8615;15034;3131;10413
-7012;-8119;9178
-1714;17123;7721;-9098;-3982
-14498;8628;-5205;-2695;-14350;-2416
6434;-6026;-943;16894;-10400
-9417;-10057;-6970
-1155;3446;1336;2379;-16076
17808;-10258;9221;-16135;-14808
-45;7453;-13390
-16307;-15207;17336
-3987;-1892;8;-1290;13149
-13922;35;12342;11400;-938;-10812
16570;10940;-13327
-11761;-11395;16756;10183;6136;12458
18282
8278;8666;5436
16787;13786
-18288
-27;6027
-14203
15973;9751;16440;16249;13134
-5835;3914
-6101;-10359;-17465;-4861
-16806;-13789
-3301;13418
5553;-5171;9736
-323;-17988
-1928
-14221
10673;6391;-5307;-13099;-8784
-16529;16835;18013
-1936
5744;8485;14871;15833;6156
13702;12062;751
-16438;-6268;16669
-13160;-15306;6042
-1944
8741;1625;8300;16047
18329
7283;6956
3667;7896;-5515
-11141;-37;10708;-12327;13306;-10655
8964;15322;-14140
-1955
-18341
-10149
-11988;-10204;10412;-5389;540;-14000
7283;-11876;-12377;-6523;2778;-5819
-11217;17589;-409;15292;-7008
-6201;11146;-3660;-17869;14622
9991;-13035;-11213
-10162
4630;7878;14249;-2188;17917;16830
-12262;15621;2711
627;7603;-17432;8680;-13741
16580;-10508
17330;1030
-4387;-14724;-4934;-5662;-17328
16297;6810;3772;7871
-6080
-9026;2881;358;7660;111
16597;14063
-6090
-8475;7820;-9536
-6403;-809;5212
3729;1735;14824;-14844;12940
-5750;-16502;-2409;-9513;12427;-8927
9504;11590;-9080;13993;-15869;-12144
-13713;1185;7800;-9564;4974;-13168
6102
13204;13382
16816;-12006;-4615;14105
-18397
-14131;-8660;295
-14311
-2031
3092;8267;15247
-2001;17025;3391
-14421;15355;17483
17353;1529;-15760;-1088
14672;-4353;-18137;18072;1707;-18094
2928;3205
4690;13731
-6456;16685
-18424
-3169;-10738;14561;7336;-6795;9037
1858;-7412;15589;198
8149;14422;-9006;13278;12063
11896;12858;1866
12818;709;5928;3193;-12411
-6572;15948;9054
-8099;-14837;-15302;1349;-8330;-18268
5328;-12050;-16854;1350;-18120;13721
113;-13844;3588;-13370;12828;12734
2049
13493;-13686;-1751;-1498;-10896
104;-6255
14342
-2273;8424
-11320;11498;-14526
13281;-11108;-12533;4715;15468;8623
-742;2841;14731;-2478
14369;2887;13485
-9126;16118;-17258
10740;3622
8569;-7820;1326
9361;3846;15751;14078
16883;-8923;-8765;-8814;-4751
13552;-229;-8309;3768;-18107;3146
20;14839;-4585
-263;-14109
-12065;4805;-3021
16157;14607
14133;-12039
-11204;13304
14393
14416;6186;-14399
-10660;-7834
5570;7394;-9687;-8744;7577
279;14121
-16899;3428;13144;10634
-6212
-3169;5249;11429;-16686;-10031;-13488
6220
-10319
6231
4739;9688
-14581;1719;17880;-14027;-17708
15175;168;-9102
-4104;10345
16467;12389;10600;-11292;10847
-18130;14179;11220;8251;-13372
-3331;3077;10600
-13636;11829;13964;14157;-11870
-1140;17555;14296;122
-10482;-16899;9751;4761;-5678
-883;6021;17832;-18154;-18155;-5214
2149;-6552;14766
10448;2000;14302
-8306;16628;3690;-6475;16350;-3328
-10369
17061;-2710;-16022;3850
-13649;1892;-5096;9515;17710
14471
9522;-6853;3612
-11107;2229;8925;10334
-12818;3621;-8795;5146;-7692;6060
-14305;9892;-3930;6282;1804;-1935
-14065;-9410;-8599;-14088;-10360;13369
-15825;-6851
12594;-7353;-11535
-16148;10521;-8860
-2200
-7426;8163;-7338;-959;4478;-3216
-7357;-10157;-9264
-15732;-3189;-15239;7752;1934;1790
17904;16866;-9621;11510;14700
-10401
-15233;14342;-14713;-14190;-13871;16879
8958;-11168
-9971;6024;-5258;2893
-13846;-14265;-16059;-11294
-3379;-11367;-7952
13587;4426;-3067;10395;9644
14509
7168;8688;-2466;7495;5915
-8227;-3414;-15163
-11221;-9499;154;-6239
-11592;9353
14241;-275;4660
-10195;7266;10550;-13961
-6342
9171;-18232;14328;10056;-12825;-8843
3921;-14458;6634;10251
15040;15884
13248;-6195;5447;6138
-12754;3717;-14457;-7242;-12909;16812
-531;-1950;-12064
-6147;2356;18248;7417;-8906;5675
-11156;-13077;4581;1005
130;-2395
-4940;-5518
-2658;13118
-6563;16690;-6938;-1149;8429
15824;-11621;11829;12006;-12361;15275
13650;13705;-493
-7378;-8086;889
-8010;14394
16213;10652
2289
-5207;5161;-5098;-15899;17114;10316
15187;11507;12462
2292
-4563;8331;10813
5488;-16370;390
6401
-1141;15735
-16596;12793;10205
-10500
15746;14242;-15973;-14027;-6400
3744;8098;-4772;15675;-16332
-16373;-10054;4924;-9488
15907;10260;-15176;-8315;11932
6416
6772;15286;1483;-8927
13105;-13317;-7718;-8423;1354;8574
-10523
14162;6585;-11834;9804
-15555;13975;3913
-9938;-1380;3239;-14158;7613
-6337;3955;8813
6121;15626;-11214
10705;-11031;6765
-2459;-8077
-7670;-6300;765;4734;10814
-483;-1864
-2353
-4264;-2186
-10546
-2056;-12334;-16638
-10548
1984;2912;-16262;-6989;11902
-9753;-18157;-1422;7453;-14832;17967
8280;-5920
-5732;-6888;-7465;-9050;-14187
-2369
3841;5106;9798;-4664;-4762;5341
9473;-18291;-708;-11321;2043;45
2081;-6003;-7749;-13469;6381
12400;-3478;-3943;-15864;318
12448;-625;-15635;-6756
-2134;-248
-9505;15982
-7314;-3689;8621
6375;-3993
-14673
-3971;2004;17300;-12567;-9080;-4268
-1665;3444;7205;17982
6488
14681
6096;-177;-6999;15303;16842
-1570;-12419;12868;181;11258;12557
-9203;-9571;-424;-457;6553;15501
-8259;7173;6856;-8174
-14693
14611;-12206
-4549;16820;15381;-8863
4177;-6584
-7335;-10233;16730;7485;8047
-17747;659;2392
6509
-7275;4859
10608
2217;-4636
3392;-17700;-405
-14082;-631
-2437
-16513;11233;6581;-2682;7914
11201;3525
-9281;-1702;10504;-681;15401;8681
-13250;2615
3488;-6373;-5130;1467
-3475;-14344;-14168;13151
-2458
17886;-3136
-11890;8897;527
-14937;-13498;-11116;8412
11251;6438;13451
14757
17976;9071
12832;-6264
14082;-16805;14964;18356;-3549
16225;-9635;-18249;12842;9485
-6738;-13988;-2232
14103;7353;17887
705;-7412;7129;-13756;-17820
-7926;-2752
-977;-5905;-1527;-383;2207
-11745;-8309;9372
-6591
16646;10425
-1916;14509;3774;-7776;-5920;-13360
-3971;12613;-14474;-4861
2137;-8735
-9298;-15700;-2808;-3370
-2035;4;10294;-6072;9034;15855
7520;15465
-13649;12052;16391
112;6353;-2821;807;-11056
-3154;13189;-9193;10361;6427;9454
-14662;-2297;6521;-268
-16294;14549;10606;-11376
7914;2794
-1154;-691;-6828;17948;16191;-10656
9155;13629;-6592;15007
7369;11547
12977;-7475;-2372;15084;-13774;14478
-822;8342;-10267;-2045;15519
11904;12539;10863
11061;16059
-17969;-16513;1493;18155
13504;-2230;-3688;-3115;2172
-14809;-16414
-177;11027;16598;-16703
6704;11075;4083;15604;-14432
12048;-11317;-3238;2679;-2730
11296;-4692;-9246;-12206
-9521;-3556;-10842;-2363;10651;13069
-7430;14346;12030
-10756
4918;-472;2217
-12066;8740;5493;9333;-13805;4877
-14197;7094;14073;-301
10765
-2356;-10900;-4027;-14699;8926
3782;6987
8068;3157;17621;4743;-17916;15579
1482;15690;-16636;-15405
8592;-9266;3233;4114;12648;16029
-1241;-13631
11780;6280;4398;8798
-2129;5090;-12919;3270
4406;14573
9696;3683;-11622;-3865;16991
14884
12641;-8551;-15386;-219;-15663
14016;-4914;9033;-15533
10797
11718;11848;-1225;8937
17265;14082;-69
-3315;8403;-1540;5513;5834
-10771;-13190;17559;-16363;3149;8814
-5957;-13037
-3031;-13836;-6223
10065;-11001;-10333;-10366;6735
-2613
-11505;15635;-3846;-14233;16569
8855;-11080;-17035;1645;18397;10031
-8146;3731;-8409;-15722;-18363;3325
6720
-10471;-18361;-16603;13419;12668;-16045
308;8454;-12951;-17672;-5340
7834;8058;-5133;62
-9451;-1372
5584;5240
7111;7816
6627;-2917;15323
-10851;-8916;-3365
-1733;-1301;-4166;11608;14060;16959
-14998;-13181;9135
12309;-10749;9295
2368;16811;3964
4913;16114;-6427;-3744
-9077;-17466;1275;15981;2525
-11557;699
-13543;-71;3785;12495
14098;8803;-4492;-9340;18175
-6767
-12114;10469;18087;2623
-6196;12975
-18267;3294
6788;-12697;13498;1611;8635;-6957
-13073;-2642;16661;18127
-1666;1841;-9667;-13701;4117
-14341;-11654;-7900;8830;14175
-3377;3170;-10683
-10890
-6706;15620;16055;-15608;16413;13790
-2769;-716;-7408
-3476;9432;9038
14997
17545;5645
18003;13384
-17347;-18137
10754;-15363;7324
-6814
-17649;14481;17639;-7723;-13564
6064;9874;-18024;-12875;12239
6818
-2343;-15400;6827
10915
14324;-17804;14396
-8753;-17218;-8594;15703;-5257;13199
6824
-18116;-1942;-15142;-16247;-8631
6401;-9847;11481;15180
-10321;7635;-18344;-15464;1758;3327
3892;4235;-8960;-14192
11852;-14591
2183;4652
-15925;3077;-10375
15031
-15875;-11448
-1555;8951;-4649
-15561;-4409;-13515;-9276;3148
1521;1730;-14198;4101
11701;6118;-2782
-4051;3202;14115;-13253;-18343;11484
-16116;-10645;15818
9669;-16520
-15048
5283;-6023;775;1271;3035;-1582
-9622;11669;-9723;5179;-10127;5758
-7859;2371;10438;1917
-2856;-17416;1048;17659;-1373;5711
-13418;11018;2699;10670
10969
8018;-1143
14897;1219;15146;5098;125;3165
-16801;6755;7259
2499;-18135;-9447;4647;17647
16050;-17863;15560;-8234;13661
-16305;15220;-1707
7250;10771;3782;17854
9416;9848;14681;4890;9021
14675;12806;-8297
-17604;-5686;-4088
12976;-12049;-18262;-1883;4126
-15140;-3796;-16876;238
-6548;3740
-6225;13505;-14371;9398;505
-10917;5463;-1466;-5498;-2685
-2815
14754;8915;12548;17835;2013
13927;-16746
1444;6645;6887;535;-18334
15379;16117
11200;-4645;8212;6408;-10158
-16497;9575
-6923
13077;6742;-9325;526
15119
1809;202;-17133
-14146;14580;13384;10074;-12863
982;-7920
-6503;-122;-8510
-15138
-12705;705;-617;18012;5646
5592;-9453;-6509;3422
-6949
-12885;15739
6951
16689;8747;14284
-6954
13154;-16259;8453;-12302
-13701;-2837;-11303;906;11788
-1090;3949
-2864
-13044;7029;7926;-4778
15154
-11064
-211;-7719;5055
17974;5383
-14486;-4779
-16981;7094;2267;6140;16653
2886
6985
-6385;-4100;-5674;-15403
-12483;-6793
9360;-6468
-11086
8019;14387;17350;-8344;14876;-6528
11953;9345;13274;-3004
2898
15188
10403;1446;198;-10300;-5548;-11388
-5473;16613;-1878;4892;17421
-15042;10680;-12173;9535
7000
-15441;-9368;557;-3231
11067;-4064
5541;-6023;-6525
-3377;-13442;-15699;10915;391;-10381
6977;16730;-14685;6188
-13251;-9843;17928;-1853
9553;5155;5227;-12912
-17466;2250
-6525;-909;10367
10736;-18113;4851;13605;12335
3219;-18325;9208;4078;-1120
-4257;9223;17545;-12075;-17472
7634;3497
-14260;16694;-17304;-361
-6934;-13576;15512;16136
14322;13204
15106;8663;14058;-14396
-12120;4776;5084;5214
1808;-4766
5507;12708;-2891;-15372;11197
7633;1462;12502;841;9194
14169;16348;11197;6303
2964
14355;-11390
4006;10665;16715;8444
15559;-300
14212;9624;4968;9116;14205
-8337;1410;10518;-14921;-8032
-8770;1540;3861;-8713;2969;-14347
7076
15700;-5240;713
-5665;17963;7070
-2529;17806
11183
11184
-13618;-4072;-1689
18304;15121;16741;10173
12336;-9462;16506
-2802;14593;-17012;16820;-1989;9780
-6722;5506;15143;8394;556;-11678
-12530;11507;-11606;10968;11512;17739
1520;9688
-4475;-14927
-9874;-11400;10059
-13570;405;1333;15240;-7852;1420
-682;15993
11154;-12804;10677;7466;-11979;2606
-4114;-885;2165;8427;-1885;-10831
16177;4249;10956;16701
-10295;9803;-18142;-784
1207;4297;-12636
-2770;-1349;-3015
3037
1190;5944
14032;-17828;13397;-14409;7855
-12818;3089;9380;18132;13560;16762
13171;12195;9508;-16378;7100;14319
-13802;-8906;3262
-7160
-9537;8901;-12122;14937;8684;16780
6065;-99;-14949;-10469
-3237;-10141;-16701;-9854
-3077;8742;-10104;18327;12907;-3247
7600;-2052;6998;-15616
-13925;-9094;15849
11266
-18050;15891;9299;-17702;5707;-14605
562;5379;16297;-15916;-3246
-9595;-5773
8402;11062
-9125;-9783;-16942
-12355;-11495;17439;-13056
-18275;14565;-2921;4057;5036;8815
433;3990;8071;-5305
-2778;14063
16372;-7255;-13176;-2520;-2105;-6699
-10885;-12041;-18362;16956;-11533
-2121;3212;-16479
18179;-2792
-3102
15391
-16327;12167;-11197;-6061;1997;16317
-15047;-4442
14548;-13205;1351;13751;-9241
7208
12870;-5099;-558
3252;16251
10533;-13654
14549;17245
6194;-8069;-12055;-13770
-9299;7789;16927
6205;1022
13194;-10061
14566;1015;-155
14404;10286;-9263
2133;14392;-5194
10496;13971;15589;12237
-6966;17612;687
-14965;14173;8030
-9073;10003;-11465;7368;6377;16317
-3619;12676;17193;-13375;2558
-16468;-7622;8654
-7244
7249
-2452;-10519;8280;12042;2076;18302
626;-7878
-16168;3639;14617;-5022;-12511
-7254
4826;14718
-11995;-2253;6990
-15450
11219;-4885;10141;3071
15623;-3418;-4941
12800;9733;9223;-16300
-3180
-15714;3558;-3312
17424;-1234;15662
-9682;-7022;-2863
-13891;2403;1051;-13533;-10718;-17648
6657;2092;-11934
11312;3522;-14005;-16043;3836
15240;-18380;13724;-13854;-8111
5137;-11540;5621;-3159;744
-10722;-10483;-12483;-8067;17911;-8029
-11394
9251;-7129;5196;8207;-8224
8048;-5636;10061;11215
14128;11735;3815;-5982
-360;3582
11922;-16904;-17182;15918;13566
-2129;5477;15173;-15295
16178;7639;-15129;-16012
-1027;11892;-135;-584;1275
1843;4918;15913;13327
-2890;-16555;-9808;-2656
-5434;8671
-18227;11859;6790;2604;-10367
-7457;-13843;-6148;-8570
8232;7306
16053;-1654;-15785;-14154
-5060;-9752;4840;-5568
-11448
-9969;15910;-17176;7976
1875;13672
8979;5946;-9548;1981
-9236;-10412
-11458
-15554
11464
13856;-10583
896;6473
10841;-4058;16955;-16366
2033;-11642;6332
18341;1319
17473;13415;9261
7080;17226;-4636
898;12410;2269
10914;-5125;-12311;-9056
-6738;12162;12965;-16311;-7176;1807
-16497;-15466
-14817;8385;-11636;-3429;1821
7387
-11485
1355;-10956;16990
15581
16004;7770
3299
15639;6025;-6077
660;6918;1209;15722;-10923;-2095
14967;-6511;-5152
-3505;2932;-17609;6684
16582;-7835;18157;-15407
12482;6258;13238
17457;-9604;-15990;2984;-2251
7404
6272;-15445;5348;-14558;-9504
-4439;11847
-16457;-3247
-7418
-2787;1602;14006;-9499
11152;10691;9429;17274;6525;9693
11702;8008
17684;-9334;-15774
-8085;1768;13743
-3378;3015;-16907;-3916;5566
-10130;-10554;-13627;-5887
15623
7686;-11024
-10693;14319;7903
-11233;13521;484;1259;-8525;-2942
12930;-15063;-1098;6572
5201;-14388;2648;3196
11764;7653;-18278;14603;-12396
-789;11497;-316;11613;-14560
4401;13427;772;18039;-13627;-7373
-9059;11139;-17723
4133;14663;-8365;-6447;7567
10354;11347;12292;1914;10076;-5758
1808;11644;-16814
5569;12950;11624;-378;6367
3368
-8686;-6975
17158;14551;-7853
416;17315;15203;-17255
-16819;-8035;11113;12122;-12686;-17760
-11585
15488;-9650;-13328
-2529;-2198;16317
10962;13350;12909;-7934;-9504
-14276;17676
6978;12808
-15692
3403
9872;4759;13165;10893;9773
-2081;18113;-6729;11961;6638;-8111
18307;-9194;6585
921;10684
13698;8984;7629;-591;14654
11811;-8395
-8466;-13860;9699;-18091;-9564
-16242;-5065;9593;16173;13261;-14302
-15058;-2044;8780;11741
-11615
17680;-10230;-15624;15192;14331;2557
1994;-5470;-4048
9296;17717;17128;7772;8861
6025;1786;-18331;-1104
5764;-13294
10307;17191;730;1354;2524
2819;14277;-9529;-17228;14253;15229
8944;-8534;12651;10571;12575
4755;-4740;8804;901;-17258
-1013;-2327;-9225;17753;10541
3443
-15732
11639
1940;13796
-7490;-15205;12775;4285;17278
-533;6391;-17504
17665;-2822;11896;10636;-5246
-5060;-6616;8215
-12194;8466;4184;7101
-15927;-4555;6859;-2128
-1717;12889;-14636
-7857;-11993
-11664
-14290;-17855
-3474
-10821;-7237;15145;3422;-8080
8291;-11769
17697;10363
-4290;15967
-145;-16082;16068;15932
-13570;-11683;-4341;2582;-17723;-7904
15781
16657;378;-10843;3181;-1775
9813;2166;3386;8379;-14303;-1840
-14661;-9638;-2958;-4926
-9333;5432;-11898
12785;12611;11465;3519
12832;-6979;9796;3336;8126;17375
14202;954;-7533
3532
3568;12253
-11862;-16646;-12298;-15819;-159
-9411;-886;4567;17463
9856;17318;-6456;10152;-15040
3573;4376;9259;-8192;15007
12135;11673;14633;-14415
13664;1011;-7030
18243;2948;-9461;1877;10075;8540
-15091;8037;14701
5941;11416;-13805
-11748
11748
11750
-14498;7416;13498;17627
16018;5922;-905;-5183
-3361;9714;-4995;16370;-10782;8911
-2153;13917
-3576
6449;17606
-3090;8530;-12056;-2220;12413
-3578
-14945;15393;-14249;6125
-15871
-5433;4012;5007
-14993;12770;-8964;10756;14837;13759
11315;-13814;18381
7693
10019;10521;17963;-13309;-17389;-4207
-3604;17716;-4902;5671;5102
-14149;-12761;15117
-97;-12165;1525;16007;-4699;-8269
17795;-17172;2486;8684
2754;-10456
3606
-16739;4069;-5512;2287
17600;14736;8514;16693;-5629;4941
-7361;-2585;-16301;15246;-800
6689;-1236;-9351;1577;14122
-7043;2405;9942;2535;-10669;-8975
-9942;1319;-12235;4955
12525;-12958;-7279
13716;2886;2089;-11773;4894
10721;5188
884;12745;2281
2117;-15927;6822;-4827
6437;-17335;8087;-13104
14130;17412;5049;-538;-12266;-3775
-15921
-3636
8113;3777;16326
-11834
-13861;-10266
-2749;2701;5215;-12912
-3980;15438;4479
11588;17981;-5439
-15960;-2827;6943
15234;-11289;8073;-4271
-15941
11845
-15155;-10773;2438;-6136;-1213;-1488
-16419;8821;-13708;-16461;-10944
-12789;-502;3446;-13319;-5067
9537;-1785
11855
7424;-5889;12641;-6179;-4507;174
15848;6539;8701;-14031;15758;-12767
11859
-6179;18041
12883;-5115
16259;-8490
3676
-11798;-71
-18024;-522;-1516
9952;14206
15968
11874
-2957;-7757;-17549
11297;-17411;-1686;-4079
-2497;13324;5151
12355;15911
7787
-3698
-7795
3336;16746
15073;-10540;3262
-10067;4229;-8154;-6093
-17239;1241
11903
14854;11224;-9482;10745;-8268;-11264
2135;13870
8434;12434;10067;-10358;-89;15999
4371;17524;-10876;4988
13346;13812;14440;4058;-6160;9279
15956;13830;-11336;4091;7694;-6032
14256;9951
-18402;-18067;8754;-16973
16160;15122;-14229;6218;7467;-6524
-7478;-359
2904;-3257;-11580
-15438;-16976
-16017;-14
-9587;-2131;-8531;10531;5946;7515
-13511;6792;-27;-4765;7759
12994;3051
15801;-7948
-7233;13367;15209;-12382;11694;3583
10819;-15881;11659;7404;10238
3670;4189
-7862
9718;-16744;11547;15630
-10163;-2661;8900;10647;-17178;6684
-11969
11412;13492;15737
-7379;-14010;13947;6507;-13756;2718
-15475;13971;6212;-8495
17697;1589;10697;9276;13679
14658;-10899;-17686;-17580;-10606;-2639
16082
2518;-1112;2399
11521;7653;9207
16244;6133;-2903;-16456;4889
-18338;-15154;16483;-3191
-3820
17360;-11251;-14026
3079;-17881;-11338;4636;-2799
-15777;12129;15663
3895;-11822
-6056;13982
-2854;-12712;1192;2350
1754;13213;-7040
-12657;8308;15095;-18025;-4745
130;-16251
-11989;2303;17615
15195;13215
16130
15504;8081;-3358
-6833;-18374;15237;5305;-11468
-6056;-8409;-1514;-4256
4224;-3795;14212;17980;-1134;17422
2144;-11073;-2767;15550
7950
-16144
11122;-2723;-8100;-15692;1068;-10015
-1250;-14837;4029
8993;-2868;6839;17289;3930;-18030
-13038;-11311
-16158
17329;5112;-6284
6976;15347;3710;-13967
14034;1986;-6997;-14646;13660;4030
3880
-10722;-3529;-11211;5022;12462
12076
-7414;2007;-2574
15573;-7593
5232;-15866;16219;-3792;10287
-13426;9699;10548;-8005;-14998
-15718;4168;-12828
6320;-8769;-14987;-14142;15391
-4066;-8228;4355;-9749;-14886
8529;-18165;-4694;-11432;-15005
-16196
-11734;15643
-7940;-773;4247;-2712;-17216
-6545;10459
-4530;14386;-1839
9057;-14067;-3008
-3924
13984;121;-12125;-14096
-13226;-11182
11328;-7400
-12122
3616;17658;-830;3966
6707;17221;11527;17627
321;-9400;17129;-14026;2043
-4596;-11627
-8032
-4018;13725;-17744
18144;16985;-2512
-9741;-10590
12291;-724;-389;14324;9291;-6269
-2371;-9770
15457;17234;-4166
3950
8323;12013
5513;-17002;12748;-13405
-18035;-6133;12283;-1597;17437
352;1956;-5943;1399;-10408;8686
-10451;-7862;-18416
-6066;12520;3241;-13663
2738;2115;11405
3975
1842;-14174;8189;16319
13797;2476
-3188;2519;6059;-13472
8084
-4817;-13937;14764
-17313;9226
-2962;6802;4776;3566
15350;6727;-12602;-13467
-16466;-14648;6313;5594;4012;-17472
-11154;-10198;-7752;-7660
7905;-8934;-14057;11499;-12700
-16514;-7346;-8436;-4473
-1347;-18388;180;-8729;15482;-15775
-5156;14118;17671;1740;-12079
-773;18044;-976
12117;2614;13853
-4010
9061;-17168
-17329;8562;-8647;154;-2812;3771
16304
-1970;13305;2156;11007
1872;-10952;13098
-15223;-2983;5990
-1890;17021;9374;16383
16614;-6936;2540
12226
4038
-10723;10051;7910;-7836;16846;79
11648;585
5732;5512;-9084;13854;8015;16879
-8142
-16086;-14262;133;12139;5838
16336
10208;-13525;13380;-11416;5407
16350
15463;-126;9214
16612;-12539
-4076
592;7216;-1828;12359;3100;7213
1616;14129;3380;-2760
12277
-17094;4815
-12834;-2083;-1860;-17029;-7147
-9571;10340;-6824;-6122;-106
18115;-9929
-3060;11247
849;16900;-5862;-3736;-17529;-11098
10352;11040;1128;7258;9452;18110
12286
-4212;-11272;7292
