-6931;6245;687
-3604;3942;13000;13836;17884
4964;-7931;15259
-5458;12370;5317;-12139;16298
-15842;15282;-7621;8174
-8
691;13658;-8715;3722;15676;-448
-5169;17962;-8686
12299
-4826;5737;-9115
-16693;9930;6750
-16401
1716;-18118
12032;-12835;17206
7152;-4433;-16740;-16102;-13110;-5942
23
-6362;-269;12446;-9936
4017;3747;16839
-14340;-2073
-5778;693;6523;-9038;3470
-12658;3845;-14635;9002;-12495;14607
-8004;7957
-8273;-4506;10540;2189
14370;-14420
9152;-14935;-14408;825;11613;11902
10376;5609;-11836
1648;-18087
8246
-17026;-11701
-8252
400;18225;3096;-17563
12800;-1761;-14260;3288
13664;-1465;8350
-13091;1060;728;11375
-11337;7166
17985;12755;6068;-12157
-10514;-12007;4908;-2943
-13490;13567
9232;-8199;-13403
10422;-10504
-14497;3441;1506;15189;8701;14415
86
5041;-4307;15737
-4185
6385;-14667
-4337;4305;16203;-16077
-5153;-13940;-17977;8264;-18027;-2414
-4191
-15266;13427;-12761;13420;9468
-3895;-8491
13538;6802;16165;1942;-13372;3694
-15009;-4307;-9454
17571;17587;-6224;3935
-10917;-4858;8905;-9997;16974
-111
5912;14680
-12402
3810;1590;6342;-16767;4911
6018;-10231
-12890;-7708
117
-17827;17703
-5107;-5530;-16429;6460
-12415
-8491;1226;3514;-14796;10222
-4806;6969;-13547;-13327
1682;-10010
-17155;16696;-1964;13516;-2765
-12262;15909;-11800;-4926;12941
16855;-1785;-14928
-15011;-3179;-9006;2477
-17521;-16836;16040;15337;-9451
14976;-16851;18404
13330;-13478
12355;-4014
10112;14722;2102;9302;4871
-16535
-7201;12820;-12741;600;18043;925
2018;-7941;-2534;104
192;12259
-12455
9361;15140;-7946
-8367
4273
2209;15956;-18346
16993;-17176
17188;-17004
-4281
-804;1866;-13536
-11717;7432
12581;-3980;-4317
14195;-10583;1897;-9931;-12157
-905;-3388
-5713;-2678
3716;8501;17159;11784
-3899;4315;15611;12847
4301
-11846;-16813;12063
-1809;-705;-12213;13481;1034
-7609;11916
485;13769;-5851
7874;-2708;-2297;-11946;9053;-4286
-17571;16728;-1577;10826
10066;-9852
3523;7683;-7974;10741;-14189
-2147;-9363;16531;15676
-8472;4157
-2433;16373;6838;-6490;-14507
13204;18054;904;940;-12399
2705;-3589;-8840;5403
10864;-2673;10803;-10972;-12350
-1858;1414;15945;5211
-5538;-17799;12233;-13018;11595
8570;7979;12429;16319
13040;-8803;11012;932;8904;-266
8177;14696;1946
-17397;-9352;-14013;-8317;-12606
-10114;-10613
4347
-5454;5198
7121;-16901;-14026;3070
-12779;13037
-1464;-2893
3136;13937;6468;3205;10379
3249;3205;-9789;-17408
14229;14712
17174;-9099;-3644;-8799
8464
13380;15564
16375;-14889;13000;2172
6081;-11108;13493
18146;-15978;6299
610;17443;4852;-150;-8776;10874
8496;-14983;-13134;2959
16772;-12395
15872;17621;-443
283
4162;11699;4806;11927;16842
-614;-7863
12573
-14084;-2344;2217;-17693;-9165;3919
-9329;7209;-859;-7102;-14782
6915;5431;8424
7350;-14845;-8159;-1023
-7160;-1834;9964;-2400;-15248
-5745;-13508;-11863;-16650;15833;-17517
14496;-4087;11869;10798
-15444;8564;5467;12605;17790
5184;196;-10837;5146
-9425;9074;-7141;-11702;-10526;-11552
16699
-4415
13520;17521;1126;9111
-3487;3167
-163;12772
5714;3218;14150;10013
-13441;7284;1382;345
-12341;7368;2024;-15771;10187
2482;6051
-18417;4929;4953
17937;-10537;973;-3935
-1625;-11007
-4593;-3457;-2278;10040;-12350
-12641
4450
15793;18260;-742;41;16158
-15747;2276;-2345;-18254;5038
10139;14799
16226;13682;-10707;13930
18323;-17959
-370
9200;-7233;-10532
-11907;16376
784;7890;10981;14392;-12026;-13455
-13113;10409;-1803;-10014;-6335
5648;14179;17414
14963;9257;5229;-8592
5475;7191
16117;-16183;-12971;-7824
8573
-4710;-13190;15434;-11086;-7311
-6172;5789
-5491;-8758;10390;16582;233;-4381
-2945;18384;2748;-18030;-12830
13816;-14203
-3896;11466;-12060
-11093;2507
2515;-11102
-6535;-8823;18252;1597
-13394;17366;521
13697;881;10260;-10726;-9616
-6819;-9221;5177;10458
9605;1526;46;9711
4509
1238;15996;15948
10567;14427
3793;723
16805
11637;-3789;-13550;-13871;9903;-7136
-8614
866;-14012;-3660
-6577;9137;11538;-16890;-18111
-1073;5810;-17048;-8192;7791
-2066;1427;11045;-11566;9775
-7844;10294;-8474;6447
13825;-15386;-14079;-5264
16811
4737;-13358
-14402;2884;11085
2456;-6986
9712;-15625;10443
12726
6192;-6258;16226;-3432
16836
4529;19
5013;8485;12056;-16905
4629;-13800;-12330;-574;8174;-2943
-9235;-9908;6394
-5372;5964;14828;-13822;11151
461
-8520;-5898;-18318;-495
5029;3628
12273;10504;6362
1329;-18182
18032;4721;-18185
-2486;2151;807
5520;-6276;7845;9356;-7776
3016;2138;14334;1471
-3860;-4814
16867
-9065;-7819;14604;15053
5731;14599;-11210;-7754;12238;-831
9363;12596;3719;11178;7790;4991
4672;-1388;235;-12524;-3789;-16365
-3843;-15011;-6563;12600;2395;9935
-8680
-11509;-17656
6002;-1093;-4413
-1875;3506;3996;-14317
8299;4491
-12795
12135;714;16332
-8377;1401;7486
12418;-959;13631
-515
17842;-9461;3127;-136;1438
-17762;-13140;-2390;9144;-2333;-2719
2662;6551;1644;-17037;-5485;7039
-12822
4304;644;-4415
-8726
3;7783;6842;-15165
-12825
5748;2983
12145;-1972;-15692;-1822;-1391
17936;7183
-7707;7162
-5187;2133;-5690
9968;-1763;4635
556
10529;-11087
-16615;-5514;-3008
16946
14947;14137;7819;523
17520;-14657;-2467;15605;-7247
8754
14626;16499;-18271
-8001;1908;-16027;13358
4021;10423;-1817;-14109;4573;-11855
-15540;6982;4379;-16445;7758
-12867
2131;4420;2220
-2564;-14054;17198
581
-13892;-9591;-18059
8839;13207;10843;16845
2976;13077;-15433;2557;3133;-1631
11057;-3772;-6701
4324;10471;10365
-13494;-10806;-13626;4572
9555;-10143
-590
10320;-15282;12818;4139;-2796;7775
-12419;1078;-10487;-9977;9662;1070
5968;-14560;7999
3810;-8499
2268;-11054
-3323;16205
7028;15094;-10041;-7391
-6868;17083;14957
596
8789
-2980;7364;2301;14398
-7892;9060;-14023;-12681;-3742
-11699;12163;18314;-13740;-13645;-8384
16991
8801
-14498;-964;-5005;-623
4838;-7160;15406;-8319;-5376
1073;-9895;9242;190
5104;1056;-11398;-9406;-10544
-14940;-6159
-6938;9245;10605
11;-8828
-9201;-12124;219
-11620;17637;-2989;18078
-14083;-16747;11915;1901
-4008;-380;8428;4781
945;16072
-9121;-18405;-15722;-14140;-12877
5584;-7772;-2542
-931;13509;8535
17043;7271;4991
8831
7456;-7493;5017;10461;-14799
5921;-10869;-17607;-7480;6792;-10170
6785;-9556;-9607;9334;11882
2161;3699;-17371;9135;-10560
8979;12150
-2850;13201;-6216;-4842;10573;-9216
-49;-7692;12028;6029;13342;-14815
14611;-1671
3024;-13859;3959;12635;-1151;4239
1952;6704;9411;-15821;-2910
2608;-1941
8861
14645;6507
8634;-17500
7552;-2867;14626;-1845;3511;-8014
-1464;-9436;10222
6867;-9386;-15851;9500
-692
-17078
3152;-10401;-3237;2455;-17242
-8948;-1867;-4588;-9871
-12986
-699
8798;4190
-5555;4852
-5269;4441;2154;-18414
-14564;-9335;15003
-15364;-15558;-5833;7373
10858;-4283;15979;1788;-15440
17436;16044
-17558;17337;-7790;-4750;-12528
7538;-1972;8328;-2029;-8829;9965
18066;14739;11612;17741
18258;11134
12101;-12682;-16525
-9634;-1288;-2088
14289;16745;2459
-17112
-15170;5508;-17177;1533
-4827
-6052;13096;10077
240;-248;-730
2679;6251
13189;9605;-12281;3193;7513
483;-5320
-13891;-16403;10693;-11402;-14795
7506;-17844;-2790;13869
8936
11138;-14228;6852;-8631;13806
-13351;-3784
-17348;16597
-8068;-278;-16986
4624;11253;-4637;5900
17140
-8957
-9939;-8644;-10038;7375
770;8643;-4549
-14065;-10738;-1510;7254;-6841;4650
-16481;16739;12227;12421;5845;-13595
13061
-15770;-9582
14928;-11011;2952;-7597;-12336
17776;-616
-8975
-16292;11411
-2724;-13748;-4796
3537;-146;17160;2697;14618;12078
-9030;13919
-4891
15946;-877;14397
13085
-14977;2386;18324;3259
18308;9412;-440;15386;13708;-6416
13095
808
-9603;-10326;6831
14918;-1819
4465;-5415;1051;1326;-6336
-12619;13434
4913
8196;814
3008;7570;-15494
11905;9395
-10850;-4281;17997;-2046
7636;-6810
-16699;7212;10316
17362;-10456;-11789;-4142
-8627;11543;-9003;-5150;-1886
-4940
440;1578;2926
-6494;15534
-13459;-11968
-12116;-5119
853
6601;-11551
14592;-15718;-12016
2209;-15445;12006;14378
-6341;-4933;-13146;-11421;-14176
-8857;13817
13062;4519;-12620
4833;-5272;14073;-5597;1023
15570;-18424;-17784;3272;16494
-6775;5902
-2228;13830;17691;12542
-9265;10823;-11837;17804;541;-13040
-7506;-9030;-16614;-18327;-1769;7308
12196;2281;3066;7915
10178;-9301;-4421;10938;-2415
-5418;2265;13833;8685;-2095
-887
1473;-16473;-17897;16075;3643
12545;-9410;-1476;18116;1598
12337;-9302;13033;17593
10352;355;17317;9609;8318
-14244;-6550;5542;8278;-2200;-12205
16053;-16251;-4799
2786;12949;3767;-3881;-10624
-12964;-9317;17687;-3723;10922;2395
16492;13087
908
1682;-9013;2774;9447;-9897
-9730;-9510;13158;3369;11627;8381
17295
-2707;-9852;7550
2900;3958;4822;-15640;18200;-15162
-8251;-5870;8477;-13390;18110
5457;-11379;-10536;-6442;-2606
-2809;16027
-9125
-13138;7934;175
-12484;-13464;12122;-8620;-7164
-7889;1976;-4462;18125;-16880
-15009;-5444;5988;1238
-18289;376;17339;-4461
15009;-130;4273;6435;-5416;-11040
-16896;8543;9295
-2001;-11671;15880;-16441;9192
7379;17718;-17626;-2430
10721;9654;-10889;-8313;16425;-12556
8564;-13609
12565;-18360;2441;-13980
11409;3977;12299;-2620;13660;-17295
17336
-12498;146;14069;-14959
6848;17521;1160
-35;-8631;-480
10018;13734;12328;18122
-6658;8215;-2857;4888;3050;-11694
768;-14881;-213;3228;12060
-10646;3509;12108;11868;-12734;-13264
4154;17293
5713;15713;-4036;-8229
-15649;-17332;-12570;-8669
-6900;-2264
-8821;-12633
-465;-512
-13270
-5795;-15333;2340;10230;-8810
11201;-424;-6761;-5711;15951;-15248
289;601;-1886
-17315;-7013;2264;13467;-16976
8262;14599;-8041;4440;17512;-11200
-785;-3411;-5190;-3238;-665
10714;-1517
17389
-9199
-16306;12723;9556;-117;15848;-8409
-691;-8388;-1861;17957;14475
-15204;-3049;15898;1338
-11346;2916;-11992;3017
17508;2873;-11167
9214
17248;11683;13816;11528
-14308;5064;-12266
-1090;-5842;16674;4675;8659;-9757
3756;17756
13323
-4354;13583
-16679;-13015;4075
17520;-4190
9237
-13337
8448;8987
9059;-2772;-6471;17466;12475;12255
-13427;-16300
16355;17883;-8607
1061
2291;-1512;8487;-12
17504;4901;-3014;-6041
-2406;1342
9256
15020;2429
3939;8131;793;13961;-13471
5161
-699;271;-640
10707;7573;-13116
-8806;15975;-6190;4189
-11406;5886;4447
12690;14291;16439;-7449;6062
-9886;10959
-13363
10177;-947;1394;-2708;-11640;-9645
9272
-1592;10330;16924
1456;9859;-9607;-11561;4670
-17026;-16873;4697;-17690;8651;-7904
-548;4788;15658;18060
17168;1333;7463;-288
17485
-1196;3612;-12670;5054
13392
-8817;-11382;-9592;-5386;-7099;-3885
10833;-6290;-3435
17492
17493
-18049;-13460;17145;-15115;670;-9167
-5211
-11085;-10512
-8882;8532;-6519;5064;7017
10354;4263;5287;9886
-11524;16020;8910
14016;-6098;11890;5887
7458;-11034;4587;6668;-2463
1120
-9315
3987;11317;2205
12371;18084;14790;938
17575;-16301;18111;8079;6431
9680;-4041;-12379;7453;12703
-693;2312;-15038
4566;10167;-7496;-10664;13678;-928
-17520
-8019;-3845;17349;-18103;-8999
5232
2819;3331;-916
17522
5940;-11176
13428
13778;-4445
-15750;-6952;-15884;-16237;4877;11935
11008;5843;-9621;-8939;-17358;1534
-13723;3550;4687;-7952
-7222;-14775;2263;-5035;-957
17538
-17237;-17408;-8080;12895
-7105;-11428;13279
17760;9029;-10854;-248;-15112;12871
-9523;9782;840;-14555
11299;-6133;-9482;9579
-12024;-713;-57;18058
-11170;16435
-5267
-1172
1171
4528;16592;5526;3199
-11826;7284;-14573;-8670;-6160
15184;-1714
-10769;1394
15619;-17621;-4445;-4046;9309
17813;14716;-14958
17939;-4459
3971;4517;-9559;-2984;12824;17001
15127;14749
14224;-11079;-8346;-4491;-1342;16334
-12417;12341;11834;12413;13902
-2613;-10890
9411
-2452;-11056
17267;-2069;-13978
-16915;-4056;12936;5260;8092
-6049;-1521;12896
113;12740;11738;1215
-17618
669;4733;6717;17790
9960;-18169;3837;7902;1807
15569;-6767;2430;-6255;16751
11938;4018;-9448;5179;14077;12349
8898;8735
-13796;-7689;-4347
11217;-8649;-18095;16782
-9450
-17643
6682;-5423
13418;-17308;-5565
2432;-6307;7032;14492
4388;-11693;-4605;-12110;-14111
-1955;3831;-4298;-15229
5991;-16062;-11950;4367
1274
13162;17516;6942;8718
-3622;-3975;-5976
-8050;-1049;17146;-15803;-2428;703
9485
8608;12608;-14643;-15829;13002;5740
15431;-3034;-6413;-15472
-15217;8807;-3083
-5235;-5492;3398;7116;9710
9499
6562;8614;9288;1420
4098;-11722;2217
-7027;13618;17958;3210;-1406;-8655
7076;-12487
-14833;-4548;8150;-8744;-18204
-15718;4375;-10713;-12027
-11057;-10739
-5416
2389;7125
-3013;-7254;8955;10669;159
11408;-3957;-9914;-15247
-4194;6993;3846;-15704;-4139;7774
4769;-3687;10104;-10921;13032;16702
-7697;-5919
13616
-13862;-8406;12552;13592;5645
166;-8973;-13005
1702;7639;9610;-15629;-4655
7872;12161;8258;6116;15493;-11704
7072;-17954;-2215;9278;-1615
6420;-7758
13629
3749;-8247;-941
-2003;-7541
-9548
9779;-9785;5464
-11314;-9078;-941;7678
-15153;-14291;15783
-81;-10641;3584;7256;14009;11821
-14680;5114
15380;10573
17634;-312;11095;6203;-7645;-13310
-5431;440;8154;14010;-13804;-8848
10480;12677;8730;6363
4440;-3053
-9634;10243;10475;17371;-11790;-11182
1125;265
-11713;16408;5017;-17646;10638;-12287
1390
11680;1999
12962;-15428;-2436;-10378;5694
-5921;7323
13857;10420;-1063;16439;-5481
-5931;17307;2317
17569;9917;-5600
6448;6741;-2167;-9758;2893;-2750
-12424;-3164;-10397
14656;-14786;-2951;-7080;-12412;12972
-12230;9671;-9353;-2747;-3136
-15617;-5874;12755;10148
2977;14820
-2739;4564;-15111;-8608
17972;9781;-2280;-1613;-6062
5512
-2593;17297;14118;-15117
16004;-9864;6250;-6876
3057;-10579;-15573;9381
17457;11286;-6712;-8123;-1086;9087
-6756;4886;14055;-9564;13260;14220
7524;14788;5130;-9628
-4054;5487
6915;17258;10029
12656;-4888;-9787;-6398;6974
6740;12389;-1296
10451;-17013;11157;5050
-3249;14144;1460;11541;-14250
1454
-8371;12294;2974;-12448
3427;10317
-12008;13466
11537;-14356;16565
-12822;-938;12986;17258;-5198;6558
-4455;5919
-5105;5717;-2079
-7825;12962;-6607
-2673;-3635;6070;13997
-5569
-13683;-17957;744;751
17472;-6257;-15815;-970
13988;12230;-2458;-6557;654
2132;13175;-3981;1149;-13952
2001;-8884;11236;-15317;13739;6894
-8493;-2957;-2318
4352;-16802;-6852;12979;4758;3048
16352;-14868
10304;-9138;-1314;-1337;15258
-4;16292;-10444;14251;15949;-1790
-16897;15410
5408;-11057;2707;13939;-1512;-10974
6577;3103
-356;-5494;-17275;8571;16043
6468;2551;-15833;9480;-12348
-17346;13027;2470;-1706;13897;15725
1491
6981;12087;-1978;-3311
18244;2441;-7802;-15066;-7643;8332
-6740;-16487;-1037;-17630;11727
17880
-15291;-15852;9163
11828;-3413;-5225;4410;14381
9693
-3362;1620;7340
1393;-16676;-14173;-4989;173
-16323;17031;569;-8332;-6461;7916
-5512;7017
9746;-11255
5136;12358;12760;15546;765
1513
13806
-5924;307
7233;8641;-13429;-5325;8237;-15071
9303;9607;-3691;11709;-14911;-10496
17744;3425;8676;15415;2679;10926
-12593;-12933;4404;6933;-10459;-1453
-4209;-8050;-15862;-16074;16461;13919
-17912
1794;2917;-18012;3580
15728;13636;5972;-5350;220
12755;-11216
12705;-16617;17627;-8080
-10840;2761;9130;4363;16605
3224;-4767
7875;-9292;-9500;9374
17104;9031;10520;16633;9695
13836
-1970;-5364;-1163;18238
-8437;9655;331
6068;-4509
4692;-4294;17545
-5656
-1560
-8140;-1613
-9459;5705;-18288
17945
-17859;-4922;14317;18222
9344;12705
-1571
13826;-8160
160;7296;2310
10962;2900
9771
14867;17164;14460;-3950
8672;-12658;14072;-6651;-1854
5829;-7421
17976
2628;13401;-14430
-1600
5695
13440;13539;14474;-15277
-13891
-14403;3250;-580;-14167;-5356;-3118
917;-14815
460;13439
-12225;15218;10908
-5714
7837;-13552
-14309;-9558;12263;-2303
-14083;-11524;16949;-1159
-465;-16122;-3563;6234
18305;-5876;-4772;14451
-13917
-5700;1924;136;18090;-16702;622
17824;8381
5729
-18023
-2660;5715;-17876;3076;-11831;17836
-81;-17649;18049;16562;-11140
11028;-7797;-1240;-346
9840
9841
10955;-16702
-2297;-9049;1483;-10206;-127;10351
5748
-18006;-10215;7463;-16282;15322;3679
322;-1083;-13184
-11988;-10151
18044
-16513;17955;-9028;999;-7368
4551;-6508;-3807
-18356;10261;-11273;-11182;12495
-7074;16939
7575;-4619;12750;-9935
-8372;16952;-6826;-17210;-10800
1681
6199;11867
5782
-6471;-13675;4795;7132;-9853
-8906;910;14862;-15168;-1584
-4842;14730
18082
-5218;2119;15480;-14080
-7521;-13987;9655;-6235
17474;-3483
-5316;-486
-4660;16019;17541;17784;17343;-4976
12280;-13178;-9003
6818;14036;5431
-10452;-8311;11017;-7563;13599
8547;-2741
6117;-10264;15849;-7803;7323;10971
10336;7665;17141;7531
-16529;16576;13621;1661;-9519
12131;-8532;14503
5201;-2775;6106;-6813
14008
-2774;-9383;-4698;-11706;-9755;-8462
-16805;-13590
-1726
-8885;-17782;10791;16411;1196
8450;15353;16153;-1360
-3539;-10933;-17095;-17513;-5904
17792;-10550;18281;-7402
8672;-10410
4768;3761;-3371;-3420
2979;7703;3258;94
16389;6621;-15615;14831
17088;-17649;4210;14292;8382
-10593;3356;-16303;5006;-7792
15826;7943;4217;-18045
-2523;-15613
8115;147;13315;9914;-11006;-14638
-1753
-14048
-13463;7606
18196;-1225;12057;-14090;7883;3519
-16468;-16136;-5498;7662
-17298;419;-5371
-392;15480;7163
-1637;11595;1691;7164;-8845
-9971
15590;10764
18166
-5882
8544;-8727;11622;3702;-16648;3293
16961;3220;13671;1610;15483
1010;1555;21;4295;5546;1659
-167;17754;7099;-16492;-8108;-1887
-3133;-14015;-9232
14091
-13809;5521;2948;-16952
-13186;12194;-3238;892;13343
5573;407;7594;16042;4027;939
-1815
-13267;-2997;-17414;7285
16518;-10173;3663
-18202
-13993;10266;6268;4572;-4495;11487
-14109
17570;-13060;-6009;11465;-16685;-11487
-1649;14228;5260;-8223;-15535
-14050;15202;-15263
14450;15331;-10248;-9627;4206
5920
15872;12385;-1481;7819
-14369;672;7771
-1989;724;-8294;-8471;-6619;-14047
14592;4854;8759;2299
-8552;1902;719
-1835
-5143;16295;-15147;6380;-4222
-13138;-3890;-6180;-3803;-1247;-2255
6006;7095;-8315;13439
11875;7108;15628
-2522;8462
-7314;-14722;-839;-16895;-11231
4947;15754;1628
10528;3880;-6474;2108
-9188;-13146
1853
-9650;-14132;1446
13556;-11271;18103;15035;-13086
-12113;-12101;-8359;3243;15183
-17219;10602;8476
3306;-13359
5571;-13237;17721
5961
3752;-2635;748
-15233;-3715;-7493;8740;11238;4586
-7858;-18420;7527;-14061;-1838
-15670;-17511;-12984;8216;-17181
16262;6569;3626
-1887
-5686;-9895;14088;-8588
-5153;-17928;-11965;-7805
9172;-1066;-10000
-5991
2640;8355;7095;15561;-15373
8753;-9210;-7245;3612;-11518;13710
-9089;-568;-14874;11226;11405
6696;-4795
12737;-15636;2036;-7737;7017;11678
9184;-13305;14154;8254
15763;8232;-14124;-7967
-4326;13335;-12843;18027
-15863;15869;5997
-9044;2970;-12220
15184;6740;10249;-459;6539;12813
1553;9746;16819;-18055;4264;-123
-11219;-7860;-3604;9579;-13391
-9234;-4135;-4089;-9485;12735
12530;15652;2409
16579;-15195;7595;5229
8851;-7429;13451;12988;17869;17630
1249;2854;10105
4128;1889
-10114
-16982;14121;15945;-15007
2386;-7031;17592;6383;-9216
3126;-4328;17975;-6859;-11839
-18313
-14546;328
-14257;12327
-6356;-8695;-18216;-11321;-6494
-3656;1400;-16060
3312;3587;1797;-4024;9550
-8076;2044
1600;-725;15048;-6554;-11306
-9459;10276;11638;-5640;663;10847
15906;16291;-17968
1943
-11129;9182
9025;-18083;-11991;10601;-11981
-17604;-10922;6093
4417;17275;-3356
-1146;-13098
-15684;17639
-12151;-2094
-14247
-10882;12841
1959
-11797;10921;-5180
-18346
13629;4269;-11840
-10882;2321;2229;-17597;13774
-9826;-4425
14252
-10157
681;1834;10268;1471
9320;-9482;17643;17263
12416;15335;-13145;15981;16446
5990;12025;347
10597;15994;16351
-7906;13379;1268;-16726;12893;-8991
-1992
-14085;15877;-7881
-1250;11375;63
8854;-6857
-3154;-11134
-9909;-10149;14951;1672;5438
3920;-13347;11430
17175;12280;11993;-1965;7582
12484;-16854;1398;-1993;5130;-6272
10202
4435;-18213;3573
-2214;-7992
7286;11111
-6110
-2210;8519;-15449;15642;3355;-3743
-6853;-4710;-6847
17697;13001
-10402;7143;7161;-7181;-17231;-6096
5266;4996;-5240;9272;16409
-6133
8917;823;16876
-5377;-8957
-14230;-12394
-2438;4487
-13207;-15455;-6160
17186;-10086;11339
-2056
15540;9445;13669;8461
-13509;2821;-12024;17866;-9504
-6996;10212;-9375
-5927;16184
-12375;18414;127
-14362
6771;-17513;6586;-15822;13806
4866;1308
16086;14667
5250;-4998;-17401;10634;-3759
-4274;-15251;-2582;13991;-10350
-5819;13900;-3103;1199
14465;5332;-4047;2719
14024;-16110
-2086
12691;-6774;3319;-7149
-15093;-12134;-6662;15416
-17257;16665;-9692
11207;-5897;-8170;2921;18415
14380
-9603;7317;3095;3675;1707
14800;-14225;-13500;10828
-10819;4404;-18375;-14104;8808;-684
12033;629;-5291;18027;6796;-5517
-3031;7160;-17370;-1149
10738;-8458;-12576
12839;9144;5005;-16686
-15841;896;6088;2458;-6624;6815
12992;-2916;-7963
-3299;-5307;6491
16582;15880;-5770
-9812;-12534;-6124;15580;15006
-2902;4126;895
-17873;16082;3800;2430;-2320
14320;-16515;-8964;-3351;-1741;1839
6220
4421;12664;-10765;-8447
-5057;6421;8954
7412;-15431;3142;8587;-5840
10660;10549;15766;12710;7820;18351
-856;-8428;-1039
-15112;1982;15262
14422
7923;-16007;4631;13321;8652
1698;-8228;-20;-17591;-3835;1261
16033;7189;-12745;11145;-7195
-2579;-15509;4361;-6192;-10896
13373;-15519
2769;-6581;9962;12381
6744;-15996;4141;-14878;-10831
6247
449;18090
5105;-1906;13121;-12916;12093;-1054
-13921;-14466;-2980;-4981;3692;-10461
10496;-6757;-18191
6918;-4282;13085;-16159;-14016
306;-10074;-8784
2193;-17557;8053;4603;17165
-2024;4200;-9691;-6944
-9459;-15926;15765;1221;-4888;-9372
6276
16400;-16774;-5494;-2742;9981;-15840
3506;6580;12574
14479
5504;2611;-14409
-6514;-8260;11091;2809;-9516
18224;15315;-5820;-13232
-6302
15802;-7659;-7019;15531;-3039;9071
11024;15665;-2560;10847
6307
-6675;14323;3001;-8429
9600;-3579;300
-14514
-10296;-8315
-6326
5441;6821;-1389;7741
10424
5043;249;1038
6048;6883;13881
-2945;-8164;13380;-13659;9354;-16591
-824;-15547;-13710;11454
1457;2450;7652;-1097;3625;-3647
-2533;-8821;15204;6591
-8780;-18048
-18149;-7578;-5199
612;-1143;7384;-5421;-5917;-18253
6359
14554
-3546;1278
-16658;-11331;11893;-1642;15469
-4947;86;-14024;-7962
2272
2145;-12611
-6532;757;-875;-12016
14578
-10899;5490;-16037;-5424
15618;16956;4845;9934
-15793;7968;8182;3751;-17385;-1309
-884;-9654;18005;-9786;-8174
17920;14068;-1016
-16464;14159
13442;14899;3238;-7227;-11323;13852
-1426;7041;-6213;-13997
-7572;-1736;15711
-7985;6512;-13624;-15885
3446;10135;-18217;-16591;10719
10417;13411;-2917;17926;-8968;13407
-13756;11438
2193;-8195;-11637;4411;10909
18337;-3731
6243;-14853;9429;6070;3623
-14408;9244;7487
14611
-12631;4664;-2060;-4302;12686;3967
6308;14933;13559;12487;-15499;7402
3361;-3746;13154;11043;-17629;-12607
-1505;15796;-1943;14556
1232;9288
9428;-7542;11637;4599;17975;15386
17556;-16200;9402;6954;13291
4240;-4785;-11699;-5594;-878
2335
-9489;9603;-12471;-10462
-14899;10452;4980;15721;10010;653
-13937;-5458;-15716
15585;-7651;3556;11333
7160;505;14506;-14860;11422
-16595;-12547;8790;13897
-12482;-6264
16305;-11443;-1323;-18190
13316;17189;13958;-9431;16489
9160;1404
1970;-5620;3284;3447;3387
3575;-14459;-10156;6379
-5797;6909;17647
11672;2026;11738;5822;3886
-9139;2664
-37;-1688;6954;-8699;12636;13694
-11577;9194
-7969;-17029;-4024;13529;17884
-3797;-12055;1334;299;-2477;2012
-12355;11475;15563
-11969;-17810;4934;-4237;6206
6494
18306;16862
-16145;7664;-3106;2609;2477
7750;-8841;4634;-5535;-4512
-15029;-3496;15769;11742;9807
-16513;-4421;11228;-11245;2157
5504;-17329;17828;-7113;-10105;-11679
-2533;-16029;-12526
-12746;-10158
-2097;7552;-17119;9231
6958;-17584
594;5938
2752;13233;-7636;3460;-4779;-9470
14727
6483;-852;905
-2353;-12169;-13545;11994;10780;-13535
-14313;-14026;-9498;8634;4858;13708
417;-11056
-10433;7121;-7328
6544
10641
2480;-13122
3802;-10349
-10231;-12411;154;-4540
-5523;8884;14550;10775;-17163;-9071
6550
-5003;-15035;9389
-2470
-15313;-4069;-4645;-1227;2874;-4671
14766
-13249;-1519
16005;-7831;13302;-5323;5915;4988
14769
11062;3707
-8114;15060;-41;-15578;3418;-17709
2211;16597;-5336;1671;12505;-16972
-14775
-4770;562;-2949;14890;-10381;-3935
-14177;6914;3941;7063;6938
15478;-6552;-13450;-7566;1407
-11026;-5847;-5817;-15277;-9583
-14100;-11270;-15675;-14701
-14116;-8924;8254
7589;3101
178;-7092;17541;17499;7149
-7842;-15543;15353;5519
8753;-4967;-8362;2059
10359;-12857;1514;11694
-292;-7658;11882;2686
13575;-13867;6911
-10194;17361;-8243;11791
-6722;9985;-13980
-13063;392;15196
17249;9220;17017
-2247;-8473
7250;6242;-16022
-17441;-17715;17139;-2134;14793;2827
13509;-12023;18041;11678
-10729
-16996;9162;-14253;7261
-3681;-2954
15684;7625;1726;6175
14946;-17192;-13786;-6314;-682
12133;-17414;18037;-11671;9655
-8579;-9060;10991
13602;1238
18213;7494;-2715;15163;-6927
-15234;-7507;101;-887;4583
-10753
-5269;-17013;16376;-16256;-4976
4054;10797
17785;17931;-6926;-13935
-17563;-5997;4607
1174;-7840
17697;13127;-157;575
-3707;1134
-15137;8608;-7704;-15832;-574;-16991
-6670
550;17303;7032;3945;8345;6362
10770
1667;-790;-10776;-7036;-4652;-17856
-17091;5213;5277;3006;14367
15264;7218;2713;-7867;-14748
-7905;-12531;-16452;-16457;-9994;-8877
-3217;-15171;3517
-10775
6690
12000;11077
-10257;738;-1276
-7089;17887
-14903
-753;3368
-16547;2166;-16910
-13977;-12507;-4811
-6963;16630;-6651;7676;4220
-1428;-11301;-2184
18384;10178;-2579;9417
-2450;17373
17505;-13401;-3850;-3724;-3262
6735
-6736
4354;-11092
-14962;-9571;-520;14216
6770;16359
-5604;-9177;-16544
15920;-951;-4123
6754
-1705;17835;-10813;9629
-14948
-16337;-2580;14981;16842;17260;-11119
2665
12131;5844;-3022
-9138;-11093;3108;-18311
17074;-6055;16234;-3406;-8543;-351
-13458;-17882
9184;5772
9521;11811;3187;3619;-17751;8667
5877;9558;-3034;-12029;2302
-6773
608;10260
8662;6303
26;4220;10719
-6162;-4970;8447
4276;-9049;1672;412
-1857;3749;17304;-11002;7097;-314
-18209;-14562;-9605;8389;-15290;5625
6643;-1238;17766
-4195;-18119;-9053
13172;-11768;-7657;-17514;-15792
-13330;-14835;965;-16456
-13987;16684
-3187;3315;2789;-392;15831;13019
-16979;10642;6869;-9037;-15135;-3647
2712
15001
-17762;-7122;8405;8230;1035;-7790
2081;15524;10597;13829;2293;-17032
-7473;-13715;14613;9563;-9327;9055
9252;5560;12296;8377
-2719
2722
-4791;-1900;5148;-5279
-11946;-11212;13612;-5472
9619;-1125;-15325
-11457;16834;-9700;11155
-2741
7600;-17169;10536;-7805
-9429;-8362;16667;15659;4590
15163;11932;-8893;-6413;-1566;4814
-10944
-1937;-6947;1461;1481;-654;3838
-6855
12608;-15124;-2967;-1754;43;-16047
13413;-17802;10409;3177;-11966
-11431;-7724
-3604;-9590;5720;6904;-507;-9886
-17656;-13788
-1667;10648;-13515;7307
12652;2414
-2049;13107;3334;7846;-14840;7674
-14929;17878;-9832
9033;18329
4817;12273;2083
1570;-4759;18267
2597;-7190;16777;-9389
3829;11254
14497;-16854;-5255;-11102;7726
-2529;-3338;10859;1903
15073;12918;-255;16031
11002
113;9516;-3757;5133
1025;10707;-11493;2575
306;1283;17610
-12300;8571;-15471
-11010
-4465;-12337;4341;10022;-5997;-6671
-8292;-15208;8392
4512;-14616;12923
2821
11013
1585;-8504
-15113
11017
-5973;-955
-9446;18328;-15803;-13819;-14861
-10358;-16505;3308;-16144
6932
12958;12014;-5744
-6941
13972;-4872;-13162;6909
-15617;-5507;5667;-4422;17030
-12439;-10890
15062;76
737;-1429;10743;-7193
11915;-14943;5887
-10614;-1175;5723;-9086
-1281;-2789;11252;-4318
8595;-1631
9638;-4763;10286
3408;15786;-10459;9691;2588;-14045
2849;-10499;-3418
-3080;14153
-9509;12394
15177
-3906;5122;1766;-13770;-3772;-8812
15180
15506;-4915;-17468;1083;-16110;2623
-4777;11769
880;-7003;17724;158;-671
-5265;17573;2249;-3291;-4272
15188
14403;500;15988;-6265;-9436
-2921;-8174
17750;-10749
18011;7727;9935
-12945;202;-17886;-958
-291;-17477;-12443;10910
-359;6142;5327
-10593;-8801;1586;-13335;14621;-15070
5297;5821
1905;12147;-2455;7718
7655;-10592
10497;12820;9030;-13019
-10962;-19;1442;-5032;7529
15234
-1889;-10420;-1414;-1519
7474;9211;6750
-7540;5637;-11689;6540
704;7149;-800
10744;2394;109;18383
-11168
-4682;15851
11024;1094;-3929;14745;-6942;11566
12008;380;-5310
-9188;-1670;-2958;-1456
-7081
455;15736;-14795;-4381
-2987
-2101;-8285;17468
2134;-9048;-172
2160;-9987;-103;12518;13512;13562
2992
9448;14888;-17147;-7275;-2910
-14962;-4967;-14263;10713
15056;1207;13929;9676
-12709;-15671;6630;-13994;-7964;12031
3014
5954;14131;-43;2861;16975
-6226;12835;12799
-13702;15544;8793;4444;9437;15373
-5237;9205;15173;-14280;10456
-7681;7604;-17351;10302
-15650;-13192;-6957
15507;2932;-12647;13626
1520;16020;-7702;3881;3818;10075
-5330;-8348;10639
-5090;-15062;16518;8167;-7576
13078;-15128;-8312;-11049;18367
12392;7213;-17583;1022
3045
-2899;15732;2501
-15427;-17174;7160;-3162;-14443;3131
-12628;9577
-11245
5123;-13142;-2985;-7130;9642;1342
16593;2915;6824;-10538;6523;13515
707;14692;11431;6651;-1744
-13265;-6186
9296;-9640;11608
11137;403;-7511;-539;5325;-1647
-15361
-283;-6892
6181;3686;17671;-18024;-9100;10861
-9025;-13976;13306;-13423;-4543
17059;-16661;16533;-12713;-1131
15587;-3851;17196;4045;-4398;15471
-1700;-11913;16717;-6206
-4938;1451;-3711
3091;4292;3351;-9484;18237
11297
-11461;-14502;6055;1560;-12698;-8925
-6737;14609;-13636;8870
16898;-406;-9289
-14993;-596;-2189;1501;4975
12641;-3524;5670;6889;14203
-3117
15404
7213
-17665;10036;-7435;7116;15165
737;-12054
17129;14668
17749;11193;12750;8191;-15536;-2544
-12210;278;-1947;9259;15950
-12969;-2460
13043;2363;28
14563;13269;8454;-10567;-4009;18301
14004;18183;-8685;4223
16037;3498
-8547;4515;-949;-4746;5324;-11040
8816;-10021;4359
6177;-15047;-16636;10063
16226;-784
-6273;-1459;933;-6504;-12154;1820
10257;13043;2757;9867
-15452
10402;5051
-17089;-15635;13717;54;535;-13423
-3334;7286;-16631;-15071
11457;2209;-11299;2530;9732;-17806
483;-15589;1351;-8331;827;-6496
5140;-17718;8325;17992;5823
-10682;3403
-14321;-8386;-5018;-10330;-14283
-15761;8475
-6404;-13172
8019;-8021;-12572;-7005
-12194;15389
12331;-9135
-51;9876;-6695;-14527
6276;-9482
14035;4117;7462;16182;-14219;16590
8944;18244;-15788
3209
1906;1316;-2089;10268
7293;16238;12447
-13123;-9572;7190
212;-7526
16996;-13063;3382
13140;9608;-3977;-14813;-7182
-17619;-4746;-5439
5781;14666;3261
16935;14967
5097;-16524
-2067;-8857;-505
-4997;-14967;-3800;15048;-7738;-11360
7336
16865;-5235;16187
2085;13242;10939;-16031;-2896
12435;2265;-14123;14651;-3791
-3248
1904;-2031;7471
-11010;4068;7032;-3340
11442
15712;4838;-9853;-15806;-10430
-6435;-18276;1926;-7388;9692;4940
-15106;10198;3882;987;3292
-16421;92;-3310
2394;13149
-5639;-872;-17769;16927
7184;-499;-4996;-18279;9736;10111
14640;2416;483;-14262;15081;-6908
-15548
-10821;-9670;9718;8137;14251;16222
-15551
11455
5540;7813;-16617
-11459
11460
2620;652
323;18035;4713;-2811;15067;17099
-4035;-8644;-11077
-3276
-15564
-9654;12934
12530;-13335;7437;13470;-4528
9107;-1193;4300;-4832
-1281;11952;789;3802;16698
14436;-9239;16251;-6669;-10509;3118
2137;1562;7787
-18101;-17964
10608;6741;5975;-1404;-13343;11103
2800;2024;573;-6894;17087
17728;3288;-9519
-1553;-17268;-16852;11494;-6985;-814
772;4950;14694;11563
-7410
4173;-12720;-7056
15442;10882;8568;-7001
-2971;7772;-1486
11670;14280;1994;12381;8047
15921;-7091;-5514
13248;6609;12132;-9621;3516;18396
5281;2419;13877;2392;-15833;-4814
3379;16328
15650;2915;2649;-14317;5886;-1264
3327
807;12139;14957
14502;6582;16698;2412
-9112;-14922;8010;-1372;14063
5363;-15428;-7194;-3418;13247
3334
17904;17328;-6289;12817;-8179;14809
-13441;1751;-17416;-6985;7065;5210
2049;-2681;7882;17323;7613;12111
8691;-12968;4169;-3946;650;-4031
-1890;-12196;-7962;13993;620
-52;-10069;2683
9860;-8310;8713;13690;12158
15090;-5518;-17023
-13282;-7764;13594
-7716;-6106;2298;-12320
-11041;15985;10708
11552;-17638;-4393;6136;-13342;-2064
-16049;-6009;-3694;-447;10542
13352;6415
7920;5184;2611;-8235
13831;-10445
3700;3782
-7484
12004;301;15855;3903
9170;-6375;4694
-6562;-2674;3738;-6093
-5681;-13431;-6057;5386
-1971;-17050;-1821;-7136
11596
-4529;10083;18011;16703
15041;-14069;-6951;9384
-261;-12040;4797
11684;12854;-10841;18382
-7506
11603
11604
17760;10230
7189;7672;17227
10108;5599
-3507;-16297
13092;4201;-9645;16253
-7713;-14599;10123;8766
10369;-4645;6805;16712;-5337
6464;18101;15725
5121;10603
-7536
-2657;-4987;5102;14175
7538
15683;-10549;11931;6863
566;-16111;6687;-6880
17667;10597;4137;-14378;-2285
-1555;7802;7131;6460
-6;-11243;7791
-3906;-420;-8135;6311;16554;-2844
-5713;-15523;-166;11496;17466
-12514;-2570;-8362;11788
6179;-3798;-9949
14691;-4965;-10326;16364
-4619;8095
7574
-7577
-4244;-8692;-11653;16662;345
9376;-13523;-10854;11512
-16771;-11815;-14762;-13706;317
18049;-6778;12842;-13758;17711
15828;16072;-1291;-6637
15781
-17861;12407;-14010;-8607
-12673;6168;12170;-17403;-13118;13167
11691
-8324;-2390;-986
-4146;2;17923;-2473;4489
9875;-16987;-12796;9071;-4960
5431;2174
6050;-9562
3514
1843;9924;341;-16139;11643
11708
-3519
-16276;13205;-448
18082;-6200;8030
15186;-5159;-8905;1721;4783
183;7626;3917
-2660;14394
-15554;-278
3544
15836
-2200;13241;12987
16471;16233;11805
-8370;16019
-15844
-15620;-13591;-15417;13899;-6813;-11070
11750
15808;11408;-7588;-16598;-9337;13962
12434;-9928;-394;12475;5359
9635;358;-7400;6953;-14362;12476
9617;15411;12171;-13152
-450;-7287;10236;9261
-13170;-1590;6711;9144;14766
8263;4215;3244;15870;-4272;-15552
-4882;18372;-14934;18149;10793;-7536
16962;-8837;4727;-16432
-12227;17877;12917;8011;9771
9713;7025;17218;17410;-10920
4626;9145;-6092
3585
1012;6346;-14672;-8560
-13700;1919
-2802;-4661;-2230;6103
-15878
-8851;-533;-14686
-7686
7505;13090;6725;17231
7120;-11371;1579;-926
5874;-11764;3575;-9832;-7497;3758
-14349;2557
-836;4436
-9493;-9213;15103
-15892
-6964;13780;-744;-1084;18219;4973
7704
12677;11414
3601;-3765;18405;9994;-8239
-14659;38;-1288
-6820;3198
-3362;6729;-1631;5982
17347;4024;1850;-15485;-10543;-816
16753;-3538;17893;17801;3868
-3626
15540;3482;5086
9777;3;-17673;-11930;-6956;6765
-15920
3634
7271;-13609;2698
-14167;3000;-8858
5522;-13259
2279;-16362;14973;6847
16949;7181
1488;16184;2364
1585;9988;-3821
-16801;8448;4695
6608;14069;15865;8075
4408;12345;3290
-13569;-11683;281;3306;5711
148;-10133;-14120;2153;14189
-1681;8616;-10525;-16462
3669
12122;10939;-3008
16145;2577;14631;-8809;16570;7611
9554;-11926;14684;3646
7766
-7769
3280;13716;-17190;7525;-11871;-15519
-10753;15233;-13619;-5092;-778;-17339
15345;17033;-1180;9102;-7952
12163;8212;-314
-1235;-17779;16675;-5227;15342
-14599;-9564
-11879
-3796;7485
-12243;-13897;6063
-5762;-18088;3081;-16316;-3472
8916;8374;-3463;15100;-17263;8415
16432;-17290;-17179;17963;-11821
-17109;-11178
-8297;12009
14496;12310;2286;11487
3552;12454
11985;17394;3651;-17023
-15524;3610
2099;7832;-10605;12492;-3997
8709;6710;7738;-5980;-1148
5794;-12392;-2285;-11246
-10643;3381;3515
3889;17001;16427;-1262;4557
-7128;16471;-1498
-15889;-16538
-5645;-17501;15293
6775;-3017
-1938;1426;2471;11644;-893;3343
-9250;7414;-14638;12702
-5068;16635;11293;9583
-15715;-16163;4068;-17384;4556
-13618;-838;-13902
-6247;18223
-6870;17063;5880
4752;-12690;-4582;5045;6918;12539
14512;-3172;-793;1436
7026;-4964;8837;1766;13287;-18061
1777;14307
-5573;-15623;8678;523
6928;-1954;8037;5157;-2905;4925
13537;13555;11044;-17496;2955;-11599
2405;2186;-16589
15959;-8057
-15654;17350;17287;17163;12717
790;-6394;-4938;6731
3812
17146;3053
16104
12012
-10356;-18043
9138;-15973;-16174;-5071;-12608
-18023;-10378
11936;16292;8365
6544;18258;6456;5339
15157;-8614;216;17550
8882;-16615;-11464;-4441;11615
1200;8577;-658;17819;9661
-3715;-7443;29;7295
7518;12703
2945;4988
-3840
-402;2561;-10356;-3835
17762;2462
12033
-2644;-1974;10472;11771;6699
11523;2216;16813;16701;-2448
-3846
7942
8451;8725;17592;13177;5020;-16351
-11811;13411;-12133;4908;-14557;4047
-6312;11308;-17837;-15583
-2852;-3558;7658;-7308;-14173
-1671;16198;1610
13905;-10162;4202
8322;18008;-6096
17938;-4804;-5956;-15127
9809;-9207;10630;3159;16599;9726
-12046
609;-4165;15077;-17078;1703
-3860
-12802;9621;15816;15801
13875;9157;-15069
-13253;-15191
14370;-2886;10617;171;14365
-4791;-1545;14302
2613;17018;-11661
-2100;-5736;-14604;-18301
-6936;-10841;16619;-10912
2370;-1477;-1384;10605;5821;4335
-12771;-17416;9674;17963;-17725
18416;-6833;-5432;-10696;16638
6258;14028
16034;7317;-15368;-10174;-5808
1873;5714;-1252;-7046;-3194
-2018;-7426;5539
16055;-15818;-16524;93
-15075;12872;6108
4209;5141;886;14216;-12347
2933;10938;6431
11286;-7368
-3458;4801;2979;6150;2616;-17008
4032;7456;17201;-1203;-4936;10042
8017
-2001;-1701;4036;15880
-7473;-11349;-13301;-7893;7868;11837
-16353;-10980;4200;2377;16827
273;7573;-15871
8025
5572;2454
-15585;8212;101;-17799;3574;5275
17708;-7710;6223
-12056;8060;6573;-6512
-8031
-16017;10352;17791
-3936
12026;-5884;-2206
12050;3929;7865;7129;-2459
4228;-3514;-6731;3211;-10590;-15120
6403;9588;7834;-10188;-5516;4015
3044;-6992
-9366;-2777
1348;-956;-12542
-14548;-8517;5319;296;-2893
-1403;-5166;-1486
-6775;-1288
12053;8232;-12223
-2292;-549;1190;-2331;16140
-16773;-12587;18074;1164;9853;4239
14768;-12665;-8795;2091;12668
-7722;-10812;2270
-10901;-14520;16637;-3598;4303
3614;-7600
-81;-9425;13499
787;-17071
8092
3999
-16383;12383
-12982;-665;5550
-5817;9818
5248;-17451
17061;8534;3624;-11034;-6078;8287
11072;-6613;11142;-10108;1756;-15358
4013
-4371;-18120;6957;7006;4510
8496;-340;12246
6888;1227
-17880;-6622
17893;-13864
-17027;10498;13672;8970;-17264;-11072
-11539;-395;3806
-7253;3673;9753;-8843;10797
4099;2676;17738
1874;8787;-855;-5771
12002;4009;4204;8396
-8133
-16645;15349;-42;-12700;6044;12031
2929;9301
2628;-8814;-14159;4015
-17075;-3354
14034;665;-10654
-14947;2757;749;-4895
15048;6105;-719
12243
-8488;4430
-16197;-15306;-17614
-15426;14531;10121;-154;-15567;-9855
-2204;7756;6701
7387;13995;-14928;223;1487
-1476;11428;-7514;-9435;1277;-10638
4069
14853;-5930;7437
-5446;15079;-14985;2857;6570
5713;-1636
17875;8933;18230
-5892;-10475
10238;-18415
7217;16386;-3764;-950;1576
-9245;-7133
14657;2145;-8616
9744;-9682;7891;16838;-12505
