12288
-12753;11187;-16919;-10410;7881;4621
-6102;3576;-11741;-2429;302
8018;8376
-13618;2242;-1507;-12566;17544;-8492
4244;-11223;-9207;6438;4617;17434
-8130;-7029;-5291;-3085;3037
12505;17722;-17919
-6210;-883;7650;2133;-10696;8027
10339;-7674;-12875;5130;-6479;-8944
4119
-28
12317
-5938;-3011;564;18197;6604
-17272;18202;-3693;-61;2863
18048;4838;-12168;9625;-12112
-4305;-4450;-3579
-8240
-9812;275;-16040;-3146
50
-10081;6979;8947;17817;-7228
-12340
1619;-1673
-1479;2584;17035;15387;4814;-1424
-8247
-6057;-10384
5840;-17957;-3751;7033;-11712
-16452
-4001;-8355
1857;-17186;-3074;-10178;12310;-184
-6053;14317
12361
-11105;-15573;15002;17691;2254
7620;12941
-4692;9236;-2662;8967;4327;1293
11489;4982
-405;7405;1279
6578;-11735;13436
-11441;-2389;6182;-15819;11084
-4196
1894;-14345;2858;9485
9200;12180;10932;15466;12780;17372
5165;7230
-7541;-7626;-15596;10173
-16921;8619
-13733;15764;-4567;-2521;-18383;-17632
-12851;-340;-7403
736;-12498;3130;-11964
6563;-10777
16505
-6193;-8337;-5902;16207
16515
-1782;7385;-6331;-15788
14544;-4163;276;5591;8461
7202;-1715;14233;17278;-7952;12047
15753;765
17072;12356;7899;7067;382;-11872
13875;-5545
9682;11767;15031;10487;-12973;-13376
14896;-387;-4644;-16596;15064
-9746;-1763;-11171;-14326
-7414;15750
-4161;14226;12647;-4907;-10622;-11424
-4612;-16013
6338;-13955;-2455;1735
-16549;5319;-17355;5307;6747
16801;11658;4059;10719;-2128
-16536
-14433;3761;-14060
-10938;-17738;-13194;18348;-4782;-4622
-7201;7920;3425;-11981;7596;-8111
-7393;7878;-5864;17838
-18386;454;-4315;5690
-12463
-898;10418;199;-14780;-1454;2239
14864;-14683
6944;-5587;-16423;-7959;12362;14942
17271;-5949;-1344;-9792
189
5861;1865;-3790;-8223
-17941;-5238;10919;-1161;13404;16591
16544;-12566;13143;-7452;11003
-12553;-12217
1330;-5625
16584
931;11561
8397
-8778;15945;11164;-9934
15811;4876
12495
15409;1182
-8406
-1430;4520;4585;-3356
-11317;18220;2156;16670;-9119
-14418;4292;-9610;15001;-45;17295
-231
-13617;4195;5094
8424
18178;-17062;-4156;-16957;-17102
12531
1093;-15343;5246;17439
-6082;4938;-7293
-8866;17298;-11924;17253;-12203;-1312
-248
6851;18090;13931;-3806;18430
9366;-2475;14092;-15360;-5872
12177;-11890;15190;-7496;3740;-7376
14512;-10500;11752;14075;11372
-9683;-6953
-9746;14949;5515;-10976
-12547
-259
1522;-8467;6243;16438;17307;-4109
13281;9748;7429;-1276;-18158;-11294
12277;9575;-6218;13308
-17730;-3028
-2434;-14151;16862
-12739;-12116
16663
9968;-7201;-14882;5204;11286
15427;5863;-1867;13626
-7922;11125;-10361;6876
-3522;-16323;7483;-8400
-15761;-4404;14439;18296
9736;-8140;2783
-16980;-1015;13850;-9963;4286;-10944
16337;2278;8;-589;381;-1742
-290
-17380;5013;-15385;-13498
625;-820;486
-12834;13602;7258;14332;10702
-4390
1971;10612
-6006;-16824;-10234
-3285;5478;4570;12955;-3038
16681
8489
-14790;18025;-14941;-880
-12642;11057;5979
10626;-14931;-8330;17038
-5266;-6489;-13132
310
-9291;-7405
3409;-7655;4558
16700
-3092;-70;-10406;2891;9371;988
-14105;875;622
593;-1524;17636
1443;9987;13468
6336;16615;9831;-16075
8515
-17524;-3285
8675;-5415;-6583;-7275;10269
13889;-18318
-8528
4433
8129;16642;12771;7855
4437
14999;9919
8538
-13617;-15905;-3597
13187;18134;-17160;-6363;15902;-2864
-9970;-8178;-4835;2142
10965;-1323;-9280
-1394;-12834;-10136;14105;14717
1344;12580;-14293
-9283;-1751;12584;-441;7933;-4576
-3172;13877;-2141
13497;7357
11409;14933;-7991;14792
2240;-820;15445;-103
-8572
2241;2051;2085;12006;17598;-11023
-14913;-6280;13848;13593;410;10110
11446;-13655;2603
-2296;10920;-13115
-18280;2188;7501
-12688
8354;17634;18214;-2874;-4060
11603;6677;-14535;11384;-15534
16790
-14930;1523;9094;-16925;13324;-687
-12401;2576;11780;6026;-15659;-13213
17681;7362;12233
-7666;9523;-17223;12248;-1392
15024;-3409;15940;-14169;1882;-14848
3572;-12623;-11855
8617
11859;1926;-5167
9537;-7124;-16869;-12838;-13708;3711
5604;7112
3280;-13268;-7514;-4042;6573;6349
12717
7264;-10868;-16807;3993;-14139;13738
12723
8837;-7533;11084;-3758
9172;-4638
10551;-10111
13763;-9146;-16863;16783
16619;-12080
9074;-12579;15077;-16918;16759;1323
-289;3394;9635
-4550
14579;12133;332;-14301
-11108;15988;3412;-13644;-15584
6526;-6064
12305;10150;-16280;5352;1224
17938;2793;-3884
5137;9061;2985;13001;8349;11086
12832;2515;16228;16692;5454
4593;-1668;18181;5178;-11184;14047
9826;5212;-16365;11869;10414
-13777;1012
17010;8042
-3377;13252;-12807;13591;10298
-12771
-9899;-2875
-8834;14316;-3807;15199
12779
14256;7140;3575;-11881;9661;2317
5792;-13291;7996
-4594
5473;1060;11270;-4281;-18425;-11980
-1717;-4041;-6218;-13099
15680;-16867;-11400;-12489
3717;4134;-12455;-4125;17422
4871;7918
506
16890
14832;2258;-9270;-10134;-12009;-2569
11953;14071;11352
14675;10981;11847;12519;13706;-9966
7843;-2887;-9080;-811;-7868
11184;-986;12494;10590
1608;9915;-4989;6270
11922;17306;16202;9229;-9087
4916;-5014;-4518
12083;4825
-3822;-17183
-17045;-917;4247;-7321;4268;-142
10452;14650
4690;-12341;-17454
3506;-11908;-6166;-2279;-12648;-11996
18355;6696;11322;-8926;14046
-16515;3693
-12826
-12831
3554;6663;9784;8648;13066;16171
-1234;-2356;-6197;-2629;6093;5775
-865;-2595;11496;-2748;17101;15023
-13432;-11708;4109
8211;580;-7159;4299;6908
-12868;-17416;-11229
-4650
11939;-11385
17270;-15449;-14796;16397;9422
5089;10642;-435;12883;-7142
-18070;-9497;-18047
-4656
-1351;-15356;-237
8752
-15540;10324;4654
7347;-7909
15254;2694;4103;3455;-368
2960;-17690;15295
-8626;5286;-1993;6956;-6286
6803;-15070;-5774;4430;-3248
16954
14999;-2348;4303
-1444;-7321
-574
5458;-16790;-1531
-4672
17236;7237;-9399;-16062;1567
-6353;2933;-3577;-7387;5612
11417;10652;-1007
7442;-8887;8398;-14320;16783;-10000
-6081;10476;16668
15633;5827;-1179;-15598
6000;-5316;-10631;1164
-15618;-6329;-11529;-12923;-15632
-2568;-9337;-9499;4030;16782
5464;-8939;-7677;2782;-4512
8785
384;-4692;-4480
10897;-9204;-4260;-2126
-7330;12434;1828;-6335
-16577;401;17957;-17207;-17944
-9201;-14689;17075;-4567;10780
5713;14038;-10955
2304;-15199
-4706
11155;691;5150
-10692;-8362;3849;8826;6991
-4177;-16050;14677;-11448
-8233;-573
16997
7031;-17162;9514
-5618;16898;-9468;-2430
-619
-1590;8677;8125;-8448;6143
10294;6716
2005;-6731
1890;-15719;-14552;14379;10796;16125
4727
-9203;-7824
-12931
1408;-3012;9081;-13262;11789;-6655
-15457;-11035;9453
10278;2664
-14872;11421;12303
4764
668
-17054
-15826;-8883;8050;-7460;11160
-8706;8786;12883
5344;3524
8675;17494;-15656;1289;-6208;-14464
8257;16546;516;-4038;-7320;11293
9881;11278
9393;1953;-13300;-17848;-1360
-10166;-7559;9800;12329;6810;5855
-3969;6131;15669;10283;9438
8738;-1141;13579
-10803;6547;-8730
-18418;11009;6710
-2002;-17782;10890
8720;-995;-409;10234;-463
11728;-2693;15912;16284;-11855
-705
13189;15273;-15470
8896
4164;12927
-14900;15608
12373;-7562
-13005
8910
4817
-7430;16343
-15943;-3245;-2014
-8232;4343;8714
-5809;983
17223;2585;2987;-10094;16702
-14101;-15290;-2398;-9904
-2198;-4749;-18366
16195;-7397;-15463;7402
15672;-14928
-1329;132;10136
4844
8941
-8944
-1894;-11149
759
8865;-15959;-9769;-12571
376;1273;-10603
10386;8056;-7706;-3804;-15888
-8963
-11009;16816;5393;10071;152;-172
10508;-12734;2174;-8912
2487;2381
17205;4999;-233;2361;1020
-484;-11674;17038
11368;18090
-7049;-6031
15073;-8851;2771;-8198
-3669;-17609
11382;12537;-14925
-885;14394;7773
10464;-15911;-11741
2563;-9413;4790;-2840
-11499;-1597
-5570;-11624
-5158;11001;-715;2636;-8575
13098
17922;-15366;1206;17533
594;17651;3540;7819;16268
-4998;6492;5710;9998
-12451;3439
3785;5227
6549;-7719;-5450;-10891;-17886;14095
15730;1895;4535;-1466;-3292;12093
1217;3705
-833
-14451;-12244;-15100
-17171;-10468;3864;10651
13104;1593;10443;-16111
13125
-6307;8343;9096;15483;12556;-9662
15066;5435;-2604;15710
1121;-11283;-3402;-14954;7196
-7123;12062
-13285;7542;-14425;11192;-17628;1182
4942
-9048
10641;-17620;2013;13341;-3423
17267;-716;-7503
17528;-925;9548;-17103
7281;-12236
-17246
8625;11973;-11544
-12849;-2642;-185;2716;14237;-6238
-2913;48;5810;-14183;7275;13020
1024;15682;16122;-13693;-1885
-16082;114;-13494;7468;-11998;-7838
-4771;-11432;-669;7629;-1406;-2512
-10465;4176;5415
14611;9350;-3836;13517
-3441;6056;5497;9146
-14801;-5782;-17414;-12032
-13165
-14966;-6551;5784;-13819
-18402;-7062
-1378;6365
-4992
13186
4996
17809;-13797;-9239;1480;15502;-12656
-11554;3763;-2729;1176;-14954;-5279
-17289
6404;-3959;2559
4401;14363;-13760
-3362;14823;18122
7392;13809;-8450;-18424;6121;16847
7058;-16420;13767;-12139;-1371
-18101;-11484
9104
-16165;-1134
14499;16406;-8779;-8923
-6481;12753;-2424;-5530;762
16736;14307;4933;2693;8133;15558
13073;16167;-3742
15092;5350;8598;13692;-846
-10133;4532;-2073;-18378;-13822;6175
-9124
11266;-9897;-10495
5029
-16273;3634;10459;15789;17934;6255
-5239;16615;-15049;-1358
17589;17733;14856;16297
7316;-7750;7575;-12009;-828;-7532
-8018;-3895;16952
-17329
-7557;-16616;6843
-18107;7979;8476;-6989;9054;-5455
-8914;15768;10477
15346;15480;-11;-6043;-13087;-2543
-1333;-6889;-10430;17694
5360;6149;2854;-5210
1555;3780;10933;14871;-14154;12649
-2707;2922;4844
-7091;16535;-8808;8779;16125
-10739;14662;-12681;-16784
-15748;14778
-5066
-7461;-13992
2658;8018;-11765;4518;-2455
11522;12806;14856;-1339
12224;17794;2777;-5754;-9676
981
-3300;-1781
12118;-10;14156;-4800
-13141;17065;-9005
9177
16683;-3405
17376
-2118;1945;5262
-16610;13795;13507;2590
-9345;-3780;10661;13687;10252
17777;11049;-8319;13263
-5629;527
-7634;-6947;-13559;10749
9653;-13958;-4023;9660;3773
-18164;1955;8840;-9003;-9516;299
9208
-14899;486;8760;14862
-7537;-17765;17780;4406;7689;-13789
-13862;519;8222
9798;-520;7258;6075;18254;-11168
-13315
10722;-17272;-18041;16345;-974
-17478;-14998;3493;-17102
2192;5859;13110;-14473;-11817
-17682;2245;-17382;8920;810;13855
1824;-13763;-6376;-2810;-399
17427
-7809;-6546;-3738;16010;13274;10334
9237
-9826;-460;-1916;-9326
4682;16847
1054
-3992;2936
15249;14478
3457;-10739;-1353;16605;5375
1061
849;-10746;-2317;10748;10719
-4646;3581
-5937;-14662;7766;-4620
4705;-3463;-10512
-17463
-5181
1924;4372;-924;-9230;-1886;-3534
6452;7557;17112;-17567;-14640
12646;-12679;-13341
9281
12307;15715;12413;9807
578;-8628;7593;-15373;2446
-9288
-17487
13391
5618;11871
1106
-7186;-13730;9049;9929;3052
11943;13751
1778;7534
15925;16666;5787;7803
5222
17424;-16947;15092;-9210;-7486
-1132
-9698;-16276;15011;-4504;2046
-2292;11620
13424
13426
17233;-11923;246;3774
17525
12438;16135;1242
13337;-1550;18030
-9923;7154;-4789;2315
-17475;-3395;5464;-445;-4350;6766
9710;3727
15297;-9698;5586;-11335;-13289
-7271;-6366;3165;-5790;-13566
-17622;-9174;-3034
9056;-3797
-5087;-8368
18244;-15797;-2040;8954
14517;-5152
385;17174
-7684;1100;7759
9975;9175;-1050;3596;16348
-5923;-12727;9277
-4947;-330
15842;951;5576;4200;-13100
10453;-3031;-17147;4635;-8381
-5284;17739;6299;-14494;17407
13570;6948;-41;-15193
14816;5472;13652;12741;15949
-4509;-13071
-9389
-9390
-82;15622;14409;-8272
15169;637;9967
8689;-3171;17797;-56;-4028;-1647
-10577;1957;5894;-6174;-16880
-13492
10018;2518;15671;7769;6188
-12721;9436;-10208
-12809;-1210;12813
-5641;-16444;-12576;12975
13494
14272;3050;-17820;18093
7776;2212;7608
246;967
-15922;3398;17835
8209;9391
-7032;-10570
4928;12673
-9417
-5425;18069;-5478;-537;-16047
5072;15090;885;14663;2778;-399
-16306;-9500
14670;-13951;510
1231
-7852;9086
10481;13075;-10029
7443;-8661;-16518;-8359;-8603;-11598
-17589;-5110;10154;-9099;-12365
5337
13842;-11749;-6652;-16812;5005;-13551
2785;-797;9374;10367
3248;2151;9065;4074;-5435;-7757
5382;4060
1253
-12849;6679;-2446;14014;-2031;10175
6594;11045
7763;-9397;-14518;15895;13805
-4401;-9907;6500;17019;-10477
-8161;8492;-13886
2613;-15369;3295
-8161;8624;12627;12117;-6809;11544
-2018;9047;3769;2762
-6081;17107;17251;17080;13260
11236;-2870;14123;-734
-9006;-12752
17661
-13477;-15685;-15013;-12246;-2377;4271
-7767;14151;2268;2815;-12752
13971;-10807;12840;-13786;11355
-9478
10149;-11437
-2163;-12803;-15095;-6780;-11584;-14304
5386
-11875;-8347;-5646
-15812;-12679;15402;-14940;14447
-13234;-10259;-11975;5422;16463
-10319;15711
2;11607;11623;-11838;10383
-1298
15191;-9101;11596
-5860;10819;-6248;-1805;16685
9496
8336;5366;2072;1914
15564;2125
-2769;16416;2066;4086;-6205
-12583;-17866;-18074;-4683;-13644
-2213;11493;-15369;-15257;-5836;5388
5412
-4467;11092;9226;10042
17041;-13610;-4750
-13832;222
503;14363;8636;6493
1327
-6484;5300;10104;8792
-5943;-11770
-2485;13030;-8136;-5053;15951;-14640
-5430
-14822;-7512;-15482;1641;4650;13803
17883;3935
-1339
5650;10364;5805
17040;-3413
-5441
15344;2865;-3000;14809
8659;6390;-12585;2441;12828
3907;-5593;7357;7967
9618;10595;-17487;-1376
-1358
-8981;-8762
1984;10665;1563;3005;16013;-7295
-8401;-9283;-17861;-15446;10347;-18064
1202;-12073;16333
2964;-11781;-4842
12833;4242;7558;-2781
-13346;-1576;15210;13372
9809;-10226;-4090;14076
12648;13308
13670
13674
11785;15161;-5499;-2845;-17216
-8993;10516;-1896;-14281;-15433;12313
-18073;-11993
-14148;-6247;-3497;15533;-11822;-1695
13691
13584;-10297;-12234;-4747
-1406
-14375;-7512
-8211;11689;17450;9151
-18325;-9702;10253;12269
-4195;-1734;15531
14416;-6148;18136;-9502;12958;-3872
-13701
-2273;2998;-14152;8588;-4767
16438;3687;14057
1416
-5921;-3689
1419
-5556;6387;-11611;603;-11726
-5204;8836;-9152
-1428;14133;17129;3626;-8480;13311
-1434
-14203;12767
-16561;2737;-16286
-177;-308;15531;16875;-557;2846
6960;-11171;13556;12025;559
-9457;134;14809;10156;17182;-10895
-2941;-2607
-595;-372;853;14188;-5325;17279
12018;-7299;5063;-344;10136;-1738
12402;14002;-2293;-14464
5905;14550;-6283;-1918;-10799
12851;1798;-5000
-12632;-9307
-12262;13721
-17922;6009;-15837;-13757;3183
-9654
-13467;-8477
11418;-5856
-9540;9477;10583;-9049
8266;-9740
15744;-1603;17587;14805
5574
-5579
-12551;6970
-17870
6602;7180
1873;16643;11656
17570;-7940;15940;-14679;-15209;18108
53;3065;-12815
5605
-5386;3871
-9590;-13992;-17144;14634
-16817;8529;8978;3739;3583;-6496
-17602;7892
17552;-11938
-14722;5010
-4052;7126;-8695
-4356;15240;-5260
-1531
-7319;1958;-4366
-241;-11620;9236;-109;4269;-7167
230;15929;-2336
-5874;6693;-4601;-3805;-13199;-1231
9505;-5235;8355;-12454;9559
-14188;15727
-18338;-3542;18102;12520;-14378
-12117;17753
-17936
-6084;7635
1105;-2099;-276;6924
3152;8192;12331;12092;-7149;17998
-11109;533;-15564
-8469;-6037;-13849;-14138;-890;9051
12961;13181
-10260;9;3050;-16235;1389
12210;1645
11003;-16669
9898;12251;-4190
2096;1035;6637
1402;-7083
-9463;-12608
-5939;-7940
8576;14689;-13654;15391;9359
-9787
17416;-28;4686
-13885
-5694
16114;5990;-16410
5234;-2343;-12121;11355;-3326;-16783
-13570;-16348;7836
-1;-1602
8676;10773;5223;-10781
-17154;5444;-16136;-9545;3018
12040;14237;-8287
-9153;-12274;-661
9376;7619;-14519;-4088
3168;-12182;5848;-6640
-15284;-6152;7531
3169;9844;-15465;-7065;-14300;-10572
7586;11176;1565;-14175;-11872
9651;13352;7293
9819
12897;-356;-17686;1177;17885
-1630
-6629;-549;17207;-18045;13742
1568;-4842;-8619;-14319
6070;11879;18073;16060;-5391
-17969;-2834;915;-14491;-8219
-16353;6209;2709;-793;2780;-8478
13714;16598
-7650;-1491;10712;-13819;-6044;267
-4562;-10484;10819;-10742;3690;-14941
13934
16959;-11216
13298;5479;16923;7996;-17472
13940
6129;-13817;-4538;14554;5914;-18092
4960;12278;-3131;-12447
-12962;-11620;-683;-4253;2732;8734
11527;14717
13957
6499;3989;-9867;14875;2558
2371;15684
-9865
-13961
18057
2528;5904;15185;-14745;16457;13214
-5780
11329;-6243;10328;1675;-3118
-11092;-6981
9428;17223;10760;-8810;-8557;-1968
18035;14472;-10334
-5791
5762;2567;-10025
-16194;-7030;-10697;11065;17018;11631
-18086
9847;-4045
-9900
3843;1961
-11173;-8565;-7415;17607;7737;95
6528;-16883;14147;11543;15530;-16862
17296;3894;5102
-3335;-7832;-6329;16190;14222;-3008
11410;-8697;-6812;2379
-6579;4857
18108
16816;13990;-5883;-9003;-14192
14097;18212;-14518;-12009;12331
-16628;7460;9557;5436
1223;-7049
-993;13378;16803;5310
18114
-1812;4516;-12711;-7980;-4224
-1732
-14027
1739
-3863;5032;-15199
16727;4090;1709;-16687
-5939;10050;-2905;7901;9022
-13009;18168;17070
-2134;380
8277;17493;7998;-7439
11619;14712
-14034;10937;2092;10204;-3341
-3659;9518
-3317;-10735
9958
-8465;1642;-11421;12381
-8786;16154;10783
-1769
-11954;13319;-7786;-12686;-11343
-11431;5847;-347;-4043
4528;10162;-6678;10921;-1294;527
11261;-12511;15327
-1008;-8976
9412;14503;-5740
18016;-18161;18200;8313
-6808;8601
-1733;277;17543;-4777;-2570;9437
-8722;4532;-9894
-5893
8673;5142;17046;7799
15408;964;7973;14318
15852;10526
18190
5906
-7057;12965
-3364;-12373;9284;4639
16915;-2813
-3780;-1720;-18024;9419
-10202;10937;-9132;-1613
-4665;14684
-17235;2279;-10875;-4318;-16736
-6035;-10084;-8653;2462
7284;-13126;5622;-3978;2286;-4016
6896;15417
-14001;-3094;11768;5501;13951
-10118;-6584;14637;-12063
1842
9472;-11302;-216;10504;5677
14897;5617;12533;-12458;14411;15999
12674;-2264;16954;-5357;-5070;1295
883;-13356;11374;-13727;-15696
17025;-5683;4644;10150;-16764;-7520
-513;13984;2771;1146;-399;-2847
2675;-9158;-11720;-16889;-11820
-14145
962;-14965;-9303;11786;17148;16717
5449;-9259;-4573;3788;10558
-10325;-1674;-10796;12735
2915;6853;-15735
-18082;3864;3577;12637;-12063
15472;-9910;7127;-7070;-3744
-15429;-5753;-17561
-12492;-5774
8150;11383;2829
1937;12235
-11986;1908
4364;-2478
6822;-13930;-11163
-1636;11843;-6117;-18266
11843;6341;5816;-10880;-7136
7924;-10327;-55;16104;-11755
10085
12785;-17602;9977;830
-5826;18292;-12343;4936;-3275;16495
13762;-16725;13577;-4623
-17297;7209
-309;-17783;-8381
18267;8207
14309;12808;11646
6465;-16180;4360;10394;17343
-17953;-1299;-483;7975;-15114;8586
13795;-10564;4660;8055;-13384;11629
-18293
13926;13996;-13725
-1920
-1607;-15703;-8872;17639;5723;-11390
7473;-15188;3033;-17451;13037;-5120
8656;9656
-10657;3195;2604;-1168
17810;15556;-10277;-680
-13781;3659
-14899;681
-696;-8236;-13488
-1944
-2051;105
-7937;3552;14527
-16628;11928;200;-6090;-2573;15119
13250;3587;11172;10070;18135;-5102
13809;11541;-105;2744;-15769;14319
-6689;12208;-2795;2682;8845
6275;-4311
-2017;-12553;7196;13437
6066
-625;-10725;17417
-5316;14628;-8038;17082
400;13682;8371
-9576;-11993;14587;-15472
-16486;6774;15782
-8867;707;3716;5547;-15372
-11809;-9507;-15160;11340;-17967;-3936
-6146;-9347;-16233;9263
2064;5009;18243;-18068;-11467;14397
12225;8038;-14175
6835;10565;-4071;13239
-18378
-15937;9847
13780;2100;12983;10473;-8667
16613;-6423
2789;-10056;6713;-17837
14961;18243;13219;-13448;-14584
-2009
-11443;16135;1416
7683;-5671
-4709;-7545;6139
-4993;6881;-7525;-7753;9561;18138
4160;10880;-3235;6747;3950
2080;18037;-5806
3873;8899;-14714;-9098;9820;3245
14313
9378;11203;-6268
-676;-12073;-5664
16152;-13931;-16827;-8348;4571;-16414
-10221
-16801;4658;2276;6294;-18282;-17040
-17027;-9018;11724
-1652;4856;7020
-9764;-12020;-2279;17069;863
11712;11234;-1848;-72;-3417;4911
14329
-18427
14335
8354;-9174;5049;5996;-4046;8158
-1622;-14600;1943;-12347
2929;-3283;-4003;16358;-1759
13252;-15303
10242
4354;-995;-13495;-16492
-7525;-14759;-16633
-1717;2101;5766
-16759;18125;-3422
6151
5810;-15223;14743;15719;-7536;17215
11737;2607
-10087;312;-16859
3874;-12611;14891
15720;10921
-11457;-6994
-1026;-1877;-6599;13302;-9963
-12801;12579;-12005;9973;3573;-3389
11587;5076;-2301
14899;10677;13158;16590
4691;8611;-1158;16013;-2878;-15008
-13050;17273;-2142
-4376;-15560;9662
-242;-1843
2726;-1579;6716;-18141
3536;-801;-17570;-9620;14308;12233
-16775;9401;-17646;-5744
-11636;-6454;-8461;-8317
-10294
1264;-12787;11158;5479;17417;-8141
10294
1412;17749;-1098;2267;13373;17551
-11225;-4252;5181
15232;569;-9147;-10317;13965
6215
8274;9269;13318;4027
-3085;-7230
4082;5939;16679
-11980;15421;-6287;-7472
1623;-6330;-5611
-15433;5113
2531;17861;-14889;-16316;4589
15376;3137
12212;-14681;-16045
-16530;-8772;8087;-172;7948;3212
-8418;-14023;14903;-15289;6235;14460
-13649;35;3412;-3017;17642;5900
-7635;3442;15495;11311
13922;-3595
10327
14594;13572;8214;6653;-8128
-771;-57;7816;-4538;-8687
-10926;-3504
11233;-11335;-14394;62
-7345;-13780;9411;966;17031;-41
4266;8572;11676;-10079
647;-9512;908;-14671
-18244;-7575;9803;3068;13389;13997
-7665;2775;-5453
16679;-6682;12;8527
-17826;17907;10267
832;-16997;-936;18414;-11664
13377;-11879;-11849
-5205;-13638;8491
-1505;-8848
17046;14216;-8620
-13157;-10181;-11222;5179;-8861;7407
2551;9319;-14568;4249;-4122;-7787
15702;-3962;4411;-9886
11108;-4842
-16913;-7701;-647;2984;13304;-17774
10893;11759
-6006;-12551
-8043;18413
15531;-17710
-2406;-8697;4827
12145;-1305;15916
16594;-7031;3641;-6927
13251;9417
16128;17944;1513;15756
10384
14546;4030
11509;12379;-1213
-13194;-9485
-5272;-14328;-15370
3203;2950;-6427;-2590;17359
-7366;-15324
-2265;-4042
14498
-2213
4944;5460
-14505
-14417;787;-8101;15622;-16589
-12583;-6027
-14211;7012;-2070;-8251;7099
14517
499;-3542;11672;-316;6844;-12926
-2386;-1527;-14703
2237
12480;-16313;-746;-10700;4749;-4000
-2243
-3780;-14613;-12524
12784;13843;-16540;16735
6352
-865;-9790;17007
-13544;-9194
-15683;12872;552
-6356
5162;5290
-2262
-6180;14202;-5805;16428
-14552
-15032;475
12690;-9767;15161;14906;-6143
-6521;4249
-14466;-6131;6083;9989;-1880;-8158
422;-6250;-6477;10030
2274
-2153;-4938;-6955;-635;-8076
-4821;-16478;14926
6373
2277
5587;-17769;16620;10127
4760;-11694;4655
-16227;3238;-3757;-10109
-4183;6462
-2726;11014;16328;8074;-16973;-5245
-13154;5223;-2392;-8602;-16128
16257;-14162;4664;8153;3758
-6396
10136;-16544
-5875;-6214;11661;-16543;-18112
3377;-694;1560;10361
12545;2060
-2325
15140;-14678;-15078
9507;-11836
756;10502;-2073;-11514
-14619
14618
6426
5264;-3986;-1779;5878;-3581;-16416
-13990;-12348;7613
7746;-9868;-16604
11538;4306;-265;7243
1537;-16861;-7502
-12497;-13549;-18126;-2255;-5167;4191
10208;-10498;-690;-1205;4245;-12599
-8531;-5059;14405;3158;-4249;14911
-16020;-12167;-5472;2639
-4725;15271
-18257;-1217;16872;-2350;-9695
-9224;8744;6938
-15717;-17051;-14652
-13604;-5145
18356;11931;-3342
14659
3286;-6426;5515
-15154;9889;-17593
-475;-18288
-10516;12900
894;-7376
-18337;8917;15901
2386
-737;-402;-4579;579;-4318;7069
-7365;16901;9895;3437
10580
-10036;-9613;5358;3710
-2390
-9571;-11800;4393;-5754;-4237
1468;17309
-10589
-13686;-7721;6717
-5201;-3716;-9594;7917
-7345;15236;-11337;14040
14192;4599
-4674;-11458;5531
-16289;18148;-16558
-6511
5361;-8420;-6021;-13670;4238;-12575
10608
15669;-15287;-11369;-14012;-10190
17815;990
17746;1346;-5781;10392;2766;-3568
6517
-13713;4050;-15447;-332;10731
5060;-13545;2490;-527
17824;-6002;11086
-13578;5340;-703;-9872
16593;-15284;-2420;3015;-12526
-14353;12898;-8263;3190
-1105;-6520;-10825;4474;-1455;-7488
624;6816;6885;-12250;10445;10399
8354;-11956;-17510;-3434;2139;11775
1843;-8359;17835;-6493;13998
17216;17993
-14115;16557
-3421;-7216
-15076;-4086;8523
4607;14223
2449
-9654;12108
-2456
6556
-11201;-14249;-17882;-365;-16109
6558
15232;5921;9853;-15583;-8864
-5482;12044
10928;10352;-259;-11628;-6926
-5554;4728;-8361;6719
-2818;-4517;-6935;-4586
14767
3857;12613;12297;-7947;14428
6579
9475;11397;13093;8265;-11070
-8003;-3541;7125;12517;-1513
6586
14291;17446;-16363;3501
12093;10879
14531;-18078;14237
13191;17981
-2502
-6601
5924;11575;5486
3947;2654
-7773;-10558;3310;222
10384;13871;-5360
13152;8008;5934
-17969;-937
10715
11648;-7475;-1453;-13438
5568;5151
8962;18025;-11659;-4608
11810;11733;-16918
16913;-16194;-4039;13161;-7311
83;14695;13690;-13646
3008;-11860;4277;6743;4377;-17275
-4068;-1588;16184;12492
-2543
-4550;6233;9053
4120;-1358;-13503
2391;-1754;3338;14958
-10548;8295;-1897;-12830;10333
-12310;-11435;-14203;-13755
11954;14120;-10042;-7354;-1212;3276
2854;-11983;-5711
6128;17511;8153;17419;17757;-15264
-5990;-17494;-5384;-6955;-3595
14019;-16576
2565
3426;-10088
258;2279;3864;-17164
2209;-17810;-3876;8714
-12868;-14282
11025;13927;6298
-6003;13122;-1224;7050;18315
-13572;10982
-10782
-1585;-1507;13878
-14470;8535;-11483;-12909;-10654;-6671
18035;12902;8526
4800;6626;12852;11318;16155
-8388;-12197;5834;-12430
-10797
18256;17561;-16829
9393;11877;-8794;-1679
6304;-1425;-1298;3879;3337
12306;14373;504
-14408;2439;-2927
9472;2385;4019;-6596;-13655;-14619
15827;-15739;-17259;-1824
14488;330;12587;-15053;-5646
13525;-12781;5967
1954;15417;5725
14374;-11758
-2619
-16022;9306
10368;4541
14272;-11764;-9926;10183;-138
-5410;-14838;-1546;2782
-2483;16532;-9782;-4714;4090;-6272
16599;-13967
-14923
-10177;-15106;14292;15493;17049;5663
-16417;-18004;9913;17773
-8244;-17718;-11322;-10730;12607
13793;14194;8514;8428;15055
17988;9770;-9675;-11340
-13219;11245;11326;-12000
7111;4136;11881
8272;16082;-8154;-3163;11582;14894
7491;-9782;4941
849;5270;15048;10156
-2654
9649;1317;8072
12993;10968;16907;3437;11598
-6802;4145
9863;13274
-7898;-11178;12987;-18413;-2734
-2945;18113;-218
-8675;-5227;-9244
-7203;-3656
9035;14111
15571;-17972;-11561;3103
13074;-4456;-10169;8318
2993;-14905;-17068;-8044;15103;6959
7924;-14331;-3756;-17087
13303;-16153;12121;17979
14965
-2680
10308;453;12631;-8425
12368;-8134;-1703;-10410;12475;-7277
11062;18060;14526
17168;13041;-9061;-2729;17080;-8235
4369;-5556;18372;-12455;14343
-10883
10885
-10034;16824
2838;9256;11083
17686;-6793
-10322;-102;-4570
-5555;-9333;-9222;-7272
-1362;-8372;-14708;10054;-8185;-622
10906
-5348;5557;-3416;-13289;-3833;9419
3029;7881
13698;-7530;-3405;-13677
-14693;-15045;10805;-5373;1102
16023;-16121;365;-3871;879
-10921
6944;-8547;-12499;-13030;-1098;5020
-2036;9910;-5145
-8466;-2460
16793;17993;-6971;-7420;-2095;-3279
-6386;14790;-17145;-14474
2227;-246;17110;-12953;-1101;-15966
3319;17607;-14906;11612;-10800
-3489;-7409;15896;-11051;-13070
-1958;-6761;9258;3758;-7040
-12549;-8646;-6128
12434;-5960;12042;7661;13438
16562;-9526;16199
7524;3423
-9330;-13991;-10872;1482;-15101
-5849;-9200
11485;3567
-6451;-2392;-14520;-3979
8849;-7432;-14872;9768;920
-15060
6416;11329;-1749;-9125
2775
-1671;4447
-11621;15495;9353;10030
946;-16014
10974
-13716;11748;-1462;8172;13708;8909
1668;184;-4639
-9154;15073;-403;18434;7606;-4191
6888
-8434;8678;-3039
-4963;-2120;4286
9651;8966;10311;-15198;11230;-18064
-2812
-865;13574;17321;-6733
-6921
-881;17783;-5885
-8321;15243
11729;-14556
-4417;-14067;13143;-1582
4465;-9640;-17019;-603;-15133;2332
8545;3686;-3098;-15739;-13952;13631
1939;-5060;14759;-608
11018;17419;-6621;9694
-6937
3793;3144
-5687;8985;-18429
-1601;-434;11112;-11930
15027;4533;-15607;-15000
-11050
-4611;11565
-914;3775
9025;-11546;10522;8397;2847
15762;758;-18156;-1228;9822
15150
-2756;-8299
-866;-5445;-1254;7526;-6920
-12835;-18003;1579;18203
9300;-13207;6637;-5600
9441;16646;8759;-7897;-5226;5722
11184;-12885;11446;394;9755;-17024
1202;963;8502;1176;8730;6876
9456;13585;-15081;-988
-16008;-14938;1356;10317
2893
-15185
7872;-6692;10931;10440;13114
-1475;-5523
13493;-17015;6375;-9856
15664;9395;-4501;-6921;-2538
1797;1949;15549
2913
-16498;5388
-1731;-17574
-16387;5079;-13004;9102
2514;12867;-11429;13512;5947
-1281;-5765;16295;-15436;17311
7033
7601;17031;-17481;7067;-3087
7037
10946;-17715;-16262;15991
-9596;-748;-17184
-17077;-7752;-2700
16595;16293;-11767;7610;11087
-1751;507;-5808
-7052
-7414;358
-5105;-18376;-15851;-17168;16671
-7909;-15536
3810;-6760;16472;-10558
-2921;-16250;10075;6127
-15259
-15683;66;11637;9721;14766;-9343
-1669;-13594
-14193;-6635;5579;-8207
10784;12711;16344
14977;14344;-5866
2563;-8133;-14060;13900;-13632
-15272
1313;-10582;2187
10640;-12772;5118
11180
-14945;8578;-3509;-1307
-6225;-4958
-11185
5376;5895;16904;-606
15073;-17794;6818;-4074;16365;11182
-614;-6477
-1553;-13442;9640;-573;-5262
7097
-3003
-9969;-3668;-9851
-2881;-10753;-5760
-17633;369;3076;-13400
3505;16038;-13630;-8928
-7090;1202;-1228
16161;11434
-3426;-15979
2433;7682;-17048;-18154;9775
5202;14205
-17810;14867;14888;9210;14637
-13316;12757;8215;-10714;31
946;-17108;679;-14123;-7327;17519
-8257;8081;-10930;-14292;4957;-11262
-1746;4084;8548;14489;-12926;-15487
-10946;7382;8281;-13711;16127
8241;-7827;-8565;8937;14540
-7766;-15754
-885;-3653;-17639;-17728
2352;4785
10385;-13428
-826;7965
-649;7791
-2370;9841;-10613;-7674;17961
3573;-13303;15437;13727
-8580;-11973;7860;9658;9259;-3167
-7144;-3467;-12927
1201;10947;11391
10227;-17847;10679
-10178;11370;-15470;-9262
-15354
14931;-14454;-7229;-15455;10943
-546;15906
16531;2927
-15366
-4148;7925;-7561;6862
-13746;11861;6904;14446
-17458;-6111
-3352;6441
-6406;-15483;6509
-3094
-3531;-4749;-415;11791
-5083;-2111
-14742;-12939
-2899;5812;-10166;-7995;3950
6406;-18234;-17914;10249
14292;-12124;-12445;7166
-12228;5021
17373;14414
8770;-995;6564;-16710;-16407;-13017
-9329;-17108;-6548;-8104;5198
3124
6150;-984;56;1914;10909;-2622
1594;-17022
-7737;73;4523
2290;13350;-11528;1579;381;5262
-5894;13542;11256;-7567
9507;14122
1409;1121;10850;6154
-17429;-5;-2487;9223;-5097;-11932
3515;-1711;-17248
-9777;-1573
17458;10741;8998;2827
9140;-5977
9270;2089
2118;1677;15757
-3969;800
2433;15938;12229;2330;-12652;7468
740;-18391;14983;-4060;-12383;-8640
13483;1980
-4004;12221;3151
15122;12307;-1622;1464;-8287;-15807
10369;4916;-12632;10841;13467;8987
17491;-4859;-9451
-4597;2089;16394;-2511
15396;7561;-3387
-11634;6771;3257;8891
4420;-16375;13529;-15694;17311
-3194
8146;10834;-11716;4122
-9281;-5684;7305;14699;5164;-4912
4835;8612;11144;16312;3258
-17826;12806;-5594;13114;2221;-1519
-14321;11450;-12621
-15495
17968;-2473
-4647;7820;-6382
-3908;-10140;-5548
-16339;-12667;1215
-17505;10132;-8121;-9612;-6783
-3217
9680;-15576;1051;12158
15766;12758;-13016
17329;-18088;-14752
-17314;4385;3686;-17784;-4411;-8651
12692;15110
-11850;-9036;-15598;16863
-7338
17312;6412
-15534
16921;6810
10528;9792;-3565;-6142;9022
2437;-10761;2061;9519
7232;7080;2171;-7629;-1502
-9490;13426;-16199;-14072;-17886
-8248;-3164;-3788;-12639
-16082;15005;-2192
-339;13335;-201;2761
15472;11427;-9013;9965
7136;12081;-6020;-14184;1559;-3850
-9473;8001;-1547;8235;-8496
12521;7148
1539;-14437;-405;-6368
16442;7325
10980;-11769;16365
9601;5010;3509;-3048;4605
-12402;-17116;-14736
8450;-13060;6148;-4167;4407;-17368
-11495
7761;-4458
3250;55
-4473;5131;-4908;943
-16021;10843;1870
-1089;353;14458;-2222
-16866;-9138;-13640;-11738;1530;13774
13552;14334
3809;-13599;13102
-12952;-10923;-7436;14365;-10944
-14338;-12642;-5008
9948;-13264
16593;-12466;15830;8233;11993
-7819;-3694
7419
13456;-294;-9850;12300
-17621;11845;15048;2715;3627
-18427;6908
16102;3609
11841;-516;-13204;-6540;-3581;-3616
-6873;18395
-247;-11280
-15538;4773;-11176;7806;-1488
8339;-6133;-7353;-12122;12330;-6589
11533
-10194;-7607;2615;-12362;11466;-3645
10197;2971;14750
-7440
-16609;-4789;-1528;10937;12025;15596
15873;-14906;6474
7744;-6883;14772
6096;-1943;11485
-1333;-15559;12983;10423;15592;14013
8625;15850;8874;-16863;-13135
15696;-788;-1861;-6732;17517
2225;12673;-17715;-4790;-7468;18428
-17654;16086;-5882
9553;14284
7570;3317;-7530
-9953;-2295;-14615;-14112;17135
9228;-16685
1233;-13075;-3812
-14113;6839;-12478
14003;18036
1636;-2678;12603
-2404;-4741;-8342;5256;-5658;-16154
-12292;8164;-5317;6070
11571
6867;-16153;5833;6825;8202
16272;-2129;-4930;14873;16330;8026
17809;-6818;-4027;-14448
-14354;-4355;-9623;12571;-8047;-16448
-9351;-10425
12481;-1737;-14121;955;-3405;-18047
5361;-8437;15941;-3079;-13181
-3395
6294;-3083;-14799
10899;-4614;-104;-10478;7695
-11909;8510
-11944;-7840
-98;-15734;10186;-10047
17008;9713;16452;-10183;15478
10787;-695;-9353;11690;7372
14964;14422;4824;1977
-12070;15302;187
18256;-3989;-5308;-3006;-13470
11632;18146;674;728;-13055;18063
17702;14394
-7266;7496;4329;-16444;267
5812;-909;-8333
-2225;-5169;-931;7500;-14896
-5923;10451;420;10773
-17715;1991
116;11002;18395;-5598
-15726
-8209;-14691;-18340;936
18352;-5618;-15202;5911
16834;16307;16691;5924;10661;-1533
8035;-11481
-4548;-14729;18105;7563;-2944
11641
7546
-9426;-10020;933;3367;14811;16079
9168;14791;4169;-8540;8446
11217;439
-8721;-16537;-8252;4573;13181
14016;-16082;12627;-12058;11945;-13919
3474
-14530;3529;-669
-10497;-10006;-9656;-4155;12381;-14320
10048;13918
-8754;-17075;15171;-18038;-12279;623
11684
-11686
-10673;2004;-7116
-10507;-9374
-4595;-15289
3419;-11229;11310
-10371;-14581;-16453;18156;11597;-12334
-11137;5084;-15039;-11088
12994;6898
-4209;5811;-4683;-18075;9452
16866;7398;70;17051;7183
17596;10173;-7006;-13152
-1506;-15622;-5819;-5149
11713
15187;-10423;14969;1181;-1008
-15395;11522;3193;1193;-7451;14558
-11726
5468;-11742;13903
-11196;5037;-13759
12193;15923
-7637
769;-2756;-9749
1431;-14680;4458;11484;-14430
7124;12806
14288;-4593;14572;-16733;173;-4159
9393;-5844
17280;-307;214;12989;-6144
7649
11748
-16579;6452;3318;-15357;5069;13535
8419;17881;-1677;11710
-11759
3904;10242;-12134;-11031;13436;7343
-4130;-17253;8282;9532
-4625;1718;11096;-15855
14373;14237;11823
3045;-6534;5141;166;-2892;-6592
-7669
-10469;-11704;-1886
-5686;-9720;11822
15296;-627;-9845;9142;13065;9321
1381;14166;-8519;-5659;14508
3027;-15812;-17829;13070;12286;17039
-13946;-18318
9810;12850;1689;10780;-2864
-13010;9348;-12379;12444
-9939;-13091;-5143;16378;-8187
3467;-61;-7005
290;-3587;13586;9695
-9859;-10128
-15713;8013
-14708;17015;-18203
11799
2161;-13778;-17048;-3178;15946
-74;2331;-5868
-11805
15219;-5444;1572;17239;-12297;11899
3613
14706;2387;-4647;6552;5497;-4491
16243;-871;-4775;1277;-4158
13521;-14629;-4761;7337;6249
3621
18144;11411;-17739
15915
-3186;-5858;13473;11891;1917;14063
15919
17170;-9440
10368;-9628;15182
-3379;-4964;372;-13173;9048;8461
-7553;2885;10759;-616;-1840
-4694;-3511;-13592;11451;-17870
800;-2466;-8227;4950;8907;3772
-439;12279
11846
-851;-14948;11132;-3086
15945
11704;-3950
-15889;3958;18279;17791
4778;-8445
-1187;-16467;-2604;3085;-11071
-15203;6212;-5083;-16989;14765;-7855
1820;-14845;12764;3933
12929;15543;-18010;-14138
15964
15966
7776
-14434;-5363;-7757;-4800
9056;-4515;-1863;-9872;3503
-7790
7791
14725;9451
9216;-14931;-3384;1304
15986
3700
14114;11190;-7545;-13739;-11917;4191
10016;-14777;-14601;-4829
16000
169;-3914;-16352
13120;14245;17659;-16735
-1256;9070
6001;-15189;1371
11392;13859;-4615;7389;-12016
6017;10648;7784;795;7149
7169;14423;-7672;-9065;-1643;8702
-3507;16152;17995;5851
-2067;-3671;2103;-4185
-9333;2868;-8310;-13177;-16734
-2178;-4056;18426;-8464
15489;15954;-5286;-18331
-10569;-16137;-8297;-15772;-14398
8919;1644;-11422;-15167
-4546;-17219;-1029;15000;-10235;14282
7843
-16041
5089;6901;-4139
-16045
-4305;-8079;8623
14147;2484;7990;-16763
15523;9924;7125;16250
-907;-15198;-4047
-2305;-11476;1891;-8262
-4945;-9458;17746;8618
-6261;10634;5706;5981
-2913;-11956;1844;-11526;1514;11070
-12177;-9106;-1012;13654;-7774;-11936
13060;-7882;-1402
-16932;-10277;-2152;-15546;-17419;-11083
-1009;5797;-2598;16214;-18362;-12014
6050;-9831
-9337;15369;-9819
-7090;-17178
-3789
18273;3795;4724;6596;3176
-5667;-6326
16089
-9346;-13401;7225;11615;11807
6258;-12454;-17386;-8541;7837
-18223;10319
4513;465;3031;9031;11817;7725
14353;6417;4563;-8410;-4910
9189;-13035;-17995;-6237;7871
10640;-1635;3012
16593;-4038;-13001;-7337;-9198;-15519
-12022
12800;5648;5539;11109;12520;-2826
-11336;7503
18352;-6065;8006;10345;1866
-1457;-1317;5670;2811;13181;-2767
-12117;-16248;-56
-16707;-2003;6851;-8375
-7367;-233;15214;335
-1444;-10492;15791
-13267;-7221;4341
-16145;1426;-13653;-10733;16046;6911
-7827;-4836;14389;-4889;-1792;12911
-18321;8257;7206;-1008
-18353;-16850;-17513;-8495
4403;-15803;3437
-6162;-14168;4174
4209;-15283;10118;42;-7055
17382;15165
-7978
11138;9715;-12667;-207
-595;16766
15589;-3511
-2769;2820;-17561;9339;-5148;-6958
-3170;-13017
-1125;5023
13881;8857;5740
8005
14960;14818;4247;2655
16201
-11397;15013;-11464;10343;-14601
3920;-10134;-14762;-3421
15273;3821;-2879
-5954;-15987;-13491;16250;-3917;-9501
5968;-13682;3786
-15012;-16412;-17566
-18385;-13250;-15020;1759
-1588;-12302;-2335
16227
-14931;15955;-15333;473;-13981;-704
-11745;-10935;9063;9672
14118;-6077
16648;3688
-980;-14567;9722;13242;-2174;-17391
-6164;-4404;-8214;2538
-8055
-9991;13143;7001;3131;-12957;-16576
2608;-1332;5685;17430;16439
-2644;-6055;2679;-3626;-13837;3132
12159
-12961;9681;7250
-12165
-8308;5785;-13741
-11778;17394;6051;-14614;15114
-17545;5321;140;16060
1926;5208;939
15011;-6938
16266
-1093;-6984
8078
-16503;-18167;6071;-11993;-12544
-16274
-8091
-7121;14753;13548;-4896
3526;-7722;-3451;15740
-14151;-1719;-2843;10618
15648;3905;-1458;-13796;14714;1374
16293
-4833;6162;-6310;-17351;-2158
-16854;-15737;1897;17339;-12524;1388
16301
-4016
12209
-13478;-15116
-9106;341;3670;-5146;6489;15962
-7027;-1088
-1074;1478;-4427
12163;-11849;-9722;-7370;-11822
9285;-6680;9611
-247;-170;12428;15054;17919
-3681;15908;10619;9852
5152;3107;-4709;-13068;-7758;5054
-5908;-13799;-4810
-4788;13240;-9434;5019
12704;16176;-11305;7371;-4524
-12253;-16367
-4046
-16336
4934;-14969;7529;6553
11876;-7352;-7930;7454
-5192;-11147
11201;-3139;11764;-1146;14045
12553;-14559;10158
-10103;5608;-9418;15789;-14751;4719
1312;10941
4065
-4211;1765;-11895;-11944;14026
8165
-6626;4993;-2437
-15345;-17398
393;11869
-10931;12659;7641;6990
8626;7523;6196;-1062;-1671;17227
-9850;-8572;2508;-16831
-6901;4615;4841;13807
-6486;13063;8487;-6890
2178;148;18136
-10884;-967;10038;-10464
12512;6570;2266;-3566;-13696
-8190
4093
-15986;691;8665;16249;2220;-15935
