14448;-14455
1388;6300;17709;-13103
12337;15841;1138;-7725;-15038;9839
-4108
-3574;-6858;9034;-8700;18302
-13350;7558;15095;-9323
8560;16040
49;7234;-11418
2882;17637
-9938;1705
-14753;-16401;-16691;3477;-5337;8702
-17719;9483
-6341;12085;11415;-8922
-2436;-18090
4210;6514;-8502;-14425;15993;-7934
-6004;-11223;3241;-10639
-1125;3124;-12904;-17432;-9774;13485
-15665;-5867;16539;9853;-5631;-7472
51
12341
-7928;7982
-8248
-4644;2164;-6518;495;12655
-3154;-2932;10243
-1282;11670;2489;4924;10940
7721;-10011;11324;-9104
1793;12681;10173
9168;-7923;17160;-15370;8649;-3419
-13665;13591
3094;-1738;-1722;-7901
-12970;8797
3480;-15850
4177
-12370
4884;-8677;5319;17287;8761;13471
8281
-15527;-5432;-3707
10483;-3881;-12506;-14670
96
1029;17575;-14411
12134;-16332
4724;822;18214;15689;1612
6320;9201;4593;-16660;-11755
-231;11465;17547
-14325;-9048;7562;-4780
-12404
-5974;6092
-4161;-15364;-14437;4215;5051
17121;10180;-2617;-11867;-18269;-2861
17474;-6069;9945;-2874;12910;5599
16256;-532;783
125
2576;5743
-10231;8296;-1452;12508;-4895
-5846;-12522;10044
8324
2291;-4902;713;-1741;17868;-14096
15378;18405;-6008;-1610;-17852;-16640
-12424
17347;7750;-12667
3080;13450
17264;-733
10629;-9479;-7787;-11180;14397;7663
-9378;-6518;-6761;1165;6767;-14096
5187;-248;16601;-13198
157
4255
11921;5779;-17863
2599;-14233;11470
5344;-15586;12052;-18277;12200
16555
-16557
8339;-7237;10053;1307
11696;-15105;-13348;3221;9261
-296;4570
-7716;-11173;18109;9151
-13410;-12293;-3962;17834;7550
12053;-15359;-976
-11219;501;-14406;361
8354;16563;16234
-6241;5690;-16029
-9153;17728;6625;-9559;16525;-13776
13513;15357
10435;5315;1130;-508;-16174
13809;12388;9429;13038;-2528;-4976
10993;10228;-6838;2203
16100;-15895
-16259;-8525
-15041;15251
-3395;3156;-4550;-7289;11865
-3570;3354
-11340;7023
18355;7880;-5534
-2851;-11443;-12868;14389;4182;-8015
-7816;-4698
-3332;9844;5558;11961;-251;13310
-17361;8993;-8155;-14748;-9918
-355;-12294;725;4860;15484
8422
16618
10544;9589;-17094;8445;1039
7602;-9622;-13127;-13255;-1628;-7070
16627
16833;-12888;17196;11870
659;-13195
14896;-4403;-15223;-3710
-6177;5747;-2070;-17047;2472;17323
-7861;14903;-3628;-11856
-4787;8932;-9336;-2766;12303
16634
8443
16639
-5019;17565
3666;-10932;3014;15735;12071;-11002
-12553
-15666;16946;3747;-17181;9277;-9679
268
-4627;-1958;-12202;-10158
-8470
-6865;1235;5431;-5609;-15595;-3454
-17329;1074;-4506
-9317;3989;-13049;18092
-9270;-15096;16764;11982
-1249;-2258;10517;8;-18330;-13550
18001;3656;1947;9451
5328;-6161;4419;12357;-16236
-4564;7780;12269;11902;3998;9870
-12822;15126;14922;-4638
3200;9857;-2292;-13384;8841;-1822
-13315;10915;-17159;-13657;4237
-6084;-14823;1546;7419;11629
13552;17252;-9878;3612;4446
-9526;-7174
4066;10984;6904;15228
-513;3184;-5638;18087;12237;-2463
944;-12035;-10326;-12246;16955
13491;-11962;9595;-2608
17904;-18230
-3797;-2040;-16172;-6990
-11073;-1550
14688;1796;-5238;6278;15578
9166;-640
3810;-261;-3991;-17209;-15453
-12625
-4440
2064;-6509
-5297;-2755;4137;16283;12556
4448
-8565;-10455;-8376;-9823
14241;2164;14037;-1240;-4270
16742
-7218;8147;9527;-14911
12648
-8947;-2167;-18094;12462
8480;-6035;3380;7240;-5418;17291
-9314;-3494;154
12658
1316;-4009;15352
-930;-4035;11699;14883;9334;6285
-15473;8096;9281;-4057;-12281;14808
-16274;-3621;3134
-8570
2288;14475
9303;15658
2961;9713
8338;-14634;14876
17315;-16925
5440;304;-5351
10608;6436;469;8119;7530
13415;-17578;-3035;15658;-15276;15404
-8593
402
3491;-5370;-602;683;-7054;-3840
2821;-11418
8129;6600;10252
-7268;-8183;-9692;8351
-15112;-17312;-8944
-12951;4982;-9192;-5580;1420;-3664
7719;-1180;16990;-13583;6847
-12702
-6598;-8423;2318
-2449;7699;-17828;-11655;7434
9953;2728;-11467;-478;-9343
-8521;8713;-172;8587
-17121;-17383;1319
8609
-1637;14342
-11715;-392;-9707;-11373
4812;-5232
14853;-4438;15259;1853;5661
421
-8616
16994;-8452;12773;-5959;-16138;-11932
-3778;590;7711
7168;-11694
10675;10238
-2593;17361;-14331
12727
-8635
442
-14914;-2565;8278;-8189;-11726
16827
-10421;-7273;18138
7929;8282;6972;18222
16595;8429
9969;-15490;15507;-9535
-13895;5816;-9978;-15163
17302;-15896;7787;-13741
-2327;-8747;15069;4653
4555
-16964;-14328;-11593;1465
7685;10581;-17804
-5425;-17063;-4153;-10687
8662
15825;13793;6364;13645
5926;2280;4559
12767
1;7378;-5251;3559;-14360
7456;17552;-2849;6230;9782;-9018
-13960;8236;14399
10628;17544;17322;13452;-1119
-12775
10293;6486;4188
-18228;-7094;-7959;4120
4965;15160;-11979;-12795;1052;-9182
13813;-13323
16117;5973;13605;1660
-8685
-1457;14237
-15094;-14072
-3333;-13430;-7864;5577;10363
2960;14358;15948
1330;-13126;15371;1022
128;-15170;-3207;-10926
340;-13135
11509;-16112
-3140;-4014;7663
513
12676;4222
-8711
-16226;6897;8284;13855
-17682;16821;5334;9929;5177;-2672
-10483;7975;-6170;-16428
-13459;-11654
8729
16438;-15900
-3301;-18391;7885;9167
543
-11682;-7764;-5365;-88;-4318
545
84;-631
-6961;-11298;1636;-15834;-17243
-4210;5297;-11381;14422;12919;-17596
-17895;-11327
-980;8788;-12454
-9938;-15188
13098;7932
-3409;2600;-14527;-17984
-16674;3140;-3402
12841
-6593;-11268;7173;-2156
369;8741;-12249;-17899
-7171;3778;-6270;10638;-1536
-11697;9824;-4417;10503;446
15783;1834;-8700;-7340;15102;-17248
-3110;9094;13383;-9609;11294
880;-5228;10380;10926
2995;3432;4937;5595
-17434;4203;12653
803;-15573;15624;6572;-7645;17182
13792;-14806;-11031;-9016
12658;-5656;5866
581
4163;-15108;-8021;13707;-2717;16749
-582
-7522;4900;7302
6544;-8067;17525;-7225
-9768;13677;-8592
3395;7036;-12045;1805;14111;-13712
-14277;13685
4147;-8470;-10310;16107;15549;-12335
-4100;6920;5966
1877;16039;3162
601
-602
5952;4801;-17175;1724
4697
7396;1753;-17260;-17069
-3873;-13206;-9847;10888;-958
11958;-12571
517;12153;-13308;-1454;-13870;11247
4715
-9121;15029;17321;18350
10101;-5865;-1195;5773
11472;-1458;-12427;3821;-14318;8190
-17606;5066;-6333;9132;10367
-9762;1876;-17143;-11768;-17082
-4612;2762;910;-11983
-17019
-3903;-13120
-8832
-2401;15251;79
-8838
14091;15230
651
9859;14294;-6684;-430
11732;16212;-715;-10188
-4082;-11204;16282;10427;-2574
-4755
4452;-7509;-14982;-3910;-2296;15390
-8226;4642;14709;-9559;15483
8861
-7673;-1609;-1548;-12000;5775
1991;-15722;-4829;-15086;16382;-7984
17058
8325;-9002
-17061
-5258;5935
3232;-14738;6596;-3961
-12970
12972
-6306;-4808;-2474;-507;14781
-12178;-14210;-11619;-8387;-4075;17002
13526;15849;8190
10966;-5081;-10683
-15217;9682;-16340;-11597
14403;7589;8949;9575;2986;-18220
12937;-8746;11179;6620;-800
8802;-17706
17697;-12517;2406;-6871
8907
9;-2955;-8891;-13456
-8402;5571;-18367
15585;5614
-7994;12810
-5985;6988;-5824
-8918
12907;12398
182;-7897;-3119;11567
2944;18195;9639;16474;2635
17761;7283;1062;11323;17276;15661
-14194;6849;-14983;17496
11473;15237;6795
-4835
739
5065;8891;-9119
-9078;8334
-6899;11738
-746
9473;10548;16436;-5850;11100
-3270;8855;15644
-8471;-8666
3824;5336;-13738;-16656
18419;5033;18268
15827;-4068;11818;1759
-17542;11482;-16619;5530
-118;-13174;10502;2024
-10660;14339;17349;-10232;2343;16301
17152
-7538;2669
9702;-16635;7546;-17772
775
7600;-7891;9748;-9942;14310;-4858
-13065
10985;-17338;15323
6992;-16662;-8951;-10831
14120;-7017;5964
12354;-3382
-12673;11250;3813;6091;14284;-5600
11336;298;-16512
-15540;1413;8792;-7742
-3778;7929;-17260;5006;-4976
1648;-8849;-1782
-12641;10740;14982
-402;-16777
3745;-15896;1305;-15324;796
-642;1029;6521;-4971;-10928
-8883;-148;11843;2085
14224;3350;15643;-17566;1534
17633;-3653;-11847;11976;11273
7362;15302;11370;-16844
1729;-6632
-15378;12274;10695;13528;168
14155;5756;-4029;17693
9943;1353;700;17484
6641;13609;-7676;16908
3137;3749;11832;-18027;-4412;2907
3383;6408;-13853;-3582;16638;-9808
9745;12470;-9111
-4919
-4706;-9577;-15214
-7228;10814;-4415
4927
10212;10372;2871;6424;6764;13341
-6044;4875;-13757;-14590
12785;-7973;1417;-10030;2957
-9250;3979;4427
-13132
-2435;13619;-9044;-9160;9324;-7246
-847
4081;2641;-5459;13651;-2245;-3628
2816;-14858;-17488
-12003;-7075;-17892;-8904;-16424
11694;1455
16437;-7384
-865
99;472;-8827;3294
-18389;8476;14876
2851;-12936;-7455;-12000
-17253
12752;-3490;-17337;-17758;-15998
1056;-15114;-7293
3441;-6738;-14803;-13690;-7290;5439
-2196;-14567;-12782
13620;2405;-11738;10554;-13147;3275
4972
978;-7254;5783;16970;-11503
-7044;-3880;-7661;13452;18300
9681;690;8450;-13210;-636
3713;-7591;7928;5022
16274;-9011;4677;1230
18017;-7091;-4564;-18333;-1200
882
-11097;12924;-622;3774
-9080
-1186;-14339;-13635;-12006;-3622;2938
-14865;-2333;12205
-4994
-16676;-607
13187
4459;-5359
-245;13627;12094
-10452;2372;10982;-13787;8187;-2300
-1880;15738;-1660;17375
-2107;-11088
-10518;12790;599;5128;6698;-5598
9585;-7655;2055;9210
-9101
10742;168;10479
-786;-11382;4775;-18251;4254
-13198
11250;-6134;-11321;11212
5008
9111
8151;967
5528;11784
11090;-11404;9435
489;16829
17321
14928;14018;-14760;-15130
-10274;-6473;-16457;-12799
17079;-1435;-16479;-8304
2456;-1885;-8493;6972
10099;-955
9436;-13309;-2573;-12734;1839
-5876;4838;14298;-12300
8691;954;-14702
18389;-11430;-11035;12746;-7709
-535;13791
-2001;-3283;6252
15844;-6684
1265;-16171;-6544
4240;-8937;3341;-7807
-17356
976
871;12398
196;-16182;-16632;-5968;735
11184;12033;17478;-6941
-2073;2171;14908;1277;-3007
9185
11248;-293;-15657;3704
-17385
17384
-6930;5620;309
14231;15447
-4305;17600
6451;-10469;-16443;8252;7103
13589;-11451;-7246
13168;12386;14550;11386;-17709
-9841;386;339;18324
-15540;-5864;-9160;15436;5918
5031;8873;14234;-6637
-15059;17671;3193;-6827
8982;12520
17407
-10725;-4710;14409
-9137;960;13249;-10023;-8363
6984;3816;-8780;-5149;-7790;9887
12448;-1378;1174;-3021
11428;-2204
-1034
13137;-13395;9486
17904;4465;1299;17270;-3038
13326
12722;-9398;-759;6153;-13853
-18273;5362;-9095;11703;9262
-3334;-9997
14209;-14826;18047
-1047
9239
-17681;16978;1859;-14727;888;-654
-6593;-1954;-8580;11982
-9734;14879
14149;-8171;18154;5659;8124
14118;7416
17552;9699;18132;2165;-18365;-15840
7793;1206;8440
2290;-11017;14475;653;15135
433;-6581;15397
5666;15871
11409;7796;-3351;4982;2681;-6076
-5010;-12579;3346;17496;10094
-613;4665;11962;10589;17214;-1792
11241;-2958;17358
-13634;-3817
6437;11017
14481;-11492;-16348
-9315;-5227;-14555;11692;14670;1663
8868;-5449;13993;46
-17319;-16528
12946;-10755;-15093;11819
17841;16011
15187;17829;9816;2525;6239;-1360
2583;-18088;-10329;1450;6555;8542
7120;11733;-12250;12347;-12669;3005
-1095
-17873;14280;10824;14345
1100
-8282;17676;16285
-13394
7287;-4859;9595;14174;7679
-9796;14259;3174;-8748
3792;-8338;14691;9686;-14743;-14395
-8609;561;-5357
2787;4275;-9800;14413;-6462
-8690;-3829;-4824;-4255
16515;13275
-14178;4866
11651;3044;2809
2627;6687
17509
-13414
-13826;204;14493;12542
-4610;5066;12958
-2875;-10541
6080;9682;4147;9381;13847;15335
2981;5483;859
-13969;549
2932;11017;-6875;11404;-8142;7181
5156;-5864;8377;9849
3024;-16261;4615;18232;-284
2227;17956;-9029;14557
15249;-5911;-18343;-4666;-11435;15775
9072;4032;-13079;-10462;4510;-7503
-1958;3099
15554;14404;-10653;14605
-2066;13492;-12572
-18210;4040;4829
16912;10886;10217
-1939;-7408
4328;9116
-4483;13044;18084;13065;11130;-12815
3351;11064;7230
14648;-13468
1344;-18132;17971
18416;-17175;4103;-14720
-1184
-17570;12287
-17574
3185;-17573;15578
1889;-6440;-4056;-8968
16704;-15511
3088;-9705;-5337;-13820
-13586;-7715;3940;15189;-10521;-13082
-8966;-441;4104
-5729;-14211;10057;-3310;3790
-9782;-3720
-2517;17897;6314
-13411;-93
-12761;5580;12494
-13510
-1223
-12593;791;-1709
-2690;9107;-4601;-5434;-14395;-7791
7955;-12598;-11894;7462;-17947;9405
-13525
12546;-14299;-15871
13334;-3207;15693
-3441;12885
-3218;-4163;-15397;-12124;-11166;3854
13543
-1261
9728;2656;15029;2519
-1282;1398;4267;-3117
3802;8429;17710
3914;17839
6547;-18262;11461;13398;-5465;1788
3965;13694
5376
-15202;-4182;344;9567
9477
13573
9479
6593;-917;13156;-15928;-6842;9322
16013;9855
14885;-15640;-1066;5837;9567
5392
-5393
-16931;-16357;-3702;10204;13199
15080;10795
11409;1154;-13867
9739;12046
-1560;15992;7353
-10546;11852
13597
-3112;6744;-9609;569
9254;-9260;4171;9437
-9602;3991;4714;14348;-14766
-4052;-17928;7323;9243
-17554;15640;-12351;17247;-12496
5123;-18038;-4793
9516
-3796;-8;17417
-6902;-201;-14704
-18198;-11803
-13617
1328
6067;6852;10838;14492;11581;8845
5824;-6913;-4340
3106;-2645;7737;-9533
1673;11949
15272;-4313;-4122;10889
9535
-4866;-4671
-10404;4958
-13285;8214;10279;12527
8135;-8329;13833
16880;1145;7903
7265;-9139;3226
-3025;14866;10294;-3578;-12811;-15293
-2711;3499;-17438;15295
-1746;-10164;16947;-14712;4855;14367
6339;6871;6632;-7113;-10202;-16171
-18012;268
-12510;17965
17743
-17457;-17622;-8376;17562;-45
5077;1801;-234;-10797;15469;10526
-9186;-5482;-7181
-13658
9894;7863
15298;-10404;-8602;1546;-10799;14335
16454;-441;-14635
10522;3148
15011;-1339
17025;-15640
9579
4625;11197;1950
1860;5078;15176;1579;14559
-15361;5700;-8886;-15485;-16510
4706;5557;15991;-13549;3070;14286
8177;725;-11001;-12365;15727;-2656
5488
11862;486;-6141;-4813
-2530;10098;-14248;-7692;-11600
-18098;-13587;16802;-17860;-2091;17052
9592
12960;1312;18157;3918;6014
5499
15901;18271
-13121;17870;751
14741;10792;-16333;-14702
-13494;-6198;16250;-12843;14879
-1407
6336;-3511;2679
17795
4420;-14390;9288;-8653;-16654
-8163;8626;-12581;-3417;-14986;-7756
8628;-7978;17148
-9729;10225;15859;-6502;-247
-10356;15299;-14551
-1416
-6466;-6022;13079;2041;15167
8226;9575
-7114;5695
16736;17636;-16487;-7128;15324;12204
-14938;1228
-17807
-11191;-2472;8777;-17021
-17812
-5524
7491;18326;-9416;-17980;15295
-7585;18242;15304;8956;-9743;-15552
8882;-8167;-10727;-14188;-5903
3239;-17260;8493
5531
4208;14289;13189;8950;-5100;2764
-5847;-16071
1438
-17618;-2131;-5126;4121;-4941;-4416
-7204;-5293;-17615
-14184;-3644
12017;13876;10293;-10455;-3804
490;4319;13023
8256;17345;11188;14729;15470
-6809;15528;-3168
17840
-10642;-15392
9168;-5531;10109
-13748
-13389;-12655
7363;-14870;-16827;-14000
705;-6272
-13760
12498;-1099;10554
9010;-7207;-15568
-4041;13709
-11139;-10823
-5582
-15777;-15541;-2941
-17969;6896;-1635;658;-17608;-8698
-8148;14643;4648;2636
9665;13644;-1327
5746;-13028;-2413
12368;-15445;16361;8700
-9698
14114;-4412
11571;-12022;-10343;3735;-7596;-3248
1360;-4819;-16805;-1736
-8643;-13028;10451;12739
161;-17234;-18345;-17897;-9997;351
-10721;5103
8483;8116;10919;-27;8587;-1789
-17393;627;1093;14261;10091;13327
15393;-8601;13547;-2573;-9550;5599
8720;5923;-9606;-14889;-6554;17934
-1351;14423;17129
12308;-5879;14202;-15006
-12596;6968
-10555;156;16030
14129;-2873;-16889
17984;16497;-5036;7771;-7007
5444;-4390;4168;-618;-11786;12815
11120;-804;5753;1853
-2513;-11940;-13430;9606;4214;-3868
12084;-2343
-23;7177;3659;-15229;18254
-11462;7242;7626;-4957
7732;9125;9271
13841
4225;-5940;15891;3844;5721;6490
9681;1954;-4742;2619;-17615;17855
18134;8007
10115;18052;-4501;3204;2167;-6989
625;-16101;-17019;14541
-7144;-13963;7835;-12877
3040;-16740;17045;17574;16856;-11626
1576
10449;17269;-12665;11100
-2535;-18298;-17611
9174;3448;1245
1584
-2465;12784;-11911
8181;4679;4824;-16092
-12913;-9163
-8306;5329;4572
3765;6024
13888
-6835;16632
17634;-8644;-3284
9802
5027;17863;-11423;2431
15824;-2382;-15056
-1615
15475;-12774;1318;3630;2159
-12740;-13454
1619
10961;-14994;2859;17276;-2192
13796;-15813;-3703
10673;-12215;-2841;-1339
-13915
-8741;-12677;11595
-4724;838;10582;-8328
-2434;18132;1716;-4312;-7375
-14610;6200;-18332;-11759
-9831;-3768;10632;12796
-1320;17927;-6778
-580;16394;-10379;17453;11517
-9837
-12019;-6011
-15490;16209;13214
-5990;15831
5748
-14292;-14180;8647;1383;7353;1243
-18038
-7107;-12452;5652;-8229
9617;1937;-3811;3029;16042;-8768
-11700;18102;8647;-1096
16481;15716;7382;-13335
1669
5768
1201;14788;-4630;-15831;17021;-18320
18064
-2337;3538;789;-14631;-7047;-2473
-15108;-15247
118;-462;14318;12287
7842;-429;-17296
2625;15450
-10162;-9916;-12623;6431
-5791
13985
9890;14659;4197;12473;6283;-13036
6582;12039;-7673;-1055
-13990
-18087
-18307;-7973
-12835;-17542
14401;-5732;-10375
3121;-17255;9818;-13774
-15379;11156;-14726;-17592;-10223
-5805
1988;-18138;-2778;-11454
3793;16281;-5083;5933;-12382;5455
-8867;-2676;17353
11345;-7347;1466;-11276
-4914;-17285
-2306;-12244;15844;-3301;1270;14743
10433;-16250
-7345;3298;16345;7374;-9760
-17267;5815;-13017;17244;-14128;15535
-2178;-15928
10456;10889;3962;-5292;7740;-1456
5090;1990;11544;1129;-11357;-6671
-769;4641;-14514;5506;-17072
-2145;-11872
5399;8621
-9925
-9095;-3691;13339;17566
8332;9566;8415
6672;-13586;-5554;2537
-428;-4446;62;3070
-1743
-14034
-2596;16020;-10086;14518;1990;14670
-17267;12994;5339;8620;8446
-18135
12513;9717
-13746;16881;-50;9656;-2794
197;-15543;-13486;-5982;-15039;7135
-1321;8232;-16862
-3046;7980;17308
-7238;-3383;6486;18191
1769
15556;-15159;8454;-11743;1119
-15281;-14419;-17108;-27
5849;16411
-1363;-9098;-11802
13906;6982;-8125;17213;8670
7249;16513;-4962;614;7991;15338
-1786
-15560;13772
-5858;11059;6237;6734
10213;-9718;-12440;-5402;-13118
9988
-8216;-14062
11089;8951;-6120;-12122
-6424;-10056;-1896;14264;-9193;3310
11504;10629;12441
-18193
14096
9121;-2723;-2198;1707
18195
-3489;-13406;-9504
-15369;1258
-10578;18197;-16488;7528;7263
9594;-15518
-11427;-8662;-6494;16493;11918
12720;-6129;2321;-1368;-9468;3756
-9073;16049;15336
-3747;5250;12456;-3934
5761;-2374;15304;11821
176;11398;11624;-876
17776;6195;14598;-1912;-10238
1940;-12791;9006
17842;387
12212;-6270
-7793;-7554;-5396;-9989;-8396;414
-1851
9361;-16087;-11515
-8916;-17349;-12458
-12275;-5972
10802;15506;9529;2891
2982;6573;7133;-16574;-6080
-13761;1606;6187
14118;8120;-6043;11453;-1200
-16978;14166;-1399;-15306;9449
-11319;-8187;1243
10075
1884
-3457;16700;-3166
-5251;13731;-987;13405;5325;4334
-4932;8884;-2664;16984
960;-10947;-4190
8704;12839;-11611;-15920
-7858;-5187;-16168;5801;-4493;17820
-13746;-12069;-14917;18358
-14183
14182
1264;2865;11379;14889;12715;-8445
7585;-16548;8005;-9002;6587;1468
10096
-16049;14247;-5659;17275;11100;1471
9329;13250;-1637;6054;2726;857
3809;-12356;11930;-17584
-14207
-12442;-17882;-7708;11021;-7679
-8977;-1;-12658;-4863
-2483;-7632
5297;8914
6019
-17857;16134;10824;3305;-10603;123
-16833;-7107;-14855
-12395;6366
-6306;2658;-1076;-17690
18318
13473;-7813;9001;12859;-13296
3862;-9896
-10132
16257;12037;6751;3759
-545;-6853;5290;-7116;-5007
-8455;10399
7825;-1784
11552;-8243;3331;17111;-17707
4960;7235;-7398;16922;717
-10055;16825;-12827
6002;8987;15582;63
-4597;-6038;8671
3504;15778;8501;-9431
9600;-502;9254
-18418;11558;5358;3471
10129;-12101
16661;-4406;-17608;-5612;-13104;5711
9633;-8066;-12308;-12276;-268;4925
-11121;17195
-13041;-7320;6697;-4699
-5523;13700;692;8024;13758
14267
-4978;-12968;15966
-1981
17091;12372;5557;-10407;18330
7222;-14552;3335;13051;17691;-8380
3443;2215;2457;10254
-2769;-8923;1163;6637;-2192
-10184
18375
4373;-14519;-8808;6618;-10141
-10481;5204;-16576;11663
-9042;4275;-17711
17289;5786;-16976
-5540;15736
-9779;3672
-13457;-14433;-3046;16374;16572
2452;16148;8568;4441;-9116
10207
-7857;-17126;14551;17784;7196;12045
1552;-9509;-7862;6841;1611;-15132
-16146;-6633;-11484;-8718
1408;-2854;7173;-9158;5453
7666;5784;4959
-7892;1258;15980;1902;11263
-12865;-9647
1687;-7820
-9875;-3927;-525
14328
-14334
-17575;3240
10239
3427;15006
16193;-7783;1831
10032;-1252;-15046;12443;-9213;9183
-9109;-5232
4692;-10841
-14345
6929;8674;17735;-7902;-15183
1857;12456;-15530;15567
-9843;16003
-17843;-492;8078
15665;-18246;-15872
-17154;-1192;8393;-1306;13327
16649;5900
842;5327
17584;4970
14364
10273
4769;-17602;12130;-16678;-11547;2268
-16273;14856;7597
-11553;-4162;-6837;-16089;16073
-7077;-18155;4907;1853
12771;-16022;1162
-5245;-5038
12221;-1936
-5154;-12245;-9413;16526
10286
6657;18098;2278;-4459
-3698;-16775;-17704;-8462;11775
2868;6757;14917;11258;8492;2862
6198
-6547;-4581;-15382;6135;16846;-14960
-14306;-14211;-2772;-3910;11033;13865
-8817;-12450;15059
12817;14609;8962;-7203;-4998;-5691
-6211
14405
-7467;-15131
-7649;465;-14073;-17728
-3236;-8868;12599;-14912
17506;17315;-14597;-12650;-10764;-15325
-7715;-5718;15564
-10561;-5157;-15291;4300
-16773;-15799;-2090;-12540;12301
4147;5204;4773;520;-13917;-11056
-3617;-10810
2726;8042;11851
-12979;-13101;-17022
8386;14236
-14004;8393;7753
-4465;-14836;13812;12742;-8441;3338
9543;-3296
-13141;-1733;-17113;16170;9565
5521;5619;11926;2150;13807
-13988;6821;-4438;-6942
10372;-10699;-14125
7297;-12248;-17705;12299
-12657;12800;8569;-14976
-7825;9996
-2173
-1573;7637;13226;-17116
2175
11970;-900;-15111;17723;8973
2180
9029;-9869;11213
-307;-7252;13882;4474;2171;17885
9569;-3923;-2836;-16837;-445
-10379
18208;10420;13210;17693
12385;8114;-6023
-13766;18121;14222
-14487
-4068;6266
-3618;1041;372
9649;1827;1273;-7451;-15741;8238
11876;-17606;-4585;3033;13583
-10401
-2648;-17740;14079
5874;16502;8510
15298;-14419;-11556;13629;-17455
-4068;10378
15363;-804;7;-12350
338;1106;4995;2051;631;9480
-1457;7771
14688;-16907
13618;13972;4007;11147;-4317;-15728
-13016;6696
16944;-5303;1350;1528
-2232
12192;7233;17634;17735;12365;-11678
-13058;2629
1731;-15503;-17152;4111
-8647;-14080
-10034;4635;3151
-9554;11113;-284;5068
13168;9841;-16503;7820;-12078
10802;-2940;-16252;14735
16900;1734
160;-16882;-15845;-13078;10623
10914;15321;-3868;366
13746;853;4472;-16816
-484;14260;-11520
-2021;-4183;8463
5968;-12949;-7568
15816;6904;28
4225;-1957
7953;-9223;-265;-13024
-13714;4856;10121;-3534
-5156;11523
-1591;16151
694;-2396;-4670
-5425;5137;1618;12355;-1004;10075
-1621;9366;6777;17981;-13934;12381
6377
-1044;-9430
-4747;15596;16015
-4340;9556;-12923;18188
3020;-17600
14579
-7396;612;-16007;3319;4889
-6392
-7921;5762;5174;-13503
12448;-13547;-9390
10489
4707;18072
4034;4724;16728;1390
-8437;6919;-17566;8591
-3859;-12693;-8807;-618;7290
17248;16241;5259;-11869
-211;15284;-56;7772
-11591;-15881;-16203;-15980
14598
-9362;11138;12854;8104;4155
-4691;5721;9082;16779
-16323;9683;13925;14534;-11310
18129;-2087;10856
6945;11317;-5383;-10555
-8194;5859
10448;1106;5941;-6601;-7389;15213
-9953;-5475;6744;2251
-2344
-4049;8197;1017;5371
-7750;-14583;-8684
12034;10792;-16587;202
15305;-9983;5215
2345
11068;-9054;-3887;-480
-1987;-5988;-3350;8967
9815;-5064;12187;1803
2360
15426;-8148;5013;-14652
15554;2520;4766
11238;-937;-3867;-16991
14327;327
-16545;5315;-15620;6470;18007
10802;12057
14802;-14324;-13494;15605;16174
-16056;5480
-14672
-10596;-11700;10725;8839;7096;-1981
13712;-234;13659;-11567;-15264;14367
-263;8599;6023;-2623;-1152
116;13319;-12697;-18283;11819;-4860
3952;4972;-15422
10594;-9908;6499;14518;8278;5193
12390;-5288;14744;-13839;-1504
-8123;-8268;9884
2737;3770
-15441;-12326;-11513
1327;-7840
2736;11107;8627;13653;-8185;15438
6514
-4721;11441;-2292;3753;-8570;-2031
14421;-12000
2423
-13299;11651;10053;-11996;14207
-7441;-49;12338;1703;-30
9330;12330;-7884;-10943;-9360
-3413;17109;-11264
9586;17362;3029;-7819;-15629
2034;13812;2972
-2436
-6541
10638
-10422;-12508
16289;10322;-6479;10990
-14745
-3363;-7957;16506;3310;2158
10658
3489;8386;-16741;7142;2023;14556
6569
153;14618
2493
4976;6441;-18012
10691
-2338;-5595;-12044;-7100
9074;-15671
-8313;-6477
12152;17849;-9886;-94;-17519
-6745;16843;-16701
15825;8660;-4793;-4893
-8962;1848;506
-6723;-16645;7541;-16790;-14955
3202;-925;-16750;16990
-9105;11331;-10391;16583;-3293;-2608
3632;7304;-8409
10161;-8194;-10454;17531;18059
-3155;-18072;-713;-15598;-18239
12465;-2853;13461;5991;-11851;-10588
14114;14853;10806;4614;15487
-14452;-16751
-3746;2550;-11272;9002;18287
-8471;-14284;3835
14825
-13538;774;-14425;9481;-4413;7294
2094;8639
18306;-3476
-10741
5286;12583;15144;-18175
2553
-18145;15187;14965;14585;8730
14595;14787;10824;15597
-13706;11146
6655
531;10405;13447;-11257;16029;2078
-10757
3152;15796
-8167;-10784
14310;11049;8298;1677
13258;9791
7696;-12723;14488;4553;17229
2083;-16956
-12450;5491;-12045;-16654;-7888
-10374;17320;12024
5412;-2742;4954;-5036
5411;-4535;9671;8429
11282;17395;-2740;15636;-10775;4569
2209;13655;-5066
-12370;15447;-11336;-2091;17053
-6242;16148;8133;10201;-13343
-2743;3271;-15705;-3820
6480;-2153;6905;-12282;-1563
-3332;-8085;9943;15674;701
12866;16139;9260;-15168
2621
-7144;13868
7042;-2071;9946
6309;-9482;18091
-10823
9009;-18153;-5775
307;7686;-15310;8797;-8207
15712;6524;4972
6728
-14184;8024;12891
12208;-10717;5246
-14931
10835
-5187;-6211;-5350;-12808;10523
12905;-16604;12011;6636
-4977;13378;-9846;-5718;-13437;-2542
816;6193;-7012;-16885;9243;10316
7942;-4473;1866;15738;14367
-8913;11447;-4904;10940;11917;-17807
12390;2582
-14980
1394;4995;-16684;7596
-5854;16749
-9704;-13706;-12190;-10464;2399
-4162;16997;-17414;14437;4104;13322
-18312;-12556;3580
6808
-17745;-1099;-255
-3652;12645;-12230;18188;-8141
5013;-9096;-3964;5326
-7836;10557
-2337;-11658;-17405
11216;52;13960;-7466;-6842
5957;869
-9827;11075;5523;-14104;8090;6078
8720;-11073;14738;-10359;17098
7824;-3019;-7547
-6660;326;-18267;-7823;13294
8932;3783;13223;-14345;-10491;9838
2194;12842
-16689;-401;-13401;15451
17602;7976;-11689;-3897;13241
-5738;-15435;-6158
-18067;6295;-11464
15044
-2770;10
12257;-15032
16163;3523;-283;8219;-8463
-7683;-13925;17526;-6887
-15685;17093;-8283
-1637;12215;-13357
-2781
16130;9299;14826;6940;-14301;2654
13282;6694;-12248;-12569;18377;1534
12166;2909
-10757;-11415;-13389
16371;12073;3789;-8960
10194;17175
15287;-202
-17331;3434;12251;11356;-16605
10163;6611;-10613;10717;-6318;4527
15087
11010;-4680;-9134
2806
-13593;-9695
2171;17023
-11007
-11010
9737;16921;-15647
17792;-15158;17847;9865;5242
6577;16326;12809;-17740;-301;9727
-1345;-10552;11591;15416
8768;10439
15112
17877;-10590;-14208
-3955;-7576;-5261;13964
2828
11060;-3558;1301;11676;-17726;-13774
-7955;19;-1545;12315
-3862;-7322;7177;12557;2478
-4497;6614;-4955
2838
-12578;-8451;-8953;16266;2683
-10790;-11415;-17006;-4590
2841
2738;-9680
1155;-12197
3425;3058;-13430
7137;-13384;18408;-1119
-10987;14860;9756;1518
-9542;-1511
16081;-371;-8752
-6963
2053;-7430;-17736;-16622
15162
11840;-6212;14420;7449;-46
16115;15435
11070
16064;-13138;15670;7447;-6779
-14900;-12024;7657
-15175
2674;12802;13538;8691;-14952;8811
11088
-15185
1536;8931;3813;-1992;8071;3017
-7906;16275;547;-296;14761
18195;-2350;-8847
-11101
-3364;10039;12619
2912
7013
13030;-6007
6290;5980;-5247
2929
-15219
11155;8159
-6117;-3575;-9624
-12370;-4922;-4272;-1856
2688;789;-11497;-7210
-6545;15905;5380;-5545;-4122;6062
4514;-6083;-9974;-553;11021;-18255
-15633;-17989;-17303;12183;-13359
-6035;-4051;-16936;5691;14284
2202;-1676;6523
-17570;2327
2956
2958
-4708;-18086;3451
1656;-17179;-12094;-4159;12431
-12918;16747;7324
14517;-10486;-6871;18092
12628;-15046;16727;-4874;1134;591
7067
16425;-13454
-18404;-11413;14554
-10486;3415
11383;-8409
-11027;307;-15480;10936
2977
7427;-8180;4245;-14712;-4047
-4805;-8904;1740;8988
4001;-16104;10392;5689;-12732;5772
17440;18209;9206;-16648;-12936
11892;-17241;-733;-3438;12509
12833;14733
3280;3;3806
-3330;11092;-2439;5864
355;6341;647;-3928;8202;-14619
18344;-1241;2282
5056;-12155
7520;-15026;-7912;15948;13869;894
13505;13714;-9476;8069;-6923;-7692
-4900;8244;14646;13687
-4401;8878;-7488
2816;8247;2232;4201;1903
-7113
-15793;-3908;4789;-6380;-141;18415
-15306
3019
-16947;-6857;-9945;-7228;-7100
-15310
15920;-10263;-16921;-16334
-17398;11493;-4104;-6664;-6831
-3043;-8259;18423
11313;-4322;7235;3668;-9928;3256
4176;-129;-1668;17686;-4745
15571;15625;12798
-14011;10974
11890;12133;6245;-10844
14387;-2084;-8230;-7896;781
7137
-15954;7143;15080;1883;-15293
-65;1111;-477;2476
13716;-13527;-15723;5451;2828;-16272
-13190;6046
11239
16261;-16071;11032;13482;-18140;-17805
-16884;-10742
8929;-16075
2162;-7207;-9752;-15421;2590
11244
-1637;791;14654;1535
-15923;-10356;14948;-6390;-14155;16527
9648;13523;-1272;3420;-14064
15360
-1410;3666;-11924;12742
17650;15334;-13448;11687;10013;-17680
13236;10055;10090;-1630
-6690;-6323;-10428;-12414
17636;14600;-4573
3412;10745;-6971
-7191
-13892;14029;15246
-1697;8892
13492;10893;-17183
-1061;9590;-5080;-17512;3816;13356
-19;-5241;4536;16123
17233;-4842;-3725;2638
11332;-5801;5773
11009;-7604;18408;-10507
15405
4149;3065
-11204;-111
-2628;-17428;7932;-17501;-2174
6185;7962;5375
-2092;-13344
11343
-13234;12609;-12019;-5990;16614;-17517
-6963;10918;9357;-1968
5515;-16860
-12546;11091;-9275;-5309;591
-17542;14378
-17741;-14096
-13766;-6670;-15502
-7266
12979;11092;3675
10801;12487;-970;-5866;-7947;11055
-15506;-4057
7104;-9697;-9885;-7088
15470
11376
4098;1112;-15738;5323;-10270
-5601;5586;-7848;-15818
17920;-10533;-90
-338;5189;10645
-13700;10229;2742;-10823;17786;17454
2272;11972;16469;-16590;1870;-12784
4593;9208;-7034;4639
-6510;13821
13392;-5127;-5049
-16212;-2452;-1819;11548;-12157;-14893
-7313
-15633;786;5140;-1000;14569;3452
-11411
2658;6167;-16106;10029;-14159
10976;2534;-16807;10616
10657;-16276;2393
-8770;15577;3929;4059;-15774;16494
9330;14171;4318
14529;17393
6518;3020;-6287
16289;-7634;3011;10679;-6810;-8188
8708;-13558;13452;-15950
-15654;8406;-11641;-15770;10927
7348
-7605;255
3255
-3810;9428;3592;10238;16575
12528;224;642;-15988;14822;-8969
-15551
-3365;101
-14360;-11453;-2957;-14672;3311
-2034;13476;-15126;-16763;12190;4990
6993;-10852;6371;-6805;-17253;14183
9575;5980
-11461
-11464
-6322;7652;9434;700
-17681;6214
-2507;18074
14128;-6802;4899;-12601;13244;2701
-3681;-17250;-14463;7535
2016;-10936;-10474;16109;-14911;2623
-17937;-9924
-8231;1400;-13145;-10602;2715
15575
338;1155;-1866;-8141;-17597;-9949
5985;9594
16512;15455
16933;10940
3297
916;6684;-4302
10704;-12102;-14377;9500;-5728;8703
14784;-627;4435;-7097
-7234;16209;2882;15688;11385;-11051
-2195;1762;13283;-12360;2813
-11499
-11820;318
-2307;11300;17143;6280;-8624
-14738;15336;-16208
-9777;-13784;9899;-14239
-6182;-9322;16186;-7660;-4540
13779;14124
-6595;-4724;15162;-12316;-3565;4607
-4536;16730;-15581;-4048
-8156;-11567
6850;15397;13996;-12416
-13601;13346;-2836;7507;-10373;9305
-9954;4090;-12334;-3055;1519
-11543
-6566;4298;-1087
4113;-4770;-11845;954
3905;11991;-8141;-4399
15647
13365;14694;3305;-11343;3823
-15281;-8310;13663;6559
1594;1775
-7489;16531;-15589;-920
3137;14149;15461;-4798
-10233;6857
-15666
224;-1458;-17250;6911
17058;-7590;-13783;-7261
-15586;-3032;5176;-3003;-3454;16510
12416;-7157;-11750;14679;-703
-1974;-4039;9750;-14759;14412
2999;12695;-13
-15203;-12836;8261
16560;-4609;-8556
7842;4323;12597;15497
-6906;-11691;-13150;7871
-4290;11782
-7540;-2341;6473
15699
-10513;10042;17851;-9872
-12612;1006
16151;-8986;16729
-5234;-10915;22;-3672
5221;-9144;13722;-17311
-12436;-4725;8980;-3323;-11485;-912
-6359;-2410;-15914;11708;-2735
-5828;-2233;-16460;6092;6813
6129;868;15610;-12831;-6351
17399;13148;9743
-9045;-3514;9131
-11622
16226;-13942;-6681;-9754;10718
7548;12271
-4081;10899;-726;-12316;13758
1793;5742
-11154;7865;6619;4205
-11643
-11647
17761;-2345;9882;6829
4480;-16377;-11274;-13054
13461;7578;-9391
9208;12906;-8397;2029
9472;3331;11927;11496
-10410;-16443;-9374
9841;-1941;-3606;-9558;1804
5697;18;16570;11804;7196;3134
3296;1715;9030;16823;-13418;10590
-13857;-13351;-17215
-5299;-17524;-1120
-4387;-12213;-11440
-7560
3467
-1518;-1952
-7650;5422;-17632
8320;18002;-2595;2002;-16840;6877
6851;13016
3978;-18013;17519
6434;15250;7734;15062;-3404;11565
12881;15110;16458
5281;1953;-14843
-14836;-16650;-10587;-12064;17855
4596;16745;-17822
6698;5018
13553;12033;12055;8732;-9935;-4239
-4151;-7099;-16060;-9580;-15790
15168;17031
-1092;-12677;-5493;-14969;6121
-3761;13440;14051;1524;15144
3535
-9460;9479;11708
15825
14581;13533
-14615;-1213
6081;-8277;-1045;-5694;11581;17278
13008;-9124;11948
7652
-9458;-14037;-6571;11467;-13630
15841;-14277;-6599;-6717
-13526;-7543;-15259
9249;9635;17108;-4902;-15241
-3650;2632;-2544
-14274;3735;12841;8428;-9405;10431
-10626;-1673;542
721;-1147;8091
-1956;-11557;-14134;17685;12662;-6272
-3733;-8032
15868
7921;10439;-8730;14430
13648;-17361;-18101;16490;13007
2512;722;1716;15370;-9052;-7680
15584;10344;8094;-5856
-3617;-10362;-1902
12560;4658;-16867;15717;8005
10007;-9581;11359
-629;-2694;9707;8299;8270;-15263
4531;11353
-14722;4083;17844;-8090;-17723;-9565
12838;-5145
-15887
-6339;-10490;12829;15791
-8737;-3056
-17015;10022;-10072;1175
3603
7703
17504;1936;-2435;15274
1490;4579;-8973;3196;-12095
5040;7339;3519
-15901
15728;8364
3616
-849;-4710;-8598;-13369;-17674;4718
2295;-1803;-4111
3859;-4212;-13532;17503
7415;-17338;14937;7595;-4893
11815
-9813;3321;-17615
-11233;-8914;-10162;-17090;10022;-15402
-13363;-10211;-7752;-3130;10348
7067;8859
11831
9139;5319;1469
-18362;-1664
-8674;258;-7924;3111;17516;-12030
-14982;14582;14862;-2623
15938;4104
-9094;6215;5226;-12845;-5453
-11858
-6817;16788;7604;-9814
-9863;-10190
-11041;10376;12297;-2298;-5661
7184;6549;-17272;-15803;-6461;-10640
4385;-18153;13659;-7663
11162;-7487
-13606;-5273;-2938;14044
2436;5336
-6193;-5556;-16565;-3782;14678;-14935
-7906;-5149;14717;-13536
-11270;-361;11832;-16666;5164;-4669
-15971
-3541;14967;-9966;14510
-9940;-10420;-870;1160
-3690
-16913;17425;-13923;291;-3082;8415
-161;-17589;-17590;-13400;-15964;-12718
-3696
10419;3091;17494;-15021
-7956;-12126
7920;3762;-13060;11445;-17862
-17202;-4683;2492;-15741;5996;863
-4184;5544;14123;-9454;-9728
-6290;18018;16549
-769;-3336;9145;-16939
-421;12486;8025
-9912;15898;11341;11854;3199
14117;-16393;18105;9741;10157;13039
-9490;17635;1107;-3013;18262;3788
-16999;6072;-16284;9004;380;5919
3716
-17793;-15316;-15640;4712;15226;-7677
-7817
12608;11635;8151
-14067;3816;-9337;7673
-5092;8597;-2647;13194;15054;7391
-3618;8169;3275
-16227;-7577;3688
-1573;-10352
8208;3930;7979
11872;-9731;5285;-1977;-9193
8754;11156;5029;-17114;15
12417;-725;13285;7305;-15595;-655
-134;3655;-14697;1900;925;16191
-3592;-16539
4180;5048;11273;-2622;2255
13622;-5775
-17864;-13289;16152;3055
12420;-4876;-10845;16668;4350;-13951
8821;-10295;632;15131;11340;-9568
963;9541;10902;-8459;15868;7726
-4690;-14565;14918;-15822
-12450;8067;-13784;-15433;-13786;2650
4901;-11239;14151;63
-326;16397
-6771;14653
499;7187;9925;-16617;-8442;15338
-10757;5718;-14249;-894
13697;5027;1224;4331
-3377;2913;371;10164;-6270
14864;1226
-15589;7687
-15207;17111;14190
3265;-4052;5684;9542;-2440
-4833;9873;9848;1433;5034;-5259
-7909
-17505;17042;-7452
2068;15880;6350
12673;3434
-10297;2380
-884;-6279;16759;-474;15178
1141;10875
-3706;-4220
-17988;8574;-2608
12818;-1945;-1726;-1215
17940;10932;-4555
-12529;6772;18421;11655
-3841
3904;2817;3633;7187;3372;-12976
13035;10924;18174;6767
3844
7942
-3848
12046
-15156;3012;11845;13846;14887
2947;8533;-15341
5266;12948;-3838;9967
-12035;-16472;-1033;9289
14232;-18265;-16506;287
11680;-2369;-7272;6605;-12512
4289;-4917;-14651;-13167
4369;11925;17831;-17968
1924;11412;-1287;12301
-12063
15955;4374;16311
12354;8195;16092
-4967;8841
-3879
-225;-2388;18228;-4037;16421;16839
16240;3288;9848;8842;14799;-8176
-6290;-13684;-4568;-8668;-6910;7565
12806;11559
-17161;-11483;-3917
-1014;4902
17009;11111;-12185;13258;6412;17437
-12468;-756;-16342;9290
-15778;6727;-6041;14362;-10573;-13070
-2629;10709;8982;3215
3894
82;11749;-11062;-4038;-8456;-4458
-7992
-3897
-15894;-12217;5577;8842;-1039;10831
-1637;13717;13549;11039
338;11757
-5847;9352;-4989;1292;8206
12111
-5734;-10475
16327;8171;8095
-16451;7401;17067
-12930;13094;13562;-12220;14703
-15478;-10375;-6744
-16214
-16900;13172;-6535;5240;-2185;11135
-8706;14499;-8632;10863
3718;-13479;5831
3933
-15814;-12700
-16229
-12135
12134
12707;-11659;-4992
6450;8825;5884;-13118
17057;15109;5177;3466
7984;-16888;3368;-3773;-2832
-15171;3028
-17249;-3379;16678;4329;13675;14479
-1731;7826;17396;-6170;15310
11122;4084;-9580;6621;-16511;12319
-6667;-13680
1236;-10070;18182;4587;8636;-2224
-16356;-8997;6278;-16346;7658;-4880
6089;6075
13943;-17919
8115;11673;-3658;-6331;-10429;8702
-14234;7516;-17741
-11530;3454
3904;-1505;7873;-1318;-14472;-14847
-18209;3318;-13612;4955;11419;-16429
-9057;13040
-6642;-2565;-7065
2592;2100;-2390;18073
12360;-4062;12077
-8088
12176;-8185
14135;-6046
18258;6216
-6131;-9817;-889;-2410;-5231
-17877;-7451;17418;-10077;-6496
176;6586;2074;3359
10242;10454;1592;-14189
-9873;6676;16852;17125;-10393
-7890;6233;12202;-9387;-12476;3215
-10899;6451;15541;-12846;18047
7937;-2756;10868;-12886;13291;-12447
8946;-18325;14437;15334
-5700;-2413
-16307
-2090;18397
-5601;9226;17101;-12607
-2593;-13060;5480;5640;8556
-11299;-6983;-18250;-8458
8126
-3030;-17385
14003;15992;7723;15467
11760;-7943;-5416;744;-3326;-8046
18432;5732;-8647;16742;4543
-9301;-17064;5113;-7360
13924;-4841;2394;6812;-1486;-8671
4769;-3333;2600
-8837;4278;522
8134
12258;-1046;3003;10303
-12238
4464;8932;11132
12856;12218;-17917;18334;17214;2303
-17446;12022;11373;6301
12480;7967
-8161
-4277;-136;8392;8168;111
-12757;13383;14888;840
3286;782
-12262
16777;2765;-10608;-17104
1686;-7127;3529;-6890;18205;6958
12464;3540;-17641;9807
13457;-15509;6127
4076
6291;4377;-14748
15618;7988;-13447;-12823;1256;-14972
-1060;-2566;11814
212;15846;-2183;4186;-13967
