1074;7119
-13797;-14877
8160;-11522;8919;-15451;-5343;-9344
-4104
8898;9042;6643
-2372;11592;-1290;-3757;16317
14960;13233;17140;1381;3531;7118
8216
4163;4054
2822;-18025;-9403
3520;7153;502;-5130;-10173
1952;401;-11154;13586;13324;-18142
-14321;14287
-13954;-787;-1957;13880;9275;-10589
-36
-13761;9628
241;-1446;1242
11408;1600;3415
17814;-17774
12560;-14674;-10548;12619
10994;-6804;11876;360
16184;4857;3582
14597;-14650
15058;-12773;-3401;-4411;4653;-7375
-2644;-17896
10627;7271;-5549
6497;918;-14393;-15196;1628
-3681;3282;-16214;8263;-12201
-2664;-15966;10831;7727
12019;-15876;3930
-12359;-1064;-7472;-3760
9377;5906;4375;-18009;-9406;16031
8274
-18150;1847;5433;3065;-4444;12155
-5142;2122;15407
15793;4978;-9159;13113;16223;-12176
597;11800;12459;16734;7663
4865;-3412;1835;17293
-14836;-1077;-4344;4615;-17229
13283;-16901;1637;-15834;2749;6765
7776;7254;6120;-15375;10718
-5714;-8243;-15283;13413;-10297;17821
-17106;15138;-2346;14778;-11791;9630
2888;-15290
2582;-2506;13850;-4749;-16542;-9136
6438;-14747
2610;-6824
-3187;771;-17125;-4903;-14585;10236
16725;16501;9735;13788;-7471
8320
-515;16981;-10760;91;14621;8383
16050;14386;2461
14103;10603
17441;-13213
-9604;9418;9931;-1421
12420
-17585;11655;-3531;-6702;3741
4232
-8050;7910
-12430
13138;-17305;-16044;-11006;-18080
-17973;-3575;-8184;-16777;11801;-14589
-1369;-1595;-15806;-1855
17696;3936;-10667;13755
4240
-4165;-12422;16734
16836;-1369;1068
-644;-7708
7812;3752;-11405
-8498;8335
-6257;15704;-18299;-18014;2127
-5125;-6695;-4730
-9650;18262;-4351
1268;-1373;-4157
16550
7392;17315;-12070;-7798;7193;16811
-174
5683;12358;-5580
-6837;-3660;17134;-6463
13204;-12887;8600;7643
6403;12292;-7494;-6925
-3442;17283;-13301;3736
-642;3572;16229;-3403;3437;17854
14145;12530;-3099;4506;-6204;-5309
9169;452;-7608;3485;-5312
-9561;-17883;13468;13645;-8048
18051;7451;15645
190
15811;17911;-7257;1518;13167
4673;11902
-10119;1735
16883;1526;-10023
12486
-7345;-3723;-1419
-5490;-15850;-14925;-8990
-14452;1964
6644;-14812;-16608
2369;5842;6357;2015
8657;-7763;15499;-16192
11667;1477;15238;18215;-16571;-17535
-12466;3089;15298;16187;2671
-2483;-7287;3510;14655
-4834;533
10872;9817
-17349;15961;-17853;13804;17935
-9612;13918
4309
16497;1058;12296;7227
4086;3527;-9272;-1758;-9088
1362;-17966
-15378;-11444;-6168
-7331;-149;6806;-16311;16651;12844
-17774;13454
228
-437;8859
10384;513;4386;13688;2605;5519
17465;17034;-4795;-17183
-14721;-9816;777;15259;8735
7517;6573;-13855
16420;11243;17629
13504;-10888;-6953
8433
1108;7326
12530
-17858;4946;-2853;-9054
-900;16654;4975
14576;-2984;1096;16238
-8945;2881;-11080;-8155;8655
6242;4984;17706
-12386;7570;8987;12477
13572;10742;6710;13993;12591
-5427;5161
4787;-789;6565;8168;-12987;15002
13362;820;-4517;-9398
-15094;5049;-2511
4363
-16653
-16659
-11627;-13292;-12222
-14113;-15766;-16119;-15720
16663
4376
5315;-12548;16296;-5166;-1855;14623
12560;10737;2765;16735;14831
-3203;10212;-12261;17829
5750;-14233
-17666;-3108
-15123;4999;11096;3418
12582
2080;-2381
12660;10090;2126
512;15364;-16059;17452;9885;5918
-7427;-11429;9224;1134
-8922;13324
4407
18402;-13892;-17110
8506
7218;-14323;-9047;12392;-8844
-8509
-9643;14890;9405;-14336
4880;14288;6546;-5923;17391
-15265;5176;1577
-16705
-9265;9591
6209;6409
14657;-5533;8636;17964;9662
-18002;802;2820;11620;-5417;8510
-5745;16128;-10025;12267
-9217;-14117;-6406;-8441;-17503;-14287
10480;5154;13751;10731;-15200
18259;-5624
-11569;-4802;9972;14295;-6568;-9869
351
-8550;16006;-3995;-7966;2861;14285
-4694;3142;-3994;18187
-17379;8804;6024;-11322;15390;-18255
-5154;-4418;13961;12349
13041;-17653;13158
-4785;10516;12951;6089;159
-2582;8904;-7626;-1420;-5824
11464;-2911
-17513;17150
9168;3963;-10350;9871
16960;-18081;-15189;9270;11590;16295
2742;17640;4297;4492;8062
-5089;4914;-7319;-9264
-14902;14526
5472;8420;-17310;-7679;-5664
-10227;-9917;8829;9214;14767
13349;-9400;526
-5847;9161;539;-11422;12046
-986;15914;1839
-8581
17138;8212;4316;-12894
8587
11751;-7257
-17048;4809;3647
5088;9957;14028
11360;6614;15195
448;-10485;1478;8153
-17523;-3367
-10888;16606;-18416
12724;13958;-1694
-15842;16472;14557;9806
-4611;-2310;17642;-2111
-5862;-17190;16519;16665;-12206;-14736
-8628;4084;-3641;3663
-16810
-13572;-11718;14297;-15371;-15024
306;-15861;13893;11015;-13976;-8093
14608;9518;13167
11696;3473;14434;10665;-11167
-7522;-10131;10995;7797;8710;-5324
17408;-12579;12166;6057;-10333
-9881;2601;-12987;11115;-2846;11565
-12721
8625
12848;-4693;8197;4997;15950
11382;-9083;10428
-17044;-3879
10850;-787;-13470;3854
10912;-1269;3991;1721;-14716;-1088
8641
-916;15734;-2623;17982;-5151
7728;-8179
7299;7987;-3941;1798;-17691
-8645
4550
2471;10601;11961
-12749
-12755
8659
6616;-16985;15660;-16350;6495
-12841;12729;2125;3822;-15264;-11520
4369;-12162;4742;16150;-4439
14257;6115;-15803
6545;-15572;-7273;16249;14141;15055
4590;4078
8669
-15318;17445;9861;-13624;-16767;-10751
-17457;-2531;15407
-16871
8678
14923;6044
16871
-15011;-2339;-5525;6852;7455;8079
3668;8630;-11886;6398;14159
4225;10739;16409;-14494
-14850;-13293;7166
-9479;-11291;-16591
-16405;-1912;17481;-11950
4464;8374;-1865;-15568
12563;2405;16983;18360;-6713;10152
-8700
-8260;-15316;8647;3433;10985
-8771;-11349;-7560;-412;9339;-2239
708;16188
12801
-15909;-15518;-18240
712;3900
-7379;7897
-6870;15582
4944;5105;7334;-5178;8379;-11872
-6837;17430;8249;6254
-16033;14688;-17941;1260;15582;-14463
-1410;-15498
-14786;-16744;12711;-2185
-11546;12138;-13405
10820;-2693;681;5961;6235
-17858;5039
17889;18167;-9384;-13853
4744;-16877;-4783
11379;3703;18219
12101;-4806;1431
16184;8927
-11638;8829;2271
-5881;11995;17708;-15086
-7249;-2773;14663
1298;9346;-613;-168;-10416
-17484;-15840
-16617;1180;15404;-13406;18093
1415;15528
5204;7979;-13744
6176;-10515;9587;-12846;-318;12574
9155;-16228;-6932;-2942
-9171;8006;-3498
-16803;15266;-11316;4568;-16860
4130;-1607;-2635;300;2143;2335
7312;-2786;-13290
7223;15880;18428
-15617;17560;-1371
4661;-3320;-4665;2750
-8868;-10269;14461
-8773
-17077;-8080
-7106;7907;16021;8102;7210;17599
8777
16969
-7745;-16259;-13448
594
-4705;-2051;15543
-4421;9118
-13516;17740;4574
-11269;5430;1135
-4708
8258;-17062
-6218;-12234;-9612;-12253;-1263
-16833;-11397;17719;-8280;18171
14981;-14360
9075;7930
13234;-8086;3573;15238;18346;7470
-6482;14730;13914;16302;7215
-338;8930;-16840;-4392;9496;-13866
-6035;9255;-16874;-16429;14782;-13999
1587;-7892;826;6107
4724
-12924
2481;-10900;3685
13568;-811;-4172;-7948
12723;203
3858;-14758;15637
7200;-2088;3721
-6212;4203;6750
-12388;17175;-856;810
-12674;9508;-15497;-5072;2607
-452;2280;15098;4202
8840
11814;-2974
17036
-12898;-12334
6980;16534;-2378
-16338;2284;-17070;-2303
483;13764;-10854;4327;8409;-3179
17584;-9684;-13898;9627;1134
16273;16355;4903
-11137;-12611;10791
-5729;5826;-2406;8537;16811;10398
17821;-17151
-17268;16964;-14038;4375;10156;-13152
6672;12296;7997;11198;-4720
11157;1807
-12787;18314;3341
4640;9787;17772;-6944
-7766;15160;3113;6556
-13782;-1718;-14041;5774;10799
17064
14400;-13719
-6978;15853
7588;-8374;-11992;-17676;16508;9164
8866;9115;-9104
3972;-1925;-12630;-14600;-8272
-3057;-5106;-2915;-6294;15340;-2751
2081;6617;-1978;-12478;10543
-8420;7221;6057;-5552
-7585;-16435;-14331;316;16860
-11627;-13646
-17267;-789;973
700
-5203;-1337;11336
-14859;10060
-705
-8897
10898;-14598;-1910;14507
-13525;-16677;-7368
7252;7508;-14054
-8562;-15106;13122;-17621;-17600
11425;-6002;17747;11973;1240;5293
-13005
13953;12521;-17548;-8334;1613;-7024
10352;1091;643;8214;-10795;-4684
2928;-2577;9105;-15283;-8168;-3118
-13019
8923
8924
-6500;2982;-11367;-5128;6991
16592;-13238;-12281
3266;14306;-12675;-1668;-7292;-17152
17119
-9805;7373;1693
11690;9533
14212;-12807;15879;-16154;11902
-14695;1662
-4739;9748;5830;9111;7036;14718
10483;-13350;-13513;-750
-13034
6657;-4951;2680;-12939;10460;-6750
6370;7157;-4589
5828;7207
-3149;-13984
-8941
5568;2200;17752;10091;-10286
16833;-3790
467;15572;-8348;4139;-16686
8952
6176;-1316
-1954;15007
1523;-9927;-16941
8404;-14407;-7065
10419;-535;-12186;-6671
11442;10249;-17357;-17821;1054;13214
-1794;7718;-8505;-17756;-9118
16321;-11269;-8358;8185
12773;298
-13889;-14275;2803
-3412;628;9962;-17295;-16143;-7295
-17937;13053
788
148;8806;-16795;-9163;-174
11813;10709;-16461;5005;-1534;-10335
8996
-1794;986
-17193
-810
-12536;120;-9562;15226;14315;17822
-5089;5899
-4530;8999;4062;16862
-13000;-4285;-1647;-14656
-1042;-15316;-11605;5721;5885;-4944
822
6372;-17496;6024;-3916
4921
-6053;-2965
10512;-15435
-9022
-832
-15014;12985;6958
37;-123;-752
16549;-11240;-17625;-17196
-14900;7830;-2473;14478
-16053;7021
-2227;11506;12468;7766
-14484;16489;-14091;-9067;-14571;-1983
-846
3201;2326;-13481;9288;17946;6141
12657;-2580;-9232
-9736;10344;-17838
-12371;16794;12298;4605
9104;4030
-13605;-15642;-12560
14259;12851;4756;-6360;6012;-10191
468;-5416
-3570;2803;-12692;-12981;-7182
-866;-1282;-2804
-680;2472;7256
-17970;13897;8397;-1918;-7359
12817;2644;-11238;8922
-17243
16481;9284;9125;-10266;9003
372;2679;-7609;-8592
-17246
4900;16442
13764;13065;-9580
-4657;-16689
14658;-1500
7588;-2218;-7117;10815
8946;17124;-14613;2794;-14093;8911
4275;4795
-10390;11272
15424;641;16530;-15321
17668;-1064;-9182;5517;-13839
14768;8387;-14024;2762;-12799
-4690;16675;-4093;-16990
-909
9100
-1154;6163
6880;2053;-18048
-9116
13219
12448;-1749;6222;-17856
-5154;17061;-4936;11630;6911
-17321
5033
11446;11832;4813;1519
-341;-9529;9721;13375
-177;1217;-14500;16364;5725;-7679
4400;-16523;-443;17613
-5729;7493;-3643;15118
-14884;5912;9481;6363;5484;-13309
1900;15437
9145
-10547;-10890
-8502;-17032
7648;5232;-9448;-18026;-15038
-10534;3542;-2160
12961;-2867;11476;8021;8235
4096;-11380;-3478;-6589
-315;-656
-5071
13264
-5073
13010;-18371;1163;3420;-14126;-6560
-12213;-17446
-13857;-18229;6520
-14277;-8677;-6714
8754;-7759
10838;-589;-11391;-8047
576;12710
-13574;9734;8936
1003
12849;12516;15878;10710;6616;-4317
1006
17216;-12905;-17612
1300;2052;6260;11690;-11390;11582
15057;-9861;-14793;15450;11836;16094
-529;-561;-6546;18292;-15769
10052;11446
17410;-1417;-10426;2746;-13757;10559
14657;-148;-8822;-3062;12106;-13711
-9876;-12597;3732;14932;4831
9538;-4486;4886;3144;-1996;-5967
17409
15889;-1158;-8918;-15031
-5688;-17514;14556;7613
3077;505;5646
5764;15753
1037
10912;6257;11762;-2531;12014;-12800
17044;-13797;14901;15658
6023;-15257
13330
10242;-9460;3335;-9257
-11762;3861;10743;14586
11857;17511;8764;-2783;-13824
4820;-16038;17945;-16075;8301
3760;-7441;-17652;12183;13495;8990
-17434
-358;-17911;4922
-5158
-10289;17714;2242;7704;8270
944;-346;13194;7754
17451
-1048;6121;-10239
12545;12786;-5829;-17690;12795;2847
-5490;-4344;8763
388;-1786;2092;13196;15854
-13363
9267
-3976;-13755;4396;-1358;15773
-5364;6404;-2122
6450;-12227;-4532;-356;18055;14175
9872;13186;-8291;-12964;-6986
17937;15074;-3252
-13041;6576;2120;1994;5149;-12079
-14292;17475;-9608;-7658;-7488
-16226;198;-9640
4233;954
-13317;16116;17496;5373
-5194
6080;-13779;13160;10329;-6461;-14526
-13390
2833;-17093;15797;-429
-2425;15402;-3676
-16436;-12726;-6637;-6272
13756;17804;14606
8821;-16230;5783;1271;1325;8335
14064;-10913;-2660;-8057;-17997;-12415
9311
-16533;10325;-5933;174;6750
-3203;1220;14503;-13849;2553;16283
17507
1125
-4932;14422;1943;6429;-16830;94
3525;-4655
13520;-16661;-14293;17013;1943;-2654
-5628;399
4128;-5171;115;14885;15850
16800;-14661;137;15259;-12798;12783
13041;17655;-3145;-7997;-1822;-12496
-9336
-12289;-6024;-5545;6329
11267;9192;9357
-7956;1219;1494
17531
-13439
-2178;-15359
7560;18171
-13445
-4353;9611
9357
-5221;8537;-330;-4154
18313;-12906;-4238
1491;-6757
1059;11749;7229;-255;5967
5269
5600;-4056;16013
3728;-17330;14084;425;12555
13537;-2068;-13588;-2628;-8719
-5170;-10690;-3866;-1934
14992;-6978;7508;-17103;-7792
-11906;6307;9476;2343;13688;1753
531;15749;-11003
-14913;4083;-5908;5220;-6889;9032
-11812;-4086;-5545;2072;-17772;-910
-5289
-1217;6980;-4571
5479;-14170;3801;16559;-11152;-14000
1520;-4601;-13;-14464;-16416
10944;5793;18184;6377;-3226
-1329;2868;-17766;-10573;13293
10624;2471;4585;3802;16603
18162;1287;-14079;12239
15899;3743;10255
-17615
2978;-8406;18392;18250;-15359;-14624
-17620
13477;4142
1235
8928;-18359
6007;-11342
-9687;3480;8906;2637
11618;2594;13798;5999
6288;6659;7460;-15878;9001
9435
5474;-16547;5538;14164;16442;17134
-3348;-10186
4679;666
-1253
17636
-7845;6591
-15750;6303
11026;-9449;7869
-2513;8004;-4555;-2191
5351
5392;-14450;-8582
15252;13205;13400;12648
-9924;12340;-11866
13521;7461;-2365;-9167
-13430;5003;-797;7677;11647;-15456
-18313;-825;-2603
-12668;17918;12399
-13555
-12915;14519;6286;-2527
-4215;3910;-344;14205
11819;-13088
-13557
4296;5837;-672
2226;-3251;17812;-15511;295;-11034
-11986;2965;7750
10179;-3662;-15982
6417;-13700;-15801;-2767
12122;-6751
-17660
-2886;-9896;10911;-3504
5376
12115;-1050;6122;-17051;-16189;2478
15472;-15688;-17628;172
13580
10064;-10531;-10150;9754;-432
-9488
-9489
8969;-14363
12448;17379;17560;-9226
-17651;9364;-16747;-13135
17168;-12520;-4745;7033;12713;2139
-9504
18258;11726
6113;17637;14777;-7211;2767
3668;-10539;-4654;-15790;17949;-12432
4660;-4440;-16089;5866;364;15055
-5012;-14981;-8581;12807;6251
1323
5419
5420
-16386;-6202;4879
-17713
9523
18241;8356;12680;-6158;-16175;17167
-11409;13409;14434;3525;-6680;-11932
-9540
-18148;-7780
-2827;-14910
5448
-8984;-16680;-4362
3430;5070;-13952
7555;2781;7406
17745
12516;-3032;6875;8012;-3552;1023
-7845;-3383;-4808;-10991;-15296
5204;4213;-17638;-5239;-12479
7681;15399;-4986;-8539
6353;-15910
16808;-15690;-8556;-3884;-11325;-7392
-9560
-3668;16795;-3568
1372
5537;6710;12727;-11311
17760
979;-12345;-2303
2304;1169;4663;-17712
-15538;-17573;8581;104;-4973;3437
14576;-8548;11742
11232;-14898;16665;-18141;-285;10910
1667;3412;-10471;10876
-10722;12111
13043;-14085;-11926;-12710;11998
3105;12520;11003;-8847
12292;-15162;15228;-17856
-4210;8614;-3003
-10196;11597
-11844;13246
12054;1638
-1407
-17505;9626;13837;-7375
15776;-9416;-666;-10234;-5867;8988
12977;15874;-14405;8084;3847;-12669
-13529;4472;-4810;7246;-2992
8769;15780;3790;14158;8078
-6045;11566
-17811
-2273;-307;7432;-12059;16571;255
48;17475;-6459;3372;-11837;15213
741;-11849;-13436;1723;-11376
-8068;10005;1158;-2764;-18144
15728;7058;-8280;1677;2014;-16768
4291;7529;10493;3694
-4644;9716;9220;-1726;-2943
4482;10834;4340;5638;1004;7902
9625
864;-13316;11241;-16608
3283;10740;11942;9878;-13017;-13198
1439
-13844;12404
3216;12004;-4023;-9757
-5425;-11431;-13259
455;-2217;-17134;3694;5567
7888;10816;-10410;-9739
-13811;4756;-3784;-9241;-7003;-5136
-17313;17171;5111;11017;-17438
705;-14446
5924;149;-11627
17616;-10419;9514;-7787;-10383
-6136;15788
5556
11719;-15455;-18208
-14822;-13161;-7817;1564
8018;12579;-8744;8567;17916
15833;-10268;-15230
12498;-7706;-14508;-1757;1807
12982;4876
-14819;-4323;-14613;15896
5937;-5555;-17972;-16654
16531;-2185;15805
-9554;-1351;-18264;-17371
-10469;-11495
-13773
6865;17459;-17272;18328;1530;-4942
-17893;16404
16004;-3672;-6424;6681;2105;3179
-18273;-10789;-997;-9527;-10219;15546
12865;-7259;-13836;17531;8574
-10584;-7292
13472;-4324;18027;-16335;15231
-5592
3169;-16242;7236;-8958;-13407;-14256
8915;8916;758;10232;-2203;-16927
3922;17892;16684;4108;12143
-17361;4776;15368;-1515;4330
16308;9093;13846;-13164
9044;-3449;-16172;11323;8508;-14862
1890;-9500;-14383
-5124;14900;-16039;-11306;-1358;-7167
2193;-13252;5443
-5075;-1716;16509
-9720
8644;-10173
-854;294;-17356
-7201;-13639;2488;17148;-4431
5639
-12626;-260;13396;1497;-14411;2668
-17009;16400;2081;8648;3064;4748
3702;-15575;11880;-9002;-8941
17937
9745
14944;5975;9307
-2659;-12774;4502;10153;-9611;16044
177;-3061;12635
816;15858;-9268;-15224;-14222
2081;1473;13554;3720;4012;-6894
3664;5811;-17015;-2599;6681;17310
-13905;-213;-3576;-8681;-2202;-9852
-3475;2741;-1099;-2172;-4670;-13375
-1222;-15494;549;-2667;-7312
12592;-8875;1949
-7233;-10724
-5969;16320;-15586;6484;-11017
17204;6937;17277;5215
-15971;15948;477;910;-2944
1580
1581
16913;-15331
3012;17850;-3099;-15648;-528
83;-5768
-5689
3858;1971;14105;1740;5870;-5471
8530;-10125
5692
-2786;16162;-5214;-13856
5346;-7926;5000;7369
-2503;13240;11451;-12396
13209;14729;699;-14685;-3822;-8528
1731;-16247;-7567
16666;-15056
-16306;-10914;-966;-18249;-8426
16994;-7188
9807
9818
12323;-2900;-12025;16521
16497;-2660;-6950;11131
-226;-13096;-16986
-1636
3905;-1513;3340
-486;14411
-1633;7190;-7530;-459;8699;7662
3104;9857;6535;-6989;13711
7140;9158;-17751;15386
1645
-9840
-14677;-7452
12081;16807;-2905;-3852
8258;-12932;10409;-9051;14605;14942
17265;-7013;3096;-11693
-13945
9854
-4598;10053;7047;5546
-13841;-3077;533;8117;-17974
-1667
12625;-13160;-5657;8520;-12188
-3201;4872
-5770
7714;-15542;11470;6223
13961
-10341;-17737;5769;155;364;-367
12242;-2838;-8614;4983
-9986;18358;8488;-6985
-9877
12114;-17897
10962;2118;-7296
6851;-11914;11258;11548;-16048
5792
-14405;-5048;14043;3711
18082
-14531;-11749
9897
7523;-10004;-7419
-11620;-18228;12917;426;15420;-4720
5139;-2645;4085;-9421;1133
-8347;-9195;5291;12475;9679
9905
-104;-9228;8397;6751
9184;16564;13784;3150
9915
14013
5830;-2312;-3469;18063
12021;18383
-16770;3523;13412;15333;-1478
13554;12756
1740
4317;-2576
-18126
-17590;-1736;2683;-16269;10686
-8881;-16692;-752
-8568;16698;-2285
14037
17664;-15913
-4465;-3064;-2924;3035;-10334;7807
-11853;-14479
-15713;11842;-18367
-15457;8503;12813
-1089;6950
1765
-1769
-2840;6936;18154
18155
5074;-5459;10181;-16775;-11178
-13201;-15033;5980
10340;-4470
11924;16124;10591
-1045;-17209;-11466;12924;10702;11967
-4634;-13532
5878
-14844;-5998;-13711
-6370;16347
-14769;-1044;16886;11867;-14510;-223
4130;18142
8468;13804
5890
-13146;-13226
14084
-10148;16083;5284;-11784;14649
-11170;-11109
-18161;6067;-13550;-13023
17667;-11397;-13065;10874;14108
-5906
5910
4704;8276;647;5591;1258;-2271
-7874;-2806;-3239;-8384
-18208
321;17681;-11561;-6298;-16380;18060
14256;4001;-12125;16463;-12576
15248;-14116;-18388;11893;-3495;-1167
13141;-573;-5293;15039
16529;4756;-1801;6362;-11723
-14127
-1841
-18226
15459;4774;7112;13129;1419;17294
-11860;-5767;-9853;17436
-13123;6309;12761
14231;12202
18307;-12678;-16586;6905;-5998
7900;-9759
4500;-6359
12288;14822;7517
-5222;1526;4151;11031;10856
17307;940
4241;13187;3383;1534
-6772;-3288
7793;-661;-13100
-4567;6445
-10354;-9346;-8871;1862;16684;-12335
7843;2230
5104;-8002;6679;7017;7470
12352;-2786;16833;13738;-9581
15568;-6751;-14799
18269
-6418;12690;13875;-11525;-10509
-193;6785;-5221;15860;-7894;-7451
6886;7289
7506;456;3738;1322;-14912
-11784;-6491
11861;3976;-9194;5818;11994;14302
3698;17811;2102;4474;-5711
1897
2294;-394
-9266;-17122;-1603;13797
5488;12803
-10101
-6005
11928;-13837
8134;-18265;11432;-3215
-11286;3755;-10767
-6011
-5361;7188;16472
-450;2705;-17698;-965;14569;11946
1915
-5395;-135;1158;12983;-10528
14207
-11077;13029;-4334;8398
7442;-9365
3188;6927
9018;1613;16846;7215
-833;8036;-903;-4375
-1412;4155;-816
-10125
8755;11878;-6457;15513;7963;9343
-18327
16882;-6743;14520;1866
-1958
-14249
-10360;8511;-8304
18344
-6058
17428;-14310;-14377;1101
2240;-5318;-6310;15451
10738;7977;5181;10847
10674;-10756;-3092;-2730;-15242;-9502
7078;-8857;7852
-3025;2565;-16169;10554
14267
-9324;-9053
6033;7445;790;12302
-7682;-1962;5354;-829;-5631;8751
-11445;13462;9176;-17290
1090;13748;-12796;15611;8924
6102
6561;10405;-1672;16714;-7293;-6320
-7106;-14356;585;-5712
-5634;13906;-10708;-1445;-1527;-4798
14306
16917;9800;-857;-9231;9966
-14309
-3033;17448;15465;-17068;5324;12557
-4330;-14079
-16358;4855;-15464;-5016;-9675;15052
14318
7776;6006;762;-12523;10
8163;-1897;1993;5225;-11452
-1154;-2534;-16857;2121
6822;15337;-779;-15724;14446;-9871
8304;-10513;-13227;5198
918;13547;8061
14342
-5750;12151;936;-5277
6158
17792;17636;11693
12787;11844;14299
-10263
-16871;2511
9434;-5247;-2112
17442;-14115;-5460;9780;2621
17425;15282;-16968;6826
-9224;10249;2185;11163
6898;13075;12215;-12634;-2619;-2560
-10548;13974;-5831;8590
11024;-15525;15710;-928
-14823;439
5638;14760;-10109
-13939;-16870;-12255
3970;-14271
-12402;5667;-10456;-9353;-14010;1580
-1540;13748;-5998
3682;-9896
-16884;-5718
6223
7424;10304;-6905;3593
-1507;15571;-4264;-14971;-5152
15105;10220;5421;-17295;-10640;-17232
-16327;-7066;7834;-17693;2445
-15467;-15342
-423;-12154;-12651;-14941;5263
6736;1185;7013;-15799;-1372;12574
-4826;-17802
-7812;15627;-14062
-14389;8989;7550
10480;-16017;8499;-13927;8279;-7659
-15895;-14586;10889;9710;-8656
1938;-9562;4875;-11696
-10571;12730
12595;16740;-14428;13371;10749
-13125;-175;2942
-449;8650;-14463
-2168
-15480;3595;-10764
15869;8702;-6016
6273
-6276
17008;-17619;-487;-2712;-16874;-6076
432;-9698;-13494;17358;-880
-6283
-13313;6144;-66;9421
14561;-1015;14839;7320;-9661;719
-14817;-14242;6389
-9603;-783
10393
-5987;-12601
-2114;-9370;12045;17741;16670
18211;381
-9874;14840;3150;14575
579;-11901;-11373
13830;-16047
-15061;556
8480;-2167
1620;-1318;-10716
13748;14404;-1015;16168;-15165;-17725
-14005;-13241;15486;5439
2419;16518;6935;-15454
16006;10797
13361;-7038
-10450;-7780;16055;-4393;-3854
-9027;2884;-185
-11908;16518;-10795;14972;-16576;-14928
-2238
-406;-10028
15697;15218
9042;-2701
-12099;-9366;-11447;11431;-18073;8635
-4450;-10934;-18230;1496;13866;-4476
-356;16359;-13756
-18164;6150;2375;13816;-17259;-9648
-9683;3402;-2748;-4268;-11244;-10479
-3874;-13669;14757;-11757
2850;17525;-18120
16867;-14911;4398
4612;7128;6090;-15568
-17778;-2873;5272;7551;14895;11583
5589;-6406;18165;-16872;-14075;-9150
15920;2693;4138
-14561
2065;677;17914;-10191
-4739;2134;-17400;-15039
8377;14378
17110;-8681;-1753;-8956
10472
-2100;12572
-3588;-2793
16228;-4121;7899;-8444;-1085
-3442;17778;102;-10055;17561;13114
322;1654;12605
-12467;11484;2380;-8190;9086
14582
17330;-15031
2303
-275;-389;15704;9721;-14540;-16621
-14593
2305
291;-2599
5217;-3429;-11936;3743
-5684;-18149;2411;-9565
11712;-8977;11217;10028;11949;-17230
-2317
9683;-17572;-7110;-2269;-9630
7553;6676;16709;-14280;-6143
-2340;1301;10218;16733;989
15826;15172
-6423
-18305;-14995;-4356;-15542;-2383
-2392;-18426;-14284
11172;16972;2861
16231;-12185;-14576
2337
-16466;-17895;-2026;2601;-1324
6437
-4130;-16674;-17145;-3372;-10173
-162;15682;-10291;-14761;7180
8195;-9527;-2317;-10991
-6129;-12608
-6450
16000;-13645
-6457
18272;-2789;17572;-14311
-13671;7214
-3433;-13369;-5965;-4176
1408;-12454;3607;974
7409;11939;-8567;14330;10026
10422;6839;2427;15455
-10568
-4324;919;-11833;4667
3617;7732;-13728
-15603;-7261
-7813;-5894;-3751;18342;-4172;9771
3714;2341;14094;2718
10755;12964;12636;-9389
-13780;887;-5676;-4303
-14178;9860;2407;13129;14762;5083
4016;2472
-10449;-17768;-1115;10700;4286;-4431
-66;-6425
12722;7462;3960;15115
-10498;-11252;7063
16097;-2021;-17206;-11961;-11885
752;16051;9011;-15222
-14697
2409
-9249;13556;-1834;-3695;3631
15122;2355;5414
11121;6781;13182
17394;-17769;-16793;-1018;7577
-1590;15705;5946;-9452
-14129;7612
4880;-13298;-5492;-7557;17276;-10525
17831;-13832;-1563
7393;12786;1818;11546;6314;-4653
11672;-14112
-17622;-17883;9996;6942;-4512;16543
7603;15363;18197;6502;8023
-6538
1216;-1059;-14888
-14210;-6164;-9160;-17967
-1937;4389
6785;5761;-10094
9025;13588;-12806;-2870;7804
-11874;17218;-17564;-2716;191
6417;-14899;4806;-9599;-14831;17455
18235;-15776
3858;-10713;4395
-6557
4355;-13769;5290;-3373;14061
-10661
5808;-6498;2249;-16316
5764;-3686;15238;-1817;7449
13220;-7733;5866;6266;-11053
12582;-503;-10219;12906
163;-7175;-15511;14807;-15243
15269;7689
-1722;-10363;-10875
3505;-12899;8964;2909
-3817;13368;16713;-3884;588
-9751;10126;-2864
-4657;658;-981;-15718;-3259;-15405
-6599
-2506
-12066;-11462;541
2756;-1096;-1608;4539;-11196
-14797
6066;8995;-4357
12048;7187;-18248;6235;9822;5950
13257;-17546;-15037;14892;8621;-14895
17457;-8532;-3048;-12491
-6616
-12994;-4935;15063;5387
-8738;3425;4258;11771
16661;-12455;-7646;911
6689;-7075;11654;5544;-2201;16589
6848;14288;12072;18202;4366
-6626
500;6127
15138;7874
9824;902
5267;17187;-10632;10891;301
-17172;18387;-4984;6571;3836
10678;-6667;-14750
-276;-5252;-3350;6330
9273;17850
1409;-17399;10810;-7179;-6574
-2386;7863;7368;14281
-6650
593;-8578;-791;6219
-10751
-917;-12519;16876;-14191
6654
12436;12586;-16301;-605;9278;17934
16035;-1184
-10514;-899;2370;948;14052;-12617
-11299;-5992;-346;3627;4351;-1104
-10764
153;14889;17898;-4925;-10702;-10639
-676;-2086;-9373;-2736
-13156;14806;-8122;-16858;3052;17694
17571;-11109;8409
7873;17138;-10245;-13030;-1642;-6781
902;13978
-7107;12018;-12102;13322;-16923
-13764;-3269;10870;-4635
-18399;-12880
-14903
208;-8562;10555;-17920;9007
-14909
-5364;13174;11197
6983;-9609
-1595;4221
-2628
-10820
3090;2738;-17916;-16927;-10480
4150;-4281;-4107;12331;-1359
17619;-18133;1786;17757
3569;1959;12748;-3342
12384;-4664;10520;7401;-6590;-8208
17684;-14085;12614;-3513;-4092;14524
17356;-6512
-10845
-5525;2871
2833;-9846;4359
-16913;11331;2020;3322;-14704
7572;11467
-902;15848
-11862;952;8249
4896;-8625;16261;-6520;13035
-2689;13551
-9895;-13256
17697;10099;-121;4344;15710
14964
-13330;16008
-12773;-14085;14599;-6335;3615
-3859;-3689;-7434
-17618;-7909;-5735;-108
-7426;3106;-14765
-8307;5747;13452
-14990
9297;1598
-4902;-5995
6834;-17737
-5826;4609;-10662;-14791;12171;3595
805;13159;13851;-4623
-4867;-16291;-18421
1443;-9372;1116
-7450;18300;12349
5169;9175;16183;-7133;1198;-1392
-15767;-4718;1454;8111
-4753;2212;4117;9343
16194;11110
3808;6036;-5560;2541
9200;-1238;-5231
4279;12041;12877;2206
-15010;9652;-16104;-10539;-2605;7294
13842;7512;-4313;-14303
3301;-2575;-7568
13475;4741;5557;5085;-13824
-10942
10944
12724;-1930;8250;12383
-10948
-7350;14202
4946;15225;15722;-17963;1212
-1509;-15222;-2313;-6026;-6366
2764
8228;6825
6861
10849;275;-10361;-3530
2767
-1125;-13933
2770
2300;-5072
15522;8618;8634;10957
-8595;1144;18415
11536;-10179;-10949;-4154;4509;-18112
17969;12470;1006
-3079;5853
-17601;16116;-5386
13490;-6616
7491;15716;-17386;17882;-8636
10080;8455;-5901;-16670;-11038
-11042;14226;3795;214;-7834;11631
-5362;16354
5217;13041;-11360
2134;-13831;15624;-27;28;11167
-9361;-10055;11510;-9015;14110
-9395;-13160;12750;8911;-6016
16468;4155;-13711
11014
-8227;1308
5459;5498;4939;-784
9699;1318
16883;-10038;-6541;14815
-11012;13846
6943
13440;-3322;13212
-2103;13435;-4141;10751;5391
-6953
-6611;4009;-4351
11050
13016;-1965
11505;10273;-8739;5877;-7865
-12951;-5960;-6328;5992
8934;9545;-5611;18170;-3596
-8593;10689;-2834;16153;-16219;7770
-2934;5766;-13896
-15164
-15165
5153;-11365;21;-3135;-5840
-5077;18260;-3350;3557;6107;-12524
-6977
15000;16554
3686;11689;6843;5628;15999
504;4952;-16410;-2462;-8735;-13504
11248;-9523;10216;-8425;4732;6926
13856;-1825;-15316;-16277;-7904
18384;13182
-13202;-7842;-5309;-17503
4402;4323;-14949;17861;-8041;-6494
-11828;4829
15330;-5365;6197;11321;3819;-16110
-17032;10030
-1074;12174
11100
-11841;-10946;-10918;-1975
-16822;-4839;567;-12029;17533;-7807
-1235;-9606;-16653
-10585;-4622
-7017
1156;5861
7040;4074
16150;-15847;14090;-3276
8276;-13306;8489;91;-16047;-10912
-11121
-14642;-10165;-2635;8127
-12193;962;5459;11414;-13262;-15791
13954;-2615;11980;4140;-12240
3601;-1620;16200;16829;-7502
-14485;10039;-10780
-4853;-8037;-14631
-15234
-2949
952;-17052;4956
14432;4907
15557;5943;-2923;-14254;-11376
-468;-14886;-5894;-14478
16119;2923;16683
-14454;-13670;-17672;6680;10361;-15164
-7459;-17317;-8123;5359
721;10434
-15121;5106;9305;-12939;10749;-4160
-12914;15401;12378;-539;-13915;-7472
11266;-9797;13784
2090;876
-4563;1593
7728;3491;7715;-2442;-9419
2979
10432;3937;-5571;6901;1174;6586
-534;7609
16401;9715;-8792;18430
-18277;10420;8887;-10011;-15371;9068
-2102;-6761;-11788;11836;476;1247
-11190
-9878;-12566;3062
14435;15829;17302;17014;2775;-15200
-14070;-9416
-3960;11069
-14903;-16784
-11212
11499;17068;15740;-17088;-11904
7040;-4596;12872
7255;16253
-16369;17924;-15161;6478
13472;18232
-4369;8884;5909;6742;14540
16646;1947;17215
11234
17064;13371;-2816
-15334
-353;-1144;-2552;14890;11502;-11104
18208;17607;-3113;15244;4254
-16037;17381;-13367;8972
-4433;5043;-17334;8758;-3277
-2003;6387;3222;7110;-11663
-5972;-13286;11719;-15997
-7827;-3421
16661;16395;-5423
8688;10529;-12899;2883;-17336;-15404
6896;6775;10728;4856;6937;-12653
-13714;15092;-7991;16812;-9198;-16352
-10152;2872;-16748;-2909;-4799
-10871;-1178;-12701;-6989
17203;-17044;-17740;-13358;11487
-2712;10011;9723;14718
5602;-3672;14775;3513;-13053
-2933;-7576;2061;-11006
-12161;6298;17819;-1885;13484
-3894;15162
15365
3388;7884
-18341;8043;6363;-17949;-5774
15555;-16854;8488
-12946;6515;-11753;-7870;10669
-13796;16894
-11906;12898;10370;4027
2012;-10653;-6750
12824;8696;-13823;-17215;6814;18095
-7203
7204
18089;9596
7616;-13682;-16901;16008;-5502;9343
-9316;13252;11469
10784;-12737;-15923;232;-16889;-17739
-3122
-10757;7477;7641;2859
-5283;-14437;8439;14408
-3129
-11323
11325
11537;110;7871
9750;390;41;5242
13664;738;5117
-15186;-8232;988;2908
7842;-2921;-7275;-17168
-11336
-11337
-7244
11328;-4076
-9337;-14301
-7377;11905;8150;-15839
-11359
17912;-7881;-9641;16827;-8558;14990
10581;-17847
13300;-18411;-15963;1519
1606;-17067
15924;-8656
-15467
5171;2106
4448;-17108;-1254;2538
2800;-1220;7959;-9081;-3646
-3350;-11291;7355
-10481;-16072;-5311
14084;-13159;7065;2633;-17037;-878
16519;-346;18157;-6559
12816;8032;11347;8148;-10173;-6493
12625;13171;-183;-14409;12556;16302
17058;-2995;5318;-16551;-2392;6858
3874;3423
-18131;-4088;-13755
-1954;-15177;-2203;13325;-5390
-14836;8231;-8893
-8342;-10985;-12555
5476;-3142;17499;-16108;-5598;17374
5027;-2838;-9500
-13827;4773;3493;13050;12109
-1088;-2128
11409
13200;-6681;-13931;-3549;-11712;7167
2259;13786;-13915;5183
7315
-12693;-9494;-6647;9227
15511
-4866;11153;11607;-6479
-10484;-14437;15725;-13839;-10655;18175
13808;-5075;-6069;16004;5038
-9681;-14031
-18054;11190;-1612;13805;18383
5720;-13051
11430
-3906;11243
17362;-15863;-6394;-4622;10189;-16208
-10769;-482;-1844;6531;-13071
6753;3459;-17895;8936;10191
-3262
16772;15164
-17476;15523;14603;-5280
-1779;-15861;3339;-9454
-8120;57;11338
8707;12052;388;2328;287
15969;16054;-5529;2811;6747
-11893;18004;4246;-13276;-368
530;-7815;14668
-1203;3604;-10571;7723;3740
2181;12918;8681
8290;-12968;7980
7104;-12146;8821;13032;6972
13715;6134;-6925;6766
-17185;370;-1276;10765;9421;-13599
-11895;-13512;4013;9887
-8706;16550;-8764;4236
11850;3755
7047;-11885;8157
-11458;-11909;15951
2912;-14673;18371;809
4802;12181;-13660
16160;-899;-13044;5574;3062;8856
-4802;4386;-4613;-10590
11507;-13274;5098
1702;5726
17522;-17573;-9210;-10106;-8543
17728;12208;-10214
-15826;-14215;5452;12221;-11454
3460;-16086;-9883;16302;17743
-6945;9825;-7827;11460;-1864;2791
12339;-487;12422;-7242;13420;13854
-15635
12947;10612;-1243;-17500;-1470
448;-3785;-12303
-7938;-15971;17794;13910;17529;2604
-402;-18184;1592;15534;13006
-465;4229;-7120
3355
3265;-1060;-9028;-4953;15518;3710
10595;-486;9302;8251;-8926;13294
8952;827;5870
-4024;-15722
13387;-16750
14724;5022
8100;11647
-17746;2129;12049;-11398;18335
13120;-16490
-17653;10186
18016;10928;-10338;13091;5419;-9167
-15665;-6673;9745;-8629;-6729
-11567
4514;-16803;-5353;6413;3758
7746;-8180;3894;13020;-4912
3376
12663;2077;926
8964;-12345
3382
11576
4028;11647
7973;-6167;14407;-1049;-7516;8031
9730;-8645;-13576;5000
18308;-17340;2558;16254
-7497
-6534;-4202;-7179;10525;-4143;-8255
3161;7466;9164
-4530;-4090;5210
-10403;17474;-873;-18234;17355;14476
-1492;5898;-7819
-6564;5031;9211;16076;1037;-13183
11745;-1480;-5481;-12297
-7138;5169;-13270;-16855
-9385;16905
-18050;-5193;-4365;-4494
-14106;-13901
-3252;-516;334
-14818;-11289;-14847;8847
16818;-3432;9241;14109;10989;17150
-7533
5136;14361;12620
-3447
6018;1781;-11246
-3454
-9250;13154;7742
-4449;7713;14822;18143
-15751
7559
-15844;8281
12592;3163
900;-13337;15433;8139;12843;-31
-2294;-17560
15760
7569
-9025;17489;-15700;3758
-9955;-10612;-7488
-5411;10647;-1756
15769
8057;-476
6438;-5959;-11563;17581;5181
-5770;9257
10193;15554;-5683;-15237;6860
11697
-13898;17406
-5923;16405;-17799;16971;-8127;-9135
-10404;-4148;14356;10023;1882
9824;14592;12609;-4227;-16164;-829
7925;8822;-941
-8948;15524;-13737;14777
-6417;321;10548;2646;-17741;-17455
-14661;6086;955
9767;14141;4191
-3530
9948;5870
18337;-16948;-13940;-15284;3823
10976;4613;15336;783;-3600
14294;9719
11575;5705;-1450
-15833
-15838
-5755;2203
13797;12726;5703
3559
-4995;16746
-722;-14804;8836;487;17337;619
11755
-4770;11734;13321;-4427
-14820;-13322;10875;-12606;926;-3296
-812;12574
2049;15365;-633;-779;-9436;5196
-17364;7508;-15495;-17511;7303;15595
784;-17476;-6567;333;-2782;9839
-14459;12157;-5376
6358;5416
2576;7620;12265;-10685
16352;15685;268;12239
-5;-7702;-3740;15036
-5842;-12995;-4982;-3303;1675;5471
-14803;-184;8779;-1485
9797;-13355;9482;1772
3602
-3075;-4392;13271;14184
13874;16995;-8391;17991
-7706
-12218;5162;11836;11118
3610
11804
5234;13573;12725;-7438
-8097;-14146;6248;90
-14097;3140;-4949
-4787;-11691;9628;-13069;12205
6288;13859;-919;-3639;8510
-16819;-12968;-15771;-16623;479;-11552
-1332;12372;-4332;-10333
-5876;9063;-10911
11340;12767
11825
10689;14323;-12508;3164;12541
-14769;-6225;-9523;-16455;-18104
-15926
-15793;-8499;276;3993
7737
18373;-17687;-14140;-4061;-15773;973
17217;849;1346;12083;15002;2205
-5189;8839;-8905;-2495
2904;6794;-16524;-9120
-7924;-12120
-2710;-15046;-11402;-8668;-10014;-13168
3671;-8042;-6971;3581
194;10403;7847;-6073;3773;-190
-3667
-10675;-9608;-3870
-3137;8531;-13540;-8393;-18075;2268
12242;-7187;-8804;-16310
-812;-6960
16224;3838
-4136;-2712;3738;-5355;-927;5710
-11876
10771;6867;7332;8022;-8829
15670;-2937;6537;797
-4482;1393;-10201;-7674;-11104;-12576
-15973
15973
-13154;-853;17693
12721;-17763;2889;-13823
11879
8626;-14820;2394;3662;-3552
-10802;-12628;-14616;-6089;11772
11893
-14726;-12968;17513;17979
17360;16882;-4440;-14473;-14508;-12718
3031;3207;11372;10671
-3124;1701;-13849;9336;13743
-5286;3146;18141
7811
13584;-16529;-16741;-4510
4454;18331;4699;-4271;990
17256;1113;6634;-17184
-11917
5873;-7845;-6374;523
-13121;17680;-17561;8745;-7663
16018
-4929;-761;-5450;3274;7598;3999
11873;-7859;-16183;-5533;-4494;-6112
5905;9426;-2421;11349;-12336
11697;16466;8917;12917;2133;-7438
18273;17635;-15382;3689
6433;-7508;17155;8053;16471
10931;-3654;-10087;6554
-4455;-6650;11693;-16622
6198;9837
-6072;-1775
-13880;6841;-4908
-10835;-12476;15454
-15814;-4984;-11816;-13849;9933
14698;12331;1310
9104;10660;-18251;-5277
13479;14862
6694;-13759;-799
-851;12811
4868;-17159;-11961;-1404;1407
-16064
-16706;-16437;14105;15258
660;7231
8231;11483;-7724
-11190;2886;10637;1469
3252;13606;-13056
-5601;-16921;-5627;-8428
15544;-15755;8699;10875;4926
-18022;-4123;1951
-8977;10035;13188;5947
-3681;8257;6102;12265;-15037
8747;-16654
-12804;-3365;-8535;5149;15743
-13378;4786;3140;-9561;-13376
7911
3810;4102
4901;-13049;14681;16731;1037
-7512;3175;2713;-14317;-14893;-5759
-4050;217
-4833;-3334;-1945;-10105
4808;4926;-13567
-12031
-1137;4240;-1755;2490
-4418;5284;13492;-14855;-11230;15566
676;437;13334;-2472;7563;-3408
-15462;14327;2247;-8348;-17405;12604
-4788;-3158
13254;8968;14399
10307;-6454
13295;15135
-12499;-3647
10098;-3107;14645;11206;11975
-8391;-2042;9549;-15263
-2486;-1528;12247;-12094
-5411;17188;11959;4093;-11679
12056
12057
17009;-12310;-12378;-10556;-3709;18078
17808;10635
11411;7427;9606
-13426;16418;4973
13074;16629;15127
-1858;17784;-17241;-10752
5185;2789
17728;-15172;-11804;-9117;-18285
-2530;17428;3431;18327
1171;-5637;15911;-17312;13855
-6872;14860
7990
-14434;-5973;-18070;4552;5806;3742
6547;1446
12090
5024;11164
405;15787
-1956;-7284;-17803;13435;-10781
-11649;15605;15097;13532
16204
-13190;6199;15007
1042;-17253
-11314;11634;8586;10844;-191;17134
-14616;-7432;-474;-5981
16011;8380;12303
10264;8462;1598
-2003;-1207;-15096;6666;15580
12133
-13972;-1972;4693;4124;11069
-16369;-12406;3289;-11227
16569;-4430
17442;12962;-1317;-560
-9300;-16998;-10425
2032;3009;-4421;-263;-4986;16782
6276;-14886;16623;47
8710;-8634;-4042
13986;7626;-17645
-17094;14348;9453;17742
8951;-12921
-7859;-3220;-14790;-15881;-3673;4587
-12165
-11846;-12607
-16265
-13394;-8374;13690
6505;13866
-2769;-15555;3234;1144;-6432
-5064;1070
-15076;-6486;-12602;-9194;-1547;8140
-7906;11177;267;-7535
3998
-1462;13657
8521;15211;-3344
-3345;-11224;-9868;-18413;8685;1487
-9460;2981;3126;-8846
-5746;8529;-14073;-13292;12383
10821;-2715
-10775;-9627
16305
13858;12485;2198;15226;5309
3041;-14724;1276;-16111;2015
4022
12215
-12218
4769;-437;1911;13149;-3072
-12724;-4694;11286;18425;8126
-1874;-6258
4336;14402;-17718;-13258
-9924;-8757;-1525;-224
-9225;11353;-14368
13363;13828;13179;16093;-16670;9310
17696;-16228;14870
-11829;15879
-3782;-775;-4650;-15325
10881;6369;9909;9662
16945;-4331;-8238;11967
14481;-1651;-10167;-45;-526;18351
3510;-616;17549
-10913;-5298;-12596;-4757;-2501;7429
-13459;9781;-8363;-7756;795;14941
15360;-14035;5494;12103;-14861
-2851;5242;3275;2493
-16354
-5812;17111;-12186;17246
6258;-4536;-3691;-6206
816;18321;1326
-13842;15763;13493;10731;-13872
10985;13579
9002;9242;-5743;3871
8785;-7779;11910;9736;8412;13982
16932;9542;-4424;-5563;-8304
14437;14233
16498;4019;-9898;-2429
2104;10444;3228;-3759;8462
5234;-8403;-9675;16939
