-68;12357
4417;16071
-18195;1800
-6007;1899
7777;1412;1557;135;9562;-16332
13041;6481;10196;-7030;-6652;366
-7365;-846
-13122;6721;-11076;-10809;-922;-15867
-8212
16405
14640;12849;8449;-7245
-17142;13911;7128;13096;-4684
-4120
10787;-6668
-25
12313
12086;-12057
5670;2553
4129
17251;1804;-10862;-12382;8319
-4946;-3506;-9048;-11210
4898;11618;12118;5867;-13983
9969;-8020;16553;-4106;11532;2783
13074;-1463;-4008;-15837
12331
-13203;-11423
177;-549;421
16435
9858;6102;4553;-6366;-1808
-6225;16614;-4587;-16366;-11839;1871
14993;-9123;-3893;15511;-9245
-13747;17046;-18408;10955
9955;-10014
-13588;710;9094;5720;2220
5524;-5193;-13785;13036;16863
-7266;-15289;6107
11808;-11741
69
5296;-9462
8262
2551;-2623
4486;4184;12731;-64;15599
-4170
73
10421;-6249
5640;4394;-12463;2350
-8744;202;8620
16978;-11571;-18120;-873;9241;4266
-5426;-15135
401;-16869
6643;-6733
5923;-4118;4535;-6432
-7473;14643;-13908;11492;11044;-15707
-95
-12387
-18113;1630
-16791;-3789
-17682;13554;12419
-12388
-16501;-12700;13083;-14173;11165;-5551
11812;-16758;17255;-1866;-10544
13621;-5326
-9683;2453;-8423;3802;-9294;559
1653;-3243;-14075;7358
-1382;14570;-4878
7540;-7416
17428;-13207
5685;2633
127
-10497;-15649;-17202;9816;7097;-2367
-10098;5871
-8323
7888;12610;18357;7559;15162
-15331;7924;11738;-524;429
-7653;-8010;-4958
17187;-12388;-17269;12326
5186;17651;5979
12065;-14716;15085
-13985;5633;13315;14979;11849;-2973
-11625;15868
-2342;17530;-6846
2919;16938;-14781;-9325
16538
-10194;2859;-10716;-6236;-16829
-4481;-12060
4563;13923;-325;14597;4262
6851;1925;2539;12477;-16799;-15343
-13996;15115;-7309;17117;-799;10510
5489;-12599;-2056;815
158
-18193;-16973;2239
8064;-6597;6325;9497;-6299;-11150
7041;17029;-2551;-17262
-16547
165
1283;2407;10729;-14589
3664;3417;-2815
170
-10146;-12132;-1388;-17469
-6742;6921
-12470
-16227;16043
13411;-16920;14778;-10923;-2461;14588
16574
-17057;-16332;430
12480
-13720;-16828;-16717;-14368
15872;13088;5297;-1296
14288;-14094
18369;15957;-1341;3789;16670
-10339;14631
6241;-4339;14917;-10839;-3464;-2318
-7667;-12920;-5821;-3424;9151
-4298
-7237;15631
-12225;-11058;5634;-725;5588;-7899
12689;3489;-15655;-7929;13723;-6111
16591
17664;13874;10884;-15384;-2203;12239
13713;-7941;356;6373
8406
-10980;3941;-2790;6248;-17116
8409
9283;4180;-15702;6442;8303
8411
-4324;-3579;-8702
-3954;-17365;4372;-11621;-4426
-2659;-17990;18118;-16334;2255
-2118;-15930;4779;-3344
-15107;16130;17172;-1194;11962;-12350
-16609;17973;12088;2746;-11870
8425
1027;14868;-1960;-18265
-11954;-10872;-5069;9966;17694
4553;-2811;11146;-17947;18204;-12910
9075;-13446;-15655;4573;-9360
-14934;-4953;-830
15857;-16518;-5386;17227;-10941
-13909;-13959;-15097;-3582;-6942
18197;-14971;-18365;-17326;11807;-64
-1588;-13060;-10982;17196
-4049;14099;-10296
12534
13601;-9255
-10365;10110
14673;12282;283;2108;6013;-6432
-11127;15995;5229;10639
-10755;6051;-21;13174
-3479;-9072
16048;16091;4991
12559
-4756;755;-9318;6503;-14410;-11819
-5858;-16789;-14496
-6116;996;2934;-2223;-9535;18319
4403;15684;-12135;-777;-6896
8580;11862;8510
11803;91;-11613
-9297;10820;5637;-568;-12157;-7005
8722;11508;-4632;17453
8477
-12498;12209
16673
-13124;6628;-7497;-1661;-13309
-17314;-16275;18104;8489;3243;12237
-17490;6380;12365;-4959;3999
8720;5841;13412;-1817;15099
297
-5257;17850
12610;8578;7790
-17650;5051
-3441;8673;-17177;-8846
8549;2087;10043;-8080
836;-4776;-17805;4172;14636;-13760
-12614;4950;-11691;-332;7085
-13751;6008;-14155;1103
-13250;13565
-2833;-7561;-4186;-6219
14129;11238;15485;-3664
-9642;-2971
-5897;8314;-16027;-3099
1491;-15366;18297
-7203;-17701
-8521
-14978;10470;-9674;5658
-16063;7535
9046;-541;-10413;-10717
-342
4443
-13122;-4011;16779
-2354;-8900;6916;8572;-14365;-6607
-16707;1078;-2728;-2877;399
5958;-4363;-10573;3901;-3471
8924;-17472
-16977;4468;1417;-16396;10747
-14273;-1063;-9550;8143
14118;8199;3001;-10890;6410
13436;1453;-15248
-2853;7398;15574;-17032;8027;5629
15376;4752;1798;4345;444;10509
-7618;-9127
-18098;-14298;-735
4034;-3671
-12467;-5463;8973;-8734;17327
-18042;17678
-12656
12657
5090;-6568;-15276
8566
9618;12328;-16266;11404;11580;-11903
3123;17737
10055;6136;-15807
-18162;-8036;5704;-7626;-1260;-7871
13639;-3483;6618
6343;11884;-13741
-4613;17479;-12475
8583
13464;-4877
-8929;-16851;-7159;11176;-3211
-16277;-16407;3610
17362;2419;7497;-14587
-4500
3155;-10119;10838;-2842;6814;750
151;7047;9111;13885;-13406
9776;-1939;17746;8807;-1211
6693;1642;-12269;-12863
-15972;17670;-16092;15276;10301;9711
1330;7765;-17894;9929;-9741
12707
-10388;10807
8612
11011;-8748;-316;2572
-6587;-10223
8856;-13389;13151
4525
-11448;-13562
-6130;-325;-6950;14825;-1854
-9271;-15742
-12088;-17022
13285;17366;6655
-11106;-4067;-2483;827
-7665;-6216;11451;2878
7056;17992;7018;17836;-11869;-8911
-8644
-10518;10970
7416;18379;-4863
457
17216;-2419;-16788;15256;9225;-17936
-5795;14366;-4016
-17222;-15319;-2896;-10080
-2702;2239
2913;-3091;-8487
9815;8456;-1407
4588;-17360
15042;-18071;-9656;-15691;-14863;14079
2257;-8312;8123;-2557
17186;17686;-17997
-13492;8629;270
-14194;-6820;-8156
-6165;17909;-12987;-7499;15469;-11327
12225;11223;-18298;-15658;16057;15437
-3604;520;14699;9371
8865;-9372
-13121;12530;8629;17431;-5518;1038
-1515;844;11869;13887
-8702
-14322;1137;8790;-9623;2584;6826
6421;-10119;11866;17116;12093
4962;2390;13641
-1857;544;18214
15748;-6264;-14171;-14299;-14303
7335;-18169;6216
-11492;12214;-200
12814
529
-4628
-9573;-12070;-2087;5111;-10585
16018;-16711;-8185;8344
-13636;5930;-17405
-16049;-5383;-9002;5322
535
8729
-15154;-1769
8704;15766;16551;16861
-16003;15043;-7612;17004;16684
-17411;-549;13865;-4639
1728;11205;-17063;7431;5432
3504;-7380;7939;-11398;5478;-15070
3539;16172;13599
-9063;17036;9420;7725
529;4547;-1733;-4440;9832
-5386;18217
-3425;-16339;1223;10375;-12861
8240;-421;17306
-9749;-134;14538
-551;8695;-13276;5692
15945;9194
1715;-3659;-13484;-17662;3854
-9156;14723;3945;-2828;1567;-7680
1234;-2916;-4730;15180
14085;16362;-13486
2418;-15573;17445;17734;10537;-3308
-14419;12675;3318;953;6249
16865;14597;13767;4510
5591;-1513;605
1156;-16990;15246
2885;-2297
-13729;850
-15345;-11380;4760;-3627;-16669;-7488
16867;-4155;-4316;18125;-6142;4798
-643;10371;17781;-10523
-9526;-10107;-12987;11535
11139;-17095;-9895;11899;-17135
11239;-12473;15481;-17467;-7755;10365
10518;11864;-9485
-3204;7243;17051
771;-16538;-1229
-10289;-6707
-615
-7254;-1545;17179;4526
11994;-14286;2911
-965;7384;14810;7116;-7246
-16866;4657;-1058;11946;701
17005
-1507;7315;11198
-11094;8053;13158;10407;-15803
1264;13955;-13940;3447
9041;-6391;8823;8461;14797;2766
-638
-4736
-16306;5379;8469;3098
4258;-1881;-7115
-14883;9842;6825;14668;-4302;8974
-4916;2762;-1373;16463
17464;-16816
-7681;-5483;11307;2507
1697;9377;14532;-8570
17345;-8500
-450;16785;12706;8477
-657
-780;17823
17044
5156;-399
5760;-12498;-14409
-13332;8057;4606
-1137;6704;14739;17482;-16638
-15331;10341;-13462;-9559;15752;-702
-8866
17109;-47
11321;-18156;6156
-17064
15234;-15920
-687
10547;-12202;10540
14114;13155;-1210;10874;-12267;603
-4052;8132;15066;10220
8283;-9071;13774
11865;-18014;15039
-11834;7036
2499;475;-7775
-2439;13915;5614
2930;18258
11987;-905;1915
709
-16161;-16547;1620;1563;6268;-10224
-13001
14352;-12210;11163;-12592
-13842;2292;7044;3790
4960;15959;-3819
-16468;-5237;-15815;-3239;-5018
7126;11351;3480;17260;-10350;4622
14296;11002
-2275;-3419;-5949;-2333;-15422
-14818;10003;13033;12987
13018
-15861;2837
16588;-17326
14167;9418;171;11180;14046;17294
-13030
16355;4948;-1926;3162;6877
16405;-11799;12615;13560;12238;10974
-13941;-870;14060
9685;13434;-7213;17613
1735;-17050;-14112
1521;11251;-888;12648;-5406;-14272
1408;10345;17678
11610;2926;-1488
765
-766
4321;-6230;9109;12712;8122;5500
4863
674;3030;7334;12792;17900
-18358;7029;7961;-5596
3059;13924;3448;-3276
-777
-15458;2389
-16037;1652;6119;15148;10285
-969;-16956;17452;15485;2158
4097;-4885
2144;8578;-8740;4966;6135
-13830;15722;-2688
-6258;-2731
-17362;12467
-5697;15024;-10689;-7629
12161;930
-10787;1044;-15257;-9150;-15807
17188
8997
9411;-3946;-6272
-615;-3719;-7498;18347;-5709
14736;14745
4905
-17199
1584;-7570;14994
1591;-10089;3583
16496;-13857;-14565;2518;394
4920
8193;1378;-10397
-13737;13289;-16764
4924
11618;-6919;10759;5852
-16066;-9174;16138;8397;-16510
15396;5914
13968;-11394;-17382;-11526;583;16727
13698;-12822;2603;5549
-11665;6732
10568;2557
-9030
16256;-5325;-11773
8018;35;-13784;4889
-13362;11638;4934;-2367
8338;11971;-5477;17941;2123;15099
6912;11523;16021;-9033
-6724;-8165;-17589;-10615;-1917;15485
856
12197;-4614;9446;8;8399
-2641;14624;9299;12358;-16908;-3584
9288;-156;-16381;-1789;-16400
-5199;-7952
-8195;14323;2293;13113;-1722;5626
6708;15879;13178;1052;9103
-2449;10851;12943
-17252
12003;10491;16252;9885;9582
-5573;-9034;-10204;-2573;-16846;2397
3232;-10417;-15989;20;-13513;-1072
-18257;2627;9939;5063;16663;17607
-12834;5286;-9712
17778;-16902
-14562;-14075;3183
-12673;-7026;10423;8397
-8050;8931
-1425;11712;-7830;17575;-15053
-13174
-7797;847;-14416
-1178;-10860;7294;-7151;16879
-17795;16419;3175;2408;-13295
9648;-6979;10514
-6721;-12246;-14700
8577;3782;9022
-13809;8811
-11799;10715;-8285;-6207;6479
7692;-2621;12220
7808;-2115;2488;10956;-10894;4957
13202
-4563;-11273;16750
16247;11352;-7545;17294;4527
-7465;-1643
-917
6824;10478
17303
12496;-2418;14327;14184;-13050;-16428
13381;-18400
18432;16819;7141;-12492;10028;-6238
11792;5778;11367;13180;3692;-12110
-932
5056;16067;-1749;6134
9126
6976;14849;1957;-14655
-14882;-14839;-8079
17554;12054
-8580;9461;4152
-1813;8437;7542;7561;16074
-4945;8756;-2693;-444;-17997
5209;10105;14301
-4772;6420;18055;15785;-9967
7537;-9911;-10862
17526;12093
4769;-9815
14530;14613;12216;16938
-956
1065;14253;6125
4228;1927;-15311
15059;-15495;-13983;1166
-9158
11236;-2426;-16283;-11484;-14782
15873;11299;4979;16612;-232;9786
3617;-1747;10932;16692;2393;-6335
-13411;4658;8007;13436;5502;-4928
16324;15883;-9582;-17552
13089;8370
9713;11862;8078
6020;14891;-15871;8239
6268;-15453
-996
1272;-14557
-5095
-7217;11360;-15795;13541;-2893
13313;-245;-5340;2367;-15200
-9864;5113;17274;-13534
-1012
-13412;-15989;-4119;3835
-17398
10293;3925;7276
13986;13202;8505;10377
5346;6962;-9635;6996;-14782
14722;2679
1909;13402;237;18237
-9210
12706;17531;-10012;11179;14670
-11493;-8744;-1263
17404
-6865;18257;18301
13311
-2210;-10389;3637;-9303;17241
-6010;15229
-2133;-7849;8952
13187;8308;-8173;11805;8671
8994;16613
-15625;-18175
15495;-13834;3934;3631
-7871;-9552
12256;4609;-11774;8237
10233;-15370
14130;15895;-217;-15581;7295
-1330;627;-12630
12689;-6548;-5846;8941
14369;13948;13932;-6606;-9231;15598
-18132;-18006;2157;-12127
7665;3699;15612;6654;12479
17009;15715;-12935;746;-2173;-9117
7633;13602;10309;2278
2919;-9419;-16140;-11183
5299;3951
-9297;12675;-10487;1949
-7671;12998;3935
10627;8243;3940;-17643
13254;-12569;7866;-6044;-14765;-9294
17459
4497;-14820;11973;3062;4555
-2819;-10549;2599;14008;-3407;13535
17610;-12699;10252;-5886
-10615;3898;4732;13981;-7519;-5568
14997;-1616
14626;-9925;-11370;-10811
-9288
-15137;-5881;17164;9052
1937;-5236;-2231;4427
13394
5106;-10311
6083;-11289
774;-7947;1614;4447
9307
-7493;2101;-11738;10428;-479;-14416
-8916;7798
13522;-13637;-10214;1719;17919
15769;-13131;-10445;15853;-2832
9313
14118;7351;7783;13210;-12667
4656;10227;-15912;3165;-15551
-18150;12922
-892;3356;2764
10160;-2645;-11173;-648;9535
-9334
-17528
9338
8868;-3624
-17533
-13437
-1151
-16702;1807;-2640
9650;10340;12965;9163
10034;-15289
-12039;11449;-14330;-14912
14290;-11670;16056;-652;-4576
-5329;-242;3704;-16985;9497
1164
8522;-3261
7924;13722
-6035;-11517
-15523;-404;14583;-14367;6351
-17202;-16921;17244;15596;-3982
10392;-15658
1508;-6774
32;-15985;-12103;2151;-16812;-3517
-1179
1180
9536;-11093;-16840;-10300;9931;9389
-16515;-11028;2915;16186;5388;1869
5280
-9387
-13636;-15015;-3227;12267;2031
-1197
163;-8068;-4277;-5405
14417;-17676;12654
-8241;-14053;-7031;-12841
949;-1782;13606;-7912;108;12622
-18247;17035
-10786;6737;-12309;9799;12206;7855
17216;3812;12956
-16037;13608;15935
-3652;1123;-2261;-16910
-6673;-14753;-1635;6530;-10533;13556
7145;10462
10480;1889;15476;14921;15805
5325
-5326
5729;-15108;5524;9181
4578;8167;17704;5276;-5661;8031
6848;695;-16648;3832;-16444
-13698;-1203;-3987;3622;1739
-15255;-13500;2939
-8289;18418;-7923;-12372;10499;9101
-13533
-16673;10641;10802;2228;-12151;14589
-8388;-6317;-2926
-11874;4724;14772;-12969
14928;-10322;-12185;17022
10579;13924;3462;15046;-8989
13328;9538;10979;-16854;3371;-6812
13551
6769;14975
684;-14238
-805;-1545;-11497;-13579;-13695;7087
-3060;-5079;16536;-18219;-10476;-13740
9698;13702;-10792;9146
17659
-16979;-18154;4569;-506;1119
-13568
1280
4934;-6221
-7779;-7336;-2397;17949;-1726
8512;11697;-12566;7754;-16687
9876;15989
3883;8575;5215
4882;4601
-17676
17120;-11752;-4313;-3578;16106
-6883;8180
5544;4523;11710
432;-13283;13752;-889;-1311
-1300
6583;-11982
-10660;13383;-7611;-8221;11805
-4273;14608;-8963;9524;-9591
17953;16068;16170;8461
-8609;-4989
13475;13834;-5518
12113;9954;13651;13980;765
-5415
17709
7057;-1636
-13025;-589
-13615
-14073;15241;12075;-2109;-12015;-16831
-5010;647;-828;-16621
-14209;13283;-18248;-10330;6633;-15325
-3831;13831;-4170;-18380;7116
7698;1831
9079;-7740
10417;3762;14074;1759
-2019;-11206;15879;6552;-7865
-178;14184;12395;-8748;-4016
12531;-13001;-14810;9849;15308;-335
17735
12481;2722;3749;15062;-8951;-11420
-417;14063
-17744
-866;13412;-4855;-443;-5886
6944;-6069;-16118;8888;13866;-12976
7681;-17764;-16165;-10373;-10506;698
-13672
7523;36;-7498;-5548
401;11506;-3365;-10283;3131
-6452;902;14666;-16203;-10895;12495
-4156;9645
1536;-16465;-12147;-908;8253;6045
5856;-14530;12843;-4893;15853;14943
-14001;-1955;-69;-1718;-12206;-8319
-1404
3206;-16424;-16859
-17790
7207;16554;-14159
-5521;15874;-9604;8857
-17802
-15233;-12213;1451
-4195;-8151;16524;-13789
-4273;3056;-4850;4481;14385;9100
9615
-16406;7769;14156
453;-4634;-3802;-14106;17645;5870
-7652;6372;-949;-15082;7692
1428
9504;-15029
17815
11456;-5345;11106;1060;-9926;-13881
-1813;11439
3347;15975;-17885
-3617;-11893;-17254;-5990;-16855;-15465
1091;8541
-8804;-14555;5533
-12038;4119;-12795;1419;1468
-9345;-8289;13605;17429;8524
-17009;7122;-103;14102;1431
-13737
5544
-16723;2074;8462;-7552
3728;6691;9258;2253
7493;-8458;3641;-4128
-6242;-18387;-9593
-13742
1456
8929;-2580;3301
3987;-13640
17847
-1123;-4363;-17163;17086
-13757
2464;10227;-8741;-11014;8533
9661
-17140;5732;-7038;4685
15255;-9368;-5371;8622;16911
-6260;-8152;8615;12663;-17915;12524
17376;-12645;-12618;6410
17860
9505;7795;131;-11416;7979;12059
-5138;14807
-3233;12903
-12626;3141;12328;5289;-10575;-15424
-15237;-5991;-16839;1511;6397
-4129;-9650
-10531;357;-15831;-13069;9854;-17327
-13786
12774;-5005;-6271
-1502
-4055;13448;17738;-1053
2848;15040
10400;6772;4518;4390
9813;11033;-11149
6123;9451;-10109;-18413;-13135
-12872;-4681;11948
17842;-12237
-13799
-13414;11903
-1123;4500;18261;-11933
5505;-4754;762
14657;-9204;10296;-9660;-9277;12894
-4305;8369;5223;-8218;-12861;-18397
1517
1741;-3263
-14721;-15250;-6246;8170;14220;8205
16452;-6842;17053;-4656
13816
17249;1625;-5246;8381
-13165;11628
-4817;6353
-1697;7281;5169;-16388
-5637
12022;5903
-475;-1069
3956;5001;9452;-9742;1069
-15762;3892;-11116;-7232
8387;-9430;-7947;7438
-983;9719;7065;-42;-1918
16064;-8785;6563
-4482;12466;-5107;6884;12277
6949;-16701
-4274;10439;-7728
13850
-1906;11662
14993;-11235;6270;-8463
5663
-5304;-7948;-750;-8046
-13859
8326;11592;6233
3864;-3929;18030
13504;2262;2199
13870
9729;-9539;6499;-6879;5870
15656;-15835;-17792
-2007;7691
16336;-6471;4647;-6873;-13325
-14708;4694;-4267;-3695
-13475;16963;-4420;5574;-3048
-9790
7680;14870;10860;-9774;-17936
10689;12040;7597;14398;-14448
4709;991
14464;-18050;2057;-16462
11825;-17534
-18008
-3521;648;3913;4955;12013
-13641;-12560
5140;11221;7256;16760;-1886
9822
-13684;7558;4492
10563;3358
15921;-10565;-8597;2437;10711;4015
18033;10274;-5319;7319
-5733
6327;3815;6712;-2927
1640
6724;-15013;15974;14010;1147;7471
-12088;10445
1056;4682
-18030
11699;10426
-11107;1093;11005;655
10738;17971;2089;-8669
4347;-7135;-2959
-13942
295;17742
-12946;16328;-18217;9083
10641;-10419;5475;5481;-14906;-10219
-12625;1651;16264;16298;7738;5100
-1684;14837;-9417;-2077
2724;-1064
16768;11217;14081;4851;-14683;-14188
7075;11171;7449;-16348;16892
913;18370;12179;-8905;-5754;13535
12263;2360;8504;15643;-5727;5487
1667
5763
-4978;16983;-11593;13544
-17668;16340;13271;1149;-7327
-6056;15917
-17594;-12749
-1677
-17729;-16722
9875
18068
-9878
-10337;-7733
-13977
-1143;-11800;2680;4475
4819;-3700;806;-16232;-13533;13853
17093;-1590;-14042;-1212;9643
-14994;7115;-5213;-5183;12478
481;7732;-4427;18396
9895
12020;-6221
7622;-13423
17174;-3179
-18095
-14001
-9907
-13634;-4468
-9910
2035;5558;-7183;-14416
14005
-5002;-2107;12924
1600;15040;-10824
13361;3799;-12170;4925
-9916
98;125;-14238
1189;-7016
9924
-1369;-16350;-399
5825;-15892;5140;1158;5502
-10577;611;1814;-18235;-1083;-15230
-11236;1303
-6258;7443;15077;14150
-6211;2469;10293;9497;-17789
12656;5267;-565;-15616
-1227;11163
-326;2310;-6904;8328;-11161;17691
4219;-14158
2515;7747;7305;-3532
18002;17161;-16299;-4702;-127
-4931;17317;-14139
-7462;-9446;-5782;4990;18063;1391
14130;14404;-12009;-1177;-17103
-1790;-8159
-5858
6304;8337;6900;-18295;-1546;4157
-16501;-18032
-1766
-18151
10000;-13603;17478;-3916
165;-4758;-5368
3971;-5741
12946;-9639;-6648;-2526
433;9534
1460;-15637;-7164;15468
7393;3627;-16895
-1457;-10980;-13204;-8910
-16545;7414;8618;9691;796
-3689;-6286
-16321;17468;4734
-5885
-3461;3941;3639;9465;493
-14241;-2659;4485;-11211;5451
-7667;9590;4295;-15675;-15662;-17632
10610;-9652;2535;-11721;-17116;11260
-11219;1351;6151;-17209;-16459;-13567
-1844;5593;-17838
1801
7155;414;13006;-6479
-5911
3041;643;469;5855
-16564;13972;-11515
18401;3316;5493;17814;14199;16328
7154;11860;-6473;17242;-14107;-17500
13184;10227;-4489;11577
-11858;13686
8306;-7173;12180;-6088;12712;-1723
5928
-13973;7877;2214;8088;-14012;-4318
-788;-2437;-12280;-6813
-1840
-289;-1554
-6611;-10021;-13084;-174;-18400;9583
-5946
-8519;11335;2829;16687
-17571;-1945;17981;-12607
5954
-14152
-10058
1592;8477;14638;-12399;8046;6095
-10069
5474;2855;-1834;3545;-11919
-7397;10760;1211;17789
-12024;16312;-11915;2460;3279
-817;11987;16582;15095
-17431;5884;13438
-13858;-16712
1900
-3793;-13526;-17350
289;-11508;5446;8971;-17326;12222
12929;15508;1860;10678;-6298
-15946;-6447
4628;-14712;2376;11947;11085;-5214
-2307;10184;-11930;-2347;-11904
18303
15216;-13286;4438;7759;-15488;-560
14210
996;-16726;-3078;-15883
6225;1654;-17997
2610;4885;-9424
-15905;-12932;-69;-3494;9242;13036
18316
-16148;-2694;525
-9166;-5056
5074;8807;5514;15309
18324
14658;-18276;-8757;-3867;6108
10139
-14354;-6699;2716
1953
12545;4819;-5838;-9568
-14248
12276;-10317
-14249
6153;-93
-8690;-17240;17370;-13181;3391
18163;17079;3593
-14261
-6072
-12599;10616
-8948;18133;4058;-15229
-18371
6082
1809;-14135;-12747;6701
11202;17653;-6975;990;-12688
3394;2694
-16307;8468;1739
11473;-1444;-9691;-14639
12705;3064;5960;8956
14652;-8543
-6356;17621;-7209;11480;3677;-4911
5594;2475;2140
-7697;5344;-5268;5829;9640;2363
2161;-8746;12702
15335;4876;-5901
11569;12145;-12296;-11721;-16506;6586
11521;18142;-959;1998
-8098;-8068;5171;-5529;14492
-14685;16716
-11045;-10005;4666;10255
-12404;2004;9878;-3432;1918
3025;-6082;13571;-4204;12110
2853;-8123;-13151
-17290;-12027;-10828;7723;5804
3949;2191
18429
8629;13896
-12003;-6432
2116;-12423;5112;15438
17283;-7039
-5265;-18386;-12469;6312;7274
9825;-5060;14908;6077;-3215
-2058
-14349
-4546;15991;2315;8781
17;-9379;102;-2074;-3019
-14354
-4771;-470;10087;12216;7325;14543
-6986;-16046;-12095;8479
1987;9509;6840;17514;10890;-7804
13649;13797;-13081
7511;2778;-6285;4524;-9726;11470
1699;-821;2808;-12986;-5069
-5620;18086;14199
10833;-6771;-2771;2452;-5835
11888;15024;-8913;-2374;-17723
12306;-4295;-18301
14564;13494;-13671
14390
1429;-5270;5944
-11802;-2591
-10212;9125;15479
15528;-174;15423
6108;94
1664;8055;-5593;-17966;11806;4142
23;3468;10143;-15744
2290;8014
-7780;4612;17188;8727;7611;8620
-3659;9708;-4301;13229;-5119;-7744
-5030;-5639;-6152;-4715;11979;-13038
-11202;-5251;-15493;-9354;6414
-8889;-4443;18188;9551
-18245;-16951;-7210;4062;-17024
-11107;4394;1196;4492;15439
5492;-70;4873;-16236;-719;4526
-10326
-9377;-17010;4577;-17015;-16427;12155
-16520;-15641;-3116;-16013;-16383
13025;13187;9291;-12878
1490;13044;-12389
-13926;3583
10083;-13401;8297;2698;4971;1791
13634;15716;3592;18365
2156
5428;393;-1212;9837
-4786;-2660;-2277;6758;-3290
-9336;-9209
11600;7957;10057;-16283;-7821;751
-10358
6266
-14460
-10365
10364
-13890;7409;12417;-8112
-2178
1136;-10083;9475;-549;-311;-5945
-1048;-9328
-2355;15555;4228;6230;-10286;-2992
12289;-7027;13314
17346;-2563;8963;11215
13266;13554;-340;14728;14238
-537;-11790;-14448
15684;-13485
5537;12386;-3433
-11811;16004;-632;-1342
-8049;1731
-6274;-3607;13673;4859;-10877
-12084;8211;-9974;14391;13976
-11178;747
-5489;6627;13370;-9597;-270;13982
-4468;18372;6708;10299
-13559;-13742;-16814;-15471
2306;-3083;-9659
-1798;17431;-2558;-2640
-2245
-10051;5715;-3960;8845;1695
10097;-16441
5042;13590
9729;483;-265;4589
2249
10443
8101;14631
3874;-7252;7478;14540
11795;-13909;-3302;-13226
-1425;17042;-6868;10810;-7883;-13936
-5909;18357;11896;-6748;-9052;1915
-2271
-16627;-17830;-3463;-1402;12474
-8115;-14639
2528;-3220;3528;-17403
15457;12882;-1607;16506
-14569
7361;7212
-4708;-15206;9435
14053;14774;-1114;17502;-18352
2336;10039;-14664
-15524;3589;-13146;-9978
18225;-662;17499
-16966;10774;12585
-10491
-12273;13619;16262;-4236;-2880
-12148;-9990;-14522;-6927;8511
-14485;-18038;-1786;12940;-9613
-3546;9951
8576;14220
-14608
14607
10516
2324
-12453;15445;4679;3369;-7244;-1470
-12085;-6229;-14695;-10280
9878;-5368;-9034;-10095
6427
-5667;7812;359;-18363;4155;1180
-14622
4054;2381
11811;7171;-7991;-4555
-6054;16203;383
-8714;-16268;-18320
15513;7309
-12326;2389;-4396;-8492
17664;10549;7269;-1673;17691
272;-17140;-1828;-12329
6455;16379
-9270;-12166;-5674;-12;16398;-8016
-12983;-5760
-14119;-2282;14042
-16890;-10046
5315;-2793;-15117;14956
8982;1577
10102;-12317;6252;2253;12525;-4160
-14485;16856
11921;-4235;15167
16729;6124
-14289;-15493;18279;-3161
2378
-82;-14588
16389;-11305;-4778;11962;-5788
2387
13318;-1497;235;8845;10158
-7633;12114;-9704;-13867;14541;-10127
13384;-9310;-6463
15473;12697;15179
-3073;3922;-12886;-10062;13373;2239
-5218;-12965;-7574;-13501
-6852;16598;17177;4143
-16130;-6331;-8608
-17608;5114;15901;15374
14148;763;-6798;6573
3234;5131;-17869;3004
-14049;450;522;-1616
6505
-10195;-6995;12835;-18230;5533;-9935
-15570;-2919;-12999;12886;16191
-9299;-1304
-7330;11540;-14428;14844;6189;-13231
-6130;-13442;856;4012
-6802;-11048;-13757;4607
6519
16496;-819;11987;-15766;4601;-5884
14628;-17053
-14737;12311
-13073;9604;1036
3204;15613
3558;-13612;-5581;911
-9634;12069
6832;675;-6532;100;-3513
4881;-15811;11589;-11706;-15967
10631
-11665;-11355;-5452;-16461;1532
-481;-12164;-16438;-2295;265
14147;-11289;16189;-223
-10396;-16621
3875;-5845;13509;-3464;-17164;6637
18192;-11666;4674;9700;263;9962
17447;5487
2706;13575;7255;16971;18110;5279
-3026;-15267;2972;573
-9571;8787;15784;-12539
-6545;11041;16004;16183;-8618;3070
4533;6918;7401
2740;-5926;9750
6567
11602;-1852;-12222
2944;-993;6747;14254
10664
6349;221
16483;-16614;-9878;16457;16508
9204;1371;7614;-15712
631;-3115
2901;-17678
6752;11745;-5235;11317;5526;17439
-13508;-9015;-448
-10687
7076;15899
15138;-12949;5159;15629
2467;9673;-5546
7905;-5845;2697;-13227;-15406;-7295
-11987;2420;-14838;13145;-3533
-8226;-7349;1772;-13389;9837;10749
-5281;-8602;11373
10532;4267
-16435;-15047;-11322;-4768
7697;7383;3822
14810
-8177;13553;10834;9737;-7039
-10717
-14815
-4115;10724;-3845;-5293
10721
5873;-17676;14333
8340;-10875
-10733
10876;-8336
-1365;-16950;17051;-9470
3684;1380;9766
11873;-1667;16674;-17555;12085;5709
13590;-6951
-15587;10936;15387
3073;10961;7542;17833
9602;6118;7113;-16190
6647
-14844
17063;-18040;-1584
1425;-11427;8522;2859;5279
-12421;-10624
12296;15662;7375
1986;16264;13454;11310;12799
-14856;-7291;15485
-2568
5265;-8981;-15237
-5379;-5384
-4179;-7075;8343;-622;958
-8022;-6844
-10772
9699;2153;3019
-18116;-13927;-11501
2587
17489;14294;17959;1112;14538;2734
-13475;3092;8204;-7952;-656
6691
-17122;2321;-10308;19;-14383
17121;-12213;6740;-14765;18397;-8575
11744;358;-17208;3614;-9312
2034;4677
-2616
-14905
8784;-17761;18305;16836;9350;-12413
-4049;-13011;11096;16782
6052;3397;-12203;125
-13969;-9187;5769;6969;17722;-18127
-14922
-16321;-6389;12484;-8797
-6739
4179;-5013;4372;8916;-15097
6674;-6889;-11372;-3344
14550;14955;-6382
-681;-14252
4827;-7472
11681;1686;-16015
-18116;7795;-17303;15259;-7855;-2912
16739;-6821;-12902;-12555;-4172;671
9655;842;-15711;11967
7409;-6109;9549
15408;-16388;6965;-1625;-11117
-465;-14066;13602;7691
-3062;12310;9802
14956
11998;2959
9778;13372
-15012;-16331
9989;-8153;-3548;4382
-1320;15481;-7389
-4657;-14393;-12300
-17586;6715
-12211;-5844;-15575;1368;8987;-8077
-1094;6824;-14765;-10030
-10875
10880
17025;-13347;5539;-11926;13592
-12100;-12948;600;-15114
10736;16540
2712
17525;3781;17640;3161;-8734;10303
-14084;-740;-7;12008;-10797;-13678
-15010
7975;7035
-13185;-12646;-3959;-13904
14733;-3807
9488;8274;7770;5660;-10416;-9840
-11732;-552;-13420;6509;-12223
-2747
-10940
-11250;13266;11602;3586;-14457
7973;-13080;-5416;-17065;5931;10716
6847
-18426;-6046;-2863
6115;-11351;-6105;5801;2780
16064;9238;247;13386;699
-16355;-5124;-16421;-6453;7275;-14845
7910;-11671;7594;-14798
-886;12294;7755
-6293;10504;-16220;9229
-3555;10430
-7734;-7928;-15792
-14017;-13342
8739;-14027;-16012;-6764;-7487
2739;-10661;-4458;9595
14083;9183
6883
-931;5285;-15335
-17366;9000;-2621
16160;18307;5193
-14259;-3561;2733
8962;-3159;-11368;8057;-9392
-6935;-12253
-13685;8172;14510;10191
17089;5346;-1604;11507;-11975;15214
13472;-16454;-10169;-18331
8641;-11811;-7683;-1447;-10151;-17225
88;15113;-7007;6910
2418;4711;13353;-2524;5342
-15137;17025;3862;-18023;17511;13966
8994;-5754;10973;-11390
4769;-7673;-4016
14033;10855;3479;17323;2189
-11127;11782;-7576
2827
1904;9216;7397;-8999;1098;-3693
-8161;11997;-1007
-711;7417;-6702;2413;8605
-2833
-16486;14424;8937;-1917;3101;-10896
15238;8079
5648;17669
-4019;10460;8686
-1635;-13930;-11853
-1960;15113;9402;6238;-1375
-18019;6982
5982;17342
-6942
-15235;-12871;-6008;3752;-14810;-6828
7601;18276;10359;-12665;17577;-1436
-6579;13524
-707;5107;16568;1306;-3039
2560;-17237;-678;8294;13082;9119
14547;-2631;-984;-8079
-11494;2473;-17549;7326
11057
-11061
-9042;-18170;-4330
10352;834;-4568;16734
6379;12878
-3110;-16154
15169
-10001;12884
-8423;-10846
-1641;-13533
-4423;11993;10108;15085;15182
-3587;-7495
11081
-199;-6439;-2767;-5776
1744;-6484;15831
-12471;-10912
-15785;-11695
-11106;-16035;5749;14389
-18225;-5911;6153;2783
-15204
5889;17507
8837;-1782;16342
16803;5065;13065;16361;-4667;-6844
-6230;3366;-8252
12866;8061;14766
-17905;-11782;-6007
-12243;2146;6245;10839;-14012
10675;9933;-9487
2932
-10130;17253;-14486;13324;-12991
11249;3878;15356;-7069
10693;439
13536;12304;-16857;16988;13837
-12434;9891;-7732;-12821;-8281;16139
-1794;4919;1706;14510
16593;-6936;7499;9547;9023
-564;9720;10556;-15133;10669
9766;10793;6346;6394;-1662
13779;15496;810;-6640
-13297;-16212;-15815;-6794
-12843;-14699
13464;-9178;6875
13310;10143
-15624;4456
-12758;15735
-14533;17510
15939;16323;6024;9832;2045;1967
12624;-2741;4327;-8284;17535
15270
4874;9948;-17807
2453;12827
-6707;-10803;10418
6676;14086;10503;13564;-17247
-16740;-7162;12954;-6732;-1712
-2071;13270
7827;-14933
2439;-11355;5903
12576;6821
8497;-12263;-12872;-2057;11583
9504;4083;-372;-6411;-4957;-8960
3024
9585;-6558
11223
14368;-6385;14260;15765;-14494
-15956;4789;-16446
-15325
10450;-13488
-13336;6201
-2705;1333;8509
-321;11697;13124;-1513;-18378;-1567
-8995;4185;-14846;10030;-17999
-2353;-16163;11369
-9620;4485;-18398
11017;-7964
-16246;17158;14430
-3222;-8345;-14204;-8204;-14684;16927
10816;-6324;-12313;665
3060
-4834;9283;16698;2395
13408;-5893;-5002;-17867
4241;-9746;-15352;-12060;17563
4835;1523;16340;-16525;990
11260
-12326;16043;14332;1405
16657;11602;11676
-6914;5736;16297;-8876;8749;-3727
-1046;-18424;12297
384;-3826;11857;7209;17722;-13885
5954;-7748;14787;16531;18039;12860
15329;8233
-12163;13594;1997;-14703
9504;2946;2920
-10916;-8939;-12780;2843;-14256
15731;-2036;-2411
8690;14882
5361;2386;3540
-15763;-3748;30
-15386
-16997;-9994;-9306;426
14848;-12229;-14887;15389;8174
-15635;-3856
-10897;-11095;-17980
13878;1518
785;6429
-18159;6847
-6612;14740;-13991;-12171;2623
9936;-17894;11466;14332;-14717
14313;17484
-2776;9351;-13738;-9804;-14831
534;15865;16715;15068
-2258;16966;-440;12167;-14430;-687
-1129;-18383
-7139;11124;-7117
-11926;-16201;-7774
-8369;13460;7771;-2782;17886;-12544
15423
7233
-2963;10278;2407;15495;-4607;-5183
8832;-12194;8198;-4829;7228
15811;-17897;5230
1121;-3667;9786
8118;-11591;-17368;-6880
-9810;3191;-12366;11743
8658;-16950;15534
-4597;4645;5957;-4039;13469
-17719;14566
-5858;13334;-14727
12690;11909;3132
-15444
-12725;7772;-1231;9343
3161
7257
-17171;-3511;489;-15594;15470;8959
-7023;-240
-14147;-17814;8310
-7266;-8532;2821;5093;-2315;-17549
15712;11170;10391;10957
15467
-7277
7276
-5363;5122;3698;-6640
14968;8702
-10519;-5465;-6969;-4815
16035;-12843
-5975;12039;-892;-1980
-15154;372;-6443;13933
12715;-10301;17167
-2728;4264;5758
-8179;1540;13935
-15494
7311
1415;-4635
13536;-3436;-6877
-6628;9852
-18115;-17625;-16638
7765;-440
16448;4834;-11402;9834;16285
-7956;16919;-121;2585
6753;6321;-12100;7525;-9118;16143
7336
1398;-5210;11148
-8625;-8919;-14377
11892;-14684;13740;14813;-10287;63
-13574;-5067;15391
3250
-14340;2647;-16712;-1006;9775
-14049;5604;-3446;15512;-4860;12687
6345;-3087
-5156;-16821;12872;-10540
-3873;-3485
9780;8118;-14651;4111
10435;16903;5563;18012;13790
-6902;11754;5995;-2814;3422
3263
7362
11460
-4819;56;-11866;4300;-3230
11462
-17939;10442;10767
10851;-14124
-561;12458;-4623;-12351;12446
17728;17943;-1401;-7099;8879
9076;-12556;15403;-6509;6061
7380
16545;4007;3913;-16779;-304
-7384
-8305;2150;6806;4137;-18091;5918
16005;-4137;15998
-1635;-13686;13112;-6619;-14959
-15598
-1394;17365;-1209;-11452
-1057;-16322;3300;10767
18068;11671;3320;-521;-8747
2745;4507;8351
15609
-15611
-15613
8263;8460;9996;5278
13258;6605;10541;8415;17759
-1685;9188;-11386;11309
-7427
-3331
5396;6136;-9898;-9068
11529
-914;-9272;3436;-687
5780;12380;9757
-12527;-15392
16918;-4041;-16220
18148;9879;-11244;-5406;-8032
14833;-6613;-2953;16235;-1773
-17717;-3646;-14752
15284;-3941;-8153;4253
17232;4642;6469;12246;5516;10495
14752;-3317;-10663;-16413
-6418;-18346;-8462;11230;-1839
-4875;1519
-13266;7122;17695
13947;-508;-1838;8143
12372;-4477;3660
9328;2026;17339;-10126;-18207;7103
961;17489;-1450;-667;4877;10830
-13446;-17400;-15340;-2240
9907;4232;9119;-3504
14003;14021;16102;8477;-12367
-2916;2708;13029;-363;-14475;9485
15663
-3383
-18246;-16026;-18268
16049;-12553;-6891
-3397
-16722;-3538;-4966;-8140;7598;-14495
15687
4340;15979;1851;-2381
3571;6568;3817;3549;16190;6574
17410;-5610;-203
-17366;-2487;4070;888;-4895
11603
-12322;9923;-17400
2363;1052
15705
-11841;-8235;-7919
1476;14231
-3420
-13874;11969;-13075;-4826
10917;12986
-9962;6553;9245;-17455
-3026;10642;-13557;-1583
11626
-9395;-10647;16604
-7534
15138;5926;-6011;-7519
-10866;-4514;8196;6741;6542;-2656
17601;-13075;-14851;-5408
754;-5540;10884;-17256;-4576
-11638
7205;-12888;-13002;-14842;9595
-11159;-4584
-8277;10920;-2618;-11674
-11650
-13701;4070;5432;17081;-1231
7555
10596;-1369;-1099;-2732;-17054
-15106;-5836;-15293
-2995;-473
18401;-2644
7569
-10689;741;17528;-7516;-637;4046
11669
2177;-14088;-1833;2296;-12512
6908;668
-12914;-15845;12989
-9461;11911;-13083;5726;-14960
11678
4580;8551;-637;-15984
5393;13977;-17868;-9101
-7600
-2613;-14825;3849;-6301
16049;-14661;5830;12011;5196;3662
2093;9614
-6757;-16042;11084
-6841;-4878
3530
-6018;6515;3034
-12710;6920;-18223
10004;10198;-6185;1995;-16127;-3423
-725;-11243;237
1762;-2419;-1015;-6124;397;15038
-18418;7286;2489;6154;13018;-2880
7888;-9461;-6534;-15255;4814;2703
3562
8176;-3048;14391;12716
2628;17319
9059;-5492
-15090;818;-3604;-17559;-9933;-7357
1605;-12520;-18140;-1373;-17262;-17327
7673
885;7114;-316
-10612;14205
17889;2385;-500;18291;-13989
3523;2086;-11609;-158;-1536
-8134;-11031;17350;-1789
-13031;-9738;6875
-18225;-5863
-7953;12586;2426;-10653;-16399
-339;-13964;-9789
16288;9265;-17283;17986;12278;1944
-14498;17459;-9256;7339;14862
-5714;-4086;10054;2264;-5292;14587
5601;15993;12572;10415
-11985;12855;13785;-13707;-12765
3539;12151;-16777;4954;3855
-11822
-3571;-7156;-14548;-7029;9668;10811
6213;-5415;-12903;15738
-7735
16532;278;8966;-1657
15249;17066
2324;16053;-5896;3453
9670;-16539;-5085;-12174
13335;2600
17687;-16906;-1836;4702
-18361;12504;-13789;3709
-2948;8180;-12406;10823
-16787;15827;183;-11065
14208;11668;-5718;-120
1313;-15618;-5779;4666;-12815
-51;1829;-9532
-13522;-6521
-3667
-7666;-8291
-17;-3655
-14591;-17760
15524;12774;-17208;14091;-5119
7774
9636;5626;-11583
11873
6307;-9991
8738;-16052;-5046;478
7845;14197;-16022;11462;-5659;12346
-14546;9541;-14615;-7675;-14893;-14752
16560;-8770
-5745;-15622;4598;-7255;16232
6486;17692
8553;1612;1726
-1013;-9143;-11306;15853;10302;-992
-10056;-3544;5213;4333;-3744
-5202;9715;-8216
-11843;5190;-17533
-17653;8710;16745
3219;3875;15127;1112;13883;11547
11254;-713;-14250
8608;-7419;-14411;-2207;17311;-5600
-16177;-13736;-5131;14157;5278;-12687
5748;-9468
12112;15949;237
17175;-10603;5343
-9506;11474;5782;10746;13900
10950;16072;-15102
8998;-17710;12446
-16866;3441;5234;-6185;-1647
-4338;452;-13126;14202;-15707;2494
-12535;8799
9561;-1914;-8845;14236;18092;1279
-7837
18164;-6231
12210;-1219;7380;-14263;6072;1755
11111;4921
17840;-5904
3745
3169;-8950;17719
13888;-2690;-11269;-15751;-8139;-267
16833;-13511;7111;-18283
-4802;15204;6550;13354;7150;3166
8688;17187;-5645;6636;13758
3953;-8681;8699;10495;17967
6018;-11976;6636;-13949;3438;17694
3767
16304;-17026;-8804;3828;16073;-2511
3877;11867;15388;13599
-677;16676;9657;-2732;-7068;12492
15145;-1002;-16238;-1680
3774
-193;-15873
18256;15121;3300;12156
11909;13237;7574;-11163;10892
-6994;10821;12789;-89;11838
11473;16179;7460;8772;13639;3613
-9045;16939
9456;1433;9294
10071;-8265;17596;8974
-11995
-5345;-401;3239;3913;14685
-11682;4947;14638
-13634;-17666;-299;-9180;-2301;14687
-387;-8073;-3549
-15443;17123;-16952;7357
2825;537;4442;-15723
-3129;6955
7744;-16006;-14393;6538
17409;-3750;18199;-16266;526
14210;-2071;-111
17393;14931;-3924;13767;-7387;-2271
-9463;14249;3147
7730;8071;-11962
-16052;13590;-13129;-8730
-5845;1998
1808;16225;10417;-12618;-3792
-16259;260;18004;676;-2138;-8492
-14709;-7749;-11975;1642;1148;15502
-11898;15547;-7438;7374;-15632
17490;-474;16427;-13824;4719
13137;-13506;9737;6779
466;-1925;-17557;-9423
7624;7388;-2957
10148;-2189
14873;15914;14155;16268
4117;-17128;-15438
-3041;11010
3873
-6753;-10403;-18186;1565;1230
11320;2378;-9820
-14641;14354;-15316;-11768;-11390;-6078
12080;-8
2405;17688;12460
-17893;-12745;-15884;4863;13199
9153;-11715;-5465;5690;-9741
-10771;6851;-8160
-2593;-2598;-16217;12649;-3835;511
-2772;7621;-6092;-14941
-1921;11474;4789;15034;4874;2413
-12089
-16966;11893;1174
-3877;-920;-1001;3481;-13870
-14401;17317;13277
-14338;-14103;16343
-8033;12256;4051;4564;11548
8416;1121;6422;-6588;-17376
14704;-9314;-17493
11331;13062
-11028;3014
276;15590;4438
9005;-12928
12119
-12788;16716
5207;1624;13225;-12029
12117;-4087
14897;15715;-2102;-8347;8348
-3443;-8859;4270
-7107;-928
12132
6112;-10021;7850
8040
-8915;12861
-7912;9739;-1311;-4464
-12142
12142
12992;-9652;-1317;10119
240;-17171;2824;-13033;16505;-13804
4369;-408
-10826;-5434
-13829;10410;-4653
-4979;-13747;-8387;17258;-9580;-13214
14720;-6150;-16759;-3229;-4847
-8073
11073;1671;-8762
-3985
-18425;1353;8990
9683;8500;10379
-3575;-16043;4075;11965;-12704
10734;17838
-11015;-10172;-4429;-1310;-18032
3440;-8387;4068;5780;-17102
-9937;14097;-15039;-12255;-1360
-9794;-4627;4212;-17878;-16888
-16319
6720;1412
-13266;2739;-8708;-4212;-9142;-123
-17649;4290;-14599;5262;-14112
7824;4641;-10082;5299;17046;-207
6603;9727
6709;-5546;1674;13962;11820
17904;-11731;3554;-3644;-10128
-11425;6625;-10041;9483;9405
8145
-12056;-9148;4863
-2311;2233;9467;15149
308;16042
9960;11835;10843;76;6220;1997
-2650;-13711
15072;-15316;-12024
6050;13626;-7404
-18209;11296;136;10956;8093
10467;-6871;-15870
-806;-5176;5463;-11756
3760;1953;9702;9149
-16776;18120;-13627
-5186;3154;15589;17142;-8023;5990
-2708;10115;10917;16827;13997
-13095;8999
