11089;16097;-14739;-17431;17274
-15569;10966;1463;10827;-1486;-6191
12750;15934
9665;7510;12935;-13424;16095
11376;2965;-2551;-8376;12985
-18
16403
10913;-2694
-15048;-12891;-14141;-3006
18083;7;12551;-16270;-14336
-9514;-15101
-10241;-13162;3753;7323
3040;-2853;1606;13194;9629
-6451;-5530;-8543
5666;12615;-18330
10005;-1004;6573;15661;-17456;14943
2657;-1122;8629;2743;11721
-2483;5947;9756;-671;12079
-14753;-6129;-8641;-3299
8247
-4155
-12349
932;3224
-5033;15737;5196;-11743
-9893;-6557
18104;14730
-1714;4228;-7718;5133
-16456
8865;12692;-16054;15051
198;-14823;10776;10701;-6928
3346;-9349;1830
-16529;9313;3540;13318;12473;6636
4176
243;1348;-3879;-15208;17082;12783
14290;17412;-9230;2189
-12055;16237
8377;4251;-9869;-10254;7582
7201;8869;7912;-11641;15817;12890
8281
-7078;10214;-5672;12013;-9568
-12379
-17042;17223;11064;16265;12393;-15232
-13653;-12300;-15104
-8295
4064;15548;972
17812;10965
-14504;1803;302
-8281;-9323;-15276
2469;-7159;-11808
-2565;-12429;6687
-2452;-7407;-10736
-8308
-11702;-4971;204;4061
-16629;-8071
-7043;7167
2228;-11160;-7577
9154;7715;17731;-8812;-13375
10052;-9353;-5725;799
12980;-1590;-7164
-16524
-16525
-12431
-455;-11032;-7019;12284;7534;15215
4640;3698
129;8791;-13164
6513;3269;-9933
-9345;9192
-17768;-13323;16829;14414
9490;11142
1344;-15137;10947;14836;9381;11550
-4101;-5910;-11547;3100;10109
10314;-1389;-576
12064;208;10977;-2612
10529;6519;-12924;-3966
13349;-3158;17415;8074;-6847
12450
-15323;-749;14109;10318
-13602;-14516;-2037;-7896;14280;-9163
4262
17221;8071;12536;-13085
-9361;-229;8757;-10727;1677;-14862
12416;-10134;-10648;-11626;11631
-10737;10559
8342;-8522
12475
16574
-8384
2304;-12042;-12366;1423
-9462;9662
621;11869
11521;1219;725;-5070
-16689;8914;-7141;-14999;17419
8400
-213
3248;-5122;-710;-1726
209;9494;-3310;-17791;-17488
-8533;2965;13975
7168;2980;2484;1416;-18362
-8837;14471;9848;17513
818;-5145
-5363;11715;357;-9021;-14303
-13172;-2632;-17900;15709;-10912
-6065;11249;3810;4587;11981;-17135
-4993;-966;4216;-13053;-18208
18369;-18133
9028;11689
15393;-15141;13991;16652;14398
5027;-200;-17353
9383;5898;397;-15919
240
2978;7978;-11197
6289;2738;12533;13078;-18013
8434
-17811;-14035;-1398;-7960
4193;-7080;16156;-734
9621;-17671;3704
-4099;-14791;-12600;-1066;-4410;3947
-11848;-8601;-283
4483;-15527;17945;17257;4766
9361;11861;-5915;-2765
3446;-3181
-5601;-5431;5481;14012
15347;-15626
13992;-5514
-16671
4353;11016;-14074;-2684;13453;-16448
9904;15062;8090
7049;6699;4780;-1855
-8323;-12447
-16129;7457;8999;6505;-6541
-11282;10990
-2433;-5;13877;-2955
10272;-3915;-1659;16075
-11380;-6292;4101;6293;7111;463
2579;-5814;10219;4203;11212;6572
-9064;7657;-6298;2909;6621;-10319
-3159;-3146;-7148;17724;-11166;-9791
301
12052;-8455;-18279;13192;16686;-6703
2881;10765;-13344
-16086;7591
-12386;-8371;13924;15028;300
10864;-5271;-9993
2530;17475;-5575;-1532;-15437;6940
11298;6518;-16764;-11805;11100;-655
8642;16646;10905;6923;-13916;-4316
7248;-4146;9589;-391;8924;15949
-10773;15179
-12601
8531;-13382;442
16908;-8686;13983;-17792
17445;-2438;18326;15977;16542
-4225;6183;-1641
15891;-2407;-4974
-14993;-1711
-4993;9030;-16647
16341;12518;-3960
-8519
4422
-2722;-11525;7004;-9502;12318
8294;569;-15755;-9053;15612
291;4138
7670;-12615;-4638;16318;-96;18271
16720
11819;-12157
-16724
3920;15808;17492;2677;14236;7647
341;-1367;2887;17512;4200;17727
7989;4639
10746;7467;-16925;3149
-715;-11917
12631
-17892;-12804;-8424;-4089;-9485;11388
-16305;-13090;1666;14485;-16729;953
-9908;-4104;-2720
12465;-17463;-10519;4966;2010
2259;10692;-17397
-9124;-11711
13210;-17662
6994;1954;-4496
1552;-15444;-7591;11095;-14552
5456;3102
10145;15476;10724;17274
374
-8569
1011;-14900;-14379;16923;-13614
-12273;267;-8862
5680;-17957;6934;778;-5183;5262
6912;7898;-8318;2093
6068;6613
15952;-14388;-13932;12764
7265;7297;772;5671;6728;1337
-3329;2498;8613;-3288
14407;14664
8592
-18421;16103;-13529;12651;7692
-5569;-18194;-835;15876;127
-4340;-8436;-3798;12054;17214
13008;4723;-4231;-16344;-18047
3844;-7190;2790;-17881;-7993;-6749
-7619;-428;-12845
-412
18290;-15575;6552;7534
-7314;6822;-1704;-2061;3837
17011;-8205;5742;-10032
11450;1260
15991;-8174;-8240
6640;-12116;-13768;-18046
-16812
-12337;-14147;5575
-17428;9398;-11032;-5945
-3665;1714;-16101;-730;14253
9957;-14487
11059;-4252;5915
-8627
7632;-9124;-7135
4128;-11063;-13981
-1233;1219;-1019;-17118;-15056
-12785;-7414;1431;12872;1357
6035;-54;6327;11594;13406
8322;8790;-16667
448
16837
-7273;17725;-5903
-1272;12280;-11466
-11649;-10742;-12279;-11369;16491;-15966
-3218;17980;-2015
10912;-12979;7282;11602;-10373;-15111
474
-8674
2404;17655;17258;12317
12644;-17307;-11132;11215
-17329;-17474;2004;-16839
-1857;-18082;3173;-14730;-6026;171
-11201;-5671
-5457;15889;-1652;-8292
7456;4033;-9306;3900;-10670
-13267;488
3616;-8263;795;-8780;124;3823
12458;-6076;-10012;4269;14158;-10207
-4373;2761;-3547;17804;4236
12133;-14218;-10703
-10451;18020;-11462;-17088
-6995;-454;-7288;1947
-5093;-18326;-11961;14396
-4434;12389;5975;-1134
4604
10081;4514;16164;14806
4609;1732;-6853
3832;-11131;-14687;-11295
-12641;13619;-887;55;13614;-9152
6016;3360;-8864
-12803
10498;14226;-8552;393;-17082
14640;-12674;2646
3186;-15334;7957;-6203;-10604
11875;-11766;409
-17382;7511;-6888;16239
-1652;6393;-126
-1235;7956;6266;6156;-14527
-5109;4585
-8719
322;-2710;-12875;16092;-1358
-8722
-4563;-16995;-868;5510
-306;17778;12322;7605
779;-16588;-173;3151
-4641
10272;-8950;7416
-14451;16098;-14021;12955;-1135
4432;15109;-10796
8049;-9826;5291;-2959
-13768;5018
-17298;7330;5314
-3362;-6248;16535;1047;3464;-11995
-14693;14133
-17668;-7471
16947
14049;-358;5928;-13388;-1261;7885
-7816;-944
-9458;-11190;-12814;125
-8761
-7974;-1688;-17032;12107;-14654
12860
-1703;4810;-3680;-8192
-6425;10010;1085
12870
-12872
-17602;-11655
-2753;15034;3163;-2572
-11825;12411
-591
-18113;4691;17790;8510
-15719;-1258
-4999;-9352;-14120;-17179
12887
16985
-4699
16132;4954
866;6962;16404;17334
-8756;-12906;16957
-16266;11561
-3873;-8098;7331;6423;-14683
-8130;-8869
-12903
-16999
2137;14172;-7503
6001;-7706;-11200
-7074;17121;14676;10343;14703
-16203;7946;15725;13534;-544;-11648
8706;13347;12712;2089;7274;5642
907;-16413;14126;1999
659;-9471
1778;-2399
5140;10793;-16556
8817
-8210;-5026;-12502;4631
11155;10587;-8828
-17012
-15875;-4709;-11773;9342;-14480
12849;-1417;-474;14249
-9396;8762
6448;15505;-15750;-1472
-9444;15443;-379;-4973
967;-9808
11911;-937;18348
-11561;-8188;1403;5406
-12244;7652;13435
1632;-18424;10410;4522;14799
-16850;17750;-9753;8
-13347;5015;17178
-10434;7617;-1935
13072;13426;6712;-16507;-16044
-6663;9127;-1897;8285
-5863;10376;-9385;2665;-10746
6496;9762;10164;-8023;-2072;-11566
7523;5431
-18306;-15683;-4547;-3001;14184;14396
-14578;13902
-7649;4931;6581;-3006;2589;5422
4774
-11105;-14152
681
-2436;1750;7853;13997
-12976
-2194;-820;8119;7323;-17216
-694
11872;-14134;-13564;2332;12799
694
4792
-12986
12985
2978;18200
8673;2168;-10699;16940
10929;4821;-10955
-15346;-4867;9480;1838
-4884;2984;2073;-8332;-736
-6353;-3936;-2704
-7164;11964
8656;-16332;16573
3427;7403;-10125
6224;7638;-1608;-11547
-710
15056;-10248
3456;2787;-12075;1260;-9183;-3343
-11491;-2771;-4548;16020;5300;-11418
-9188;-7915
-8006;-9723;18075;-10190;-8750;-2606
15793;-16346;-11755;-1324;8815
9879;-16508;-10477
-13010
-1219;-11173;-7658;-8621;11837;7919
-11636;-1376
-8917
17762;-17223;10091;6478
15314;10855;3288;-4153
11530;-16459;17950
1504;10820;-3654;4246;10444;18335
10896;-1969
-1941;-14858;3770
8941
16834;11111;13658;6637;9853
-5839;6591
13041
11033;14298
-6417;2173;-5327;2303;319;-18384
12338;7284;-2742;16645
9474;-11444;17670;10967;2763
-4859
-13052
6419;-13141;-6332
-13778;-6558;-12687;-8704
-13055
17188;12250
-17155
16291;6295;4663;-27;6319
7779;-14154;-14813;12222
8967
11972;-16847
11418;-11758;5215
-13480;18360
8210;-13444;-4645;-14955;15915;-61
10288;-15521;-12038;-8094
16707;-13673;4041;-2186
793
9168;17299;14520;-11707;3660;4718
12660;16133;-11615
-16181;-12983;10697;-11003
13303;12072
-5268;4712;5455
-13094
-14664;13855
15590;-14808;16413
5892;15015;-11501;13375;10799
13110;-12297
13019;-8110
-7340;4765;-10527
6311;6796
7248;12401;8261;14473;-8794
-6043;-14781;3615
1969;-3692;-7294
-9713;-4500;-11190
5012;13957;-5854
11458;-3796;-12589
-2850;-2078
-11497;7676;8748
2739;3908;-16839;-2072;10092;3004
-8215;16764;-13871;6158
15233;-6214;13639;4059;15085
15152;17840;3762;-9044;13309;13071
-10900;13960;-5197;589;-13776;-6000
13025;5261;-1055
15296;2513;-456;-122
-7219;-13769;8955;15069;-7984
11585;-9190;-4647;12680;-14144;-9424
-1876;-7750;10389;-16925;9789;5519
-13142
-4951
-15723;2575
-17953;10002;998;7911;-16138;2031
-6081;-17302;-8170;-2077
1409;-2275
-11058;14595;-13766;4518;2827;-14368
-2161;-8066;13450;16282;-11723;13565
-8678;17740
-17256
16579;-15707
7842;13512
-10725;-8533;7897;16331
6176;-7052
5123;11413;7063;6236;-3758;-17007
13600;-12258;3221;3639;-3227
-7826;-13476;-12351
-5624;-14492;15132
8080;10245;4598;5130;-75;-14800
1464;12328;-13084;-13888
1609;-2507
14098;11380
3360;7978;-14811;-9499;890;2987
-1891;2184;-5294
1524;12215;1417;-10155
-15621;-8986;-4990;-12271
7018;-6110
-17294
-9102
-9734;8726;-17400;13402
770;-3991;-12632;17580;-2638
-12913;-9656;-7034
5239;8761;-5277;16783
-3553;4994;10499;5302;6264;-6190
-12713;-14556;4891;-4796;11917;-14350
-17494;173
-14634;-16667;13980
13229
6544;16514;-18019
-15732;-6248;-3551
-958
-18024;-5482;-18414
5506;6163;12020;503;15384;-9945
17568;-4186;8699;-17024
17841;11058;9907;-12469;-955;159
-967
-11761;-9687
-18097;-11730;-9331;14662;-1048
-12261;-9190
3265;15267;15208
972
-2725;3701
-5105;-15960;7800
7508;-3371;14699;6717
3427;8676;2150;487;12428;-1615
2225;3665;8426;7147
6453;-5063;12985;-13391
-14241;13489;-3842;5579
-13278
-11348;-539;-11629;10238
-4324;-17720;4669
14122;-10316;-4797
-9184
3293;-12478
-8035;-14645;1879;3418
9191
18122;15646
114;-15875;-18244;-12088;8222
14721;18068;-1830;-9468
17185;12771;15832;8379;14125;-14032
1089;-13315;-14805;-8487;-203;-10349
-8040;-8414;-944
-12003;-12521;-1069
-4257;-16039;2894
-15141;15302;16329;-7279
-7393;-14498;9140;-8751
-12136;6842;-18061;6141;12093
-321;-2486;7929
8722;-3596
4116;-9622;5237;1336;-8170;6063
-17042;-13312;12927
3223;8604;-2591
15330;12115;-16998;-15848;-17786;9853
17024;8868;-8811;16732
3122;6007;-7081;17401;6521;-4445
14992;2146;14659;-4388;-16045;-16510
-11730;5762;6323;11049;1935
16730;-7483
-3969;-13640;-12121
1098;-6253
-17444
-1060
2517;-3191;14023
-11604;583;5863
-16289;-13490;-11642;-2462;-2239
10049;1668;-11417;-6202;6974
-5169
7316;2484;-15326;-7838
517;-5704;16440;11563;-13917;-7822
3305;13695;12751
-6131;11780;15032;-3214
-8100;-7780;-8567;8414;-16047;6415
-1089
-2917;4378;12110;16190
-13522;3383;4953
7974;-1496;-5386
17299;2487;-506;-5645;-4350
-1155;1396;13143
-17698;6243;-12967;14887;10633
4982;1565;-8158;-2542;3054
13386
4829;367
16774;-3385
-12226;-5260
-657;-913;-12427;605
13392
13218;4869;-14326;5257;-14285;-16318
7350;7766;-13951;-2271
10723;-1159;1350;6472;7741;4654
-17497
12501;8823;6375;-14682;12671
-1115
-11683;-9915
-7858;2643
-1745;-1541;-1930
-5586;3620;15588;7977
9456;-694;12473;-17918;1903
15877;-17580;2829
-9812;7780;11308;18333;-18286
14611;6568;-7757
17730;2794;-3006
-17237;-4266;16637;-4462
-13585;9459;-7878;-3531;6204
-17154;14754;2245;12327;9496;-48
-8938;-16781
7520;13394;12215;781
-13446;439;6791;-10490;-6155;-11051
17409;-15444;7375
-17534
1600;-15912;265;18318;13262
16342;-9608;-5584
-7880;2137;-16667;16555;11103
-1155
-14887;-2655
15218;-2261;-11958;-17885;18047
2658;-11447;9951
10833;-11996
-1164
-9358
17747;-13338;14650;-2444;1516;-4672
-13461
-13236;3732;-17766;1689;-16559
-9413;388;12726;4747;11821;17774
1969;-2498;5729;6660;17993
-13605;-7897;-4266
-13481
16329;18297;11628
-9393
-3990;-13596
-5345;-8769;437;-12106
1586;16004
-5306
9038;16910;3935
14130;-12919
-6019;-7674;-15276;7853;4735;2879
10691;15621;1372;-9565;5213;2461
-2802;-4467;9699;-17239;-10985
-2355;-14821;4853;918;-11495;-15183
-11557;7237;17481;12014;17007
12752;2689;-1846;17877;-10791;5117
-11748;6424
-13618;14661;16440;-16255
-2840;-1176;2216;-11721
-13973;-7117;-624
-2500;1877;-8654;1197;2750
14177;-4740;-13532;2860
7558;-17883;-7294
-13025;-4499;15891;-6359;-18251;4524
-8444;-988
-8856;3517
8197;11877;-6544
-13533
-532;10501;-2822;-6248;-14432
-49;-8822;17719;-10298;2697
9440
-10164;6916;-10045;7567;11071
13713;16210
-2385;9280;5017;16442;-10718
-833;15718;-5593;891;11550
1728;-7084
13201;-807;14217;18411;9486
-2293;-3067
-1266
-4871;-7224;17466
9467
17660
-8225;5923;-10072;-490;-702
6452;4806;-5885
-3427;2149
11552;-15816;-17499
-4418;86;-729;-319
-1288
3648;-4988;-12237
-18178;-7301;14917;-18298;-9295
4070;9225;11229;9535
7540;-3865;-5420;7135
-12487;-1496;9897;-17692
15979;6124;16060
-9617;15393;-16010;-5290;1934
-5236;-8037;937;11034
15200;-8386;-12857;-17374;-13504;-1248
8872;3128;13882
6499;-16060;5437;12111;-4128;13839
-13962;-7834
17699
12193;-12279;14540;-11663;-7439;5967
13608
336;-17012;-5364;11191;-2346;-16799
-2913;929;-1480;-13880;-12651
656;-12865;13539
11814;-12137;11851;10286
11222;2411
14804;-5995;-18347
-14994;4675;-7413
-9543
14865;11125;7495;13384;-4559
-13291;-11645;-991
-17924;6281;-14138;8042
-10932;10104;14474
884;-6341
-1361
-15912;-18218
-1962;7421
-1369
-14082;-9449;16010;-3292;-11038
86;3754;1630
1089;14963;6403;15784
-16371;10659;2028;-15885;14093
8640;-9510;4008;-2281;318;12495
-15538;-6115;-17496;6184;15198
3111;-16783
-14593;-11858;-7875;-6324;-5790
-3347;7622;-13854
2941;6639
-14402;-8412;-7248
-2457;-4474;10123;1419;4974
-4244;17925
13265;7125;-4024;8217;5482
-5493
-17393;-6403;4758;11335;7579;-17662
-8597;17397;8987
-16770;-2162;9333
-7765;2260
-16851;8167;5303;6696;-2681;782
-16818;8264;-12827;-10223;-11040;-16128
-3093;6324;-17339;-10107;-1790
17588;-11193;7326
-13750;8219
-13728
8547;17434;-12253
-1202;-11370;-4860;-396
-15972;5975;-1163;12140;16221;-11662
-8434;-1539;-16227;-8909;-12015;-11664
9248;-10693
-5544
-13255;5383;-6745;-2331;11402
15216;-5575
8289;-4950;-3400;1517
-1459
-11508;15959;1103
-2562;15606;-2201;-12303
17205;4582;-4394;-8666;5901;3215
12256;5251;4836;7636;-10234;-10092
-13751
-17847
-7377;17033
55;-5097;8492;14398
11009;-503;10408;11004;6988;15807
-14374;-15015;18073;1658
-14386;-372;-135;16108;12540
-10033;-16338;-3147;-17006
-9124;8982;3033;-3885;-2365;-10399
-1201;-12633;4172
13123;-11653
-1473
14947;12485;1942;7192;14059
-5572
-18312;-18265;15228;-608
6450;7317
-9802;-16255
16936;-7261
4896;18357;-2502;16231;18139;11902
1489
15219;-15431;11799;-17387;7676;7805
-5597
9692
17777;16493
15793;2625;10796;-3133
-15506;-13415;10074;955
-6434;9889;2450;-17204;12412;8588
-15138;-17636;3145;-924;-4126;12686
8560;17528
-15297;3201;882;229;17944;10938
-14485;10420;11430;17640;1786;-8893
8419;14492;-912
-6146;-3567
-1523
2785;-3906;-16787
-5393;3163;-11279;-4400
10677;18037;17271;6025;8476;-18000
-10034;-9507;-14691;-8405;-8557;8701
6105;-4571
-16870;10151;8599;-15595;-4398;-3902
-17920
-12804;-6085;-11320
2273;5002;-8300;-14781;17342
-9510;-5852;8267;13388;14894;17215
-11732;-12303;10207
16272;2962;9447;14120;-16685
-1811;14102;-10925;8366
-4563;-1076
-13831
17928
-14889;-11232
609;-13186;-3418;153;16157;13517
-9187;3474;-4456;8203;-2109;-5664
5642
-5644
9412;-3718;17416;3546;18189;-6431
14065;10514;17932
9691;-15343
2756;13733;1452
-9752
13216;3857;12113;4282;11931;-11072
8896;9345;13716;12503;-15708;13772
-15333;13700;-16602;8476
13601;-8247;11207;-3901;5181;110
-3833;-1689;-1033;-11195;6523;16891
9764
-14950;1402;-16699
7442;3734;-17319;-4601;5071
1581
7794;-11399;9912;2875;12829;-4046
16435;-4693;-9526;-18412;15580;14494
-513;17987;-14760;-11402;14379
-14770;-15571;72
-15366;-9815;-9184
3634;-18040;-3578
-5698
-4184;18077;12286
12384;8112;-5889;3380
15318;11863;-5098
-15178;-6908
-1611
-3730;-18333;-13230;17295
16177;513;18196;-12789
13906
1621
-3361;4984
6196;-7824
-17542;-5065;16296;-8506;16444
-9820
-12162;16324;17613;7246;5375
12480;-7927;-6330;-16238
14565;-3367;13337;14345;7806
15491;-16580;-3062;2520
1631
-13479;9543;-5888
5729
13921
-14147;-16473;-8729;-6876;7726
-9237;-17751;13287;-9099;4716;-8127
-17825;10562;14310;9050;-10366
-10673;-4054;13085
-13074;6755;18042;-13996;16204
-2759;10905;11243;-12381;-8958;-3792
11280;-4945;9833;-17819
-11466;-5933;3454
-18293;-7942
-14501;135;12251;11965
-385;15010;13123;10213;-7629
1376;-14166;2761;4269
15479;-9720
9428;-8220;12750
946;8740;18054;-12391;-7833;6444
-13750;-5622;-4829;10670;7758
883;8676;1977;-14684;17117
13380;13130;-16637
-5778
-3187;16562;16772;7860;16923
-9202;13012;-17783
13704;15385;-17723;6814;-4207
16289;15010;-1205;-7928
-18427;-16092;-6894;2445;-7694;16301
18073
-13332;2230;-6973
-8867;5399;5804;12141;7694
-9885
5790
6288;-5657;-11309;16479
12562;4100;17812
10544;13715;-14360
-8917;7766;-560
10528;2180;-5813;-14330;12027;-2880
1715
8548;-13769;-11802;15306;-11551;-736
16069;-2537;-15257
9809;7458;-16664;-3563;-6957
14017
601;11786;-12606;14030;207
-7316;17155;1796;2383
1730
-7875;6362;-8414
-12659;12555;-16445;221;18062
-3971;4194;-1766;11471
2016;11089;5108;-7704;-6394;-14044
18121
15953;14067;-5546;-6349
-10449;11265;-7764;-5645;10845
-5735;-2167;-5402;-10285;-10927
9940
-9338;7580
-15538;-10800
-323;14373
-18148
7937;2018
-8611;13799;-4413;5085
13091;-8629;16596;14839;8648;-10012
-14055
-11666;-7026;-3594;-2427;4363;-10093
9963
1760;-7630
-3393;-15563;173;-11663
1953;-15852;12124
11458;-17332
9973
-12917;2934;-3865;1580;-6061;-16222
17574;-3500
1788
-11538;8402;7545;8426;5341
-14084
16562;-2475
9681;14387;6441;75;-16494
-15860;9930;-11197;11228
-9332;-13607;-11672;40
-17980;18189;5695
10002
2192;-2089;-18299
-17603;7863;-568;4399
15457;10932
17427;16213;-1977;1548;13341;318
9335;-3424
-10836;-15565
10534;15869
14784;-15426;10662
-11716;14323;-5525;-11199
-8706;10534
-1249;17441;13414;-16216;3512;17695
5188;742
14122
-4470;6397;8109
-10403;13847;-16376;-7240;6263;3871
-3297;5972;-10662;-1560;-4589
1850
12658;14956;2910
5949
-835;11619;-2747;7466;-9552
9489;-786;-9626;15069
8645;5503
-5958
2673;-8632
-10057
1156;708
16279;4936;-16425;-2506;-11483;-4956
-15985;1821
5973
17444;11110;-1369;-14875;-14189
17363;-2742;16232;5592;14587
-15363;-8630;9823
3602;-2341;-11850;-7680
4946;1034
-4899;-13371
-8739;14035;11380;17979
-14262;-15928;18010;-14285
11136;12306;2067;14182;-13016;12077
-1890
1712;15314;-13626;-13949;-7727
10864;5737;9867
-16374;-13288;-7676;-9612
-7910;-1094;-10329;16799;-7552
-1620;10790;-11064
2624;-4518
6178;3862;-4048
5993
4336;10098;-17219;14504;-1630
-3956;-12681;-16411;2477
10337;12044
14193
12456;1740
-11892;-5478;-5655;5257;11198;16670
2657;1715;4053;9868
12952;-6041;537;-12271;-13472
-17467;2634;11148;11229;6655
-18297
12544;-9955;-3012;9572;18157;11471
-14338;5841;4684;16860;-11134
12096;-2517;-12320;12847
3652;2358
-12866;-11395;-4312;17243;17341
10108
2400;-11493;-11337;4588;-2462
-7016;17128
9314;-4773;-16629;-2121
-6020
4193;-3847;7720;-7789;-4670;-18016
2993;-2564;5220;5205;-733
5885;143
782;1151
17712;-11673;-17978;7642;506;-6336
9856;14816;-16661;-12725;-16008;-9885
14770;7813;-9002;-6780;1214;-9952
12945;-6884;5940;-941;7261
754;-6741;1912;16139;827;-14829
18324
13409;-15555;15017;-2735
-10897;-10885;11000;-3625;12491;-4125
-73;-11466;1402
1362;-11155;13014;12744;10559
-6045
17123;-15353;-2828;-9085
-11351;5304
-18336
10593;4035;-1594;13498
-14918;8863
-2883;-12500;-235;6891;14781
-3878;5832;-12106
-97;-16836;2682
-6485;5461;-1945;16601;16141;862
1966
-6759;-7959;457
14755;-11716;-3511;6616;-4170
-5570;-3042;-3640;6185;-9994;-2300
-1254;11422
2742;16647;-12571;12555;7068;-3983
-11954;-10821;15268;5527
5027;15795;820;13931;5660;1708
18367
-438;-9739
-8231;-6046
-14691;-8468;-5052;1646
16712;16026;5580;8957;13534;2622
18209;-16826;12908
-9603;17048;-463;3215
17401;11769;18393;5242;-13054;11406
9477;14934;-923;10842;445
-18394
8211;17114;17644
-10204
-2646;16949
-14085;-12949;13525;-2462;5759
6115
-2257;18049;8181;-9659
7107;11303
8513;-8659;-15402;-5069;14492
-17121;-8100;-84;18106;13323
-7457;14000;4948;-16662;2601;539
-11649;-14017;-3234;13272;1309
721;-10344;-9385;3128;-16153;-10960
-7505;-10933;-6890;15101
18418
2884;-17208
2035
11522;-4548;14006;-9015;-9929
-12642;15989;4889;6095
1520;-3122;-443
10673;-13826;-373;-15766;4956
-15778;-11523;-15708
15027;-17589;-6905;2473;-5086;5934
17944;-14249;1179;-12924;10749;-12942
-7994;10045
3011;16486;10670;12846
-17747;-12243;-3551;11007
-15619;11381;-14793;590
-583;-7927;-4618;-7114;9980;4108
-7204;-10244;-554;-12731
-14353
-1361;-16710;-16919;17048;-16896
-11842;7173;15254;6073;-2300
4513;-10294;-12152;16857;1212;-6304
6170
-10914;-17539;12025;-10026;14715;1469
-10270
13040;5301;18054;232;2315
1412;671
-17281;6245;-10683;-7229;-10000
4965;-8824;14138
3472;-5507;-4153
16965;4363;5341
16985;7786;5999
14388
10295
5666;9594;8044;-13006
-2865;-7426;2433;5751
-6358;-4518;5417;-18155;-14542;-17199
-9826;-16611;7369;8767
-10301
9392;14423;10968;12383
-8131;-16708;17268;12150;8856;-7227
-16420;14302
8147;-6026
15341;3165
13696;2344;2476
-2738;11526;-88;5721
8176;17777;18067;14936;521
8512;6742;-16269;-17503
-15443;1929;-5999;990
5186;-2500;-8372;-10823;6174
-6490;2298;-3471;5518
-8753;-9780
10242;-2355;-4414;6877
-6950;1465;5039;10799
6259
3895;-15485;14093;-11920;2671;13007
-7397;5229
-17989;15418;-15982
-12902;10732
6178;8282
-10612;-13701;7561;-13133;-17344
-14463
9238;-8969;-10636
4291;-3798;-2007;-7995;-11581;-1568
11792;12266;10939;3853;4287
14470
-15393;-12356;6823;2199;-14927;2799
2977;-10083;-3270
16953;17998
-17537;-9697;12759
5115;9359
-4835;-18052;-8649;-5452;-13342;15375
-2242;-16333
36;1316;-11735
10386
-12066;-11397;-2630;9436;2174
10513;8067
-10391
3316;-1496;11067;-10688
2224;5232;-15972;14026;16731;12732
-16100;7481;6411
14500
9638;248;4618
-166;-11976;-18360;10104;-6396
-16340;-6359
-5589;-9462;4638
-12116;8100;6236
-2162;4399
1539;17546;-462
-14531
-8540;-14188
-4101;-13464;-13357
-626;1315;17366;-4921;13693
16721;14205
-10802;-16646;3801;9625;-16942;-16351
18341;-10662;12617;-5594;-155
4787;-2527
12537;6107
-6049;16506
13561;-7198
656;2707;3001
-8417;12625;4580;13961
-8616;14103;-7759
4114;10165;-16009;-4640
-5334;-5132;5596;-2527;11886;5983
2647;-7657;-9562
15208;-8825
-13475;-9295
16609;-17766;7542
-6387
10485
-13379;18178;12453;9622
-10492
-17539;5924;-11654;-15896
13445;8790;-13547;-5020;15019
10496
-4119;12233;-60;6540
8555;10620;-15886;-9695
-8882;1923;-6329;-14941;14927;-13584
-258;2575
6848;-18389;5924;405;3574;-17066
-17111;17350;-17435;5002;-13900;7388
-8151;-17342;-5503
14064;3952;422;17623;-13258
-7156;735
-370;-17542;-7674;6877
-13793;-8129;18392;-11088
4273;18364;12463
-7479;4761;-8029;9485;2349;-3422
227;-15256;-12975;17471
5585;-16119
-3073;13201;-116;-7492;-13703;649
7139;11593
357;10184
-14772;-7196;-12732;3678
10770;8882;13177;-3418;1612
6447
-15795;17188;4425;-12267
11844;6894
11490;2676;12765
-2356
-9986;-17769;9642;15757
-7532;-7117
13509;13435
1184;284;-16126
-14659
358;678;-5352;-3146;-9227;10222
14914;-14939;10591
-15521;-7221;8646;-7289;-18378;8715
10073;2377;-8202;-1872
-613;11030;-11403;-8207;-13664
2380
-16306;835;9189;-2071;-9199;-5312
6480
-2887;-15883
-1761;-17119;4206
6583;-8971
2392
-15450;13053
-12515;-2024;4824;-4701;-16655
-3177;-7292;-1821;-2400
-6501
-8706;1842;11027;-3652;14182
8402;-1226;13562;-9660;-13486
-11186;8776
6441;-9741;17997
2411
14243;-4052;3771;-9934;-1616
7181;-4767
17379;-5926;-4586;-13515;-17470;-11072
-12921;-14077
1232;-11847
12586;2126
4004;-10742;11142;-16701;5773
-8692;-6027
14723
-3356;16957;17517
-1009;8009;10666;9357
-8289;-5137;-886;3670
6551
-10648
-2146;-2102;-16912;6415
-7746;15651;15031
16056;-13599
868;-14118;-4918;7319;-11805;11999
-10501;-10185;2140;-8496
11633;12354;17718;1721
-11411;-3588;-7957
-1557;-4647;-2779;16636;4988;2124
1457;-3689;-2986;2426;11387;14364
-10676
-2897;-15698;-3060;-8740;7429
-102;-17559;9064;-8188;15869;-5678
-11045;-2582;-3110;7947;6653;8734
15060;-4366
4084;-8805;15915;7692
-10696
2505
-2508
17360;-5180;6716;8190
-6429;13039
8192;-6921;-11980
12033;7522;-15941;7103
3410;12841;-1436
-14817
4632;-11260
5153;9351;-5599;18206
-6633
-13509;3559;-3736;-7098;-6333
-17569;15985;10374;9319;1675;-17244
10743;8188
14416;12389;-2424;488;-14127
10745
-10454;-8714;-16955;15578;13404;9694
-2558
5457;-12821;-15676
14848
-12099;-13219;9142;-10088;3223
9666;-8118;6139;15359
4017;10945;8152;8312;-4284
-1268;5654;-1820
-4899;-5860
-13894;3981;-4944
-10708;6884;-5047;2203
6465;-3795;10021;8311;-13406;-927
-5340;12347;-11423;15182
10180;-17592;18186
14420;1973;-11814;923;17566
-14970;7274;-3088
9186;12852;10822;18151;13021
11940;9190;8072;-4191;2159
17680;10112;-12497;-5433;5022
9968;-13170;339;4745;8908
6697
2707;5639;-3325;9869
1620;-15237;-5371
9440;17746
14896;11096;-13929;-1261
-6092;16894
10690;-7254;1705;-16698;14714;11742
2611
-9817;-13276
6712
-12809;15038;-4847
-4755;-9430;16806;-16888;16891
9833;6601;12010;-17627
-5330;-15860;14009;-11371;-460
6731
-2637
3680;10803;-11844
1288;-3532;-9629;-5309;5869;8671
17609;-12139;-2828
11268;3174;-7485;-17792
-6739
-8753;-15063;14983;7341;-13440
9587;10262;-11370;15723;-13356
14352;-11696
2668
-580;11557;5333;5558;6232;15529
8224;-15093;-5;15064;-859;7629
4352;9557;-12134;14489;15084
14968
9859;12356;4761;-11999
4387;6076;-3677
-7890;17289;5583
-21;-2679
-6796
12372;-4150;-10923
16787;4919;16681;-7772;8957
-15007
-8818;15618;11672;8826
16608;-9873;-5465;-12955;-5470;2143
10128;-3202;5476;-11430;1752
10933;-13659
-18049;5219;18227;12116;8500;-6903
16978;-3368;13320;-14025;2109
-5473;16393
-10541;-384
-2734
-8842;6108
13635;-13814;6695;121;-13468
4099;4133;10360;-16457;4698
13511;9706
6;15022
-5429;-7511;4856;14636;4702;7871
17025;5602;-7596
6192;-13382;5422;-18400;-7904;8943
4506;-10318;8558
16976;-530;17923;16628;15910;9567
12397;-1456
16048;18353;9010;11772;10029;-9215
3426;-1275;12283;1550;-9135
12505;9657;-15312
-10482;-3927;-17020
15506;3636
7281;8529;-17539;4488
-13030;-16009;-2393
-6261;-12934;-16280;16521;-192
-6756;3991
-966;10631;17064;9402;14348;9631
15856;8229;11450
12354;2148;13412;-17205;12759;-4316
5041;-16004
-14017;16440;14377;-1741
3304;-9743;-17183;-11920
-6871
-17781;17207;-10395
4724;14440
-3058;-4889;-1722;-284;-5116
-13474;-11812;13092;-2875
6002;-3216
-12198;-14438;15771;10493;15389;-17808
-1665;-12613;1545;4633;5307
9572;16068;8548;9797;10615;-2654
-6545;-4870;7931;-15696
9622;13654
-7541;12245;2678;7017;4782
-2046;8558;16767
15095
12385;-9577
-17682;3863;-9755;12460;-12176
-12532;-11589;-13462;454;-13704;-5228
5153;5122;5939;11194;11741;-7664
-1763;-2310;186;1069
2819
-10167;-13134
-10468;-6328;-10601
-6293;3396;502;13579;-268;-8094
9220;10613;4313;-9307;-17664
5057;13434;-4464;1087
-279;-11804;2718;12191
-8616;3628;6540;-8477
-6926
2830
-9553;-9794;-9722;9850
-6931
12392;-3401;-9786;-2924;-5150;-14447
-1042;-4632;7624;-7354;-12268;-9741
16992;14517
-6935
-17363;2236
5014;5671;-8043;9226;14973;-11712
10342;17064;18056;2489;4042
5952;-16308;-18087;-88;-2986
-16805;7445;-12566;12438;-8010;14652
16930;2036;-9558;11143;-9145;11919
14801;-4947;13939;7444;281
7920;-6892;18206
-13895;-18282;-2572;15564;16332
5938;13300
14694;-7743
11047
-12657;-7153;4642;8213
18278;5000;8233;-12269
17987;-12488;-2640
11053
17745;-6692
-4306;-14943
15232;10051;-1877;16324
-9665;-17778
-16611;-8038;-4982;10284;4191
5754;9402
-14803;6838;6859;15003;9452
-2873
819;2054
1042;18220
2882
-15172
11730;-3271;-2856;-8488
11076
-11078
2886
9046;-15097;-13229
-1591;-9498
15968;5779;14900;4533;-9612
15189
-17971;-13828;-8559;5231;11743
1876;-4781
-14837;12853;11589;-17142;535
3809;11892;-9804;-2989
-17745;8102;-16571;1610;17598
14627;1349;17624;-11579;7978;5695
-15216
1460;-14491;9371;7598;-1839;9023
3108;-9399;-4777;9785;16714;7980
11124
-11125
18193;-11619;1754;7050;-300;-8046
-8881;2673;17682;4743;-2860;14155
3090;4116;-2631;1691;766
15227
11132
-2942
-17445;14489;5227;-8044;14926;10174
15238
-10257;-18295;1371;-349
8306;-11260
3605;11638
16163;11064;-11980
-2275;12642;12774;8554;-4591;-15952
8152;-18078;-17614
-17591;1607;8924
-4998;15207;-1321;7118;3343
-13416;-2682;77;4895;16527;-8368
-4353;-15217;-5281;-5620;616;-14074
-7065
11802;7083;4574
-12563;-18083;7317;-5384;-11036;3997
8697;10671
-12051;-2074;17119
-2569;11401;10586;4059
-12855;1662
-11201;597;-8783
-7104
-12403;-7012;5161;17947;-18158;-17216
-10658;12842;-9292
-33;5993;-13069
-2707;9042;-6679;93;15551
11215
11153;12351
-15324
-8019;7139;12104;6857;9533
8496;-2549;15303;15436;-9071
5280;-15699;-8907;-13915;6173;3535
7040;9144;-4938
1908;-13158
7153
-15353
-8020;-7964;14301;17038
13381;-15399;-1671;-14936;4119;7339
-11847;-15803
-947;-12920;-17881
12132;9174;16249;-13995
-1618;-5430;-9271;-5401;10441;-4092
10706;-1123;-10916;14195;12278;2519
11278
9251;-13531;-6875;-4220
17537;8676;-11706;-15101;-10685
-14499;-8948;7785;4379
-225;8667;2844
6432;1124;11579;4444
15684;-2231;6031
4656;-15377;-2870;4293;-6477;4479
12561;11023
8135;-1375;4543
-16743;1341
9970;-9974;-7212
15952;-8785;-7651;-6733
-17653;-16776;1928;17949;15470;6303
-1794;13426;8628;-3161;6510
-14818;12642;17044;5112;-8682;12318
3496;11677;16639
-11541;3060;14041;1678
10449;4988
6483;-2313;-285;-15230
9569;18159
-14882;-6698;-6158
-11355
-3729;9106;5977
11762;-404
18210;12510;-2976
2816;-16106;16460;12734;-12736
-11140;-1401;-16105;2940;-2046
16279;13272;14584
2544;8825
15469
-1364;16835
-14514;5221;4822;-11002
11378
131;16438;10393;-15583
6502;8973
16308;12631;2795;13643;-1054;-4271
-17427;1911;-11834;2938;-15355;-288
3152;14000;12918;17160;-16250;-7308
14418;-2902;-13114;12986
-289;-2306;6788;14374;-15370
13969;-8295;-12968
-12621;15820
-18433;3201;12596;-13256;-3694
12090;-15295
-8023;17225;-17098;-13083;5485
15574;-2206;2126
8691;2549;166
-11409
9891;4580;8502;9289;-365
-2133;7593;-16878
17796;1542;-2456;3929;2730;-8028
-16658;-211;-7859;1460;6117;-10655
10896;-3570
182;8779;2462
10130;1140;157
13122;5827;12964
-4803;599;-13759;-3071;5503
13014;2614;-6366;14462
-7342
10624;13106
-3253
15541
-4883;-12389;15300;10697;-909;-11072
-3256
-3260
-14226;-15315;-9331;13733;14133;14266
2752;-1252;9337;11387;1517
-15551
-14770;12850;-5439
-5908;8789;1669;-6439;1800;3357
-3272
7329;-4306;-9079;-375;-10792;9854
-15562
5105;-9315;-3604;13412;12214;-2249
-17473;-7078;5174;-15692;9548;-14623
7363;-6406;-11084;13406
11425;9443;-122;-11306;-2064
-3281
3008;-2082;-17076;-1797;-1723
13880;16923;-15229
3256;4126
-1730;-5466;10490
3825;-15002;14474
16549;-4375;2791;17005
3890;-4871;17707;11149
1696;18258;9799;-1002;-17259
-14106;-1484
18400;-3111;-1628;8683;17822
2818;1506;10739;17946;-7915;-5406
-418;1889;17667;-2935;-17069;12366
5392;5056;-7136
6466;-9367;-3535;3119
-8217;4894
14016;-292;-1524;15700
8003;-2004;-14535;16039;-79
-3731;3831;7326
14257;6290;11455
-6548;4652;636;8686
-12099;-16053;9029;3450;-12238
13365;10920;11818
14388;-13980;-11936
8226;2739;-9301;-9096
3336
4786;-596;9223;-1884
16561;-10470;-10327;-7863;-9932;-1789
11533
2161;7042;-13061;-17370;3402;-18285
7445
-13154;9187;7093;-938;13451
4210;-12343;-14584;-11774;-9824
-9331;12531;-12169;5610
-1988;9446
-7460
-85;6180;-2732
1650;4212;-17424
4801;-11270;-9191
10289;-12387;13831;4475;15837
-7471
6611;-7269;-9078;-10029
4184;-1819;-16651;15626;18427
3888;-13415;2045
-2468;12900;1146
4511;7071
14736;-322;12529;-11597;-11950
-15690
-11595
-15574;-12413
-10758;-17231
5303;14585;14425;1867
-7090;-12996;8475
17186;8137;1834;-11451
10549;-3032
-11587;627;-11784;2935
8296;11513
12354;13412;-17078;3334;11883
11621
12849;1443;12837;17799;-3257;2718
15287;12807;-16473
-294;-12022;-11596
-7528
-13170;16966;16026
18391;17816
-7537
-3441
-10865;-6212;-5690;15901;12782;-17552
18320;-260;-10521
2504;-5950
-13124;-6117;2264;11020;13501
-16737;210;-10270;-5328
-4849;16495
13520;-5967
6896;1792;-8401;-5124;-11269;12647
7617;15282;-6307;-10232;3245;6142
-17954;3970;15107;13875;4846
3057;12691
-1988;9700;8038
15417;12622
-18098;8426;18076;-10893;-6285;16334
2050;5445;-18167;11161;-14638;6573
7577
14498;-3834;1658;17178;-8125;6686
-14035;-9934
-9829;-9766;-4376
9529;6251
-2474;5967
-15783
17635;-10044
-17634;15889;13361;12361
12896;15409;-1875;9839
-6610;-10117;-10200;-17536
2800;15536;14595;3299;12732;11885
-2952;4908;9743
-7611
-14395;14875;-8094
11712;-4630;14918;15580;-5406;12303
18357;6183;-13963;17518
-2869;15765;7007
-9921;-11468;13771
1523;6888;-16398;12989;-12624
15233;-16168;-8888;15595;6796;7343
7330;5876;16891;18283;12492
-4530;-13831;-12711;-17482;-8224
17876;6121;16012;-11472;-12720
15570;1347;15289
11718;-13754;-13787
-6027;17754
4229;-13590;4218;1599
11736
18068;1860
-11738
-2740;14478
-9410;-13268;18153;-11036;8125;-208
-12099;13698;3974;6169
15298;5895;-17176;-1610;-3164;-6893
1907;-6421;12167
-14273;-13125;10869;-6583;-2121;5290
17889;-9958;12013
-2787;2776;14826;3309;-2272
-15855
-13907;14547;-12084;-10983;16859;-2095
-3568
-908;12573;95
-12194;4527
3574
240;-7074;12182;-11914;14237
-17765;472;-14959
-5934;17710
13986;-3916;13995
9075;-1390
-931;3403;5213
-3844;-17348;-4904;-1053;-1021
5158;-1128;-6528;10191
8500;-1817;-11259;13004;-16125
-11794
-15089;613;-12520;-1183
-11511;15117
4768;9458;17523;-17813;14255
-1909;6120;-17930;-6283
-2419;-111;2559;-11840
-15908
16657;7875;-2758;14536;12366
-13315;8054;8393;4589
14465;16278;-11468;13022
7722
4341;3382
-6405;-14939;-76;14109;15038
-9810;-1846;-14326;-5528;4105;11484
-18210;-1411;14570;-13836;17851;8766
-11449;-6073;4156;12556;12639
6759;-18042;-12682;-9932;-6607
-8881;-15187;-8726;-17177;11133;2430
52;-1381;8133;13142;-11913;11992
-5235;-11509;566;-17658;5615
-15251;13140;-10538;4906
13284;-5541
7698;7238;9305;-15999;-496
14834;-2324;7605;12207
-16721;10816;-7619;-5590;6248;9214
9171;9814;17384;58
6705;10883;-9829
11026;-18212;184;953;-14000
679;8603;-11470;14047
9991;-6315
7774
12832;9940;-16997;13126;-15223
-13397;-6667
10790;7884;13677
16401;17605;9526;5209
12405;-8719
-3692
-10993;-1074;15762
13232;10866;3878;2040;-14030
7942;-15738
-15994
67;3497;-16394;16970;-11692;-16637
8592;-16465;-1553;-8212;803;9029
8424;-4714
18323;2341;18264;-2442;8190
-15286;-7511;-1402
13019;15275
12129;-7812;11695
-13444;14857;8185;16558;-1952
-10854;-3353;-6553;-2537;-10909;-14575
-1794;-6542;12061
15042;5445;4327;-1691;10461;2910
13079;1982;959
18325;-2311;10326;-13261;15231
-1425;-15126;-16038;-17495;13577
10213;-2378
11931
-13958;-14360
-11316;-4996;-2935;-3017;2137
660;7271;-15773
8594;-4076;11518
1799;10142
-7953;-14900;-12533;13252;-6572;4475
3760
6001;8561;-13475;-10804;86;-14616
3771
-15282;-14658;12289;-16152;12844;798
465;7112;4394
10609;-3700;13575;-4973;557
3524;-7306
-14945;11120;-4247;-3902
3380;-3081;8314;-12400
-6682;15038;-10784;10319
11987
-386;16473
11992
15137;-3142
17443;-2248;5992;15387
193;-13442;7026;14125
-6329;-7673;15369;4587;18332
17269;11115
5552;-17558
-4105;2857;5275;4495;15775
-13509;-14074;7375
-13463;-14383;-16944
17633;534;12601;5306;-1005;1534
3835
10535;-6700
-18337;-9081;4075;-76;16763;10494
8528;3506
15033;1099
-12103;-4030
2436;13814;2406;-11223;8700
16134
15572;6761;5356;733
-12040
-15138;-8515;-7332;12409;-3707;-18432
-15108;4534;5419;17199
16141
14468;-11001;-8766;-13151;10495
7961
3866
4848;-6433;-12500;-10761;-12956;1167
10596;-16086;10681;-5595;-14813;-9135
-17911;-14634
3828;7381;3543;-15305;-7418
-5802;10618;17947;91;5599
16165
9315;5667;-8533;5620
-16099;-16452
-13925;-9719;-15480;-13004;15083;12685
-16657;13748;4790;5078;13306
7980
12162;-10741;5940;11238;1671
10997;9670;15704;-12717;14220;11069
-16180
-7993
16186
-2759;-10506;-16059;9038
16243;6694;-11239;1725;6863
5265;-15020;15068;16540;-1566
10474;-14380
483;-12583
-5619;-7859;14419;-2567;-8798;6511
-15941;1531;10495
7744;12760;-12491
-11209;-780;15915
-3929
-16043;-4270
17334;-16936;-18041;10761;14906
-8627;8724;-9286;1836;-13758;13086
-3458;409;-880
-12194;16005;12345;-4032
101;-11926;3126;12632
12161;1921;6978;1075;-2454;638
12896;546;9336;18027
12134
-7541;-17208;-8877;17391
-4294;11142;-15111;-3880
5537;-1380;-6837;-8604;-9055
-16338;-5074;-7120
3106;-10518;3455
-10513;5690;16971
9193;-17247
12153
14675;5828;-12054;14823;-7020
-11653;-13638;13133
2327;15399;-9546;-13083;-9741;-1613
-16258
1666;9509;-15145
18336;12263;2043
12164
-3208;-17150
4165;-12248;10553;-10748;1356;-1150
-7569;-15812;1514;-6687
3936;2210;17141;-11117
9009;-5320;-7672
-17222;-17752;-13512;8617;17243;-1838
-13804;9820
-16305;-11703;-13755;-17340;7789;2270
-13237;-7319;5446;-5263
-13044;-4372;7318;18184
-1700;13254;-9629;-10013
3600;6929;10611;-4858
12189
3040;11606;9240;-11695
5473;9465;-17229;462;-6272
15234;-5428;16596;-1912
7972;9831;2793;7821;16557
-792;-7659;335
7137;17735;11916
-18257;-552;-18155;-16222
15970;1132;-11566;-1503
6336;-16328;-6334
8135
-8914;-12994;-8547;5306;-9421;-10430
-9540;1404
-14572;6430
6705;6471;-6024;5087
-8633;17897;-5215
4050
2533;-11435;-7407;-14880;-13824
1425;-11707;-15325;5167
15315;2758;-10429;15486;5502
4059
-17435;-15307
-5189;-10725;11432;7388;5261
4074
16099;-14710;7387;-7804;-9152
8182
-10753;-1530
8400;-626;11042;4533;13511
