-9762;-10722
1387;-13680
6
-11265;-8536;-17071
-4104
-7377;-6597;1799;-13353;5034
13506;-13720;-3897
1810;-6661;5927;-10137;-4764;-14863
9635;15161;-2156;-11516;5278
15923;-8104;8586
-8065;-7910;-9100;16859
-8674;4951;-18140;-16527;1502
16408
29
10938;-10909
2740;13673
-8224
-7284;15508
9856;-9890
16417
-34
17152;2274;-15016;12043;8909;-8943
-11395;-3811;-1141;-73
2560;13860
-16066;7070;767
-12326
-1509;1546
9189;-9688;-5854;14590
4168;-12409
15012;-17672;-1487
-13809;7156;4439;-18317
-4154
15475;12535;-18121;9051;-18076;7389
-4163
13360;5688;8873;-11471
11958;16408;-3722
16457
3290;17263
9216;-7748;17541;6309;-8395;3630
-8267
-5009;8243;-3311
-2021;-981;-1881;-15884;-2157;6462
9600;-4115;-9069;-17470;16846;-16351
-756;-6875;-14352;5519
12370
17154;-17072
-9864;18140
-12818;13668;12841;15066
-13553;-11540;16314;-3597
-5617;-3923;8962;17052
12176;1878;-15896;-14637
-99
-3924;5140;-9674;16748
8292
-11379;4382;-9488
-988;-15500
290;12564;12085;4822;1037;2078
16493
-3417;-18249;-3021
12370;8222
-7396;-911
-14180;13603;462
2196;-12904;-9888
3602;-806;2406;11962;16653;-13216
997;-9366;-18246;268;3853;-14495
-16369;16493
608;4752;-15863;-11865;-10526
-13553;513;15955;-10389;5029;2315
3681;16482;-8368;4719
-3410;2276;15400;16188;6542
-12899;-2693;-9019;3147;-3246
7162;17548
8331
16448;-8006;-17129;3147;-17260;-1919
-17267;740
-821;4263;4895
4992;14246;-3367;1930;6922
9985;15188;-13322;16970
-8342
-11802;-17024
12707;3834;5628;-5631
4252
-17201;4754
-10982;-13495;16124
5009;-16148;15913;7676
-15545;14168;1213
14288;-14786;14053;-1594;16876
6341;-2077
-13784;-18073;7673;1437;2095
8364
16557
-12102;7831
-7362;-8114;-3304;10407
-16562;-11667;7567
-15907;14184;-10751
3714;8883;16266
10803;-12646;2037
12484
8392
5731;-486;-585;-4703;-8351
-4211;-17460;9181
-4838;8406;3724;-7086
8016;13202;12953;11370;8284;3727
-6967;-8282;13562;-14172;-13871;-15536
8946;-8735
-14225;13697;-13098;6046;15983
8406
-13026;12810
-17524;-11380;-4375;-16090
-15572;-5127
7336;-7118
14296;-16282;-10379;-142
-11574;-9127
11892;1222;-12889
-3730;12613;-12823;14409;4443;-2399
-12454;12681
4800;7716
4914;-5146
-15187;-1349;16767
18149;-1530
-16803;8375
-6662;-12423;14744
-8033;-4003;-16740;2087;810;9242
771;11771
5411;-6951;15256;2923
16642
-9778;-2788;-11368;15482
18339;-9887
-10885;17211;-6064
-2145;11476;14378;91;-7260;-8080
257;9268;-6712;-16540;13996
-4307;-14291;-8711;7726;7023
-13493;-14363;8397;-1294
15633;13314
16660
3729;4740
18122;6731
-10385;-4579;-13221;-13054
16633;4127
-5539;-2935
6049;2430
12087;-12376
-8036;5206;-15417;16476;14349
17808;-15395;10739;6212;16678;-7080
-293
-6213;6507
-3460;17605;11817;18302;13375
3616;17616;-15382;-13255;-13372
7831;-4330;13181
-10772;10469
12593
16241;-6220;10765
12595
9025;7666
14647;3689;-5323;11871
16421;-7918
-2180;14229;7910;-7289;12219
-2385;10895
4416
-3507;10627;9736;-10539;-15291;9295
-1161;-4921;5048;8713;5851;11375
15218;-8548;7174;-1227
16715
10160;-13482;10251;-9118;-6336
-1175;13239;-16495
-12242;-567;18247;-1007
-961;5392
16546;-17418;-9643;3306;-1324
-12636
16392;-3756
13298;-2459;18186
9970;-15747;17704;2203;-1488
-9734;-5679;-5423
8549
9811;-11880;1710
-17717;13260
3472;9283;4457;-8656
-17220;4134;-14825;3547;15806
18193;11891;1098;11387;9676;5469
4466
5991;16023;6632;-10490;2698
-9620;1050
16763
-17634;4817;-4596;8119;-11741;12463
12672
4482
-13809;-7061
-12693
-7751;16349
1328;13095;7706;-7163;-2272
10176;8054;-13000;7468
-4510
8607
4913;-3705;-10123;-8685;799
11521;2008;-13947
12709
-13436;-7470
-2497;7353;17578;2253;16701
-12338;15746;12488;-11372
12310;12697
2738;10868;-13558;16715;-17199
-5681;13856;16247;-17884;12828;5647
8631
4535
-14260;-10758
-12467;-10917;8854;-2298
-11813;-9112
-6306;4120;16856;-8491;108;6445
-12734
-8640
-453
6359;14574
12832;-17430;-12240
-15042;16521;-6030
-6840;11405;-17311
16153;-7498
3203;12341;10107;-3261;15005;-4160
4564
-470
-12193;12850;-185
11205;-1772;3327
8804;15338;17290
16133;-7464
-8001;16629;7417;-15565
12452;-4390;-8698;-6749;-5390
5810;-1227
17456;14275;1060;-15704;12073
-8452;-3114;13785;2365
-8682
-10267;9775
9954;6923
17728;-8981;4423;16906;-78;-832
-14293;-10344;6621;9327
-7841;-3575;3033;5017;-13899;12667
-16887
7907;-8807;5499
13307;13580;-9999
-707;12131;-15174;-17560;12395;13518
13564;-13054
16898
-517
3232;-6194;-1656;13326
-3649;16035;6630;12793;-2621
-3051;3567
13106;-17725
-13836;1023
5027;15978
-16843;4029
-4623
10148;12980;-13432;-10224
-7185;-13826
-9009;3396;2886;7355
-7574;-4023;5639;14685
-16920
16920
-4637
6518;-1272;-5260;-5390;14254;-13488
-49;13542;14503;-11068
10580;14216;-17177;13405
10236;4558;-15343
-4588;-3565;16894
8743
12842
4721;-12211;5590;-15448;-3688
2977;13590;-16344;12621
4654
5792;-17380;6437;10364;-18063
-562
3347;-4708;8725;15320;15256;-4606
-2945;-1250;-12292;-8869;-3885
-13973;-6390;14219;17643;17741
5507;-6078
7651;11829;-14811
-18331;5469
2102;-361;-1806;15886;-7055
18098;-4823;15335;-2348;2733;4351
11496;-5070;-9038;-415;-18032
13456;132;-16375;-505;-7755;-18206
-1875;12036;-1388
-5321;-15744
-11057;-12995;16275;-70;-8151;-5070
-11558;17813;-2394;2956;14252
4742;13607;-2429;9246
-7091;12995;-17573;-5306
-439;-11671;601;-1370
595
12884
12887
605
14612;10572
-11573;-16775;1182;798;13470
18293;9173;13559;-8441;-10890;-8797
3017;1689
8290;7666;15411;-16391;-12359;14379
-17000
1556;-7947;-5660;16764
116;-9180;254
-18392;13735;-8249
-6854;-8823;2150;-1066;-4636;-1872
-7234;8626;11518
-1419;2043
-4465;-1605;-15035
-12117;-6811;1515;12635;5404
-17012
9555;7460
3521;-16871;6780;-14046;15887
18289;17270;-3803;18028
17542;-13304;7003;-6510
-18347;-8861;4045;18431
1857;-7733;-11768;18252;-13533
15013;-13639;904;-4217;-4636;7214
-2875;15803
4741;-4106;13033;7455
-12934
647
7683;-7351;14379;1628;-5501;-6094
-17038
-17505;-7221;-4011;-589
4756
3475;3638;-791;12903;18300
1729;-5126;-2216;-11435
-5428;-13844;11333;-8729;-380
-33;16258;3685;-8615;-16057
-4767
-17845;-2870;-12314;-3261;-17630
-1089;10625;-12132;-9671;12941
-7110;-13287;10280;13260;-12015
-5075;-3283;14197;-15995;731;10111
-1186;840;4632;-9087;-16367
687
-5069;4380
1472;-414;16014
-10114;-16591;9631
-1111;14088
13636;6725;-1927;7417;-12171;-12990
9429;3550
-11387;-15579;6988;-17582
-6178;-3317;-6298;-13578
-7123;7863;4055
17084
-17865;-12283;-2428;-894
18065;-17142;281;10397;-2702
1520;16658;-12117;12996;14022;8588
11905;16818;17589;1813;2716;3116
-5609;-5084;11404
-4165;-773;5926;13382;4520;6398
714
-717
-719
4815
4923;3996
-13018
-10785;-7906;-13827;17177;-18298;8332
-4870;3975;10711;-9482;-17147;11982
-4831
735
-1061;5606;17398;-715
-15710;-5520
10466;-12777;3641;2509;-15295;12207
-4034;-9007
13351;-18201
5313;-10168
6230;-1722;-7194;-3083;-4847;-2432
-1491;749;18415;-4624
-1991;-5304;-13948
10097;11154
3876;-13630;-7406
8561;-1821;-7520
-785
10584;-11370
16913;14658;-4942;5309;5711
11762;-12564;16680;17679
16368;9681;-4779
12100;-11309
-17105;8080;-11939;14820;-17829;6794
-13084
-4893
13635;-469;-11720;-3672;7118
1349;-553
15664;-10770
7541;13740
4307;4856;13657;2557
451;7352;9385
17616;-6284;-14092;9916;-16159
-17937;9809;5926;524;-11423
-1443;628
-10433;14818;-13461;7915;-7855
-17761;14694;-4295;6537
9016
-8628;8916;-13402
8359;-1578;1210;-6667;3597
5650;-2899;-3113;-15500;15036
5681;17122;17651;7653;15896;10553
6257;-13268;2692;16486;9143
5057;-15781;-9607;-2284;-10991
11617;-13635;15218;-3496;3422
12915;16826;7964
4940
17233
-851
8899;7573;4011;-3248
5370;3676
18304;-16085;8068;3449;-123;7723
755;-8660;-117;-15869;11743;13007
-9621;10500;-12999;-16551;5885;-2654
16209;-13383;-14265;6477
-17250
6451;6812;-8302
7736;-12889;14557;-14367
-15238;-6110
16581;18405;698;-14336
-4566;15142;-16791;-5512;15896;13085
870
13163
4973
-14355;11314;-7860;1429;-2119;-17963
6785;13362;10246;11627;8014
6842;-11823
9168;10288;4592;11700;15319;3066
-8929;14546;-3975;6237;8782;-11679
-12275;-17285
5044;-10422;15190;8075;7212;364
8240;-9128
10016;14866;-12805;6940;-18126
-14980;-11756;1263
16480;-15332;16284;-18334
948;-16888;4504;-5854
18021;13797;18005;-5294;4173;-2735
-17296
13207
-17305
16464;-2708;-8969;-5708
6725;17863;4332;-11615
-9117
4586;-13708
18018;5939;8649;1482;-12491;-4284
-7189;12795;15804
-13222
5032
-17348;10611;-308;-14374;-4094
7444;13983
5258;5020;-11232
-2001;5559;4216;-14298;-10364;15934
-4498;18401;15623;-12185
15233;3715;-3398;14873;-14283;-17099
-4178;-8803;17847;15514;-11229
-8228;6396;2797
-14809;-2541
16962;-2627;7555;-16823
9168
-4435;18242;15194;2746;6015;16463
16753;10099;6408;-8235;-11760
-10932;5720;-1978;-1982
-16945;-5489;-14646;-16743;-12217;-12763
-981
-4258;3597;-10638;5389;-7520;-16224
6242;-17332;10103
16880;8684
-5877;-4118;-5594;4314;17818;10830
7446;-11832;-17087
-2065;-3780;17654;3641;5865;4255
-13586;-11782;-2571;-14016
5094
14038;16823;4621;2381
-8036;9037
-8370;1602;-6485;-4137
-4022;16229;1639;7640
3536;9762
1544;-15885;-7150
-14465;11028;-11286;11141;11573;13501
4964;2645;8774;-8024;-9372
-14584;15597
2899;-8014
11877;13719
10608;13334;5146;16990
48;-15623;-11257;-17690;14826
-2995;4019
1345;-17954;11487
-9066;-16539
11680;16934;-7947;842
6337;17575;12248;1385;11066;-6621
7522;-16903;-7943;8695;14846;-1088
-2753;3057;-1927;747;-1231;-7120
-3575;2600;1772;-11550;16829;7246
-17205;-2006;-12409;-14188;-8476
-13905;8040;11001
-1874;5058;-4718;14862
-13656;-3770
-17365;-11813;-8729
-2130;15718;-7756;6748;-11535
89;-17519
-7730;-18036;16527
-3190;-4694;-8664;26;-13198
1048
5952;-3162;-1741
1056;-3666;117;15832
9504;-16583;2521;5613
10467;14357;4267;-9020;13759
-2389;10895;4847
17131;-11967
-14691;6009;5741;1871
5878;3384
-15316;-4197;4840;-7180;15340;-10943
1071
-11715;12355;-12488;-17499;-6813;-1776
-7507;12680
6954;14603
17465
-9513;4335
14657;11370;-12653
6790;-3932;-4029;-12206
15458;-3171;-4741;18119
13045;-18233
1766;11832;-6493;-1918
4336;-12151;-15214;9646
13382
-12789;7733;11240;-1421;14413;14687
-13377;-4058;-7805;11855
17485
-2501;-7798;15497
-17489
-3752;13049
-13396
14417;3413;-6791;-1881;-9947;-12608
-9857;1889;9081
11072;17874;-12534;-8266;9067;4380
-13402
9235;9529;11022
17500
9794;-17940;-9998;4734
1125
17516
-16033;-5795;2229;7014;6214;7503
16096;14434;8802;-4357;6006;9305
11457;7218;-15828;-5355;8109;3726
-10449;5214
1984;-17042;10738;12537;-363;-2620
-2498;-375;-2364
5650;7784
-4626;-12244;9013;-14311;13036;-208
5247
13443
-9348
-12531;3148;10541
-161;5249;-10997;7881;7386
9440;-16455;-15018;-3711
5597;-6768
1904;1154;1095;6376;-1164
1408;4422;-12249;5244
-18273;-7221;-4826;-17068;-2943
-3553;11203;18308;-950;6701;-5951
4018;9701;-17143;-16041;3434;-9728
13476
6848;4865;-6728;11066;-6668
-17329;-7058;10906
5174;8919;7580
-10370;-8810;9851;17085;18014
-17579
-5828;-5767;12792
-13617;-9651;1193;16780
17586
-676;-6596;1877;-7609;16936;-5136
772;13608;8536;-8094;4957;-10384
865;13893;-14118;12648;17084;11791
9313;-17481;9373
1342;3966
-13504
-10995;-15555;5831;2348;-7422
4576;6617;14989;7805
17552;2384;14056
-12563;11336
-14676;-10295;7358
-5573;10809;-14368;3807
-9423
5680;7792;15205;-6454;-12792
-15281;-6936;-4765;17549
-5337
-1633;-10472;7000;-12522
-18391;-11993;-7726
9437
-1248
-6833;7559;8746;-1775;13711;-7872
10976;15745;-13291;-6349;-5680;12143
-9187;-2916;-3559;-11772;-2496
5089;2226;-8531;15636;3221
9075;-3717
18306;-2683;15147;11900;-10270;-14752
-13617;-517;-13374;-6527
8947;5204;-2842;2249
2506;15150
5368
4498;15026;-13028;6394;-7359;8031
5370
-13564
15640;2890;7323
-9618;-5490;-6653
13569
5380
5383
-17954;-11700;-8249;-5436;-15293
689;7032;1289;16810;-413;4557
7553;6031
-8741;-13799;-4391;5766;3484
5793;16418;17206;12775;-17528;15785
13618;-4692;-6229;-11367;12905;-17821
11032;14841
-2529;-5715;5637;-7326;12639;14975
-11894;7334;10473;-11309
9493
613;-1917
10881;13652;-13719;7576;-8893
5403
-13286;4681;-1534;12718;-12080
14386;-11049;1369;7721;-10380;-7453
-6065;-451;16978;-660;-2276;10167
13599
8855;13672;-15932;2910
-11713;2468;14730;5739;7660;7007
-13604
-5416
-3128;13707;-15357;-11805;17903
15907;13845;7189;3749;-14793
-5442;-8170
-6497;5538;17029;1734;-14234;-17183
13458;16538
-13282;-7315;-17483;-12399
-819;-18006;12760;-1710;11246;6047
-753;-2183;17465;-12362;-7835;-16144
-8179;-6547;-11428;12531
-12691;-10198;-824;-2201
-11235;-9898;-15982;5405;-10591
-7969;-1565
-5652;4307
8675;13149
-17186;-16930
-16642;5362;-2456;15087
10389;-4941
-6967;6057;10458
-8401;-1649;7956;8229;16070;-8557
-13653
-5464
11250;3611;11083
-17754
11897;15898;9307;13423
1813;7752
-5991;-1628;-10142
16773;16794;-9084;11884;-10413
-8340;9930;6301;-17472
-9582
-3699;-18172
-8905;-13561;-6829;92;-4959
-17830;17942;3339;16574;-14527
10993;12380;2605
-14482;-16612;11817;5292;-11357;-4734
-8997;-7303;-6681;17480
-5503
10432;17587;3765;10198;-7738;8122
-1299;-14837;-1658
-6869;-15029;11641;4748
-8631;-13263
-5514
-4616;-8267;-16347;-17244
15360;17409;3331;-11272;6986;-1725
-2243;-10585;4174;18271
-13929;-17308;-11149
6005;3612
-17812
-13442;12918;-7180;17323
15009;-10474;-829;12845;5358
12993;753;-403;-8776;-4174;-10015
-8883;-12279;9207;15997;9679
-3633;12497;5411;5508;-15574;5422
5535
-10214;872;14877
-10629;8406;7339;-14750
-5541
-886;-4656
6907;10923
5544
18324;-6389;936;-3230
12978;-6260;646;-15146;6332
5549
17839
10221;-11678
3829;10998;3575;-4654
18370;740;-17648
9538;12294;6217;-9947;-16640
12576;3138;-3129;17945;15162;828
-14983;11607;-14473
2019;-3301;-1909;-15048;-9947;10331
-5574
5506;4163
1479
1570;4630;13529;4843;1485
-4450;-18210;-7734;1960;-9706;-4304
6263;-17401;-10828
-1488
-16932;-13230
12693;13373
9685
1496
13785
5593
8144;17688;-16141
17445;601;17913;-13979
13350;1175;-8927
-4162;6676;-6440;1736;5166;-1471
14050;-13684;11827;15699;14574
9396;17319;3259;-7982
-17818;16331;-3838;-8478
-7464;-12313;-17884;-9230;16013;12974
-11312;-14784
-10433;-7905;-11046;-15163;-4911;-17600
-14658;-11575;-4234;-4702;14862;-18080
12690;-18409;-11881;-5690;12665;-15483
-10779;-11741;8924;9117;6014
16513;4214;11319;15513;9134;6286
-4051;5045;-13450;-9567
-11557;5044;5895;-13215
-11997;-5454;11806
-12341;-2300;-1118;1919
7284;1113;-6845
15152;4951;11293;16445;-9424
-754;-12327;-761
258;-10011
-4758;6549;14758;16553;-11770;-15674
-17410;-4501;-3094;-14795;13948;-12575
17360;6983;-15565;-3119
16626;-8584;-13704
-10769;-12914;13924
-13857
-14453;3335;-5240;7066;14957
2631;573;2461
1554;13578;-10763;-14716;-9340;9919
7906;-7573;8188;10254;-13103
13248;15760;-2165;-73;15752;16399
-9773
-1581
10304;-15122;7250;7950;7583
7219;-501;15812;16568;-8844
-2291;-11075;13015;-5882;7823
-5837;-3949
-9766;-8217
-17457;6017;3750;3656;3736;1899
12704;-16581;-10118;-8266;-5197;5374
13891
11412;-213;-8233;-3467;-17488
-10706;-1860;11221;-6761;-18077
2240;-2881;6147;-14492;-13102
-17992
-1923;15818
11730;-4870;3387;-8640
-4465;-13531
-18419;16950;3577;-12154;11657
-16068;-10565;18327;-2204;-8622;-7056
-9819
-9820
-8094;-9919
18013
-9203;-9574;-2953;-16570;12094
-18021
10736;-8468;1509;-1367;-1130;-15212
-16177;4673;16733;-3583
2994;-997;-346
-5956;772;16887;-17455
-13586;10429;13006
-1569;15760;-1940;2783;7103
1876;-219
-1844;-2074;-10029
5757
-11925;-5271;-9051
11264;-2355;9147
5768
4201;7690;-18203;4639
-14950;-8697;-10800
500;11973;-14152
2933;-8715
11009;11940;8872;235;-5792
6717;13486;18350
643;12521;2732;-14207
10192;10745;-11917;862
-9883
786;18290;-14652;6619;11132
-15127;-7055
-3731;-4152;-11355;4796;12734
12961;6309;-588;11708
-9917
7632;18336;4397;-16351
12917;9290
-12487;-11690;-10320
8417;-2690;-3641;7837
9152;6742;17350;3593;18142
11363;-5925;-10822;-14694;-14430
-6554;4814
10721;-13155;-15691
14028
-5838
9440;4771;3414;-12632;13135
-2161;12098
9616;4259;-8981;11061;10366
402;-15123;5990;14572
11232;-2029;-3358
6786;-11997;-4735
-13825;-10036;13035;-9823;14799
18138
5851
-14353;-16856;8969
-17571;-18221;-15120
5137;18161;-14984;840;798
7511;-5449;5116;-13038
-11781;388;17367;15757;-15871
-6561;10020;-10312;-3104
-13505;-7042;13587;4952;16062
17136;14215;-3450;6635
-9961
1771
16002;2198;-8233
-2801;8673
7264;11672;10314;-6991
2293;-17673;17162
-11300;-3591;13992;10874
-10534;16299;-11645
13249;9927;-10009;-12874;-2078
14025;10283;-2044
4801;14011;-17023
-1015;-4873
13690;-6923;-8507;7629
9987
-11303;-7387;10812;-7486;9822;7343
13194;-15964;16860
-12259;8770;-4629;-14391;-16159
1806
6507;-4701
12967;-6010;3721;3450;-4128
-17666;10575;1183
13937;9043;419;16056;-14346;13567
-4417;13264;-1109;-16807;7256
1280;9801;-14590;15293;-8558;2685
18200
-4130;407;17832
14110
17125;-6167;-9134
-15409;17235
-14123
2469;-9822;8254;-15024
6016;8136;-13244;-956;-14078
16417;1942;16246
13443;-10503;13766;10572;-17245
1411;9591;-14777;-10652;-10092;-1904
-17383;25;15242;269
9639;3257;10890;6734
-4147;18283
-5787;-4255
-1748;-16345;-12431
1851
-2132;-1572;3284;-11003;9566
-5954
8497;17939
1869
-10063
-18257
13616;17522;-9581;17182
11793;18419;5972;-567;-2778;14092
-9002;-12011;909;1839
-10074
2065;9132;2973
17992;7994;9867;15501;-16703
3107;-15044;-12997;15673;-17200
-8387;2276;-9463;3626;5966
-1457;-5190;665
4161;10795;-4878
-10079
-17128;2953
16701;-2526
-4373;8534;14110
12251;-13676;9932;-10399
14180
-15106;5909;-5448;8654
-1898
-4758;-4393;18266;10554;-13420;-4351
8261;-1035;1738;11036;7101;-624
-17793;-12533;12038
1905
-18179;16710;-11133;220;-18206
16896;-868;-16295;-3577;-10367
17988;4415
-6289;16720;-9654;-4073;-169;-14845
14215
-5553;6848;13395;-17350;16875
18418;5378;-13604;-12121
-14217
6024
14221
14435;17525;8267;6765
1939
-950;11868;3309
-16929;-5493
16755;-6619
16576;9953
-14629;-12858;-11083;3722;12414
8288;-10875;16828
1360;5266;12339;-11510;745;1946
1958
-11603;7383;-4589;12108;-17389;-12447
-6385;9304;6489;5946;-1869;17148
9106;-2853;11383;-10777;-6570;13962
14860;-608
-15140;10292;-9881;-3632
-3873;12226;2044;3374;16878
12009;-1836
2945;7570;14403;-10649
2453;14908;10620;-1423
-373;-16950;-6760;1615
8135;-14220
-7697;-14917;9492;2940
1989
4515;-8136;13802
10183
2425;-7470;8606;2527
-14281
-6763;-3149;8781;-9055
5233;-6899;-10842;6415
-2787;-12585;-3034;-16363
1974;-13642;15723;-6269;-3885
2002
-14291
3907;-11821;14013
547;-1204;18277;14150;9368;-10463
2435;-12632
2442;15946
18397
-7169;5507;7732;16425
-1769;7883
-2532;-7679
14311
-10219
-18414
-10931;-11583
-17860;-2281;-3209;-12809;12830;4910
1184;10480;16359;-17790
-2567;-15864
-15718;-12439;-9960;-8990
-10250
-18405;7605;16957
-6163
8437;14582;4841;2539;-7852
-17218;-7540;10071;4922;-3661;11357
17760;-11596
3219;6358;7095;12583;13773
-7442;-8550;1238;-13625;13033;988
14359
2096;-14516;2155
-7554;18389;13048;18379;-14413;-5294
-2036;17924;-12103;-13769;12285;16158
-1393;15131;-17949;-5693;-6751;-14095
17494;971
11275;17276;-16221;-18223;-16672
-8247;-8536;14698
774;-15148
4195;-15995;-11181;4509
-9363;12290;-14356;-3478;16999
371;-2853;9335;-3034;-1727
3572;14904
-12036;-2101;13652;17813;13437
-8257;-4354;1220;-2992
-16947;-17916
16339;-6741;-4892;-13309;14798
-2309;-4492;13005
2546;10788;3065;12380;-10287
-7762;15218;-2344;-11327
10311
-7332;2647;-1705;-9279;17791
-10316
-6220
14412
-17106;-13779;4709;-7657;15324
6420;17052;-6078;1726;-8800
-11553;6321;129;-2901;-18383;7870
14518;4182;8009
-6723;17988;-7301;-8137;15033;3562
-6231
-2181;504;1817;3789;14590
2136
-6675;13442;-10566;-7017;-5674;2060
15542;-5208
-81;-14083;17971;-6459;17930;-4942
-14434
14441
-13164;-9472
18352;-4690;4916;956;15390
14444
7921;-4515;15139
4082;130;-12789;15257;-17741;-15678
10995;693;7799;1033;14414
-15334;9068
-4250;-18400
17441;-7859;-6885;-2456;8236;1885
-11356;8779;-3693
-8094;14366
-12212;-10492;18044;-1614
17986;13082;-10108;-2220;12109
-7457;-2097;9798;4152;12953;9420
-8195;7430;-991;8047
3202;1283;7607;10584
-18035;15394;11880;11998;-10848
-33;1381;-15835
-4376;-16175;18351
8772;7017;16059;-5070
8264;-8282;-3134;-11342
10953;-11338;-1821
10398
17410;9378
-6310
11845;18108;11597;1630
14511
-17793;-3907;-1236;-15894;16125
8144;5523;-3248
11576;7037
-6322;18243;3875;-14221;14047;15279
18384;-13466;-6507;7882;-16717
12531;17252;5657;-9210;-763;5438
2233
-6332
-2434;-7997
-11186;17524
1315;2343;-10000
6113;8423
17344;4785;-1910;-3256;18056
-14789;2892;9645
7321;16940;14862
12656;13047;13421
-11697;6240;9865;11114;-11996;-1263
-3492;12228;5492;-12615;654
-9137;-9350;12121
3862;-15962;-6558
5666;-7014;3623
-4594;1330;14754;-17269;-4395;-16685
-14574
5700;-8473;-11804
-13111;-11321;5757
-5553;-18337;8515;-11174;16583;-12810
-3649;-11041;-6152;2551;7307;-3600
-6393
17216;-2631
-4743;2442
13457;371;7699;5350
-3511;-6989
12048;-5482;-12093;-9071
7664;2939;3148;-11439
12658;8709;-4025;-4493;14046
-11736;-2875
1330;-7751
-4459;-8587;-4687;-13264
13618;-10154;-9886
15154;7397;-9079;6461;7133;3933
-2436;-3206;16426;5483;5198;1343
-6427
-3154;15558;4921;-5131;6523
2530;-5366;-15405;-12766
-11710;9374
-10323;7494;9262
-9442;13861;15127;15879;-8028;-16862
-1265;5505;-18355;1144;-17723;7869
-1281;-16707;9458;-7128;-7694;4622
10551;-13
4211;8277;14458;7771;2219;-10013
-16374;-14650
9441;11827;-7481;-7338
9108;-11465
15094;-18216;9096;478
7633;14385;-9556;11084;-10256;1359
11514;-1611;28;-7568
-3314;-10389;13224;-14173
2384;-3946;2301;-5102;1999
9747;9508;-6633;6396;-4365
-17285;13445;6971;-10189;-9582;-10304
18433;-7870
-15523;-14676;-8694;-345
-12787;-6675;4755;-11049;-9786;4495
-15481;-15566
5872;-2517;-7946;-6107;-13711;5647
-7013;15957;-16055;14760;731;14477
1530;4412;-16383;12318;-16544
-8434;-2883;-17256;-4344;14924;15614
18310;12598;425;13417;6781
-9298;-7717;-12439;-5896;17803;11069
2387
-17651;-5908;-16454;760
-7516;10509;3501
-16065;14706;-4004;8067;18027;-14237
-18073;15673
6497
1226;9548;12108
2162;-8105;16541
2409
16410;-9903
983;2298;12027;-4701
-15906;6817;2290;9709;-17616
-7649;-17542;-7113;17597
6776;14362;8637;-17838;-5422
4144;-9282;10708;14885;2446
-935;-10856;-7018
11841;-228;-13415;4649;15963
-14823;104
-10196;8102;4526
-129;17720;5327
14726
15575;17307;-6381;-15870
6186;7918;2175;-1552
-18209;625;15411;-4366
14736
1550;-16287
-15793;17453;-8207
17680;-13367;-7496;-15897;-16139
-7875;15734;-1609;8490
-17828;-8006;-13486
5121;5299;-17510;-7658
3572;-17861;424;-7178;-5067;-5024
163;10085;-2263;1752;13210
-7426;-11282;2037;-13366;-5338;12426
12096;8935;-16168;-4938;-10251;16893
3896;14959
944;2256;-899;-4776
14423;-5706;18335
-14593;-8754;-3556;-151
-9992;7514
5760;18246;-10727;2423;11351
5013;-2535
1107;13659
17189;11030;-6603;15450;5099;9471
5091;17124;-3343
5763;16807;4251;-7948
-15762;13271
15588;-11781;-7752;3240;7181;110
-5340;2846
18310;-8216;4687
2495
-10925;8429
-14786
14202;12874
10179;-18237;10559
-6601
-15642;-7549;8398
-5698;-6777;13469;-18398;-17871
14258;9139;-15813;2837;-534;13099
-11201;6777;1690;5243
9894;7993;14030;-17119
-4542;15247
10275;14021;-15869;6382
7810;-5188;-11109;5270;8201;-2462
4720;7472;-1476
-8787;-16148;1483;12909;-8368
14881;9251;13749;-1819;-16093;3038
17664;-1731;7209;5082;-1120
-6626
-9783;-17325
16848;-16036;-7736;-12590;-11695
-14449;-4423;17574;7852;-10301;10381
3458;-18285
6672;11493;18395;17581;18029
-2786;-8071;8411;-12382
13939;14677;9191;2055;-8267;-4479
-12385;-10178;-11027;5718;-10328;6987
-12225;-11442;7170;5763
-4305;-13989;-12920
17280;-5809;15681;4071
386;12740;-8648;10364
14432;-15153;17104;-8773;-10165
13664;13467
-12929;5413;197;-4343;5564;12750
12649;380;14108
-14850
-13543;-8139;4764;-14320
17860;-15291
-14863
5366;1306
9248;9221;16503;-13977;-14319
6710;-13388
-11826;7874;4003;-6731
7154;-4570
-17811;-17749;-11017;9179;3868;6365
-2903;-14808;14074;-11389;3213;-15359
8760;16974;13727
10947;3828;1724;-13902
-5322;16111
-6043;-17036
15701;8151;219;-991
2601
11792;5146;-6143
-529;-148;13667;-2831;9262;-432
6704
-15078;10423;-2059
-11073;16146;7020;-5376
-821;-5897
-8577;-15906;-15062;14233;-18271
-14912
15445;15852
-7713;-13954;-18371;-17332;-9463;-17721
-9249;-99;-5259;-7422;-447;3455
9304;5625
6738
-17842;15196
-3844;10589
18017;-3078
10844
17824;7750;9847
-10848
11537;-10198;3131;14044;-4397;9020
4005;6279;5563;3196
10833;11297;-3083
-17794;1938;10054;11127;1434
-18136;-11898;876;14206
12725;3193;11326
-7652;11639;6878
-15956;14155;16764
-6972;9647
9379;-17338;14733
-12148;15998;11119
-2082;17034;-2445;14750
-11169;-7137;12577;-8754;3609
-14500;-6884;15127;1624;1946
-6784
-6497;-12756;-4632;4812
4624;7653;-6439;-4984;-9371;-6462
-10885
11122;-8429
9731;-2941
-2698
3616;7348;15240;-10569;7178;-16016
-14993
-7273;9979
-10196;-4327;-10442;5275;-6927;-17056
9380;5541;2251;11692;10990;3822
6211;4185;-5997;10013;-17134
-15011
-4962;1106;10680
-14849;-9350;-8505;-2794
-9811;15458;-5096;-15579;-16283;-8285
14193;-11455
16181;-15928;10680
4864;-7829;7335;2824;-9936
16864;10193;-12026
18340;-12760;-16520
-13873;-2632;18392;-16923
-17162;2126
-15037
11264;18229;18314
-7506;-15728
-10947
16720;434;-3193;-8809;4218;-12126
8802;-11863;-13691;-18108;-17054
-13750;2795
-2764
-10956
6768;5619;-5527
8273;-11445;-3910;18085;-5485;-12383
11009;-15032;17242;18223
6868
7313;5219;-4845;-5710;13086
-9081;15034;-8460;8124;-12494
2781
-17347;6372
7600;-10563;-7891;13637
-3362;-15848;18279;-10024;17835
-5876;-17399;-9466;-2812
-3334;15717;8105;-1243;-4172
2915;2691;-5772;7053
-3698;17714;-13619;-11085;-16687
5524;-262;15432;6554;-3693;3821
17785;16108;13966
-1593;16686
13174;-14172;3805
15095
16177;7074;-16189;-9872
5301;264;-5049;-15614
-6722;-14486;1301;17096
-451;8996;1594;-12956
-503;11514
-8929;408;15437
9410;5699
-993;10176;-4199;7207;-15020
-2832
3410;16441;-635
15363;-12527
2980;-8541;12494
-17063;17735;-15802
-3977;15709;14894;4894
4641;-12823;11752;-5003;4284
-642;-16917;12236;8175
-7633;-12102;17622;13158
-999;-8841;-17594
-2428;-16816
9332;-2648;15754;9100
12864;17681;-8390;4314;-15406
-11925;8072;-11309
2132;4838;16383
6149;1189;-18407
10992;-4498;-12718;-17135
-15334;166
14881;-18154;-16044;16429
-14823;15672;6138
-339;-421;10693;-10649;-18253;3789
10948;12373;-16024;-17515;7323
2192;8306;-13976;4135;-10458;2809
7073;824;7288
-7078;8778;-8701
4022;2792;8382
-113;10401;-13891;8071;10732
7011
-1569;-10770;9451;-12316
-11109
-3976;-8329;-7209;-18185;18397
-12243;10763;12590
6083;-4215;15337;-6094
-3186;15476;9430;17080;5786;11581
16680;14923
-13544;15784;7448;-16716
3629;13933;15662;14767
-2938
-7841;11040;3696;-11853;1900;10094
-371;10456;-9962;-3069
4211;-4940;-4016;7695
-5862;17352;-12219;-13806;17486
-16053;13099
2838;18376;16446;-10128
12347;-9391
14595;998;-5868;-2668
-7060
-11160
17395;-11207;-7722;-9627
4928;14425
12743;-4825;7339
2568;-5323;18013
-18209;192;17412;15061;13094
-11841;-4244;4917
11167
-3506;-12295;14253;14974;14126
-15860;-11208;-14041;10666;-13499
-146;4881;14631
-2984
3908;-3193;3977;8410;2987;3278
-18101;-1398;-12157
-15273
-5319;4903;4315;11374
6468;16999
-14674;5522;12149
17680;15704;-13998
12032;9653;7797;-1902
14919;-11915
4449;-4069;15749;-8281;10392;-11134
15426;-3129;7099
-17778;-13268;5476;-10917;-14220;10830
-5283;-16756;-5552
-13137;-6598;4428
-15211;8094
11234;-14259
-15969;-8136;-9400;18190
2384;-17027;-4768
12181;7463;14456;-1753;11642
-4706;-8727;4471;4663;-2155;13580
-2106;-6605;5679
15323
-15691;8155;-15037;-9135
-10836;13897;4236;16223
11232
-4129;6625;-12906;1372;5997
-310;-6615;-4617;9401;-2894;12173
11889;-2557;13868;-11966
4128;16723;15571;-17848;-15531
545;17221;10268;-8605
10386;-6202;15245
7145
-1821;2524;-17534;-10799
11246
4133;3018
15960;11674
-15349
49;3014
-14771;-2325;-12794;-11405;17743
-11268
-13778;-1890;-14499;14757;5000;17581
3079
7523;-18077;-13006
-12834;-14823
-15369
-11273
9266;18391
-7179
-3140;9782;4635
17537;-5651;-3286;-8760;-2926
-6298;9387
3092
7184;-4053;-16824;-3530;-15053;8701
-628;-11816;-13439;14591
-10401;-7288;10874;9915
2646;13594;3246
289;17572;5797;-5801;12490;-6765
-10799;7695
-10116;-5276
6816;2293;-1435;3434;-8684;684
-9521;-7622;7885;16463
-17507;-11283;12005;-4086;13662
6304;9266;-10792;3499;-15487
11305
17632;7969;17106;3909;-2886;12631
11307
-7940;-7465
10722;10694;-1914
-11319
-7227
-10753;18417;13891;11706;10830
3916;3311
4642;-1877;-18191
14018;-965;-5818
6080;-2772;9139;2182;3871;9215
-13828;-17433;5370;10459
8577;-7202;-4660;3086;3343
-4689;16562;14594;-7302;4459
-516;-2630
12656;10146;16995;2278;-2064
-16273;153;10667;-9998;15
13540;10117;-8968;12589;2462;-2015
7569;-9631;9310
-17843;-10995;-8087;1994;-9182
-11348
11586;15940;9757;-9551
9057;-1803
7254
16004;3113;12715
6212;71;-4843;14012
-1138;-15986;1667
7238;7016;-6989
9698;4906;10779;16940;-10479
-15462
13809;-7817;-16746;2011;7423;-14144
15464
-194;6805;4757
-11273;3999
-17441;14832;13412;6104;-15674;-16699
3809;3389;10237;2093;-8158
-7832;17116;14029;8941;3693
15537;8122
-9201;6018
7282
-13569;4704;-10905;-7676;-12608
16036;-3497;6616;-11867
-2795;-8591
-16306;14881;-18154
-7441;721;16452;17210;-15551
3043;-9606;-5591;-10247;17705;11993
1106;-915;15638;12231;12015
-3139;-74
-7311
7318
-10393;3070
977;835;-852;14554
-10151;11851;6556;-928
3811;-14202;-5134
3237
-17971;-4420;11747;3639;-16715
-483;-2340;-4439;14635;4062
10720;-3369
-4545;-6906
-17207;2326;-667
-15796;4342
-6514;-4940
343;2921
-7363
12945;10802
2069;-9434
-10082;13352
-113;-14930;3579
-15560
3171;9941;-1014;6694;13719;-8760
-2785;-5109;-13989;-12173;14399
6483;-7237;8389;3318;-3583
12372;-18133;-5563;90;15805;10991
-10178;676;4917;-14202;-3595;-5471
7373
-17361;-15844;13190;-15421;5917;5759
6291;1753;-922;16639
17828;7726;-14079
8229;-7033;7949;10573;11598;-15744
6001;4808;-9882;-11341;-17453
2769;13784;-1753;8970
-4967;-14056;-8845
15203;-7352;-5788;5325
4626;15907;-2635;-10507
-15585
3024;-15682;-1236;11811;-11588;10372
16417;1009;-1840
-13363;2582;14248;7117;-13888
576;12759;-16640
7414
11138;516;4071;-9832;8312;5499
11514
-16227;15111;4440
-10529;-13058;3669;-12080
16560;563;-6087;6615;6362;-4303
2660;-3256;2263;1006;-18288
-14472;-12042;-9963;2859;-6574
15617
3139;-2056;2248
-5002;-2427
504;2830
-16054;4526
-7433
-9812;5464;-12908;9822
-7538;-16284
-14419;8725;-3641;16777
3762;-11494;-7223;-8170;3386
-947;-10611
7558;4410;-6172;-4157;-13199
-11560
-11960;399
-13330;-17432;17911;-16990;18270
12753;9651;17446;-6951;6506;17231
-5555;-6028
14049;13287;14810;9725;-7520
10912;9396;7660
12995;-3669;-18057;-4092;-2864
-16161;-4148;17157;8713;-11519;2559
2740;-16956;-13760
-2566;-8198;-697;601;-17423;8495
-3405
2816;-7446;-6539;-4524
17330;16772;10266
12384;-8082;13826;1667
17552;1745;-3301;6506;1389
-15703
4387;-16948;-2710;2966;8887
4208;15553;-15202;-16165;-9
-6163;-9672;16954;-7055;-9776
-10501;-18261;17145
-12849;2738;10050;9862;-17325
7523
993;17378;-6121;-18285;11582;-17168
-1205;-12153;5832
-11058;8738;8898;-13962;-12432
12902;-5370
-2868;-316;14815
3442
7538
-12466;-5493;-14165
-3457
6196;-14039;-7902
1200;8549;-4072;18265
-7565
-7567
-11676
-9698;6213
3484
-3078;-16793
16580;11487
4711;4745;7996;1708;-11568
-14884;-16469;-16758;11542;-15545;15848
-5270;16919;41
7333;17414;12890;17580;1500;12319
5828;18156
11760;4036
-10898;-4900
-216;-17390;1582;12511
-18247;10636
-3515
4048;4723;3894;-5054
-7612
9542;6266
-15826;-9764;-6605
2003;10947;-16477
8806;-249;3163
2793;10394;-18203;9229;-7744
7712;-8517;-7878;11306;-6156
12036;-8501
-1586;-4019;11843;-17967
-15458;-12532;-10231;-17720;-8394;15740
-3297;9693;-13006;3071
9328;-4552;10952;-12186
-2769;3844;3033;7631
8471;-828
11739
-18211;-9861;10791;-10845
-7649
3554
17314;16962;12484;-6968;-7406;-8352
-3556
-7654
-11394;-7779;-14652;14332;9293;13758
-15849
-7659
9648;-6689;7122;6615;-13133
-16724;13812;4532;6040
1954;9807
4100;8458;-2110;-2239;-544
-1186;13733;3318
6577;17827;-6084;10229;-12679
-15871
-6360;2777
7211;-13820;-11502;2239
-17879;14294
10370;-14826;16702;11822
-16803;12667;-12126;-5007;-12559;1566
-7687
-15233;-17978;9610;16378;10814
11783
-15881
7696
8961;8515;10703
18228;-10526
-17861;4571;-11325;6060;10847
3715;-12293;-16455;9133
-15289;11676
-11805
16576;11808;13619;10762
-17220;11254;17775
-3618
16611;-17860;11748;13173;16534;16662
13380;-9273;5146;-7724;-9262;15
-8465;8208;13345;-5749;379
13942;-12799;-12960
8867;11636;-3659;5005;-10032
8931;16837;-2886;-16678;-13929
-14116;11190;5208;552;15228;-2143
7728
929;7251;6085;7222;-18189;8527
12116;9718;2487;18073;1306;17279
8117;-638;4350
10372;-15834;2301;-478
1424;-7688;-4633;14537
3377;8745;3807
-16834;-4551;-9145;6408
9067;-8559;3134
-8706;-9274;-1642;12828;3151
5970;8646;-3383;16615;-6733;15295
16402;16664;-748
-7744
-10433;-1407
-11171;-8775;3448;-17663;3982;14239
-15473;-6503;1830;3927;-17147;-7151
-12881;14930;-14822;9115
7682;-15438
2422;17386;10859;-9695;-6864;10031
-10532;2246;11946
7827;-18185;-13785
433;-5525;-13099;17452;-6366;14863
3264;-10756;15508;-12055;-11913
12662;2730;-12587;859
11168;-689;1745;-3474;-16451;15462
5174;11020;-12528
-15620;6728;-11243;-12861;-9726;2190
-3668
-16099;-6613;-8602;15357
7634;2693;11743;6175
11861
7734;18311;6300
-2744;3800;-429;7149
3443;9722;-6539;4924;-11919;-15600
1492;-11253;4875;-8766;1774
16597;-12911
3692
6800;-13873;-16548;-17223;9303;7368
-3695
-7923;580;-13543;16807;-16720;13007
-3505;2658;1354;-4204
8708;-12408
-8326;6358;16267;12574;13694
17026;-11351;12663;8970;9164
6516;6725;-5440
-11745;-7490;17234;18133;-2812;-9613
9193;-17019;-8171
-9185;13696;-6231;15034;10876
-5461;17429;15928;1048;-15498;2555
817;14259;13732;17895;-254;-5872
-15729;679;-8410;-4830
16007
10611;17191;6218;-18013
3968;-5097;5113;13613;2511
9441;-17270
-9415;8635;-2957
9811;10310
9712;-14163;15223;-7034
-6481;-9971;17717;-16253;-13327
-2725;-1128;-3982
-16550;-12872;15704;-4058;-6444
6243;10281;-8684
-4482;8419;4;7353;7018;5917
5604;-1543;4060;12015
-8129;-7653;-3301;-4777;9019;2894
15777;519;-12541
-16692;13047;7401
-18261;2214
10627;13613
10784;6241;11315
-11962
-16059
7868
3777
3474;17571;-9287;-5145;-2832
-5729;2274;4795;205;12047;2479
9058;-15836;-1104
-2562;11507;-10406;-2327
6547;-4966;4695;2761;15230
-7742;-144
-13466;1483
-3377;15364
-16515;-6712;-14860;-14863
15284;6309;2151;12760;-17579;9450
-3047;-15931;7403;17469;-18175;-16095
12841;-11995;2957
-12009;12505;16313;-8908
-7428;-13498;-13612;16107;-13662;11903
2790;17400
8480;15154;-14025;12072;6541;-16223
9265;3572;-7749;-17435;8539
-13489;17266;17508;6534;-5416;10076
-12609;-5137;8439;17211
12001
-6983;2968;-13675;17966;16975;-1152
11538;471
7009;17843;-8661;-6598;-5773
7841;-11044;-15910;3003
7918
2213;5335;-11375
-18402;-1523;-15717;8758;16234;14477
-13474;-6750
-16128
16128
4160;-10086;-16504;8056;-16445;-18080
5156;-9159;9115;-16799;15535
5601;16583;-18336
-12042
-10417;12513;5201;15381;-15912;13467
14344;-1518;11503
18144;10419;13960;-5902
-14258;1685;-14567;3512;-9530;-3469
15059;10181;-4870;-17834;3006;6510
-5329;-10824
10240;4097;611;5303
-7042;-14484;13558
-15713;-2449;-16454;2743;-4267;11786
-2293;-10597;-10230;4247;-9580
6274;-6597;11368;17240;-3371;-16942
4341;15654;14249;-13983
3877
17778;2491
-11925;-15206;15052
-15462;-12811;12095
-17015;-7226;-16;3983
9360;13683;-9590;-17928;12462
5634;-12199;14076;12764
515;6486;-16811;5917
10402;4915;8531;16889;10154;10349
8065;-2356;-17800
-2308;-10407;-9528;-6234
-9237;-15015;7383;679
-1843;11093;8009;4698;6781;7933
10326;16745;-16607;18015
-5395;-12515;-17989;-4025;-1597;8943
16200
17744;-9734
-3917
-16206
11249;-15167
-3831;-3163;-5119
-12113
6947;-8693;-9214;7039
12209;7891;-1573;-13001;14780
-12116
5908;-9832
-10410;-18094
-4929;1314;-2552;18287
5584;14513;-16925;-7103
16900;-2134;1797;-8714;-3548;7823
-10804;-1324
4003;4743;7483
3943
10546;1954;2679;9247
-13282;1142
-7124;1060;-9399;14842;-11520
13393;15132
-8849;-15749;-12121
-4929;-13510;2407;-12495
3950
-16451;-16175
3504;8149;12781
-4577;627;-6937;3353;11033;16842
15746;8082;-1247;-14528
-8055
-9987;13650;-8772;-13672;4312;2315
-16658;6097;-8902;-8758;7871
-1331;-7829;-7097
7523;-16373;-2570;3355
-18164;5445;1015;6138;9535
-4118;-7423;-623
-15450;-812
11200;18131;7843;-430
8961;-2483;-9882;-11821;3054
16268
-4226;3427;4349;12719
16529;-3463;8923;17228;13917
-17336;11912;-766;10174
-3204;5799;-4540;14125
16276;1236;14597;4649
1521;9890;-124;-15279
-7733;5319;-1449;16046
15122;8133;17765;14202;-2603;4621
11507;1189;-5868;13548
12188
13763;-2775;-4967;10265
-15833;7738
14640;11569;6369;8293
-9985;-3379;-14136;-1085
16903;-18123;17516
6564;348;17631;4047
2291;-13845;7532
9049;-17168
7058;6211;-14494;-2800
3462;10987;5006;-11327
3360;17814;-12648;10905;5085
-16327
7411;-5818;-4843;15562;-3712;-16736
2579;11817;14221
14115;-3205;13494;14872;-7550;990
11090;-9861;5108;17796;-17208;-15068
-5094;10246;-2024;-5340;14462
-2869;12134;-17146;-12571;3419;8877
-16929;-4615;-4393;-10893
-16353
-13267;-17338;18330;4538;-1867;-10846
4065
-8978;-11236;3854
7937;12518
-3986;-8279
10482;15442;-13832;8366
-14276;3511;-15611;11387;-17759
16579;15860;-3787
10305;-14382
4078
-12726;3290;17614
3778;-10618;-9532
-16056;-12521;-745;-3436
-15881;-11930;3243
1416;-8909;3405
11397;9880;-6555;-7404;-3229
-947;-694;-2650;-12093
