11319;14028;-4863
-1274;-11658;12937
-16754;-16771;8362;-6892;7471
-8178;-12374;57
16355;-8294;-12648;-7722
-4066;8183
-17320;-15470
-3012;7131
1777;7190;-5351;506
3137;-11636;16251;-3630
12316
9250;7077;-16298
-11433;5322;6140
434;-7925;135;13706;-12445;10221
-321;3040;-6850
-10564;15274;-12940
39
9861;-11962;9644;-7743;-8032
-3735;-12457;10857;6809;-9708
18064;-9074;-8395;4811;-2671;17791
-12336
2768;-6914
-12343
-4180;8919;-4683
5699;-453;-265;14010;1549
-4158
-343;-13482;4185;5482
8255
5104;-11415;7207;10119;15707;-2080
16452
-1668;18121
16233;-13995;1934
15363;14821;-18391;5737;-13067;-8640
-2284;10556
4177
-12371
-84
85
13555;-6268;5087
3441;-1321;-16285;14172;-8990;-11584
-882;-11495
5236;8648;-11451;13260;13071
-722;8217;-4634;-11149
-5666;-14911
9781;13290;-12059;-14047;3135
18080;-18184
7970;3156;10215;-15176;-6057
-14627;8467;1540;3688;-11467
15667;5060;12566;-12703
15429;9229;12319
-14193;4247;9095;-1417;3677;-1296
-14834;9111;15417;11529;-13612;-7725
2458;-10765
16358;141
-1831;10139
4215
123
-1207;11289;7131;-4925;-16510
9552;6836;4614;14440;5644
-14867;7012;-8566;-8903;6858;-10335
7489;-7768;4167;-269;605
129
-12070;-13286;4745
4227
-9788;-2860;-398;8815
-14961;5281;6647;8687;-5520
18296;6415
585;11833;11417;13165
-8330
-3443;-10963;9992;15932;17295
16527
-5682;-10848
4946;-17380
3474;-1604;1157;-15462
816;-14947;-2041;-9036;-7708
-15607;-11227;2107
-8101;-17143;-15868
-12022;4422;15209;-3466;16491
8209;15061;-6731
13862;-11865;-6251
9568;11812;6631;17207
-6019;13128;-11370
-6385;-5399;-7816;13879;-794;2250
-8457;-7258;15884
12179;6211;14901;-9256;12999
8364
-6337;-5457;-15490;12081;10934
-8365
14981;18381;2925;-3344
-10673;-9984
12641;15442;7751;10634;15149
306;-5896;13960
-3757;-9742;17054;4815
-4802;1942;-1416
2577;323;-7415;-11512;-539
-184
5883;6590
15863;-14346;-13995
14657;17124;-6505;4842;8426;14895
-13586;-18242;-9499;-2683;-3869;-17853
-12377;-4205
-16403;-4276
17722;11150
-8393
17761;-13464
405;12085
-2082;-14541;-8158
-1415;2282;15725
8402
8405
-5075;17578
11560;-12331;9179
-13377;12432;-17186;-15268;17559;-17146
3980;12798;16207
16576;195;3766;16535;12040;-3837
-9095;-13192;13401;6634;1659;13101
8288;15158;1195;4955;-17087
4318
-9618;3428;17484;-126;17727
-16524;4011
12512
14321;5157;13100;4511
-10113;-2346;-13163;-15454;-12895;4590
12868;-7813;15127;2938;12509;9662
-6435;3010;3661
8428
13184;-17201;10170;-1964;-973;1118
-11121;-3382;311;9736;249;-16512
16851;7967
11297;1106;-16614;-4271;14046;-9904
-14213;14459
-17366;8794;5308;17645;5933;16798
-4346
5106;-11961;5338;-11021
-12387;7715;-2156;-6094;8575
11569;-7480;-6058;-17628;-4511;7471
-4349
2561;-12547;-7814;1162
4351
-5049;-17707;-10430;18189;15263
268
2324;4613;-6669
17188;-12824
11666;-3205
16199;11065;-15327;8815
18352;-18023;4041
4370
8466
16664
-9025;7784;12984;17211
15027;-10555;-252;8350
11412;17543
-6116;1736
7267;5140;-7064;-11130;-10890
13268;-8647;6411;1551
-13907;-10968
403;12186
-16244;9556;1301;6170;-17472
3848;16937
3650;-18179;7414;-1386
-4406
-18194;12615;2631;5271;-14651;12015
-8709;-16182
16048;8843
12148;2023;-1928;12652
-11029;-13867
18048;-12330;15276;-17087;12798
-2705;12934;-4696;15960;10778;-3278
8953;15372;-381;9053;4190
15443;-12873;-6991
-3474;-5954;11529;-4396;-6223
-4529;8952
-6075;-4587;10334
-11250;13529;-1948
12131;-5684;7828;-10263;16799
4429
-4432
10962;-4660;-761;12058;-4974
8533
-14882;-18228
-15745;-6098;-11270
-17897;13453
8256;-11702;2342;5383;-16744;-8363
-10722;16254;3007
-7633;10641;-8934;11079;-9599
-8487;-4151
-17836;5197
12639
-13249;16738;9014;-5406;-7456
361
9859;-14207;-8304
-16643;1779;13411;-5029;2375;12664
-565;-6444;-1549
2592;4963;-313;-3658;-3215
-6995;11913;-17578
12660
12630;13430;10987;12478
-14872;-8696;-14395;-3372
-16761
4472
-14424;14046
-10487;15833;-13934
-11473;-8851;4873;10959
9220;17414;-10680;9017
18245;8265;-5483;9179;7055
-9639;1944;14936;1561;1131;-1343
-15906;13092;-17895;-1273;8844;-11839
-6274;-15683;-629;18326;-240
-16481;-310
6795;17868;-3773
14817;-12007;-2399
-16068;11559
-8605
9203;7593
-17131;333
-5874;5842;14866;-454;-5772
-16802
8546;-6215;9354;1022
-16885;15177;-6908
11058;-11445;12884;-8615;-1351;-2958
4752;5776;-13252;-12199;16604;11037
13508;14521;3690;13770
-12722
2747;-11375
15009;2019;3510;-11993;-4939;9118
16834
2594;12756;7866;-14573
-245;697
-4550
11444;-7176;12569
8648
-8790;140
12672;-12914;9298;3556;-17996;830
-17250;-15252;-6756;-10373;-5991;18298
15163;-12429;1821
-12258;-4357;5658;-6336;-15936
6534;8282;8221;-14384
-1265;-7442;-5084;-6703;-16832
14084;6857
262;4295
-5953;-6689;-9907;17059;-1658;15802
-14689;-17656;7800;-7162;8586;-10112
2480;6919;3355
-18149;-4935;-11642;-783;10463
11505;-2596;6234;-15613
-850;6405;11301
12884;406;10631;-1850;-9067;16143
8275;12682
4772;16600;-8607
659;3915
-9674;1003
-5762;17444;-12167
-8677
-4582
8016;1234;-12075;-10717;-1488;14543
-12134;-6424;9240;-8106;13851;12252
16947;17110;15944;10957;5069
-12033;-14804;-116;-10406
3632;-8132;17620;12022;-10151;-2204
16884
17938;8569;14953
-17202;-2073;13880;4892
1936;5623;9327
14132;-12248;2717
9558;5769;13851
-17779;-6293;11275
-4605
160;-18170;13402
16801;18274;3507;10058;-3070
-7541;9766;5047;-17055;13806;-12736
3152;1947;11807
13072;-5362;-17784;6924;-17853
8716
18417;11306;-1131;4988;-6847;6559
-8718
4625
-4659;14685;-12799;-18240
12435;-439;-11464
-1089;8212;-9687;11290
-7345;7880
-16921
2194;-15021
5472;-6016
8735
4403;-15798;-5032;-1097;5659;-9166
-5460;14202
-10232;-6798;16479
-7893;7338
7299;-85;-4748;-9022;-2192
-4653
-4561;-10274;-11603;-8537;-8268;1724
-8752
13537;7692;-16574
16390;554
-567
-11654;-8957;7756
10705;-6420;12340;16710
15617;-13671;11260;-13775
-12740;16436;-4266
-10646;-3878;12949;-3098
-5205;-13158;-6665;3965
-1873;-12386;6067;-4680
18260;6021;879
-15618;-8675;-17699;4538
6947;4342;-2104;-13871
592
-3301;-2310;5018
-3601;-2900;14742;-9850;10398
16985
12517;8025;-14828;-6317
-12227;2674;7572;14185;-7499
-403;8118;10572;-1294
5877;-6375;8955;4445
-1873;-17415;-3690;14171
8865;12483;180;3467;-93;-16095
-18229;4920;-3693
17004
-4717
-627
-8008;-5260;16348;-7597;3887
633
-3189;-3702;-11448;-8603;-6141;-8512
18225;11082
17348;-12390;12063
18370;11156;3019;2524;-9856
17281;-4356
1716;6231;9177;1275;-17759
704;4050;10868;4619;-15503
12353;-5433;10106
-9666;17427;3655;-16159
-4746
10304;16962;1396;8853
15541;-6585;-9978;-13871;6047
-978;15113;7066;7613;-3583
4753
-6021;1576;11096;6616;-12799;8382
-8721;7553;-11780
7409;16210;-6575
12599;4446
-16890;17338;9914;14877
5404;-4368;11919
13379;-1799;-6459;11100;-11456
7920;15984;3988;-6743
-18321;-4660;5587;12550;13514;-17536
9345;-5128;7403;17727
16977;3489;11507;1974;7692
-11585;-5481
-5868;-3006
2438;-2887;12936;-7709
-7921;-13237;6453;-14652
7364;13497;4399
-14770;-8308;6195;-884;696
8881
689
15271;11342;-13632
3463;-9613;5455
16148;-4748;5679
15458;5718
-14657;-6524
-338;-16164;-12662;12077
-1876;7891;8518;14846
8900
-8581;16106;-8238
-13659;-4429;9183
11648;2786;11927;-13357
-17102
-2580;14523;2587;-9068;15740
14434;-13705
-12888;-9098;8110;-7343
8931
4826;12
12578;-7740
-9298;9634;-16583;15502
-17131
-4846
-17135
-1233;11173;-2935;-15948
13039
-755
17139
3316;-2560
4322;-8140;8671
-1960;13895;2217;3050;-8252
13920;13657;17531;-15676
-10915;7988;11334;13513;15114;4687
14375;2776
14500;14940
261;16023;9928;12029;15775
8708;-18182;-894;17774;-16368
18176;-16970;-1515;-16847
-11650;18100;212;9045;-1930;-4813
-471;-5416;12121;16171;-1151
-17009;18211;-18363
4872
10225;-4211;1251;-10536;-1097;-8697
8971
-4020;-14967;3754;-6029
82;10614;14486;16559
13077
4886
8984
961;-7779;5154;10932;16168;12220
793
10640;561;7682;-3398;-16282
-17183
9125;5094;-4971;-10047
17233;17957;-8937;-17261
1361;-16630;-9369;-17053;-9006;-7456
-4909
-814
9812;-1993;-12093;13279
-9009
9857;-17464;8424
8738;-8635;4815
656;-1298;-3285;12942
-17210
7425;-9270;16199;18296;-13437;2093
-7202;-10010
-5361;-1078;-11720;13767;-11513;-9500
13296;13121;1480;9305;9850;-5262
1298;-17251;16788
-4934
2145;15077
5664;15654
-2945;15433;-11645
-17232
-5539;-11695
7810;-13509;-5285;-7047;-10552;-941
-13145
4955
-9155;8867;-10248;-10810
17616;5689;-17309;-15055
-17297;5571;16758;-5900
-874
-11412;17572;982;-8056;15514;-9629
4976
2673;-8599;-13562;14909;-12688
6948;-6950;14118;3151
-2274;1389
5953;14359;-14362;507;2621
17160;1641;4777;5980
3914;3004;-1934
9874;-6661;-2251;3373;12990;-48
7729;-2916;-11780;-17447;9495;-14652
9094
-2643;9827;13846;-11935
-4325;12038;1383
17638;10;11930
18356;14580;-10294;-15433;-6299
-3639;-2637;-6926
-17844;16925
10048;3586;3226;7292;-3150;8589
-11442;-12258;15221;12294;-2664;3865
10400;9825;-12378;-8768
7075;-12093
-9116
7696;13831;-123
-3960;9050;10651;-2527
6177;-13288;-17482;-9103
-17312
-1507;8485;-1949
-5301;15735;-18425;16057;-3531;8687
5031
9651;3572
6308;1558;17646
13226
6866;7111;-17784;5052;16078
16416;-8951;1031;11548;-17069;14349
17325
10514;-9567
-1158;6204;4094
9141
-14165;-6741;-6950;10965;5174;12667
-5047
-4465;-12870
952
956
-960
15427;-12551;-136;-1864;-6778;4940
2936;14410
15285;15894;-1544
6155;8732;14751
-13256
-13240;-18173;18156
5833;-768
11170;867;-629;-3623;-4104;-12844
-2935;1897;10201
-1857;-7466;9641;-1292
-16786;15346;-4819;1189
9166
14931;3511;-5513;-18171;18254;4351
3443;-7332;-10151;15097;-78
9172
-9174
13274
-5083
-15385;15082;-17071
17782;15976
5073;-7886;1821
1938;-10919;-12492
-994
10000;2196;-17291
-13294
8785;-8580;11139;16883;5384;-12125
-3747;-18010;16649
-1796;-3317
-17810;6322;18195;6598
9381;-5431;12760;-14283;-1404
4308;13100
4272;12443;-7006;-16847;-6176
5750;-6777
-17416
-8436;4651;-7293;12109
17418
13875;11397;-8457;11225;11386;2570
17420
2481;-3783;10007;524
12262;716;8540
17422
2683;-18206;-6000
8305;17607;5018;-13453;-16431
9241
6358;-1211
-17440
12631;-17784
-17444
-1860;-2328;2824;2155;-1855
2123;2732;-3792
-10708;11774
-11091;-3029;7029;-10360
6674;3182;3503
5168
-12977;14913;-8693;13559;-9176;-10987
-1925;8375;-9513;8233
5859;-6935
17462
-14634;-2832
-4070;-9303
11189;11301;17196;-1421;-11166;-17823
4592;-14343;-11816
-13891;4565;-4122;-10332;-18268
14499;7032;-12251
11488;-17514;7021;8286
-9284
-2882;-9463;-1037
3778;-9814;14823;-18027;14430
-13704;316
5345;13714;16906;2364;-12654
-17487
5200
11761;-15698;17333
4033;-10792;4168;-6718
4916;298
12658;-11539
-18123;10602;2300
11219;15271;5113;-5900
6582;-16200;4312;-12206
1365;806;-2776;10344;7772
11993;17807
-8788;18115
-8821;-11702;8648;-9743
6387;15781;231;-6828;18335
3618;9609;-16378;-2090
-12433;-17719;15116;-10687
-9109;-10490;-10221
4458;-3836;-2334;-7631
-1152
-13779;-16046
8916;6103;1720;11129;-6235
16834;-13988;1572;-5942;366
3241;-4400
-11797;2265;14650;16522
5209;-1738;-16924
-6754;3219;-6757;4247;-12216;-7481
5813;-14983;3431;4571
-12792;-12956
-4598;13966
17553;-17749;12741;16486;15143;6154
-14309;-14805;-13752;17112
9601;12821;16408;11500
-5687;2169;17785;7391
2469;10280;8909
-9373
17576
16582;-3102
18407;3481;4252;7821
-2721;7873;12426
13485
-9441;13696;-2947;15205;13359
18368;-14087;10155;3148
13319;170
-17588
1920;-14792;8442;-875
9401
-14617;494;-11663
1214
8946;7032;14633;7467
1219
16370;-16599;1511;16314;8539;11949
9416
-10531;-4036;-9749;5270;14399;14063
-10161;6304;11875;-3272;-1193;1770
-13517
11536;9810;6531;-6168
3312;-17476;-8964;-12744;3610;14636
14004;7717
-3565;-5870
-12178;-2053;17383;-13098;12971;6412
-4163;-13875;17833;1452
-5477;-16251
-9766;-614;9131
5877;-17750;-10954;-17947;-9628
-9142;-16694
-6325;-2888;2988;11580
3664;17154;5460;1929;3468;-1743
-11046;-6599
15344;-4115;-13491;-1540;2346;-12094
1262
17649
-8787;15753;-11276;-15917;1117;-2640
9408;14369;-6050;-17892;3640;-4746
-14836;-8549;-7767;13750;-4360;11
9462
6656;-14822;17224;1161;15629
14688;5697;5873;1474;-5978
13155;1733;-8822;16168;-12767
1427;15619;-5501;78;13567;4767
9478
17672
-13579
10769;-15803;3740
-17811;-4554;8779
8736;11235;-10478
714;-16814;17406
14560;-13202;-10658;-103;-1336;16142
-11842;14242;-9071;-6928
18304;-593;9442;-1263
1314
11891;-8517;-4712;17673;-10924
-9510
12259;-9941;6729;9372;-8909
2577;5425;16019;1945;15883;431
4914;-13012;6757;-17978;1613
-4723;17698;6404;7882;-17451;16091
-4837;-6678;7542;16809;27;-11535
-16501;-8549;13115;17359
3780;7766;-16971
16949;-13880;11130;15133;9229;-4463
-17363;-17988;13847;3788
-12033;-10770;12393;12638;-896
-118;-10761;-8842;-7627;17070;751
-6407;-2393;8731;13693
-98;4579;1607;-4751
13625
-9125;10462
-13627
-5437
17698;15076;-3978;-6976
16465;-5094;-7576;8268;-10718
16214;13804
-2147;-6996;5381;12790;-10377
-13578;-12349
9371;16557
-2530;-764;333;16607
-2977;-16821;12391;12862
-16685;18045
9458;-1157;4840;9321;-8428;3711
1368
-5202;1569;-5688;3738;-16268
-180;-10344;11902
-5761;13066;2267
-2146;-2504;6030
1382
8000;-263;-1004;8685;893;-14928
16656;934;15257;-1627;-13451
-11653;17927;10295;-15178
-13684
-11684;17175
-5494
-5498
-14056;-11929
9553;5234;15295
8148;-13989;10828;18044;-17519
15285;6617
-16564;-12839;6041;-10829
-9237;-18309;10939;15437;-4350
-11544;6024
784;-12614;-856;6632;-11755
3623;-9145
-17814
-2834;11697;360;14953;-6586;-12063
16418;-5781;137;1833;12812;12878
-5533
-15910;-10112
52;1656;7180;4846
14581;5640;-8745;-10028
-16177;-10772;14804;-16491;-15628;10047
11731;6100;16488;-715;16826;172
15315;-17656;-10200;5209;-10508
16928;-7793;14035;15366;5176;-13583
5555
4016;-18178;4070;-4366;15918
-12935;14397
15168;-821;-15557;-14279;1591;-3949
10003;13796;-13158;11303
-17852
5564
-13524;14037;-12542;2366
-18291;3220;-10976
10152;7705
5570
-15541;1774
-9671
1162;91;-15021
-15832;8475;-6413
5578
13474;-3797
3347;15385;-7322;4682;-14604
18128;2761;15099;14652
1193;-3199;-7680
17878
-3441;15475;-8916;-5574;-12248;-15464
9409;10043;2524
13281;16888
-7;-15000;-4300;17807
14662;-13162
16496;-11002;9578;8605;-1696
-598;-14568;7720;5401;10990;751
18240;-5011;-3338;7999
16224;-8595;16340;-12936;-12541
-10220;-7678
-8435;6916
14065;626;1492;18104
1282;419;12868;-17884;-11471;9167
6544;15461
234;13707;-8429;-4718;9982;-5151
13819
2018;17490;12035;-15015;1391
-1080;6713
16163;-1126;-13500
9730
-13827
-17924;-1463;14583;16377;-2555;4810
8608;2452;12743;-17273;-6411;-1662
12437;-2698
17937
-12804;-5319;8375
-565;-8472;-12954;13308;14334
-3589;-17527;-13211
-8834;-5750;-1388;16157;13662
11900;14237
-5649;-1592;8807
-4470;12278;-2792;1450;17194;-17996
-6802;-8216;-2939
-5521;-12167;-2632;17608;1135
4291;132;-17131;18204;-9614;9791
2736;-15809;-14300;9406
-3889;-1790
-4243;15941;15589;-9832;-3584
-1122;-9318;-4538;13391
-12867;2275;-17816;56;-3930;-2075
1556;-15434
784;-13283;2716
-3893;-10890;-14957;-527
-10200;13128;2763
7104;3399;-4811
6470;8871;-702;3342
-12121;10521
17984
-721;-10164;-3686;-3417
3330;15107;3141;6379;-18160
13896
12067;-1765;-15129;-3343;-18015
-18342;-6156;16620;17679
-741;1909;-4922;-12512;-14016
17456;18033;-9957;7292;-10734
2193;-2614;7926;-1799
-9804
13899
-2369;-11170;-17594;-6698;-8842
6770;-9715;-8743;-4728;-2976;17775
-1174;1333;3608;6041
12293;11605;15767;-13374;-96
18147;-7033;-3130;-2268
3201;5714;10390;1399;11132;-9728
12336;-15586;18051;-4277;-3416;-8752
-1645
-196;1847
10116;-8398;16318
-1654
18038
-3666;10163;15638
4848;6516;247;2681;11948
13954
-9540;-7413;-11720;15611;-15996;11006
8304;8966;1625;-17227
12338;13671;5175;-251;-18272;5391
-2114;18181;-9881;16396;15951
-16331;-13614;15982
-13766;-13719;-7882;9115
9868
15104;-6899;4424;17721
-11923;-13475;-14884;9930
-9877
15394;-9244;-7837
-17780;12485;2618;16652
5786
6736;-11011;-17897
9885
-15577;17272
-1858;2344;-5390;-4991
-3586;8644;1897;2941
9896
5801
-13996
6417;-12452;-1336;17273
3392;-1608;9848;6956;-16878
-18177;-1940;9741;16189
3764;-2597;12294;-7648
2315;7598
-17362;-11130;8121;9322;7675;17388
-9243;13547;-15869;5005;8286
3904;11556;5068;-13104;-9152
11010;-9929;4746
2708;-6982;3672;6430
-8179;7691;6316
-17889;12724;-4351;-12703
-5538;6678;-15177
790;-6635
12192;10037
13616;-10737;8834;3704;7466;-17036
-1250;4403;-1401
-5654;-11641;3066;15981
-5852
18144
212;-16037;15448;-2717;-15055
11712;434;4262;10841;-13196
13232;7427;-10892;-3215;11598
16369;1937;-2710;17580;-16544;9711
14933;-8555;11774
5153;-7171;-1443;-6308;8967;2571
1353;7980;-11103
2385;3097;-5244;1533
-10755;5764;5927;-10905
-1210;7693;15774
-5640;-16619
10934;-9152
-18171
13265;13638;-10491;1918;-8352
14119;13401;2939
-4276;-17995
-13281;18080;17189;17963;-8000;-5584
5888
-17409;-9381;-14742;-17769;-12127
-5108;16667;-13359
-3905;-12148;-6228
-15553;7202;-9836
11201;7655;-7451;-13262;-12240
18194
-5219;-16611;-6502;7800;16188;6158
-3830;16615;-14602
14106
-17969;-16164;2933;6358;-12957;7308
-2531;-2918;-5142;12413
10172;-11998
-9956;-13639;-9275;-15468;-10927;16478
3025;16996;-11766;5096;16589;-11726
-14122
7651;-15510;10919;16857;-6043;254
15689;6638
-14136
8027;-2079
13911;-16233;-13452;-5149;14972
-13574;-24;-5993;8809;16733
-12725;15620;10679;-6360;-13656;12394
-10840;-11499
13234;917
1106;10770;-5910
14273;6115;-10341;-1224;3466;10061
832;9234
4850;9346;8025;-18330;2079
10769;17925;8569;-6717
-11687;-10670
-18177;9827;-9911
3251;5477;-14702
13392;1536;-8757;-15032;968;9771
-5219;12499;13590;-3944;13627
432;2784;-18003;-4293;13102
-3605;-13467;-17579
8416;-17670;-1303;7513;-11131
4722;6670;2783
1122;-1801;14856
12278;-14171
18279
-1896
8896;-16403;17082;-7707;8219
-17594;7565;-64
14692;-12792
15269;18166;-9610;-13727
10102
3824;18129;11650;2868;-12071;2087
18296
-17489;11537;10180;18166
-1915
-15715;8114;-14871;4887;6873;4701
-17233;5969;17559;4967;-17529;251
6016
-1829;-16170;2043;-6445
-15828;-2884;-3689
14746;4730;2926
-10115
10117
2658;11558
1932
-2883;17108
6864;5955;646;-14967;-4488;-8237
11937;14353;8066;-9651;10002
17329;-2925;-12463
1943
16288;14547;1399;12200;13736;13404
15137;11382
1827;9379;5366;-282;18426
15780;2555
16376;-6506;-7919
17158;15528;-4633;9947;9007
-5716;-10485;-14429
-1207;2473;8682;16588
6123;15020;-13918;-16015;14847
4499;17781;-10397;-11758;-6190
-49;2049;10499;8147;5898
4704;13154;-444;13228
-16642;15329;-7897;-17514;-14650;2539
581;14073;11902
6076
-6078
18367
13893;-3895;-1834;6187;-8270
-12705;-5522;15557;10409;4491;14332
16858;3147;10443;-12078
1987
-10181
11425;-7177;9304;120;18009;-13308
-14278
12016;2836;-15991;-11803;-15452;-6365
-4727;-15737;15387;15260
6089
14284
-11969;4705;6549;968;-11132;4782
17232;16899;-3688;-1835;-2028
14353;13540;1419;-9292;-13919
12741;-2540
15420;-16973;-8654
18403
-4995;-9989;16380;12911
2022
-18409
1410;17000
-10498;-9928;14301
6592;2850;-2965;-4448
-13942;-7335;15147
5409;-3375
12153;-14188
-1941;7592;-16731;-16348;1339;-8719
-12274;14315
7249;14439;4857;-8475;-7836
8170;-2031
6141
2035;5156;12425;-2635;957;-3600
4153;9548;638
15714;-18261;8701
-12466;-5204;16360;10876;17069
7124;18200;-10350;15757
6032;-16110;8014
8307;-12264;11177;11227
17987;-4200;-12041;317
1937;7442;15430;6838;-15212;-10272
386;12291;-14745
-490;-94;-13871;-10591;2495
7220;15130;12492
-11554;-15100
-6180
-15282;-7442;11501;-15438
-6306;-180;-5580;10013;15695;17119
10248;-8157
4596;13880
-2023;-5975;-2288
-14382
-10657;11232;-1274;-8810;-17163
-3448;9643
-3619;15429;-13912
-6201
-3970;-12883;11723;-5168
-13089;15525;11957
-3995;-10123;-7436;-17424
-16421;-1192;12056;8200;16840;-986
17028;-5863;-9050
-5026;5886;-11168
-4291;-14211
-2120
7781;16278;-17768;-15048;18169;-11532
-17557;14325;8615;-3896;4729
6224
-16061;18190
-1412;7640
483;-12645;15831;-13229;3326
-18244;-4380
10931;-4085;-15895;-1288
1840;-15059;8245;7119
-14193;14036;13738;6811;5500;9021
4144;15539;-4868;6792;2170;-17535
-2113;8553;2413;10798;15263
-16741;11847;-5449
16658;7955;-12567;14902;-4616;12587
-4609;-11079;4105;7674;10157
5752;-3600
6177;-17155;-10260;-5064;-4524
14492;-48
3794;-11427;-2716
14464;17428;13080;-3754;10091
5912;1754;2683
5845;-1302;-232;-3866;-9599;-9391
-14450
13495;-15659
14002;13653;7277
-17457;-17032;-5096;-18362;-5658
10632;15453;-7536
-16673;-14085;-16955;-13996;-13148;-13328
-14818;14453;7947;9181;-6400
-10391;6487;14279
1969;13125;7578
1363;830
-6018;-17986;-516;14062;10046;14895
6293
16294;-14095
-2201
2163;12329
-12243;-3429;-2918
6311
6656;11944
9636;4869
-1141;-4905;13355;-332;11630
-11444;-5002;1933
-7126;-15655;649;-12379;3611
-6325
-369;4658;-11539;-13963;1178;17806
-14518
-12120;-17965;12429;-5056
7184;4465;-21;-4294;-1926;17303
15731;11078
2237
14528
14532
2138;8299
-9201;-11926;9782;-2264;-13214
-10439
-6347
-3413;2309;-6540;-2799
-12241;-15798;13493
-11716;7974;-5608;11610
-4868;-3160;17321;9355
3586;-5173;1271;-588;-10494;17758
-7907;16978;9879;-17624;-15883
-977;7856;-11970;-12613;13285;-1948
-5492;-14324;5256
18002;-12870;-15862;17098
-10468
5376;-5032;10127
2977;-12228;-1222
18420;246
-17363;13891;-17212;-6176
-450;5944;9082
10704;-13128;13260;3743
-12212;-10565
18385;10309;16247;1577;8363;668
18161;-5522;1950
13424;-13361;-2374
-12594;11138;-120;-9754;18058;-9039
-12881;14164;2885;12005;-5670
8080;16465;8037;-9451;16044
15026;-4518
8944;6580;-919
-6003;2563;1119
5224;12267;-4717;10028
8433;3655;10719
1058;5544;-4270
18050;-11238;-1692;13518;16463
-7235;-17867;-8747;7611;2891;-3564
-6432
5424;-13458;-17635;-9436
11153;-16842;-13036
-4737;11173
-14633
11925;-1195;-1149;5054
6464;-12587;3773
-8722;-17380;-832
-5781;-11926;8613;-13959;-5145;13551
17521;-6195;-3092;-4918;-17581;-16767
-4290;-9531;18154;2670;11743
17141;17094;-15962;-6459;-1260
8945;-7316;-12059;-12431;-12271
-14655
-1222;-17532
17539;13864;9673;-10717;685
-10219;-16735
13232;10881;-13190;-17127;-8999;4632
13184;9744;-2039;-16984;-10380
-6479
-9939;-8830
13335;9533
3083;17355;14718
-14678
-18167;12843;-13452
-15937;-14438;15692
9123;9656
16563;-5492;-6774;-1991;4186
-10898;17377;-7765;-13401
10738;17448;-13497
6501
17504;6882;-17884
7747;-6279;-11178;-3546;-18332;16893
-738;12147;9542;-7608;17738
2816;2690;-1845;-3405;2156
481;-16446;-11024
10606
15209;-6043;-4734;-6848
-2417
-6514
-4100;8579;-5316;772;-4853;-17983
-13763;-17337
-2430
-14718
-3633;-3137;-7189;14122;4413;6047
18209;-5220;16936;684;4221;-7823
689;-8642;4549;-5099;9723;13499
5588;9816;-12972
-11553;-15795;14787;10127
-17734;-9626;1261;-17296
10627
-14038;-15801;2827
11168;13953;7907;-438;-536;-13230
-3635;3396;16188;11068
-15924;13173;13384
2444
-4210;-4740;-11129;-6317;3471
-978;6150;-5752;-2267;-11888
5348;-2470;-5943;-6573;-173;-829
-10593;7014;-15255
14741
-3969;12033;6678
-10648
-18359;11672;-3962
2458
-2246;-9610;-11084
7344;6916;13098;-13421;9004
6557
7218;15725
-10259;-4493
10664
-516;1514;-7568
4528;12179;-3287;-2752
3122;3450
-3025;-11742
14769
-9156;-649;2632;-15789
6581
-15409;7025;1398;-4970;5372
17701;9365
-16585;5901
-899;-1222;8709
14290;-8564;-11867;-5115;11596;2156
2917;1543;-1962
7570;15411
18179;-8046;-1550;-1984
15634;15542
-165;-3414;-13406;6287
6603
16226;7894;-17516
-5171;12356;16692;15333;16167;16765
-12184;616;9055
11488;8978;10719
-6612
13081;18109
8721;-11700;-17606;13257;-16426;-15629
-11723;-16703;5422
-594;14098;-2789
3761;6957
8727;1996
2537
-17090;7330;-12791;-14842;-18396
18088;-7356
-3443;-13748;11819;10972;-16333
10734
-6595;12471;13050
-13201;7409;-5908;-9789;-9727
-3368;-7376
-5261;-13070;-13934;909;-10368;6399
2674;16268
16274;14918;-16345
-10752
4416;-6057;-13211
-18264;-17071
-14998;4394;-4252;-8191
1122;17461;-7821
14085;4870
8610;1503;-16784
-4002;-2672
-248;-13465;15340;-8302
18101;14087;14200;5342
-9829;10902;-8732;14334
-2098;1785;11086
-11138;13017;-14172;4605;-7184
2194;-5844;12845;9773
-16150;-9895;14759;16236;-11518;3981
-17635;-17333;-16940;-2796;-13420
-13474;11031;252;-12688
2838;-248
-13716;3242;17165
-14289;8133;3559
3153;-5755
-964;-13750;8137;13274
-2066;-2197;6868
2606
9906;10597;-10151;12953;-11084;-5518
2608
12817;-5097;12649;8206;-1391
8482;16197;1063;-10845
-2614
15432;-5870;-224;9663
-18141;-864
-5925;-470;5129;-7388;9756;-3726
-6721
15495;13160;-9647
8146;-4885;-15270;2681;8523;-5920
16544;-4323;8868;2023
11984;-5686;4119;13816;11167
5846;-14250;4329;1003;-10782;-5166
-2856;2393;7194
9908;9118
7923;3988;-4117;-3278;-4606;15021
277;-7245;-16158
-6745
10841
14341;16982
2257;11911;10792;13113;-13309;-13920
14944
-13793;8194;18390;2154
11126;3819
-10417;-4535
15056;16279
1484;13468
12921;-13786;-926;-17264
-16497;-17365;-6533;16165;16024;14974
-3218;-9956;9893;10199;-17752;4060
7268;-14043
6947;11719;-11896;11528;4862
-15623;18313
-15142;-16224
-2694
16482;-11588;14444;7964;-8350;4222
13760;1222
-17857;-15096;-5503;9599;-6608
7411;-14204
10837;-14640;1103
-6609;8674;4532;8694;9657;14619
-2704
-6308;884;-2630;-11351;3371;1035
4016;7217;8082;-8812;12687
8033;14357;9914;-16734;7629
523;-4988;-6447
17939;17550
-4904;15821
-13426;-14211;-3765
9681;-4308;-14630;-1654;-16396
-12167;9961;-12814
-11831;5002
-14053;7224
-12852;-245;-16102;-16906;6508
6672;-5522;-17268;7684;-10764;8270
5009;3541;10570
-9681;-17733;-8092
-5809;-6325;-13447;2363
2742
10928;1073;-6082;-5622;-4296;-15130
12265;-15403;-14989;-1006
-17224;10379
18320;-3618;-9314;-5587;9618;5623
4787;-17557;2827;-157;-4944
10947
1219;-2535;-16427;9659;1231
-2693;1690;-15519;5567
-14369;-6566;4761;-11979;4910
10955
-16593;-10750
-16180;-5977;11163;30
15062
13300;-7126;-8950
10226;16314;11214;1887
-6401;-16903;16429
-6885
-18311;-11210;3881;-18109
10980
15858;3637;-1755;13723
11555;1755;6539;6830;-11600
-15082
-15362;-3821
-2809
-6909
3027;-18133
12913;-5270;-10463
3010;-14950;-13640;-14108
3013;-9399;9702;7446;-9580;5741
6792;9402;15308
-8562;2450;3587;9896;-14300
7184;-18217
9744;3139;14789;-8726;-215;12782
-10694;8438;8342;-8535;6108;3278
2625;1384;4458;17596;13372;12558
-8375;6860;-5424
-15382;4345
-9489;-2051;-10155;-9823
-12049;5699;10628;10855
11037
11051
14994;4567;-13401;-14412;15294;8111
-7176;-7980
-17762;13814;-3020
11067
-18049;-12665;1113;-94;14527
-226;-8611;2498;-8918;1127;-13326
-18065;-2809;-14778
-15700;10600;-1882
2885
-16470;9481
-8002;-10645;-1643;-15373
-4330;3980;7340
13063;6121;4191
-17091;-12182;-2123;-16939;4475
15650;12648;15290;-2412;10879
-5169;9701;6565
-12020;8046;6879
10240;14848;-11269;-14075;7263
3586;12334;15631;-4064
-13890;2978;-13829;-16343;9498
-14076;11147
-16467;1059;-6056;-3643;-10591
11124
-11608;10792;-6217
15225
16993;-1139;5923;-5941;18340;17914
-2940
2146;9767;-16506;-2444
5392;10744;15483
11143
14402;-10804;14407;-2764
6183;2168;2797
-10948;16314;17739;15693;-13936;-1424
-3103;10158
7456;11427;805;11893;-9675;17919
-278;-9223;11355;9502;-14320
6944;8694;-16007;3336
-3270;12838;-2505
4057;14654;-3455
5073;9426;7175;5481;-3707
9571;-15527;-7496;-8761;15147
-15260
11639;-8665
-15313;12337
8162;7354;4539;13582;-10176
-6914;9895
7121;12100;-165;15835;862
18429;-7247
11187
-7818;-16061;-2607;-9279
5157;13973;-12246;-3719;3935
-2505;1083;15389;5422
496;-15791
-13444;1112;15339
-17876;2579
-5798;16999
-3012
-914;-10291
5923;-7655;457;-2250;11820;-15408
12932;-5301;11771
-3270;11737;-12460;973
17264;12353;3155;-8999;1962;-10427
-3314;-920;6072;-4862
2866;5634;-372;-15252
16417;3942;15437
17169;-14133;-1719;-12538
5994;17517
15196;-12159
15568;4161;15761;11068;-2560
16240;15473
-6641;-2726;-14551;394
2368;5282;17189;9646;5423
-12051;2132;-17672;-4128
-7147
11744;5783;-2187
16273;2276;12645;-2182;-5400;-12366
2992;-13457;2876;-3662
-1846;4905
-6150;-11735;10472;10474
7936;-17524;12651
-16870;7467;-6527;-11712
16273;-14675;-16100;3638;18025
-338;17153;9382;-2011;-7024;-1808
-13266;8867;838;-6504;-14654;-7022
-7778;-3351;-3207;-5117
-4339;14951;3304;-15018;4171
6774;13190;-5128;12200;-10442;2860
147;11115
-15506;12471;5928;-1930;4749;-2639
3808;-18001;13411;-7190;15142
9107;-16280
-9107;11941;-4102;12012;12206;12895
6614;8394;-7901;-18383
9952;3745;13963
-17713;-3544;5851;-2447;14767
6097;17470
11600;-7621;14997;6855;10185;-159
-15527;-15067;4138;-5311
2469;6363;15323;4463;3151
3520;-12693;340;-2838;-13159;-2847
-11301
7207
2836;1207;-3645;15006
-10577;-10930;13217;-8643;16312;11934
-15713;3057;-17074;-17828;-17190;184
11057;1378;-11863;-11033;-11225;10364
-13652;-14056
-7523;9382;16585;-17262;18334
-4066;-7716;937;7710
6816;-14048
11008;-14804;-14918;3288
-11830;-5005;-2688
-7079;-17373;397;15470;-2943;-12096
15432
-15435
11586;18138;-15773;5582
12160;-16562;-2984;2871;-10377;7643
-10052;8836;2708;13972;11066;5295
-8437;-11703;6198;-6015;-11872
7253
5906;-2852;7176;15752;1758
-7262
18130;15310;-1599
2768;-5190;-10663;6954;-3051;6010
-2689;-6913;-1765
-18115;12870;-13805;-16894
-9153;1489;15099;16220
-529;-15176;-2940;7947;-8863
-9633;-1736
-12771;4099;7142;-16105;-18314
17876;18331;16126
-17010;-5354;7469;7614
-3188
-17173;-15960;-8073;-1886;7135
-9539;6787;-8635
-2514;-12525;-12733
-16322;-1437;-10942;926
15809;15974;7915;12652
3199
15619;8060
13713;-16070;-8104;13657;-10494
-3461;-17468;-6271;7614
-11364;8158
-11399
6150;-6093;-11456
6579;6919;-9642;5515;18414
-14897;5627;1195;-3328
-3848;11688;683;-5310
12182;-4969;-8249;17882;15039
-10114;-13138;3955;-8494
-11874;10214;-10366;10429;6077;11023
-7240;-16461
-1633;12385;-15635;-14644;-16462
-12516;910;-8000
6977;-2151;6587
6183;9327
4961;-2130;-10153
-16146;-18329;-5867;9355;15471
-15094;-2552;-14697;12730
-12788;-11211;-1021;14269;-4767
13118;10591
11423
2128;-12755;-8989
4957;-8191
7330
-14581;9390;-14431
12950;-6488;17258
11385;10794;-15916;5230;-14735
-4341;-15287
-9156;-12087;13901
2281;13257
-15921;15779;-11304
7355
-2455;16184;7354;-4559;11311
7264;1922;-1589;15477;15211;-14543
-10162;-15143;14918;-3289;-13642;-16909
11300;-3387;15834
-17237;13967
17008;-1448
12548;10645;-326;3531;15725;2109
14627;16550;18007;7400;-2777;15001
3275
15563
-7375
15010;3364;10007;2856;13982;7214
6101;17662
14224;9697;-11641;-1965;-16464;-17616
6695;-18173
-14050;-6611;-7204
-16612;-8778;-7069;-11792
-15075;4728;-11801;13738;-12960;9887
-8363;5068
-12035;9925;-7718;10582;5126;5611
-5891;5411;-16870;16780;12062
14817;-7062;6971;-3230
14741;6665;5211;-12862;5935
15852;16127
-4817;13622;-1402
11013;1224;-15546
-1367;-13719;15096;5113;11325;15535
11490;948;-15751
-17777;-9859;-8448
-15605
-11510
-7121;738;-13339;-16124;606;7342
17012;7828;-12343;1446;-8541;2015
-3326
-2178;4328;-8522;-14555;-6976
16823;15178
-7429
16225;8850;-1253
15506;17747;1035;1823
17674;6090;-4027
10752;12022;-168;-10814;16142
1184;6865;851;-13546;-2812
7399;-11550;-15599
7056;-2786;-4548;11837
657;-4027
16515;-4949
3375
16817;-11721;-8748;-1535;3630;-5920
7584;-13346;-1094;10237
-16757;8788;-3607
-16979;8580;-3509;-15942;12171
4130;259;6477;11359;-14736
-11908;-1050;2747;3115;1387;-5885
-7058;-1659;-4862;-10304
-12450;847
14788;-1414;10454;16038;17692;11391
3413
-7515
15422;5599;6975
14310;1400
-10817;-1586;-14083;-17830;9661;10751
5424;13669;17099
11764;12698;-14015;-13168;-8896
7634;8078
-7523
-10689;-13426;-2548;-5893;-6533;2894
12485;8298;4810;2411
12132;-10423;14775;-7420;-16589
9990;1630
17974;-6623;12558
-3430
-17635;-13463;7320;16250
-7464;-13292;8558;18046;13967
7528
-11018;-767;4255
-16205;-15902
-1043;13011;2310;-10714;-15196
-4762;12300
7537;-18035;-10054;-2315;-3532;2475
16209;4564;17317;-16998;-10215;13047
-15739
15744
199;14299;5342
-3458
-3461
764;2700
8752;12728;-13920
9170;11973;-9163;-8511
-18081;10514
9641;-17211
-11667
-1619;3334;-11895;3656;-1050
-10116;8198;-8170;6606
-17473;-2398
11617;12882;17548;-13983
3488
11248;-3400;12028
14485;-7686;-8551;9343
15824;-9193;-3136
14625;14481;3062
-11691
-13873;17372
-3505
-12723;8820;-10410;-13197;-13742;-11406
-4436;10692;4741;-1574;-5917
7072;8725
-6162;9844;10069;5052;-7102
4506;-16208
-17821;-10269
-5090;12700
12048;10549;-6812;-8174
8336;6065;-11139;17987;-8293;-9439
3558;11974;-3819
-8580;5733;-4775
-2049;9316;-16087;1197
11682;-18230;3016
581;-9671;2439;6216;-3100
15823
-17618;11347;-13189;-2838;-5816
7638
13392;-13266;-13993;-6665;8795
-2579;13623;-13385;5886
2979;917;-18217;13786;14859;17901
-9954;-10723;5795;15268;7461;12092
11938;16196
-12913;8259;-11195
15746;-10567;12430;6431
-11809;13297;2471;-17241;-6665
-14035;1300;-5655;2871;-16716
8166;15510;-524;13180
-11298;-14333;-14800
-13107;-12196;3380;-2128
9835;-11838;190;-11232;-2816
-2197;14566;-6506;3196;-5485
6402;13558
8707;11256
6242;13724
851;17160;-9323;11278
481;5763;1349;13062;-17072
11106;-7541;-13813;-6299;-12507;9085
16834;-16053;-16655
-13777;6094
-3589
-150;16027
7688
1698;-4965;1804;-5533;-702
-5185;5496;8701;6878
18185;-16429;10092;8142
-15380;16279;-16398;-399
-6132;18373;2247;-12843;10158
3611
2700;-14510
-3619
-7718
-15911
10144;-7682;10117;-14647;-1559
610;-16756;12822;4710;-2505;4745
7471;-14096;10255
-9284;1557
14272;-5331;10677;11981;-15680
-12157;10076;-9743
-13657;5928
-9906;1;-3334;-5814;3128
-11025;10754;16309;-5450;-14042;-12477
-6550;-6950;-4636;16461;-1968
18304;-13526;-11643;-15692;-13854
-9361;2112;-16547;17684;2469
7040;4067;10229;-556;3343
14192;16177;16289;14329
9572;-11143;-14363
12359;15290;12860
-7753
-15946
2177;-9933
-17122;13603;-2901;-18215;8684
-18421;3525;1301;9944;5528;9977
-17265;2914;-10933;10517;1182;-14655
5329;1557;-14392;634;-13069;-16495
9730;17875;3363;-2792;-3353;3423
-3025;-9570;730
13616;13185;-9651;-17912;-6170;14702
14867;8023;-6618;15069;5103
-8195;-4343;-6492;-9228
-9619;2021;10710;-14989
-11882
6519;-2824
14274;16249;11499;7131;-13068;380
-4225;-2309;-8919;11752
2373;-6664;13115;17036;-18061
-11896
3136;-16931;1944;-12204;8062
12464;17061;4359;1081;-14877
-13651;-1575;16026;17484;15518;2671
15649;-13388;-7102;1134
-16357;-4922;-15199
14592;-16036;-6555;-3903
792;8521;10110;670
7792;7969;8707;2215;-7916;-6863
-7819
17152;11664;-8772;6390;1871
-4449;3463;-15036
9604;-17365;3161;9530;-15788;-5168
-6660;4627;7572;6391
-11932
7495;12631
14196;-2262
15179;-3244
3747
-3601;-155
16048
-13025;13345;2342;-10525
9923;14853;5926;11674;-9935
11961
2608;3874;2723;-12486;-3773;-17200
4336;3731;11752;-15611;-18415;-1856
15313;15541;10198;-2269;-2128;16271
-17284;25;-1484;-12988;-718
-7009;-11667;16421;7029;-8551
-5809;-17780;-893;11694;-9103;-6464
-15234;4068;13497;11292;6540
-18193;4992;7610;-3725;13102
-3790
-14373;-18247;-6073;-1725;-16623
-7107;11477;6617;-14783
14481;-6375;-7835;11342;382
-4308;5988;-456;2841;16123
3807
7909
16480;16752;16905;-1819;9998;-1248
-8057;15978
-14561;10483;-3737;-16493
-13959;-16666;5593;-941;-2432
12032
12358;15095;-11323
12434;9300;7754;-7246;-4399;2383
-16994;9053
5244;2703
9267;7107;12666;17580;-1807
3441;-16003;-2474;2990
-8002;-2485;-9318;-7931;11947;7837
7056;7569;-11547;778
8768;-6473;17946
1250;11221;-3241;25;15083
5920;-13265;-5874;-11123
9588;11320;-4010;-8940
16151
-12056
16209;10211;-14037;200;9736;14312
-10440;-11276;1467
-3865
4146;14359;-4157;9998
15194;-11327
16285;12158
-7969
4052;-16055;18391;14328;3643
16329;-12379;-7149;11229;1119;11119
10978;982;-3979
-16116;11033;-10347;-748
-17089;-2233;-2540;-7373;-12414;4990
-3894
16147;4995;-7693;15023
-7993
7634;8551
9107;-1712;-15392
14272;17464;-18010;14957;-11711;-783
8001
-1581;-447;-10079
-14977;13301;14186;-3454;3886;-4928
-3442;-1497;10524;1805;-5295;-14208
8019
9382;-5211;16143
-6533;10198;-5534;-14352
16223
16224
5060;-17193
3940
17425;11091
9632;3937;10852
10657;17590;-8073;6073;-5419;3595
-15155;3875;-17031;9517;-13823
-8358;316
-8042
11793;-7779;12840;1834;9839
-2606;10653
-3943;12825;169;-8282;4282;-13100
-2261;9988;1559;3352;-12971;4287
1859;-5817
-11825;721;-7126;-5303;3191
12240;-4147;-4133
-3975;-16379
372;-714;-348;-2784;-4592
-606;12767
3969
-1057;18209;-10059;17358
18433;18177;9928;17081;-6400
-2787;12244;16663;9533;1087
-17351;14471;-1096
5032;16456;-11403;-3612;-2496
2050;10123
-16275
-11665;2340;12806;6793;-1740;-448
5154;12307;15062;-6397;-8175;-5760
-7123;17334;17479;5353;1834;-10396
754;2761;-95;-5839;-5680
-16297
-4035;6691;-10311;13752;2008
4011
722;-2196;-14028;-798
-17172;-10564;-15653;-15671;-602;-13981
-9170;2178;-1125
-4865;-12177;17237;-4217
8128;4403;7573;8494
8120
4028
3621;4790;3703;9501;2894
-548;9765;3606;10330;14859;-9406
17299;16245;54;1191;14298
-15362;-17314;3475;-15897;16489
-3650;-4480
-17826;-13509;-1372
-2691;-9801;265
17968;2613;13735;16935;-6255
-11665;8305;6693;-11447;6935;17511
12240
-15041;-13584
5686;3735;-8568;7513;-12795;16670
-17334;11305;18270
16720;-381
-13683;-7768;-18426;18153;-9291;-9903
7985;-17666;-6664
4058
18407;-3450;5900;-415
-9441;-13973;-1127
-514;18326;-5000;10909;-1950;-13614
-15065;2811
-17404;1051
-11972;8551;-15498;-8235;-1488
10625;13924
-12268
15760;1640;-6908;-6668;-7901
-4079
-8178
-17954;2038;7738
-14594;7170;2330;-3086
11514;4860
8529;15155;-4469;13543
-4092
-12286
