1456;2117;-3735;15560;17371
5618;-1520
-1107;7699;5539;-16814;8781
738;-17283;11571;-17733;-13880;-8473
-8945;4845
-11265;14836;17111;17916;14655
-2611;-17877
8201
-14836;-8309;16788;12630;1931
-17426;10197;-16487;-905;8223
1812;-3545;-9308;-17646
-14729;7596;525;5135;7679;-10320
4502;-12713
6204;8156;-14382
-17463;13342
-7764;10502;15914;12683;-10829
-9473;9440;13376;-3490;-17573;-8694
-616;-14827;-14828;-11453;734
-15113;12123;11981;11519
3328;-3785;488
-13938;17398;17054
18016;5761;12370;-16096;-11824
15224;7321;-17389;-10399;5278
8227
9146;-13279
4132
13712;-615;7148;-13278;9454
8353;-11236;7075;8134
-9350;-1323;10555;4252
-13045;-521;-4476;-6575
-513;2642;-6296;29
7092;-619;-7103;671
7076;-8215;-4028;-2765;-303
10806;13816
-6513;12915;3045;15177
16436
-4594;8865;6354;8822;-16985;9881
-12344
-11027;7412;7287;15674;-10892;-206
-16441
-63
-6887;-5465
7635;-885;-3669;-11942;2826;-14511
16453
12721;4547;5959;13816;8091
12610;2253;-12271;9775
10851;988;-16015
-13114;8937
9728;6737
8323;-3705;16346;-10507;-270;-14368
-4184
-12377
2848;1121;11585;13019;15179;-2704
-4001;16378
-2547;8319;-1584
8288
-7778;-3469;11150
-12386
15824;11440;10133;9238;-17355;-8701
7234;-16755;-3587;245;2297;10668
-104
16369;-13557;-651;-2271
-10978;10805;61
17346;4220;-17357
-3926;405;6026;-10812
-17191;17271;-3672;16541;11741
-1666;7092;-17813;5686;-1610
12112;-14835;-3701;-18272
14018;14931;-8237;-4446;-3854
-6374;-14231
-17077;6887;1868
12417
-4229
-8306;3333;775;8428
-11335;12791;12792;6366
17971;17623;6255;15631
-137
-12401;13908;-12535;-5499
-8227;-7156;6147;-12277;-11589;4285
10436;6489;-13259;14349;-5583
5027;5387;-2077
17285;15631
4228;-13816;9437
14506;18173;239
16535
-16193;-8539
3188;-7415;15447;13546;-4107;4076
-3927;-3914;-16317;5982;18335
4256
13425;-3732;-2170;4925
-10917;-614;-17305
14194;-9933
-12485;-17589;-12550;3349;11976;2556
-14945;12577;7269;-13930;8862
-11987;-17574;-7549;4172
16554
6290;-14093;-12943;4190
9856;10113;-15700
-12948;3078;1499
-2916;-2516;3947;-1100;6860
4512;18150;-18383
4280
17458;-10168;-6908;3101;17183
-7924;-16581;-15542;13288;17738;13306
-192
2683;1612
544;9204;324;16136;-16698;-9310
1824;-2358;11621;1403
202
-16918;17335;-8987;12875
-10756;-14264;16618
18280;-7804;-15133;348
-8408
2137;17933;-3471
8449;8151
16600
-15896;16058;4154
220
4836;15866
576;-16899;-16670
5088;10801;-8450;8275;-11663;12559
-8426
-12522
-15525;11192
13377;18244;7785;-6400
16622
-13678;18015
4340
-16630
8438
1792;16480;-17569;-14385;-6603;-12731
-258;17122;-15622;-17975;-15913;7822
-9297;10081;-17364;-18404;8286;-14512
1571;6164;-2297;3004
-12754;9074;4325;406;-4362;3565
5921;-18197;-1079;17709
-10484;16696;-9065;2459;4749
7170;-8771;15410;5347;-10359;3754
9812;-8151;-14328;-6093;6204
268
-4386;-13255;14218;-5038
9673;-5306
-7010;-14819;1652;-3854;-2015;17582
-9153;13361;8353
-8468
4374
12132;17684;-17247
12571
-8724;6886;-1671;-12679;-10234;13850
-4293;-11558;4908;-9821
-17962;9849;-8558
15523;17532
-10053;1492;-15623;-6524;-10574;-8159
3803;590
2914;-2790;-12711
-7042;-2738;18271
-18325;-18134;4103;-13002
17140;-12153;-590
-10534;-778;-13567
12833;8344;-8586
4050;13458;135;-9147
2082;10484;-13976;5322;-11228;-13472
17160;13640;4809;16044;10094
-17109;18150;-1351
916;-11832;6072;-3659
8736;3862
8790;18073;15146;3038;-11968
-8506
317
-16703
-14021;-5958;4760;-9677
12856;10411;5724
-10057;-6651
-16708
4422
11313;12055;-2555
-14755;8963;-3463;2460;6461
-17045;-12215;10845;5791
-16721
5603;-14217;-7693;-16799
6481;-4533;-2286
338
10104;-18156;-14637;10060
2883;-7644;317
-1342;12765;-15872
6098;-6244;2441;13402;-8108;17340
8547
-5108;14229;-5049;8573
-2274;-2181
-15317;-2967;-14843
-534;-13432;-4393;9804
-16721;18325;9125;-3592;-6767
1220;1385;16238;-16511;-4991;-14096
-1297;1857;2235;-3342;-12112
-340;-16421
18369;10680
-6065;-18374;-14025;11946;1564
3563;-252;-5100;11485;15806;7647
-10673;-8123;14316
-4454;-8219
-9208;-7563
10743;17821;16879
10960;15733;-12903;7483;11884
-4490
16900;-4218
18336;-17940
-14993;11988;18059;-1661;15678
8594
-11911;-8505;17017;187;11807
-404
14037;5359;-16368;5567
17392;-1979;-6814
8948;-6889;-7577;10024
16231;8249;12795
4508
15268;8186;-2671;110
2499;-16182;-11913;9213;-12703
-7428;15494;-16921;170;4174
-12921;-7978
276;10789;-2455
-149;12856
16099;-7484
-7554;2517;-8518;4935
-17781;1623;-17039
-4526
4737;14580;-18040;-524;14750;1311
-16705;277;17434;-6029;10493;-9999
-13701;-8037;-14618;-11661;10719
-4280;4716
3091;-15973;12444
15586;1363;11894;5321;9818;9707
12120;-11679
-443
17155;11364;-3497
-10929;7171;-5573;9910;13083;-18206
3;4543
5825;-6824;13897;-156
8649
-17921;5763;16069;-6775;11514
-15078;-10250;-7900
12368;-16549;14566;14652
1223;-18072
16850
-13706;-15068;-8557
795;-5358
8257;-1842;-5626;16062
866;15986
17443;-8246;-2505;-6476;252
-15191;-9856
9026;11927
-7537;7063
-17462;155;15260;2525
13568;-12003;-6011;3965
18210;17347;17271;-3195
-10242;322;1245
6740;-2158
-487
8679
4584
-4114;1108;11381;4408
-9937;11848;5899;4974
-4593
10931;4467;821;18408;4748;-18398
502
290;-343;8750
-9635;7141;-17879;7579
508
-16533;7831
-8338;-7863;12842;-5344
2161;-14083;-4293;16730
-16902
7712;18194;12503;9371;-14495
2018;8930;18245
-526
13688;-18313
18081;3090;8540;-14589;-10493
18400;14904
3408;12565;-17287;2478;1326;6239
-15419;9354;10698
-9549;-7375
12831
-4640
-4641
15664;17280;-13524;8500;6438;15340
-13238;-12007;8426;16186;17565
-2424;-16556;10238
-10821;8820;17398;-15853;17868;-8670
16935
10339;-10893
4650
-12354;17004
-9105;-11830;-6202;-2090
11545;-6891;10218;-14318
-484;613;-15943;6300;8957
14866;8549;-10569
7764;14777;-8715;11311
4466;-18195;-7046;-16104;15131;-7486
563
1442;-10087;13304
-8757
17138;15012;17676;-4206
-16454;-14743;10150
-7297;9940;17690;-8684;13501
-12865;10865;13238;-5433;-5258;12316
-2756;10931;-14955;14154;-2701
16962
18407;14940
12912;9744;12962;17842;-279;4743
-8388;15835;-6863
-10728;1951
-2002;2993;-9494;17320;-12266;2862
16973
-4069;-1174;9929
17888;9729;10950;-9879;-344;-11369
-16150;-3064;-6490;-3260;-16687
-7173;9;8922;11883;-18334
-18100;-5114;10329
15336;-14736
-609
-3170;13060;2808;15321;412;-3247
18211;12835;12456;-3435;-6686
-75;-8732
-8497;9112
-18232;1231
-14636;-14653
-8809
-7554;147;-4565;-1574;4734
11745;-12366
8823
631
9457;1586;-15771
2000;-2636
-12932
-12934
-6298;-2540
-6433;12065;18233;-17535;6607
-1812;6559
7843;12232;-1433;2940;-12734
8849
12273;6370;-10601;4904
-10546;-7033;-15628;-16605
-7682;16578;8836;-5623;-3703;-9067
2261;967;5624
6032;-6149;9734;-761
-2581;-2566;5145;-124;-4639
-11155;6389
17315;11076;7493;-11018;12667;-8192
-16563;-1224;11496;-11977;13499
-4280;1178;-1568;5343
3924;-5752;-7085;4140
-8835;10147;-17769;-13357;-15919
3105;12625;-9203;2345
13714;-18087;1721;9114;16731;-6128
13266;-15257;7034;-5725
-6530;7561;-346
-6711;11320;8367
-16104;9883;15103
2530;-9156;13868;18028
9744;18339;16261;9599
7828;-3030
16162;-7685;-9182
-3879;12776
-14916;3384;1848;-7949;13966;-17520
-9682;8742;-843;16157;6815
-13145;-8954;18041;3802;-7821;12895
-11990;7167
18144;-8186;8619;9035;14077
16020;9285
-15490;2051;-7303;15915
12912;-15971;-7837;-11534;-11071
-14321;14992;-16580;-1216
-11076;-41;-7644;-10656
-5716;8821;11926;-14286
-16854;-4374
17814;-17708;-2188;2831
-5686;15402;13691;14207
-6923;7677
403;4116;8728;6524;12173;9774
-10579;-2660;-2408;-9145;-13104;12559
9298;-12107;-10525;16622;-2528
80;-6164;-4588;-9660;-13198
6816;-7579
-17523;7892;-11613
-7606;-11608;-14319
16267;-7309
402;-3493;-2743;3485;1582
-16433;14547;15191;16135
-771
-17698;9058;12198;7230;-5920
-16577;-4677
-6919;3884;-18221
-6889;776;13161;-2176
17393;3865
-6033;-2643;-5859;-12483;5268;8681
-6147;-14117;1478;-6572
4464;-13921;16401;-16789;15078;7836
-4878
-783
-7761;-9411
12505;4573;10319;10255
-7971;7179
17138;-15332;16650;16476;-1373
9890;5042;6760;5948;-10463
-13729;-533;11898;10687;-17312
-3139;-4419;-1624;12648;18121;3788
16320;15889;-14443;-16960
15377;-1588;7365;14313;18362;-3870
-17194
4907
-13104
-15511;-13978
1716;15925;13977;10159
-12804;9732;12953;7322
16161;-11843;7877;-6315;-5053
828
-12659;-6680;8359;6046
-9031
1824;-8570;-8395;4541;-5887;7455
-13132
-4503;-5355;-8172;-15279;11983
-17231
11778;-14101;8900;-294;-7131
17233
15816;1419
-12086;-6063;-3183
-12401;-12823;15414;12586;2174
10484;-13942;17847;7529;-12286;7614
-4821;-8331
-292;-18327;17147;-8911;2590;-1264
17258
7832;-4493;18015
-2104;15277
-4706;-11288;2318;-3600
-10717;8543;1279
-5057;16448;7137;-11701;-11821
-1763;-8771;11847;16760;3305
-7108;-6662;-5228;-6480
4512;-9510
5842;15539
17649;10835;2709;9221;3913;-14748
6949;-17501;3516;2031
-6709;-2398
4674;-734;1070
-17300
-13206
13889;-9122;4343
3847;17545;-8186
6387;-14870;5082;-17999
9040;-10309;-903;-2844
7208;5999
1572;14666;17530;-6812;6733
14762;-9744
4690;-8728;13480;14907;13438
-12657;-6314;1662
11282;-2453;-14391;6234;-1598
-6676;-2710;-7498;-8620
6657;14355;-9814;-8283;10302
-15042;-15112;552
-9124
6805;-9576;-5833;3259;795;-8671
-11522;3491;805;-1560;3756
17317
-10471;5542;12153;-18380;10219
-6994;16762;4058;-3835;-862
-1431;11399;3258
-7836;-13584
5037
10978;5636;17464;-8559
-11906;-4738;4421;-17256;-2557;-18062
-2216;-11023
-3842;14103;13880;5773;8126;-224
18306;-7354;-14540;4542
-12693;-2167;10889;-1085
6406;-7367
6199;-11260
-5331;-2469;7989;17701;-5942;1306
4976;-5714;-13722;-1644;6943
-15413;10893;-5824;4639;-15744
12896;17248;14499;-11786;13167
-9153;-15016;8760;10713;-1580;15437
-17959;-6359;-1230
-5071
-12440;11464
12439;17211
-562;-1064;14894
-14100;1302;-12760
9729;-11817;-15131;16237
689;-6488;14347;5788;-7454;-16062
9515;-4957;16911
-17010;-4463
4708;-5702
11200;-3333;-12958
17190;15737;15116;4332;18252
11203;11589;3624;-11323;6156;-12062
6010;14572;10108;-17406
18272;13238;7127;2440;-3215
17076;-18076
7414;16472;1691
-11010;-14707;2291;-10856;-15872
-17142;3864;-555;15611;-17213;2143
7552;2722;4972;2141
14258;11324
-2466;5045;-11786
5811;920;10670
3142;-8936;-7515
17330;12392;-10329;14396
1023
-15698;-14808;-778;-10703
8775;16829
5126
-9141;-15541;-17310
-2471;6200;-17050
3058;-15557;-8953;10968;5418;-64
18256;3259
1036
2224;15198
-2499;15827
-3281;3638;15564;-5710;2638;-11808
18244;13543;4088;8057;14459
-9457;14579;-14363
7154;-16851;-16788;-6953;-1902;-2576
13440;11589;12887
-17192;2697;-11134
8946;299
13209;-13627;-3804;5277
12967;8571
-3761;-1603;6181;15946;4781
10992;11653;7096
-2611;-11302;-4358;5062;3946
18000;-16759;-7944;17177;-2171;-17567
-1850;11113
-1085;7373;7071
-4482;9652
18149;-688
-13371
658;-2949;-15180
13375
-8967;18251
-1093
5682;7699
13064;16702
616;-17226;17710
-7889;11377;-4098;4564;-3813;-1243
-16026;3628;3102
5641;-14908;-16415
-9298
14656;12721;-9896;-11898;-382
659;-15737;-10605
5208
-3067;-5391;3246
6933;-9193;-6555;-16880
-17504
1124
1126
5225
2837;4377;-10715;-11981;-734;15085
7953;7826;-2359
12326;9848;857;-1419
5230
11636;2933;1302;1786;-17051;-18125
15521;14519;2552;-460;8654;5407
18370;-13135
-4113;-9814;-14027;11658;-5325
1605;9686;6236
17912;4060;-5406;-17712
9456;-16787;-2007
6170;-3566;6735
-13438
11602;-2535;3242;5308;-14799;10623
1057;-9827;17378;74;-18029
13442
16514;1301;-11015;5399;-11038
-6663;-5320;17241
13184;8458
-5260
-6389;4758;-11823
-3281;-3597;5710
-17552
1174
-6065;-11495
-17560
17563
-117;-10295;-17501;2156
-16074;6701
17604;8154
13904;1970;614;10055;-4879
9377
-13761;18052;-13673
12758;-13948
3809;8340;12406;9404
-13486
3040;-7459;-12123;-5136
6369;12449;2406;-3642
15505;9573;8376;-15418;3645
15497;-16700
10290;-894
529;-6724;-4196;-8918;17031;11676
13746;-3237;-8872;-10780;10351
-17331;-15367;4998;3706;6399
17595
7824;16117;903;-11593;16908;7916
18083;-12775
6064;17424;13290;17690
11458;16898;-3171;-12132;10452;-14093
-13513
-17609
5532;3884
-516;-2758;8646;8935;-6365;-6704
14164;3540;17028;11566
-16899;14180;8422;16422;9788;-1999
7488;11529;-17771
10034;17286;-650;-9035
14562;16709;-11078;9734
-1569;-6165;4166;12296;4297;-18383
-3395;17410;6997;18199;-16349;11167
-5359
9364;14726;-11656;8826;14572;2303
8208;-55;4651;-4429;-9647
-5445;-12057;7707;-3774
14464;-5298;-9575;1689
-2865;2387;-11190;12950
-9779;-3798;10534;455;-12073;-7104
8081;-16724;-5575;-10955;7502
10276;-8990
17670
16115;7523;3559;6423;-3661
17042;633
8482;-18199;-2538;-13614
15203;5494;2809;14652
3237;12293;4458;5886
18296;4920;-11546;-6269
16562;-14438;-9287;-15504;9071
-1309
-12691;-13797;-10663;-11239;-10508;-7948
-14129;-12066;-14882;14919;13911;-13640
-17043;-4750
-6344;-15454
-4118;6806;-1292;-12926;-6174
-10454;5037
4432;7984;1059;8964;-16253;-4864
-10797;-6911
-10593;8754;9307;-6143
9520
-13618
-2805;12330
-17529;-1935;-2352
-918;5943;-11944;8254
465;-12469;-7125;-15755;-2621;-8895
3973;-905;16809;4187;-17374;11038
17348;15238;6503;6071;15740;10077
4064;8423;1148
-13637
-2165;9750;-2141
-7204;7222;5289;16522
1680;17043;3269;13653;6666
-4084;2731
-15667;-18152;-12590
2404;7143
17743
14881;-7284;8725;-2120;-10236;-5326
-10099;-3550
-6213;-10663;10296;-2974
-17748
8018;-17977;-5468;16734;-15776;-7376
13890;-4663;-9213;2798;9742;5199
17754
-14497;3590;9099;-4413;-7439
17756
6825;-17418;-11261
-5348;5843;-10064;15039
-3298;10107;10508;17054;16158
1264;-15207;16920;-5150;7647
11012;16662;10570
-5478
113;17073;5330;4979;-5627
3392;-8100;2726;10696;-2924;-4400
17894;3979
-9698;2226;-16710;-9079;-17672;-7806
16801;9857;15700
-8305;13730;7141;4279;-16394;-10044
-1347;-8246
-13921;-7253;11629;4047
8417;7308;2060
-9153;16306;2819;6051;340;-14960
10401;-2980;-12343;11099;15709
-9238;-8554
-5411;16004;16630;-1672;-15952
-12803;-3523;10580;-4907;1053
-4132;-17268;-6662;1798;279
-3621;-18277;7958;-5641;9980
13698
-6654;-7055
-17814
7778;-11398;2573;9293;-6815
12401;17585;3826;12899;1141;2732
-9985;-6963;-6552;392;8557;15983
17817
-10739;12706;-9157;-6613;8230;4138
13723
-13538;741;10214;-2952
-5535
12661;6262;-3114;-17579;16667;11118
149;-17974
-13494;-8428
13730
-1444
5544
17836
9644
14211;-12665;3003;9196
-12457;-1294
1747;-14264;919;13532;5726;14287
1470
14935;7016
5569
4320;14422;2428;-11502
-5445;-5318;-11750;14183;-10525;-15391
2161;-7735
-7249;-3349;9119
-16561;-11539;-14311;8152
-17959;-1242;15177;-4285;-1376
15160;6814
-9688
13791
-13796
11872;16306;-13591;7303;-13354;-14140
5607
17396;9641;17564;-1935;7999
12486;-10973
5232;8689;-10329;-2078
-8444;-5359
-15409;-11512;13118
11745;-10230
18418;3578
9569;12454;8535;-8560
6240;-17304;-12445;-10781
5620
5141;-8760;17434
-13816
1529
9722
-8786;17746;10933;16552;10143
12002;-1637;-15849;-14602;2169
12124;-6495
3234;-5875;4758;-8968;-1529;6841
2738;12946;-16532;-4794
-9738
-7313;-14577;-10696;-13930;8105
14029;7997
-14708;9064
-450;-6101;6086;17510;17272
-15623;14439;-12654
5811;3253;14087;-5995;2028;2845
1634;-12534;13895;10843
-15585;11876;-7208;2538;14027
8741;-16984;17993
-17943
-17109;4349;11198
1565
18113;6449;17299;-11623
15780;8798;9758
-33;-17879;-41
9108;17732;-16214;14533;8205;974
-7802;-1307;-8846
4083;-16407;17727;-6976
-11366;11078;-4346;-5645;-15872
8597;10984;-12204;7644;2813;125
-7573;18026;-8876
-1579
-9099;7518
2489;15481
-14545;-15720
-4996;-1238;-12239;8687
-8823;-6602;-1645;-5006
-8973;-9008
2130;-11194;8794;-5423
-13886
-12023;-10444;16767
-9449;4313;9146;18078
17994
34;-6439;694
17998
7639;-14281;11577;-12747;-6094
5714
18003
7749;-9372
10773;4968;-3578;-9035;-1132;3726
18128;-3347;-10534;-14614;-18359;10714
-14677;8948
-983;-4743;7358
11064;6140;813
16320;17765;3146;-10045;3886;-17151
2706;-2872;5369;8121;-11839;-11312
7888;-5138;-16531;16659;-648;-12060
-16212;16137;-9341;15149
13927
14514;14664;4075;-6717;-17471;8959
-1642
9398;-7757
15976;-9083;15726;7695
16242;3588;4390;-2967;4968
13935
-17091;-14840;5705
-7252;1502
-1654
7953;-16707;-9285
-8817;5861;-4759;-3241;-10395;11502
17376;664
-18129;-13145;-7289;11242;-813;1900
-15313;-15413;-14630;1673;-6235;-893
-18044
-15111;13448
11382;17994;-3135
2599;-154;11834;-8396;-11645
11205;15036
118;17932
17299;-14361;7468;16750;15471
1121;-15046;4062
-5767
-3713;16240;-4371;11012;38;-17535
13328;-13423;-1583
-5941;11718
1954;7092;-234;1067
-7492;16310;-5817;618;-908;-1022
3020;10959
-1730;8484;-5878;-4844;17947
-1693
12992;-10596;9476;11268;9285;-10251
-5779;-4109
5793
6081;-14946;2118;-15432
-5345;11105;13397;5164;-14430
-8356;-3781;-5949
-13441;-9505;-5907;16069;2889
9285;15222;18155
4597;12757;9837;3183
15857;450;8680;-5118;4382;-6160
-8082;-8550;14924
13472;-11974;-4570;8875
-9153;-7349;-2775;-11497;-15323;-12955
14980;17927;-3850;6476;-14560;-15168
14137;6490;10220;-17246;2014;6575
197;6104;-495
1056;-6871
-9297;-3524;17853;-10848
17683;-7771
-3479;1755
-10225;-8884;1001
739;-5366;6519;8029
1463;-15483
-4678;-12695;-6027;-15197
-5830
4658;-6603;6908;-9677;-17502
-7012;1118;7630
9360;16049;-2308;-10952;6183;-8399
-1922;5730;8949;12390;-2926
5840
-17910;18149;825;15674;-6797
5610;9242;-6557;9839
10819;-14100;-10715;-12748;8607
1123;12420;3402;14011;11757
12965;-11210
10545;4675;12307;13541;-10640
-1493;-5077;-2120;-5914;8750
-1169;9169;-2005;197;10271;-10608
-16004;10505;13545;-4175;-2112
5858
-18149
-5868
-12532;13428;-7097;12073
18160
341;1438
3431;-13115;7900
11682;10375;17546;7245
16289;7028;-9558;-11965
12467;-10186;17995;-6192
9992
-145;-5308;-11628;15279
-18187
-16481;6486
2112;12753;-16669
8260;1269;-438;-10183;7031;4057
15874;-10532;4654
-1836;3644
9617;6866;13157;-17607;-8700;6670
1924;-6790;1016;-5706;3646
-17717;10407;-6794
-242;17283;-2937
3906;7715;-13439
1818
-8449;-338;5373;-3710;-687;-6304
-10836;2708;16009;-3387;954;476
-1923;3752
10023
14120
11232;2289;18419;14358;12504;8575
10736;-2899;-11180;1502
9240;3512;-14605;6093;-11550;17343
13906;3396;16892;-15967
8672;-8965;-1894;-5783;5868;-16126
-5010;6355;-12997;-16986;15466;11326
-13586;-5858;10851;17900;2621;10398
9057;4677;231;-10346;-10091;16511
-1514;-4432
-17189;3579;5227;9532;12702;4383
9120;-3271;5033;7353
-2551;-15402;16778;-8491;11518
-15689;2872;14671
6402;15219;595;18357;-729;2972
-14147
14352;14498;16677;-14492;16460;3517
12082;-3877;14135
14288;-6828;-5725;-3598
12819;1331
-5089;6642;12099;-15517
11960;-16237;6143
-16504;11399;5800;17897;5661;-18286
-2837;1988;-7962;1593;-171;13358
-4038;4774;15502;-18112
12432;-14516;-5556;-6523
5364;1529;-5019
-12609;6468;-12119
11026;9444;2580;-8886
5825;1810;4274;15877;-10056;-7661
11059;17829;5759
-948;-9127
10496;-10851;7958;-9752;264
7008;1761;-8472;-4201;-14365
-3778;-10015;16559;-12848
14183
-2210;10662;-14782;-3759
-14186
-7009;-18050;-18219;-10204;-2974;17694
-10091
17779;-9620;10024;-7851;-304;4159
-14189
-12054;-1799;2920;-11466;-16623;255
-14937;4841
-14193
6112;-8739;8053;18375;-17801
-11525;1045;8574
-12818;16978;-15684;17527
-14113;-9170;13179
9456;7584;-16098;17361
-1924
3154;-17194;-16559
-13377;-27;-813
-10124
1932
5472;14354;9817;-15419
-3490;-2887;11608;-13420;10125
-3638;-17510;3946;-5216
-11923;-1412;-15962;2783
16674;-17445;18009;3548;1631
-18326
1777;-5907;-9316;11503
-4930;12786;7555;7013
12532;-5461;11257
-1956;13611;-17696
3728;-16056;-11308;6428;2973
-16515;16676;8516;-6731
-8517;-10311;2271;-1776
9588;8789;11384;4956
9936;-10243;9577;-17979;-13727
17468;3885;9279
18257;-16296
11634;-14647;-825;15948;10334
-11091;-14988;12765;15279
4192;-8533;5158;9341
8019;3540;-485;22;-5031
4610;-6602;-4077
4688;5477
18362
-16674;17027;1625
3826;18228;-6952;7359
16082;-9607;-8412;-12334
1983
753;-10198;-6460;-16431;1678
13265;-15828;-15029;11764;1865;-6220
-18375
-9570;-854;2026;-1787
1993
-16786;13092;4935;-6714;-14877;-10318
14880;-16676;-1369;16827;-15660
-11668;-18235;7422
4006;-6955;4236;-4062;-10960;11727
6106
16416;10171
-5940;3411;-983;-6697
-12583;6969;-1130;4777;730;-781
-17538;-2196;1332
8626;17971
226;-11077;-2853;7462;5227;-17392
-11730;-1115;-17855
-15681;-17047;10220
-17074;10948
-2487;-7735
-6578;3570;13508;-7784;-4746
-13734;-3848;18109;1502
17930;-3612
-865;17312;-11170;851
-10308;-14357;6793;3550
13315;7827;-6613;7545;8634
14325
-14226;2390;4969;8250;-16012;4396
4551;-10688
-2162;16914;-7851;-764
6138
-8145;-17443;4681;-4654;11230
14331
11552;-8499;6948;-12134;213;-4222
-17571;10343;9274
11826;-1162;17851;13694;17183
15954;16214;-14169;-4490;4925
6385;13172;-8190;-12302;-5216
14342
-2060
-9265;-17794;-3698;-9365;4134;-7035
-15186;-15894;-7319;-4639
-3569;11254;5305;6607;-1136
-13170;8294;-2459;1179;4075
-12049;9911;9111;-9056
6850;7459;-13998;9966
16706;9959
11729;1970;10346;8190;6719
-12035;15074;-7099;7339;15630;11855
6706;5908;13125;-15452
-14610;-7967
787;1142;8362
5911;8478
-4615;-11608;-11758;13583
4801;-6660;3972
-10452;12789;2070;17735;4552
3329;1387;9693
17508;15192;8123;-7036;5199
-6229
-866;1444;-18101;-17562;-3643;-4366
-5746;6516;-537;18287
5617;-10772;-13785;-13083;15550;2047
-9558;1576;-1820;-16030;11405
-10332
561;-1667;-3019;15531;7117
5139;8982;-3032;1404;6031
10515;-11128;2761;16780;478;-13168
-6239
-14432
-17012;14867
1680;-10914;-10454;16359;-15880;-3417
-10372;-16420;8949;-694
16649;10079
6252
3859;-15221;13014;6012;10878
1856;11826;13053
-14449
5696;4311;-6268;-1725;-4176
-11860;-3669;16282;17804
-10366
8720;-549;16773;14102
-10376
-4308;-3812;9251;7973;5371
6285
-12116;-5611;-4944
-14083;15907;-15893;-14341;5883;-144
3424;9123;17324;-7198
2562;11939;-4967;7590;-10832
10389
9633;-9032;-2799
2197
-15361;4971
2921;-9098;-4747;-875;5676;-16559
3905;-6107
5433;-6893;8717;-959
-6644;12742;-16493
-2206
2212
-14434;2626;-4999;7222;12585;11502
-18033;-12578;-11443;12658;14891
6312
-9602;-16138;-14714;-10924
17521;2612;-4238;6814
11395;5781;13303;9674;11229
18260;4454
370;14153
10307;7945;4474;14971;-9676;15180
-6342
-11987;8630;-15241;13997;-17230;-13183
-8129;4369;17543;-3340
-18338;-2396;4670;-14863
14543
738;11475;-1108;2711;-11561
10449
-17217;7955;-16727;10967;12763
-5217;-4434;-340;12950;330;3067
6484;-16939
-9187;3389;9631;-10192
4852;15975;-8712;-16974;18270;-15679
10899;-439
1653;-903;-16220;5357;9581;-9935
10233;13196;7020;-3406;-192
-11767;11942;-14440;-16873;12478
-18228;14484;7015;8121;3674;11786
2935;-4824;2105;-10686
12228;-1758
-3122;-4469;17065;9195
13584;962;13720;4441;2347
12435;6235
17986;-17933;10428
-2760;17338
10487
10148;-18344;1608;15754;1322
-6394
-2302
4486;-16987;-15070;-3406
-2306
13955;15029;10188
9777;13746;-10040;-14252;3182;8094
6417
9457;360;-12141
17488;11045;-7276;-2206;7854
18307;-11881
7830;-10536;5037
-10526
1793;5639;-12698;15791
16785;-5252;-9588;16772
17490;-9802;2491;12637
-16859;11293;7903
2337
7220;852;468;-1803;-4400
2166;175
1874;5017;14874;-190;1246
-16764;10318
10543
6448
-15441;-6676;4787;11604;-10648;-10556
17633;9203;-16094;12718;7566
-14056;-8780
1956;-2683;237;7534;-4688
12087;16583;5496;-7673;4536
-6458
6460
-18307;-1609;-17821;14892
-15745;9282
14655
10348;-15838;-17359
2864;-11153;-5253;9527;4504;5980
-979;-2520;-2973
15810;16579;6996;-5754;-5402;-9467
17489;10950;17800;13421;10367;14271
-10142;-1423;991
-9845;-13017
16444;-5870
7953;-15842;3283;-14165
12005;1015;13945
-9137;-6251;-301;-7182
3860;-18054;620;11183
6487
-6488
-7377;12241;12306;4258;-8135;5484
2565;13127;3087
-14686
7216;7752;2792;5119
14690
-4993;4897;14794
-8849;-9394;-9170;-6728;-14937;5707
2421;-8
2417
-2069;-4406;-16424
-14708
10612
-10613
8373;7910;14811
15925;9432;-3179;9436;15868
-10624
-17538;5334;-9416;-11913;-3146;-6715
6531
-12936;11960;-1930;5343
11186;-17942;-17239;-11211
-10631
-10632
13369;-15404;4475
8931;18406;-4811;14510;14558
8201;-4042;6477
-5330;-1604;14006;-9992;-7065;16527
14738
-8756;-9672;7784
3153;-15684;13051;-15837;8767
6549
9841;-12297
307;-2765
3384;-13996;17166
3169;-3208;8361;3019;-1487;17182
2464
10657
-16321;-1745;-3989;-10345;3562;14078
-11083;-8045;271
12416;-11221;8677;3405;5583
3297;-2580;4005;-7306;-1803;10959
1714;16435;10073;-7838;10765
-5954;-10182;-1191;-8395;10954
16836;18174;383;3951
-658;-4018;-4389;6055;14521;3258
6579
-6581
-14773
18000;-10680;-13902
9333;-6846
-6584
9718;1383;-9707;-1214;-2671
-2113;-16657;-5779;6149;-479
4613;4987;-12096
-6593
-14357;-6053;-10763
6597
-8645;13271;-9913;-5417
-13908;-4990
-14579;-2707;10675
-6615
1670;-10091;15916;-18207
8821;-2201
-5923;-10931;423;-8779;3196;-9184
-11748;-3193;1980;-1854
3618;15294
3729;13428;11413;9013;2056;3851
17297;13969;-7311;7247
16019;11683;-15286;-168;7002;-12623
11174;5167;6671
9284;4134;7212;2382
-11589;12004;-8794;-5901;-4639
-10734
-9971;8538;13578;10877
15400;-4154;-13790
-12481;241;10691;-9288;-8091
-11121;-14755;-3178;1932
8101;-10647
-14664;-4268
-13649;3668;-13050
5603;-7302;-263;5626;-15851;-14943
-3351;3463;8167;4807;5852
-1861;13620;-18415
-2566
-16759;8698;1388
1424;-12017;-11364;4664;10620
8418;-11525;-839;-1015;-8667;6954
1667;-14201;-2332
14867
-12535;17945;-12444;13709
5958;18204;-15501;6206
14871
-15889;7921;2102;6777;-3499
-11186;-24;-5593;-6331;-16319
-4721;18208;6983;15160;-8463
-15555;-14;686
-11061;-5959;-18344;7863;-15723;-16716
12051;3893;-9414;-12810;-8606
18323;11075;-5752;-9273;-10957;-18303
2385;11973;-16957
10792
9922;17254
15521;-628
689;-12503;11816;6700
2818;8386;-6297;-15709
-6482;2865;1004
2824;7645;-3759
-11857;-81;3154;-14314
-2619
-8467;216;-15195;16731
10811
-8324;-2710;3749;-15018;-8991
-18418;-590
2623
-10257;7026;5736;16510
8979;3960;-1434;17931;17293;13246
14921
17265;-12867;9124;6646;-13438
1393;9433
-18070;3224;13980;-10429;-3631
-10835
10835
14800;14626;18118;8266;-12204
14938
-2656
-9673;3721;-4896
15029;-14648;10250;-7819;8045
-16545;16656;-3570;9609;287;-13200
8470;12888;-13929;-457;14826;-6843
-17430;4267;11787;3212;831
804;5751;1463;476;6462
-2672
-15525;-15821
11539;7767;6508;3279;6351
-10274;-4694
-14969
11251;-8570
14450;-15445;-5493;17383;18250;-18272
13600;-5201;-12593;5522;17132;4701
-17651;-5512
1270;-2456;9305;12073;7070
-1796;4487
14853;-14408;17273;-9612;10990;8174
-9297;-9785
-7288;18376;3898
-14242;-16500;4275;691;6826;16251
2701
4784;13878;-744;-11120
6800
-10950;-4044
14433;6181;3069;15902
5235;-3000;5788;6861;16510
10416;1673;2667;-6799;11151
9592;-7629;4861
15776;7433
7904;9401;-14575
5170;1525;-6007;2318;12015
-14139;11404
-10081;6291;-14773;3180;-11934
6837
5552;-5714;-12758;-5895;14617;1455
-6819;-12339;3719;1640;16542
-15037
15037
3185;-9687;-8843;18095
-5154;-13983
-8884;2547;-507;13692
10948
-10951
17820;17709
-14914;1094;16567;17565;-17551
-7267;-18357;-9049;10681;4683;-3936
4657;12839;-2443
14192;-5714;8131;10421;17607;-13198
2180;1625;-4202;7263
-10004;12244;4694;3510;3449;-16671
-10920;17962;-9823
6882
-2434;-9987;-12647;18175
9232;-5123;-8983;10870;-7004;16093
-2293;18156;17309;6494
4474;18397;-13984;10303
-5745;10195;-14781;-16237;-7775;11054
-6081;-4465;-5125;-17386;-8925;2302
7619;-18421;2183;5016;-8252;846
-7491;573
-12567;-7143;-17690;7595;-9884
12774;-9736;7676;-6590;6893
6912;2149;2074;12170
-6925
-5096;-10029
-7400;347;-3980
12389;7575;16505;-2235;5470
1384;-13406;14863
7403;4011;-15008;-11536
17315;-3029;17796;-7770;16717;2783
9680;17280;-11820
-9858;534;-7015;14009;-12812
596;18376;-9129;2986;14606
-18209;7152
3112;-18267
-8662;-12398;-6383
6688;2155;16941;5757;12287
13232;-14403;-15316;7108;-1527;-156
14500;13704;11532
15833;-9259;14701;-2511;4590
6971
11069
1840;10481;8690;-503;-856;-12668
6416;4667;-4094
15137;8753;11771
14896;4723;6371;11165;-462;15358
-658;-17944;-6780;-15981;126;5567
-6052;6198;-15338
4264;8426;14795
16240;-4660;15028;879
8723;-952;12343;3543;3436;8590
-4177;-4;-7460;-15853
-7015
10186;13133;-8112
-15075;8306;-14532;1107;-3207
-1074;18181;-6505;-3405;12109
-2390;-18280;14074;-17468;-3439
-14650;4284;13295
12480;-11716;8727;-11262;16990
-5271;-5856
2753;-9092;3373;-7040;2975
-10452;633;2731;-16335
1105;-15174;-6218;9149
-3859;3363;-4682;-5967
9216;10645;-5369;-5515;14462
-36;2777;6300;1069;-13071
3639;-6602
18064;-8517;4779;5020
-13462;-9982
-9159;14760;-2634
-12098;-15446
7065
18288;-11588;-17496;-3082;6811
8357;6902
-16369;-838;6043
-6643;-17693;13165
9010;-6298;-13756;-3983;-240
18240;14724;4887;6088
14614;7418;-16555;5695
3953;-17974;18213;-15335;-584;-11736
999;8776;-14698;-12923;2574
-1569;-913;-5892;-2500;966;-17655
-7395;-2195;-6548;-3463;-12058
-17747;17907;-6039;-4632;-669
6107;-17293
2994
-14194;5606;5591
-3315;17140;-9581;-1599;4447
-17345;12148;9860;5926;15209;-10509
-15293
7874;1236;-9353;-5610;1514;11439
5954;-116;2503;6952
-12084;-15397;-12390
15424;7561;6779;13086;-15263
244;308;-6006;-4970;-4828;4046
17633;-1094;15461;8088;18285;-10303
4545;-1491;14858;1486
8736;-9346;7297;7801;16301;-15487
9632;17200;15824;5416
883;-16192
3667;15240;-11786
8341;-12313;1005;-16448
-3032
3034
-2067;13293
11075;-11736;-5963;-1854;-2750
-14822;-12792
-3043
-11973;-3358
8273;16838;4461;10335
16755;-13321;-5644;12203;16843;-7408
17973;-16679;-9049;-3162;18061
-17478;14428
640;-1925;14837;14073
5349;14088
-1106;15923;-7576;-9354;17820;-8558
8849;454;-16427;-3532;13517;-18206
-6785;9267;575
-16130;-4530;-3800;8250;9052
-5922;-4020;13805;-800
-13665;6256;-1714;7555;5877;15141
-3068
16160;497;17639;-7226;12861
18326;-15018;-1388;9342
-3074
-5027;-15749;-4541;16814;1326
8488;-1312
15371
-17169;-15260;-15712
-7299;-16266
4033;3890;3358
-15379
4195;14663;-11369;15228;14780;14750
3713;-10998;4185;-15851;14939;-7280
12996;-1702
-14290;1267;-4408;-12824;2574
-15315;8110
11843;-15786;15243
17776;-15799;-14248;-11320
-3605;16518;18057;-173;9071;-16272
-18225;14258;-8953;-10538;6506;5630
-8049;-2712;-5257;-7596
-11327
-6564;14755;12453;4870;-14186
14896;15954;5055
15601;-10612;14535
-1941;-10986;3977;-8831;10543
-16185;13849;8233;9534
6932;-3788
-15436
-7874;15477;-11369;-4618;-3035;77
11203;12804;2807;-7279
-18166;-9566
9793;7351;13976;6955;17131;17580
785;17943;-17325;-3838;8333;-9055
-3937;16004;-715
12022;14027;6764;15404
-5606;6773;-8426
3168
18309;17831;-5961;-14717
12240;-3960;8919;14649
15540;17546;15147
-7275
11376;5671;-523;-5692;8733
-9456;12639
-1491;9478;5800;-11611;-5360
-10882;-16134;-8937
6595;-9788
-17077;1592
-16227;13028
14856;-7562
5201;-13135;11135
8913;15298;10088;3130;2637
-11697;13989;7366;-16958
10754;12186;3610;-6956
-3214
7313
-10722;10939;-7535
17105;-13881
-12611;-4340;-14951
-134;-13638;-4616;-17611
-17604;17752;5996;5278
-10627;-5580;687
600;2633
6880;15361;17590;-3979;4429;16206
-115;16291;15383;-11359;-576
-3244
-14296;-16410;-13500
-7249;-1763;419;-6943
15539
-7355
16417;-17862;14296;1946;11611;17819
13123;-10682;829
3270
9924;-14638;-9566;-15038;17854
-7376
3315;-10936;13799;9705;9482;14779
-338;-14810;-2620;-13613;-4670
5081;4121;-18348;16527
-938;4223
14677;12597;-759;-2887;3119;-2976
262;-16360;5769;3674;14668;-624
17760;2531;-8090;-4811
4599;15082
-17921;918;18327;14027;334;8095
-10659;14453;-492
-15091;5458;17036
3251;6858;9932;-4431
-5442;-18019;-16853;-14075;-14475
-2052;-3016;-16761;-12812;-1455
4592;-18087;-983;-18312;-5801;10687
-7924;4589
11526
-9044;16981;-13852;-9711
-3340
-13828;-660;-8761;-4670
-6884;12824;16698;-7006
-12003;-15920
-8200;-14810;-14538;9625
4291;15439
-15640
-3354
-16038;5509;-4775;-15673;10296;13229
11551
8182;-14427;2877
-16454;-11703;-3884
7107;309;310;2908;-5920;-1344
4528;7873;-16057;-10921;-13371
-10566;13431;-10335
-8946;-2621
-8521;-8122;-1661;2637
-11858;4755;8166;-4443
-9254;-2318
8850;-17429;2154;13901
-14497;-1265;5076;-17094;10264;-6351
-15636;14552;-14591
2592;2321;14530;6635;-10157;3854
-6760;9176;-12971;-5659;-7661
-7973;-6296;-5784;4366
8630;-1133
-3404
15696
-3715;-3791
3410
-3414
-5860;-16647;-2539;5247
-3706;-7902
6433;-2037;3801;4604;-14126;-10286
292;-3712
-3010;-4039;4266;-12926
-13364;-10540
15377;-2771;1189;-632;-1545
-4342;8985;-6126;4910
-11249;-645;-9607;9881
-2376;-17437
-16499;9115;-4237
-11111;2150;11126;-9693
-11624
13558;-13928;-4698;-16636;2799;11375
4708;-14774;-1560
6266;-5851;-15213;-9119
11628
-8993;-16114;4707;-11597;8077
-3440
12769;6401;-12690;-5404;10557
-17937;16562;-11911;17895;-10782;9614
-1153;11383;14537;5835;8940;4861
-14946;3309
7544
-3452
4516;-12085;17270;3420;7884;-1166
3457
-11653
9200;-15283;-5027;-2424;14984;10203
1505;-14420;15319;-17706;-14989;6349
-7562
-4324;-11396;-327;-5069;-11022
1427;-14870;-13174;14959
15757
-11314;-17955;-6660;16074
-6237;9708
5981;-9455
8709;-12185
-12837;-2679;12039
-13591;-12711;12857;6685;-13102
-13156;-5079;-11499;2890;-9406
7170;-10467;-171;-11740;11725
-15907;4229
-16514;3281;-8037;5496
-10449;8822;9212
18212;18046
-2965;11972;16122;-13518;-17088;1983
16003;-10521;14859;-14558;9999
-7652;4156
4149;4710;11021
-13226;5929;14892
-5819;2317
-17600;9999
-3012;13413;17686
10374;2872;-12653;-4110
-15807
-5882;17596
10087;18012
439;3095
16594;948;-2170;-3643
3538
-7073;-8898;6055;13455
6640;-5794;11443;-11578;11022
13668;14458
-3561
-17685;5929
-16981;-7064
15380;15414;1446
10352;-13186;4857;-13579;-206
-15733;-12316;16287
12616;5003;2334
16611;7478;-17849;18202;1612;10285
5349;9863;4744
9320;-17626;4729
-17365;9691
2355;-7094;-2936
6981;10632;-11133;13487
7680
-2503;-16699;3323
11777;16546;36;-4285
15883
-6818;4467;18148;-4009
12832;-9235
-5441;10149;-3896;15079
7701
2112;12795;14411;-9327
4304;-10673;2371;-15995
-1844;17430;1591;2815
-1780;-14122
-16024;-3753;-16537;4714;11597
-7721
-14967;11206;-3100;-4960
-3014;150;6492
10375;3323;10829;-8608
5792;-17618
-15924
-88;-16651;814
-3638
13633;-5895
-14178;243;13495;13640;-14973;-10064
-7744
3289;-11036
-3012;-10727;-15163;17034;-15259;-5199
3653
1120;-3828;1781;12774
14752;-17554;2785;-12069;-16153
-3073;5795;-2711;10779;15915;-6656
2263;-13945;750;-17312
13619;118;13000;16056;5356;-7614
12224;6816;-9029;-12760;-5022
11866
2096;-16866;-18131;16936
15964
14833;1345;17618;-5539
14609;-2734
-11768;-109
-3686
15362;-7065;8410;16091;1803;18238
-16387;3490;-13209;-5583;15710
11536;-11346;5425;-2324;17879;7097
5845;-3206;-1662;-8863;-4000
-16630;-6105;-1642;-1276;-14909
-9379;-3732;16810
10576;8994;-7926;-3848
-15989
-15842;7426;1351;-18268;13439
4962;-16857
-11898
18179;10726;-11561;-4013;-8416;-8624
8229;-15847;5403;16412;397;9597
15233;-2040;18391;17183
14483;14373;17431;-3324;13997
7975;8025
16001
9577;2969;-8831
-16007
16978;14118;-7689;4888
11745;15734;-16087;524
-16930;-15814;4442
17476;16871;14344;91
9703;-1881
1193;2538
-7837
-14023;9430;-11383;-4555;-15981
-3099;3004;5164;2782
6468;-18429
4530;-206;-17822;-2559
-381;-7437;-8239
10709;-12409;-15305;-7245
11963
3772
1906;-13892;-8174
-1143;-14925
17382;3367;-16616;3095;9916;7116
-12132;17372;-5949;2892;9789
13601;10259;-5222;-5404;-17023
13595;-5710
14272;6291;-4075;3691
14800;3333;-14327
13634;469;14918;-4735
-14437;8006;18430
-7911
7971;-15414;-472
16200;-8284
-15363;-10660;5204;10954;1948
-9505;-6946;15108;5163
10125;1887
-6289;-14133;-1772;-6204
16370;6488;-2649
18001;12534;14251
2187;-10112
403;8548;12725;3493;-13148
3298;9395;11619
1253;-5263;-8015
-13186;-10212;-6038;-71;2360;-1262
-18355;14739;-7190;6972
7930
-17745;12114;-6404
-8386;-420;12468;4808;-11212;-1102
-3378;4467;10949
4866;8619;10843
-15367;7422
7985;7332;-1622;-1643
15650;3591;13294
11128;927
18266;-17472;7167
-3872
-468;-9477;9276;8637
-13716;-6544
-10403;-15379;16711;6778;-5679
-12065;4093
-7974
-6874;2987
-1269;9828;12776;10187;1039
-1217;3170;3172;5047;10104
-12993;3553;-10841
-15570;11122;-11068;-17054
-7211;-783
6266;-3660;1292
4050;-12533;820;-248;1994;-10271
13565;2622
3633;-4933;-870;15832;-1563
8004
-9074;-13346;-2539;17707;3341
354;-8362
3729;4243;40;15419;-17823;6495
7073;-17498;-18064
-12578;-6714;-13296
-10660;-5544
-16206
5392;16256;-3780;-17030;11273
15368;844
15089;14691;-17661
-13698;-7260;-7549
948;7081
16805;4218;11583
-8593;-3509;16040
-16887;8120;4826
12140
-5569;-8643;2933;-1657;8154;8730
16238
4177;12065
1571;13126;5642
-2258;6214
16247
-13601;-8758;-1703;-4408;1931;-18383
9808;10165;1157;-5609;14024;-9199
-15180;-15455;14383
-13653;-13557;-1815;1336;-13273;-16252
3239;10168;6942
1042;-7796;-7851;10636
7184;-9297;-12595;-17933
-422;5046;7548
6926;1151
-14033;8576;1095;-17801;-6398
3697;-6616;6903
3984
14566;14311;-8506
12179
16240;2931;6692;-8906;7516
-11266;-8230;-12570;-7179;-12510;14990
9459;2948;-2343;11751;5338;1420
-11207;-9176
-14549;12635;5919
-294;3960;-15866
5968;-7746;-13640;3210
18226;4087;3896;-7977;-16700;-13741
464;-7163;14814
-4531;-920;-14956
-8125
17811;8757;918;-10140;4651;-5680
-4100;-4469;-12790;13228
12229
6098;-83;10595;-11813;11531
4040
-4041
-15457;7318
4403;17930;12942;5631
-15571;-17962;815
14018;-12611;10831
6528;15344;-4354;-17910;12632
7744;-9509;10550;5191;10923;-368
4482;2099;15253;-13161;-525
-6149;-4678;-13708
-10406;8933;-18055;-9104
-14629;218;12334;1726;-16000
789;8973;2495
-3529;15789
8418;1893;-2635;9084;15981
-11489;-9809;11185;-13716;-18412;-6893
16366
-12273
9554;9444;7877;1783
-13317;7933;17661
-14838;1242;1275;8235
5490;1747;-1126;-6375;-3822
-337;1634;7187;15155;3063;18347
