-13859;-13524;-6246;17242
2858;-2861
-7669;-6792;-2664;11161;-10427
9364;-9373
-8204
2467;9173;11784;8014;1343
-17569;-14130;-14909;-2560
12224;3969;-5998;10302
14752;15296;2211;-16822;-15418
-15061;8663;-10009;16426
5851;-14064
-12098;16774;-3416;-13561;3864;8415
-15442;-15801;11210;15915
8995;-11274;2252
-13800;15416;681;7770;-1484;-4460
13460;-13431
14148;16180;-17942;7372;-7439
-16818;-18066;2116;4059
10817;10147;-11076;-4984;3326
9618;7348;17031;7003
-4193;-9144;-831;14127
-14210;7209;13866;6683;2878
15139;-2807
2677;17415;-11355;-8782
9799;6637
1200;13092;-12763;14907
16468;-16358;-7753;-955;8540
-6324;16169;9081;15133;15151
5138;-16470;-455;14856;-3134
12354
-13345;13277
-129;-10066;9233;-9480;10511
-3574;13350;-13979;-16350
8305;4165;16648;-10698;-14251
1776;13297;11012;-5190;-11000;-9820
16004;13798;18182;8455;16507;13149
9712;-1683;675;-9016;-12749;-7501
-17159;-15692
-18086;-18263;-16988
-753;-3434
-4192
12368;-16680;14490;-10080
6998;3240;-11418;-332;5707
4200
-12394
857;-10538;15018;7627;-15823;-9536
15888;12771;-151;-7916
497;17522;-12069;1798;16941
17411;8234;538;6699
-6337;-10946;755;8603;-16767
-16949;-15935
2677;-7209;4811;8029
6129;-164;-16822;-13837
2114;-1316;7683;7576;12601;-8061
12000;-14052;-9045;-9157;-16728
-14865;13368;-2717
-275;155
4768;-8984
-8315
-15570;-14196;-12329;17466;15707;8798
-12262;-16923;-7806
-16226;-285
18257;-7636;10489;11004;-13373;5967
17638;2975
3843;-18197;-15163;-7484
-16522
-594;-7303;8043
4610;-16919;-761;-14874;-17263
17953;15620;516;15213
12722;8837;12199;-10235;-15180
-4355;-18072;-9355;5357;-14687
-16610;5734;2840;-5979;-124;9886
-963;6387;13094;-10169
4947;-12474;9178;6701
13536;2050;13247
64;-4323
15242;-15405
9050;2285;-8879;-14912
-13300;12792;-14235;-252;2539
8365
10168;-17786;-16124;7183
-12838;-12042;-16256
-9748;1141;12917;2501;-2534
12754;11940;6070;2186
5217;-13058;-5330;8309;-11546;16591
-10883;-13619;-10729;-18208
-15169;17809;13938;682;11147;4557
-4841;9134
3369;8908;-7981
12494
-16591
-9162;8954
17970;11378;-12580;-12656;-16608
14336;8081;-2306;-5762;-7078;9320
-9589;4743;13245
6644;-2298;-4235;-9325;813
13554;7445;6501;12297;9867;-301
-10417;-10980;-4792;17784
-4722;4934
12501
8192;-6914;6615;-3545;4057
-8850;-1845;6587;-9853;-2640
-4568;-330;9212
10833;-9780;3475;-7720;4347;-9568
-5639;-15930;4959
7745;-12070
11939;-17259;5548
8241;4276
8864;-9954;13588;-13990;18105
-4328
11920;-17010;-7817;-11903
16946;12309;-13111;4575
-9895;6058;942;2654
-14790;-2877;9948;5596;6460
-244
-18081;-10627;-6937;-14713;18318;11310
4851;-6590;-15648;13039
14658;7442;-17060;16819;-8838;-8670
-117;15017;5838
-8070;-4477
8545;740;-4168;8792;13740;-6910
6644;-7269;365
10901;-8360;11643;45;-18047;8174
-12550
8482;-4118
8461
-15673;-6026;-1276;14511
-4737;15251;-2436;8982;8942;15231
-10552;-2011
274
-16660
2374;-10842
-10024;-2542
-13589;-14264;136;12201;-17534
-9749;9911;121
12544;-13138;13923;3338
-1191;-4760;-2528
-1442;-3788;9500;-1711;1823
-4467;17971;-3764;3781;9733;-14775
-12578
11510;-15898
865;4147;7476;11093;17670
-4193;546;1098;-5936
14790;7563;-1454;-16510
-13719;13419
-2579;6974
-9445;9429;-16331;6011;-14543
-13125;11140;-10951;13241
-3172;2931;12182;-10681;9097;6333
14663;10189;4126
15881;-16189
4404
-17843;9608;-5597;-13055;-6192
-5124;9225;-13579;-1243;17210;-2080
-17247;-2079;-5568
15016;-2410
-15285;-17559;11142;-10105;-17181;15901
-10180;-2428
12738;12788;2572;-10432;-17344
-14579;837;-8086;10871;-1582;16959
16485;5621;823;-16457;14332
82;-12741;16132;-8777;9726
-16715
34;68;8119;-4186;-17660;9197
13844;13237;1782;12429
4624;-12355;-4374;7738;13710;-13775
11392;10098;-5620;-13785;7132;11598
7440;-12129;17814;4155;15823
-1990;11129;15775
15747;1655;7081;9515;-6332;-6846
1416;-5853
-18339;16675;-4053;5497;-15691;7375
8537
-347
-561;3363;1158;-3613
-3227;-14751;31;17599
-16740
12644
-993;11510;-17404;-1118;12893;-13440
-16505;-11322;9883;3758;-6655
9907;11349;-2251;18220
17840;11698;16535;12300;6556;974
15653;3830;-13196;-8814;15181
-888;9113;2698;-15390
-657;-6837;-11079;14106
7889;4773
3012;-1931;8731;-5340
12667
-2650;-5291;-7403;-9615
10934;5835
16001;-15616
13330;11631
4482
1604;-1654;3655;13165
-225;-2596;7284;-6874;-12429;-18318
15248;6665;3054
16898;-17204;3893;-5932;-8815;6671
-1369;973
8588
12688
-16693;-10842;10747
-4165;10347;-12141;-14928
-17671;-5705;11789;16093
7029;1575
-4518
15781;-15357
-4753;17467
11232;7396;-17591;5610;138;-11308
16814
13697;4897;9140;6457;3103
-13159;5623;-8056;2200;14652;-9887
10289;5848;4781
-1843;-163;13596;-7055
9235;-600
-8693;-8265;-4827;4955
9811;-7703;-16488;13018;-7277
11857;-17076;12070;9981
197;-2502;8042;7003
-6358;-10806;12295;13515
-1722;-9867;12043
9316;8118;14328;-10826
58;398
8650
16842
16170;-7519
4559
-1356;14108
-17576;14890;7247
-3905;-15798;-6842;9695
467
5282;13508;-11608;11640;12539;-10413
-4436;3960
3953;12292;-12805;-14487;10571
476
-7250;16449;4532;17256;1353;17290
10916;-5702;-7366;1477;-12427;13581
6727;10136
15808;-10806;9387;8686;10175
12770
18018;-5288;-7711;7758
-4587
8854;-4969;-3392
-8693
-501
16673;17908;9958;14198;-13725;-11743
15026;-9035;6219;-11709
10609;11108;-16202;-4429;-9791
-16899
-14145;800;2541;-18384
8256;-5189;14310;15910
7060;-1317;11162
13312;-17446;5865;-14078;-4559
-5891;-4630;3178;-5471
1425;101;-1001
416;-7475;-2980;-6662;-12502
-2001;-15748;17215
-15060;7108;-4343;-2908;14667
-8730
-17108;-12103
8243;-17035;-12875;-15437;14702;13663
-5666;5458;3908;-16535
-8739
3282;-752;-1984
5698;14642;-9815;-1785
7234;9304;394
8742
-552
6705;7571;-11894;1113;-16336
-12774;8390;-2826;-18219;8492
-11974;-16423;4552;11705;-11212;6411
-1059;14134;8327;-15960;3308
-5450;18186;-5232;1247
-14242;9585
-5778;612;-1928;-1660
-15652;11571;-17048;7422;3630;10639
12101;-5549;14557;-4158
14243;-14812
-15569;8657;-7899;-14352;-80
-12863
-13141;1670;7497;15644;13486
2244;-1662
7273;-9404;2715
-7732;4167;4151
8492;6301;-1727;-191
-5945;15450;-4315;2698;-12572
2579;9349;-10956;-5663
1649;-13914;12859
17092;2233;14042
-12890
17;-15427;4631;-6207
5729;-6083;-6148;-3943;-4824;-1720
11620;16773;2090;5692;1294
10148;16745;10923;-9565;-3070
16994
-614
-7330;1272;-6845
-12215;18391;-11210;8218;-11979;-12302
-9633;4549;-3725
-4090;-12911
1122;11621;5129;11422
12912
-3011;-5815
-10004;1176
-637
-6915;6436;13405
-2674;-4083;-7685;-2950;17033;-12570
-17751;8918
1592;3145
5964;-12093;-7822;9213
5843;-3414;-16265;-9449;-7403;1371
-8930;-3523;803;6698;-3887
-12897;12248
10227;15828;17113;2427;14108;-5806
6354;-10261;8655
3587;13914;-18156
-5875;-13;-11152
-12389;-8749
14360;-6634;-8906;5934
1002;-9855
-9094;16142;6430;3566
10336;2147;-15610;-5357;12671;-8944
8853
12949
-13320;-303;12958
6901;-14263;-5592
-18234;17564
-8864
-16405;-10808;-8618;-1709
17062
11202;5862
-4778
5189;-6043;3292;-1757
4149;-10566;17598;5887
18208;2725;12890;-16750
3872;-12755
-1158;1850
-696
-700
-15265;7904;4867;-7130;729
12229;17145
-7173;7860;-8265;-1675;-7837
16800;10453;14412
13703;3132;-7936
-6232;11036
17157;-15881;-5466;-14474;-14813
11856;9601;5468;-18094;1085;7181
8909
-501;14037;-18352
13008
10784;14073;-602;-10235;11276
608;4776;-843;-9360
-8131;-9060;-1367;-6744
-4824
6423;-11626;-14747;7978;16795
5200;-18179;-4135
-13021
3684;-16748;4139
-733
-18418;15778;11954;16309;-4409
13980;-5054
1805;-14832
-13031
-4840
13033
-8033;9603;6084;-8101;-9046;-7639
13039
-753
16309;-8790;-17867;12206;11183
-4996;-12468;12261;6637;-2191
10498;-1548
-4859
3891;-3400;-12296;-17631
-4030;-3295;-18015
3077;15365;-3064;10428;13245;-17807
-17841;-5299;-14616;8318
3219;13355;-3566;11006;-2768
15679;-14912
-13410;-8595;12774;4367
767
-12753;7808;15701;4102;-14091
-5573;13077;11781;-1400;-18009;17277
-14084;-17078;14666;7422;111
-13793;-8822;-16440;17166;17022
8870;-3322;4683;-3021;-12158;-8111
-2513;5664;1089;-3466
2563;-5750;-5834;-14747;2510
11322;-11708;13454
-2771;4469;8072;-797
-11745;-17586;-1027;-2615;9465;-1854
-13649;-12483;17059;-12202
14740;10885;-1191;-18263;-506;-14653
-529;16274;4758;2392;6605;-8224
17181
5379;-10198;-3546;3470
-359;-7644;-13277
-801
17029;4941;7503
-9001
-3209;18329;-7772;-16350
10544;6497;2505;-6842;12681
-9006
1122;-7347;18115;5015;-2873;7262
-816
18256;-9187;-14133;17205;16888;4554
7812;-7991;-12491;3661
-11201;-14561;13667;10331;-13038;13983
13188;13588;14439;4536;9116;-800
-7029;13509;16505;-9755;16266
4261;-17376
949;-14072
-1011;7253;-1312
9924;10757;7832;-14571;1532;-6446
1376;8915;7048;-111
-13857;-10381;-9376
-5844;11604;14232;-2681;-2957;-13502
6177;-13897;12668
-13250;820;564;4359;9929;-15564
-14502;-18344;10490;10349;7053
-16997;7189;-3494;16311;1945
-6147;6567;-3241;-18427;11805;-15999
-13554;-16964;-3492;373
-3877;13128;8729;-12539;-7644;7167
-9062
-17699;12130;-11686
-7514;-1551
8434;-6824;-8012;11373
14614;1721;-17211
-5042;8292;10970;-13343
5062;5607;-4233;6731
-3267;16819;11834;-6523;-9789
11953;11877;6506;11514
-15537;-15276;-11040
-4992
7112;7240;-13450
-5826;11923;13414;6998;-6169;-3051
13152;12915;60;13710;-11072;17199
13843;-10837;14022;-7918
-6785;-7958;-11499;-4827;-6717
11267;4806;15064;10744
-7457;16208;17320;-15180;-2799;13311
-12275;11703;-13978;889;12733
-5495;15340;4333;15423
-10097;-1299;-9098;16330;-4958
-16579;12547;-8952;-13757;-14174;-976
18137;4762;-9679
-13457;14386;517;9013;6862
-9058;13863;-13482;-986;284;10318
10818;10963;16023
-17329;4416;-12241;-16748
12368;-13798;-6615;-1287;-7016;3117
14769;-1444;12201
-5050
2515;-18021;-5062;-8457;14922;4956
5054
15557;1766;-8856;9675;-800
-7827;-17709
15171;-4581;1288;5470
4820;-16790;2813
5062
-13123;11573;-664;-16073;3930;9292
3892;12198;-15082;17241;-8558;-8718
11445;-2870;-54;-2248;6988
-5071
-9168
-9173
1553;-8871;10843;-12702
-2358;-13496;4411;16524
1457;-8390;3465;-9166;11647
-17811;16824
-15570;-7864;-17753;3327
1492;-16711;18137;-4363;14732
12032;-4933;-10422;9209;-6126;-8959
3972;16924;8783
-15602;3825;-878;17758
-14321;1604;-8776
-14213;-14199;9464;2989;-13727
-11075;10306;3123;-2603;-8960
7344;-10066;-5796;7493
-5941;11062
5121
15161;10441
-17777;9360;529;-13603;16365
9015;11640;8664;-14650;15034
10020;-14072;8058;-15147;10108
-12475;508;-13645
18304;-3667;317;-5727
-12609;14930;-15653
17429
10950;-11997
5700;12805;-5165
5360;13057;18181;2795;14911
-6882;3875;9655;16777;-10187;-18397
-13921;-1498;-18413
-15361;9691;988;-478
-14353;15419
-1877;-14039;-1401;-8841;12799
-9263
-857;-3948;2734;3151
14817;-12244;12973;14206
-9154;15075;-3622;4985;-12464
-14824;13738
3793;-9618;-2292;-17995;-11840
-979;-1844;-4665;6395
13383
-17480
-1098
3937;4931;17155;14804;-11056
-7602;-11829;-14617;-6654;-1358
-11281;-11858;5074;580
-15540;6421;-7246;16062;9599
12788;-17990
-15630;-14160
-372;-10375;17674;-16733;7741;-3150
9311
-13408
13407
1667;2812;8061;-974;-15439;-1344
323;12102;1991;16536;7037
10552;-16713;15482
9442;-11149;-4574;5149
-6337;-10148;-2805;2457;-12764;-4303
1376;7073;-16547;-1373;10605
-9334
1141
-9340
-12034;13489;18019;-1048;-891
6817;6623
-10737;-6289;17223;15367;-10829;-9984
-9345
-16919;-14999;14381
-5393;-10714;4158;10175;-15088;18015
-7415;-10123
17542
-4901;-3736;13898
-13532;8269
1333;14663;9561;4283
1169
-5683;-5145;-1196;-10445;-3277
-17940;-18040;6136
6756;-7933
-13468
-5833;18428;9068
-4611;18085
5873;14274;8009;10409;-5980;13659
13480
-3890;-13828;-15000;-6745;11518;10366
-14354;-8629;9500
-10036;12391;2830;111
-13489
-4085;-9327;8111
-17122;635;17692
-7031;5823
-14658;9350
7385;-9580;-7213
7297;4453;-7;8183;5866
-17377;-17394;18296;-13419
-5907;-5283;-9509;7180
14834;-8972;7229;16814
4609;-12245;-12040;10250
-14209;-12475;3323;12781;1150
-4899;18235;4287
1493;-15979;958
10037;-3358;-7919
-18359;7484;-6751
-9436
-17973;10076;13885;-7232
7602;12915;-1092;-17078;-8999;7897
1245
-16174;6734
1247
-15706;10361
-3667;17205
-16675;-8726;-15450;-18046;4397
-9446
-2438;18087;11975;17819;-11421
-17883;-10108;-9263;11423
13600;-3154;-4916;7876;17177;-4750
597;-9275;-780
17297;-9908;-7738;9807
-7173;-6831;8638
-10391;-12249;-15610;-5165;17806;7951
-5202;-2114;6035
17905;8245;-16936;-10537;6701;16383
9474
13570
14481;-11970;2758;12345;-8138
5734;-5464;3050;10252
-13784;14365;-207;5007
14612;-1034
-18073;732;-16719
-8052;-9625
3799;569;1021
-17680
8729;-2492;-846
17143;8729
-2342;-15342
6913;3330;16707;-3464;-3562;1855
-6210;-8546;8548;-15574
-11044;-14838
11891;13444;-13189;-15141;-6504
15843;6857;-6572;13852
13597
3936;6455;12508;8604;14862
5406
12960;-387;5636;12343;15193;8815
1393;-14997
11589;11685;14905
-2742;-16331;-13611;-1373;18430;16943
8536;17358
-17704
-9513
7685;7990;10222
-13862;8442
-4982;-15883;-943
14690;-10026;-18283
2816;-6546;-2698;11854
-12899;18326
-11670;9964;-3727
4002;15766;-2919;-17096;2776;-12058
-17748;5943;14907;7613;16814;-18000
-5921;12209;-4660;3286;4615
1339
-16437;14212;-14742;14359;-11087;4159
-6561;13943;14446
17732
6245;-12618;-4251;17131;6203;-18158
-1233;8307;-7865;-18041;-7097
-5025;-2645;-13497;-12956
10886;-1340
-18107;12655
5649;8179;-183
-5455
13713;7731;5690;-2011;-15566
-16357;-7870;8062;6606
10116;-15834;5579;-5326
17754
1265;8152;15881;13371;-15822;3102
3987;-8281;-11500;-6637;-11711
-5470
12835;13117
-10001;13283;-8708;6804
-10465;-15490
-13669
-16706;1586;17492;1284;4974;13231
9810;12915;-1532;671
-9841;-12359;-8425;-11723
-9582
3346;8153;-3244;-13742
-15586;7089;12273;7909;14281
-5420;10203;-14368
-15254;1590;-9835;-16923;-14222
-18098;8510
8884;5830;-1146;-3354;-11311;-304
352;14241;3191
7840;-17435
-18355;16405;5750;-12872;-13417;4702
17107;7416;-4298;18045
11845;10325;-17288;17304;-3723;-671
-993;14916;7965
-9603
12658;-8949;6677;10935;-842;5515
-5521
5522
-15089;17170;-7605
-369;873;-10127
15841;-14197;11684;-8054;-9067;9323
-17027;-4376;-14906;10858;1724;1806
9345;-9859;7026;3127
14468;-12854;-11255
5545
8129;13800
8672;1860;-983;8285
-11687;11991;18124;7598
13739
-1452
-1453
5552
-11491;11507;5751;-14457;7229
-8451;2892
16515;-15052
17847
-3639;2061;-16271
-9378;4283;5869;-6335
6720;-1283;-16884;-12154;14795;3244
-17793;15797;-11418;12587;-640
-18082;2257;1505;-18253;-7918;6255
1665;15767;-18377;6508
-4914;-9623;8812;-3951
-4139;14940;-6381;12108;189;-2944
13774
10457;-4874
6816;5696;4226;-4777;-11950;-17887
-9348;-12951;-11967
-15745;10803;-951;6906;-6608
15351;-13852
-1501
13792
15713;-11734;-4167;-6410;5305;10989
-14165;8340;-7832;9080;-17408
2385;-15991;7544;-11866;-16347
-7411;1828;15237;16152;-4491;-15711
4640;3664;8517;6534;6830
-85;3046;15831;-9132;4141
-1518
13805
9710
17956;-2918;3670;3290
-16323;8932;14469;-12694
2352;8688;17169;-1571;7651
-13526;17335;3705;6301
17282;3811;11401;14204;-10207;-2192
7668;13526;-5869;14879
-17920
-10596;3380;7127;-12216;-13807
4082;3668;-17563;-4014
7121;-5170;1525;-9114
-11890;15427;-6232;11966;-10816
15168;15571;17670;17128;5646
864;11282;5788
802;4845
-14242;11553;16258;-17534;17805
-18273;3026;6281;-780
13844
-9673;-78
-5661
-1567
1267;3733;-12632;-6393;-12746;-11663
17953
-13715;15287
-13866
5364;1845;-7420;1789
14007;3160;8990
-14711;841
10049;12790;15606
-8145;-17731;-17572;4998
-17651;-14484;-3062;15241;8745;12796
10784;14966;1222;-1708;-3198
4450;9802;-13083;-5053;9567
5840;8523;7148;4654
13826;2323;15413;-14457;-5609;2381
5689
-14834;-10131;10212;3193;14746;-12975
4039;17034;1006
-5208;-17260;-7806
1537;-3219;9859;9461;4446
12587;-14192
-15841;17445
16837;-12378;17355;271
-12867;-3576;10473;7582
9804
-17998
9475;8312;-12073
17249;-12772;6133;1575;12570;-6751
-4210;-13975;-3130;17850;9181
9891;-8437;4957;13789;-6288
13269;-4637;-7008
-13915
-9122;1784;-16490;9178;-15598;16333
1626
7985;-4067;-13029;4551;-5260
5724
18014
-4231;-4953;-331;-15243;-8398;-9438
17024;16468;17958;11162;206;-16128
-18023
15617;9113;-10442;-15034;-18189;17294
10553;-604;3980
14481;6324;-7688;4908
-16241;-8914;-7417;4479;18255
-7057;-13858;2065;3860;13342
-2932;-9045;-5302;-631;-124
-6391;18103;-1864
3649;18050;-16516;-6565;453;2589
3283;-1721;-349;-16222;16671
16358;9882
1664
1107;4653
14949;-3133;-13486
13600;993;-506;7994;-15548;-16396
-3735;5959;4617;4363;-1868;12815
7442;-1812;-15495
-9869
-9665;12564;13077;-17662
-3607;-2176
13587;15557;8566;-3256
-785;-1737;-8571;5309
2052;10005;-10138;-18204;-4607;11007
-3937;-7941;-6201
6000;4613;18027;-11966;12686;13294
4952;5272;14814;-6960
9890
5992;-11790
5145;-6848
-8211;18196;901;-2426;17818
-5234;-16808;15336;-18060;-5612
8276;-13349;-8922
-4601;-12169;-17709
4948;13301;2632;-7770;891
-18145;-6088;-10251
1731;-17510;17639;-2505;-11230;1966
16311;-17628;15325
1911;18232;13258;15354;-18363
-17906;-886;-14455;6106;-9691;-1755
-9859;11582
-18109
4777;6507;2731
35;12195;17335;-7353
15792;2664;3085;-3424
12098;-13113;-844;15899;-8845;17022
-1740
11075;-10981;2542;3199
-18385;16115;8344;16152
9939
12673;-8295;-17353;5419;6636;14957
-6819;-15414
-18141
16977;-362;17611;300
5114;-13902;-1166
5493;8265;11306;1274
-5139;15875;-4877
-9956
7522;17750;6969;-14094
-2483;9656;-13035
14039;-15806
8709;-7452;8701
3873;18374
5987;-18389;-168;9193;-2491
-7410;-16515;2630;-3965;-9854;16957
-2884;-2118;-2311;8299;-6861
13595;4429;141
-6631;-17597;18350
9975
15526;5414;5423
-6161;-18055;13703;-15854
10976;-12643;-9285;-13335;14298
15746;15460;-3687;-17531
18136;-9887;-18239
18182
18184
13083;13293
15344;14421;-390;4842;-14397;10653
9994
4275;-13256;12410;-13424
-3425;17518
5969;-10507;17322;-13693;-12479;11582
14096
6613;-15160;2039;12413
-17979;-4316
4146;-4087;15767;-14728;13006
3077;-6680;-17113;-5678
17825;-17781;-14152
-18408;203
-1825
-3130;-14348;6908;14254;11326;3199
7830;365;14111
1835
18181;5960;-15722;-14351
1670;14745;-2283
5941
-9577;-18062;17599
14499;-7686;15366;-3946
13955;8612;3238;13144;4520;3438
-7009;-15925;18347;3997;-9454
-2100;-17590;-16392;538;2733;14575
13937;9415;-8907;-8862;4974;-512
8560;-2611
14912;-16767
-2646;645;-222;367
-5953
-12935;-17600
-4065;1137;1586;-535;-9720;-2558
-10658;13751;11387;11965
-17427;5657;7692;2701;-2751;14190
15874;237;6239
9793;12563
169;-2047
8929;-3686;-7128;-14316;-15836;13774
-12406;565;10552;-10587;13755
4337;3191;-5645
-2691;-3796;4603
-3506;16929;2947;5357;638
6083;-18311;-14234
2675;-7944;-714
-17393;13217;-11221;-12615;5643
9955;-12436;9206;17688;-16301;-6224
1906;-6774;-13406
2423;17422;2526
2770;-8758
14197;5207;2871;-1020;17501
-5991
18340;-4154
-11298;13196
8161;-11083;1020
-13081;11178
14191
-11761;6705;-9148;16364;3839
-5668;-8517;-12263;-15312;15279
2928;3073
13200;9617;2066;16859;-15261
-6472;-15374;12654;-912
-5426;-15843;-10615;-3336;11309;13807
1926
-550;2569;107;5932;15903;2543
-9559;-14889;-15594;-6943
14523;-12592
-2658;7396;17674
-15139;-11372
18318
-6049;-17539;-14325;9524;-2221
-13250;2762;-11932
-1943
-16146;-2181
6040
10138
-1031;-5640;12716
8371;5059;13096
14238
-12343;-6072;-17836;5627
12657;4212;9242;-15868;8095
-10150
-5090;-13253
9905;-8547;16986
14208;-200;15673;12794;-9566;-14560
13008;9314;-2939;10523;13021
3029;535;-8285;-13631
-11185;11154;-4796;11501;3230;4351
-6675;-7742;-8032
18358
4482;-5172;11596;15646
6706;12009;13919;7567;-1360
-13813;16692;-8026;-17311
-15954;3335;458;-18430;-4815;17039
3824;-13954;3331;10086;6888
7075;-17253
6656;9014;6795
-10289;337;6565;-7562;-11518
7648;-9955;-14198;-5786;12111
9186;-15097;18169;-747;15053
15297;-4581;-7000;-3113;1385
-14834;1361;16755;-9355;-4109
-3764;17059;15302;-11113;-4173;17359
-9314;1553;-7315;11442;3302;14619
18387
-11282;12;9263
-3511;15670;14697;6217;9994;16284
1636;-11881;13880;10985;11965
10667;11823
5651;12746
13025;-12147;-13283;-10788;-15689
3249;-4386;9795;-12596;8569;9678
-817;-11114;-12988;-14030;1246;-9376
18080;-15924;-8517;-9719;-14617
7132;-15135;10031
7059;1923;5845;-4950;-9736;-10363
15812;-5591
-10068;-5287;8199;-3068
4545;-6355;-5252;3254;2248;7688
-5144;-10569;13337;-7850
17946;-11852;12332
-1615;-16815
-14483;-12141
9336;-14843;-17022
-15096;17147
4408;-6461
-5797;7851
10249
5636;-17718;5925
8944;-7938;14737;2706
13281;-3012;3652;-15990
6257;-18037;5802;-4286
14999;-3784;-7725;-5566
6174
9249;-15318;16344
-16771;1318;-3018
13392;5080
14378
17733;-7447
5473;6102;-7129;-5163;11004
-11586;17910;3963
7589;-14969;-106;1051;-7950
3072;-10707;-7685;-11354
11938;16250;8347;13836;-7311
10292
9128;13453
10417;1365;13942;924;-14847;-5599
-17027;-1304;13527;6696;3929;12669
3686;2520
12880;15780;11324;-9853;654
-6161;6529;-2484
-17681;-17813;-15094;11530;13678;-5408
8866;-7097;-8159;-8015
5575;12266;-18141;-1823
-6219
-2072;18407;17658;-3198
-10754;-4877;-6973
-10318
-4051;-13276;-14988;17899
10319
-6224
6118;16490
10208;-8258;-16371;8195
-8391;-5770;12029
-14421
-1348;1927;6888;12395;-5439
-8497;8866;16738;13707
-4036;11509;7094;8060
-1619;835;276;-11063;5318
-14446
4272;96;-8117;14109
-2517;-3750
13025;9906;-279
-16834;17826;-3270;2070;3177;-797
4467;5685;16598
-11185;-1714;-12131;-8885;-1030
2179
-2310;-535;2057;-1392
-1923;4963;15830;-2263;15129;7309
-11202;17573;-10167;8558;-11040
-4899;-13434;-4333
-596;-9016;-5128;5047;-4781
-13493;-5079
14477
14924;-8287;-8832
-14485
-3059;-15525
12995;-12678;-10390;1388;-5806
51;12490;-2719;16959
16325;16907;18126
-15812;-5036;14542
6865;-15652;16742;-14032;12383
-2212
-10404
6336;16356
-7619;5428;-3237;-7863;7916;7596
2221
12738;18159
10050;17812;6278;-14841;-8877
-8505;10735
9666;-7060;-13094;-4038
-6353;17747;-982;-18342;11580;14972
-2534;9001;12156
18272;-17331;11042;-5638
7281;-9532
6208;12426
3008;-8406;3479;-14377;698;-7135
-11378;17690;11771;559
14849;-301
9027;9956;16324;-12566
4624;-17907;4888;-10254
6361
-14242;16508
-11460;9164;29
-693;-679;11830
-14556
-8965;9781;-9338;2155
-9384;15932;16205
6370
-2775;5050
-2106;-171
-5617;-5272;2586;-1147;11727
-1014;4758;-1456
-13812;-767
-3561;-15118
12564;14932;6363;-2893
-4899;14418;-7221
13889;2693;7161;-9532;-6622;11101
-2309
-1073;-11057;-16202;-11354;-9967;14575
17974;-11566
-3425;1112
10146;-3628;-4206
14480;-14722;2615;1018;11214
-15833;-2875
-16964;-1494;10710;-13048;-5834;-271
6421
-9283;5001;-14432
13005;16158;10031
17216;-11561;16186;12459;-925;14015
-12071;9735
4064;15395;-15509;38;16312;-9770
2346
-12053;8981;-11563
-10541
-6486;-16348
6274;12809;1850;14654;-5679;17502
15300;-13498;-14298;9308;17836
-13684;-4213;8602;6506;1628;-17584
7281;8598;-5326
1539;-852;15596;10892;-4334
-7985;15588;7366;-8174;11950
16067;10877
-10259;7371;5260
-6469
930;-2677;12665;11934
-18241;-17764;-11829;4136;8552
10390;13608;7052
7654;10135;17359
-6410;9098;-5069
9280;17602;-8409;17404;7470
3713;-10201
10584
4608;-1109;2661;2761;-6528
-8882;-3874;-4997;14876;-3616
177;1363;7397;13947
6166;-10732;-13517;7485
6400;5588;-2954;9756
-13237;-5557
-9330;16028;-190
7679;7023
-8997;-9803
-2612;-11993;17193;-13198
6548;-30
-10897;13320
8576;9811;-2278;2123;-13069;9548
7537;18273;-12600;9182;-18095;14511
-16089;-2720
-17426;-14022;15338;10236;-11518;-1422
-11841;-4275;10709;-1836;4046;767
-14130;-6391;-14986;-2970;11307;-12128
10146;4310;-13004;13278
-9669;-8022;2711;-5323;-9422;-13680
8055;3545;15422
8472;13816;-11647
-15060;-2792;-2460;-6719
-17602;18100;-12729;2173;-12880
4308;-6615;13607;1611;1835
17219;12948;-14925;-8687
14592;-13236;12419;-9001;14266;3900
14785;5634;14002;15430;2104;-8528
12120;-16141;2013;-8991;11310;14447
13443;565;1930;-1179
7106;2499;-2759;10136;-14510
9072;2055;-4555
15824;2066;8102;-18295;-6847;9823
15750;7574;11926
-12565;357;9626;12507;-3344
-7969;7571;-11111;-173;1165;13006
-3361;7187;17781;-3642;-17614;-15135
-6592
5490;13882;16682;11499
18307;-11972;-11014;-6014
2056;-2875;8442;-1021
2034;1063;-3291;10894
3346;11451
-3443;5394;16942
-6609
10706
14803
-10913;-12498;10369;15560
-2519
-12403;7012;-7221;7148;-8734;7582
8880;13699;-18429;-6671
-2056;13864;7099
10721
15218;2373;-11256;1752;4618;-10176
-14582;18199;-14348
4656;-14154;12459;-17788
14113;10378;-17856
-11825;5633;11926;17062;-4524;8846
12753;-13955;14883;9811;5556;-10122
13557;-9947;-5532;-4720
-16273;-18356;-16727;8217;-14939;-14110
16227;9253;951;-16958;-6655;3838
10928;-10723;-15711;8847
-6660
3818;3995;2942
7697;-7220;12216;-10064;16319
16569;14667
-6449;3593;287
-11558;-15082;15498;8653;-4176
-10762
-14861
15280;16976;5157;-16554;17916;671
-1961;16831
3392;7383
4675;18133;5382;1596;110;5455
2920;-335
4466;-13734;11127;-4445
-8978;-106;-13982
-2587
-930;-13948
12339;4138;-17836;-17616
13218;-228;15591;-15577;-15596
-17218;-12067;-14775;13864;-8559;7487
6692
8370;7316;5847;-6648
-12642;2995;-13432
9383;5503
4644;-14056;4730;-2447;4527
-11796;18323;12810;12315;-3805;-669
16161;6356;-16646;8054;13690;7758
10804
-11058;5762;10806;5271;-2857;-1212
15184;-14612;12180;-10136
-1265;-17769;8057;8857;-9915;14652
14905
1973;-11277;2940;-8544
6130;-2083;8327;-2473;-4844;1661
13925;-10102;7383;-11642;-2187
-12356;16456;10810
6722
-4823;-18286
9241;-16125;4252
-6169;3352;-16201
14925
9553;10635;-9213;-8334
5617;-9444;10565
-539;-14396
14005;12854;8999;11850
-17073;-3379;-16372;17384;-11888
-385;6914;341;-9383;-1787;6958
-5713;-14068;17411;-13461;-3878;12951
17843;15380;16138;-1643
-3091;-2405;15656;-284;-8173;-12559
5905;-4115;-1027;-16906;10073;8733
11509;16155;11868
6067;2217;5530;9594;-9134;8879
386;-17300;581;8394;-16508;5389
8374;-18423;15527;1292
-2676
10870
6776
-14973
5152;6867;-14708
10881
4225;5234;17397;-15974
-4529;14195;11763;-8615;-1931
-10886
5152;15637;-10440;7352;-10911
739;6051
8496;-1703
-12561;9860
-6799
16336;968;-10505
-11281;8672;3971;2757;2685
344;16139;-5583
9905;-9732;7831;-8347;11245
10902
10904
-1572;8381
10905
16753;-2148;12537;-5835;-9822;3517
-15205;12489
10483;9687;-9257
11092;17240;-13322
5233;-15405;16990
-3427;703
-8545;-10564
17477;14663;10202;-2750
14913;-17644
-4258;8626;-12823;-2122;-12634
663;1531;16924
-1234;-5599
-11297;5169;5243;-10044
17776;15586;-18291;-15524;-15624;1049
-12609;9868
14752;279
7729;-4983
3873;-13076;-6893;-16478;-15230
6401;11366;-6828
-17928;-3432;13001;-2591
-6855
15701;-4749
4077;4270;6702
-13004;-3421;17164;-15248;11743
18160;-16805;-8217
16723;-1655;-12619;4363;-17805;-16349
-16371;-2504;16012;13821
-13812;-5344
9906;7093;16781;14047
-6913;15254;-11400;9931
-2782
4213;10859
6994;1781;-3976;-3609;1594
15072
7205;-12951;12599;-14891;-2941
15074
12198;-4936;-3768;-6283
5016;-11904
928;-15705;3791
14288;-340;-15495;4762;-3835;-10367
-9252;-9932
4384;-321;-9044;16889;-5595;-17309
-16593;12721;-7306;-8014
-7158;16023;4696;1534
2657;-8595;-311;-13213;4366
-14187;-17295
-14999;14119;-4046;-6080
328;-5401;-14058;7245;4062;10639
-16791;-6506
7728;17412;-16586;6556
1554;-14485;10107
15394;2003;6484;-9035;3803;16943
18068;-2856;12191
11021
-10403;7303;10028
-17122;-11987;5491;1542;-10135;4797
9273;14046
12786;5433;3965;-7055
-4181;3461;18075;14159
6943
10323;17102
10720;8514
-11044;5043;-11513;-10266;-11936
-6949
-14930;6883;5193
7586;-10726;14186
7584;-775;-4136;-17817
15895;-4847
5168;-12875;-11535
-7748;14703
-2145;18358;-1064
-15152
11056
2868
6975
-11080
5746;-16827
5266;-15509;-7690;-17725
17605;1675
-13877;16776
-2901
-2902
-11095
-17156;17753;-13692;-14384
15843;5300;-9351;1290;2108
17344;9890;-124;-7823
11283;16739;11747
-8856;-10872;-7754
8740;13499;17533
-2912
1058;-1445;-3817;-8282;-10747;-16544
-12259;14949;3129;4251;7884;9535
7250;-9284;4948
2242;16404;14742;6391
9921;13397;-8666;12847
7825;2052;-1398;-13705;1198;-2992
-8898;-3526;14347;-4848
7022
1986;5036
1888;8996;15429;17590;-5084;17356
10055;9256
15215
-9761;14021;3269;10837;6568;14859
-11122
-2598;-15910;-7127;-17880;13641;-1728
-16465;13533
6448;10353;13489;-4710;9323;13087
-7033
15312;4130;-17389;-9086
15226
-8834;-11256;764
-12339;5346;12378;9851
-17784;14584;7613;-8270;15006
-15779;-7796;-2217;-6462;622
-13969;-4498;16851;8680
2898;14247;8151;6345
-8805;14871;3608;-6976;12559
-466;2373;-14567;9690
6211;10164;16679;10877
7071
11520;-17425;-5276;13
-6632;17800
-2977
1390;-8464
-16408;-1644;15068
-14629;14134;-17323;6637
-6785;2400;-15203;-5912;664;17743
7463;6330;-10797
-241;11815;6072;-14650
17687;6344;2138;9596
15292
17462;3160;-10287;-7328
-17525;-10568;6301;14687
3184;13141;-2359;-2760
-9921;12936
13312;-10294
-8086;970
594;18068;8122;4911
7284;17957;-5274;505;11228
7125
-7128
5536;-9826;1137;-8071
14723;-1801;-1696
-6905;3869
3650;2210;8756;-7797;14058;-1455
-6081;-10483;-14010;11150
8049;3186
14260;5495;11960
-1473;13873;15380;-13294;9069;-4127
-3050
5648;1987;-3247;-7439
-7148
-11429;4279
6049;-11491;-4712;1386;-14768
-15476;-10747;7499;3374
-9666;12728
17651;-6117;-6551;14761;7177;8910
15351
-7164
-1607;15705;13547
7173
7793;-4358;11933
1075;12884;16806;1164;-8367
-11279
11394;-3814;1654;-3225;-9100
3849;7435
-18275;-5478;-16039;10936;-7008
7269;10104;-15834;5980;16063
-4180;1109;6234;-14011;3645
-12769;-4899;15291;-733
-7209
11304
3114
-8658;12740;-18392;-15385;-12476;2191
-15404
-7938;-15206;-13226;-13466;9855
10481;13683;12552;9080;6696;-4320
241;17905;-5971;14740;8970
-8531;17592;10252;15791;8975
-9250;6905;17754
15410
-769;9990;-12905;6815
3344;15473;700
7236
-17495;10255
11338
-18354;1523;-9599;13647;1439
18117;13529;-4108;16573
-12740;15432;2139;-5053;11567
-11153;14385;-9954;11884;4509;-6511
-8099;17299;10346
5713;10694;11736;-6281;-8715;-1792
4422;15127
8978;998;12040;18013
-609;-15368;-16842;-16747;4988;-3647
-17731;-14111
4519;7820;11310
6426;-9598
-14723;6492;-13215;14542;10079
13156;-9896;16302
17072;-9286;1207;-10216;3882;-9935
-1971;10934;-16375;5880;13660;11532
7277
16226;5348;-13708;6172;17822
-2356;10087;15608;3229;-6992
6065;14356;11525;16303
-13003;15885;-14271
-3793;15182
-9921;-3493;10215
-1109;8410
-15995;-1179;13962
-17031;-17497;-14331;12875
14723;-6294;11335;-5465;4152;1149
-6817;7570;-16709;-2614;-17063;11935
-14565;-7382;-5847
-13458;13435;3246
-4033;-9029;-9337;-413;-17310;-4063
213;18010;-17051;-4397
15512
6417;18021;310;17638;9591;-15984
3636;3687
-15201;6004;8602;-160;8079
8529;-2473;-11114;17883;-1404
10464;6496;-17576;4249;2877;9007
-9363;12105;17274;-14811;-16011;-8813
5506;-5349;13172;6328;3004;-11232
-14818;8677;-1197
7249;261;1227;-11982
-15715;-9109;8565;-17927;1995;-3823
9280;14537;-12379
11439
-6593;6819;-10152;12296;878
3248
7345
15537
-11592;-12236;95
-15542
5254;14630;16142
-325;-2935
-1299;11335;5512
6304;-6805;-10441;-12352;-8640
11455
15551
15563
-13889;-1302;-8790;7301;-7079
3280
-15574
2179;17491
15458;-16500;9272;-4940
16608;15088;-15467;7802;3835
-11483
-17971;16227;5035
6944;-3652
-1953;5246
241;9011;4230;-16860;-1982;16845
7392
5028;3079;-14333;-13312;8047
11492
-15592
-15729;11120;626;10277;7159;14427
3307
6069;5431
10613;-7671;-6681;1561;17774
7362;16427
11699;14231;-11178;5820;-13167
-7407
-2097;785;-6739;-15124;-17004
-16803;-11449;5626;2924
7385;-4062
-12481;13790;6111
7848;3433;4332
14832;16068;16276;7893;-5292;2703
11794;-8151;16075
5588;-17830;18198;-2622
-7079;2718;-448;12239
-16298;8266;8859;6605
-723;-13173;10676;17557;-17676
-18228;5035;14508;-8765
-14258;-14491;-6364;13726;13935
7455
-12003;-4356;-7481
-14578;-15378;-5815;2298;-6752
-6019;12211;5539;-7252;-614;-495
8145;17954;996;17975;1118;10431
-18273;-17746;10133;-9097;7033
17426;-822;3431;8028;3982
-15345;-14867;5058;-14788;9173;-13566
-14310;-9656;15515;-11309
8272;2481;-17667;8482;-17239
15671
15520;4250
15392;17041;14514;1500
1537;-3096;-14121
15680
-3524;-16253
17652;13560;-6922;16026;-16267;-8366
11432;4251
-14626;-5155
-17785;-10650;17354;14478
11607;4078
10576;7588;10549;3356
-11591
-15025;-8948;3687;5705;16445;1534
-15688
2649;-8699;9450
650;-9435;8076;12303
11598
-10437;-9356
-12501;-11901;-15871
-10179;8965;16853;-4031
1633;17266;-1476;-2247;1176;3448
-13191;-2521
-11617
16192;-8695;-16072;-15289;-6636;-1599
-15715
-15716
7525
9908;-13861;12164;15701
-15154;16514;9196;-10190;7165
15726
-2968;-12766
15735
-3450
-16435;-2213;10972;12012;4349;7054
-15741
16645;-10235;-2957
-14643;-9004;3807
4178;-8105;-3630
14418;-8564;6852;11318;-8509;8429
-7686;14886;-9821;-5006;-5759;-6463
-7562
-3589;7977;-923
11857;10212;16085;5303;9163
1605;10057
-2724;-12565;11045;12234;11866
-2658;1636;-9290;18169;3807
-4323;-16169;2409;-14063
15763
15651;-18009;12153;15594;17626;13710
-15769
-68;11743
-18354;16441;-17548;-16798
-16757;15877;13899;6348;4428;-8016
-2375;-5215
7216;-7395;-10501;-13295
-1480;14921;-16190;-766;-16367
10547;10181;-12471;1961;-17819
7602
12390;-17498;8618
-3517
9986;18264;6568;6685;15263
-11848;8329
5284;-11351;14359;7515
7658;-4363;-15008
-4659;12275
-16065;9398;-5051
-6749;-13166
9749;4906;5261
4720;14838;-10456;-10029;16748
-17621;7590;-9888
-14755;-9260
12930;-17078;1095;10748;-64
-841;-12235;4716;-11903;-10256;-13984
3296;11955;8772
11827;10823;13662
10977;13620;1258;5677;686
3546
-18053;14505
15836
-12133;6567;-16733;2365
-14786;-1927;11094;-14316
-13154;10789;-18152;-7611
8075;14701;6111;-752
18151;-15144;8746
-15316;6742;16231
-7411;15068
15852
-4850;-15173;-8120
-14958;3198
10416;144;-5253;14647
-1543;17401
-996;-17241;-16010;-9261;3071
17536;-855;11469
11768
11172;16182;5400;2312;13566
7673
8663;16522;12924;13134;1486
-4349;2764;-10191
-11781
7685
-4426;3131;4860;8237;-7006;15181
-17464;15560;-9882
12576;-11270;-13094
5620;-5352;-14185;10319
3597
-7110;2614;6153;15882;13021;-14672
7414;-4888;1080
-12852;-14517;5578;10732;17436;5422
-17205;-10150;-13383;8456
7553;-5027;-8483;-9924;-14071;-2332
11031;775
20;-4406;-11655;12425
10113;165;7193;-11661;10095
3620
2357;-7591;8856
307;4133;-814
-5521;-10400
14873;13342
-18195;2264
-10275;-1379;1173;14125
17298;6828
4952;-4297;-9947;4190;9582;-16320
14209;5822
-11849
-5681;16419;-7671;16975
7600;9442;7097
5091;-17332;7975;5273;-12864
-7762
6336;-5011;-9088
10849;-11593;4415
-14210;-17189;-13478;-4521;15467;-14798
-12763;-15487
-7074;-1938;-8085;14778;13035;-14399
17586;-7480;9961
-5225;-5769;3305;-12379
-13140;-17641;11082;4046;-12608
-3764;-5835;-2284
-4179;2564;-14169;14476;2606;-9088
-9960;15688;5624;5800;14442;-3324
6953;-3259
-769;16752
-3105;2409;12586
6790;-18074;4988;15228;7055
-7796
-2406;8189;3517;2591
-15169;-16402;16885;6501;11885
-35;17732;-17000;-17499;15371;-6368
104;3598
-17379;3196;-8605;13293;17294
11152;-9746;9157;2647;5322;-10733
-18244;-5941
-5225;-10768
-17;16162;-7895;-447
-14756;-2372;-4133;13455
3136;-12721;-5319;5143;-11979;5742
-8788;-15406
-2930;-11858;1028;5949
15489;6130;1922;2426;-2862;-11199
7777;9473;-15027;-11254;-11069
13222;-16939
3185;-4114;-10612;-4464
16007
11957;13784;15321;-4571
1201;-9715;-9510;-15243;-11423
-16769;-12565;7046;-12301;7868;2508
-5189;-168;-5546;10797;16127
-17;-4145;-9849;-17996;11886
-5032;15674;-8333;-6046
13809;-15667;-12883;-5303;-7864;-16794
8068;-1927;1623;18315;-16542;10590
-1234;13026;9715;1702;-7177
1841;6812;-10974;-1902;12063
16106;8122
14857;2297;-5805;12879
-3025;16532;14822
-7717;3962
7075;-2647;7640;13611;6747
12103;-7083;6927
3756
12048;-6513;3248;10530;10059;-9230
13409;2898;-15240;13848;6684;-13742
-14549;4278;-18088;-12270
3766
-9553;3960;-9836;11661
7664;-7170;-11255;-16573;11037;8429
-14291;-9545;6763;-2462;-17008
-6182;-13446;-16936;-8172
12369;2387;7798;2268;-15088;14527
-2786;3874;-5973;-15798;13877;3021
10226;-7798;12231;4106;11100;6687
16754;-2840;-15848;6844;-12798
-6050;754;-8740;-8150;-6184
-5331;16310;695;1949;9790;-15519
5925;12839;16298;-1853;11551
10082;6006
12226;10425;-10652
-8681;3994;8494
8417;-10484;-8328;-12330;-7309;1646
6290;515;11060;7190;-8954
-16513;-13490;6231;-8719
16107
16736;15757
9138;-12964
-10308;5316;2516;-5447
-1733;6390;-828
-307;-10297;-1419
12836;15577
6283;-16749;-13854
13984;13027;6764;-17647
-7938
-15364;-15012;-14428
-6898;3363;9239;-12408;2859
16464;12899;14410;1038
5621;11302;-10344;6488;-13258;-11853
-17106;6233;5038;9694
17425;-5374
-10813;14685
-16951;-15597
17121;-14499;-5493;-3807;2798
-9297;17279
7985
16177
-15633;427;-13264
-15569;-14617;-2382
4501;10968;8910
9808;5856;7330;1386
-18392;2202
14450;9933
67;-16261
8002
7488;16370;-9972;-17337;-16330;-4608
10267;18220
9560;6639
16200
9232;-3575;2518;16279;-8252
-9956;7161;5002;-9963;16875;11180
-12109
11354;4859
5056;-1633;3458;16967;4637;-8174
12120
12946;-4921
-6197;12808;13147;12843
8026
16224;15243;-14302;15439
-12125
-17311;-3008
-1745;-1524;10341;11640;17994
-16229
-17073;-12485;-13062;-13239;6861
1072;-11028;9141;12248;-8526;9230
-11222;7509;18278;15225;13533;13870
11074;18071;15688;3276;17277
8915;8644;-6295;72;-699;-14588
8224;8018
3954
1425;-5491;-11172;3084
-4884;17973;-9127
-7010;-1050
-6985;17453;5790
-10866;16097;13607;4089;9721
-17739;8142;-10767
-13025;8112;15383;-16281;17983
12176
-12182
-15846;4310;-17434;-4302;-11679
-12481;-10585;-17791
-5425;7570;12147;9654;16910
3425;-8702;1279
12190
17841;-11668;-2168
-15667;15629;-16256
-15251;-1334;-6009;-2186;-15326;-17152
1686;10474;14043;6478
8105
2313;-4670;6366
8106
-7858;146;-5062;8854;-5435;17471
16689;-4551;-8184;-18250;-18400
9473;10934
-12403;-8005
8193;3138;-7733;-4218;12844
4033
12866;14258;5583
7074;2882;-11235;-4089;-2765
3121;919
-6996;16793;-18315;18188;-9663;-16336
5725;3629;15166
-9462;1510;-8378
12233
-8140
10630;199;-6538;11758;4382
13408;9736;16460;13597
14661;17111;5625;2206;1311
14289;8899;997;-12391;-11209;-4636
14288;-14199;12265;-15788;-7805;-13295
12610;-13467;-15488
-10899;-13639
-14267;-14368
12216;4141
-3493;-4566;2552;12620;17437
-15524;-17209;16489;8733;-656
5383;16329;6987;12236
9250;-1656;17304;1722;-5532;11660
-12899;-5259;-8191;5887
-10305;-15825;673;13814;6023;-10747
12017;-6276;17992;17209
-5319;1851;13886;18238
-12275;-8997;-11574;-6841;-8365;11197
-15173;11085
-8243;-11414;7960;6040;-11100;12667
18148;2328
5427;11796;-842
-9021;17742;10463;-8752;14143
