992;6496;12432;7240;5610
-4083;-16
-12917;17132;-14333;10125
-5814;-12470;-18286;5822;4670;-6704
-14801;6001;8065;-16868;-4847;14239
-12309
-18001;-11365;4358;16316;6349;-1776
-8227;17816;9226;10908;13486;1871
-4122
8435;12070
9143;-601;18376;-13866;3359
16413
12317
-10339;-349;-5728
16344;12173;9981;14782
-4129
-13010;-8547;10157;11437
2354;-1523;5273;-6143
-4025;-3899;6221;11229;-13663
-6645;-9785
11200;-10741;11589;-8151;-6216;-1823
16432
14241;2193;18088;1243;5533;-8479
56
8336;-8392;14440;-8649;-17675;11998
12347
14292;-14166;15782;-6796;-1916;13343
-2114;10242;14391;-3369;-12637;-10671
13026;124;-8990
-12913;-6780;4012;15615
5760;-15212;17710
-7649;-9729;6035;-10118;-15246;12063
593;-8050;15442;-14531;-12806;-13485
14435;-6036;-8469
-6314;16697;-12235;-10540;8222
13729;-16453;-6727;7864;-3241;654
-17730;4388;9165
-4099;3257;922
-1745;5621;-10968;12827;-9342;-8766
12377
-2869;15940;11308;8447;-16352
9847;-11497;13867;-813;975
8723;-17253;2773;1676;-10431;-10160
-4391;-18375;10380
-6472;-18203
14897;-11925;5319
6928;-9106;-14309
2386;12339;-10526
12761;11918
15937;-1638;-6103;17559;1163;-2239
-108
13700;-16760;-6762;2009;-7259;6767
-8306
3872;-853;13239;-2156;6492
-5826;3953;12308;11752;2504
-16501
4864;11835;3899
-5139;9475;5397;-13063;3449
-8314
-1233;-13382;-1096;-206;-12574;7886
4220
2738;14438;-10011;13100;-13758;-2287
10913;1503
-4930;4799
14208;-690;-16087;-18042
8324
4293;-8525
1844;-662;-17703
16522
3586;17034
-13495;9257
9094;425;4393;2169;12734
-8357;12758;6439;5159;13559;3354
-7010;9092;3514;-5742
-18197;6420;-11414;-18264;749;7791
-151
-15235;-14131;9298;-1530;4490;571
-17106;-9655;11817;-1595
-8809;-10379;-1453
-12451
-164
-2593;1025;-9365;15188;12125;-16544
-8520;1271;-12985;-7213;3341;-12928
-2612;5173;5805
-6673;17969;10962;-5927;-16153
12467
-15798;3326
13956;-5013;-1209;-8302;17135
9360;2434;-9940;-18423
-12473
-17619;-3109;9016;-12652;-1692;17678
17457;-3219;-16259;15858;10998;-12361
-187
-10870;18343;-3610;-6954;-17375;-12495
8354;14294;-9434;-17504
14625;5538;9026;-2223;14190
-9816;18204
-5698;10834;8745;10892
-10259;15268;4249;5310;10206
2177;-3928;-18237;5101;10591
12566;11673;3498;3484;-6445
15921;8855
-15284;1433;-2736
1122;742;-14234;11822;4847
-12821;-8918;-2297;-11833;11087
-209
-10162;-3554;-2681;2234;8938;-15469
8420;-10886;6779
16603
-4648;-2794;7662
-16323;-283
8414
-9655;15127;-7465;-10123;-396
-12867;-1979;2332
843;-5165
-2020;-14235;-2587;-14157
8870;12008;15946;4366
-1201;401;13076;2777;8252;13790
-10741;-16200;-3643;-10608
-12689;-13045;-1525;-5742
-2197;548;-10875
7714;14038;-8203;11436;-8366
7489;-17446;17031;10185;-12927
-8213;-8554;3052;-11102
17808;-9374
12533
13696;7175;-7944;-11000;-14461
16631
-16899;3762;-7909;-696;-9819;10831
-11394;-52;-14645;-12863;18222
10035;11444;-7525;-13702
-8131;13290;-811
12541
-5795;-13358;-9774
-5282;-3166
12545
262
-6530;-6163;7620;14166;-4727
-4369
11089;4084;6405;-15197;-10752
2787;2070;-14125;-3296
-17475;9016;7007;9919
7536;-17862;14299;4495
4820;1512;14425
4032;-15747;10757;17559;-16880
10178;-5571;12055
-16667
4378
283
11075;1498
-5698;470;-9705;7594;2956
4384
-6754;7764;-268;11836
-16161;15063;5486
16629;8239
129;2150;-6669
16679
-5284;17881
2865;-1798;17643;-6111
-15432;935;-6299
4482;12405;8005
-8512
-4418
-15477;15801
12752;7733;-11967
-15282;15955;-17387
8521
2064;-1734
-1026;-11602
-16727
-12631
-8389;-3496;-16840;7357;-3552
-12967;13310
8537
-351
18034;15029;5645;989;13790;-12176
8543
12648
4272;7346;1030
-12649
-12650
-6818;15205;12456
1794;3993;-1326
17958;-13495
-5794;-10963
-372;17130
-8482;-8755;14621;13039;-10048
13858;15194
-17553;6193;4263;-13128;-9422;-11695
-11141;-12776;3528;9051;11723
-16770
-8044;3550
-14836;-14118;-16503
4388;-4790
-7121;13985;-12103;14552;-718
404
8855;3838
-1652;12692;-13079;-9432;-13517
2181;6424
16376;-9820;-8684;-10576
-12210;-16501;10693;-14022;2363;16973
-18401;-16562;9443;13195;-5900;-2672
16976;-10341;-184;-6424;-12736
-2721;6353;-12755;-3587
8614
-5729;1208
-11937;8290;4390;3385;-8650
7426;17577
428
9361;12374;-15913;-14444
8621
13938;-12900;-6229;-10725;11390
-10369;12913;-10214;-12954;-16672
-6504;-14408
-7273;7705
16849;-8224
-434
8629
-12728
6865;18152
447
-8308;-13989;7188;-6680;10427;-17759
-5267;-6117;-8919;2553;-17646;-6014
-5434;16606;-6624
-4536;4920;-15177;15102;-13056
12210;-9540;12792;3289;17901;4766
-9604;-7446;-2248;3719;-9930;12762
16843
16260;-15885;2684;-3519
-5746;-17251;5779;-13337;1421
6721;-4725;-10651
14978;8873;3946;-17835;-5262;-17455
-8662
12596;15461;11615;-6432
-9460;-10872;-10969;11785;-13725
12354;-2500;-7207;-12442;-3980;14252
17410;-14649;-3244
12832;10101;-14857;15577;-14976
-486
-2531;14402;-11385
-12997;4314
4587
-4590
16914;14068;-15542;-7196;12732
-16931;16583;5049;-17356;1454;-17968
-706;-15699;-1844;-6295;5016;-5546
16881
-1111;9149;4751
9396;-14598;12280;-11385;14572;2526
-6852;-14133
-10170;-11498;7098;5867
13826;-5120
-4977;870;12441;4892;7773
16904
-7089;7171;6470;-792;-6283
-8273;-4540
-6322;-17941;-9033
-16182;-13863;-7416;-2111;10367
8898;-13610;5246
-13523;18158
-113;3411;-10825;1769;-16523;17644
-543
-546
-6211;12729;2219
8739
-4649
10011;6927
-16737;17010;-9047;8217
12052;3685;-6168;-4825;12186;10
3264;11825;7702;-2567;9006
-1317;7028;-15257;14779;17979;-2173
2593;13558;12009;9839;-12864
-10225;5248;7752;14171
14436;-15003
6776;-3005;4991
17072;2806;-10792;15880;15226;9531
6721;-17635;17733;-3626;18217;7836
10576;17938;-10036;-13805
4738;-9005;13039
-12869
12150;-12732
-1801;18107;-5933;-18398;8607
7154;18008
4683
13385;-1244;-7821;-13102
-8782
-4691
-598
-8151;-199;-3656;13111;-10907;-3086
4347;16734
1733;12679;7342;-4767
-265;16780;8668
-4705
2624;5648;744;15597;10749;-6080
-13479;-3517
13777;1476;17534;-3504
5121;-4315;-14700;-8527;11406;-14176
-10309;15108;8108
-9429;-5209;-11069;509
15493;13803
-6452;7077
7040;9361;-12967;1289
14919;-17275;17196;-14110;-5455
10256;16113;13138;-18399
10066;8390;9750;10604;-9503
17188;-12457
2384;15316;1210;6301
16903;5672;9899;-15455
3890;2548;8199;-16524;-11040
12927
-12929
4738
-5083;9821
-18036;-8697;13802
13139;11907;8518;-17416;-17353;18232
12934
8672;16551
11459;5579
17041
-8517;-16719
-16819;-1093;-17881;-5835
-17944;9848;-12794;7933
-3031;-18119
12962
-4774
-11331;-15748;17955;252
-2884;-3081;-15677;-15902
-3655;-12408;-7801;3756;-17439
2724;17510;-2375;18184;-13756;-13407
-12977
-12978
12981
10081;15190
-17080
7921;8132;13670;-8543
657;-1358
10496;4737;6490;-12830
5697;-15525;3380;-10235;1835;10046
-8297;-603
-5079;-18297;-1915;-4091
-12177;16336;-14500;9630
-15380;11257;18089;11323
10995;16507;-6524;4316
-17106
8913
-3064;14855;-7113;-3950
-12947;-900;9177;-11244;-17583
-981;-16133
-1509;10431
4828
-5105;14437;-12074;8601;8874;-9904
-16882;1091;4023;12969;3628
-4049;-2273;-9204;14789
13025
-739
2364;-3103
-18193;16944;8321;-9289;11148
10002;2649;4475
-4841
14865;10195;17302;-9370;15405;5597
13573;-4633
17811;-17767;-8156;3259
-8950
-6593;115;-7576;-12442;18218;13133
759
-10389;17318;-11786
-15765;-12266;-9595
-14897;-16017;14916;-9847;-7689
13297;6453;14475;7500
2582;5095;-1146;2428
12160;-13187;15700;-14359;2934;17999
-8212;10852;-11949;8540
-13062
773
-12403;14274;87;-5098;12107
-3490;770;3799;2631;-9340;-3343
578;16277;13547;1051;2876;-13069
787
-8321;3729;6436;-5912;-9227;12507
7237;-12121
7299;-6053;-10599;8559
5856;-1319;-17769;-5294;-5599;-13536
-798
13112;7690;12763
-4315;-15227;-17532;-2669;14366
-18177;13280
12024;11549;-10495;14
16001;9385
14112;5669;-3434;-3247
-13027;306;212;15941;-8839;-15887
-18317;6620;-5503
-1961;15066
7140;-12055
-12602;-13935;-11152
-1730;-8851;5210;-3646
-14049;1825;7303
-15986;-7922;6534;-647;4041;9053
432;-5494;11803;12875;-4093;1694
-13123
3202;8885;15177;-13421;7471
-13300;13899;8428
-17225
64;-2770;-3042;-15575
-2374;-9942;7373
4946
11623;-5832;9704;10108;-8367
3942;11912;16553;13502
-4597;-17608;18263;-5116
-4218;13275
-7126;16184
14666;2588
-8148;17210
-13138;10215;-18431
-12101;7686;-12844
8304;1057;-10236
1104;11642;-7776
-2098;-6970
9009;-9749;-13690;-8586;5756
-5990;4936;-12111
-10033;-7473;8400;-13267;-1190;6301
12832;4431
-16643;5323;16748;15054;-15504
8752;16209;7765;4581;8631
-10897;13201;-15496;-5692;-14768
8624;-4888;7018;-11485;17998
9077
4982
-15464;-3512;9322;575
13217;-5235;-14548;8505;-2827
-16290;16898;3896;-14623;11983;7215
-4801;15873;18226;263
-6217;14938;-14795;-7104
-8707;-13171;12198;588
4996
15664;9628;15454;-800;14207
-13194
906
4209;15266;14199
16982;6441;-9884;-16172;1723
9101
-15734;10534;-6760;3463;17608
17013;6181;5717;8314;3454;-15183
-5018
-8562;-1017;4559
3508;-3141;4654
8097;11619;-8933;17190;-6394;-16555
13124;-7685;-15622;-15322
2657;-17092;-4822;-6250
9122
9123
-13222
-6706;11591;-5016;13355
-2931;8150;-4282
-10612;-10216;-12880
-6473;3689;-2846;1021;-16815
5042
9955;15191;377
5313;-17268;-6118;-3358
5831;-13069;-4847;2942
-12913;-12741;12410
-16248;-9114;-8363
-15738;14779
887;1799;9975;12873
7559;984;17002
-8658;-5142;-12600;-12584;5959;-8906
-7265;8576;15906;-15332;13144;6425
-13170;-12980;-17177;1391
16338;17406
16992;-12325;8533;-1898;-18251;-6317
12407;862
16486;-14987;11005;-7424
2819;8725;3065;-6619;-12495;-12864
-12129;-7362;18341;-16953;4826
-5086
-12813;7726
-11811;-12356;17559;3993;11801
1745;9397;7643;-13694
11312;-2289;15842;3062;-4425;-2026
12102;-5851;7947;-911
-17106;3444;-2346;-17760
17505;-12361;14554;9978
1004
-10136;-9897;13531;-3148;14750
214;4263;-13675
16817;11670;17575
-11377;9633;-965;2920;-4556;5358
13448;9822;6415
15665;12273;9779;12388;-2103;-6027
8642;-2899;4355;-15896;-426;-11178
10688;5872;3588;-10150;11834;-8527
16595;-3287
9217
6724;-15948
1089;-11523;-14907;-271
9229
-6611;-18420;15801
7985;15938;5396;-3670;1063;-9291
-13327
-9363;660;9742
-7914;-13612
-14674;-16806;-8445;10205
1121;-1683;8333;17853
-8274;-9093;-10761;-2427;-12480;-3072
-9245
-17441
15319;1640;-7690;4078
-7753;-9692
-13354
-1069
1020;-16654;-13614;-495
15840;5711
-785;17105;9327
1071
-17969;-14005;-9066;3103
-9969;-8085;13620;-16360;14746;878
-13396;-12824;-2680;11438
-10730;10282;17866;4525;-8575
16960;-7429;-14360;-16864;127
-3782;10952;16477;6637;-16911
5183
-2354;-15035;16299
7617;9355;-10332;-1454
-406;-14523;5643
-3334;18012;-13584
-3700;17060;-12266
-4786;-7351;-13535
-5410;14699
-6754;-10650;6970;-5982;-13360
2645;-16040
-10322;-13229;2765;12078;7598
8577;2243;-13149;11630
-13401
9619;7877
4101;13845;-9578;9131
16147;-26;12441;10746;-9520
-8564;13988;16172
-5217
17506
16786;-7187;4387;18005;1900
-18113;-5074;-3090;8767
15417;-14284
5230
-935;15654;3878;-12601;-16108;-15599
15555;13894;12665;-4112
-10324;5075;630;-3198;-303;9262
9265;13095;5514;-15052;-18062
-17061;-15142;-13999
-225;3011;-4484;15133
-5245
4324;4244;-16006;103;2090
-18181;9928;10141;11599;8143
5247
-11012;14611;9700;-14010;-7308;-9517
-12785;11376;9572;-15834;-1679
9352
-8019;2630;6557
1168
10656;4017;2180;12991
4452;-5401;6217
3801;-6044;10300;-17424
-2961;9669;10681;16556
-3009;8338;-5940;9983
-16721;-16727;-11050;-5837
17567
3413;-8679;-1304;90;-9724;17390
5440;-16453;10169;-10396;-9533;-9087
-8466;838;-5770;7389;5566;5726
5217;16451
-5938;7394;2902;17311
-10129;-1684;-6905;1914;-780
6343;3050
-17590
11907;13911;15975;-15020;-17375
-15605;11477;-16759;9238;-17822;-4511
16258;14146;11771
-16611;-7463;-476;-16941;-8877
16325;-2135;-3145;186;-8172;2253
5712;6434;-11341;414
5259;-12222;1647
-3473;-1524;7989;10136;11066;-2491
-9730;-9395;8916;11432
3392;3554;-2900;-7429;2159
2019;-278;-7067
8738;4558;8414
-17043;-1687;-7674;-8619;13310
-15746;-1872
16848;-5573;-5942
11911;-12488;217;-13167
-13528
-17078;-1113;-16684;-3230
13050;9342;-4768
3041;-17237;11082;-3421;5293
-1186;-17236;15460;5896;-1644;-48
1904;-7873;13570;16534;-1034;-9565
-2148;-196;11844;2792;16844;-15600
5346
-11441;15753;3930;-8556;13854
-371;2189;-15359
-14097;-3543
3360;2097;-13190;9497;-14284;11260
-3461;-6791;-5257;8777;16282;-4192
-13553
8556;-9822
5363
-12758;-4895
3625;-17183
7428;1000;16493;925
-1274
-9333;596;-2502;18074;-8110
-1659;141;-7951
5376
-9298;13730;14679;13372;9757
-11618;1890;-8948;9017;-3918
-7268;-10407
-17971;-16089
17234;-5414;-7079;8055;10425;-9642
-5457;17127;-6249;13016;3336
1200;-6227;5880;8202;-11357;-3088
15569;-14230;-8940;-9069;7183
6976;-4657;9762;-4901;-7848;14251
8017;7734;1929
18340;18057;-14619
-2386;7781
-13593
12802;6114;-3061;-2262
-13594
-14817;-1271;16087;17375;8511
-12790;-17192
7252;9735;-15678
-5406
18165;-471
-17696
17700
-9127;-13549;9071
1317
13284;8521
15554;-1238;8264;-6397;5630
6368;7889;15750
-15186;-8216;14826;10139;7966
-481;-13145
-801;-13816;-10938;12297;3724
16112;-6120;-7929;842;-3979;-8462
9205;12967;7848;13933;-1648
-4163;-14538;1260;17359;-9456
16242;967;-7948;-749;-3070
-8675;-15123;2786;-3708;8459;6719
14098;-3289;17994;-156;17759
6156;-1950;13837;11982
8979;6307;-12634;-14141;8653;12382
13061;8773
-15761;-2391;11846;-7341
17413;331
-16435;-5987;7960;16664;-3566
-13657
5465
-9563
1760;-16858;5532
18290;5539;2069;-8139
-17760
2455;11209
6358;14855;1834;12780;10605
-5666;12803;-6677;15189;16014;-1615
17762
6042;-15615
13952;641;4113;3606;-8638
4849;-7255;-11275
-16513;14609;-18339;-8296;5852;9004
-8481;15334;-8634;-16000
560;16098;-11014;16233
15521;-2632;554;-12046
10947;7973;-16617;14730;13037
10806;-748;-11756;13037;-11743;1807
6486;-6424;-7130;-10831;4207
18391;16250;4332;7487
-1080;2487
1410
2290;-14501;16424;-17915
-2951;-6655
-14625;-2422;14085;-15243;6955;-14748
-2889;13370;3230
10497;-882
9298;-12632;-2187
-13715
-2891;4317
3236;2325;-6990
-755;8820;12327;11179;-5565
-3158;2439;-4009;-11934;11134
-1433
15697;-12978;14019;-15492;-10748;-12415
4915;11626;-15103
-17094;8457;10077
-12515;5618;-14395;458;-17836;16749
5617;-15267;-8176
2432;13616;-13441;-5481;8620;-4303
14841;2987
-642;14374
6182;18334;-10783
-3160;16893
-10450;-17096;12905;-17594;-14731;-15920
11539;-12985
15764;-16247;1930
-5973;5338;-17198
-8183;-7693;8540;6893;6190;-15392
9732;-5365;-18112
-5555
-8116;11012;5113;5737
13573;-9448;5402;4219
-12561;17699;10149;10749
13749
13753
-17521;10193;1218;8393;1481;-17518
13750;-8187
-15524;-10998;-5191;8568;1196
13757
-17367;-11065;-16415;10607
-2170;-7005;3676;11516;3647
9026;-16693;-14918;17015
1475
-6914;14009;13834;-7740;-5773;14540
17984;8738;-17672;-10528
-4897;-6260;309;14809;5708
-6721;-4641;16849;16612;-14570;-13104
-14053;-16102
16021;10233;2650;-11038
-13627;12143
13773
-4563;-10873;-16826;-5706;-382
-13761;-883;-12985;6443;3115;-3901
13748;38;2166;1511;7787;-3278
8631;-10125
7985;9140;5670;6390;-14394;-13296
-5593
-3299;-12230;9238;-16570;6858;-5982
-1156;15254;-12592
3321;-17117
6498;-2997;-8101;-1006
-5717;805;-18183;9975;12631;-13309
-5859;-436;17027;3066
4087;-8426;14047
9314;-24;-8217;-15551;4767
1518
-17904
-17574;10311;1646
14807;-9883;-4831;-16687;-223;-17472
-11249;13076;15541;5258;11663
-1858;-17954;-14479
146;10948;16550;16777;17663;-3216
17351;-10648;-1256;-3920
16816;-3137;7473;3954;-17560;6270
9722
-10099;-16011
14690;-13157
-15814;-10297
-13595;17484;15583;-17936
-339;-18378;8986
-3515;17342
-16209;-9908
-11993;-11209;1181
17073;5158;4185;-8492
-14113;6229;15223;17134;-10640
17929
-4337;8790;9387
4897;14101;-7271;-6567;-6718
5655
8134;3272;10635
-5659
-1763;-2423;9005;-6383
1859;4314;-2030;1517
-1105;8643;8925;9677
192;-6337;14657;10434;2453;-7546
-1619;9909;4697;-7326
4595;18261;7382
11702;9366;3608;-2624
-16871;-5625;11768;-3117;4079
-13938;2210;8170;9229
-4612;-9288;-3626;17051;-13391
-10389;-3477
-5676
-3363;15906;8834;-17443;9934
7943;-8298;-11932;7565;6303
-7002;5418
-9783
5587;12388
14753;-4965;16138;-12046
7137;-1875;430
16035;-8760;-12938;16345;-894
-14492;972;11070;16335
-1683;-10853;-9222;2822;-3834;17070
6083;-4477
13638;-1739;14285
849;-8808;11612;-5262
-15873;-5050;-4863;3695
15026;10682;-7712
16500;580;2263;-10013;10157;6701
-14595;474;14620;-6208
5714
10788;-14971;-17917
9506;3334;13357
-7489;-8549;-8023;-6233
18006
-9816
5720
18009
-83;8312;490;-14443
-13076;13635;-10379
-18082;16443
-15329;12753;-3780;2965;-10544
-7777;-12883;6722
-13618;9367;-6490;-10543;-2592;-2352
-13942
15139;-1195
15410;-282;-9597;223
8471;-2716
-17691;7836
6160;16421;15653;6876;5548;16543
5474;12740;9295;-17648
-14849;10484;-5669;12519;-9802;1547
10135;-3836;10030;-14655
-17281;-16118;-3912;6958
4450;-2595;12084;-10360;-1483;-411
563;-11573;12696
-213;-13590;5125;-6999;585;1116
1689
17699;-16006
-14318;8527
15121;-6387;17541
12179;2982;2923
-3649;-14962;-14915;10579;8956
-152;-2142;7309;-14912
11575;-7083;-2783
9906
-16580;2219;-11933
14006
9665;6010;10620
-1722
-18108
2738;1539;-9365;15005
10145;-16455;-5690;-13837;15070;846
-9924
-13651;5244;-11821;-5358;7470
8521;3946;-14845;-7549
-8602;16906;-828;-9213
-7665;-6363
15616;-467;11988;-14886;5159;717
17616;13125;-7798;-17103
1237;-11175
-5842
16883;16500;-2726;-8442;-14190;-13870
1380;-6041;-7868;10780
9603;1764;4983;-10504
-1953;10466;12069;1398;8331;-12174
354;-17720;-4873
-16344;14584
14162;-484;6900;-8447;15422;-13504
3989;12407;3035;3852;7151
-6743;-10873;13580;-18207
-2466;12306;-12533;14869;-16761;-9466
4920;7000;-9114;7150
3569;-11740;-4428;-3277;17644
4249;9807
7200;-7573;3413;13384;-14655
15280;-11716;10123;-3724
9965
-15761;-1419;15403
-15106;-406;-6746
-15364;-11749;14918;5944;4473
-9971
16432;6500;17366;-1241;-4509
-5153;-819;6794;-2604
-4853;10951;-10476;-17886
18167
7192;-1070;12046
-9539;-94;9918;17919;16351
-6563;16543
-7109;-6972
-3576;-14605
3976;10108
2;11202;16200;11194;4158
-8161;-2194;-15252;-4958;95
-4710;8519;-13641;6875;-12156;16911
4676;9413
3553;227;-4953;-4762;-1822;-10432
-1823
9329;16571;-6444;6942
-17011;17122;12498;14986;-13484
-8993;1441;9252;4373;11801;16717
-15860;9939
11987;-8199;-16359;-14728;4171;-15565
1831
-1687;12230;-2058;-10317
-13121;-15285;17524;-15527
12690;-3496;-16457;-9772;-13471
11170;12867;6743;12015
-10030
-15425;4502;-16058;-18333;-11982;10398
-6691;-6295;-16651;-6045;17452
11697;13239;17882;-10620;-2206;8717
-8819;7206;1592;13803;-15631
1601;13800;-5360
-9044;6499;-14022;4554;-10509;12476
-1855
11312;-4051;13592;12107;9855
14341;4055;-8348
17286;14760;-13838;-16352
-14157
14279;3610;8556
10320;-4884;2341;14953;-16763
18;12214;2249;8860;-5085
13639;12891;2220;-7166;-12495;975
-15509;-16421;11749;9893;4317
10545;-7508;6164;-7326
-7875;5996
3697;-14745;9165
-38;18309
12737;-5234;739;4072;-18299
5441;-13715;-15305;11690;1805
-998;-13334;-3946
8977;9849;17692;6335
15714;-9722
16513;-7941;6933;-5415
17683;-14040;-10698;11274;13419;17036
-18295
-4994;-13379;10883;-18214;15596
-18303
4163;-15748;15972;-17496;-347;-4847
1537;-7556
-16985;-13068;6636;-4669;-10703
14212
-7201;12769;-11916;-9484;-14766
8336;6643;5031;6492
10118
15523;-13390;-207
-9431;11513;-6779;-5422
-1027;-9094
-4211;18147;14484;-13192;505;-13805
2117;-11878;-5239;16809;-16030
10281;9339;2796
17473;-10061;10909
9041;-7103
-14086;4234;14074;46;-6208
-5608;7551
10049;15924;-3550
6482;4779;700;-6621;17087
17589;-7663;12238;-13040;-11072
-9302;-17223
17232;10517;825;2588;-8733
-163;-14076
15217;-4068;3093
-10538;-15996
18056;-16044;4044
-7092;8312;8938
17093;17642
-10160
14561;-12022;-4519
14267
9747;3270;455;12297;-4046;-3358
6691;1094;-12235;8315;-18140
2707;6900;-1286;-4778;6639
4641;-4085;9818;-6876;14879
8702;-14799
-14289
-1286;-1174;-2764;636;5567;9215
-10202
14298
-6836;-7464
-4325;14053;4343;-8699;-18412;11023
10848;4736;-10084;8805
9680;-17735;18268
4240;8916;-8782;-10494
-545;-9865;856;16841;-1164
5339;-4364;-13613;-12573;14989
-1622;10166;12182;8829;13439
3949;-14176
-4113;3613;-13824
14208;678;-4840;1370;2910
-12917;-791;-10075;5359
-2499;-11829
-481;299;14509
-3633;11970;2837;-3175;-5959
6768;8306;-9140;-14632;2555
-18178;16130
-2049
8521;5819
-4004;7411;2741
2272;-4165;134;-12585
4866;-2811
8736;-105;-10688
-9818;-4528
6156
6158
-3585;17936
2679;-14138;-2909;1485;-13758
-12498;-14548;-1492;-15047;-9802;10362
-5201;-11878;13690;1324
-9490;3762;15877;-6008;-18333;8029
2277;13253;-9639;16655
12736;5718
-12889;-14777;17432;-16414
13265;3337;14141
-181;-16005;-1719;-13932;-7101
-15057;-4068;-9306;8777;1196
-6233;8316
-9317;-7221;14725;4501;8934;-13712
14378
-2322;1970;16916;-2438;-16217
13072;1813;-10103;-6890
18198;4390
6205
-14024;14695;16460;-2206;-4624
13025;6211;-2921;-6380;12940;-12574
5714;8122;-3532
-3379;8676;-9285;-6318
-16225;3539;-1717
-4855;-16734;-5104
-4999;2838;14311;6350
-10316
-14412
9954;-3732
-9490;-4925
-577;2306;-8236;8076;4655
13536;2752;14357;16935;-5770;9470
-2132
-11745;15170;904;-666;-11756;-6333
10560;-17796;-7194
6239
5681;559
10050;-2611;10327;763
-66;-17426;12453;489;2397
12513;-1349;-3176;-10270;-16255
18151;-15997
-10349
-5410;7573;13557;-5372
4816;2247;-9416;-1096;-12841;-10444
2160
6545;-4382
7060;-11869;15167
14456
-10364
1476;-16086;5065;12602;11402
-7798;-5160;4455;-18203;-46
13618;5622;-4776
15233;-8958
6278
3121;16678;5883;-14829;540;-13583
-7780;-6700
-14034;-356;-7415;-8872;-13839;-15024
10871;-13070
-2758;-1047;11597;2605
2293;970;-13661
-1204;-17446;4155
-6374;10614;504;-11049
-6226;-13396;-15355
-513;2722
7766;-14075
-4146;8580;-1496;-17439
14502
12689;12212;11237;-17853;16413;16669
-13634;-16867;2429;1278
-6609;1779;-13430;-1594;17630
16544;-16627;-12678;-5818;-14458;6233
6660;5575;-3080;12092;1693;7966
-13250;6919
-1074;-17208;11788;4255
-4177;-709;-17257;9082;-11709;-2046
-11618;631;13304;-3067;8270;-13856
14528
3671;2669
-12275;-14196;-8446;-10847;2558
-14451;16347;6972;-6623
2131;-8475
-4803;-12758;1254;4205;1662
5537;9474;-17812;5049
7304;-18107;-17213;14796;4062;11406
18185;-12814;17358
-13121;6995;17895;13001;15755;2685
-16748;3260;9564;9567;4799
16964;-6134;7078;17111
-10447
-6808;2170;10988
-10209;-4338
17559;9276
1056;-122;-7291
-2266
10354;8296
6209;3108;9335
8617;-15931;13679
2281;-16555;17243;8572;1277;-15088
-10464
10465
2481;-16868;-405;229
-11009;-15377;9154;-17813
10272;-12523;4541
-2931;11491;-16517;17415;-5528;-14413
2297
-10241;10273;-16852;-10636;-11708
-9187;-5402
72;16555;6156
-17877;2855;18427;-15326;-10864
-15906;-10404;11715
-16646;12933;-9080;12702;6495
-787;-51;-13544;-12506
-17092;7571;13462;-6505;-4253;-7791
17569;-547;-6510
12176;-337;-5019;-13948;16667;974
-3539;-4868;-7574;9560
-8529;14282;8859
-9618;-903
-15443;-12869;9364;14647;-10316
10521
1584;12499;7267;5557
9171;-14165;7492;-1605;3605;-6831
-5158;-8922;7818;15707;795;16669
4787;11941;-10298
5476;5053
5361;4617;-17389;-11311
-9254;-2106;1003;-12462
-17012;9012;7564;-1903
10576;5301;17301;-6568;4759;16027
8128;10837;-13847;17930;-10752;2335
-9592;56;-13291
-5123;2936;-17133;5341;7838;-303
-449;16194;-3732;-15607;5258;17067
13536;16897;4370;-17944;-10413
-10751;11454;13935
-13943;3399
-11526;-15846;5655;-17502
-17283;-8487;-2087;10253;-9328
-2359
14516;16517
9243;-6880
-1635;2391;5705
-12850;1588;-14710;1594;7805;10109
10866;-16851;17364;-17846
4016;-13242;15695
-15173;13645;-3087;-14144
12213;-1638
-1172;-10454;14647;-12969;9820;-10448
-1667;-11029;17782;7990;13883
-6484
-18417;12265;-12621
12779;14300;-10669;14653
-1490;-9097
6528;-5081;-13915;16762;10396
-2403
-14696
-14698
8993;-15504
-10103;-511
-14177;-11414;13067;10092
-8834;-5794;16200;17244
16083;-15067;1419
-18065;15379;-825;14111;8223
14729
15603;-2550;2039;-18025;490
11587;492;17628;-2096;15791
-16145;-549;11976;15821;-14878;-2768
3232;7406
14735
-14258;1761;11785;14809;-11648
14869;-13656;5035;-3790
-6453;-105
14803;-8239
-3923;3547;6942
14003;2164;-5501
17977;-7311
-3715;11796;13349;7544;17560;-7196
-8359;-5175;122;-13644
12371;-4276;-8756;3143
-14193;-17698;7158;17702;-9753;14300
6208;17250;8467;9483;-2429;-16016
-9286;-6669;1182
-16322;5644
14778
6721;17828;12005;-13584
-5750;3254
17763;-828;14235
14790
-7026;-4930;-12036;9591;11896
-6606
-14798
11761;-14271
5200;1417
-10261;9479;-15901;-10416
-1057;11771
9713;-5572;8148;12728;-10206
2098;16809
15508;3405
9712;6197;2869;1477;-16008;6476
7121;6609;15425;-1923;16259
-15665;-3125;16132;17477
9809;3285;693;9883;13709;-14366
-13652;-13461
-15160;829;-495
15872;5489;-7768;-17805;6750
16652;-5918
16498;4211;2318
18368;13922;13061;14542
2208;6114;-14968
-14839
17409;-14744;14074;-14187
-3733;7769;9420;8236;17727
15221;-8263;-4400
-8165;16297;6201;-16895
3729;-17267;-4807;-602
-3745;1946;11483;5166
3344;10355;-7036
12356;14810;714;-735
2569
1717;-11591;16087;-5419;8956;-16416
18216;17560;-13289;-9738;5242;-3133
-17973;-5417;12617
-10923;-8043
10464;-17011;17322
6930;14520;13263;17023
6681
-14280;3502
5776;-7371;-13280
-14878
14880
-14580;-10138;13931
-13365;-1575;-7639;-650;16537
-1204;-8772;-218;3499
6003;-9252;-17286;8029;-1951;3663
-6979;-3817
-10799
-15861;3589;-11560;10408;12168;-1356
-7891;3398;1879
1461;-8174
-1253;-3110;-13595;11245
-3351;-11560
-17409;-13380;-5605;-3740;-11644
6002;-11816;16633
10822
-16884;-6472;-4092;-9567;17999
17283;-2645;-6837;-7272;-7259
-15841;17296;-6931;15111;3499;-15773
7779;-18405;-2454;-11542;6390;3303
-17219;-14007;16297
3301;16597;11675;3836
4839;1899
17234;-7451;5150
4257;1590;13182
-2648
-12395;-2542
-5286;1094;-9917;-9021
3902;11039
7988;-7462;-12937;-15033;-16170
10101;17129
-6712;9208;-17439
-4945;12696;15387
13202;-16811;-7244
-2995;-12067;8895;-8784
16105;7039
1238;14022;-13847;-15438;-655;12015
15248;16092
10945;-17043;-12821;-13144;-11567
-16791;-6360
14958
1542;13421
16962;18004;13303;-15419;-16558;-9520
-6776
2680
7425;-14375;-8633;6728;11535
9553;-7509;-7080;2350
-10494;3711
-15192;-3513;-1531;12778;671
5349;15063;-17720
-14982
5249;1252;3928;8649
2695
2163;-13052
8353;-9332;16955;-990
-4789;11583
8996;6821;-829
5937;-2294;9174;2174
-13012;-12006;-18247;-16749;8156
-6004;3910;2731;6795;14668;17471
8610;1048;-105;-12267
-10228;5525;18310;-8809;6110
10908
-6814
-993;3555;3510;-16984
4096;14128;-2306;3186
-15011
7113;-12459;9020;-10495
8914;8518;-14380;11967
-18057;15321
8977;675;8884;3338;-6848
-1073;15697;-7017;-14443
-3554;814
5491;13639
18130;1750;4457;7099;8574;-8591
-1091;-12984;-11071;18302
1537;4098;-7912;6939;699;1484
4817;11944;16360;-13916;13260;15342
16416;2724
-7397;5222;-8775
11717;-16280;1804
11401;15935
2760
-755;-2011
-9298;13046;-17095;-5806
-7777;7922;2005;-6186;10906
-1332;8376;-170
-14916;12135
9411;-3031;-10375;5001;18158
-2786
-15963;-2701;-6989;-18094
2787
7988;10053;-12519;-7341;-974
15169;-1939;6659;-5653;17415;-16571
17440;14914;-16584;17067;4045;6878
-177;-15685;-14951;10856;-15613
-17558;-14058;8333
-15409;-3461;-12605
-14967;17770
15091
6903
18053;-137;6089;-8910
11004
-6738;948;13780;-9001;-3562;7386
6909
18405;-7399
-11009
11010
2832
4336;-18082;-10788;12019;-6703
16102;-10391;6713;-16958;17967;1695
-10202;-4928
-6131;5141;-15451;9502
-1189;-18039
245;3033;15134;-15567
-15412;17367;13289;-1950;5935
10900;4061;175
9744;1303
6291;-13734;-7447;15879;-3177;17342
5090;16692;698;-11421
9802;13467;17998;-9728
10627;-2185;1786;-7359
-5127;-18224
15409;3269;554;-16524;-9679
-1364;-218;-14624;5231;13855
9554;2341;15561
17040;6709;14554;-1230;-9616
6979
9624;-12509
-13609;6619
9700;18085;-16695
-11025;-4162
7728;-10552;903;4010;-9085
2899
3442;6675;10759;-4490;-15212;-12269
-4577;3814;-10335
-6450;14917;-17336;-6329
-7008
-12632;-2569
-7011
-13799;-2200;6968;16043
-15078;11929;-17275;-2975
15525;12057;8108
-13911;10986
-4407;7334
2722;-18055;6183;-14267
-5634;14497;6387;16726;7241;8779
-13534;-13983
-15253;-8169
-11074;-6293;13847;-1208;-14601
17520;5905
-3538;12035;-2822;-2730
4995;3324;-1278
-2825;16990;5134;12319
5539;13988;11160;-1627;5579;17467
-2850;11921;7482;-1310
-17843;-6388;-7781;17015;11624;6331
2979;-12342;-8872;3927;6983;14380
4340;-11398
17558;-9624;-12255;1359
1233;-12388
-11158
5200;2228;-4457
8209;7823;11519
-18033;5330;9093;10681
-2498;12835;-6628;1910;13740
-17106;-2255
-8529;-14774;-295;140
8101;-15176
13137;-10159
9124;-8730;-7020;604;-1054
-9908;18212;-2822;-9494;-3568;14655
3145;8026
5009;-11587;8164;17624;4251
7152;3057;-2603;15855
-13524;7403;-959
-15276
-15801;4217;-1594;7435;-17728
-9634;15252;15353;7738;-16414;11182
10437;-11878;-4664;-8046;-9328
-15287
-11137;8135
9137;14345
-16099;-3444;-7977;2926;-15279
192;-3289;15721;-11981;6462
33;6706;8867;1590;8137;-14127
11208
16646;-9532
10032;5617;7143;17098
-14756;17974;-6681;-2218;2654
-9373;16495
2407;-17726
-11009;114;11769;14462;8174
12179;17703;1821
-11826;11633;-8215;8735;-3360
3033
5041;10257;10198;-7226;1148
11811;-8965;-11658;-14715
-17989;8491;-14029
11414;-3527;-8123;-15100
-2964;2585;14956;10589;6029;12814
14246;-11193
-9105;-17476;-9242
11058;16118;-16392;-3628
931;-14745;-4863;15615
567;-8702;11118;79
-9617;-2817;-13234;13819;-11695
-6641;10516;-8662;-14666
2259;809
16390;-1034
-16808;13738
15201;8914;-5220;824;-12553
16420;-4631;-7480;-3738;-11836
-3074
-7978;13818;-5276;7916;-1310
-12642;16853;11045;10679;-2379
-18097;2972;12047
-4594;-7523;-17908;10819;-13055;12799
-2370;13011;11960;11022;8974;-14944
499;5347;18392;-18409;-3260;4605
16066;-2040;11198;2431
-10996;-13572;-13972;10132;-2919;3671
9152;-15570;17690
-11830;14910
-2657;-8440;8014
-4738;5155;10857
-13017;6012;-15071;-13775
11553;50;8602;6493;-3135
12630;2747
6200;16329;-11243
14306;13927;-13820;1019;16335
2656;-16242;9571;-15174;-16679
-9650;14499;-4245;-18423;8797;-6368
7199
-17911;-17966
14864;-14697;-15564
-17203;13716;12805;-15756;11469;-1920
-307;-12522;-11066;301
4593;-19;14926
-15407
11312
880;14531
13606;14093
10905;412
2817;17028;-10890;3850;-12606;-15616
-4482;-2743
16417;-10325;14342;11367
-15286;5671;-14000
-1111;-664;-12713;-73;-9055
15600;-17414;-9515
-2419;7110;-584;-16728;15758
-8761;-10477;-4381
7236
8316;3085;-14543
3123;8214
15433
-11340
657;4438;-249;-12092
-16645;-6990
14759;12973
7922;16898;-5320;-18105;-4554
3162
-17269;-14566
-14498;5825;-11331;-17924;6084
-10497;16730;9229
17264;-8931;1731;13591
-7435;-12125
17572;-18201;11997
5489;-17929;-233;-17933;6941
11956;7615
14656;-17845
-3190
-18274;-4165;-13528
-6421;-232;4424;-10443;-14430;15711
13611;7820;2254
-3748;-7062;-2826;2236
2102;5208
-9822;15949;9375
3494;-10810
-11012;-7237;-422;505;-13728
129;-4293;12260;17063;-13740
-13809;10852;13781;2828;7900;6254
432;-16897;-11985;-978;-9667;-5096
-7332;-2805;-1465;-4797;4973
6711;-10664;719
-1027;-9032;-9817;9035;-590
15457;9395;11095;-3834;-2620;-9870
-7341
-10582;8022;-17070
9554;5460;14169;4475;-17548;-4672
-3248
13764;-4792;-1370;-12347;13868;10510
4709;-15498;11273;-4427;-10924;3422
-7349
-2612;734;-9568
16208;-11268;-918;-10060;2782
10422;16902;-3768;1930;9964;12863
-18433;-17426;-6932;14956
16145;-10611;-5895;-7272;-16108
-17541;1992
7358
10516;10422;8106;6987
-3267
16322;17141;18038;-7767;16877
-11596;14863
-7937;-15811
3080;188
-3271
-15496;8127
-13521;14582;15991;-7835;-9214;-15566
3274
-6418;13338;-3644
-4514;-6914;1202;-13414;-12409
-12306;-2805;16649;-11117;12861
-15572
16278;16489;-4363;11743
15574
13378;10388
-14065;-5154;-8884;1501;11023
16417;6497;17906;7589;15673;12942
-17427;-120;-10329
777;-15277;3006
-17747;11245;11357;16414;-9776
-15731;14067;11716;9639
1344;-3202;-10536;-235;-1355;-13901
14544;-17252;-3241;9258
-13669;-3366;12814;11631
-10709;14026
-12683;-11115
-11511
-5717;12260;13162
-15299;6678;12297;-16908;-10574
-2670;18287
10224;-564;2856;-17562;12475
10708;10950;14328;-7803;7919
14434;-17771
8804;5732;3446;18125
17474;17620;-14166;-15863;-6889;-13805
-4599;12631;-11375
16581;-15148;14844;5517;190;5935
7440
-7511;-16316
11544
177;-2596;-12549;2058;-14555;11821
18292;6680;-6987;14042
15651
-2354;-2822;-4189;5999
-15664
-193;-3187
-13397;71;-682;-5757
-418;-15251
944;10706;9172;8406;2825
-7479
17518;10447
-3393
15072;-3957;5332;-13049
11592
13590;-6088
-2081;1154;3986;-9270;-11709;-14160
-10785;-7094;-14204
-2082;9589
338;6356;14713;2491
-16770;-9971;-9558;-6888;-17577
5348;16567;-18063;15951
-6134;-5083;-4494
-16017;3985;-11299;17619;-347;17675
6583;8493;17022
-8001;2354;-5821;2508;1437
7523
1366;11272;2760;-2538;5882;13358
18049;-18089;11661
16610;-17013;-7750;9016;14858
16355;-16550;-12106;5339;-574
1536;-11972;15043;-12793;3194;1549
5332;3573;15465;-16828
5648;1205;-10301
-14033;-100;11573;-12440;3359
-9825;10257;3019
14043;-6495
10594;15992;-14940
-11301;4709;-2057;-6745;3743
-6387;-16387;1671;-6937
7236;709;-11414
18151;-14683
-15255;-8920;17150;10495
6449;-15045;-12904;122;-9326;2655
-4929;9803;-12445
3475
15767
6756;1993;9629;5581
5856;-7891;-18069;12885;1978;8731
-10642;-12981;-4448
-14097;3719;5753;8121
15699;7898;4476
7744;3613;-14863
3024;10081;10052;11080;-13786;-560
10165;14696;15773;1453;2383
-4551;-4104;5370;29;-12544
947;14853
-18082;-1817
9266;11333;-14330;-18060;79
11713
-10395;-6620;-2896
7568;12344
14166;12774;-2735;5279;6815
5;7623
-1797;6757;-4950;-17527;9887
16672;-9012;5059;-11159;-17384
15954;-17203;-17915;11530
15042;11749;14905;-5388
16820;-9256;11591;-11519
3541
9700;15161;172;7182
-7643
-16674;5665;-3094;-14220;-7740;-8445
11741
3824;-17669;15719;5772
-13185;15061;18059
16805;11322
4408;-12061
-15846
9754;10187
-17927;-18224;-176
-15850
5014;9212;-17792
-3567
15854
-6756;-17942;8710;-16968;10937;-10223
-12482;8935;7119
7668
-1507;5639;-11000;14536
14352;5605
15298;-13640;-2874;11307;8283;-2511
-3579
11365;405
-6562;-11154;-7274;9018;-16283
-7684
5940;1700;2101;13433;-12045;-14720
-1154;15685;-6970;16510
-10645;2956
-9989;15157;-12860
7696
-10891;3659;3627
-15754;910;-13344
14736;-12501;-8135;-14233;4233
-17748;-12477;-14350
-4161;-163;-4760;15865;-11454;8287
-4771;-15092;-15941;3513
12389;12479;-13056
485;-2313;9833;-6509;-17615;-12080
2658;13859;-17129;17336;-8829;-11519
7723
-17170;7747;17228;-15535
6369;629;-4619;4379;7164;-6192
-15928
1409;16229;-3719;11334;-7848;2622
-14770;8056;4970;-14191
-180;2292;1535
-5587;-3275;16636;-11423
5540;4421;9854;16606
-11850
5547;-3724;3566;10559
-14418;-14968;13432;-12285
-7171;-11027;-10042
9232;12690;13604;332;4670
11925;-9655;-11626;-13211;-4094;-9774
-15060;707;7331;3354
-5753;-6541;-7758
4214;1590;10009;9497;6091;17323
8148;2532;13469
-1938;-5752;-105;13581;10173
-9925;3252;937;2063
16582;-17015;-18136;6703
1649;-17653;8084;3109;-6775;-12573
-6289;-9690
-18210;11873;-10371;16628;-3613
-3985;-3684;-4222
-3586;2291;13156;5174;7484;-16720
12688;10178;-13063;-11866;-4749;-17376
9939;3876;-11287;2093;11375
-5258;8970
3411;2873;-7771;5199
-9234;-6760;-16233;15678;4639
-5428;13124;4217
13313;420;-5914
1616;-3587;-7340;5853;15374
-8919;-9959;18135;12075;8779
10873;8489;13039
2884;7350;3514;-5915
-17192;-7131;-13388;-989;-1904
16624;-13107;14165;6636;4574;-576
3912;2106;6221;-8494
-11784;-4253
-5656;-2189
-12314;-11916
-342;-11944;-7850
-10261;-10889;-3083
-17937;10960;-8370;8806;13014;17759
2530;-2644;16163
1794;6867;-7001;8685;-14110
15107;195;-9572;-2059;8285
17248;-12968;-16238
353;-12963;-9639;-12729;13468;13645
5457;6834;12507;15835
-15954;8088
3680;8340;13046;-17899;9050;-159
-18164;14393
-7870
16805;15642
-16065
-3537;1153;11446;15895;15929;12047
-17623;-2679;2519;13999
7881
-12642;996;17717;-745;-10155;-11245
-16074
8273;5266;-8153;-9424;7823
-18179;1172;-12502;3437;5901
5251;-5095;4586;15435
-10919;-17451
-9138;-2850
-9621;14389;-18233;-684;-5837;12092
8497;-603
-8771;14313;-15691;6826;-12767
13841;-5939
17927;5354;7739;-2591;-47
7903
12833;-2363;5626
-16107
15891;-15045;-4668
-13434;1418
-9077;-15230
-10406;16567;776;13276
8243;-6949;-11321;-10190
7044;1765;-6443;-6749;7549;8862
-261;165;-5068;7421;-6096
-16417;16034;2594;-16055;6585;-683
17282;3619;-2478;5902
-12039
12611;-6950;-16518;-15146;-2426
10048;8243;-1781;-12654
-2003;-6279;6327;2760;16045;11583
5635;-1150;7565
-2147;12345;14140
3858
13960;10472;8139;4059
11360;-1362;3478;-14491;8974
-3906;1124;-14054;2582;-3657;5854
-7963
-15555;16775;2216;-3883;8412
-6739;10612
-13171;-1127;-344;683;-6111;-191
-4306;8279;-12349;15167;9375
4545;-7427;706;-5545;1085;2751
12077
-4513;-13334;5145;16091;-11374
-13601;15184;-5603;1635;11305;7261
-7993
15268;-4071;-14986;1452;10335
-11588;12951;14828
374;-185;16009
-4803;-3206
8011
6050;18346
-6821;-1195
2439;1481
-4507;-10715;16059;8686;10782
3889;-9156;14533;17509;10565;-650
13172;-4316;-16781;11853
11330;15252;6024
-6466;4465;4977;5225;17643;14956
2468;-4790;-13912
3947
-13026;5060;8517;4966;-17659
16455;-10344;15241;-14123;-3278
17639;-13609;7418;699
-12150
13815;-12680;-3323;-16299;2239
-16248
-3153;-17192
-17778;4803;7781;-6968
-12577;-17988;-3994;1917
11041;-8924;1853
-1363;-276;-12093;5663
-13397;-12727;12230;5823
-12175
8943;-4960
9440;16835;-1031;-14651;1582
2832;-5809;11889;5156;5772;12815
7824;-728;-3869;-7214
-17155;-4916;-8044;17934
7154;1939;-14190;-7088
13520;13842;-15178
4979;-11686;-18377;16408;12669
11856;6979;-14826
14624;17697;-17058;6306;1476;-6746
-4452;11285;-8982;13974;8570
14768;4161;16065;9350;13258;-336
6514;16340;2745;-8140;15231
12220
5410;-6451;10791;12312;-7375;18014
-15341;-16061;10461;4621
16896;-5261;8781
-11317;1321;-6332
-4002;-3363;13414;-13640;3549
3046;-12249;10472;-12683;7371
-1763;15891;-10420;-12469;5485;-4864
-7987;-12938;-11792
-16333
13591;-11274;-542;2271
17973;2533;-75
16344
-5761;-14643;12248
-16348
-2769;5607;-4217;-11369;4586
4065
6372;3941;-9959;10743;17546
4067
-17110;-16026;8585
-8021;8389;-17176;-2250;-14202;-7676
10754;10866;-9357
8424;10987;9244
-4083
-9201;-10033;-15861;-14710;-2265;-13455
-8659;9668;-7655;5630;8127;-15296
6193;-16980;-13784
4435;-14854;-18250
4094
