-3
-1831;-16251;5786
12800;-2951;1626;6411;13019;1870
-11138;16227;9252;6900;-9593;17033
-15747;-16675;-14984;12152;2475
16403
-12405;-17948;1660
1490;-2101;10934;-702;-16942;7341
-8216
-2018;-15220;9465;-8635
16690;-7875;14615;-2926
8224
17221;-800
4256;-4051;3930
-14226;-14532;-381;4511
-3329;-11859;1486;-2736
15490;-10789;8937;-13582
17156;-7866;13001;5962;476
-8255
16930;2677;-12217;4969
-16689;-17064;-12392;-15371
14307;3668;-3383;18252
12365
-2113;-16771;-18299;8426
11682;7908;-7804;4683
85
-11604;17703;2649;-3275;8570;6525
-12023;11946;-14
13602;10805;-7931
17303;-17400
13719;6602;-1291;1550
-7235;7336
-14289;-1594;-605
-16493
-4100;11588;4391;15834;13358
-7693;15996
-7105;-13669;-3816;12983;2488;17422
4064;-2018;15238;4390;16554;15132
-12405
-16850;-8370;12663;-18074;-2255
6352;-15112;-1098;-15130;-11916;12204
-16007;9786;1999
-6182;1526;4782
4081;-5492;5939;12949;7230
-8324
-16519
10595;-10025;11853
-12786;-2067;16277;10870;17591;7118
5122;17508;6214;-12733;414
4395;-156
3218;3688;-6763
-5249;17244;-6494;-15519;1679
16977;-11619;-2057;9135
10006;10622
4245
16533
-17737;17583
-12444
-10036;-2409
8354
-12453
-3389;-6653;18398
15764;-17445;3957;-10189;8078
-16551
-6946;8949;3980;4028;-16398;14749
689;16439;17241;10860
-17379;-3029;2692;-18173;-13440
3878;-4055
16569
-16571
7891;-2839;-11771;-1662
16450;10365;6141
-12562;12587;-17692;-16349;1055
-194
17429;8071;-2920;-11481;5481
-18086;8857;4202;5229
6161;-2370;14054;-13546
1778;-13019;667;10779
-15959;-919;11608;-13210;15902;2783
-1122;16098;10162;-8088;10154;9870
-15767;-18328;5208
10595;-6217;104;-15340;2445
-4415;94
13094;-10141;7613;5982;1502;-13728
11747;-7868;-7981;-4318
-12658;-15794;6977;15187;11256;-5196
-12529;-2839;-9439
-8424
10308;14150;8542
16622
16114;10212;-9704
16623
7713;-249;-2570;-4653
-17684;11005;6813;8302
-7123;9802;-1182;17870;-15935;5007
-3474;13499;12091;-1389
-13411;-15239;-18345;9724;9228;-4973
12536
9575;11144;16394
-4346
16639
-16920;-8954;-7884;733
16612;-8159
-9410;-7189;-6871;-8263;6894
-1692;-9454;-13694
11825;-13698;-982;5607;-11209
9328;-11314;-17990;-4537;-16715
2866;-15423
12558
-12562
-1716;-14232;-7960;-12201;7162
6819;-2446
-8472
8928;-15530;7371;11325;14015;-13536
5242;-4955
13136;-17745;-10065;-6083;12882;16356
13600;6802;3732;14936;-8459;14734
4393;-4684
-2273;-3939;3715;-15465;-6908
-12561;-12929;-14757;12311;-5131
-8491;6653;-4815;6350
2576;13735;6440;-8908;11038
4745;16123;14044;-5935
-6931;-1027;-14967;6567;-9836;1311
7442;5846;-17992;-11000;12908;7199
-4406
5392;-9428;10277;14550
10464;4738;18266;573;-13248
13720;5273;-17594;16973;-15599;-15376
-4411
-9537;-8418;-10788;-4341
-14945;10215;-11976
10438;6267
3974;16829
-14405;17204;1556;4293;-8975
-16712
-11673;-16061;7564;-15;-623
5761;-13973;15573;-7997;-11982
12001;-11671
14784;1686;-3851
-6056;-10219;-4540
-7123;-13694
-17316;-4617;18088;-8780
12546;-8356;14660;10159
16944;12913;-18419;12521;5052
-7521;6320;4497;9844;-7126;-10456
9154;-4713
8541
-15866;3854;3470
8003;-5866;-14859;-5245;-15152
9088;3025;-15989;12468;-12444;16492
1522;-9031;-1036
13552;16002;-7478;-9548;3485;-16368
13136;2247;6715;-10703;1247
12297;9357;15566
-458;-2078;-18302
-3090;6419;-18421;4027;-1581
4129;8180;13223;14763;5119
3456;13289
17088;-16997;5316;-9867
-4461
-8558
-4464
2401;5126;1464;-8621
4469
17291;11259;-15887
436;11461;-15161;4843;1453;9631
15925;14920;6793;-8589
2115;17414;-12459;-11549
10576;-11669;-13019;-16365;9757;-144
-482;17298;-8789;9818;15308
-4484
9393;2789;-13016;445
9962;-10351
10709;-2231;-8747;-6828;-5581
9777;14228;-1031;5384;11656;1338
-9033;447
2672;16405;313;5150;12847;8063
-7749;1962;763;-15852
-15089;-17847;9277;6878
17268;-8678
-4496
-401
-16593;3376;8720
14768;-11190;9117
-1481;-3567;4638
3425;1756;7325;-12096
-10625;11121;4012
-8609
10131;14102;-9113;-17710;3006
13680;-16050;-11606;-15114
-9873;8181;-4966;9910;8647;-11481
16982;3916
-10360;-15480;-2106;-13434
-9556;941
-6788;15737;-17567
-8619
-7285;15464;14460;-1728
-10725;4362;5931
-17983;17551
5527;-18248
-9955;12469;-11398;-7241;16557
12536;187
-14199;-2623
13380;-9004;-4591;655
-5186;9321;-7932;9357;-1023
-10065;-15256;2520;4683;10317;7358
-16099;1077;15558;-1338;-16028
-10658;-16329;1964
11377;11941;1704
12840;-4201
12736
8857;15500;-11615
2466;1205;8888;12474
-1361;-13890;-10789;-9030;-6349
3552;-2962;2504;-13163;9596
117;-8120;-17961;-9566;-14095
10068;16603;13245;11998;-17055;2479
16212;-7541
314;-8332;-17246;12495
676;3901
-14706;-16074;5081;-11647
12771
-16871
-6689;-18418;403;-11673;6892;8509
-16883
5169;-10580;7098;2012;-3262;8255
-2693;17669;5350;-12028;1837;2654
-4742;17531
-9719;18414
8695
-3222;10938;-17789;-9103;2287
-12795
13831;-9226
14443;-16861;15215
8932;6423;-10072;-13753;15546;9823
5697;-9092;8743;-2764;6124
-15426;-3255;15559;-6698;-2987
3657;8505;-16779
17664;18305;-7147;-16012
13107;-14710;-7511;18394;-10078;-7919
2256;16184;-1243;-14781;-9295;-5936
14066;2324;-8517;-13915;9980;-3408
8064;1474;-13081;-3033;6329;8970
-9777;13669;6773;14295;-3947
-4801;13659;11116;-17629;14797;7967
13203;6838;5782;-13001
-4209;-16789;-15670;-8950;-4070;12287
7139;1592
2700;14223
-2643;-14282
-4580;-1145;16524;-15440
8738
16930
13428;-6838;14652;-6445;-15344
-7458;-17702;8223
16937
-11969;-15715;-12378;-10362;8910
-4651
-10705;6501;-8247;-393
555
-4654
344;-3353;-5742
-2874;15723
-564
4196;6053;2605
6918;5943
4671
-8803;-8967;-4680;9581
-12869
4921;-5503
4678
9683;-423;1239;12856;15070;15407
-13834;-3136
-5105;12153;-6460
4684
13973;-9673;-4892
3921;4862
1281;13553;-12322;-13116;15293
1729;6866;-13926;-7831;8749;5007
-10932;-2342;-11639;3464;-17228;-6976
-8791
-13258;367
4699
-14106;12378;-12956;6014;8814;-4848
-11765;-13422
12899
-11303;-1799;-7991
1652;-16534;-6407;-3273;3468
6115;-15274;9774
11968;15010;-14458;-5051;13631
-2689;-8804;-11403;10718;12799
4500;8412
-10035;8133;10719
-13250;13880
-17618;-17747;-10325
2128;13537;-16302
9104;432;11904;-713;-11214;-14256
739;4004
5632;10282;-3773;-7391
4161;-13014
12949
1584;7153;14722;15026;-14938;18075
-2001;2671
-11397;11253;814
13573;15771
-725;-1176;-8441;-380;1853
-4776
-8755;6162;-8516;8201;-13981;16207
-16457;-14153;-2841
18147;8265;-2971;3355;-15214;13677
15059;16620;1774
-12888;8759;-269;13277
12822;-12667;1531;9643;-2448
17191;266;-4479
10472;-4331;7820;6237;3870;1198
-8740;9432
-8887
18073;12090;-8988
17668;-9245;-13216
-11153;5744;-4839;14390;10187;-9536
16401;-7877;-2445;11006
13318;6486;-6585;14392;7514;10635
-5878;-7116
2610;-407;6348;349
-4806
3440;6832;6562;-17133;-5357;-15536
-4393;9496;12168;-812;6717;-1984
-14580;16840;-15264
-7762;11217;12754;-14796;11372;-13504
7936;2498;-8361;-6891
9751;5975;3706;-10125;-14128
4832;11458;-2537;-14480
12646;-17469
13014
1828;-2557
3152;-9875;14163;9672
3875;-313;1263
-15746;12564;-13932
5653;-6967;-16012;-3886
-15861;15128
-17013;5096;7082
17936;-2442;2958;-9520
-409;41;9850;10044;-17469;2782
-5601;7443;14468;-11065;-13581;13181
-9043;6779;2267;3820;-12766
-15200;-1936
-11603;5176;12921;9465;-778;-15933
-567;-3129;-10092;13035
-16290;12092;-4061;-4783
-3554;-9202;3250;-890;5198;10047
10160;7814;8744;15610;1630;1855
-1602;-11444
4855
16369;4872
17147
4068;1895;-11896;2935;3464;-9423
13058
-15176;-14410;4237
7827;-297;6840;-9499
-16086;16167;-7500;-17997;-6191;6255
6617;10542
-7446;2154;2652;18028;7565;6495
-1443;-14086;-14748;16699;-2941;7549
-8050;-10841;18110
-13072
8976
-8803;-4681;-3115;-9421;-7534
-9345;-10962;16406;12215;9403;15837
-15412;1862;-3624
5008;-16035;11748;-15432;9823
-4117;13102
-16465;-13637;-2677;11080;4521
-15322;5402;8350;2366
-4211;-9030;8347
2384;-1858;-5420
8777;8090;142;-8016
12194;6617;-18010
3945;1197;12046
-3874;-53;-8972;7998
2514;-14484;2972
-9064;14359;-15609;-11003;9437;2878
-3156;-18136
-10068;-16887;15756;14397;-7918;5533
16885;4411
-8151;-15482;-8171;16970;-14656
-12849;2705;-14757;-17270;16776
305;-4163;-11827;3974;2699
-14449;-10806;15926;8506
17351;-144
-1573;15386;-7790;-1102
-372;5294
17214
6771;14540
-14913;-17608;-2282;-11088
5749;-18105;5610;-4475;-14192
15554;13960;4091
9665;-660;2822;-10990
4934
1249;-408
13130
4939
1778;-13317;-6088;10744;-4554;16379
4942
14160;-7496;168;-11082;9194
-8776;-265
-3621;8566
1252;-13382;7183
-852
13140
-10824;15773
13143
15553;-14404;12741;-5801;3225;-16267
1361;-372;-15525;6952;-9657
-17245
7524;9721
-3073;-8483;4259;5830;-3848;-3741
-4994;12132;-16583;-8490;1692;-1005
5490;6532;-16985
-8033;17091
-13585;-15396;-8886;-12153
867
17252
-4555;5423
9060
15936;-7089;-16572;-9117;-8606
2562;-18276;-1755;-6893;-11007;-6464
16976;11201;7736;-10684;220
15216;-8850;5513;-12027;17405
-15106;-5668;-6360;8296;17964
7504;8225;10439;-13775;-11519
-3586;15283;18359;-12798
-5370;4494
-16754;18050;11330;12117;17287;7999
-1684;12633;15852;-10991;17471;8559
6945;-8086;-7302;-17015
-173;17439
12439;9946;-12447;-4960
3810;-7299;-4628;-13247
11794;8567;9196
7831;-1129;220;4127;6223
-14427;-13979;15228
11361;5914
-14243;-17255;-825;-1338
5988;5387;9949;-10432;-1808
-4338;17457;-15014;1785;9195
14070;-7226;-11917;-8112
4976;-18162
898
15025;-9797;12058
-11874;12002;-3143;13178;-11069
-13195
-5185;-8012
-17571;5557;-5280
9105
11512;-17163;-7552
5001;15053;5437
2096;3154;-4011;16062
-14309;-7798;-16823;-2953
6960;14444
17040;-16405;14134;-600;-5052
-15112;-15465;-7582;12655
-6801;15922
929
-17092;16870;-3304;-17566;-2879;14847
-4885;13301;-15863;12475
9506;7718;10855;11033;15069
9074;10675;12068;16260;-406;-9871
16532;5782;-4191;1503;9983
-11987;-3350;11864;-17948
-9133
-4652;2988;6701
3368;14284;15517;542
-968;-4077
9883;8829;15006
1172;12068
-9150
-15450;-4842;-13436
8080;2625;11314;2290;-2869
5059
9942;15597
11586;4344;-16638;-4352
14624;-1370
13259
9920;12467;-6072;-11245
-16226;-13301;9930;2236
7763;-13557;-11385;-8378
3763;-8645;13449;-17744
17297;-6710;14719;8447
-16433;-11105;1797;11830;3974;15019
7500;18062
-13276
9856;-10242;-1924;409;-8671;5487
14406;2966
-15555;-6580;18024;-4172;2254;5039
-17375
-14386;-11916;13020
6209;-2264;-11642;-17596;16107
11289;8972;13500
9187
-11171;15236;-2189;3215
996
502;8687
4129;-6455;-15063
-7201;18155;-9949
5776;16882;6759;15864;13071
3095;-15038;1038;11918
-7141;982;7175
837;-10047
-7962;16265;13195
-9214
-10347;9325
13310
4870;-4171;-9920
14897;-6549;-3014;8602;10925;13038
1036
-9231
11509;4102;2443;15755
12897;-18036
-14664;-6859
8873;9563;14363;-5661;-7054;-14943
441;-17871
17430
-7619;8667
-6795;-16284;17934
-12085;-13545
6947;10494
-14452;7722;15981
-14914;-10741;3958;-16231
-13354
9285;12265
16149;15418;-17692;7677
-5169
1073
1075
-4274;-54;9573;4024
5173
11699;-5461;1814;-5833;-13786;-14092
-5183
9279
952;8332
-9285
1102
7859;-6997;11895;12923
-2773;3878
13330;-7684;11460;-17254;-14638;-2704
1089;-13049;-17818
17208;9401;-1453;12815
17841;-11251;6807
7699;-12905
15139;2356
15312;13922;16324;-13885;6303
13402
9889;-1302;-17146;18028;-4830;-18047
1123
978;-10296
17512
18049;11505;-8775;-17423;5967
-1989;10041;17257;-4619;2221;-1294
-1473;-8472;15181
-1144
-13607;-16217
8051;-15894;7686;14583;1977;5229
15781;17464;18105;10459;-15293;11980
3793;13461;10797;-14798;8382
-6306;1319;2875;3276
-13453
12052;7492;10661;-7575;3160;4046
-17906;-3742
-6273;17828;-18294;-11433;4714
2323;15767;-14415;-17136
5269
3752;8123;-6606
-10504;1727;9951
357;15722;13771
-7270;-14666;17994;668;2094
773;471;-4905;-7402;9883
-17564
-10903;5545;-16908;13916;-17408
17889;17747;-2551;-4695;-12519;1695
-12819;7539
9748;-17528;759;5837
7347;-10726;8583;-13628;-956
-13477
-17576
17576
6161;-8786;-17285;-4393;14314;604
2177;-14463;-1200
16960;-15760
-5299
5303
5873;-6242;-15414;12279;16760;-7952
8134;-15464;6120
16503;2024;10893;8655
3392;-15012;-5494;-9162;-15899
-6274;930;-10741;5962;10204;-1296
-12053;-231;13500
-14497;11393;-18389;-1670;-15688;8959
1220
6179;-15227;-4462
2512;7312;-11442;389
17945;-10730;9966;-7760
-9729;-15138;-16882;9994;5949
-13265;-10245;5895
17124;341;-5575;-218;-12908
13523
15224;-16461
8656;-9826;-2312;-1856
-1476;231
-8129;8564;4905
7260;-1919
-11813;-1721
9204;-8825;-18009
-5585;-11409;-10259;-11542;12969
8098;12228;8025;3515;4875;-15006
11191;8072;9660;9199
9451
-931;6164;-12280;-8201;16507
10208;-11471
-17647
14885;-649;-8876
14320;4273;-981;37
15110;-9851;-16460;9935
-17060;5605;1016;16522;-6428;-925
-3193;-12747;14666
1283
-6642;-10101;-14856;-1625;14143;9599
-11202;16593
-11718;-5963
-13586
-5060;6358
-5399
6816;2667;4110
-18375;12969
5124;8474
11189;-5847;-10957;-16462;8478
-11914;1913;-11791
9872;-12035;-3246
1313
5411
-3228;-11695;16238
13123;-9383;-12327;-15161;6045
-1324
9518
886;-5959;10314;-13228;6654
-5137;-5975;-6808;11607;-15082;11868
-17720
14322;-8886;8598;456;-9050
12129;-15250;-6416
-1191;-5271;7806
17729
981;12472;-1355;-6653
-17121;-514;8092
3460;-6138;1327
5448
17367;-12078;16543
-10484;18163;-5365;14455;9161
4576;2434;3862;-13182;-11054;14719
-15042;-14986
-2643;-1511;12233;17065;-15595
4113;385;7369;-2283;-17006;-14416
3062;-13592;-3119
2880;7728;5701;5533
-16146;10454;-2650;-1214
-17749
1366
-13110;-2698;-6890;-8316;6605;-9728
-1684;10853;9339;3421;-15663;3295
6276;-15839
6848;4883;-216;18047;-3616
13940;731;3085
8272;-17268;-4667
-3685;15000;14639
2949;-11774;12734;17950
9076;-3600
1383
10946;2451;-12008
8512;-3923;-11365;-6905
-2820;-2669
-17778;9505;9522;-5447;9687
-14193;509
-12275;17939;10344;3211;-17822
-10451;7816;-10298;5677;-14623
-9592
-8342;3735;13688;5353;8397;7246
-11394;-6396
-8116;4101;14968;-9548
13695
-1201;948;18045
-2085;-11447;12332;4830;-9136
-13698
-13522;14484;-14669;-8191
-1672;-16139
4213;17295;4495
-4917;-17694;8895
4536;17819;-4542
4052;18248;-4479
8003;15238;-13611
-1844;12115;-13367;-16887;-1936
-6961;-13397;-1479;8106
-5541
-17172;12488;-7274;-8655;2782
-15637;-7862;4358;5405
-836;12646;-10363
-12035;13483
-13738
-657;5392;-12707;16933;17495;-16815
-16401;-10728;-17561;-14105
-13740
-12055;-17754;-4412
-754;-1765;-2026;16222;-13136
7270;14669
-5556
10689;7671;-17420;16045;9694;11647
-13880;-17098;15194;-6379;16604
-7665;-9108;8809;-9886
16180;-2841;8607
-6934;-17591;-7481;11834;-9967
-10721;14389;5991
13757
-17859
-1057;-3910;-1054;-7743
-17751;-4206
9264;-7787
11457;-10323;-16071;-5033;2107
-1283;7576;17305;6347;4303
-9268;3690
-15462;-14695
-13777
-3500;8254;13118
-5895;-3787
-3122;-2468
-2787;-6900
-2516;-649;-9753;18159;16735
-13459;-11021;-13629;-8448
-15959;9258;17196;-12000
1521;16370
16727;4861;12687
-5761;-2020;4038;-4668;-11629;-18336
5609
4208;1440;-38
-11658;1949
11953;-7748;18148;11934
-5619
1750;16406;13371;6863
-18100;6437;-6250
16952;-4444;-14957;17420;2941
-2645;-16358;-16297;17384
3969;-6953;14507;-12607;-8640
6321;7499
14246;-15307;-8812;11405
-11749;-2073
7985;-2292;16568;16138
7827;-15045;7910;7671;11210;10637
4097;-4970;-12958
-8052;-9288;12937;2860
-2083;-11620;-14584;4279;13387;12171
-10564;6180;-10007;15526;17975;7016
-135;-2840;-2681
5658
-9761
-5041;-4834;-2850;-15751;5751;-3421
1570
13860
-594;1011;12424;5164;-48
-4099;-4067;-14683;17179
5905;3106;-8101;9429;-573
6592;-1971;-9365;12487;6728;-608
-2196;11172;-9494;10710;-8616
15124;-4136;-8077;2767
-17978
-5690
-913;-3387;6634;15644
14114;-8055;-4461
5431;2394;-15213;3613;2175
12352;10129;-4498
-5025;14864;-13077;-409;18329;-794
-12324;-13112;7096;-15289;17533;6303
-3589;-14396
-13890
16450;-17877;-4272
-16674;10044;1326;6910
17618;15171;-2725;9353;3149
-8276;18076
6885;-5276
82;-13798;3913
-4690;-12851;-17957;-14741;-14838;2024
17998
9648;8420;4135;-8299
-11778;14899;9144;6282;15837
10470;9177;-15165;16877;-7455
11541;-13159
-11317;4789;2007;-3081;1689;7531
-2852;8571
-14401;4561;-18023;18046
-1627
483;1145
18014
5726
-7007;4239;8495
-18392;8568
7472;9122;-18053;-10199;-6315;-16432
-8277;5158;-12697;-9997;3694
1172;-1062;-16345;-5884
5591;15560;1049;-14175;5423;-7712
5743
-9044;7395
8688;15319;14505
-10673;9139;8035;11261;12558
10981;-4247;2202;7404;5789
13941
-13944
-8209;14550;939;6668
-13585;-13553;-15484
9505;6374;10359
12891;5165
8845;9215
8464;17446;-9084;-11054
-7873;-15490;-12643;5385;16877;-224
-8136;89;2271
-16449;9027;-5748;-11344;-13952;12207
14897;13990;9661
16480;-917;4262;-14045
-11473;10323;-14583;-2072;13113;3006
14337;8516;-8489;-11387;13978;1116
-4673;-17859;10403;-17388;-17228
-17972;-4199
-9889
-1700
-12309;-17480;9226;2478
-13857;-10291;-9124;-12139;5323;9709
-2676;15991;16985;12286;-8111
-17122;5124;10286
-11078;1160;4568;-12747
-12500;14618;12124;17374;-9423
609;-5158;-16695;11337
-2658;-17540;-10455;3062;-15454;-11919
5937;-17561;15614;1822
-1721
17140;-3131
-6882;-258;-3172;9972;1239;-10814
17349;7829;-17914;11321;-1690;5308
10659;1701;2599;15438
4787;1929;-8443
-13602;-14442;9933
16530;-692;11913;7165;11871
12436;7429;-9736;-8571;-3293
4017;-8247;-5064;1624;5934
-915;18074;-15423
-196;4020;6104
-8758;-15480;-10555;-15469;11661
-8289;2880;-2178;13922;12714;-9120
-14027
6130;-9000;-2456;9899;5359
10437;4830;-17008
8560;10852;14584;13000;7997
-7078;6329;2494
4608;3777;-6373;9831;14776;7900
-18137
-18100;-12631;-11485;5468;-14158
14041
10740;6454;10422;8135;-5325
7258;-10476;9070
-7751;17434;4362
5939;870;-9752;16126;16783;16847
-8593;16758;-17800;-11006;-10928;1135
9508;4634;-92
18147
8096;-1860;-4472
-3571;-3828;-2558
18038;10471;-6506;-2573;-5854;12766
-787;12419;16453;-9494;7752
18145;-17485;-14718;-8190
-5868
7485;-5712
1773
-8980;11667;-6572;9755
-2579;6570;-9915;-12239
14071
5880
15803;-11294;9566
-9980
-3742;-10336
-212;13654;13175;-16636
-11537;12273;-7522;-16540;1054
11397;17413;5578;10108;-9902;8157
5380;-14202;-10300;-3150
12048;-16185;-14047
18116;12264;16476
5497;-3696
4421;16886;10711;10744
5123;-6999;17351;-11609;-10073;-7884
-14092
15700;9044;7414;329;-18396
-15365;-6613;-10296;17145;4172;5055
-17394;-14834;-9062;15189;12437;15470
-9999
18191
6737;17237;-12153;-15467;17743
-14904;16714
10007
16036;18101;16831
-3410;15990;9719
-1820
-11253;-18328;11070;-7888
6946;-18379;16458;9085
1825
9840;8370
6220;-12144
4324;-14345
8330;9883
13923;6899;-9193;12236;2541
-10024
15449;-13291;-15979;-12590
-3861;-13080;-18187;10203;14157;-3358
-849;-17062;16679;-16941;8142
-10085;12952;2763;-9740;14141
-6529;4289;-17651;7730;-6243;-8015
17872;-11282;1682;-2333
764;9854;-12464
5656;3934;-3647
-7602;-8740;15464;-8107;-1056
-3365;3878;16729;9819;-13661;-3360
11939;10072;12617
13600;18017;10802;17827;14340;5098
-18248
5963
-3428;1559
4628;2824;5946;16269;13165
17746;14936;5658;6556;-6159
8579;13775
-8579;-7958;13237;17462
18259
-10914;15094;-15673;13368
18263
-5981
16258;-730;-9548
4800;11560;14809;11210;-10187;14749
-12370;-6854;-15431
-15416;9033;7514;-3836;-3309;4125
6912;8321;-12695;16667;12812;14927
15889;-15865;-4428;-13870
3168;14423;4029;-15631
-5990
4022;-5916
5991
1591;-15482;15963;-176
16563;5956;-4907;-9822;-5887
13387;-10381;-9008
3046;2967;-5240;-6825;-16973;639
8757;18137;-4204;7887
8624;4928;14618;15324;11663
-2934;-1671;-4937;15548
4944;-6857
-1896;-8665;-15930
8496;-16804;-15403;-7070;12479
12016;3874;-10436;17432;-12777
-10111
-4804;-5317;16135
15187;-9128;12248
-1925
-1928
-7492;4021;14870;-5111;-4303;-16207
-10129
128;14097
-4310;12408;18415
14227
-10115;3480;11274;5501
-17585;9490;-17348;5029;-10455;8439
-10801;-36;6757;7766;-1736
8055;5962;13244;-17119
18336
-10324;-12740;-15754
14096;-13750;10422;-17786;-956;-6269
16704;15185;-8516;187;14717;4638
3904;-18023;-12762;2892;-6640
17113;-13996;15036;-16190;14685;-2399
13989;262
-18351
6960;-14339;-2358;8647;-17103;-160
14242;408;-12682
-11890;10838;-5561;-15837
-8226;9830;9945;13836;13452
-1667;-309
2832;-16100;-5221;12120;-1306;-14783
-6077
10376;14186;10188
-11516;13500
13684;-7861;3096;13546
3952;12772;17445;13013;-8331
-12818;-17014;-15336;9884;12815
18372
12052;-8325;10856;11982
-3750;14986;-17323
14251;16412
-14593;-997;-6902;-1722;841;-3195
2648;-8251;10283;1611;-8286
12709;14870;-1632;-3472
10188
2081;12338;4643;-13577;969;11929
16726;-10624
8427;18155
-13928;-16752
-5627;-480
10206
-6115
-11937;-12137;5663
2029
-7014;888
-10579;356
5490;8276;-3544
-10225
13793;-3567
-14776;-11947;5853;-12942;-9184
7138;5956;-2679;4502;-13897;17405
10883;7400;-7850;7993
-12625;16482;11388;-4494;7677
-6144
-8289;5153;5991;-3497;-6937;5530
-6344;-12153;-1916;-14749;-5374;-10670
-6405;-17445;-6378;1690;-13660;11471
-1541;-551;9110;7015;17383;11598
-10449;1090;-14615;11306;4028;10701
8963;-6902
-14054;7721;-6218;-2412;-13917;-1856
2466;9044;11035
3524;-15061;18121;-8492;-16544
14810;-11068;10620
-10271
5877;16681
-647;15017
-3157;17533
32;11920;18288;11783;-3070
12666;-2383
-11928;13336;-18425;14921
-6881;-12164;-12298;17453;-8687
-10611;-1731;-6583;554;-12398
4615;-14904
-17922;3684;-502;-1097;1896;-445
-10577;13185;11270;-15981
10688;1394;4292;-17128;-9552
3936;-6051
10308
17557;-3150
16097;-2616;-6827;-8267;3740
10323
-10508;12639
17138;9572
-10327
-14423
-4804;-13719
-12068;-14661;-8186
12992;1152;-3806
12387;14335
-6628;15690;-7581;-16285;-7824
4535;-14875
16177;-18326
12802;-8056;-13500;3019;-512
14439
-11639;17887
13443;15543;16295;14988;-15453;-1695
-10658;-437;-11229;7869
17185;12883;-3573;-15306;-2030;-6992
10362
-5186;5939;9925;-12938;12622
10368
-10328;14760;-8362;-4363;-10268
14467
-6276
17905;-11625
7095;6920;462
14477
15540;-17509;12454;-16779
2757;-17320;12360
1792;70;8630;14711;5674
11799;9223;5759
10399
6303
-5571;-14362;6587;-4812;7755
6307
-11940;-10676;-8686;12703
15187;-2317;-6560
-17913;-1868;2942;6431
-14851;6020;-13176;3405
-12517;-16936;-1950;12798
-6317
9328;-3813;-6520;3225
-12995;4552;14763
2294;7336;16280;17981;15679
2848;-2712;10237;12334
306;-4628;-11321;11576;-10457
6116;-666;-15019;15903
14706;14718;-10800
10439
11808;-8101;-1017;-13132
-16193;-10636
10832;-4452;5687;-18416
9557;-4328;-6062;17357;-14272
4931;-17446;-315;6479
14543
2802;-16741;11750;-1048;-14413;-992
2692;-1307;4925;45
210;-11603;-3252;-11014;-11035;5759
-9447;14221;-2511
12346;2206
8592;14160
-11396;-13222;-15608;-15723;-2220;-13743
-14626;2707;13546;8844
-14568
7301;6933;15639;-1274;-9933
13843;-7860;4491
-10760;8477
15910;-7064;1631
2088;-8474
-2291
14033;8213;11877;-3238;422;7848
14961;9954;12434;-7365;-7130;12206
-14581
10049;-10931;17670;-6860;-7629
-6398
2304
2311
2896;-17320;-3035;5196;9950
14122;4575
12433;10366
-9089;-12996;-996;-18391;15068;11789
2327
12417;-14757;-1958;1967
-2337
-10529
4768;9857
6433
-2340
7904;7794;-16133;15063
3330;-5523;16002;-18039;-18344;7944
6451;10453;-4585;-618;-5263
-10540
-10541
-4865;2416;-15688;188;3311
-2351
-650;-17339;-13037
7568;-4297;-17690;-8416
14643
-9400;-3994;5034;-5819;4875;-5340
-10949;10724;-16473;-13161;7021
12147;-15254;-12184;17624;4458;-9152
16689;-10230
-7271;809
8594;10868;9766;13160;-6921;-8525
-2372
-2738;17331;17573;11321;1676;2268
-8226;-6439
-5251;11475;17383;10711;827
10064;508
-5236;-1241
11090;13202;14959
-6245;-262;11909;13406;1647;-5776
-6490
15044;11926
-13175;14727;-3947;-10239;6143
2275;12408
-15250;-8644;-17222;8872;-15211
-1493;12932;-17886;8847
9633;-3235;8792;3595
-17186;6572;-16367
1128;1277
-9028;8035;1220;6389;4250;-4365
3297;3208
-10350;-3455;3199
-11700;1094
-12306;2035;-13994;11676;6078
-3150;734
5955;-16393;1563;9404;1887
-13571;14835;9412;-13095
-8321;5554;935;-8601;8014
-8905;2058;4427
10673;11286;17735;-18090;-6235;3435
2049;-16758
12932;-3033;13002
-2117;13908;-12809;-14075;12670
15856;-10929;-12628;-17146;17227;18239
465;16961;-18104;11559;16123
-1036;15947;16191
2114;6713;-15357
-7922;-10837;-60
13362;18291;-340;-204
-15690;-13627;17838;-17551;15119;11471
7440;11388
-7733;-14123;-11500;10429
18021;7532;17855
-6546
6555
10652
15936;12721;5620;1174;1720;2153
-2933;8360;-8907;5947
2469
-5125;3845;108;3741;-17327
-9521;-9122;5271;-9580
-4970;1933;-14927;-10127;-14063;-13568
16370;6904;-4412
14766
-2479
10624;14379;-6141
7472;-290;13810;8025;16042;6572
5792;12384;-13310;13517;-15902
2482
2483
11970;1093;-10887;15450;17627
195;-18069;904;-1533;3727
1105;-8070;17645
-3107;17884
16433;9242;-10896
-4673;12689;-6963;18116;4062;16127
2996;-9926;13063;12328;8554;16444
3120;-17912
-10699
-8869;8261;-17499;17226;17326;-9840
-17607;-9047;11854
-12068;-6831
-66;15958;-5182
-10712
552;5900;-14111;-7359;9695;-5392
353;-7859;11427;-1398
-14814
2527
12737;14946;15491;5445;390;2671
-129;17414;-11991;-7824
13284;-15815
-7060;13238;11287;13739
-14738;-8642;-9523;2581;15501
-2771;17592
5720;-18378;17262;6126
-4977;-15270;9514
562;9622;-8682;-12239
-6643
17619;-10941;17292;-2494;13839
6295;391;-9246
-15217;-16126;8302
-15137;9496;-11132;-10366
14852
-11558;8135;-10556;-9072
-9459;2279;-3962;7449;-11167
-2573
3904;-10417;1073;-15588;1242;17212
721;-8472;15451;5117;-15391
-2577
11968;8801;7890;16946;-14356
11152;13488;8129;866;9156;17133
4665;6109
7034;3741
3973;8220;4572;2204
7910;-1228
-305;-7861;5577
2589
-3331;18216
16289;16657;2748;-18269;-13807;-10320
-4226;-1063;4426;-9936
-12339;-14844
-10705;8094
4624;-18388;3269;-9911;-12936;10250
-4580;-12070;-6423;-617;-6123;-17855
11856;-15898;6653
-13956;-16807;-3640;7914;-17087
-12531;298;-8317;13837
4897;145;-2422
-2622
-6718
-14060;11438
226;-7031;14216;11594
-15923;146;17635;18228;-15957;10782
-8145;9542;3193;6617;3710
132;-2581;-6023;-10297;-7373;-5166
-17716;6888
-8419;-7608;13389
7506;12773;-4714;-640
14656;-15976;17548;15132;4047
-13145;16840;-1055
8006;-9485;-1165
6881;-2452;3575;-3416;14443
-834;7305;-17312
-2652
-6748
-2655
7729;-11160;-7593;-554;7212;1709
-11137;-5539;-14391;-13847;-16472;-2713
-11989;-17580;2333
6758
-6609;-12438
18321;-197;15620;868;-13470;-2095
-3669;6308;-17593
5937;3013;7287;8221;-5407
-9787;-17663;4302
-13336;-15660;-14639
7425;1609;17465;-1356;2108
2181;-17147
-2484;-13304;-12665;17577
-11506;14193
-1601;-2306;-17555;-1707
9410;13762
14981
-9782;3178;-16573
-7906;-9154;-10219
11842;6884;14469;-7751;1835
-6177;-2757;11643
12257;-10339;506;16669
6688;118
-2291;-4517
-13349;-4088;-18043
8624;-1812
6816
-938;7759
-17638;-4536;-7371;-9709;11951
2727
15521;6422;-11465;2413;-9055;7086
-6829
-13458;-12947;2504;687
-8646;4679;10798
10932
-17108;8614;-14729
-15034
-9473;16018;-3800
15889;17683;-4665;-9772
-2754
-7473;691;4793;7163;18060
-9156;-17562;-6220;-9838;-17327
6855
6130;5910;12167;-2458;-5629;-13357
15053
-10917;731;4331;-13296
15059
15061
3164;6076;5823
14578;5286;1369;-9435;-830
-16770;-2358;-119;-9111;-1402;-9885
-4449;-8883;5987;11796;-6506;17131
-10985
-15288;15324;-2830
10990
-16691;-12869;13034;17917;1407
-8498;-5202;-15764;-14301
13760;3908;-1896;3239;-3755;-12447
-5683;-10312;-7295
-4950;2136
-7650;-14088;14057;-5743;6511
15106
-11265;3181;-15216
10177;2964;6854;-7815;15215
2065;-1001;-4842;1466;-8702
6824;-8233;8650;11966
-6644;-4343;14120;3787
3585;-7062;14279;-17728
-14311;-812
-4519;11449
15537;-12969;-6284;2459;17292;-5007
-16337;17686;11110;10426;-1725;14445
-15857;-1378;9531;-15615
16823;16761;13738;-7615
11037
-15300;-1545;15261;-1264
-7332;4275;-1287;14457;9118
-13860;7319;-1855;15343
6186;8955
10171;876
10001;-7140
-2257;-3690;17003
-15155
2866
8673;-1710
946;-2292;-14342;8716;-9134;942
9014;15287;3151
-17703;4280;296;-10233
11815;647;-808;-11963;-10782
-6577;-7973;-3255;-6487;5786;-17163
-6977;1169;-15494;12940;-15021
17681;-13382;2702
-1379;-4013;8301
2910
11109
-16818;-6584
10771;7589;-12041;699
-1715;6531;-14948;7205
-16469;9575;-17448;8183;-15440
13273;14235
11555;-15981;-10797
-1505;16132;12886
2412;527
5186;1651;8393
12737;-5781;4165;16397
-8261;-600;5918
-11137
18180;17535
-15238
10177;5062
10882;12557
-11152
-10484;13957;-5708;17484
14966;14087;-18344;11802;-13996;6734
-3428;-550;14285;4943
8866;-15926
-2965
-11593;-3932;8463
-11417;-17772;10301;3630
-4907;-6255
-2850;-15515;4747;-18029
9969;9801;13353;14909
-11171
8179;-7094;14072;16557;-15790;15727
15277
11182
5794;2444;-13838;12687
16418;12501;15034
2468;-10856;15448;16415
6192;5008;-8205
14706;-13891;-3110;-8634;10042;3884
3505;9603;4467;11015;-7660;-9741
-7762;-15125;11125;4667
2640;4451;16521;5146;-974;3886
-7103
17058;4269;-671;-5360
-11409;7041;-7491;-8557;5118
4849;-4292;-9278;5709
3381;10376;-6649
8099;6645;3605;18346;-17296
1707;5404
18323;-4858;5087;-7344
-6498;8467;18212;1158;-2411;475
17026;3947;-9757
11216
4688;16788;-4430;2702;3759
-4643;13669;17143;-6652;12188
7749;-2520;-16460
7138
3332;-6376
8886;14638
16800;-5144;4424;-11882;2730;-3884
7142
-12019;-1545;-5869
-15089;-16633
15338
1861;-2694;-1737;7322;-7964;-8032
-10497;-14938;18284
15344
-6513;-12019;-3980;-2349;14158;17855
-1027;12277
-613;15965
9715;18276;-342
5654;1517
-17990;-11231;1566
11272
3080
15371
-6055;-1881;14234;-17579
14868;510
-9266;-3348;13191;-15961;-8188
18104;13262;12687
11940;-655
-15400;-16367
15224;-12127
-817;-4786;16893
-10465;321;6418;508;6318
7196
7248;15351;-10873;-14474;-14970;2314
-10401;-17302;-6043;-6235
-4820;12039
8016;-1893;5193
15362;-183;6646;-792;6668
15232;10340;9671;-16443;-3387
18037;9671
10034;-18148;-1957;11909;13494;12380
8513;7045;-9530;-3690;396;-5872
-15427
4577;9288;13851
-1301;3366;-9303
3505;11927;-15785;6538;-12335;13390
2064;36;14458;7066
10195;5239
-11344
11343
15444
-12404;-9493;-5080;7768;12141;-12479
276;15174
15450
14500;10709;10504;12507
3167
1795;1716;-5398;-2604;3469;12383
-2773;-5754;1260
-14369;8994;11813;-13705
10864;11061;-8200;-10555
11442;-4174
1667;-8069;12808;-13676
11963;3500
-11371
-10417;-8872;2425;-7339;16924
-3183
-3190
-7861;13733;8443;13452
14085;16088;9883
-12065;11927;2472;9578;-8110;11678
-7289
6950;-199;-17531;-8799
-9276;-6542;8526
7293
-18165;-17688;15161;-7084
12180;13718;3302;10871
7305
11141;5895;-3736;-10109;-15518;925
15794;18262;-2301;16510
-8913;6903;-10345;-590;-4511;1951
-15971;-6648;-12137;-17616
7105;5346;-4229;-17929;-13997
-4202;10124;-2078;-5231;-14127
-11422
13524;4295;-2301
-14247;-16568;-17754;-5995;-2494;-11711
-15524
-10692;13928
-7204;-11278;-9344
2769;-16070;1846;42;-10158;14222
2168;-13613
-3399;-527;-3424
15347;16149;15389;-10864
-8369;7425;-11588;5181
-6946;7321;-13723;571;-10958
2018;13524
-15153;-1700;-1416;-1376
-4049;-13618;-3990;12059;-1856
5396;6061
-3905;3876;-12693;16023;-6575
485;-6841;-13593;-10109;2207
15565
9010;-6595;4306;-14096
1436;-17006
4999;10575
-7386
1232;15089;-2709;-17238;-16905;-15536
-11762;-15989;-7116;-3870;9006;18238
7397
16467;-4778;12093
-17938;483;10053
14321;-11010
-9719;-9607;7577;-15132;11278
7412
-7418
9602;-5958;-13692;-13759
3330
8551;-8024;10298;4795
12211;-6292;-727;-7229;-1296
-4497;13729;-6183;-14575
6657;11636;-300;9916
-14225;10618;271
13953;1670
12026;-6060;10412;-7742;11086
-820;3972;17573;17768;9914
-3354
-1233;3857;9874;1401;-16461;-4895
-6529;-17317
-5451;-1661;9439;13327
4089;-7627;11004
12149;-1015;-10811;-16638;4751
8311;-841
3782;7785
-15664
15976;-1947;1659;15340;9213
-18193;-13788;12396;2269;3679;-14320
3380
-9873;12021;-1751;15944;-14062;5199
-12628;10147;13289;9529;-4667
-12694;12200;15688;14329;-16525;-5519
-12833;1826;15042;-5126;16765
11904;1297;77;-5582;7134;4942
11815;-232
13751;6024
-15123;14777;14714;-12605;4621;13391
12820;15148
161;9137;-12693
15105;12866
1936;-10067;1331;18391
-3206;-199
15969;-8468
3407
-1394;8102;13083
-6298;9709
15704
-4513;-4851;-13658;-876
18370;-694;-9882;1065;-5438
2805;4519;-12937;748;4111;16463
-6088;2744;-8272
-9478;3222;10774;-18009;5964
17667;12887;7083;-13725
-14514;-13504
8032;4865;-8914;8801;16120;3210
11091;-838;1383
6457;9883;-4703
-15736
736;7604;-11790
15739
-689;-18198;-6729;-16189;-11151;16735
-8626;-261;-10615;-4432
-1991;-5255;-9897;-12282;-3325;8812
3395;6259;14285
6248;-17901
7014;4639
2594;1924;1097;14234
17210;-14797;-8688;13839
1549;-8304;-13104
-16551;15419;-4477;-18351
-7579
13841;149;-1095;9752;5146;12557
-16570;8986
2728;8953
3715;4936;14603;17103
11447;16632
11696
-13140;15225;14618;-9100
8242;7563
553;7146;12207
-8449;11974
3526
-4150;-15048;-13113;-525;14332;2686
-7170;-10777;10604;-4381
-3533
-13426;-5835;12891;-5358
-18248;-16905;-9344
-17091;6963;3253;-7926;7166
18177;-2349
11733
-4514;7717;10295;10073;-11835
2145;17787
-10888;7339
7646
14914;6766;14639
2391;-14141
9507;12085;15095;-3993;7727
15958;-714;-7995;-10139;-4765
-15892;2742;-14986
15851
-1108;-2797;7421;2543;-2496
12454;70;12201;11613
3572
9254;8776;14218
-5489;707;14403;709;-8200;-5708
3187;8661;16101;-5850;-6844;-11678
15828;821;-18329;14298;-13423;4383
9090;-8308;3335;2457;-10157
13060;9031;8457;5802
-8577;-3093;2872;13646;2831
-1617;-4019;7160;14348
-6017;18137;-7754;12890;-10254;4782
9905;17553;10547;10645
8422;-7751;14759;-7740
-3598
-15192;13448;-4189;13629
3041;-6210;3010;9244;-8527;-4160
-4503;4280;-6938;-14797;14254
18410;1581
-9378;-10741;12413
-1924;-8954;16985;16781;-15183
-16512;-15776
1024;10785
-13843;-8851;-17125;11413;11662;-7359
-11817
-6851;4660;5796;10660;18031
15282;-8014;-10896
2322;-11559;3866;1743
-15920
12531;-14390;-9967
11120;5369;11723
14176;11904;-5238;-814
-162;8883;10104;8138;11563;-10303
-3656
3636;-15055;-12719
18130;-7685;15814;7031;-845;-16496
11573;11863;11353;13630;4399
12454;-8375;-2104;-17371;651;-17599
-5493;10069;11000;-3708
2410;-2348;-5742;13455
7777
12370;9160;-16586;18188;9230
-9285;1498
16992;-17651;5218;10589;13423;-304
9728;-16532;-992
-1459;5163
8388;-11481;-17006
-17589;-9306;13148;5934
1986;-9801
-16009
-17313;8945;-16946;-15475;9594;2894
-11492;5431;13881
-11919
12641;4897;-4226;15324;-5117;-3407
5440;11953;17602;9693
7837
-6437;-11685;-406;-16967;3080
3150;-11856;-11424
-15305;-17116
6209;-15260;-6988
4739;15399
10644;17333;-4616;874
13115;-1167
-9586;-9068;-17872
-6005;-7861;-14025;-4543
4631;14730;-11501
-15058;-12324;12100;11516
-5363;-11717;6133;15097;-8765;8381
16929;-12915;-246
-5857;-13731;7044;-7879;-4601;-15610
16465;-4611;11214;9375
-9286;2026;3486
-10641;-13800;187
-7871
-2881;8240;4901;4522;-9582;10863
9312;-2402;-1812;5449;15852;-14430
-14774;-5606;-16169
15524;14724;1467;-7455
-13013;7189;12133;-4247;5816
-16155;-4013
9553;-10100;13256;16521;9789;-2464
439;11546
-15058;15618;-10025;-6618
11208;6667;-9984
16625;-8731
-3365;16231;12952;10235;-5598;18399
-14308;-18165
7897
-4717;-11375
13377;16568;13450;-18174;-13216
200;15903
-4979;4115;16967
-7588;4835;-1068
13143;-8760;-16400
4098;-12020
-12021
6096;-10034;1924;-121;13997;-8031
5968;6216;-13417;17352
12384;-14291;-11831;-11370;3466;-14959
-3834
16608;10133;709;-3136
-3836
-5782;-2152
-7936
5269;17368;16569;6426;-829
18112;13171;-9782;6966;-4142
-15107;-6963;-4487;8297;13630;-7408
-17586;-18003;15354
45;16095
6314;-3099;-11166
10451;-10378;2075;13996
10055;-5097;-14380;1468
-8792;15099;-16269;14925;11183
18313;13324;17279
7958
1977;18269
-7203;18130;3093;377;13450;-11695
-13346;-17442;-15682;-11412;17150
-9778;-4822;-18263;3639;-15609
12066
5090;3523;-11381;-16792;-13384;12680
17751;-5226;-16416
2946;9448;17755;-5775
12089
16186
8002
-3348;13606;-4270;17869;-15855
-7220;-8567;-8601
-7545;-459
3442;16851
-7124;-4981
15155;15588;-6350
3913
-7953;13522;15766;-13325
-6578;5876;13189;8919;15673;-16780
16992;9198;9519;975
-4290;-12132;4313
9144;15915;7534
3921
6914;10918;-4649;3034
-7057;-14626;-14820;11783;-2730;-1056
-5745;13771
-12197;15096;14509;-13567;-7776
-8437;-3694
202;-12334
-16231
3530;413
980;-15781;9974;-7048;-2473;-5981
-1825;8753;-11464;-14569;-9420
-10391;7862;-13710
-15619;-7061;10535
-2198;-5851
17761;-7285;-12057;-13562;-17483
2759;9386
2657;-7187;17272;-16698
-16643;5465;17577;-10715;-7836
-7523;11487
16254
-13349;5279
-10701;-17853
12180
-11603;-3444;-1231
-13778;13125;7975;779;-16190
-3521;-8669
15111;-7016
2712;-14586;-319
2246;5850
7109;-11898;-6317;-17471
-16034;6709;3237;15085;15486
-9234;-14693;17144;10954;11531;591
-17042;13032
12256;-8850;-7990;16023;-15455
4015
246;-9341;-3117
-4739;-15267;7186;12548;16582
11795;-14024;14761;-1917;-6592
8123
5733;-1704
-17580;13548
-8131
-8133
-14513;-10007
-726;-3291;2474;-7291;16970
14213;-12998;11019
-14839;-15095;18043;-8540
18323;2108
3585;-595;-9382;-7373;-6670
-4052
8341;-13545;7432;18217
5785;17418;17293;12719
-4064
-16353
14785;-13138;3508;-6682;-1582;-13247
6305;-7957;16453;12471;2986;-1615
16356
16706;408;11531
-16289;-7127;-9326
2163;10104
4077
-13137;867
-15587;4996;-9606;-5927;-9768;-5051
12290;17085;15663
-16099;12771;6307;7350;5243;-7389
-12346;-13436;685;-10351;2687
14131;6344
3501;16975
3506;16971
10719;1567
