10389;14889;-17676;590
3041;-8775;13593;8525
15204;-4773;2933;17641;10969;15371
-15013;-14780;5022;4542;-4352
-6131;-2359;12591
8200
-10017;3618;-10403;13771;7135
17034;-12909
-12995;-8982;-905;-14014
-6593;-12309;7557;661;-15847;-6270
-14305;-16565;15575;25;-17531
116;1765;-1866;-6843;3327;15823
-1444;-4773;-10088;8315;-17597;-15408
12579;16127
8183;8236
12369;7986;-8030
4134
7942;-16190;12382
1569;-15315;-3572;-3428;-17980;1820
6160;14339;-18423;6157
12330
3665;5624;9515;3643;6268
118;8119
9373;-1134
643;11693
-18404;3942;14775;-9002;447
1873;-4474;2651
-8370;5185;1736;-7674;2044;7134
-8248
-9688;413;-7166
6369;18214;-12408;12120;-3759
-4153
-8251
-4308;9749;2809
10114;4226;14840;16361;5561;2207
16723;1540;-793;-17536
1316;2845
-3092;7253
1635;9924;13083
12354
16455
-9041;-6003;-9605
5731;18406;-6558;15262
11536;-8241;-17475;10115;-11338;7134
-9489;13893;-6055;-9051;2430
-6794;6876
7515;-15791
6450;5923
-90
-16899;-7011;12979;-4645;11389
12097;-12188
-4739;4066;-12220;2396;3677;11007
-9187;-15941;12746
7618;669
12928;13140;-6102;-3486
-12616;-18108;-6239
10006;2380
13706;17245;6014
7792;-898;629;-17755;-6334;16463
-13969;-9384;1450;16012;14957;-8960
12624;9748;-17349;-13461;-10343;-5903
-8149;17508;6342;-7402
-16273;-8582;5221;-17338
-16769;-3672;8043
-4206
-2297;17673;365;-15630
-16497
-4916;-6741;-2373;10317;-496
114
-8214;-10599;-5883
4218
-8497;1425;-1109;-6856;2471;4251
4769;-17364;-1813;5447;13944;-762
6881;-9923;-54;12857;-13984
12416
12417
-3202;930;18434;15781;5050
-16518
-13411;-1332;-18231;15802;17038
8326
14081;10275;-17190;5258
-16523
5760;-4258;-8365;11102
-16263;16118
2880;3412;-3688;1641
-11911;12061
15792;-11814;-459;3274;1549
12417;11330;-3766;5287;14794;9243
8467;-12717
8944;-7157;5588;-3118
162
-6763;15119
-11556;15820
-1073;6449;641;8694;682;-15565
-16558
6289;-12612;-15303;-14457;-956
14546;-2038;-16232;-1291;-14413;-13518
16526;16430
8380
8069;-15062;15374
-12612;9459;7846;11884
-10054;-662;6423
12515;12502;17254;-14604;-11087
-8249;-7934;-8591
-1394;10178;309;-17990;13190
-4245;-17710;5181;-3904
17632;-5146
4294
-15971;-18211;-2650;-15435;5419;-2508
4721;8913;10868;2826;1551
-12146;12355
7414;-15818
-18210;-3987;7762;10632;-7386;-13600
-1333;11836;6492;-12687
4434;6072;12345;6153;8074
214
-15697;14488;-3104
11697;10258;-17782;8332
9939;6662
11803;-11583
-17140;10232;668;-10943;575
-4034;4263
-225;5073;-13275
-2641;2129;-17667;-6632
-14690;18017;-3396;-17691;-7054
-3666;1333;2570
13297;-17635
-5042;12277;10309;12798;2671
-16630
-18433;-2643;12664;-4617;8686
-17363;13017
-12542
-8632;4282
13841;16395;-6572;1166
-15338;15082
-4133;16677
-3301;15846
-2337;2594
-11585;9313;-18228;-9262;4927
-15716;-18153;17001;7866;-16701;-15518
262
-17380;18310;-665
-10533;8282;-10303
15940;4808
16483;8362
-12194;-14148;-15206;15997;-15679
-4481;8847
-705;-4502;-1048;15834;-18044
-9346;3301;6312;13960;8665;-6236
16420;-8810;-16076
12742;16205
992;17304;10652
4930;-9304
-6038;1662
-14995;2425
5506;-5788
-4380
10875;-10589
-1925;2981;-8855;-9754;-11407
-15894;-13067
-15733;12148;-14567;-2041;17660;-1854
-10705;15410;17075;9658;1034;4684
12584;12286
-6802;2410
4648;-9006;12847
8493
15015;8056;11465;-14202;-12266;16810
-16690
3927;-11432;-1100;13007
-13365;-925;5789
-4408
11297;-13395;12435;10632;16029;-3919
-4786;7636;14518;12743;15963;7486
529;-11589;-9224;-8223;-12768
-2433;1956;15542;-6446;-1535;17807
-10242;-2723;7219;244;7004;11102
10305;16999;-6506
319
4166;16636
-5555;1132
9436;2238;9135
902;-573
11734;-13783;12263;-5788
11851;767
5276;3246
14548;14455
-18137;5464;-16332
1762;-7877;9718;13116
337
8530
-340
-12628
-17985;-5723;-9406
13512;-13259;16476
-570;222
-16327;11385;13482
-10898;8050;-9791
9296;6404;18100;17210;2591
-821;9366
6432;12897;-6274;-12790;-4716
14515;-17404;4301;16621;-1999;-15679
17385;-12928
8114;4534;11
4983;-5356
-373
16758
-17043;16643;-2935;-16024;-3720;10415
419;-14935;-9562;8794;10812
15051;9900
-378
-13201;4673;2818;4852;-7798;-8106
-17345;4678
6176;9648;9134
-17585;-402;-866;10276
-8561;-16073;7864
-738;-5674;-18091;-460
13984;-5105;9969;-14164;4890;7198
4017;10868;-11543;12808;-3471
-5618;-15894;15157;-10839;-16281;8507
-5362;-1062;1935
10529;15797;-2107;13037
8912;-12294;3815;-11833;12606;-13888
11697;15890;8483;1191
-6257;4322;3132;-12221;15517
-10804;-5980
8594
-12700
-12834;-7196;-15710;14846
-17409;15316;-17815;-13274
-5222;13829
-3300;-5324;-12272
8290;-1397;13705;300
-18276;11640;6025;5673;7647
-6130;-10324;6005;-15208;-7534
16810
-14514;6305;16312;-7676
-11059;-3899;-3967;-1984
-17684;12227;-1205;-3224;-12284;5357
-12719
-14898;-10098;-9174;16825;2491;-14254
16291;-9944;-2346;-11194;7629
-2690;4356;-16342;-13209;7801;11454
16592;-7543;18281;-18203;-4592
11940;13943;-2570;7196;10892
-5896;1353
-10660;11176;1035;-18383
-7926;-12588;11871
2753;-15495
-4550
454
5188;-1145;4922;7131;15596;1534
-199;15880;-11930;-3292
17136;-9448;-14075;-7133;18077
-13141;-15080;-6648;-12938;-12604;14892
1925;10825
-10100;-11559;5496;-8877
8656
-2370;6275;-11733;-13866;7659;-15103
-16650;11466;634;-15
-17670;-12568;-16605;-10976
12369;2132;-14026
18305;-2132;4793;8921;7403;-16335
16449;-13909;-9082;11133;-16
479
10640;-1926;-4234;-12219;12318
12773
485
17676;13660;-15582;5213
-6707;14322;16983;-3630
12121;-6527;-5104
16224;5731;8484;-7367;-12955;-14704
11905;1362;-2522;-6158
-14358;-10711
16272;-706;8466;13326
-8687
15986;10902;2698;7775
6288;12965;-14656
-8499;11094;-4391;15419;1851;-6781
-1298;-17540;3452;2588
-17989;13173;-7982
114;-3752;17849;15995;-16670;7453
-16406;-16376;967;1640;-3104
9560;7337
14226;-8917;804;-8310;2711
-16901
-9989;17076;-11702
-1939;-4281;-6589
-10436;-5016;9257;6719
4801;-13061;14326;903;-8666;-15213
-13650;-5684;17206;-15340;12843
-12789;-2829;2799
-16916
6722;-2089
6213;10714
17185;17442;4470;6503
-11733;-5199
12842
12128;-13700;-9814;7803;-13358
11860;1112;12187;7484;5341;3534
-12857;-8189
9605;1606;2327;-17551;-12943
-578
10182;6781
-16964
3588;-8265
-12665;-12493
14913;5985;-2087;14343;-9465;13757
-15370;-14507;16074;-10764;11694
13960;-1084
17416;-18011
-595
-2514;-4180;-5816;-12760;-11643;11741
12886
7636;9867;8236;-16944
16987
-11809;3809;-11143;9559;18382
17141;15093;-5051;1930;-7340;-4781
8034;12675;6918;15626;10831;-8416
-14435;-16628;2691;7277
-8612;4646;664;-5513
12910
11648;-2258;-2901;5813;1062;15933
-629
15041;-10317
15685;17687;4121
8821
1761;-6492
8827
7873;-10227;-13067;9180;4238;2639
-13338;16908;-12400
-15521;-5217;4770;-14974;-2464
-2083;9031;-17865;-6109
8629;4301
-11335;11980
646
-15041;-1250;-742
982;-7352;1022;14191
16501;-12614;-8635
-6946;9033;-7563;-17820;-15310;-7103
4749
1474;13764;13334;2760;2092
12945
-14817;-6529;-2024;-14155
7601;-6690;1393;-6571;-491
-12952
16612;11221;13303;17287;-12249;15930
-2228;7941;14621;-1134;18334
-2753;-7858;423;-2138;-8832
2832;18402;4375;-12364;-270
17073
-17623;7;-10077;2013;413
-10438;3222;12054;-2425;-9243;6138
-1842;-4438;12634;-13388;-13775;-16752
-12986
3697;14488;-17488
-1157;-7737
-7460;-4629;14983;13191;893;111
-5382;-5624;6204
706
17091
535;-5340
-8611;11799;-2891;-13295
-7014;-14176
-4809
6901;-11711
7061;14253;4798;15566
-8914
-17970;-9943;-5578
-7682;-2535;-6619;12015
499;-9418
-7681;7973;12646;-14815;15919;-13312
-889;157
15360;-16631;17226;12650;4895
-17905;-7859;-12694;-1463;4950;5565
9764;14372;-9558;-8864;-880
4835
-1234;-1671;-12106;15050;-4875
8931
4243;-17222;17816
4936;17934;-18031
-1811;5541;-5864;5625;-16525
-746
-17131
-747
5337;-493
-2865;13250;11045;-14680;-11597
1985;16977;-12851;-14356;8531;-1037
-17136
13097;-4813;-11229;-17759;11759
14002;-10100;-14632;2414;9071
-16261;2901;6459;-14812;5805;11054
16176;-6388;1043;-747;-9325
-6530;-9459;5573;-12152;5423
-17146
-2273;-16114;-9286;17417;-6892
7075;-16032
-9620;-1515;-18303
-15553;-12065;15131;860;2669
-7026;-3444;-15014;-2646;11209;-4331
10099;-9325
17160
-2645;694;-7019
-18102;-11353
15653;2264;-12509;-15423;8398;-15552
2900;14710;4972;15068
-10418;16019;10132;-16520
11479;1596
15210;18346
12867;-4374;4069;-9483;14093
17174
-915;-3973
12306;-14807;16456;15977;-1867;17787
6067;15210
6658;6327;-8092
-3025;9748;6038;8825;13211;-17615
5719;10455;-11280
-12818;12584;-11754;-12826;11326;12687
-4148;6373;18341;-1847;-1535
2722;8995;12277;5480
2792;1993;-15788;-1548;-542
13154;8610;-479
-9000
808
8549;7481;7594;-12190;-3983;13839
7696;-17107;-9462;5774
811
2372;9306;-16223;17646
-1766;-9609;16169;-6170;6028;-3838
17616;10329;11;13820
-8945;7706;-3677
-9458;16695;-4313;1994
822
13113
-9020
16068;-8773;-11718;15993;-13483;1085
-829
828
15648;898;8861
3286;-8221
-13956;8116;3524;15671;16361;-16588
-1137;292
11185;-276;-16375;-15642;-14332;-10461
8190;9039
-13136
-13138
-852
-9044
-1032;13166;2239;2863
855
17329;-13447;5165
-6227;5367
-4957
-10129;2260;6988;18126
-13090;6273;-9859;-9879;9307
-11445;-9900
16929;-12492;5181;15822
-8823;17879;-3289;-5820;-10509;-14880
1617;13028;-9851;3179;1084
8968;-18026
-17251
-13157
-1633;-1461;775;2298;17277
-12388;13260
-880
13187;-15044;13255;18157
-13442;6708;-13227;-11709;4029;-14207
11489;-4122;-2383
-17014;17258;-1134
-16724;-7094;4169;-7660;14925;-17182
6322;-4917;-16551;-10328
8228;14447;10991
-4106;-9085
-12465;13370
7105;13547;-11552
4930;16452;-11095;6075;-11357
-17099;12091
-1842;-5379;2106;-8301;15517;7006
1184;-11254;-4360;2938;-11790;10078
-2869;16079
-9116
-7732;1923;-4830;-14863
1874;11907;-3061;1574;-7480;-3885
-13220
-594;-2770;838;-2170;17916
-4978;12385;-6106;-1389;-18126;894
-6902;17642;-9803
-6418;12082;-8726;-17991;-14091;1438
15892;-8887;11994;-5772
6326;-13978;-7805;-4285;-10687;814
-12518;-718
-11752;-15995;14538;-28
9744;5203;17877;13181
-696;-11485;-12269;3020
-14035;795
12896;-10124;-7822
8561;3797;-14585;3183
-9405;4349
12868;14533;-6887;5023
-15138;-17294;15085
13253
18209;6289;-9556;-2616;-17102;5743
-81;7519;-6464
12432;12178;-7588;17031;7704;-8012
-14644;13541;-3495;-13564;13087
-19;-14264;-11279
-987
-721;-6954;-6316;4812
2088;408;10041;17134
627;6758;6712;-11017;584;-4666
-17813;-11862
2694;4506;14284
-10770;14755;-5641;1624;1036
-17154;-15606;-11320;-1981
-9906;10065;-5262
-9199
-14701;9598
-4931;-173
12195;-17300
15473;-16482
4481;9863;13610;-12221;3148;-1486
-5848;-3356
16148;-6943
1408;-6018;-8626;-4165
-5602;-7195;-11276;10765
-9213
7411;-6135;5223;18251;847
-339;535;17215
3812;-6534;14501;-6654
817;-6503;4653
-4625;-2248;18312;12937;-11054
4448;-6249;6635;7643;4942
5132
-1037
-14801;194;10516;13541;9239;2827
13324
1038
-4130;9747;-8852;-14406;-16636;-7724
16290;17203;-7877
-1186;-8598;-3549
-5042;-6931;1593;-15243
-11987;-2197;-8345;5097
-11057;4391;-2920;14729
6112;-7163
-16865;-6486;5911
-3105;-14861;15102;1806
-13347
-9596;-10077;9118;15711
-5249;-10045;-14447
-17906;8675;-7367;5641;8220;-6527
13777;-13780;18294;-8414;7582
-3972;13242
-4530;4808;10332;-11693
-5180
15410;17044;-1099;-1600
4034;-13448;-3964
16036;-17205;-4629;10986
17313;17076;-3258;-16429;5342;13822
-3811;-5203;1926;-10397
2792;6506
-7507;-14084
9427;1700;-10969;15977;-10734;12095
-1139;-6004;-6069;-8382
12769;-15972;2088
13489;-16962;-5840
14752;11314;13972;-1255;-5308;4510
947;-5767;951;5450;-2704
-14599;-5309;14687
10883;-12712;15241
17171;-5192;5531
8769;-12339;-7897;584;12011
13728;-2883;-9077;-15014;-174
17141;8904;-6681;14538
-13430
-9334
13431
1891;3348
-241;-13842;-1686;12279;5160;-6912
4657;7475;9494
-16628;-839;13897;4717
-647;15670;-17901;-14656
13442
13444
10006;-654
1162
-8420;-10421;11847;-14652
10942;-9776
16274;-11156;-3951
13713;-18199;13848
-14769;-1186;5617;4789;-3817
656;-1443;16884;9159;17786;-908
2849;-1077;11693
-17227;14011;15597;17469
-3652;-6429;-8174;-2416;527;6671
-5291
-1633;12726;12184;10687
10178;-11220;-16175;7823
-14803;-14934;3958
5200;-11228;-2781;10013
12624;6064;519;4011;-270;-17647
14130;-1444;-16967;-1022
9425;5433;4297;-5019;-15344
3234;-4443
2693;2006;-8476;1772;7311
1213
-6211;11939;-6612;-16311;13368;-9677
1392;1798;2121
-8211;-10938;5643
17505;2163;10355;13476;-7191;14062
-18417;-5797;15703;-12409;-8974
-12386;-18276;-2100;11353;18089;12735
-18194;-2505;-9198
11153;-11171;9435
8714;-15163;-15916;-11805;-16208
-5323
6161;15253;4389
-2729;13674;-12174
-9590;14917
-5331
-11684;-4310;3782;14604;7039
-1241
18050;-17529;-14170;-3772;-4686;-15998
-5378;-13238;-13511;-7704;18108
838;-13768;-11133;-9952
2629;11046;12520;3528;4315;8171
17665;-16803;17574;-8991
13164;12669
-7618;9841;-10886;3429;-2744;6719
17552;-1784;-16457;18332
-12721;-4866;-3238;-2423;1502
-5368
2416;-15815;11959;14487;-5390;18190
14881;-500;11588;-11655;13547;-14302
1273
-3846;-3787;4157;4751
11280;976;-7412;8719
-1276
10672;9648;11953;9556;-1303;1720
14032;15928
-3443;-6037;-17338;11850;9582
-8307;-12067;9907;-15402
-1502;-16175
-13582
-16687;17983
4595;-742;-14984;3560;12618;-6348
7940;-9210;6878;-6912
4097;16914;-3780;-8455;-10664;-11705
-3025;643;-14615;-8668;-8830;-3680
-15889;17554;-6644;7725;-12254
-13509;17320;8217;890;17069
-14074;-12316;-15100;17949;-14639
5863;-5660;-17903
-5424
15928;4382;14463;-17056
-17505;-13090;13299;-18103;-10991
5904;-11459;14963;-3976
8241;-8725;17028;-17784;9437;-9534
849;7252;17813;1786;-1788
5561;-5212;17373
-5436
13088;-6644;-13982;12975
5298;5859;10420;7431;1007
-8609;-16074;-11821;2716;16060
-8232;17403;9964;-9600
-5240;-4330;15275;18171;10349;-8304
-14322;10263;-4601;-17263
14593;12100;11080;-3657
4389;8232;13304
13639
-2818;6771;-3396;-378;154;13307
18178;10356;7509;-12736;4511;10399
-5451
1354
5649;-6178;-9987;-14276;-11418;-6107
-12057;17513
17990;-4335
-12817;-4199;8812;-5197;-8447
-16755;-2987;13435;-7757;13103;2335
12809;-14076;-16495
17762
-5478
-484;10581;13511;6446
-9580
-16725;12070;-17079;8056
7968;15161;2844
10816;16593;10822;7943;283
13568;-8433;16547;11076;-15564;-11696
-12561;11362;197;4408;-4809
13692
-11185;17603;-1157;12534
8101;1750;-248
7014;13481;-10714;-15291
-8321;-1235;-2660;-2905;-10874
17412;-10825;7898;17818;14172
-11911;-9992
12338;13663
-9652;13815;16775;5769;-1307;8794
-7684;6678;4840;-5263
-13719
13654;-8127
-1435
-16597;2326;15707
-7554;-5589;5754;8827
-3235;13477;3734;-17289;-6319
8451;12442;-15948;8782
-11381;5845
-5697;-8031
14341;-5291;14763;14494
9875;10953;5195
1941;-472;-793;-10059;-15435;11071
-15091;11860;2613;6920;-4841
-1462
-4339;12483;-17799
9620;6421;-2599;10539;10427;-16559
-5568
7123;-1742;4286
-5131;10266;16987;16220
5185;16531;7300;6710;13659;13535
-3640;2504;-4091;-4446
1482
-17868
18257;15330;8856
12242;-13844;-16410;4238
14518;-8861;8125
-1497
5600
5606
10289;14050;-9210;-14030;15165;13919
-9697;15776;6821;9095
-7014;12010;-14380;17707;-15212;1277
11728;81;-6197
-13165;7551
5614
-16177;9909;16742;1430;5999
17903
-17073;8817;3425;9650;16184;-3099
3664;-16340;8588;-12478;-9535
608;-3256;-6554;2094;1471
-10931;-4342;-17834;18301;5070
13834
-16690;11955;14473
-9734;15799;827;-12236;-301
4324;9334;-12107
13841
-4434;5665;-3114;9949;-6510
18050;10642;17508;16580;16600
-11699;-6167;-12364
-6502;11766;-18328;1754;12879
6473;15162;-5595;10110
1574
-9954;-12102
-9769
5090;-228;10820;-536;7416;7691
-5679
870;8905
1584
-16421;6774;3963
-5891;2205;-18382
-1591
4641;-2435;7674;-1215;-14352
-534;14414
3442;8728;-10576
-13123;-13589;18359;9951
12513;1379
7186;8518;14574
-17509;3749;8055
1611
-15555;-7206;-11767;-11003;11148
-9734;-2744;5895;-1625;5176;-2683
-13907
-2690;5506;-10551;-6172
1088;4627
6161;7350;-15131
5520;-5286;-1856
15444;-4855;10427;13374
17131;9067
4977;-6392;8973;-9183
-13889;369;-11861;-5659;-11551
-10147;-5142;16920
5345;9859;5915;-11295
-5780;15029;-14119;-6553;-6745;140
-15423;13775
4528;1475;12028
-5108;7865;11181
-769;-16005;2522;-4635;-3246
4817;17095;4807;8379;-12541;7773
-9854
-10417;-2769;-387;14212;14405;-13383
18400;-16738
-15057;16722
11154;-3563;-1675;139;-7726
33;8001;10755;-734
368;6337;17395;6982;-735
16658;12325;-5126;16859;14207
9871
12818;-1317;-13754;18105;-1790;-4190
11457;13666;-12279;535;16974
2912;-3618;-2470;7798;13686;12047
1638;-13945;6219;11867
18068
1632;53
-11130;2507;1195;2956;10254
1687
7035;15135
-8204;-17469;11694
-8071;-4872;-16110;-15183;4702;13263
-18081
17557;8716
15800;856;-4590;6015
3538;14836;-4073;17817;14636
15968;-3524;7799;1935
11937;-14614;-5432;4969;-10848
8406;-15785;10492;2684
16933;-7040
5798
-15969;16983;-6814
-18090
3088;9859;12391;-10014;2767
-14867;1090;1236;615;5512;12218
-14386;-14122;6570;-8444
-1921;7727
5984;609;-4882
2560;-2162;16754;54;13177
1093;-8647;-10544
8480;-7763;-2036;3162;4126;-160
-17857;-2171;-14460
-15393;-13586;4213;-11707;6075
5958;-18218;-3389;-797;-9856
18111
-13175;11447
81;724;-2485;11941;-231;8086
-16644;-10312;-1817;10655
8787;-10521
7680;-3752;-941;18252;15247;-10176
10812;15503
-15716;7236;-9645
11476;85;-8135;-11279;11550;-1952
-53;9995
9601;-9994;-9550
14400;-14050;5489;11131;7150;10399
-2865;-7511;-7760
13843;-7996
-12211;-11163;10811;14556;12047
5850
11780;7000;3864;10154;9916
12736;-8009;-14538;1210;6122;-15662
-2098;-15892;136;10106;-14493
-14194;-11427;-8918;-4088
6340;-15242;-13727;-11903
1763
-14057
5221;4741
-8596;7908;15420;11615
-11093;1127
-12530;11589;15194;-1677;6269;-4783
-3161;10795;6429
-5797;-14486;5847;5370;18317;8909
-1060;-5142;9112;2777;186
5874
10869;-2009;2780;-1661
-10019;-12773;-6453;15166
-12723;13796;14213;9429;-3735;13579
-9060;-10534;-10041;-5980;17439
-6598;16587
-13444;-15348;-8741;4376;16968;-14287
16018;-2041;-12174
1426;6012;-5629
-5907
-10004
-5910
-10007
-17137;-4257;3042;4869;15301
14107
-5538;-12995;-5220;5060;4584
6710;9225;6367
4550;-3947;-14716
7507;-14583;-11032;17609;-187;6607
-2744;12108;7901;-15438
10307;-15589;4680;-8826;16921;-5663
1830
8944;-5234;14505
15328;8881;-1893
517;6633;6975
4656;-14119;-6087;15054;-1343
-1921;11951
-4771;16467;6527
-11857;-8503;5752;14812;13935
6869;-4600;11371;-7693
10016;16414
10047
-6212;1141;9174;-18248
-625;10976;-5747;-12740;-10111
-5969;-12279
-11827;-14613
-10978;-15364;12186
13348;9000
5967
1871
4864;-11108;17460;-9344
-9507;388;2010;-11148
-8867;-17583
18262
16276;-10301
18264
-9892;12747;-975
14169
-5931;-15579;-17868;3213;-10782
-3122;8596;-1944;-17710
-14180
14256;-14677;12838;-2331
-19;-14152;-8208
-14193
16084;-16667;6591
18297
196;-1799;7847;-1625;14185;-507
-13671;-17418;-11789
-10111
12821;-14744
-7554;2353;-4035;-1989;-7083
2308;-8334
-16964;15029
-5346;-15241;8346;-1983
896;8230;-9658;-18362;12859
5303;-11339
10850;-5301;5735;-17321
14230
6499;-18118;-9223;-12315;-1564
-9265;-2296;13516
14209;-4770;13258;8650;-12252;15628
-1412;5654;16712;7261;-6783;-11280
-9107;8227;3592;11545
6067
10080;-11985;16165
12723;6900;8234;-3676;-9920
-16506;-1852
10170
-15112;-16872;-6861
-10174
10176
3874;-18150
-8377;-4107;2299
-17019;-1358
-4197;14382
5330;-6628;15507;15754;6974;-6271
10244;13414;-15498;18410
-15281;14994;2946;3431
10188
-8183;-7160;12762;-12797;11214;-6032
14293
-16514;-13155;-15732;-1663
-15169;17729;14195;4216;2559;3055
-12866;-658;-13091;-13572;-15077
-18405
14435;-11076;10959
-754;-13075;14708;12724;13764;15624
18417
-500;14823
10592;-364
2581;-11088;-18112
8384;10042
10800;16164;-6682;-13343;-271;3567
10237
-2047
-15139;-7671;283
-9642;7883;16095
-14153;-13786;-9262;2382
-6195;7033;9404
-5333;-6470;-2089;-1147;-18413;-9566
-14347
-3956;10951;17432;-2461;-17582;9966
6164
-17060;10894
-3975;6044
-16689;-787;3118
-4039;-10056;2586;13583
-180;-869;15412
15731;7779;-13242
4052;14360;-16109;-14942;-8783;-17520
1027;8841;-4122;12717
-2082
-4389;17752;-6410;15612
-10562;-7541;-5674;17161;-3662
2088
-16840;14810;-4156
6609;2642;4634;-5355;-3295;-11423
14026;-11932
-11234;-8840;13883
14273;4206
-14004;13203;15034;12587;17163;-17311
10290
-17700;5526;2424;-6603;14554;-8492
5330;16391;9052
-7011;-3286
-15819;-2671
-2107
-1443;-4766
11697;2777;8347;16158
-1059;-16789;532;12043;-4687;-4448
5659;8748
-16786;-2540;-3278
5859;-120;-2457;-16365;6862
5889;12529;15497;-1790;-1327
10437;14157;14398
10073;-10653;-9743
-2134
-10437;-6967;-5215
8659;-6999;-14952;3803;-7404;14750
13320;-10025;-9759;16334;-3632
-8689;15050;-9133;-9167;-2496
-14497;7137;-5941;-9558;-16154
-7108;8003;-1781;-15562;3066;-1056
15904;-15457;6308;-11975;14078;13774
10197;-8039
-2977;7800;16859;14844;-13888
14447
-14449
2769;6114;3704;-10427
12225;-3432;9674;-16560;-8176
15091;15067;12975
9585;2724;-3017;-17419;5950
7491;7909;-5304;3816;553
-4118;14074;15338;-14924
15380;-17560
5664;12905
10288;-11172;12915;1671;18201;15343
9944;442
9569;-3278
-15750;-397;5757
-17250;3700;-5033
7888;1090;4659;-14037;-5897
-14019;13797;-1981
2768;5220;-3383;1694
-2641;-3662
12723;14648;2872;5864;-2618;17870
-14948;17156
-7922;6085;4860;-8798;16175
-17430;-8248;-2923;-10478
6317
-10396;14299;2414
11091;11380;-17367;-4184;-16298;-15516
-23;-16824;2343;-13740;-6749
6320
5619;10118;11384;-10042;-13516;-13981
-12481;563;5591
7908;-17960;6492;-6863
10858;7757
-16887;2367
9752;671
7062;-12335;-1056
-1602;-15751;-5326;3133;-3343;12462
-11235;6834;2851;1621;-15383;783
3856;-1075;1923;-14069;-2503;-14954
-673;-17957
17410;5316
-7425;-13474;-17588;-16070;17784;1754
12324;568;5743
-18210;-4563;-5509;-3515;-9277;18335
15072;-4083;14245;-12348;-12012;-7229
-10452
-9410;3603;10121;18428
1313;15078;9978;-1483;-10334
-3409;5639;-17147;4235;8924;-4607
242;-14799
12215;16249;7949;-5472
12675;10365;11998
-5586;2018;10613;7673;-5389;13423
12081;-2483;12808;-4266;15577;1323
15668;3628;-17021
-4963;-3144;-14940;7342;18366;15999
-276;15926;17687;6522;-4814
11301;-15719;-730;-1227
14487;16280;4522;-6000;1663
-3270;14310;615;6393;-14064;10591
8822;-2201;-235
-14580
14084;-14908;-1472
-9426;9222;-744;-4954;-2699;-18272
-17957;11848;-8479
-849;2800;15474;18178;13464;-13996
6513;-12967;-8297;157
10440;4157
-8531;18392;-1769;4570;2173;-4334
2656;5684;3813;12716;-14366
-13827;-7221;11590;-4487;-3496;-13546
-15107;12162;9321;-4060
17109;9783
-7681;-5187;-6501;116;-10811;-5023
10512
17801;17290
18101;-11079;11686
8498;7255;-3656;2088;8622
-6082;14145;18244;-4008;4394;-3886
-5908;-15333;-1534;12253
-6427
-14306;-12292;7881
-2335
-8177;4449;-6756;-13343;13295
14147;6294;14667
-16517;3752;-10062
4145;-7980;-10800
3634;10628;11689;17358
9582;13247
14640;-14642;-2457;-11803;-379
-12212;-17287;8344;-1678
-6454
1072;2820;-16442;7308;-1214
10551
-11461;-6197;-8981;-12587
-9447;5129;15981;11422;-11999;7663
7585;-8883;7765
15664;16028;749;4845;-6239
12754;13938;-16125
-6473
-16162;-8307;4778;2845;-14207
14880;-8400
2403;9464;1593;-2875
2395
17004;-3248;17311
-6516;-12265
3889;13825;1137;-8308;15191;-6953
-13073;-8625;-15155;6934;-17535
-15619;-7573;7957;-17576;1740
12737;-1827;15286;17102;-16320
3920;914;10146;-7111;-6471;-16092
16788;-17179;-14304
-16146;-6488;2727;-7085
-6514
10225;17444;635;-1549;-14687;6735
1203;-7720
1601;-5188;12425;-15356
-5074;3082;-16816
7446;18057;5292;4397
18008;17304;-17961;7757;1902
-12024;-10570;7869
9457;6567;-1673;5081;-15101;-10864
3584;-17010;-7098;14123;-15261;-9453
-14733
10638
-6227;17782;3182
14738
-17681;-13956;-3783;15256;6204;-13071
9412;15222;3558;-9431;7338;-11356
13014;-17150;14783
-17254;-4535;-16810;-8714;-3499;-798
-9926;-729
2462
6562
18170;12973
18161;4790
-14577;11459;-12005;-6492;10924;13167
10560;-4644;6723;-5420;-17888
-16392;13913
6575
657;11314;-10996;3529;6170
13426;-17125;3268;17652;-16429;5790
-5969;-9941;4475;-17196;1567
11889;-4339;-10039
-6641;55
-822;7190;16601
14443;4430
3458;10452;-14904;-11337;10941;-5200
-9564;2974
195;16583;-10874;17070
9064;13915
-12866;18338;15337;-18303
-2508
-3002;493
-7733;-16695;5190;-11944
17939;7494;5512;12143;16767
3417;-4140;4571;715;10239
-18056;13640;8201;-14496
-2524
306;-8504;-12458;-16650;13610;-7501
13124;9880
-13937;3220
-12267;1547
4743;5979
17033;5179;-6717;7517
2704;-14820;6197;13914;6557;-12014
-7813;-15209
404;6235
14354;-11801
7379;13523;7814;-4106;-4331;-9532
3184;12563;11387
-4897;-17443;-16886;15466;718
-9397;2068;-3430
1427;-7175;-6732;-14668
9217;-17060;-17974;6860
-9666;6950;8827;-16878
1074;13202;-9635;9591;-16811
-9250;-6903;-10407;7595
9203;8614;-10569;-17259;-13611;557
-12970;3434;12122
9810;13257
-3505;14284
-9218;6629
14878
2592
12984;-12430;-2158;-17374
2597
-9329;1892;15756;14812;16332
15937;-9242
-1282;-3427;-14276
-3041;232;-4811;-7277
4565;-1736;-17728
4736;-17157;-10230;17110;4234;-1307
-4760;-3736;-5912;-763;9675;-17600
-2619
-9556;-1462;16293;-9222;-10094;7326
-1009;-17997
16080;-9369;11
10202;619
4022;-10750
-14922
-16873;2409;15516;9773
-8386;5028;-3639;11881;14586;15932
-15361;2022;-8828;3788;1100;-1742
-10433;-404
-2497;-3298;1433;-6254;17358
5398;6777;3227;15916
17345;1686
-10840
-8087;-14346;-15628;11084;3998;-4256
-5969;13809;11847;11644
-10854
16500;9206;12318;-10783
2993;7106;11096;-15897;1886;-13952
11568;3329;1396;-8008;-15053
-4547;-14664;-6251;11901;2222;18110
7138;-9844;10201;-14270
9100;14060
16759;-1788
11173;-5079;-5127;-2587;-1068
6403;4137;-13229
-2884;-7188;-11335;-12379;13356;1357
-2804;2022;-12632;5016;12826;-11213
10885
-16727;-2352
14627;-3573;-167
13569;1394;8218
14992
-8577;-7158;-7450
10901
10903
-5949;-13151
2718
11089;16207
3755;-14672
3872;1384;5662
-17430;16958;15487
439;13351;5016;-7886
11016;-8287
2730
-14689;1888;7127;7322;8316;5054
13557;5494;6616;-9337;-16779;15469
-17116;445;-10640
17973;9339
-7272;11913;-5835;15327;13183
-4849;10241;-7657;5005
7153;-306;-12105;-9403;3726
10936
6840
-16683;1647
12610;15762;18379;13342
-2751
-15041
-9381;3816;17945;-7756;-1870
-2756
-9237;-742;152;7071
2947;-13900
10242;-5124;13544;-11804
8314;-8461;-2445;18398;-4848
-13638;-14840;4859;-7821
-11258;8489
418;9766;16891;12188;-16014
2931;16771;2533;17401
-13025;2056
-11702;-7755;-3836;-16350
-12802;178;-7485;-7248
16115;-11798;-6057;-5098;15850;10155
-15955;-3524;-9319;9630
4354;-628;10790;-10519;11864;15596
12900;8726;10967;-9994;-316;17374
2793
-13784;11053;-8255
-16406;-729;-14332
-3204;-13320;-17882;12762;-15020;9292
-12657;-7637;-17959;-7272;14056
-15027;18216;16569;-16683;7915
-4225;368;5411;7878;13847
17104;-12659;-10280;-11643;15514;-13132
1907;1194;7899
-6908
1424;-385;15044;-13303;12319
16432;-13812;2648;-17913;1641
11092;5015;14393;986
5890;69;17337
12406;-3755;6458
11013
1649;-7723;-14092;959
3109;8491;-14430
2832
7984;9153;-14361;-13099;17258
16803;-12437;16534;6521
4218;-15263
8291;10438;1432;1705;1468
1978;-17533;8604
16339;10628;7446;10278;-876
9875;-3416;12782
1864;17369;235;-8416
-14018;-15586;-13466;15630
10084;13261
545;9637;4651;-17470;5503
15155
17328;-11233;14848;-6023;12523
7603;-9210;-4589;3326
9253;12618;-4283;-10622
18192;-16707;-8164;5112;-5402
-9516;-17997;-16320
-18282;-9168
-2626;6771;3159;4455;-4186;-4698
13424;7410;-11141;-2719
10048;-3506;6851;-15180;12861
-11059;-116;16979;-7574;-9305
-15857;-16579;-6104;-15386;-18234;3738
11476;10966;13213
-18198;13805;-10783
18433;14855;-15705;16218;1118;-15647
1456;3829;-12270
-6597;11941;7113;-6270;7519;17855
13601;13866
-4849;17892;8296;-2972;17292
4131;8267;13260;-12301;-2270
16129;-9690;1402;2844;-17680
14112;13362
-16196;15107;16279
4328;-11327
3305;-400
-11588;9175;11852;2270;7583
14753;-278;15398;5803
11101
-13064;2761;9278;12127
449;17899;-15438
15830;-17767;-8459;15770;-8286
4945;-14652;18011;-5392
-11112
16697;1180;-14958
5539;10137;6410;14554;16906;10815
5843;-10391;3608;-4334;-1744
-4915;8883;-699;-14384
-10150;-14185;13533;7870
6164;-14909;-10576
1841;17479
1568;7675;-6303
8657;614;4423;-16970;17818;-17484
7037
-7038
3810;148;-18186;7181
-3063;-12056;6744;5419
8368;15777;-2006;-2799
-10295;-17241
-11154
-11618;-15933
4196;6970
17440;18273;7411;39;-3323
-1793;8756;8888;1674;-9615;15551
1744;-17128;-4458;14747;16271
-8547;6836;12474;8719;8079
-15809;-9063;-12792;10538;11852
-7713;-12947;696;16975
11364;2519;5480;17757;2510;12511
609;-11792
-11183
15187;16149;-5624;-13913;3273;-3884
3473;-12647;10618;1850;3835;4063
-7100
17618;-1011;-15461;6901;-2265;13609
-8565;8936;11817;-1722;892;-14367
3014
-5014;15846;-10712;15993;2507;780
4482;-11600
3778;-1780;-5014;-7
11187;-8714;-13694
-4406;-12806;14182
13787;9725
8706;4834;3316;-10167;12728
-8806;15935
-2694;-16727
-3037
-4293;7337
13810;5317;-1367;-2424
7690;3551
-18083;-15716;16820;-8230;5772
11906;6919;1960;15035
-6291;6419;18181;-8651;-16716;14206
-12785;-10593;-8348
16432;10130;15814;-7786;-7339;-11904
11025;-6502;14921
7156
7251;-9639;1112;10089;12763;10159
-146;-16706;-9460;6863
15905;12393;3439
-4565;-15398;1239;-17114
-13202;12914;16597;-15770;-9723;-10272
-11575;10444;8302
-14708;-11509;10582;12558
5171;-7204;3962;-9102
15365
-9059;-6307
14146;6868;-313;11756;3391
-469;-1114;-17882
-17751;6474
7181
-2161;12313;7898;-7424;12943
-2741;-16733
7186
-15716;5139;-4806
-11289
7536;14961;-7110
-16884;13364;10715
7762;8244;10791;-3898;17007;63
4704;-5234;17190;-1262
370;-6628;13669;-13064;17064;-14523
-1252;17732;15305
8882;16597;-14171
3117
-8917;15319;9513;-10938;12617;-10381
-7214
7214
13876;12950;-8535;3740;17951
-3137;-17330;8786;10454;8444
7346;17266;17321;10346
-8468;-12390;-1351;3430;-13898;9067
-15987;-6094;13230;11982
11997;-672
11325
15422
-3136
4401;-2787;-2596;-8116;14679;9847
-11025;-16134;-13995;-4444;-700;14479
15812;10628;-15463;2712;-6443
10165;16646;13208
-4632;-9147;10717;-16479
8849;-13003;-5757;2653
-11356
12641;-11860;-10763;-2142;-3328
-16097;-12498;-17399;1870
5204;-2039
7262
-6081;11525;-18313;9193;508
818;-2084;-3812;11290;17437
-5971;-15430;1832
-15473
-3570;7233;14596;1310
1393;-6914;-8457;-8939;7438
-13874;8728;4155;-9101;-13584
-8806;-13947;-9116
-15078;838;-13535
3248;-6195;-6467;-8871;-9497
-3987;-11508
15191;-10633;15038
2885;-10073;-6093;-10413
-6583;-10647;8886;12343;7407
-13822;1102;-15071
2853;12651
10259;-8453;17797
-4897;5819;-15390;7150
-4473;-15135
-13777;-8084;-14759;-18279;2523
296;-106;7130
-9218;6091;1180;-13568
9493;-7625;-1692;-3408
-7297;-2627;12744;16797
545;-11618;-355
2273;10154;2638;16847
5648;-18199;-2985
-9778;-1664
-13797;17046
-7346;11266;-669
-17204;-5063;-13371;-12957;4382
17217;15060;14710;13609
-9825;14320;-11849
-10866;-6818;6517;-17382;4700;8303
11233;-13782;-8902
10258;1625;-2890;-12252
5250;14375;11623;12535;-11853
15548
6515;-9776
-2545;5809
18288;-13225;17870;-11472
13284;-16477;10559
7366
-7367
5667;18084
-13458;9937;8017;11064
-16298;-3915;4652
1101;2175
7374
1600;-9725;11404
-15076;-10806;10312
-4066;5843;-16759;-9642;11099;-14334
-10915;9204;2151;-3724
-98;-6436;9820
-12788;1306
2546;8937
4321;-11603;-15927;3530
-15584
15601;-15221;14458;751
-13201;17666;-7496;-17656;16635;7358
610;-11220;-17796;10233;13850;15822
193;17123;3908;9557;3979;-2781
5440;1431;5223;7598
12872;-5466
-7408
8825;-12444;-4012;11484;-17376;-2080
-14786;-4778;-17019;-15884
-15604
8497;10739;17622;5402;-6172
-12547;13203;-10086;-2086
11037;4575
-14851;-11015;361;-15307;4843;-126
-16546;-11360
-7009;-17537;2454;-6151;-4648;888
-3156;-4271
7136;-8466;8034;-4474;-8158;-9696
11986;3638
-12274;13538;307;13524;537
1650;-4085;10244;16438;11867
-3879;137;15612;-318
7024;-9156;-15418;14186
528;2843
10465;-2695;8104;3881
5281;14475
7471
-2419;8067;-16182;18006
10000;-7523;13155;-16248;12187
17129;3786;-9343
-11240;-8525
7480
9730;4659;12388;15286;5818;-3534
-15679
-5411;10932;12789;-10824
-6785;-13780;-772;-7787;-5628;-13696
3228;-4510;-10303
-15686
3399
16816;-12562;-15848
7332;12457
16337;3982;-12815
-7505
-9362;12052;4116;15770;-10974
-11604
10353;-6937
3795;-7533;-16064
10465;11027;12298;10589
7201;16322;13622;-13244
14516;-17637;-6138;-922;-8525;-9294
-15847;-4571;12059;-6108;-9438
-4246;-1272;-10136;-5353;9389
8560;15974;11661
10800;-14232
-7530
13313;2201;-3885
-12985;14473;3102;-9855;16895
-12388;15832
17857;-17443;10596;-13319;5754
13968;-13585;-3284;2468;9175;-16287
1977;-347;5915
-11539;2908;-12447;-11056
-13218;13169;4722;-6314;-18206
-3469
2898;15606;7881;-17434;14474;16907
6065;-10835;-5220;-16103;6236
-11665
4160;-739;-9621;10714;1707;-17887
11975;6073;-14574
18210;13749;14374;3431;-5326
-121;-11550
9382;12199;15879;-5308
15056;5699;15494
-11297;-2195;-2278
3482
11678
-930;2520;6587;-12;3516
3493
10560;4849;-18376;-797;7260
-15911;591;-16864
11546;283;14412;15996;5501;-11455
3764;8617;16233;315;7357
-11712
10288;-8338;-12375;-3659;-18112
-11717
9860;-13386
15666;10194;-5685;-7478;-9564;8589
13906;2915;15427;15767;16958
2852;-17621;-4838;1254;-10602;9037
-8872;-6953
-3685;9142;-1737;-2845;-16702
-15113;-17101
15717;16328;6250;-18365
-1153;-10588
5768;14169
11745
15842
-17857;-16837;-8230;11034;3755
-4179;-1114;-14651
-11756
-10836;3174
-18035;-7829;-16456;-8142;18223
-8566;38;-14685;17597;-2047
10576;-7683;-12506;6046
15857
-2434;14033;-2039;13464;-4713;1645
18069;-11607;-12041;-8956;-9519
17891;7318;8218;16635;1324;17727
11770
-3618;11049;4538;2652;17583;8239
-17138;-6928
17297;1859;15014;-1913
-7633;-5141;-10493;-18398;5309
7268;-2248;-13322;1163;3549
-13313;-12241;-17762;-15506;13075;1195
3846;-7438
-10673;11281;435;11720;15405
-17634;-2;17681;-11832
18306;11193;-9885;12653
11409;12670
-8549;-3243
1920;-7971;12106;-2797;-15055
-11798
11505;-8627;6214;14057;939
-1895;439;-7722;-5083;10650
7708
10554;5051;12587
14560;-8436;5692
-10433;16833;-10031
-456;-8123;-7723;8574
8391;-15865;-7260;11102
96;3539
-8145;-1826;-14147
-7892;158
-1557;-9178;13258;16602;-11392
-4195;-3448;8810;-8909
3219;-760;15544;14314
10443;-6797
15747;11908;8761
-9889;-12834;-12540;1118;-6911;4639
15600;7393;-5047;-9195;-1005
12663;-3992;4088;3179
-16913;11716;11003;29;-4190;-5296
-12923;16575
14951;-14698;12332;3357
2256;7760;-3699;-16088;5976;11547
-6132;5892;-15388;-16703
13076;1066;-844;-12270;-4687
-14861;-9280
16641;-7412;11351;-1786;15961;1675
2018;1572;7957;13446;-392;-12746
-14626;-12019;-13886
2996;-9227;-1533
-7765
-14821;6694;10311;-15611;1563
7778;-3
-18326;6453
18259;17892;18218;-5165;17389;-5566
3692
-11352;2957;4701
17234;12109;-14735;5471
531;3895;11850;12362;-16751
-3700
5392;5863;638
-5346;-13365;2247;216;15289;-6843
11898
18120;-14413
-11925;-4079
9746;12786;-6521
-12369;-13826;6612;-10966;-10042
-17969;2371;3674
-4402;898;-7048;5896;-7643;-11920
-18066;6133
10489;-15082;8505;8089;9147;-17405
-6850;14692
-4466;9029;133;16123;-14812;14125
64;-16396;-11196;11487
-9148;-15086
4881;2433;6371;7350;16190;-17088
4752;5666;-16374;-9993;3641;16061
-3569;6752;5531;-863
-16055;2055;-14333
-2020;10260;933;1546;-14477
15777;-4499;14002;13220;-10167
-11201;-1971;-6971
-10775;7015
-8327;697;3870
14259;7077;8057;13690;-14747
14069;9115;-15327
13552;17505;-2717
-11973;8207
-1234;5060;-11628;-8253
13472;-2948;13636;11252;4630;8782
16048;-13222;6101;-16795
3984;-5397;-14649
-16225;-13956;10022
258;-16323
-7873
-12932;-7229
7873
7875
-16070
-791;-2537;-11822;-927
-773;-7703;-15802
15920;-3930
1762;-5780;-3576;9752;4235;9695
-8451;15114;12955;10380;2478
11477;4621
-5091;15287;5903
2882;5668;-1323;8412;8623;16415
16104
-6549;-6119;8572;893;11886;7422
16106
-3526;-4189;16877;-5344
15645;-4815;5279
9297;-11752;-1373
13604;-3962;9161;-10877
6038;7339;3740;412;6781
9977;10238
-17778;-7187;17037
6211;-18235
-2628;-2164;8087;16921
3833
304;-7729;-14114;-17842;-17702
5283;-4532;6573;14;-3503
-18418;16981;9624;-12028
-3845
16134
7093;-8551;-9081;-17884
12208;-7331;15116;4782;-8640
-7947
-15058;-2130;-11428;-16311;-9117;1039
-900;-1095;-7943;-15113;12267;16639
-16145
-16529;-12005;-3995
-1473;-714;6046
6656;17474;-6996;-17638;-11549
-6850;-9506;12170;-13229;-9166;-18240
3830;14135;-13610;15113;4873
-7284;-12389;-576
13442;-17190;-8024;-13291;17098
-9893;-6265
14114;7816;15832;3963;-13279
6619;-14588
2403;17828;-14374;-3559;-6172
-12360;16233
4264;11898
12209;582;-14301;-15359;8894
3878
-7978
-11834;3853
10949;9126;-2874;16122;17659;2060
16338;15016;13502
2611;15587;-4903;-7932;-17456
-9834;187;13548
-5334;9445;6550;5528
-16192
-8641;17378;-2645;-14096
-9138;-10725;14100;8040;18015
4772;-1670;17190
-12562;-10116;-5808
14982;-6971
-10077;6157
11236;13167
-9729;1708
2707;4597;4470;-10280;-4282;14910
14320;14097;3077;-8759;-14704
3888;16688;-8448
8033
-16227
3940
5810;1747;-15701;2710;13945;3625
-10133;6964;15306
3951
2864;17475
15088;-8770;342;-17786;7163
-5697;5159;-5944;2519
-13700;17748;-13116;-11280
2674;-9670;-13353
6656;7857;1745;-2757;-5440
1408;-15299;12085;9871
-10177;-4132;4789;-7351;-12759;13370
784;11954;-1447;10920;-14144
5074;2997
3977
11499;-2652;3326
18229;-8664;-12267;9102;13967
12432;-5570;9412
3841;6203;-17694;3662
928;10531;-7227;-1276;17420
-7138;-4264;7405
3996
-14689;-9588;-4297
-13588;10083;3123;6949;-11032;-7725
15017;-2827
13749;8390;-5852
13281;-9845;-2710;-171;-8651
11174;-2168;6553;-10539;-9022
4003
16294
15809;-13817;10207
17269;-971
-11186;-6003;89;-17678;3677;-5679
9267;15811;-8747;-3916;-205
-4177;-8675;638
17091;3749;15559;-7802
14595;-2760;11063;-17610;-1263
-12222
-5314;7732;13805;8286
8136
-6433;16321;17749;-15070;-335
2481;9014;-3357
-16336
5312;-10184;-17464;-4233;-14345
10513;12737;-11008
-17137;-4289;-2324;4451;-17990;12758
9152;-17781;-9445;11958;18359
-4052
16033;16471;17288;16874;-17552
12251
-786;10836;6621;16061
-5826;-13282;12201;12027;15325
-2801;-9457
-4789;-15302;6134;5974;-4122;-8346
-3957;1588;10101;-16432;12767
8164
-10579;5245;-2832
-1266;-3058;10755;-6310;16239
-17554;-9290;-14094
-12271
13319;7592;574;-13311
16371
12999;15196;-11822
-14706;17155;18021
-17586;16626;-2774;11918
470;15911
4094
12240;-13651;-2685
