-8193
-12289
16386
-12294
12307;-14183;18092;16558
3445;2215;11912;-17566
-12301
-10023;-2283
-17601;-14466;-7098;8844;-2814;16733
-35;-11688;-4763;13996;10703
-4119
9251;-2903;108;-2336
4209;-13241;4972;-9502;-11040
15171;-15145
9363;-788;-13309;-3487
-16413
17105;16193;8531;4084;11830;-16752
13056;2610;4845
-16193;16161
-5427;-15227;8334
33
-16627;12408;-10973;-17742;9582;6927
-4633;12874
16960;-17015
-18181;7252;-406;12345;4682;10749
-3889;3829
12347
4156
10577;9963
977;-17423
-2453;-13996
8258
-5779;5846
-5478;-16247;11175;17884;927
14627;-17784;3100;4222
-7255;-507;-12363;-2893;14749
-83
-15395;-3368;18121;-5834;12143;14895
-4131;-709;-890;10108;-8559
12083;-16267
-15426;-5145
-6801;-4292;10135;13340
-4500;-1079;13016;-6010;17530;-6571
10801;-9317;-12263;18102;5466;-12686
16488
-7074;-7042;16651;-2429
-882;2580;-15624;18360;-13146;413
-6548;-11062;4958;-16128
-4207
-14433;-3475;-18376;2650;-3342
3698;4580;-16583
-5212;17614
-115
2469;-16682;-2288
7280;6009;-16396;4524;2798
17824;-2197;5997;-9216
-4945;16948;-12826;5114;14682;18012
3220;-16359;-6567;11391
2641;5192;13659;-11758;14974
576;5781;4971;-8428;-10748;-477
4736;15879
-8195;16338;-10470;12152;-14058
-4233
4227;-4565;7175;17176;5755;-17342
-8332
-10242;-15397;-3559;-3712
1589;6181;4661;-13128;13130
-4394;4541
8341
12440
-7363;14660;5772;14924;-11455
8449;-11302;-10566;9165
-17445;-3222;16412
12545;-8772;-3935
13672;2233;-14910;7359
-14465;-11458;-4359;-14937
-15988;7412;2212;8392;606;-2800
14491;-10222
-17;12455;14151;-10030
17536;11877;-12471;-1611;17613
-2340;-8661;-5563
-14945;9786;-3661;6621;-15550;13471
-8052;12332
-16979;-14359;8265;-9882
-18008;17848;16735
3011;7940;5628
5072;11957;-12736
8232;8349
-12342;12143
-10737;-13498;-543
16290;4899;1080;5723;-11406
-15572;-9695;11711;16095;18143
-12804;4803;3700
-13298;5250;-4646;15223;16908;-2845
15128;1466
16402;-12264;2088;-6299;8478
-11569;15569;-4218
-371;-7306;-4829
-10919;-3847;-5933
14691;3769;10430
10164;-3146;-8666;5964
12290;17286;-679
392;-5018;4397
17698;-389;-9304;-7773
-8425
8096;2049;11974;-6665;1163
13604;1252;2681;-2973;14349
-16631
-10033;1593
-12537
-16697;-8138
-2347;-2284;-16110
-16645
9397;-12250;-15755;18346
-12385;-8097;13766;3606;6811;-3440
-10456;-13384;8540;525;-14159
-12565;-8597;-7834;11070;-10256;15631
-10372;10637
868;-3397;-6155;-12062
-10593;8003;-14982;-15159;1676;-6078
15892;17147
-5816;10187
-7409;8482;4009;4940;10733
16228;-10427;14956
16664
3362;-9415;3032;10925;8461;-16080
16669
-2211;11908;12698;-18012
6528;-7574;10760;11195;-12430
5553;17859;-1845;6262;3961;-6925
292
12273;-17589;5801;-18026;13151
-16354;-14835;-4600;15335;-11289;-1321
-4376;-16400
4392
-1476;-2919
-5255;-1002;14748
2401;11955;6597;-18343;-7007
2848;2727;6487;8719
9904;3844;3942;-1004
-13476;-15062;7751
83;1812;8525;10366
8500
14368;17349;-10823;15259;-3072
-10084;5669
-16577;8146;3858;8873;-8716
-12609
-16720
-16721
17041;-4586;-11275;-17901
-8440;14059;7006
339
14565;7110;-855
-16726
9680;7046
-11089;8624;-1447;4254
12632
-7190;282;2779;12668
-11649;-5826;9017;6475;2333
3826;12437;16857
18402;-15988;15734;-13545;18360;6063
2931;-15573;-14330;15786;2638
14257;17683;10966;12663;12234;2187
11939;16435;-5883;11774;-5232
162;12274;-3731;4915;15416
17298;3370;-3918
-12655
-8559
15522;-8899;11637;18122;-11439
-7158;-4071;11597
3696;17588;-7256;-1372
4049;-3890;12514;421;11430;16807
-16763
-2338;-14456;26
8577
-4513;-11270;-3561;1449;-7069
-393
12483;-14759;14957
-17971;11333;-4759;-16601;13610;-6492
10965;8837;-7767;4359;-6650;15231
-12043;4924;7519
-10819;-8154;11497;-1120
-6308;12251;10844
5216;4785;-13682;4743;-1466
12674;-17368;9897;-4091;-17901
16528;16164;9189;17510;-7818;-18400
-1834;-2668
1968;8294;14536;-13003;-7293
-15897;-9086
16329;1727;-5360
1889;13858;3317;2086;16123
16793
-17411;-8580;-15381
11651;-12807;-15640
415
-12482;-6802;15226;8573
-9605;9182
16810
-11960;-16651;11322;16860
-13516;13086
429
-5153;-6418;-1148
11875;-15531;7867;6300;-13918;-9312
9600;-5572;-5241;18031
9172;9029;17590;-2905;317
4531
2497;11287;7978;-4942
8496;-1258;-7676
13443;-12551;12807;-5066
9859;-1973;13035
3603;-966;-871;6168;12830;12446
10736;8147;-13654;17110;9207;-10624
-11353;-15689;-858;-1216
15217;-4645;6811;-6220;-5632;-992
7920;-16669;8957;8431
-17905;7732;-12807;-16407;-10220
16840
-9444;-9400;4136;-6233
-5350;13995;3627;9613;-5038
-4561
9897;1338;4556;-13149;6014
8322;7337;-12634;-1978;-5613
-8804;2838;12134;-11832;-1131;-1870
-9847;-15849;-11645
-12767
-10945;-10014
-480
-10913;6274;9593;-4475
3041;15521;853;-2552
-12869;-8093
2737;-5691;11628
-5297;-14389;1077;-12006;-13309;2478
-9239;5495;14871;5742
14017;6952
-17751;7913;-3867;-6653;3484
17829;-17339
-8684
-12514;-614;-3595;-11947;-13262;16863
17301;-1127;-15678
-15745;3221;6022;11287;-12927;12734
-18241;-706;16419;-15672;-6875
448;-5302;7877;-5147;14911
-12793
5456;-18250
-4196;6309;14777
12320;-15428;-17512;13324;15998
11504;-2567;12055
-11682;6025;-7611;10175;8095;-17808
7970;-10075;-9483;6874;-17790;-10783
17176;5736;-7627;-2479
-521
16164;-10377;-5263
-6693;1141;16028;-5855
448;-4290;-15011;10134
-8161;8687
-14852;10227
-2018;4225;-15035
-8733
-963;-14293;4102;-5771
541
6192;450;8579;7366;4104;2523
17719;8583;-5883;603
15234;17187;7046;-16427;14367
14768;-3283;7779;14357;-2506;-18284
-549
17941;12709;3101;11854
-12840
4653
-8751
-12848
18242;4551;12808;18207
12144;-8177;-10757;7350
14481;-5523;-4294;1131;11149
-7411;14393;-12059;107;13726
8953;7998
8762
-6498;-1943;618;-13230
16961
15473;9191;-9418;-6475
580
11024;5940
3489;9380
-2321;-5379;-1828;18303
6721;6869;-11543;1850;-1148;1932
-4438;-16632
16709;13797;-13526
-7732;-10054;-14267;2783
-12887
-5939;-17914;-1325
-14865;10690;-14164;10553;11212;1277
-1955;-7836;13694;-8608
-2501;-4325;-9562;-1581;12606;-15728
-2740;15524;8969;13066;-7340;1804
-1441;8145;17681;6161;-5257;3996
4709
613
-418;-15014;5544;1499;5726;-10240
-16467;-8727
-2694;2073
-1517;14061;16751
4720
4722
-4419;-4615;-1146;11836;11263
6673;-3687;6250;-413
4438;-13535;-3823
12921
5824;-11426;1363;16997;13801;2749
-8330;14637;13197;-2287;7999
-3207;-1532
7538;-9263;10606;-47
12935
-13761;-12546;-13395;-7830;-3597;-6863
-8841
4099;3622;-5495;4665;-6239
10051;12104;-9215
5209;-10010;-12237
10834;-4356;-8664;13497;-10656
-8854
-13138;-13572;9700;8165;-4477;-11917
9107;1268;16312;10841
-321;1459;6676;5097;15371;-7136
10601;665;-16031
4764
12957
12897;9700;2649
-7267;-8276;-13910;6550;-14636
9925;11993;-17147
18167;7918;-9199;14734;5919
10866;2109
9960;-6826;-2447
-14546;14049;11747;-13828;13717;-10448
-4803
8900
16416;17354;3805
-6742;-2168
16466;7076;4372;-9401;16170;-17581
17715;-13398;-12714;7931;-16557;-12368
-10486;-2523
-3985;-3273;-8250;185;-14077
-3844;4484;2356;8441;830;17135
17120
-8225;-15509;-13510;8183;-17437;17087
10769;227;13428;17276
16691;7940;-6;-12204;8799
-11793;-16433;6610;-2132;14815
3334;-8746;10539;-11454;-6703
-11049;-12492;8238;-8527;-16623;2847
113;7252;-220;14268;-3310;-9166
747
-6450;-884;-17990
-13027;10148;-13205;9591;7240
9605;199;-4958
-9348;660;-12825;281
3680;-5636;-10645;16280;-12623
-739;7878;-13273;-6909
-761
-14662;-17880;11293
-16913;7601;4130;18245
-15637;10966;-4621;318
-17166
17167
-2483;-3622;8715;7196;-10591
10658;-9868
-16322;-13844;-4710;5462;4043
17665;363;3247
-12658;-9352;-7467
-65;-2167;8215;13689;17996
-17671;-7710
276;-2342;14871;-7904
816;11329;-9866;-7182
12416;8250;8815
-16642;16503;-12960
-16657;-3444;9908;12933;-11754
16257;-3146
9376;9115;17757;-2656
8993;-18082;18106
17041;-8678;11686;1693;750;-13471
-9585;-17554;8565;-11913;1388;11884
15760;-17809;17901;-16687
-9027
9027
-9029
-16165;3333;-12998;-4518;-10122;-17711
-3009;10090;6045
12161;18389;-5831;3722;5166
16082;-9013;14250
18150;-13214
1924;-8094;-2864
-11249;2215
-4324;-6598;9407;-3424
844
14512;-2611;7619;16004;6106;-3917
851
7904;4458;-11504
860
-13940;-9692;-5901
13216;11244;-7214
14666;-987;-14542
-7761;-12771;7898;13501
241;-3619;117;-3836;7966
-13165
6821;-283;10731
-17276
14786;3987;580;-4102;16714;9886
1650;212;6982;16623
7458;-12772;6206
-513;2629;-6087;-14398;-7104
-17429;8470;13951
897
13620;6996;761
-8561;15700;3798;3771;-13806
-5001
12722;-8760;-252;17676
-908
-910
13198
12518;7899;-2638;9341;-18239;-9792
14624;7121;7941;-6055;15703;14826
1845;-14359;-1936;-2848
-17602;-17509;-13694;-12159;6799
7137;-14010;-10428
5505;8546;5047;15687;-5193
-13138;14063
11051;-11981
-13218
-8325;-17183
9524;-11909;-10840
9312;-11938;15850
-5033
610;14794;18301
4480;12184;-10057;-15739
12465;-4823;3927;-12512
-3892;-7109;-17516;-5548;8543
9138
7330;-1945;12445;-8687
18145;1219;-1668;18051;-10220
13242
10928;13425;3314;17587;-6173;-9455
9148
13246
13635;-8581
-15346;-10439;15322;15279;-3856
13251
1713;10935;-14409;-15465;-123
9158
18002;11396;1620;-2765;5485
4652;8607
-18081;-1844;-5623
6502;8554;14587
10114;15434
-8098;14419;1861;-7512;-5741
16262;1160;-4158
-16660;-4797
11175;10283
7954;18214;-584;-5770;1645
18020;-5077;14982;9815;16490
7153;-4678;-807;14890;9003
4002;5786;3486
1808;-10428;7631
6144;-15650;-10346;14767
-3795;-5386
-15510;-18251
10881;681;6234;15964
-9187
-1429;14388;7205;-5964;11373;16383
-211;7220;1111;8925;-3760
-11665;5507;518;12920;8712;17773
17075;15459;-17109;18345
-9365;11862;-6077;-13807
-17387
195;1491;15702
-16513;-17089;-3202;1862;5049;-3885
-2980;16278
-5108
3189;3079;-5498;-16861;-17694
-212;8455;-3130
-9210
-14914;5907;-11510;-17367
7746;6962;6793
6065;-12035;52;4533;2589;12111
-1032
-11026;4310;9371;3164;11597
-10099;-15271;8505;15531;14654
14058;11551
-15604;16452;3941;-3707;-300;8445
-7026;-13194;395;-5790
-4706;-2436;-5387;-3918;15405
-1265;15634;-17765;-472;4910
-9909;-5974;-3883;11243;4254;17599
1650;-6583;6345;-3067;2698
-275;1324
1053
13341
-9247
13346
1066
11843;-2744;16472;-9625;-3034;16828
-6804;-7749;16293;1015;16106;-5504
10930;-9860
16273;49;7873;10163;5316;-9930
1072
4698;-13964
1986;-9749;-4123;-2590;16510;3135
12067;-1865;10649;13917;-9119
-9270
-17767;-14654;-11630;18397
11113;15037;-8688
9274
-17469
13873;5270;14712
-15978;2809;2473;7564;2894;1327
-11298;-1875;14187;75
1092
16388;-2389;-4714
17249;16786;4405;-13512;-9020;-2527
17478
4306;53;4613;13720;-3164;18431
9937;3447
12192;12937;15020;8255;14143
-15898;-13883
2467;11513;15803
13697;17205;15592;7868
4129;-2328;5944;13850
3152;10254
-8721;-289;9130;10333;-12622;11485
16465;13333
331;13085
5989;-2120;9005;4639
17978;3631
10113;-11245
15356;-10127
-18374;17240
-16337;-2647;3784;5865
-2520;-10912
1412;14516;-8285;-7902;13406;-7903
-9342
1152
-9346
17538
-12022;-1424
-17186;13142;12936;-11275;15834
15715;-12905;-7786;-285
3473;14079
-8017;-10945;9716;-11832;-17515;16941
602;12858
13506;963;-4037;11221
6538;11007;16735;-336
9370
-17563
-17273;13950;-18336
-561;-14849;-18277;5705;-15149;5086
1845;-10024;-1196
-8930;-4541
1185
-11331;-2328;-3914
13481;8189
17577
9074;14250;14734
-10433;-193;-7953;-5641;-14304;16847
8353;15714;3972;-11974;-2575
11397;-700;-15997
-12439;-17834;393
-326;5629
16355;-15143
-161;-6113;-9586;3298;8179;5598
9408
-4393;13804
10432;10435;8038;-10041;-16144;-16240
8805;8510;12414;4271
-13094;18426
17620
18036;17096;12504;-5007;-11359;-5456
-5336
5633;-17270;3141;-937
8338;-17061;17013;-7049
-4158;-13471
368;17641;-12668
7265;-13747;-4660;-5428;11227
-5344
-15171;8663;-7035
-1258
-14339;13080
15187;2456
17643
7201;4903;-554;-16910
-8519;1398;14375;-3211;-9404
-9319;14680
1268
12248;-7037;1630;-8111
-10433;3744;11730;5989;-5664
11394;6116;-2439;6138;8443;-7900
-1619;13922;5354
-2485;-11622;-4936;13672
1953;-11398;-4135;13884;-5680
-2353;-9890;7602;14115
-6484;406;-7178;-16703
-8243;-1990;-1610;6458
6243;7460;-2842;10907
14017;-212;-18111;17887
-17667;6452;18022;10857;16399
17680
6880;6065;249;-522;-7280
15779;420;3511;-634;-17774
13590
1307
-9503
-9234;5803;-10684;-7677
11457;10334
-17698
-5075;11849;10923
13040;14000;3914;7227
-9156;-5221;-13339;13131;-7216
-4084;-17493;-15577;-1033
5419
-1325
-9492;-4121
3249;15558;-5192
8600;4217;13087
2579;-3060;-15844;3029;4985;-1213
12592;-4008;9480;11289;378;-16109
-392;-16568;6504;17161;-11659;-12766
-16529;-6419;7997;781;8735
7488;-3505;-10547;-9544;-5712
2353;-16292;10054;5226
-9411;-14022;-1414;-7671;-13880
-6561;-2883;1768;9516;3599
9537
17733
-13702;-5352;9128;15372
9543
-13640
-4212;-10235;13755;10236
-11697;-15069;-7359
8594;-18143
-16676;-10887;4822;903
6323;6567;344;12907;-16592
-5043;11812;10980
15218;-17541;-10300;9643;1613
17745;14131;14547
-1458;17942;17048;604
5072;11922;2076;796;14271
-14663;11305;-2476;-16016
5465
10817;-4740;3684;-11131
-3498;-2842;-12379;-11324
-15144;6280;7243;17644;-6461
17701;-14310;13400;-15420
-17762
-9572
4914;10899;4228;1818
-1383
9176;6142;-13936
-11303;2794;-1068
548;2551;-8297;-8478
4592;12641;8731
-897;-15795;1029;-11193;889
5921;-4839;4408
-5685;-17576;17769
-17297;15901
-17781
11750;10055;16091;13806;11134
17781
7361;1268;15831;5611
9574;-8172
-8028;2527
13695
5648;7792;-15093;-16140
13120;10709;15260;7375
-1412
2210;13395;-13189;-15881;-12528
3363;16932;13892
9611
-13711
-10209;-9249;5907;16937;-4266;6399
17809
5025;4679;-10400;2127
6513;-12043
-17819
-4438;8006;9064;10971;2796;-12669
-15089;1021;-11952
1443
18214;-14343;7305;-11117;-13792
-6868;13544;-3883;-9871;12623
9642
-17892;8249
-5548
-18018;9094;-10272;-2736
-13555;210;-14932;9033;16395;12493
-9647
10337;15107;-8134;2070;13031;-10477
913;-13607;-9245
-9729;-5731;-4436;8232;6109
-13748
9653
5190;-1769;8810;-13696
-7769;7768;9658
-4356;167;-3421;1405;-7278;-272
14592;-11137;3510;-1403
-17860;5831;-1721;12282
-4562;5300;5687;-7897
-8598;-10876;-2479
15760;-6096
-9651;-13011;703
17866
13770
-3763;-5080;17179;17723
-6628;10372;14123
17878
11266;-2750;-14110
-1498
-17884
10724;16393;1131;-7884;15391;-13776
-18103;-18059;-7295;-7200
9844;11750;11382;-10986
5610
-13350;-11431;-5406
5612
17903
10833;11167
11621;-2187;16666
18387;-16863
-9719
9952;7427;5929;6891
13816
9377;-6692;-988;16220
-1545;11
5630
756;-15701;-10633;7658
2950;-6839;8727;921;-8688;-10896
8048;13250;16648;-3993;-15182;15535
6355;13203;1112;-2747
112;13716
-14898;-7124
3859;-2317
-3797;73;-1916
8548;-12821;1191;-7786;15774;734
-13626;6766;-12720;9839
15234;-9589
-8321;15969;6190
17938
14041;15934;255
-10901;-606;3533;2318
14592;17010;-2520;-2106;15548
-5662
14160;4666;11210;16588
160;6817;10975
-3443;-375;1175;8312
13861
3152;-7146;5577
-7221;-7838;9375
8011;-9278;10526;-14944
1590
-11025;11097;-9855
5687
-13880
-12554;-1404;77
-17977
-11235;-12500;3754;-10287
-17988;-17509;13421
12386;11394;14744;3752;8138;12622
3314;10868;9751;-2840;5080
2609;15586;-4310
12786;14227;2469;-3304
-1604
12784;-13141;9013;-10875;-12575;16398
2944;7300;-12056;2231;13240;4344
16840;17547
-9814
15943;-11504;16639;17407
-1026;7169;-12787;12363
-6178;-15010;11370
5724
-11669;11816;6185;-11434;6955;-11679
-9895;-14666;10638
11425;-14629;17128
5732
-4597;-9430;14246;-11111;-17979;-1440
12293;-9834;15405;4254
-18211;5526;-4013;-13616
7745;17766;-11581
-4721;16097;-17718;-1015;-14415;16031
-13934
-1241;-1722;-12764;-2303
3299;3116;-13134;-5550;-16303;2350
-16707;-1222;12438;-6360;13130;-7021
10496;7265;-168;-17849;1903
-17672;-361
17922;1222;2988
7105;-13432;4254;3727
2562;-4218
27;8220;-14000
5755
14595;11645
7684;-12008;-13725
13952
6852;-13831;-12063;13278
-9362;6353;4626;8245
-13955;6420;15065;702;9823
-18056
-3254;10775;5706;732
-11811;10837;-6232;1437
-7491;5817
4659;9302
5769
-14851;17218;11598
-13968
-4009;-14058
9875
12567;-14254
13976
-14193;-10163;5976;-9738;1853
5348;-16997;-13943;2664;15609;-10766
1143;-17960;-3384;-7504;-14960
13993
12336;-2163;-13527;-553;-10092
-14000
-835;-13141;-8218
1714
9908
-13860;-9654;9845;-17242;12810
-14519;-9592;-397;-4974;-9104
-18182;-10521;-5788
-13397;10918;12397
-14817;4756;-18119;-15886;17759
17639;7112;-8810;-17676
-16979;-14215;-3309
-8187;-9934
727;12236;-8893;-2334
14026
3524;-6885;15702;7767;-3421;17820
-13138;-98;-15412;9558;-2281;15535
-323;-12102;6665;7869;-12046
-16548;-6470;-17259;-4764;10527
-882;-17571;4854;13895;-14333
6338;-13799;-10672
9941
-11268;5419
-11655;-10584
14050
14689;18322;-7539;4771;3860;4523
9959
-14058
9964
5328;-15293
12096;109;-6336
6705;15549
-18361;4777;-4575
4864;-3377;-5202;-6254
739;5133
-5574;-10890;-4060;2347;8205
4994;4628;-15500
9345;23;-15246
14070
-6882;-9252;-13253;-13357
3617;2403;3651;13848;13944;-2909
-13617;-321;-13080;4747
4358;1531
1793
9771;-16383;4815
-12932;14732
-9617;13317;-17792
-8205;-5887
16513;-5075;-11668;-8933;-11638;14901
3216;14973
-8151;-18232
688;11858;-2548
12704;3939;-6087;8775;-175;-9152
-8268;-12013;-14301
-12274;2268
10675;-4762
-1027;-11830;-9435;-12
-14993;-14834;6868;3301;10870;-13520
-18258;5990;-14136
-7330;15156;-9655
-11410;-14966;7690;-11819
-5668;17509;2282
-11396;1366
-14127
-9681;17025;-3991;-9291
9635;-10170;-13596
3850;-11851;12827;15439;6159
-16038;6645;-10343;-17336;-13901;-16415
-14141
-6050;1062;3132
15089;5285;17352;15625;4011;14124
-7654;13606
-10051
-10052
7464;-17517
6768;-2178;1284;-3465;15836
10053
-9444;15977;-381;12094
10056
10057
13675;16862
-4844;-1118
1869
-5968
16454;-18327
17954;14661;6614;-15853;-12430;11406
-3914;6489;-702
-12514;-14932;-13174;8618;-10832
17330;-1811;6277;12846
-12978;16216;10925
8182;-14344;746;14651;-60;4988
-10040;-8220
-1474;-4501
-5979
15122;-72;-18028;8959
5009;-10179;-14134;17029;-17131;17515
-5990
-4161;-15444;7492;3850;-5919
-11772;-2413
7459;-14294;14185;5051;1787
14513;3774
14193
7730;1923;-5227;-8907;7611;-5036
-1906
1910
18295
-10659;-15651;12108
13266;-2997;10804;-4453;10102;-232
-10673;1289;7467
12273;1015;-3641;-12217;9883;-13327
-5818;-3483;-16093;-15712;-18160
-3908;4438;-11559;-4011;10363;-13631
4997;-6923
14983;-10968;14537;-15962;3433
11329;3558;-8906;-16108
17668;-10120;13351;1517
18322
5078;9367;16601;15739;-3997;4206
18400;-13848;14299;-8716
-1809;-10529;17922;1573;18359;-11280
-11169;-11265
6416;-15314;10862
-14459;8398
12642;-6325;-3448;5850;-13020;2332
1968
-16756;14583;-7514;-1598;-2974
-12147;6146;-1896;-10587;126
2512;15705;3516;-4605;-11056
15473;17605;-9544;-11881;13769;5226
11488;6050;17209
16643;-17176;-9642
-7332;-5877;-9254
8496;12657;-2580;-9815;13709
9648;-12934;6845;13885;5023
-3345;9435
-1909;1238;2669
2775;-10456;-6607
6096
14768;11824;-10009;2475;11615
2001
54;-15048;-4893;5533;4159
-10196
-2005
4136;5789;13486;-927
6437;-8442
2112;-12310
-11249;2962;6786;-10983;4264;-10172
-8772;-5524
3762;-17818;-9866;-7004;-2781;15311
-2018
4132;4037;11979;2349
-15446;13000;14905;17758;-3615
18412
10280;3001;9227
-15490;1138;12037;-12633;-3227;-12528
2031
1380;11830;-7082
3200;-1162
-2040
-3297;16660;741;8854;5494;-1836
10235
-4225;679;3911;-6509
-15994;10474;-624
-5426;8931;-6964;9607
7269;10344;828
-7489;5825;-4373;-8310
-10595;7637;13685;3925;-12588
-8241;15835;-13759
-11907;13350;-6009;1612;-7309
11012;-13084
-12307;-2056
13395;3013;7589;-13065;7531
-2090
2758;-10504;11064;6122;9037
-15537;-7045
14802;2230;956;-15887
-13331;-9684;-12181;9512;10587;4795
-14771;-11917
6207
11904;6594
10354;3622;5222;-12987
4162;6500;-11790;-990
3522;14371;11508;10215;-635
-14785;9588;8133;-7802;-603;-8939
7044;-8165;16469;11606;-1119;13151
-8963;-4860;15948
-14394;16521
933;18330;-8944
10321
-3432;-10987
11030;4587;-9391
-3048;-14729;10651;15084;14654
2136
-6609;5924;744;-7755;-10092;-17119
11505;-7481;-6170
-8915;-1424
4085;-6233
-8136;-4300;16173;-18175
-10343
-6247
-10349
-2159
7952;5620;-6839;-4572
-1671;5399;11784;17208;-16074;18284
15189;-10375;9415;-16572;14827;-10320
-6627;5220;15819;8603;-12655
-5010;-9449
-6270
3408;14688;-1282;-3964;1613
-5782;-8683
-16530;6158
-857;-13613
4832;2547;-12679;343;-1324
-3908;-2373
-6283
11441;-5091;-8388;-9780;1434
-5409;-1044;14311;9943;-11130;-12959
11990;5814;775
16853;9919
9333;5114;-4011;-12236;9132;-9533
-4227;1973;15559;-4284;17116;-3456
-3652;-13673;12011;11611
-12844;-4590;2942
-4660;-5140;-7559;-13518
-17731;-8918;-16518
9955;581;-16586;3838
-13554;-1780;-15142;-10280;5774
9776;7158;11943;-3178;2989;2206
-12961;-2802;-13555;-5674
5458;-9894;-2009;-12169
-14538
-18321;392;-10971;-17836;-13405;542
4321;-11411;-4292;-17366;14205
-3628;5883
4998;9547
-16515;5075;500;8620;61
10452
16820;-14010;3547
18272;-16010
-6171;-3564;10492;-12063;-7343
17348;9497
12033;18263;4554;4283
8593;-16262;7191;2860;-8750
-14472;-16746;1465;-15452;-15133;-7472
-10472
12560;-9143;4408;-14667;-3630
-9221;-11526;9608;4763
-10499;12676;11689;-7488
6379
4427;-2142
12483;2869;-16390;-1257
-5266;9284;-6314
5972;-9383;12619;2975;-14480
1204;-3880;-6809;15882
11216;-8911
225;-8003;3206;-1566;9550;7087
5606;-7915
2311
-13700;-6597;7972;-15494;17706;12431
6867;14532;-15992;-7370;17036;15918
14548;-9062;-7687;-11672;-2073;-15049
-7073;402;13459;-17303
14612
2328
-17988;565;3735;17608;-2362;-12079
-6431
17664;-11912;-1337;3289;12572;6638
-5032;-11339;14236;-205
11121;-314;-3806;11726
-7203;7746;-7556;16195;12996;4741
4320;-14226;-8826
-10541
-7107;-1620;-8359;2445
15074;-17146;-282
12872;1773
10935;-13626;9146
-17681;17585;-9107;9090;-13781;16255
11904;-5337;-4205
13858;12484;-14309;-8310;14697;335
15218;8660;14474;-13948;-1552
-244;2617
14896;7493;-7726
9776;-1938;-7715;-1066;-5531
-10753;16645;-4103;152;8203;-12525
6727;18071;-1935
10049;16911
3144;7435
8369;2762;-8603;-5723;-15581
17290;17869
1204;5577;-13275
147;18220;8607
-10599
-14698
7973;1958;-3289;-13150
9075;-5573;-17254;16651;-18030;4526
-14704
-17137;-10930;-17597;4157;-18254
9959;-12380
7968;6744
930;-5779;5268;-4056;6063
-11041;-18226;8599;16105;-16075;-2272
-11365;740
10626
2434
14722
-7650;9067;8812;399
8595;-7723;-7405
-10632
-8554;927;-15296
11979;-9533
-9586;-3403;395;-6732;16878
-15239;-7689
-14961;11202;-15077
-4580;12492;6829
-10650
-14748
-3889;-1575;17067;8941;-5792
4768;9987
-12676;-17109;-9495;2007;8377;-2256
-11299;-12773;11318;872;15498;-14288
10672
-6486;17996;3263
17444;-13257;14683
-3043;4947;4678
9963;13004
-7041;-14052;14280;-18413;-14126
3332;17764;-6022;-17563
3953;-14636
-10235;11723;5099
69;15527;-13354;-17022
-2740;6715;16796;15709;2879
-13009;-9545;-7852;-17151
-17396;10798
1648;-3284;13571;-9423
-10883;-13159;-12873;-2464
-17985;3589;-15832;13351;-8236;-6079
-5335;7318;-12760;11850;-4014;-15967
14784;-18202;18285;-15167;-2224
4609;3230;11071
6579;4852;17574;-13736;3643
385;-68;-1782;12187
-9161;-1563
12401;-9337;-17885
16785;6597;-14333;-11584
3601;-15922;-12249;-5993;2939;-3583
2737;-17577;12302
7384;4268;-14190
14833
17510;2999;14011;4892
882;1763;-15429;-16791;10636
2563
-2341;9003
3856;4937;-13963;-1661;15356;10428
6887;-16121;-2602;1401;13005
5189;-8937;17546;-5644;-1487
-2574
10766
10164;-16950;-7224;11434
-344;13851;4190;1262
-2577
336;6832;-6682;14378
-1111;-4471;3079;-4172
2579
6032;-11140;1028;10918;14233;-2107
2064;-12579;12275;17271;-11406;11343
1363;-8045
6690
-4758;11645;16191
6163;4052;11625;1227;13
10792
8160;-17292;-18046
6401;-4205;7085;5613
7409;-7795;-12620;10398
-4434;-11571;-10297;-889
-5203;-16166;-14155;5611;-1375
15680;5987;-14916;12250
2723;15812;-4217;17518;3550
-3486;-9071;9935
-2017;12831
8114;-2147;-10791;7114;12621
-14918
-6645;-10358;-12329;-1820;12940;15580
10080;-776;-10540;12062
6130;2853;-3960;14023;1031;-5152
-9815;15369;5275
-17240;10506
14353;4228;-729;-2923
-3132;18063
-10853;-15577;75;11422
9397;-8940;14479
2649
-14947
529;-2771;6458;10637;8287
-8209;12709;-9178;-6812;44;-3504
-3666;-2346;-9419;-14635;4410;-13870
15254;-7755;11546
17842;18277;-12040;9560;-15343;17135
-6213;6056;12905;10986;-4220;7726
-2666
4819;455;17609;4363
-12500;-2459
6337;14423;2391
2672
-2419;-4117;-6665;2331
-14967
15328;7795;-17880;11100;-18207;4542
-18343;3159;3642;-3117;17341
9968;15809;17763;-5126;2973;-18224
7056;9651;7173;-9319;4507
9858;11877;-2664
16401;2209;-1398;-935;-3000;-2397
3586;15370;125
17152;5537;-15893
17376;14228;2438;16150;12216;-6460
9346;2770;15604;-8615;-17631;13519
-1811;12713
12421;-11416;18095
14132;17241;-12123;16235
9873;-6582;16281;11818
-11794;18006;-11770;2394;122;-3773
7090;-12165;-16717;10879
13651;-13336;13883;7755;-11869;13117
914;-11833
-10275;-17029
433;-3163
4500;12150;-13919
-15021
-8734;15566
11393;-2674;-6808;15833;-15005
11616;-14357
-6839
-15492;17048;16633;10123;-9182
5251;-1031;-7931;-16412;989
2751
9127;1821
8913;9986;1235;-14538;18140;11788
-16530;6598;-5115
13602;8532;17398;-1723;-1003;-9468
-12339;-2719
-6484;-17642;3963;17391
-7430;-7168;-12752
-15067
-16387;7298;-10931;-2630;7582
-10972
-17201;-15318;-6342;-7402;-8331;-17820
18253;-7280
-733;16093;6669;-2864
-8641;10352;6564;14986
-2782
360;17433;3629;-2254
-1811;-975
13440;5730
2786
-3191;-5594;16345;-14447
11712;-11945;11215
12406;14279;-13369;2585;11466
-6888
16882;14581
-7947;-5711;2671
9122;5964
-15089
6603;-9405
4952;-6477;-13135;8383;-624
160;6976;6631;3643;-2446;-3967
6593;-5043;-11606;-1494;-11740
-98;14580;-7574
-4132;17813;969;-9435;5790
-9108;9836;3004;4124;3149
5842;-15060;-16072;3209;-9405
-15102
14465;8663;12463
-7091;16706;-16995;457
42;4778;-15839
-11273;4346
9480;17626;12590
-2838
1969;-156;-11407;2655
-1857;16291;2301;10686
-9201;-12052;5445;16742;-3789
-17253;-9770;2010;13547;-15967
11329;7094;390;4825;-14938;10540
-3723;-13915;2986;-494
6953
17618;-5635;3162
-12596;16868;-15322
-9413;5207;-2751
1473;10146;3350;-1675;14142
8387;-3782;-11564
-9076;10390;13607;-14922;11051;-13918
-2869
10343;-13216
-17922;4228;-5079;1415;-1900
5845;9319
9606;-2427;-204
-18406;-9052
-12358;-17574;-11080;6010;-8844
-15177
-11943;11435;7148;6573;13565;-3407
-13729;-17334;2073;-10768
-16593;-2686
14483;16536;345;16586
-15876;18186;5340;7535
-6146;-4376;-12841;16366
-11265;-15521;11597
17032;10447
-6995;8293;5708
18400;-12423;-17082
1920;-8931
-7011
-16306;2482;-9572
-9573;4277;15112;9470;15
-11112
11113
-6433;7233;12637;14062
2924
-10174;-5039
11953;-12036;-17638;6603
9298;14932;-825
12128;461;-9663
-3848;15480;-512
10369;-16328;-890;5853;-6030
9970;-9444;-8103;9575;-7224;2295
3952;3074
15937;-1271;6521;-16125;16605;-10544
-6194;14338;-7891;9177;3021;-5422
7683;10531;-9126;5082;17437
-11129
-6260;-4870
-2881;-5704;8362;16122;5022;-9792
12738;2665;-1565;17772
8194;15226
7037
15230
10832;7714;15907;12541;9197
-18423;-6904;813;9279
-16417;-18275;16037;-11658;8204;-9517
-17906;4021;8422;-8616;-13453
16785;15029;9913;6285
-1841;-11144;10026
15360;16725;13958;4663;17789
14531;5722;-1692;6636;-14047
16946;-712;16746;2747
-15925;-14589;13949;-4670;-10398
1650;6520;8266;-9406;12318
-13458;9618;-1702;15818;-4941;5822
7063
11978;-9007
-2975
15474;-8828;16812
2294;17068
-2982
179;6550;-4137;-12459;-17692
-14004;3061;-11831;-8923;8075;12446
9848;-2766
-3778;-4867;-1812;-12535;-1752;17659
14336;-12707;-11188;11945;6765;18414
5584;-17298;14086;-4218;-17534
-2744;-4348
-2626;14891;4222;15183
-11683;15195;15870
-7097
-16050;-13397;14470;-17579;-3213
17283;6965;12938;4604;6268
-1143;-16316;-10125
2976;-9755;9786
5297;-11592;9306
16513;12306;5234;5939;6551;-10764
13241;10794;-17083;-18157
-9945;17055
16713;-5502
6068;1049
6949;16554
5441;6625;-17032;8440;1229;-11823
5618;13155;-8536;-7212
-4486;-14924
-16630;-8106;9422
4048;-11173
855;11495;-15113;-251;10140
-15321
7128
-3281;14640;10929;-9222;-13546;7613
-11233
3686;-14920
15927;15787
-6723;8710;5913;7435
18080;2882;-9716
-1753;8122;5374;-14800
-7702;-11595;12767;-12912
-18177;-3061;12661;4618;3434;3582
15344;-17393;-12578;-9846;-7258
8521;6826
-8753;-7634;15851;-10718
3061
-14290;-1955;2436;-17463;6056;-10617
-15354
17097;-12588;2653
8210;-3063;-15128;-9436;16350
15155;3493;1511;3211;-12111
-12436;-5717;-16695;-4459;3468
5185;5285;2937;-12942;6703
-7169
-534;-2543
16801;-8971;15727
-3082
12945;2425
7093;16471
11277
-13094;-11207;-808;-6650
7620;15948
15857;11807
4326;-11561;-8142
4544;5593;-10955;10746;9547
7552;-2403;11975;-9932
4125;15358
13248;16948;-4853;-6102;250
4643;2261;17190;16904;-17182;16159
-1252;8460
-18421;-5814;-11639;12280
10033;-1867;-6843;18175
-8897;15385;427;4268;16508
-12484;5271
530;10997;3878
15406
-70;-13959;-13671
-17650;14883;5093;4894
594;-16261;12541
13568;-17416;-2666;10476;-11184
10465;-2228;-5111
8450;18197;-1566;10815
-3130
-8344;7319;-7800;14925;-10256;-7168
-5154;-12485;954;-15120
2809;-5951
-16738;2034;5269;-18025;11066;-7229
-7242
-18145;2340;-11707;16173
-15440
-5698;15619;-9125;-8045
-4260;-8959;-2224
11348
13751;15679;-13984
15481;15689;-3436
4448;12402;3204;13973;18287
11355
16308;-5575;-4073;-9824
3164
-4243;14933;668
-9461;-3515;-10672
-7349;-15815;17690;-14187;5771;6623
-5393;-13639;-4624
10538;13118
-10225;-15811;6474
2163;6234;-2127;8510;4782
-15468
11376
-15130;7803;43
2818;13779;-16999;-12745;-6430
-12962;2729;-11068;4587;-3676;9005
1571;16325;-12839;6328
7011;-6502;15238;-8457
1793;-12947;-14981;16826;6110
-7425;-1982;6205
-17953;-1633
2325;-15144;5992;-11418;-14602;9164
-1509;-9367;-17768;9055
3205
-6932;-8566
-3211
-3093;-7168;13471
-13554;-4082;10327
-12676;-3476;12934
-2643;6312;3644
11410
16610;5523;9288;7035;13916
8816;-11641;-12684
-7786;-3628
-16356;5113;12730;6043;-206
7325
3808;11709
-801;-5202;-5420
-9761;2;14707;-16133;14415
-5425;-12369;6368
-9553;15329;6677;3078
-2017;-4721;8400;-18036;-5415;-10127
-17334;-11704;5309
-11446
4273;12004;15671;-4076;11484;8957
9313;-13837;1261
-10177;-10467;-8996;-9988;12026;3855
-15561
-11474
5025;6451
-3286
-9238;1854
11481
-6915;16516;18218;-7183;-17344
-2434;-3541;9269
-2321;-9144;2826;16031
-7393
3043;3112;-1706;-8526;15567
-10740;-5077;8421
-12536;-1609;5785;-11326
-4660;6421;-5065
-9441;11809;16362;3404;-10638
-16691;-16196;11689;-17340;6558
15586;7783;5975;8604;-10077;12302
2741;569
-1446;13605;18406;-15880;-3182
-15427;-5476;-8997;8347;18237
16066;-4762;10043;-8686;15230
10128;8899;-4073;-6174;-18335;6239
-9650;2487;7225;13769;16941;17599
-14074;-9451;7917
-14019;17158;-10557
-11038;-17647;-11504
-11518
-4771;5336;3208;-12139;-3022;3965
-13750;-15835;-6512
10065;15938;3204;5561;-2768
1441;-9961;-11194
4243;8070;-10140;-17888;4191
-849;-17044;1307;-15423
-3315;15283;17623;-2905;3850;-14911
13811;14885;-4876
16578;1128;8778;18252;3662
-8578;16403;-17575;-5881
15969;4211;4183;-12829
3344
11699;10291;-6901;12980;16171;-12224
5457;13395;5012;-7144;233;6877
-8370;-13156;12774;17254;363;-12221
15644
-15647
-13732;7370;16252;9853
15651
15921;-8274;5485;-13216;-11472
-11125;-9386;762
-14884;11992;-1097;-16431;847;-8368
12960;-9595
-12610;7143;3047;9884
-7468
194;-10533;17806
-7011;-3879;7517
17105;6747
-6753;10753;-13448;856;-13564;6494
14178;-341;-4632;12570;14367
-8087;-16104;-16811;13051
-3246;10957;-11951;-7328
-11972;2856;3326;13263
16225;-6376;5818
11573
17648;-11028;4953
-15673
10837;-3356
-12837;-1879;-9896;13031
5787;-2399
3401
7498
-7499
7499
8848;14706;-6358;14887
-6438;-7336;3383;-4730;5739;1869
11267;-2296;8701;-10159
11614
-11621
7526
16485;-2392;1630
14212;-15067;11642;17228
-4289;848
-13859;-4372;-1847;-7434;8331;7547
17012;-9470
-5240;-14651;5050;-9087
-3508;-14694;-11687;-442;-16064;10175
-8471;10023;-4350;-656
-6066;-5941;-6166;4317;10399
-4545;-3187;6899;13309;-15935
3458
2772;1254;15819
-10209;-13379;11881;-12254
10180;5590
14048;16161;-11191;15816;-1177;-9695
-14516;-6871;-14250;3211;4363
-2849;-4338;-7539;6534;-8359;763
7597
6563;-17626;-6506;-10510
384;-14968;17512;13901;-9230
-15769;3883;2173;3133;-5118
-2036;-10927;-11023
-7062;12217;-668;3039;79
11702
7841;-10983;10439;8504
11310;12687
10944;-4737;7267;-13719;-3275
8612;10345;-13710;-16335;14607
-9349;-3466;1276;-6414;-16703;14751
-5092;-6485;-14901;11724;7134
-7621
15819
17253;-1434
4371;-7909
-11738
11740
-5138;15845;2277;-6727;13675
1824;-7571;7381;14203
-11132;7581
4937;4410;-5791
-1122;15378;2775;-18127;-10655
-485;13350;-1021;-8270
192;4426;15340
-15866
17941;-1128;11353
2903;-7293;7981
11786
5603;14597;8904;11356
13586;-1796
11791
-3601
3602
-12258;-7736
801;-5031;-11431;11753;297
5532;6270
15169;8777;-3531;-17629;-6574;-12112
3612
-11841;-642;-11613
2915;-6539
-15673;3855
-11819
16992;-1464;4761;-13758;-18352
-4547;11576;13000;-10365;4574;5775
-1156;-6571
6178;643;502;11335;9550
17813;2204
6417;-18244
15557;-13708;-5485
-11828
-4518;4712;-16127
11602;1413;-2442;-18320
-18085;-5993;3690;8541
17463;-8;-3433;-10654;8479
-6083;2420
9078;1497;-4906;1962;-11309;13
-11745;14371;5972;-18090;-8586;14410
-7345;2529;11282;12856;13259;3854
-2097;-17636;-10391;-2218
3673
5572;15533;11246
-3314;-5572;16662
12083;-15671;-4189
9752;10312
6836;17326
-15065;-13195
-6630;-13592;16025;-15871
-7319;-15962;7307
-8136;-16153;12410
2481;-16409;16394;5819;13036;-9440
15977
10916;17357;4095
-3698
-8401;275;-12118;-12534;12694
1904;11041;16585;813;14317
-15990
-9731;-10357
7466;-13197;9821;-384
-1253;13492;1942;-15242;-14939
-9634;1267;4666;-18091;-17294;2606
9203;-1383;-15630
8403;-230;-3498;-12364;11403
-3746;15653
-17473;7378;-14916;9006
7144;-8748;11917;-14031
-15461;3551
3717
10032;17697;4664
-8898;-2123;3199
17358;6847
-7826
16019
-4359;621
9793;-8883;-12841
-4658;-1651;-3494;1967
-7029;-6523;-14765
-1810;4836;7621;2826;17578;-10926
11267;-11700;378;-9740;-11310;9166
7456;2181;14117;473
16043
-787;-1091;-1737;11470
-11425;-8195;2515;13844;-2759;-5934
12882;-3694;2766
-11956
-676;7956;17125;12520;2508;9390
992;1980;-5053;77;18062
3772
11205;8470;-3613
-17957;-3930;14014
14468;17980
2912;9061
-11974
-4775;-6794;9209;-5520
13185;12757;2550;10984;9369
7890
-7896
8295;5656;3305;-9360
7074;4612;-5797;18392
-9988;13790
17778;17301;17993;3979
7380;8712
-7953;11760
-17734;-8743;-14440;12216;6285;-10064
-12003;14630;7640;-18172
-16097
14088;6107
-18306;12274;10626;-16598
2737;-6550
448;-3976;10505;-15916;17501;-654
13314;14307;5430;3543
-12293;-678;5048
7193;-14218;14957
12032
-12034
17057;11603;-14791;7945;3722;-1211
-2371;-9673
13825;-17667;-16982;10440;-13948
9376;-13231
4565;2406;-3433;17288;11993;3806
-15188;-13248
7956
-16150
16150
1248;-5112
-2100;1621;-7944;-14460;8061;10958
-8918;-12650;-2782
-15384;-9192;-16105;18330;-14716;12715
7968
12064
14467;-6521;-15916
-12066
8545;-4115;3539
-13060;998;3831;8346;16047
-1058;-9140;5925;-7019;15166
3318;14103;2314;4508;-16271
-2577;17013;-18316
13426;-15892;7292;7742;-8687
-2385;-8867;-13624;-11935;-3936
9299;-2950;7960;-9866;-16989;-3629
7983
10984;-3001
-6581;17163;13788
18114;8695;16503;-4398;-2256
-13299;-15014;-13640;-7720;-859;-2511
10992;-3921;-13313;-4177;-10660;-11485
16789;6886;-7495
-17955;-14613
11009;-14146;-3522;3652;-12780;-399
15874;-15674;4650;-14093;-15135
18112;16532;6118
1333;9511;5342
-5777;-10412
-4789;-4359;2188;-3277;-14144
-7075;3173
-577;-12785;16482;-14782;7759
3902
-16196
-3890;-12151;3240;-17610;-2172
-17122;-16899;-8041;-6906
-2371;-420;5158;10410;15710
-13011;-14916;10068;-4235;-10492
15957;6295;-6107;-16477;-12862;5183
9593;-5679
12561;3642
-7746;-17222;8751
9267;10789;3557;5020;-127
-3933
3936
9767;12891;-17372;8940;1999
3938
14961;-9042;2866;4707;-17431
327;7710
13776;-16966;7547;-4189;-16399
5952;-8241;-8719;8862;10191
13190;-4408;296;12057;-11259;10462
3955
7492;-10357;3612;-2813;9020;9293
-1170;-15523;9316;-17189;1065;-13227
8684;9134;-9760
1424;-16209;7668;12694;-1613
2322;-17674;11387
-3074;6003;7155;8724;-14347;-12524
13825;9013;13532;-3727
-13442;1476;-4296
14244;6119
15258;-7180
6561;-2035;4690;14324;16731;-11708
-10722;-9298;6677;-17545;-11152;-15200
-17122;-8694;15645;-6112
-8097
-7985;15874;7698;-17625;10139
-16295
-16821;4616
8112
-8122
-5863;1836
1059;2970
-13013;-3910;-5432;17960;16616
8499;-16031;3502
9316;12214;-7144;10125
-11106;6228;-454;-5949;11101;-16143
-4410;58;10635;7628;14701
6864;5617;12804;-6329;17850
11281;5314;-10707;-18120
-10147;12647;16071;16491;-2349
1843;-9983
16928;-12883
5844;4853;13830
-1025;-1175;12170;-11819;14095
11376;18374;-16284;14604;-11728
560;1714;-5575;17751;1897
-11105;-13437
3760;3508;-17862;38;-16359;-18121
1111;-14075;-7499
-16370
-7170;-15336;-14328;-2557;6636
-17425;-467;-3177;601
17219;5223;13321;-3008
-10762;-1515
7105;13365
15890;15750;-5374;-9887
4196;6293;-6135;-12910;-11920
-9362;-11750;8935;-6430;-10062
10185;10458;16235;4079
-17230;4782;-3935
