-4898;11972;-7321;-4347;16271;-11680
11751;1880;-5050;-382
16000;-9780;3619;5340;14765;11023
3072;9667;-15174;-1670
-6296;13242;1195;1581;6607;-16320
-11410;16228;-13029
-12309
12311
-15766;11644
16410
1756;2367
15602;-15575
-7089;-12264;7035
-12321
825;13916;13964
16417
10433;-14291;-11715;12932;2606
-13729;8819;3878;-15368;-3561;-555
-12321;-4917;-17479;-9340;-5132
3238;-15575
-4631;-5992;13325;-10944
-16436
-13361;-8611;12827;-18316;-9455
16242;-12451;12723;-13581;-2880
-8248
-16660;-4008;4414;-14303;5919
9923;13898;-3277
-6595;-18405;-12984;6170;-13756;444
8292;-8037;-2966;-10304;-11632
-9144;13311
-7825;14801;17906;-4331
-14545;-1574;6358;-10382;-414
-17841;-1842;7989;8972;-13966;-16159
-3847;7945;6173;-8735;-5712
3041;16629;-7882;6665;10302
17554;13331;-16230;-3654;-10750;-4431
-483;2674;-9702;-11415;6554
-15569;6627;4760
9430;10630;7053;8206;5727
-2257;-1026;12550;5352;10953;-9102
-1441;15058;-10682;17065;570
11412;-8679;-2826
12101;-15995;-4397
-5778;-9890;11471
-12177;6547;10183;-4714;4364
-8374;5573;11320;3880
499;12135;-12520
-4215
-8314
-16964;-9893;-17961;-15483;-2620;9549
3696;16915;-12293
12419
-16517
2908;8029;4270;11823;9967
-4627;-11289;-7212;-16061;10381
-2897;-13250;-4132;-11178;-7675;-1965
-7074;10329;-3392
-15073;-3313;-17224;3576;-17257
-16528
4243
4521;-8765
2473;-2623
5442;15650;7300;14645;-6024
-16537
7986;-17572;-1383;10684;-3967
7168;7489;16723;13559;1946;2426
13285;2215;120;-8251;-11627
-1031;-11422
-18054;-4344;9561;15946;-18283;15342
-10998;1481;-7036
160;-3026;14673;-8307;12181;9066
12460
-1441;-7316;4294;-2426;11115;4141
5221;7351;-8301
14912;9235;12521;-11916
12800;-12978
-10874;11052
-8372
16944;10058;14139
-9667;-8932;-15192;14315;5102;1903
9531;15229
8948;12454;-12348;17453;14894;12031
187
9715;-4021;-9561;10760;12411;-2732
-7709;-10895;2030
-10406;16888;-5210;650;14427;-12063
12736;12031
12480
-9271;1641;3339
3909;9338;-4861
5539;-17256;-10206;-11216;8367
-17674;11369;-538;-5645
8392
-205
13696;2893
18113;-11432;8105;7467;-15790;10127
-798;589
15203;17774
1571;15034
-11059;2454;6776;-6587
-5750;5877;-10941;2397
12514
16756;18084;-13465;-8860
-6241;-8633;7257;16749;-8846;16334
-3137;17909;13397;-17257;-11802;-7547
-4341
-4417;5861;10138;-3035;-8796
-7844;-16906;-1690;9803
-15332;10983
-13490;14082;11590;423;12392;3929
8742;2955;13134
1024;-9237;-2214;-1000;-74;11242
4357
5049;-18047;-11840
-263
12503;-4047
1955;10598
339;15611;8894
7120;10297;-11131;-17390;-1456
12823;-17193
16657
9542;3020
10432;-12755;-1093;13141;-13960;-8330
341;16319
-1233;18065;-11673;14970;-11659
15552;13537;16248
14336;2330
-11732;-730;-4331;17085
-1572;18250
8487
5282;-17866
-8495
-3475;12710;-2199;-17400;1150;718
11688;14072;3994;4315;3500;-400
12464;131
-17250;13667;-6725;3435;-9820
-3430;18296;-9562;1950;-2847
14213;-11094;9481
-1266;-3147
13795;-2020;1466;-5340;8799
6771;-7093
12833;-4052;-2139;-12;9964;8303
-1401;-7114
5107;-1244;4655
18037;3513;7658;18285;-14399
804;1445;-11862;-3003
-7318;-7944;9916;17967
-2497;-16917;-9769;4269
-11141;14744;-10186;-3357;-6784
-17972;11604;-6057;12766
-17211;-7708
-14482;17611;-1951;9774;-2416
12499;3652;-15806
-16455;7914
-9553;-561;-10501;13913;13357;5982
-10914;6737;-4951;1482;12093
8544
-3665;7188;-6710;-11374;-2655;16862
-13634;10025;9547;-5584
451;-2151;1080;-157;1132
-12644
-611;628;-10666;-557;-8287;2751
358
-15363;-13927;8695;1884;11199;16063
-1874;16690;18312
-7905;17073;12132;11831
3984;6739;10053;-8123
13004;-10382;18223
-6021;10036;-8477
-4104;-13420;-10333;-13455;16367
-8562
5378;17060;-8872;-9101
-1345;-1156;9187;-5526;-17103;3278
-1685;14087;-18297;-1321;10524;9358
-5219;-17445;8651;-15040
8641;-14226;15926;10519
7281;13585
2230;-2619
15542;-18232;7175
-9314;9876;-8791;3740
-9619;-2836;5945;-14367
-15766;7177
5201;241;7764;7830;-158
-12498;-3580;5660;-14558
4697;7995
10278;-11128;8813;541;93
-4291;-4740;9439
-5283;13798;-14327;-4620;-18254;3693
13282;-18021;-16281;2683;5788;-8352
8616
424
17076;13114;11195
6898;-15517
-1378;-14836;16902;2550;3992;-7661
8904;313;7598
-1473;12441;14204;189;7838
1489;-1056
15892;-16328;6153;11178;-16461
-161;5747;17926;16651;-6960
18354;15847;6026;-7022
-3971;3970;14808;-15248
-14939;14494
3875;-458;14043;7563
-6290;2419;16057;-3547
13600;8818;9381;9990;-12667
17872;11251
11898;4938
2212;-2758;-10057;-13947;-11438;10957
-4305;4353;-14327;13271;17738;-12173
-8342;16601;4491
10902;-11479;3623;9849;-9980;5739
6067;1804;-7453;4558;-17727
100;-3478;-7195;6014
8244;411
9872;1032;-13787;-12507;7964;-17614
789;11031;-4347;-1164;11452;-912
-16828;-14124;16764;14655
-4566
-1121;-18055;-4137;-9;10105;8650
-16274;4217;-12991
-1975;17775;17439
8665
7090;-8804;-8277;-16614;-8382;9934
-1923;-10847
17664;16004;-9306;11945;5135
9896;9101;-1759;-8560
-16872
8010;5374;-607
2898;-371;-11767;13930;12827;-639
8687
-11105;-2569;8922;4254
2614;-7116;-12382
-9640;10141
14561;11589;-4475;7373;-12238;12366
15843;11047;10479
-507
-4606
15847;9240
-1543;1023
-1014;-11817;-8169
-12531;4659;-9033
4616
6896;-4826;17753;1178
-15160;14638
692;-13504
13778;-12984;-270
15778;18077;-12846
12818
-3753;-17258
9447;-720
8732
-593;7155;7412;4468;-616;-896
18004;-13359
17217;10963;-1605;-521;-3917;15277
-4277;3478;1357
-14705;13296;6695;-17881;-4348
3975;15048;3866;-1405;-4541
-810;-7275;-16171;7311
-6801;7361
6112;8801;10223
6241;4595;-964;6741;16350;366
16945
3250;-661;13894;-2679;9399;-10352
3139;-7800
566
-6754;4931;-4230;11304;-17086;-13310
-17730;-9640;-4137;-185;-9274;3532
-12313;15161;-3420
-13205;9017;-480
-6037;5077;-7032;2249;6315
-13895;-11257
-4306;16082;-8378;-8234;-10302;-18208
-17205;-16713;-4554;5195;9373;2845
12868
-15570;14983
-881;11140;12021;-38;-1176
-49;6097;12083;6044;5085
-6563;-6319
-16981
-9938;-2949
-8797
-7238;2536
16992
2389;14605
-12737;-514;-2037;-17768;2107;1660
17001
-823;4857;3706;14154;-13085
4714
3537;-16563;-4643;17044
-17345;-11540;8117;-471;1433;10989
-17141;8234;17727
-17014
-12931;755;7448
-2694;17189;216;-5887
17020
4752;1141;-13754;11834;4859
-11431;12074
14601;6526
653
643;9813;5909;-17024
-8851
12947
15831;-2168;-13836;-10990;-7502;1615
-13121;6695;-16491;5291;575
17554;3989;11288;13787;-4992
-5284;521
-7138;-5817
-17619;-12264;542
6789;12760;-14922;8345;-4845;-8797
1123;-12519;123;28;2383
8242;-6791;15606
-9665;8646;4807;16329;13326
-4246;277;18265;-15597;12636;9821
-8434;9206;7034;4667;-17247
677
-4782
-8881
3745;-15827;1508;10468;17286;-12394
-7044;-9564;-12765
5553;1091;18281;10111;-9760
15600;4384;-9250;-18137;16300
-12996
-17415;-10682;-3163;-10416
5059;3850
-8911
-6898;-9492;-8910
1299;-12103;15630
1010;-8873;-713;-12637
10144;16009;-13132
-8581;7847
-13025
-881;9218;11364;11223;9385;13676
16627;1492;-997
3332;16789;918;-3769;16239
12633;-7787
5526;3418
-14803;4298;15354;-4860;8957
16915;17924;16536;-8828;-16030;7006
12714;12621
5173;11973
13344;8209;15107;13723;11820
17162;-12299
770
14498;-8019;-5418;-7979;-9340;15487
-18429;-11021
13552;6148;8681;8443;-28;13135
132;-13209
9120;15970;-16105
795
11360;13602;9908;8444;220;2318
-5603;-3737;346
13090
15429;-12938;10606
-13877;10069;4620
-13861;13047
6992;-2739;-8551;11516;5886
-7378;-1623;-7066;-8302;-13312
4917
-9835;-15564
823
-9107;-12201
-18113;-9554;3233;-17355
7585;-14745;-15913;-4767;-13952
5459;-2986;9978;14379;-17805
-5587;-14874;13723;-4255;-2320;4287
14576;-8965;-7974;-16314;3102;-18031
17416;-1677;9677
6993;13014;-17704;12618;-9984
17225
12864;13250;-16843;-4333
15045;3237;5511;-17291;3946;10878
-2226;-5463;11465;-12827
17247
15363;-8204;10684;15791
-12578;-11010;-7459;-18070;3193
-1329;8342;16826;-7467;13167
17873;-4717
6274;-1309
17254
870
-4969
9075
-6037;5769;-4718
17277
6864;6755;-17478;-299;-9901;4973
-18150;-12889;3822;-2352
10451;-9303;-16712;3031;5255;-10010
7995;5196
8065;2519;-7881;4122;700;-12528
-908
5986;-5077
6203;-5581;-1534
6341;-5424
-8167;1944;17771;15676;-14014
-12195;6727;-11470;110;-480
-13793;12116;12663;-2650;-17453
17309
-12322;-14771;10778;17246
-6273;11712;-13190;6814
11649;13306;4654
-12358;11270;-6764;4030;4766
8962;11123;-18102;9418;-16443
15960;633;-46;-8591;1183
9139
10132;9131;-14220
-5045
3386;13951
16545;-12178;17283;16317;16239
-4452;13604
13252
1216;-2036;5140;-15687;-18271
968
2536;9384;-4681;-6269
-7710;2638
-13265
9059;8021;2630;17590;8733
6231;-7210
978
-17186;12280;-17146;-15791
5075
9171
1335;-6414
5082
12501;-10304;-15472
-12353;1427;307;6820;17908;15550
7569;-17891;9722;14330;-14718
14677;-2695;11069;-13871
988
6259;2922
-794;-16588
-17940;4653
10853;-887;5575;-6351
-1658;-3439
5097
-9444;-3848
10486;-1290
-15044;4039;-15404;16860;-12464;-7664
1302;15319;-10744;11112;-7792
-6193;-18274;-7230;-2079
-3939;-5261
8482;1224;2616;-8942;5822
-9203;-1973;15659;4719
2048;3319;-17672;-16329;-16970;-8656
-3365;13128;-2204;-16124;17389;4479
8432;-13309;-237
15751;8743;-2992
-12321;10880;-10739;2691;-6391;-17913
-12657;-657
-5123
-10817;1596
-5125
-9222
1687;-2718
-906;-4222
8725;-15465;7417;-18094
-17420
13570;14755;14583;2057;9595;16109
14197;1064;-13626;13595;10111;12559
9376;12627;10986;-875;18077
11441;11857;-2982;15239;1758;-15792
-12292;-2759;-13787;-3918;-5152
3730;-16339;-15607;-14792;13001;-11998
16713;-10860;5019;6670;16623;7839
1701;-15034
-3317;9833;-8411;-11438
-13330;14376
-13336
-14885;-18374;-559
6275;11159
5219;-17319;2603;14204;-543;-17504
-9244
-12054;-17674
-17442
-5155
15792;-1372;-5168
1968;15795;11972
-11367;12999;16216;-2346;3996;-2046
-15155;5894
-16162;-3827;-9876;-8761;12472;507
-7715;-13837
17456
608;-11579;5770;-16352
9346;-6996;-5133;3855
-5059;-17284;8504;10618;11578;910
2690;-17545;17352;393;6378
-17745;-10260;-11829;-15557;-5404;-5821
13367
7344;-9366;-3880;-16793;143;-3104
9984;-15236;-4774;-3343
17464
-5626;4543
15714;-7252;-9942;16022;2925
-4339;-17800;14347;15228;-6351
-4673;14217;-7243;-11822;-16143
-9282
-290;9588;-4111
-7206;-6840;-9533;-1741;-12640
13712;-15751;9448;827;-17852;10716
4736;-1860;12648;12090;427;-6461
11761;17319;-5768;1751;12911
15424;7185;167;14479;17967;-864
-12677;7541;12890;1548
-8785;-4231;-3801;15917;18399
-14241;15107;-10197
13426
16065;15394;6420;6919;-6779;-12300
-11667;11356;1454
-1144
-12741;-4791
-7482;2235
1046;4200
-9685;341
17584;-5442;15286;14683
-3138;530;5507;-932;-4552;-14952
-1590;15238;14326;10043
-13444
-2897;9795;16357;10671
-12835;16648;-5149;-6239;8734
2547;-15996
13971;7724;8141
9985;11327;-11952
-1170
740;-6869;5382;2215;3800
-35;-16789;1862;326;9366
-13463
-11298;12356;5622;-5288;16171
17567
-4649;9930
-1186
-9381
-16289;8928;588;7966
-18305;-16097;4657;3974
10048;-11245
-4918;7945;3115;-11439
-3955;16165;-12566;11943;-10892;16893
-1970;9816;18025;-4187
-5395;-16292
16256;632;-381;-3903;4991
18258;12882;-5991;638
-18111;510
18305;-17346;-4194;16740
-12482;7163
-5490;-6215;-700;14572;-15678
-17957;8506;-5245;2111;-9120
12882;-4917;-262;13302;3386;-2685
5115;4303
-7159;-14551
5794;-14327;10552;7403
17907;3892;16086;9494;6556;-15839
12477;-13710
-7458;-15699;-5369;8203;-1391
1213;-2447
-5337
17845;-16605
-14997;-17365;-791;3230
3840;-17585;17745;-6231;11676
-10769;-3218;8922;6319
8882;-18406;16759;7751;17755;-2814
5352
-5921;-12600;4904;-18011;-10589
9451
17844;-16584
-2370;8101;15194;12779;-2044;-1728
10512;-13290;8139
2507;3085;-10959
3152;6650;-5150;17613;-8704
9470
3152;-17560;15015;-1887
-20;-14570;13310
-13285;-10521;11055;3343;-64
-1285
-11266;2681;-894
-4373;13198;-10112
1289
3377;-15835;1468;-4703;6207
7809;-12487;-17304;4125;10206;-18224
-6513;-2660;-15573;11509;-6108;5756
16491;9805;14093;-10416
-9495
-6965;3353;-9021;-959
434;-2181;14055;-4043;5327
-2100;-1465;860;-9088;-10160;-8032
-6723;7638;12888;-15120
-17873;-7089;-14070;7845;4326;-3129
14217;7675;-13276;12494;12975
-18209;-9575;5078;4043;-3136
-11621;17038
-5422
17709
13615
-3681;18242;-54;-984;-11949;-7007
6928;15426;15771;8269
-17723
-15652;9779;-10682;11119
-2433;-14294;-14055;4937;-74
-9540
-8257;6908
-5449
8178;-9126;12342;2295;5176;15257
-17665;-2436;-2298;-3535
-7108;-5928;11675
17746
-17481;-793;4623
16226;-2117;6264;18076;-4318
5765;7887
-14641;3092;8708;10635;-2334
-5105;-15686;3001;-17772;13710
3121;12469;15558;-9293
-3860;17524
277;-14218;-5227;5503
15752;14297
-14841;16218
-12389;-85;16743;11193;6829;-12720
4725;15799;-5465;-12;-13680;16399
292;-17639;-14184;8953;4810
1025;11379;8728;732
11554;-1063;-18187;17278
-16129;-1942;-11993
-17665;5991;-10713;-18076;2207
-17777
-5490
12176;-12761;1979
-13684
17268;4116;-7319;-12669
9857;16115
9219;16547;-16870;-6650;12762;-5420
12695;10317;-9328
10960;3781;16583;-13536
2553;-8059
9601
10104;-11515
13700
7408;18002;5654;2970;-16684;-7744
3187;14260;4710;8487;-556
4304;15761;8625;-16653;-17551
18071;-13545;-1995;3693;3389
16864;273;4764
-9616
144;-4850;7042;-421;3604
2696;11020
-8163;-1189;10780
-16612;2629;-16121
15299;-6648;-4522;5498
1435
18377;-12973;127
13724
3472;-13103
-15634;3490;-15494;-424;-14222;12173
-13969;9379;-5317;-16297;16572
-12778;14218
-4467;-5168
10913;8419;-3831;-8872;16286;11295
16498;11318;-4474;-10555;-8893;18030
-15625;-2363;13436;14237;16335
-15937;-2225;-6507;-15773;-8478;-9870
7235;-11175;-6938;-6906;-1358;-2784
15651;-2102;-10569;12667;13499;972
-1448
-14391;-2074;4762;-3004;16157
14513;5205;12841;5897;-141
-7921;1812;-1157;-2381
14530;-13654;13398;10265;-2605
5558
8330;-10188;3324
-5596;-12256
1634;-13139;-216;16168;1116
-5282;11955;-18248;17351;5416;-9725
5565
-16547;-15351;-4921;-16158;-9934
-4625;4550;17930
-15521;8016;2610;-1812;-7061
5583
946;4596;8506;-3628;12364;-4911
15880;-14384
-17094;-5659;-12557;-11997;-3343
1923;-424
5595
11716;7560;-11275;-2831;2079;-8752
12705;13411;3589;10054;-9630;16430
1329;-728;12874;-5356;-6607
-12642;-9351
-17897
-12711;-4459;7434;10013;-18175
-10054;-186;-16571;16459;14860;5199
-18097;195
550;9161
2257;-8035;5273;18410
17907
15834;-17359
8887;-10412
-3336;1021;-7007;10846
-9718
1153;11465;13484
-1527
-12851;11315;16151;-800
12966;-10215;-6349;-18416
-11939;-12307;-2595;4166;12262;16043
5153;12754;8205
15721;4779;7516;-9679;-12704
9401;16716
-5041;-9330;538
-2897;-753;2146;-15908;9914;-10432
6064;9558;-9981
-13836
18130;-15635;-8295;14423;1119
13843
17939
17942
13850
18114;6820;-5819;-9359
7384;-7674;-1276
306;-7957;11413;12393;-14204;-15806
13442;9964;-9551
-17955
-6930;5701;-2200;5000
406;1165
-9954;12505;-11707;-2383;5870
-3109;16970
-5089;1476;-4581;5764;15077;5311
16192;-13586;-16499;17586;1978
-4515;-8618;-8923
-5537;14386;-10215;-4922;-4829;9533
-5682
-3812;13590
-1589
-10583;8991
-3009;-6979;-7894;11788;-7791
15217;-11257;9097;-14655
-7617;-12101;1975;908;-9695;-3743
-1347;1717;3451;12875;-8190;-10112
16146;-14541
17652;757;-11325;2717
4907;4895
-11110;-15078
-2742;17557;-16428
-6435;3763;-2870;7222;15195;-15263
-7439;-14655
-6473;3082;13197
-1860;-7947
6467;-12102;-79
-753;16706;-12501;5352;-7258;16463
-15073;8497;850
-9823
12941;-7215
8499;455;4971
4466;-3592;11067;-11357;13342
-1640
3008;-3575;-248;17195;1645
-6453;4808
9252;-1637;6102;-8267;-13787;-5596
2519;11416
-2177;12017
-3448;8953;-11946;14812;14414;-17040
9649;-14761;10857
-6706;-5828;10892;-16399
5753
2577;-2566;-3014;16557;-16927;-10575
-7857;-7796;-10043;-11789;11277;-4127
9861
-14897;13734;-8704
14853;15494
1972;6998;-8123;-6620
15778;13923;-437;-15045;-16235;-3757
-12872;12395;6252
17792;3428;-2694;87;-12777;-7519
-5378;-15251;-21;-13165;-12877;-12336
-18067;1154;-16008;-1229;-302
-3601;-1811;16171;-14253;-14574
9882
11808;-17598
18230;13545;-14109;11806;13183
2674;2819;-7190
7554;-17444
1729;-13652;2031
1515;7037;-7743;-2511
17504;8775
-6706;2067;-5910;-11255;-380
-10979;12678;-7502
3043;4505;-1741
14052;12238
18273;-4870;-4775;-6442;7723
11284;-14936;-4316;-11006;-11054;-16750
5819
-6581;4853
9920
-2294;5398;-18216;-11193
6817;7270;-10938;-1420
14023
4544;10070;13242;3386;-3055;6318
-10292;3047;4392;2969;42;-14188
-16561;1156;4620;-9422;-18400
3987;5950
-1748
-454;14493
-18138
-10855;15335;-9387;10186;-10862;-8462
14707;14216;2666;8634;16140;-9551
-12929;-5213
-14954;3214;9982
-4004;2659;15572;2423;-6605;-8287
2688;-15636;13557;-4168;9416
-69;-5786;-1195;7437;1375
-1766
-65;-5220;8629;-12182;-4360;-4957
-7028;-264;-6511;-12544
12597;-4135;550;14060;-2240;-6768
-24;17607;6825;1946
9970
-5798;-16590;16509
3511;4569;-11547;-4015;1599
-11782;14582;15178;9722;-15564;-2157
-1554;-12525
-16487;18279
-9986
9863;-9610;8025;-12685;-13775
-11874;10764;12636;10751
-8338;8033;-15015;9423
-9141;-6245;7979;13387;12205
325;9671
5902
-5153;-13411;4659;-13845;1352;12301
9881;4218
1812
-14103
14104
4226;-11772;1629
12769;-6848
3701;-8294;1750;-3081
13760;16760;16364
4853;11367;12459;-6524;12443
17873;14003;-6853;966;-11869
464;14273;-5074;7653;6727;-5824
3954;15383;3127;40;16203
9040;-17638;-11976;14634
-10625;-11058;1673;-10512
-16433;-1802
-18209;-16410
-1080;3241;-4014
5955
10385;17973;-55;-10059
-5922;9458;54;10559
1862
-13729;-12716
-11559;5592
11891;11363;8262;-136;-1128;-7899
4118;-18056;3215;-11632
1874
-10071
1878
-2074;-12093
3477;-6872;-2345;-6430;6191
-10135;18427;-14272
-10077
18269
-13060;-18213;-7480
-9203;-5191;9757;11470;11439
12774;1403
2982;2711;-15775
-8140;10029
-1895
-16609;-1217;3642
5650;-13987;-6023;-4572;14271;10655
-9780;11740;-62
-9483;-16992
18177;-12183
-6179;-9604;-2646;-12855;8871;-12256
177;-18338;16254
8327;9964
14502;16078
1909
5234;9858;-16661;13510;-2649;9001
-12369;-15267;-356;-17557;15094;-128
-1914
-11270;15879;11851;1838
-10770;-15540;-14773;10495
1919
-3537;13648
14209
13256;17339
6019
-5537;1126;-17800;5707;14238;8287
-1926
8000;10501;-3639;-13367;-9468;18092
-10120
-12947;12450;12708;10202
4023;-12473;-18061
6579;4518;-18024;12957
11110;-9176
-13185;6576;18247;8409;2367
-18331
-13634;-11002;11373;-17359
-4900;6855
-1777;408;3325
3126;-6908;9836
441;5613
4256;12529;15221;-17641;-3130;-13199
1964
2626;3435
-14697;443
16380;-6223
-10166
14263
-8529;-13956;13143;-17213
9115;13343
-13553;-10508;1599
-10176
-16162;-12994;-8371;9556;5414;12376
-18424;4140
-7914;-9530;-7466;-10442;10699;-10111
14180;-16176
-5235;14146;5702;11963
12483;-16517;17640;16861;4302
10195
-3361;15802;7003;-13344
2293;-14888;4585;-2189
16400;14279
6160;10759;-6716
-15730;-11683;8213;-17830;-1372;-12765
-18400
-6112
10272;-4159
-740;-14555;13276
-18404
-13330;-5079
9618;-3059;-2293;17239;17386
-6126
9393;-15298;-12532;4840;-17003;8090
13656;-11625
-14116;11525;14486;-5768
1633;-14386;-7315;-7620;6531;10932
-7442;14179;15350;-12488;-8427;4957
18368;8244
-6803;339;8501
-13889;1361;-10985;-11916;8814
1156;-10491;3197
18434;5492;2148;-13080;-15039
6417;4530;-11497;-5599
19;4937;-17387;10378
-3809;11526;-11950;-1919
-14978;-8727;8647;-7708;-7964
3585;5749;17305
-722;3811;-4238;11405
12900;-10357;5045;4501;10456
-2066
9441;-3273;16589;990;-9392
5924;17413;13656;-14444
-12740;-14169;-11498;-13867;17436
18128;-15578;-2395;1645;16654
10784;1650;14372;-5401;5244
-10945;-1875;17060;-7783;-11672;-15534
10099;10059;-9888
-14098;16550;-11640;-12808;2044;-10800
-7458;-11349;17959;-13455;12223
12241;-9174;9931;-12588;-9102;6607
-1940;12454;-4333
13217;-4693;14282;-12526
-10945;-16077;4446
-6517;-12598;631
11248;14961;11587;16916;9093;-4361
-8081;15606;-15802;-15948;1644
14391
16859;9823
17297;-18;-2482;1714;-14403
-5538;17348;-13606;-16699
10308
-17097;-13693
2119
16441;2479;3679
-4777;-17824
4418;17203;-15285;6885;-15512;12605
-14081;-1481;-12124;17324;11822;-11776
14412
-644;9301;-13575;-9495
-11089;-3698;-12633;4812
-2649;11772;9389
2916;5339;-12334;6207
6371;-2405;14602;-11149;-10463;-7280
6480;12036
2928;8482;18308;-7238;-4551;-15792
8339;-1207;951;1709;-12142;-16176
5344;12147;17418
-5425;-8825;5451;-13902;78
14430
2225;15250;-14771;-16072;-2202;9327
14436
-16067;13913
-14442
2155
14483;8156
10588;-223
-7816;248;-7998;7646;-10639
-15942;-5849;-9056
-9075;3971;-1589;-2549;10439;-11568
9777;-8131;5988;-8967;-4126;3278
-11238;1870;15647
-10380
-6610;18233;-10;6959
-6385;-16611;11122;14062
-6145;3953
-9843;6819;15605;506;-2702
-2476;16958
14500;-11510;-11961;-9609
-9625;-5069;-14432;6447
8225;17409;1141
-11077;2407;-14010
-13353;7055
-2203;-16383
-1464;-4409;-16816
2209
2931;-13335
10411
14118;16774
18054;4647
2221
18147;10967;-10810;8493
-787;-13524;11235;853
-15458;-9970;-18088;4942;15871
2513;16882;-324;-5035;6235;-1663
7880;-10107
18034;14227;-16885;17462;14446
-2131;13992;-8719;11375
2006;-17609;-15598;4381;12302
6676;-16134;7226
13330;11603;10707;5892;5853;-4192
14523
-13511;7175
-13457;-6804;277;-10682;7945
-1363;6979;-7751;8474
14532
1782;-4027
4758;-5386;2409;4559
9824;-8387;4038;-6123;-13886
-17809;-4917
-10440
3072;8688;-13144;-9918;2910;2046
403;18230
6348
-8965;15256;-16235;-8699
-2072;8427
4802;4963;11412;13390;4558
-17906;11541
-9972;-14949;-8517;-9589;-8398
12240;10048;-11351;8010;-12575
7139;-9418
12113;-1639
11777;-14060
5350;17415
-16308;-8789;13642;17839
10272;9349;-7720;-5516
-2376;-16841;9416;-1951;-5151;14606
-200;-14138;16537;-14222;14319
785;-3086
-6376;-7337;-13164
8987;-6686
16850;12100;14316
-15751;-17465;-12843;6282;8795
11154;8487;-3086;6239
10508
-14706;18357;-14582;-13192;1321
12727;18266
15544;3165
15330;-8356;14597;11350;-8014;18381
-771;9747;-18070;17912;1704
-13356;-7484;2124
14215;-7788
-14274;-546;6216;-11085;10972;-10000
6132;-13670;4279;15495;-13192;3291
11472;16976;-1178;-8346;-16589
4742;8749;5550;8078;-12496
1636;-14744;2071;-4812;18187
-17137;9524;-15209
6064;-1298;-5683;-4294;-3113;10669
-891;-9648
-2348
-11748;788;-14501;6726
-11156;10424;-1627
13750;-16202;203;-4207
14648
2361
10555
12212;-13397;-13470
-13827;-11701;6235;4636
-6469
-11302;-14250;10891
17847;11006;-14192
-17443;6875
-10417;16564;-11976;536;-13468
3715;-18383
-4306;13176;-7099;-1501;14399
-11317;-14056;18344;9421
9504;-3745;-2971;-5183
-16398;1710
-2404
6500
-2162;-4327;-17789;17774
-17073;9074;-16852;10792;-2461;10014
-10017;-5042;-5316;13819;-13967;-6464
8203;10591
-2563;-14003;-3397;7958;-2698
-11926;13159;-7994;9177
12163;391;7307;8717;5454;-15232
-15334;-935;-667;-14158
-6518
10614
-2423
-5954;1396;17815;5550
10561;16425;-8174
-13478;-8444;-9180
-7037;4607
5409;-11522;-12701
16913;-12838;-10823;9178
3915;-16573;-6160
7712;14739;-14374;2549
9675;13244
15972;9928;13132;-7920
13105;754;-16246;10695;2332
-4087;3174;-6280;9353;-5709;14189
-2456
14450;-16911
2420;12329
9072;-3636;-1652;-14439
-2469
-8470;15036
-7299;-9139;-13417;-13003;-2349;14061
10853;5176;2443;-7805
-14801;4245;5576;3033;-7469;2844
-1123;4532;7545;-8285;-17440
16080;-18276;-8480
9274;9595
-1751;12654;16158
-1570;-14003;414;-11903
661;-15735;-5031;-266;-10042;15631
14782
4880;17925;16557
7651;-10276;-4120;-12030;-12400
-2060;-447
-8393;-714;-18138;14891;-13453;-17664
8003;-17912;-14584;-12762;-2123
18362;17899;5132;-18399
-8036;10554
15488;4218;3294
13002;14094
14608;-6181;3878;761;5839
12659;9875;-4132;11273;5614
-8532;7443;18260;-7338;-11306;-9243
10716
-9144;-7849;14460
2816;1938;-12199;-15579
-5313;-17394;2339;3556;10171
6642
-82;-17442;-6070;-5848;13050;-6636
2551
-10753
7378;11187;-14122;-11580;-11808
-6436;17476;-8059;-236;-14061;-7631
6920;-13583
-14858
11973;4216;-14842;-8014
-13874;-11033;14143
6670
13632;-18070;2070;-4765;461
-295;10283;7356;-6478;8093
18067;10949;6677;-17159;-4683;-11276
18132;-13781;406;-15848;8510
-11313;-17521;69;-14585;-12479
6680
-14984;-8089
3009;722;917;17446;12410;858
-4564;3196;3966
2600
8242;11255;-5067;4556
9153;-5939;-13364;-15156;6841;-8714
-18228;2517;-11472
-12387;-8010;1405
6928;6737;7924;16037;5942
-15857;12867;8709;-8189;-8333
1468;17533
-9685;-245;16246;-17127
-13464;-8139;-9692
-4803;7026;14706;-14301
-2630
-6726
4425;-12059;907
15123;-10360;1963
-2632
-16806;-439;-1464;-6824;11340;16830
-9139;12358;-793;-17355
-12441;-10681
-7682;-15175;-1287;4343;-11513
-12217;-2714
12753;-12003;-5957;-17917
13494;-6986;7915;-669;-13742;-2656
13553;17074;12662;13;9150;3439
10838
-6743
-14936
-325;8121;-10444
-6246;15415;-6520
-1088;3743
-17833;-13497
6757
-7702;7669;1512;2205;-1023
1169;-3831
7030;-2558;10479
-7028;12792;6537;14941
-2668
-2670
11554;-8694;-5531
5074;-11252;17862;12646;-9371
5331;827;-3487
7507;-2900;-1609;13100;7054
14963
12561;-4003;-11988;-14173;2638
14966
7904;6610;17699;-17989;-5419;-15583
9744;-15585;12620
15874;-4998
-15931;5050
2494;-639;15966;6591;7999;-17424
-15124;13477;17404;15615
-18241;-13171;-3638;11868
16338;-7108;8521;-9867;-1086
9445;14534;-4893
-8169;1370
-1613;16605
4577;15459;-1079;3110;8777;-11756
17429;13069;-15504
14978;-1859;6243;-14804;-15461
9814;-7754;9243;-17360;-752
16086;1126;-11312;5007
-8433;9250;14188
-10309;5844;11279
12075;-5260
-17473;13415;17609;-2638
-2724
-72;14109;12846;-2559;-13408
-322;-3333;-17577;-6841;13049
15009;8207
-14609;-9209;-3499
9970;-16807
-3619;-390;1263
10937
10256;265;10843;5403;4862;-208
-18142;3103
-2751
18164;9397;-2459;-5965
11043;483;-8247;171;-10302
10119;10699;12460;-9789;-4350
10712;-13469
10517;-9575;18199
2352;16224;-17671;6135;232;15965
-17778;-17754
-3428;10099;-13542;-16377
-15267;-2585;-1385;-14365;-1936
17489;-4518;7512;2766
9760;11014;10667
11041;-5523;-2743
-6450;16293;-14008;-4477;-2335
-15077
6884
-6280;-4472;14809;-10943
-2790
8400;5265;12363;18028;-12592
-12363;-15006
16803;14675;-12
7361;14723;1193
-7105;-11221;-1334;9703;7704;9148
4769;-7944;-15420;-12877
-11132;18027
-17699;-3326;-224;-6128
7442;17811;-2773;-6124;11023
-16071;13191;-17274;-3133
-8642;-6020;-3959;16055;5375
-6909
4001;-4469;-12662;10316
-16113;-14115;-7227;18255
6918
-14625;-14134;-10928
960;-17194;-17196;1437;16879
-3937;-6404;-4784
6935
1171;-5913;10571;-9757;1086
14293;16889;4298;-8061
-5304;11976;4364
-5105;3557;8957;3630
-10083;4472;12556
11736;-5900;-17358;8669
-13976;16829
15073;10613;14031
2528;-14228;-10343;-11754;10462
-10161;6390;-8156;-14493;15373
18149;552;18331;-13696
-17522;-17189;-4778;7067;13181
8877;6270
5473;-15493;6341;-16104;8731
-13814;4102;-15816;9405;17150;10031
7953;4774;2806;17830;-1824
-13651;-1508
-15159
-4929;-4181;15847;8044;10173;2494
-231;-7611;10719
-1729;-3683;12005;16766
6977
-12242;-9316;291;-10063;16159
-1957;3189;15417;12699;14494
-629;-2150;7321;-1659
9204;-2268;10972;-2734
15174
-5025;16759;-441;4652;3326
-18168;15277
-16369;-9831;14215;6295;17335;3535
2892
-12632;-2552
6992
-14481;8420;-17320
2530;16568;-11977;-6153;13817;-7789
-162;-14370;-16067;-3029;9317;5015
809;-7818
7728;9060;18136;-1131;-10399
7172;16222
-2497;6785;-8900;-9687;-4633;11918
-33;-2373;7773;5743
-13490;4003;9893;4489;10314
1350;-12392;-4172
-11729;10193;15109;13256;-2718;15679
7023
-14118;9303;15935
7960;-14986
-4851;-15395;-14365;-1088
-7411;-6458;6841
-15170;17378;3829;5287;6109;14174
12560;14434;7123;6612;-5063;16422
7169;-7963;-14432
11894;-11417;-15706
2835;12980;15493;-6190;-5791
11716;5531;-14303
13569;17959;4013;-8016
-15240
-10529;-14421;-11607;-10952;7692
4807;-5881;-8857;-13503
14992;16636
-15246
13743;-16704
-6356;-3496;-17880;16575
11127;-13533;12365;-17022
2180;8953;-10346;-17533;-2605
128;9687;11096;7930;15087
-18257;-11173;14169
-17128;-14523
8369;14017;-3733;13909;-10697;5691
1121;13398;16118;10631;-9614
4168;1673;-1036;-6285;-9695
11536;16026
-7084
-10243;12793;16411;7261;-14896;3951
-3111;-10232;-9292;7356
-12262;9270
-18041;-3163;-6365
-11189
2997
-2961;-3317;2412;-2095;-13423
-14405;5764;-15734;-13947;-9820;-8110
-8819;-10900;16185;-9278;5711
-15297
8738;-2904;12360;9390
-582;-6525
3089;-11959;11880
2528;-4961;10144;-937;-6877;11308
13730;14581;-1833;15546;-14432
7113
9329;6841;-9056
8032;-626;4146;-7703;8458;15293
-11993;-15932;-5885;-17871;-14496;-10576
-11219
8359;15149
10689;-10567;17799;10125;11853
-15362;-3187;10516;-11387
-15336;-2057;-2313;8668;-4158;12158
16948;16935;-6269
-3047
-10882;-17385;6826;2010
-929;4883;-14648;3544
-13497;10442
498;4169;-4045;-7776
-8371;-13221;-680;2377;-7744
241;-5301;8123
7160
-11259
-4049;17557;12968;17551
2708;-18070
15361
3075
-7172
-11268
-15368
10849;-5459;-10584;10696;-8587
-5235;-2777;11096
1825;6498;-8405;-13973;7242;9900
-11281
-6803;-1749;4521;-11354
-3099
7568;-17042;-12595;14867
11298
3285;17002;75;5052;909;-15024
-10881;-13459;404;984;16812;9247
12019;14583;13372
13378;-18116;9991;-2616;10714;-6144
18389;9301
-1457;17090;8594;1235;-6202;-16144
-17970;-13174;12538;14606;15311
-181;8183;-784
18050;-835;11494;-5104
13168;-563;-8563;15467
7222
15417;476;-9790;-783;-16640
16295;3528;17528;-13758;8207
11322
-3381;14703
-7074;-12441
2564;10841;-18426;-18397;5134;-5327
10448;-5437;2220
16161;3620;7080;3401;9741
13634;13077;15719;-10188;-12718
-11665;7472;1986;-7399;16844
11953;-618
-1608;4185;-5723
-15923;10341;12186;9853;-12495;3279
-627;-14857;14062;-5824
-15794;-5139;8307;-6909
131;17654;-15481;846
-13473;-10659;-6581;-12856;-12831
2324;485;17994;2830
-12433;16610;-12088;-13933;-5887
9651;6980;2907
15447
8570;6879
-18321;-9684;-12022
-18289;1106;8723;6901;-9801
7552;11093;5003
-3860;2441;-1755
15780;17656;-17968
18276;17672
15473;15745;-11815;-5163;13519
-2374;-18298;9295
-1441;-6035;16057;10988
5977;5899;15885
4480;-7045;-4719
7906;8775;16203;-447;7614
-8376;15675;16747;15947;-6510;10670
3193
-3219;-8677;18356;-3529;15849;-3296
-17473;16786;9783;10841;11935
-8408;-1433;-5241;-7546;1723;-15072
-7237;10445
17894;-2395
-15500
-9442;16749
13860;-8406;2424;-4665
-4584;-17995;-1116
15553;-8152;7624;5723;-526;-17006
16372;10789;17019
-11640;4318
12209;-11876;-10518;-3256;-3994;-14463
17892;-10649;17418;-13244
-9208;7511;-9724
-12068;3396;-16999;1961
9872;-11411;-1691
4112;14022;12203;-14816
-8873;-5914;4233;-8061;-1008
11207;-13947;235;-8928
3240
3827;7430;15834;3740;5181
13915;-9805;-17455;16591
-15665;14117;12988
8004;-15352
-3256
7745;3706
11234;14707;-10600;12494
-10856;4584;-13372
-7989;4692;-14185;1933
-7233;10994;13669;11430;-12587;7471
4385;11169
7363
17393;-17862;14670;9551
-705;-10740;-8214
-1511;-15847;18119;-14394;-10124
18050;-5958;3254;16602
12114;-6499;-6135;16023;-12538;4409
1045;2233
-2676;7139;8022;-4856;15048;5179
8707;-8004;-16272
-7378
-1378;4659
13632;16375;18332
5474;-16950
-13445;16733
-17751;4170;15740;10572;1133;-6479
15577
10992;12850;17097;-8976
-18316;-1360
-15583
-12801;4613;15701;3978
-6038;-1359
7824;6836;-17261;-6558;-2336
9924;-6318;-6911
7401
12393;-894
14577;5115
3889;2802;15491;-6583
17841;1654;-8681;-5513;873;-13583
16178;-10532;-3115;17437;-16656
-15811;-6598;-14310;18230;11078
9735;8009;-15690;3675;700;-17936
-7417
7424
-11394;-11335;-1643;12847
-6993;-1569;-2967
-16900;-16758;14807;7320
12513;12402;1555;7112;5021;17983
-7105;13873;2885;-11739;-1260
-15318;-12042;9930;-10493
857;-7469;-13119
11540
451;12278;9336;8169;9981
16053;10213;9854
10240;16087;-14283;15884
16308;-665
16387;-16533;3510;13593;10986
-3370
10401;-11176;16151;6938;-13839;15374
-12577;-6977;-4647;4956;-512
16432;9491;-14998;-4426;13257
1237;6237
11570
-12353;-7411
6105;5468
-15671
3696;-11937;7510;12311
11569;16806;-2424;10189;-16367
3777;-14434;-5022
-14525;17919
-1430;11114;1902
-4065;-17417;-2394
1536;13589;-3850;-3467;3787
14581;-10650;-15725;9790;13599
-6429;-13360
-17332;-2522;12350
-15697
-11699;-14634;11532;7295
752;-6738;1267;-2822;9721;17614
-16545;10338;16435;5368;16408;4174
-9271;17272;-10106;-17690
3413
-6290;16891;-5276;10269;4207
-1605;6038;-15100;8894;-944;10239
-17014;-2799
10354;-4884;4181;17483;17534;-272
7504;-4644;-16200;-3913;1516
7651;7427;18152;13341;-10350
-3668;17495;-13005;1692;6972;-1936
-11649
-5555;-14773;-1575;10253
12785;6485;4670
-2659;-7382;14918;14970
-8266;-15678
-17513;-5676;6779;4751
-1819;9098;285
-739;-15812;-3303
13475;2283
-7572
12769;-14636;-9805
10566;9160;14184;-14047
3481
2193;18098;-4522
18302;5663
1012;13141;17963;17837;10877
-563;5922;-8848
-3793;1554;-18212;-9285;-4471;6142
7482;-18173;-991
-12883;4105;16363
8711;2972
2373;3961;-2843
7589
-14356;-4694;-3401;10764
3496
-5461;-3768;-4989;-8144;-9808
18072;-11996;8030;5775
-17880;14379
15316;8408;-16122
-9233;15269;-15735;5720;15677
-7465;-6185;-3052;12668;525
-11796;17269;-15094;15558;13624;16717
-9204;4746;-1420;13485
-10321;-2692;-11449;-3628
-10182;9705;12795;11676
3516
-3606;6071;-14730;3852;13341;-1406
-15815
3530
6951;-4136;-6347
17376;-1667;13915;-5773;-8032
10456;7662;14094
-12674;14933;-18094
-16100;6996;16964;-246;1771;-5837
721;15132
13345;-13126;10135;1403
-7666
8424;-15117;-5070
12305;12358;9575;16823;10109;-12544
-14373;2606
-3579
-16948;11203;-3917;-1663;-4799;-16127
17507;17764;2773;5625;15738;5612
1424;-1322;-2075;14202;16043;3979
5392;11783;1641;958;16575
-10098;-18060
-12823;-8714;-2526
-7986;1524;-16073;-17915
-13362;15907;14388;4798;6431
18201;15162;2991
-5322;-14650
10273;-4727;-13231
17139;13045;647;2360;-7405;-5806
5779;-7044;-11372;14043;-13198
15061;-9180;-13581
-6919;-8974
7579;4219
8802;2998
16656;-8949
12693;-15240;2569;7514;16555
18403;3043;-8295;-5232;16175
-13080;15447;-11225;5691;14269;-7488
10482;9519
2339;-4855;-1102
-7714
7714
-15908
6961;11672;17757
-947;4571
11328;-8658;-10914;2853;17207
-9457;7139;340;-135;-18249;-11936
1555;-14711;13294;3487
-14028;-16748;14860
11821
6740;-13221;-5344
7876;-5958;13110;-11977;-10267;3581
-3639
14034;7159;13768;16793;13324
-6243;9883
-15932
2228;17801
7741
-11473;-10693;11766;2654
-5985;115;-13639;1373;-14190
11852
-5410;-14982;-7852
16756;-10924;6684;3439
-14581;-15510;7078;-7065;-12889;-1661
15957
-7937;15709
-820;12503;189
4164;-13787;-6347
-6257;-5617
9968;8834;-16853;13414;13479;3513
7780
15122;-1080;3389;6735
12737;16019;9908;728;1162
-10225;11544;1241;8250;-7118
-4513;10098;11187;13237;2359
-17445;-13654;-4727;-3706;16173;15565
-9121;-6866
7794
-13368;13257;6985;-10574
17042;-9244
-9907;14962;-10437;3077;-7659;-6030
-2483;-9417
-8803;7461;17865;-527
-3710
11902
-5284;1572
-11462;-4743;567;-14925;-4413;10783
-11912
-16161;-11491;21;-16394;6362;-15211
17089;-9267
-16016
11923
5600;-710;-554;-4970;8463
3046;6155;-9277;-1214;-7294;-7439
-15507;-16901
16023
4800;-12633
7833
-12573;-11646
-1793;-14516;-16071;-11449;7322
17584;-14082;-8757;11813;1279
-8389;551
3745
-14630;-1405
-15828;7365;-12182;-17944;6169
3750
14775;-18297;15469
1249;3437;15455
-3759
-11954
-11955
-2803;9196;7148;1183;13615
16056
17344;-9480
2448;-10372;4790;13543;8203;17932
-15570;8470;2454;10182;3066;-16476
-13538;-12388;1667
12210;9047;11194
-16593;-1362;-14147;-4447
8997;9929;12682;-7932;-5392;18271
-7350;6150;-6684
-3842;-6419;7735;13963;12831
13265;17413;11926;-16537;-9982
13250;1812;-7167
-2788;-8632;16312;3005
14417;6084;-8505
11904;-6002;-870;-8838
3714;3509;-1258;-7933;-18224
16273;-15956;11432;12538
2498;10906;-9596
-3329;-1586;-15307;12316
-7910
-7907;5620;-6261;-18342;12655;-10064
4739;678;-1599
2275;4265;-4158;13727
-8435;-1341;1853
14711;-5387;14732;4350
-16388;13828;10493
-3036;15179;-3647;7630
10976;-4129;-15156;11859;-15583
11587;-4935;13498;17450;-5085
6353;6470;6;827;-14800;9087
17218;627;5557;6551;-5625
-17160;9214
-7761;-4282
17259;-7212;4428;-10624
12464;-3321;-3530;13546;-7103
14677;5784;11657;12332;382
7970
7744;-10198;373;10057
1553;9169;5206;-13933;1886
17491;6692;-15238;-5064
3728;-12388;13557;14566;-9964;2575
80;11994
6469;-4502;-14424;-15352;-8845
-16175
11398;8876
3891
14881;14177;14278;1517
17059;15205;2365;-2064
-16195;16659;-12749;734;-16927
-6994;5380;-15782;9398
17841;-14646;-1175;6475;-1919;5518
17266;-15480;842;14333;3327
10512;3760;-3010;-7357
674;16820;12997;16118;-5839
12864;3394;-12725;8741;-11111;-5070
16945;1256;10286
-3143;4222;-17279
1680;10513;-1235;8948;-15900;-16111
4601;-1547;12891;11403;-9071;2030
-17953;10488;-8748
-12118
-9618;10916;-11829;-9674;16266
-14081;-8841;-16747;-13870;-15936
-12140
14834;5850;-12636
16673;5396;18279;-14171;6447
12673;-439;3848;13832;17849;1247
-7890;-10713;-2010;-16110
-13895;-1209;13065;-14204
-8054
2081;10803;3752;10844;-16959;9823
-85;8741;6232;2568;15182
2856;-6777;-2363;2378;-12349
-14400;-1856
-897;-15604;-10757;-9478
12786;-623
3972
-2050;4259;8532;-8709;6313;-16414
16305;-16036;3963;3837
6754;-17747;-10726;5289;-12126
-6562;5874;-15658;4410;-12524
-12177
14321;-7485;9437
9228;-13215
-14309;-2247;-1322;-5006;-608;-13264
-6154;-10123
13041;-8071;11591;14474;-11371;-11579
17222;-13226
6768;4866;12500;-3045;15676
5818;-9820
-1661;5662
-10579;2479
-7938;5337;-18396;-3488
-11748;-10998;15541;7338;-3627;-8704
-9697;-2503
-16299
11073;12277;-6870;-15369;9882;1212
6885;17878;-12556
16997;-7992;15352;10;-12159
-15125;-1181
3952;10788;-17815;-14056;17847;-4735
-13857;-14626;12101;-17576;855;412
1171;7876;-3271;10310;16971;-12654
11752;-17118;-10943
16548;13493;10845
12532;-16559
13413;-9385
-2545;7200;2530;-5395;10431
545;243;-7529;-13675
-3155;-7061;-18024;-3295;2926
7907;-5783;-16410;10250
1010;-15748;8356;-5847
4039
3496;12831
17793;6758;-16414
-10643;-8473;2664;16314;12378
6708;-1446;582;1180;-2975
4050
-12244
-6307;-10310;-2552;1561;17164;-11805
-9426;12853;-10202;2714
7908;-13993;7772;-18045
-8306;643;-12792
-11720;14375;-16299;-2923;-10540;14843
-8820;10149;-2424;4551;-11626
16361
-9842;-12390;16780;-10911
-10537;6458
-5765;-10122;11791;-12272
7184;1874;4115;-12869;-14215;-2460
4083
5361;2322;708;-17302;-7736;-7919
-9780;-2504
-12285
-16883;5331;16788;-9317;-5325;-15167
15892;489
-8257;-199;10967;-14797
-7305;-13306;-16252
