12248;13404;-14224;17247
-1237;-11302;11574;5064
-6936;15131
-10244;16363;-14317
-1483;-2620
-8
7843;-7801;235;-2301;-14368
-7478;10909;-15728
-5971;-18131;-1716;3828;1963;-8654
864;7337
625;-1202;587
-13976;13963
-12516;660;16132;-1239;5735;15818
14851;-1879;16456;4969;-13902
-13409;13391
1008;-983;-5852;-10576
7233;-4163;17429
1268;-10137;8890
18250;2251
-8563;-7846
-6737;16970;6175
-11769;7645
-12759;6456;6330
-6;15606;4984;-12362
8222
5026;6854;442
37
-4136
-4137
12065;-14083;-14409
-7667;-17670;8537;16844
12332
-12339
-5139;15812;9861
2064;2433;12852;-7581;10767
13779;-1991;17754;-16862;11951
55
4608;-457
4152
-18195;18253
-5350;-647;14247
6548;5002;4892
18163;-15061;-13192;3339;15773;11517
5760;4210;5891;15095;10063
6673;7556;9017;-10896
-12356
6641;-10810
-9361;-15365;-3318;13765;1918
-18385;-11369;-7184
-9625;1355
80
8160;-2567;1015;-3978;17818;-8080
12372
14721;-5366;-15142;-14778
-8279
-14406;-10263
-15713;16864;-8815;-624
-5912;-10569
9618;-9717
4197
114
-435;7239;-6687
-7893;15531;15819;-11389;-11951
16509
-1732;-7605;1015
-529;-15044;16627;16422;-14283;1038
16513;-10514;-14248;505;10971;13295
7376;-11388;16876;-13694;-3406
-16725;4295
16526
13165;-13310
1944;10489
10129;-7106;8212;8651;-524;-11022
-10726;743;-4921;-138;5610;-15294
12441
-2514;-2245;-13080;-10990
-10322;-806;-2870;668;-11405
17377;7366;-12296
12454
-498;-3768
1824;167;6456;3326;4782
-16931;-8198;12665
-5828;-2090;7740
3291;-15758
8144;-2417;8131;-11720;11179;3246
11698;-1380;15703;17479;-7402;-11340
-11096;11278
-9890;11713;10852;17004;11468
13889;-1414
-10289;6021;16901;-16791;-8319
-2211;1621;-12841;9211;10398;-10464
-3397;3207
-9302;-7278
-5507;13897
-17619;9740;16270
-13170;-5203;12552;1947;4076
-14781;-5904
-315;8410;4397
6530;-17636;14265;17530
9121;-17524
-8405
11761;8932
-3987;890;3311
-5979;-14718
5521;-15395;18287
17378;5044;10437;-14103;1946
-8803;-14629;14759;9546;459;15279
-821;1049
-1876;772;13624
-4330
238
-1873;-7157;8791
15796;-12952;-15372
-11695;3262
-241
16628
18384;8192;-11538;-4087;5678
8452;-12687;12127;-7872;-9568;-7088
17879;17272;10798;15743
-4038;6744;1642
11454;13375
4349
15744;10851;6083;12632
720;2737;9895;-16521;-17566
-12553
270
6148;-17094;8485;8636;-14079;-560
-11923;-14310;1382
10368;-7509;4172;-6751
-285
-16549;7221;12069;16886;2087;3149
14643;14990;12415;7391
-354;-4031
-17876;16197;-1464;6780;13038
-293
4790;-15992;16553;-9740
13696;-17238;-5416;13351
15187;-422;18302
-15409;15108
-14951;13208;2043
-3969;-4524
-1748;15544;-13355;9114;11229
8857;1067;10862
1907;-10981;598;2935;-2968;17007
12595
4089;3786;-7564
311
12763;12127
-10130;-15332;11043;-14630;17593;-5245
4882;-5623;-11514;-12639
-10961;9189;-6503;681;3177
-10902;-9949;-8144
1697;361;10554
10469;6406;-6920;3433;15609
-6375;10796
1962;2460
4422
7409;-3253;-15048;-16456;-13945
8210;7926;-11705
17667;-3031;-10204
-6130;14658
-5569;3586;10247;-12698
4436
899;14373;4345;4041;1260
3776;17234;-16612;-10248;-8220;9631
-12995;10834;16277;-2092;8799
-1681;7859;1338;5117
-13457;18225;9362;-14323;8731
7954;11970;16551;-15480;10408;-14672
-10242;-6885;-10153;-11245;17692
-17682;-3151
-11653;-17096;18185;-13898;13373;10735
10576;12450;-2192
-18086;-18030;10350;-7360
-14586;-10349
2581;-3350;15081;16857;6060
-14808;2153
-17259;16891
-4481;-12930;293;11991;9480;110
-5089;11896;345;-2688
-8563
8563
17782;5159;-6186
1843;-1466
8571
-4477
7384;-12042;-9183;-6032;7199
-1156;9733
2197;-10775
-2551;-14220
-5396;2451;-9738
-8589
13232;-4068;14885;-11360
-9697;7249;-3924;2680;17932;-9741
-405
4881;11458;9043;11883;-8189
4501
-14113;-10870
-16792
17601;-16291;2137;-763;9214;799
-4977;-6300;10859
-6611;11111;-4920
5361;-13144;12301
-8622
15298;17899
8627
-5586;-17923;12548;-17957;9511;-13800
-8631
-15538;6113;-11284;-8744;-16539;4591
3841;7973;2809;-15068
-12850;14852;-7175;-17927;7948;14702
8231;17356;-8752
3841;-1314;16753;-11429;5657;-13053
-16705;13312;-1238;-6135;15318
458
-17044;-4281;-15999
743;-2250;-9421;-14110
-1844;1382
-17009;3136;14335
-2002;6934;-14858;13417;6874;-9902
17537;-9988;-12808;13918
2756;-9049;6872;-4619;7517;5182
1664;9923;-9755;-1359
-14433;9859
-1977;17736;15994;-10796
7475;10245;-17241
-14642;16243;3927;11336
-14519;-2428;-4110;-8096
493;-5072
-5299;10642;5943;-7800;3752;17820
-15457;-2866;5893;3189;-15819
16962;-93
13767;14847;16927
10371;18021;10411;-1453
-10261;-2217;-3738;-656
15394;-1300;-18215;-10441;-8233;-2271
3257;-15260;-1948;13468;16333;9215
-4587
-16957;-10333;14511
15239;8169;13389;8750
14064;-11444;-632;10791
7296;-11892
-7987;16646;-14519;14551
10720;14802;16868;-17309
16890
4602
8699
-12035;-17653;11897;18299
508
-7045;-7782;14314;17406
4606
-3025;-1859;-6698;6972
-14074;-3628;-7389
2050;-10403;-4327;11687;-9418;-14682
-546;-14932;-12148;-7157;17879
11217;2709;-8617;4393;-11822;1599
14484;-13589;-5335;-8760;13724
8112;-38;-13782;1087
3954;15347;13783;-1932;6236
-11911;7288
3808;7649;14357;15674
3719;3210;-9692;7389
-15620;-4820;263;18376;10523
1687;-7932;-10574;16285
12826
9600;-1234;-5877;8838;-11867
823;13431;-15370;9450;-12973
15053;-15600
-547
-2531;10884;-17094
13810;9940;13670
556
12691;-2612;15053
-4655
559
5792;2256;-11077;11292;12783
-8907;-4315;8557
12857
-4036;4068;12827
768;-10455;-3176
-7240;14665;4633;-8075;-4331;13212
-16402;1444;-7017;-3182
-4679
16096;-16682
8778
18209;-9300;12213;2062;6079
-3298;2703
-596
8129;8532;3750;4761
9849;-14543
15025;6052
10816;208;-437;-5062;-18415
-8794
8796
-17411;2438;1353;14268;16351
-4713
-4936;9705;4043
-13908;4244;2342;7944
-14675;-6260;16277;14534;9735;-14893
-16850;16225;13317;150;8262
10433;-899;5369;15514;-4030;-5279
9074;-10361;493;9614
6928;-7301;16278;16007;1485
-17014
-9586;-7460;-8170
4735
4816;-10337;17059;-6583;-13789
-12935;4151;15991;18012
17719;12585;-17373
12144;-5156;5943
-10741;6392;-16779
17034
4748
653
17038
-17040
6035;-6696
3105;10228;-8053;-3862;13835;-6399
-15867;-1182
-2097;-14275;11620;-12535;238
160;4324;-12374;-9161
-13731;-1559;10526
-13845;-7307
9575;11580
1552;2487;12152;5769;-13087
17065
-8196;-5494;9642;-8925
6741;3864;-11291
-12976
9874;-7221;-16039;11402;1295
-16915;-15431;-12232;-18330;11434;9819
16944;5617;13705;17677
6880;8807;-6799
4602;13373;-894
513;-11655;-3211;15052
705
3425;-13833;-4635;-8492;6443
-131;265;-2492;3068
-15842;2842
15041;2961;6965;2262;10348
2819;-9878;15964
-17099
-2348;-6560
11713;8436;1047
-17103
16418;-6103;-15130
-13012
-7253;-18048
-13014
-4626;12627;2518;11079;-11801;-4974
17792;9249;-16420;-2182;-14871;1608
-17112
16307;118;16999;-4858;-7436;-4014
-3302;14166;2157
9137;17717;2123;16812
10784;12570;-18060;-14221
18016;7024;-8052;-10309;8005;2442
742
17130
15333;-12983;-2297;9261;12030;8078
750
-14341;16006;3182
-11618;-6293;-7420
-12658;-15299;-10245;7621;-2349;15791
1913;17290;-11963;-7995
-13044
-8036;-18397;1101
9044;15801;489
-17145
9845;-4680;15982;4191
-5705;-410;6573;-9343;17839
7489;10522;-17248
-4885;-12264
-4931;822;-17515;11707;10683
766
14806;9528;-15375
771
8208;-1286;1333;13003
-7089;-2097;-3884
-11857;15985;-12886;-216
-3525;6790;5518;-3903
-12549;6745;14780
-16833;13694;-1743
16500;3989;217;-7632
-10838;12700;7117
9506;-14454;62
16560;-7578
-12023;-1226;8733;-8575
16256;147;-15881;-11979;2462
-17474;-16500;16781
-8330;-8414;3647
8741;8454
-12529;-15330;-7143;-13880;-1084
-814
-6900;-10347;18061
-4919
10594;4211;-3209;5611
15291;14206
9017
2888;11816;2107;8590
-17210
-4932
-9030
-838
-9032
17940;-4808
195;18227;5381;-1736;3111;-7949
-8210;-15283;13285;3798;11401;-4144
9506;9522;4836;17658;9035;-4653
1842;6051;11607;12344;16733;-6767
-2629;14631;-13274;15260;-14846
6097;15243
-5940;2823;-284;1467;15804;-14733
4958
-15814;-9118;-8847;-8048
433;1571;11158
4971
13164
-14401;14308;-18283;12299;-9581;10685
15781;-15318;-17725
5121;-5988;3542;2586;-253;16351
14578;-6147;499;-399;542
2944;18417
-14998;-14333;-16607
14496;10449;-16085;9015;-13355;-5407
-17825;10471;-16248;-14154
-2882;-12967;16744
2244;10597;-13742
-9778;4627;-2087;-16238;2095
-2924;-14365
-7507;2649;-13277;13133
-7089;2085
-4867;-8330
9100
-13769;11275;12669;12526;-5407
13202
-14641;11824;-3521;12722;-17465;-14411
7907;1014;8381
-13207
9114
18352;2060;990
-17441;-16252
-17834;16909
-7121;-11529;9530
7873;-8809;6714;11534
-10519;-2153;-13241;-9562;-6416
9568;-14595
-15905;2325;758;3533;18414
11699;-1893;-678
-15137;10162;-5893;9849;10089;12348
-17327
-625;6577;-10991
13231
-17201;-7428;-14920;-2809;-11835
-14356;-10758;16520;-16927
-5153;6821;5206;10455
-14849;2594;11991;13499
9140
3459;356;-3381;-4808;3421
7153;-4966;5719;-17051
-13241
-18233;2136;-4014;-5422
1440;12753;-13236
12822;15462;13644
-13258
-3541;-1531
1504;-8867;1877;-12935;-11232
2194;3957;-11228
-989
16626;4589;12543
16578;6836;-11753;14969;11227
17233;9860;8325;-14855;15367;1928
-14004;-7669;15156;8183;13864;14136
17379
3184;8457;12761;-11119
3585;-16979;12387;6324;9686;6475
3750;-2752
-7610;-1583
-16226;-3170;-517;2527
-12467;-16836;4137;-4510
13440;17845;601;14253;-16464
-8211;18242;7271;5928;-14027
2241;7011;7307;-3260
-13303
-13605;4395
5745;9428;3076;8902;14826
-1019
-15174;11048;-6618;9514;-3886
5038;4174
-13309
5684;17604;-4421;-16437;-10207;-5536
-15069;16094
-4609;1363;-6074;10347
18275;-13926;953;7193;7693;5421
15744;-12535;-2424;16633
-15685;789;-7704;16923;-15839
6738;-8999;-14999;16331;18348
17888;5314;-836;3525;10295;-6478
-10740;-16552;1676
15785;1643
9244
-17190;-16475;-8350
12394;-14348;-3198
14193;11955;7943;16122
5159
17443;8197
1068
-3249;-16135;-12088;-14654
12914;-17109;-17147;3884
-12451;8966;-10474;-3502
-724;10467;15130;-4539;17643;8158
12017;11394;10247;-11038;15326
-17733;4037;-14298;2335
6771;-7110;-3401;9145;-5419;-17455
657;12732;-4111
-16114;3186;8806;-9192;6985;5241
13027;3703;9305;7515;-11982
-9521;4334
-5976;-7292;-9949;5742
4450;-4566;-2521;16425;6847;13231
14656;3330;-15911;1271;17224;-3088
-10467;485;18152;-2975
-15393;9056;-6853;-1401;808;394
12978;16797
14592;-5912;8476;8524
5682;12547;1015;-14043
-5209
3104;-14070;2553;-4635;11935
14210;6101;10853;-17927;-8029
13402
-12306;-13458;1921;-2197;12446;8383
-12644;-12775;5214;14991
-15377;-4362;8265;-10396;16653
-11797;17021
4951;-3530;3807
3816;-8730;-6475;16619
5424;12742;2647;-10079;-5504
1137
10116;-4875
-13434
1638;14183;1710
-17653;12409
-9826;7013;3962
-13441
3241;3866;-5951
13446
-9281;-17601;1265;-5674;-10829
16248;11097;-11596;-14781;-2128
-1162
12193;1506;6675;4698;4765
3783;10121;10527;5407
-13459
13249;-7061;-15819;268
8322;-2123;15451
10609;-11780
-4524;9791
4823;-14189
-16901;3438
4723;-14039;-8872;7737;11631
3425;15473;-15380;-12901
-3266;6116;7848;17995;-780;-2144
-13538;17954;4829;8334
-1737;-5787;18394;10410;12685
-5953;-13778;-3214;11374;-14208
-17030;15447;7848;11323
16408;17566
-6130;7475;6986;1071
14545;16386;14278;-1417;17917;-15440
-9407
-16278;9430;18295;-14969;7416;-5117
-6561;7786
2304;11617;-5062;-1144;-8941
-5746;7313;-6890
-9923;-12954;-4986;6155
16196;-14968
-13522
13060;9957;2460;16717
14563;-16934;-8263;3736;-14176;3455
18131;-6952;632;-2384
-4962;-291;16201;16234;6203;17003
-9925;7607;-3018
1239
9616;10148;14244
-5348
16964;-8581;549;-10185
-6898;12248
15073;-13418;10585;-4076;-9422
10704;2086;-11532
350;17294
18081;-4810;13786;11069
-5654;-11993
18328;3417
5322;-15707;924
-11601;-13410;-10045;-3087
5955;1556;11817;-9342;11773
6080;-18203;17499
-6685;16159
8544;12929;13810;-7501;14461
-11169;1141;-1017;9759
17687;-9341;17517
-10036;-6230;-16941;7342
-11911;-16712;1271;5738;-16539
18401;-8920
13878;11208;-17898;-9546;-478;8221
-15922;-11722;-6415
5105;-14020;-12857
-15409;-16035;-8838;-8006;11480;10937
-13569;-9436;14028;-12799
-3810;-17967
15458;13266;13366;2664;-2495
8128;5461
9499
-4418;14582;16310;-16968
-17253;12309;12109;6527;-15008
17700
2649;6862
18257;-4650
-8689;11229;15774;3487
-4245;11926;16347;8942;9311
-10820;11171;-13500;14479
17715
-3618;-5909
1522;12102
-17896;4265
17970;6570;-6733;8111
32;12542;-11232
-10689;15012;-17910;-15959;12792;-13262
-9608;169;5161;-13451
12216;-2971;-10590
-9537
15410;16422;12406;-2009;17627;-1165
12363;-15308;14412;4591;-17408
2865;6758;-9674;-5131;-8463
7778;-3059;8518;15933;9053
-13989;10005;9439
432;961;2114;-4453;15062;15915
9552
13062;5030;-11022;-16623
1018;-10572
17745
11525;-12894
-1570;-13175;-1258;-5900;8235
-1923;15590
10736;-14482;12370;15878;-2985;16732
-1329;-14067;9987;10339;9868;15261
-15700;-13334;15222;-16250
15376;-5791
-6433;14688;9067;3948;909;3790
-11874;-17507;15253;-16666;7673;13532
2149;4822;-522;-18396;-7054;5310
17788
-3714;-12190;-18272
-17172;14534;-3784;-15467
18418;5667;-14957;4573
-4692;6106
4389;-4749;-9070;10847
-6689;16916;4470;-16121;-15081;17929
5524
-3365;11652;-9430;-16631;-41
-1059;-4468
16402;17331;-13016;1194
-1436
-5524;-12822;-1895;-13001;9804;-2575
14404;7513
-5536
-16975;7342
-2033;14721;17431
-12387;8564;-88;9454
-4148;-1813;18281;13705
-1452
17836
1453
13744
11218;-6151;15353;-5050;2474
-5557
3586;5154;10180;-10458;9961;-4670
-7569;258;15240;-2267;13566;-17760
-12849;16417;18081;6594;1915;-16399
4372;-1638;-12400
-83;-1392
-7083;16750
-16838;3071
10706;-16230;-8841;13641;10398
-6982;15979;6668;-17390;-6767;-1184
12979;-8277;9398;3771
13779
-2105;-3487
-11141;7194;-18031
11857;-16563;-8984;-4192
6001;5490;-5896
-17419;-15421;2668
-1603;17235;-17751;15674;8426
-6084;16084;6053;16150;15033;15706
7043;4899;6668;3372
-15302;13799
10099;-16168;-12285;-12749;17309
-1123;-14799;-6064
11783;-16968;6396;15740;14429;-13488
-13799
3363;-16506;14655
-12668;-1134
13604;12485
11329;-6420;-6629;5428;-9320
-4069;9946;17020;1453;9935
6900;9453;9741
-17906
13906;-17228;-2239;11182
5684;-1126;5159
-2775;-5671;9543;5767;-4044;-8444
-6673;-10466;1659;-9982;11646
-13396;-13638;-16711;-14461;-12958
-4419;-2004;-1189;9660;-7710;-8160
-12243;-10037;-16119
-8621;7086
-8436;18167
7895;9848;8382
13633;3843;12772;18006;-18363;12618
15520;10162;-1351;-10492
15682;-6742;12342;13038
-1554
1201;-8883;18018;8500;-15608;-1673
-7442;-16132;1221;-3751;12984;14681
1939;11914
6240;-14787;455;-18266;-16171
-16004;-10149
-2562;-14180;-9099;-17692;10990;-9999
-17967
-17121;4417;-13849;10730;-13615;11471
13872
-5889;17739;13389;11038;2175
7716;-8902;6870
17975
-15185;13592
-5141;5812;2020;-1095
16640;-18238
-8018;534;15706;11242;-12140;-5726
8629;-15302;-10855;-6791;6334
-15346;1793;-16723
-3000;4604
-14007;8303
18194;-15317;4378;-1551
13200;12985
-16196;6392
-11153;16073;-6635;-6269;-15855;-2352
-4819;-4992
17073;1538;-12965;-490;9642;-4988
16593;-13299;18323;-1241;1722
-15924;-14368
3731;-5438;11519
-1954;-17172;-2746;12058
9815
18184;-16560
14466;3542
3011;16808;14574
-7121;-2340;-17942;-13335;-1850
-6066;-1205;11336;409;-14138;-12446
14289;11918
17264;-457;17595
-10356;-12299;10284;445;17855;-192
10403;13627;8540;-1133;2974
-14198;11303;12730
3986;9948
-8849;348;-13630
-5442;4981;-10679;-7295;4494
3234;12089;10906
1654
18040
4;-2870;2150;-941
-1660
-7873;-9941;-6392;-18414
15618;-13588;-1462;-202;17902;-8416
4314;-11390;-6879
-11914;11613;14255
4194;-2915;7833;17132
13961
4193;18356;17412;-17914;3565;4735
14773;-13096
-13971
-3153;-3108;3067;15083;-10206
-4439;13256;-3037
-18070
-13975
-1891;-13659;10;5660
-10273;-7963;-9356;-15056
15524;15272;-410;-16525;-14640;-17296
-1691
8745;-5485;-18205;16638
-10788;11812;-6038;6072;15433;17979
-13992
-568;-15065;12811;8621
-3561;-397;5662
11328;-2627;2777;-9644;3966
-9707;-12479
-12753;1191;13276
10097;18260;-11944;-2410
-13261;-8943
-8113;8468;-14368
-14245;-16072;-7004;15116
-17937;-12460
8272;7510;-5865
-11506;16533;4166;-11897;6846;-2415
12801;-1267;-9416;-11323;-4815
3591;15319;-17176
-16945;2920
-2227;3973;-15480;-12985;-9849;14350
7204;-1371
-18127
-3665;-2176
-9049;-10187;-7262;-18175;591;-2720
-14034
14505;11821
-2584;8430
-643;1656;-10766;-12480
9945
12036;1013;8438;8150;2281;14892
1757
-3428;1669
-1759
-14049
12291;4958;17279
-3826;-8310;-13115;-13134;-14958;6525
-7361;7697;-4633;-7263;13327
15155;1430;9654;12489;-13053;-3424
-9574;-5975;-8634;9980;13838;2143
2549;-14219;9437;10863;17727
-5879
2626;-12607
11475;13323;5662
-15498;8011;17468
15268;7003
14356;14325;14614;-1852;5405
32;16226;-307;6322
-17073;-16049;-6774;-8586;11085;11023
5697;-8388;15860;-12042;-15214
17863;-6155;12027;-13744
-9738;-4221;15759
9993
10864;9748;14120;12126
-12674;17316;14180;-12924
-6387;-13365;14948;-14408;1023
13699;12700;16286;14526;-2159
4789;13401
-49;7249;5907;-11545;14344;10479
-10547;1508;-968
-3364;14520;-17067
-13256;3247
-16756;9000;2459;2237;13069
10341;-5178;8316;-11662
-14106
-16328;16601;13838
-13203;7948;-12654;-718;-7950;-16207
14119
4498;13092;488;16523
1648;17605;11258
-11305;-15114
-3923;9863
8592;-12641;-10084
-8049;-2532;-2246;-11991;935;-2539
18232
10044
-1855
2560;-8729;16842;7567
14087;14232;5480;10425;-7355;10045
-15219;17834;-17852;-6302;15583
1027;-6987
1504;-12694;-10233;-3932;-13373
6950;-2007;17401
4130;-4628;-12262;-12695;-10493;-10974
14977;1141;-1995;-14032;9967
16880;-10916
-16636;11438;-13056
13558;-18201;16202;5788;9101
-14162
-7043;5167
14100;4200;8155
-14010;14409;5578
16849;15425;17189;-16734;-6272
2465;11981;3821
-9153;1442;15173;11465;7535
7122;-9235;-10564;-13788
-7145;-2937
13255;5019
-5990
6849;9681;-4515;9858;4598
-6836;154;7867;-15516;142
-4375;1816;-5883;-1323;-12365;-12542
1905
9767;-13388;15996;1821
-4499;3907;439;-1757
-12774;-1192;-16620
9121;-2294;16453;11401
4096;6011
-6014
2056;-10667;1738;5067;14091;-2173
6018
10578;2437;8957;430
-11462;-15112;12906;-15664;-13552
-177;-15574;-9607;10123;15356;-18430
7874;-9835;16174
-17348;-1252;12575
9952;15976;-2220;13742;9534
2097;4625;-6180;15943;-2269
-16369;-7922;10073
2194;-10557;-18144
6485;16712;8349;-17326
-18130;15121;-3022
-11538;-3436;6462;-13904
-7122;2427;2795;11676;12639
1920;-4221;16524
-10657;-2871;-4796
-12613;-10106;9499;8428;10830
-1639;-5176;-11561;-13550;18190;-496
10136
-2919;-8217;14936;-1855
-8093;-18429
-9041;-8321;14609;13686;-14906;14111
-17811;-9979;-11022
18332
-10295;17992;6540
-11137;-12387;13634;-16640
18034;2707;51;-16214;-14456;-270
-5031;7015;2311;14044
-245;-1845;8143
13524;1625;15915;-3967;9742;-2112
-10890;-5867;2506
-11703;-89;12778;-13355;-2523;12926
-10163
2010;-8079
-177;-8579;16332;10783
-14545;2533;-5353;-553;-3260;-9470
6916;6790;15766;12007;-17519;-17888
6074
-9399;9708;10844;11310
4727;17737
-5771;16396;12461;-4718
-6628;10996;12440;4635;-11262
-14374;11926;-15929
13072;13498
-10466;8392;17855;6703
9348;-2535;16877;-17584
-13219;-6163;2248;15118
1235;-251;-3003
6115
6450;11124;15172;15515;6347;-7533
-6786;9025;1508;-9868
5779;-11544;-6954;330;5482;-7407
4118;-15021;2750;2030
16052;9208;13631
2028
-18417
-7481;-4826;17946;-13549;-4734;-13968
15252;15046;7257;-15039
17041;13746;-12140;5965;-6191
13932;7133;1454
-10146;1850;-10128
-2042
5457;-17283;7476;10378;7980;-7870
-14690;-17202;-9300;-8789;-13502
-13873;-15461;-1914;-10346;4891;-14494
-15822;13775
-10241
7089;-10291;3767;-2376;-575;-11951
2051
7513;-9565
13508;16789;-16303;-3744
-5544;7607
16467;-13847;3688;15854;127;8447
16022;-3918;-15246;-15311
-18353;-15618;8855;-1533
-7186;6913;-9721;17529;-13708
-4243;8227;17077;-5162;-399;-1136
-3396;-4876;-18384
6183
2088
-6185
-1861;3286;17048
13685;11225;8314;-13535;-9408
10421;-8328
-2096
16176;8565;-13944;13609;3245;-13264
10291
2101
13942;-3646
-6202
-3889;-11969;1488;3170;15972;13717
-18145;-2339;12323;-14714;17882;15291
914;-16838;-11370;1548;9199;-1952
6742;-8861
-2121
1235;-4039;4925
-18294;-1334;5215
-6053;-12488;-16352
4914;-10516;-8814
4288;15731;14474;-3692
-2435;6883;-11720;9256;1864;10573
-10332
17152;15124;16549;-7766;2043
-12643;6404
17124;-12362;-2618
115;6125
9003;-15246
17746;-4084;-7062;12806;3225
-1441;14450;-3643;-3116
1809;16731
-7093;-16805;13546
-17057;10722;-4020
660;-14199;1435;-2348
-11048;-15129;16154;-4429
-12260;-14484
8387;-10560
6833;-3363;-5123;3828;-11791;7439
10961;-17235
12807;6779;-1024
-7665;9845
15360;-7191;3708;-18159
11591;-5309
-5573;-710
-8962;5427;-13013;-8725;16697;-5900
-12565;6279
-10819;4179;17021
-8420;-4476;-13870
6227;-3365;11637;10840;-10858
7346;2004;15189;-2568;-14792;11403
-15909;4616;-11387
-18050;-4632
-3828;-13163;15246;12143
11633;-1685;8644
-18097;-17957;2678;-10762;-14219;-5292
10402
10403
-611;6539;12670
14483;9302;15287;4104
-10081;-6274;8578;15892;-16446;2015
-18274;1110;-16407;-3367;8107;-14350
10413
7025;17370;-13982
-12406;14630
-7288;-15419
-6323
3109;-14887;13035;-15773
-12310;7160;8697;6875
-6914;17956;10142;17231;-7504
6338
577;-3146;13003
-10439
-2753;6771;-10365
-5748;2136;7258;-16813;-4414;-9247
6324;16728;-4416
18163;-154;-13182;-2575
13397;13432
10161;286
-15351;6696;6394
-14145;17826;-17622;11678
-17739;11051;4507;4444
2266
801;16982;-14698;7374
-16113;1557
-8391;-12827;-14430;-15775
13872;18341;13323;-4735;13374;-10944
-4709;-1660
12962;5177;-15866
-4659;2381
4674;-11051
2284
6384
9488;4529;-15158;-3559;-13975
6768;-15924;15869;-17199
6801;-5191;4782
8676;14102
-16370;-6952;4638
-2301
14864;13683;11079;9497;14618
6240;9554;-11973;14870
-11650;138;13820
-14600
14882;1830;-2922;-17980;-13596;-9103
14601
-7421;5103
5312;12097;-6900
-14417;913;-5113;-6314;-10475;16703
11383;-4043;-9660
-8279;1863
4387;-17829;-9360
-10614;-3787;1114;-5420
10610;-15558;-5289;-2122;-14125;11870
-15473;-15525
-4867;-8788;-2871;18246;-17291;13244
-15681;5162
-2328
-6424
17712;7025;-8036;262;1980;12063
-10528
6369;834;-3177;13196;1502
-7297;2752;-15987;-15289;-8861;-10911
13267;17255;-299;15291;17148;-7069
9893;-12441;8989
-7825;11428;16428;7133;-8432
-14198;203;7547
14639
2355
2448;15538;14537;5580;5212
10098;-11625;-9021
-15362;-3381
-17331;-17284;-16780;3980
-14654
5088;-5682;-11869;-2192
3491;-13926;-8699;1965;-5680
15377;-13911;17611;10797;6479;-13504
-10450;5251;6794;-17743;-14895
-5988;2534;14486;13095;-7497;2125
5315;132;-13206;-10201;-16602;15805
-6470
-12131;-8647;-3691;13903
-10244;-16708
4817;4611;10040;18123;-10639
13730;-16518;9261
6476
-9554;-17156;1079;9048;1914
14586;-4012
14514;14648;-10395
2383
11617;17859;-13784;2938;891;11535
12131;-7013;17386;16746
4626;-2148;-8964
-6493
-17729;-12773;15816
2417;-14698;16857;-17178;5756;13341
16323;14660;-12261;-16320
8026;-10429
1260;-7760
-17799;-17468;-5534;17917
-14114;-5768;13373
-6510
14704
12931;11429;17030;-2362;12543
16289;-435;9476;1669
2427
-11507;-9126;-10470
-146;-11560;17437;799
-6532
16560;3381;10760;12490;4302
-2036;9721;18234;-6427;-862;8383
18131;691
7810;5107;15673;8682;10763;-8733
2439
10637
17412;-6375;4055;18315;-14576
14531;-8682;8893
-6552
6480;4225;13475;-5;15335;-190
-11537;4984
-11891;6660;-9516
-17138;2039;-2057;3993;2510
1377;485;1978;-10398
-2197;7894;-6871;-13579
14758
-13457;-5253;-17262;14094;11215
-1882;-12061;11964;-4590
-12370;-8581;7162;-9166
17541;-9498;-1274;-15802;6701;-16527
-6572
-8776;2203
17777;9478;-13193;702
2273;8308;-13272;-13966;-14495
14737;11291;-11261
-14885;-16272
10594;-17861;13848
15680;-5555;-3828;16669
-4177;-16886;6247;12775;-8747;4204
-10682
2490
-6876;16619;13227
13491;9479
-6433;-6850;-9890;15191;-10894
7224;-13259;8527
-15729;-1272;-9659;-8605
11620;2694;7355;8542;17343
-14516;-12301;3997;-8351
2501
3472;-2982;7031;-14120
11505;6506;-6988;-13452;-2573;-13886
14722;-8227;9370;-10493;5325
880;-12241;2004;-13783;12442
3779;-14480
-1458;-9245
17206;13977
-6610
5440;14037;-5097;8616
7570;17961;16797;9342
12337;-16101;7476;9684;11417;6379
-1194;-9520
7539;-18036;14516;14887
17072;4450;9672
8133;599;14270
-11669;-3222;6169;-12879;-17791
-15746;-5492;-16934;2876
10725
-4202;15550;-8815
-6945;12764;-13952;1503
9552;-3795;3706;-9278;14638
12594;1893;2010;10621
4614;4841;-3310;-3599
1232;15890;12964;-11580;4526
10744
-10113;-17700;-6008;6687
-3004;15835;2029
-13380;4;-12998;166;15439
-17063;-7674;1676
2465;-14308;-12087;2668;-16431;-9952
-14353;-14390;-6617
-18153;18282;10654
-10787
-13397;-9688
-595;12274;15229;-18318;-15247;17454
2606
8514;819;16835;11514;18173
-1892;-17101
-3751;10039;-11500;16012
14897
-6709
10517;-1451;6667;3263
-14901
2296;4413
10482;-1573;-13768;-13518;-4718
-16282;13661
-673;4163;15640;-13945;2558;15359
18000;3474;-12036;-11894;-5960;5788
11056;15816;17001;-4382
-9074;-18070;2456;-9114;-6106;8607
7426;7139;3894;-11753;-7930;12045
17617;-1074;16882;-6852;-10951;11583
-7522;18406;1239;2797
-7507;-7203;-8404
6731
-1121;17122;15282;13579;6925
7537;-5652;-10167;-10089;-4745
-8873;15624;-9292;11035;-18399;-5023
9186;-7963;-3868
-6133;2357;-9400;-9952
325;1046;9558;12374;-8365
17185;370;3011;9464;2969;-9868
4529;6823;-1144;-16956
12304;9539;16214;-15724;-7392
15153;4203;-17949;-16349
1062;5689
-14945
-17414;-4310;8440;15385;5582;7263
-14229;-8314;-12939;-8140
-6178;660;7254;-24;-16648;-16399
-13525;-7258;-3709;-10941
-6761
-10860
-1057;-9803
2669
-15541;-14054;14637
785;-14517;6965
6130;12925
-12644;-18072;8041;3834;10908;5261
18084;5069
13588;1494;2152;-2270
14740;-4110;16622
-4394;-10541;-12319
713;1965
-3571;6676;5946;18203
-8068;-9205;-378;2940;9742;11743
-225;-1042;5913;9082;-16381;-16415
15284;16071
-850;7362;18155;-13790
-14974
-9831;-9243
-12676;-2539;-7964
17892;-5127;-2153;3452;925
12086;-6857;-2526
-8564;-2569;4331
-7798;10508
-13511;-5584
-14306;-12818;-1575;-1881;3292
-14803;-4296
-1429;-9479
12565;-200;6735
9267;15652;8091;10671
-10920
-17905;-17235;-8552
-9777;-8385;2386;13844;10106;-15006
15296;-4366
16577;-13881;43
13488;-405;3910;-10679;4509;4207
-5593;-7294;6046
-11832;15980;-6894
13042;-3479;1912;-14221
10258;13346;5127;-12587;2987
-13649;-14178;13926;18202;5646;-3104
-4324;4230;2231;876;4412;3518
15039
-6859
6165;-14024;-2585;11243;8286;10062
-6861
7681;5097;17962;-187;-13292;-14495
-16018;5075;11321;14522;12605;8030
15059
-6458;-8603
6874
-1413;12517;11464;-7497
17680;4944;6754;17349;-14810;-4557
-13156;-5350;-15078;17446;-7689;-15824
10978
15080
8896;4471;12617;1387
-7526;-6983;-3144;-13823
13171;6851;9016;6541
-8358;-3383;-2056;-18123;-5085;-2671
7953;11270;-16409
7428;-11641;-1710;-17375
-15108
14257;8341;-3392
2823
-8548;-11595;-347;-12991;14270
-2594;3299;15715;-13590
-7825;5222;12714;-17040
-2833
-16577;6418;-3637;18277;10639
-14034;16888;-15883;-3726;-14751
15126
6848;-10261;-14296;937;1645
2839
-14403;9769;1161;-18427;-5520
-6449;13920;-15922;16436;-8078;15229
-17636;-11847;-10235
-2859
-6337;-14003;16665;814
-5332;7065;3530;1695
-5538;4278;16376;-4061
-2049;-8499;6898;-516;-10987
-16387;-15751;-9912;2319
-13123;-5271;-4954
8416;13365;2792;5691;-16031;9118
2643;-15717;15951
15044;18372;2230
3249;11637;6245;-10058
9297;15523;2639
15172
1344;-12201;-16604
-12403;8738;-5031;11582
4193;10985
9542;-10697;-636;-1102
6535;456
-10241;-17204;-8853;17940;-9116
8368;18391;13004
-16930;-17111;9895;13051
-2907
7360;-15142;-11511
-16355;12454;10905
-10465;2880;-14354;-16950;15180;319
-7128;-7033;-5259;9867;16559
15842;9795;13748;-4246;8619;-8079
-14625;2915;-6488;-5688;14730;-18333
116;12869;1847;-3726
-10328;7975;-14809;-2141
-12354;-15142
15764;7655;16365
-9651;14626;-3129;13177;-6702;-11246
-11959;17245;-2351
8678;-3544;14187
11130
10675;-7736
-10481;15878;5734
-6597;-441
2944
17526;-9098;16011;-13296
-15954;-7800;-14350;10575
9528;12907;5101
-15809;-11378;10114;-2281
-15259
-15263
11905;-10646;-4235
7075
-5874;361;16505;-3915
10999;-9902;1885
-3409;8241;1348;7015;14507;-16525
-7796;10164;18249;-4986;3740
-6024;-5402;-9708;15020;13198
-6162;905;9564;-15502;14717;-6512
7085
-4851;1795;-8824;3038;16174;-10335
10544;-4755;14275;-13605;9461;11661
9377;6433;9355;-13357;15775
12672;-15687
-12451;16643;17604;-4426;3692;-9854
-11209
8902;5656;3161;-10606
15305
4496;13809;-13534;-18094;-6079
-14013;-13583
-16195;-10853;-17448;-524;1037
-15317
1458;-14060;-18045;-1056
7879;3049;16684
5302;-15400;-1705;6265;-17980
1249;6406;10186;9774
-5236;4004;-1900;16219;-16128
5008;-5257;-6923;-5918;-14527
8213;14044;1263
10481;-4466;6693;3221;16012;16158
-6921;-12511
3287;9672;14665
-3107;2419;-10917;5077;14553;-4971
7151
9076;2171
11249
15349
12468;14216;12408;-7358
-16020;-3431
8995;-4998;-13799;2634
3072
17280;680;-10041;2216;13419
-2122;-956
-5316;14755;1831
15368
-17650;-10010
-11397;14154;9915;-768;15759
10753;9156;15830;-5865;-10400
-12898;323;-14634;-459
-1985;-1448;10621
10344;17325
-10614;810;-16415;10830
7139;-1045;5993;-443;-14749
-16024;-15754
6241;15016;-3433;-2430
3141;-1720;-14400;-10624
-7748;2933;-10598
15417
-4824;14536;13897
-17317;14182
-5026;1009;-10933;7718
629;17462;-6088;10840;-11514
-7235
-9313;-10774;11818;-7451;-11996
10211;16469;17421
-17505;13988;9764;4215;873
-18340;10633;11515;-15148
-3149
6785;12929;-9077;-16108;16813
10004;-11814;-9387;3949
-3795;-6773;12091;18012
-14737;15370;16955;10141
11060;-12538;16921
1318;1848
-15456
-3557;-7804
16778;8779;10380
7266
7683;-16203;11692
-2867;7734;-12136
-6978;-16853;-11194;15467
56;-10829;-4237;7148;10030;-13535
1792;9575
-18421;16104;6331;17020;2621
9650;9913
6738;12850;3864;-12057;16361
-4278;18118;-6744;8087;1435;-5245
17175;-9897
-3415;17994;9084
13440;-7157;7349;-5450;15481
-14124;17309
-11379
2720;-17554;-15092;16887;-7674;5230
-3196
-11441;-15164;-17263;16095
-11389
-14050;434;-15205;13333
-14689;-2449;-15666;7626;16843;1038
1120;17505;3714;4276;-7029
5042;16275;2366
5490;6102;8764;-3774;637;-1727
-13976;-13806
-16306;-4998;17321;909;17469;9295
-15501
-3215
16422;10618;-11536
-7522;-2595;8964;-14357
7318
4035;5844;-5949;3391
11207;-4489;16043;-15437
11424
7333
-12401;9162
5796;-17227
-13571;9859;9684;14932;6838;4169
-15281;-16597;12536;-3053;-5423
10081;17028;-14455;16782;6575
-1906;4067;-11829;-5627;-238
7089;-2232;-15323;4045;-927
-6979;-6416;6047
-9938;505;16781
11713;-13431;-18121;3034;7470;-10304
-1348;-791;17561;4219
-15547
17808;-12725;-4648;6074;-9773
-4721;2416;-8626;-6009;-14201;-797
-9866;-12698;-9375
8608;18258;-2617;-6041;4027;1519
-17177;17757;-7952
8242;-6580;-17231
8881;-10259;6799;-16896
-14245;-6630;4104;5581;-12575
-4849;14805;13510;4395
13840;17237;-14186;6875
-6481;12355;-8683;-6939;15835;-17567
13186;-7909;14397
-5019;1727
13268;-12151;-5447;11719
-5544;519;-330;-5290;-13134
-6407;-17373
-15590
5168;1603;-3462;-9914;-15755;10861
-13523;-16868;-9781
-4613;-12231;9532;-4189
15597
12144;6150;-5065;7273;3290
-7410
7546;-10860
-1761;6880;-11753;2493;7455
3319
3826;6053;-318;18158;-16208
-16262;-9400;-14523
-5973;-2886;-10847
-5154;-4916;-7243;-10589
7422
-4052;-16885;-14872;-11263;4158;10910
-6555;-1229;-8414;-11711
546;916;-7721;3321;10366
13345;9026;-12983;-17800;-9885;10862
-13086;1551
-18257;14759;12363;2671
-4590;7934
-8850;-3124;-5048;-6745;17420;9693
17877;-11543;5211
-5460;9207;10172;-6464
4434;7118
1573;-4936
-5208;8570
-10995;11763;-10085;4138;-10270;12079
3185;-1810;-10707;1865
-9254;-5400;-14670;-10911
15660
-11566
6480;-10754;-15484
-216;15880
-15667
-5281;4947;-9974;14965;1703;17500
7478
-18386;18307;-8730;-6864
15505;-13315;12038;-4616;6061
385;5602;15543;16184;12825;18381
-715;-6767
12835;1222;-3612;5231
3829;16328;17343;-5440
13492;-6775;17163
14051;9126;17099
5188;-13337;8906;-7133;9791
-15706
17329;483;-6822;-7566
-11399;-7754;-14605;11165;-5408
3427
-1426;9076;-15174
11621
2913;-12157;-6477
3433
9218;15108;6980;-15584
-16994;-15114
-17075;-9299;18115;-7468
5953;6497;-10850;-16594;-3991;-9031
-5893;2437;14221;-415;-17887
6885;4038;-14888;7982;-16464;15887
3440
-6661;-8857;11705;-9614;-10495
2024;-9148;-8607
-3971;2646;-557;2638;10879
8129;8788;17477;5915
7541
-3770;-7870
13981;18142
2240;4562;-15735;17238;2950;-7803
5763;3653;-4870;10839;-2028;-1711
14560;5226;-4043
11647
-13747;1629;-15470;-12046;11598
10217;9631
14337;3260;10444
-15762;5561;-8123;10266;-15888
14336;13707
7955;11896
7746;4184;-4366
-2266;2364;-15872
11680
-12481;-2662;-4731
6016;-8890;6879;15871
-10899;-5475;-10601;7225;-4223
15783
-13574;1886
15618;-1398;13147;3019;17467;17086
-11692
-3186;-4411
8439;11450
11698
2064;-17110;-17144
-3811;7334
14491;11020;14876
-13074;-4645;17592;376;14749;-7376
15817
12017;-3100;-16544
785;-8413
-6585;-16827;-16876;-8303
11607;8316
9282;12083;-7476;-9207;11145
-17574;-2352
-13841;-7172;9274
-7644
10309;2439;15375
2055;8328;9916;-16013;3358
-7109;-7542;-9638;-7735;16186
7460;-15735;-15912;14376;-1515;14879
4752;-16951;-858;1310
667;-8319
14130;-7678;17583
-15847
12705;-5051
-15954;327;-17820;2092;-5470;12782
-7764;4548;-4037;14921
10721;6661;9751;-2559;-4607
-1525;3000;-858;13388;3261;10894
10965;17197
-16834;-2404;-5511;10635;13532;-11198
7235;-13685;2861
8533;6942;-3695
804;-8219;-12559
-15861;8174
11783
8448;11535
16658;-7028;1719;-16218;5514;7050
-8017;355;-17766;938;-15035;-943
-18419;278;10042;6461;-10159
11176;17006
-6310;2699
-15509;-13926;-584;18135;12728;15055
-3926;-11337;-8831
15903
-9572;17285
-11811
-17803;5983
3073;8082;-8696;-10139;-4142
3634
-17377;5316;-16150
-18098;17411;4326
1137;7205;-4973;16655
11045;551;-10090;-9243
6581;-16878;-8158;3501;-13264
-2963;14437;4442;12301
8072;-335
-11835
9440;-4917;7942;-7880;-4682;-3546
12593;17409;3699;-1385
-2370;-10612;-13256;-8265;408;14057
-15943
-7752
4993;6902;16695;7530;-11982
-7757
4147;11804
2228;101;-18282
7761
-8626;-16179;10468;-17622;841;15164
-7766
-16612;7171;-741;6511
-9521;-8932;-15448;-10329;5691;-18382
11270;-8665;13356
-8821;-5863;10918;16494;-9055
7622;10668;5869
-6868;-14519;505;-3279
-2625;3797;-871;11496;8060;-16176
3595;15534;942
-7786
10096;-10375;-15703
-17746;11204;10919;15546;4252
13728;12052;7110;-4619
12449;-2403;17960;5372;11277
9093;15223;-8332
15988
-12338;-6325;2293;12667
-15997
-11557;-534;18234;-9852
-11901
-11904
17328;17762;10813;-5326
-13238;-11817;2856;-6096
-6070;9789
12731;15566;-16383
15936;12162;-17496;-18426
7828
8785;-5538;4581
-1987;-16501;-16507;18012;9150
10741;6534;-442;11050;430
16595;-8934;-11801;-16555;12859
11457;13650;-6344;-17193;3898;-1725
-16035
3751
-9715;15692;-2222
-1091;-10443;6636;16846
-16051
7859
-7800;-989;-11359
-11960
7864
15986;-10021;-10343;12249
-16067
-4771;-12506;9402
-11252;6250;-15164
13450;2620
15396;17061
-1026;2663;-5423
17578;-1789;-16125;-16942;-15184
-218;187;-16479;8622
1280;-8404;11556;15529;12011;493
9091;-7227;-14942;-15295
-7875;8354;9238;-4171;6445
-4595;12495
9256;16459;10861
-7905
11633;-3138;-1027;1530;7099
12003
10241;-18157
16110
-8241;4812;-5726;-15150
-7652;-14088;-11515;16525;605
15888;7603;-6437;-8504;7582
-14177;-8226;11180;15068
-3847
-6993;-12434;12327;-17834;8797
18262;9946;4314
-7362;-8777
-12046
17889;16163;16901;8392;-15853;-2767
3863
-6851;18411;16879
14230;505;16252;5645
3867
16158
4528;-6770;-6084;521;9918;-10080
13826;-9991;-12685;-9518;-18271
-17334;14648;10655
-4594;-11171;-4829;4430
16163
-6212;17924;-3741
3073;8996
13639;-17517
-8357;16334
3196;686
-12079
-17971;-16247;-5944;-4687
-3987;-13445;-18203;-13311
12082
-15907;-6915;-798;-4848
2916;2424;14810;-5756;1788
8994;4470;-5943;-11418
15828;12652
-15531;8699;187;-1358
-1733;-7925;-17128;14687
-9364;13271
11322;780
-10743;-13657
8880;-956;8283
3200;16881;-5269;-10103;3468;12126
1093;-10550;5878;-17114;-6684;15262
-8966;-13070;-6464
-10865;-5350
18107;10012;-7808
16546;12707;-4843
12001;5298;-3191;2871;7432
7489;-1226;15532;9117;-6496
5569;-9780;-2901;12854;-234;14813
-3013;-9927;1319;-9145;16827
15909;-18166;1351;122;1290;-8542
16960;-2945;4822;-7193;12779
-16233
12139
11680;11572;573;7805;991
7508;12826
16385;-6420;-11495;6858;15006
10775;17752
16241
16128;6453;-14361;16216
-7623;-11610;-7469;11692;2860
-17350;18267;7149
-12498;6970;-10971;7866;16014;-3408
14134;10319
-14119;3398;-17838
9873;13347;1062;8374
16272
13841;-3930;-3195;17755
12784;96;6517;-3116
8089
7844;-3851
13188;-5063;-4126
-11685;-14217;11787;13883;-7870
397;5981;-10384
11712;-16757;-1337;16504;3997;-6015
-8110
-18120;-18280;9607;14809;-12510
5218;11083
-8360;249
8930;17838;-14560
9362;-17133;10815;9167
17443;-5594;11022;14351;7759
8118
11633;4897;-1654;14936;-17597
-5362;6261;-2298;5423
17665;6847
1239;-14683;1562;15918
11953;7329;-15242
4050
16338
-16226;-16498
-16344
12249
-8882;12941
16928;-1204;-14917;43;11404
13889;2434;-11603;-4471;8986;11212
14129;-11044;9172
17077;-2748;2027
-6567;6698;-5324;13359
12265
1911;13832;9419;6492;-15293
2833;1346;-3863;-14651;18412
-10499;6421
-465;-15029;10564;-1880;13946;1038
17058;14200;4649;6413;-17759
-16168;-8395
4083
11905;690;5588;-1982;4269
-4295;12973;-9295;8799
-4966;4108;-1838;-13680
15152;-7015;47
-324;647;17671;-10572;14764;-1711
-8189
2496;-10685
