-12293
3841;4118;8430
-7
-15443;5222;-5275;-15291;10299
-2035;-14359
9697;4598;-6089
-16723;-3579;6268;-606;-13439;15775
-9939;1202;16278;8858
4929;-5934;15021;-1551;18046;-18208
-16756;15240;17916
-8227;-11605;-4566;486;11611;16415
-5409;-17762;-14966;17704;-11449;-5003
14048;5555;14181;-183;14007;-6621
17584;-9106;-12395;8906;3231
15760;9669;-15208;-1999
4128
-6819;-2606;-6992
-17394;5442;-8565
-1813;16917;5286;11319;13385
-12518;-6076;16060;6669
-6482;-10859;-3502;-7871
15873;17381;-16699;16255
-7682;9078;-1440
-17252;14003;5301;2089
3686;8648
-16432
17108;-3051;15725;18383;1039
-14151;17783;12812
-17348;-16616;-3592;-10345;2783
-1635;-16085;-6970;-4154;8299
-18306;-10266;16219
18402;-3511;1560
3936;2866;-2439;-12316;7885
4165
5472;8432;13234;-11110;-11863
6640;7026;-10789;3445;-10489
-16455
4167
115;-1542;4168;-2668
-5143;11671;9931
-13170;4902
-13650;2802;8422;-439;-13599
8272
-11481;15657
-7400;-17261
17042;6899;725
4186
-979;6066;7291
-15537;-6451;6260;-8231;-8714;-4283
-94
-10292;-7284;13412;8644;8185;-12763
8146;2564;-6637;12413
579;17668;15157;7663
17718;-2313;-6909;-10349;-6448
-132;-17750;9209;634;-12221;7855
4986;7418
-5491;-7956;-7031;-781;-7536
-4035;7538;17556;-14278;17030;9086
-10037;1173;-17784;-8352;-14288
-12131;14391;12008;15865;-5421
-6162;13685;16139;16075;-10620;16079
15713;1831;-2302;-4190;-10912
-3173;-5336;-13129;3866;9439
775;7015;-13118;13662
5827;-4504;-16905;5096;-7228;-11101
5458;13843;-18021;8373;2891;8091
-788;-6477;7420
-14033;14232;-363
16551
-6642;3303;11863;13913;-12253;6367
16552
14422;-10155
12460
-4271
18389;6293;-17576;5481;-12762
-2292;2694;1514;-2092
4273
-11814;1594;-476;-5868
-8373
-14049;12706;-16100;10987;-6014
-7654;12620;45;-11230;-2302;12798
-15273;14015;17823
10993;12690;3045;-14008;3770;16461
-15994;-11115;14635
-5857;-8361;9945;-8205
-8384
-13829;8839;8411;-12126;4413
1792;14867;4660;5478;14359
-1700;8441;-15130
4683;16827;7358
16581
-8055;-5335;9959;-5225;8457
-15946;-12926
4961;-9263
-4211;8436;-4998;-9213;-10702
10560;-10352
-213
-931;6998;-10298;-8271
16402;-7994
1712;6696;9643;11292;-447
-5148;17661
9523;-4374;-12808;-8952
-1330;12076;3101;2766
7104;-2779
5472;2950
-235
11491;-15188;8134;3990
-7378;4451;15452
-2129;2930;-123;7803;-16912
17536;7281
7746;-3406
-14193;17928;-2205;-14064
-15144;15389
-18035;14483;8553;-16783;11535
-1608;14143
1682;259;-1653;12052;-7996
352;13738;-13838
-8390;-7115;15727;31
8445
-15281;-6563;9753;-11052;7387;11404
-8449
4912;4371;-15774;12398;14830
-7220;14595;2070;12311;-13305
-8225;16692;1414;-12078;-11760;-2688
-3075;-17014;-16808;16153
-6706;-16786;10518;13496;2857;-7741
14298;-5839
-10866;10083;9013;4139;-12640
12016;15114;-13339;-5325
-17974;18006;17736;2987
1906;-15365;405;-1816;-14877;4892
10791;-2320
9506;-13236;5796;15892;-18238
-5009;17577
-8475
-1348;-5163;-14253
-3843;-8731
2706;-9669;18101;13160;-15181;-8829
-13249;7601;3957;-4540;13244;17852
8642;-12808;-14890;14670
4469;-8620;-7293;-13424
1953;-9576;-17246
-12587
2993;9683;-89
18032;2913;-16550
11827;-9092;-12213;-598;16247;-10568
3525;13913;3343
13713;11166
4240;-13473;-5027;5191;8298;-11821
-7545;-9673;14265;3257
17185;-2738;2612;15385;8747;75
-690;-9058;-14470;15719
-1670;8494;-15327
-12481;-17779;3922;13739
-12514;10133;-1431;-12888
-4658;-1084;-6863
3426;-13990;-3692;-17869;-17056;16095
-8078;8399
7968;-2035;11483;3389
16418;-6051;5971;-3724
-8854;-11543;3335;-18217;-12460;-14030
-12617
10288;1924;1399;-16172;16317;-1135
-5379;4101;5880;5818;6301
-13203;-7829;-17532;-14173;7343
-11825;10965;-18041;12763;10574
-344
-9217;-8150;5981;-13534
12636
-5623;-10712;15032;-1532;11375
-14411;9965
12693;8710;-12862
-17521;3462;14412
-14065;-14532;10662;-14168;-6558;13727
2914;-18167;15548;-17037
16882;3956
18081;-423;10870;7242;-7547;812
8556
-17937;-14701;15887
-12437;-4314
-14129;-13570;14469;-14551;-5355
12849;-1459;-12675;-2615;11225;-15886
11905;10279;2760
-8566
11538;-13147;-11053
5572;2996
-13921;-10516;11772
15889;-7321
1176;-800
9258;-16652;9950;7278;11023
-13557;-8214;910
-4317;16991
-17122;4516;-8085;-11119;12479;10751
-738;11489;13570;1670;-14942;-11438
-15985;-17175
-17847;18238
-8584
7188;-7654;9050
4495
4497
6096;12851;17974;4443
9698;-899;14875;6395;3103
-14393;-14684
6386;-16727;-10544
-4503
4502
10148;6278;14582;-15256;1038
-10182;9773
6547;10249
-15794;-5476;11927;10265;-12203;11694
-2049;4640;-2437;4517;-6678;-10699
3953;14436;-1957;805;15050;-7292
-7331;-4294;-13372
-12710
12579;2835;18291;-13878;16311;13435
-16809
17234;-6822;15818;-9422
-16817
-4409;13403;3727
6737;14165;-14168;-6300
11973;-9757;-16446;-1183;-17792
-443
15638;6279;-9184
-6723;-12547;11256;4633;-18317;13055
15252;-2511
-12402;-12962;17218;8311;-13148;4335
17299;5092;-15178;13723
16844
-462
18336;8849;1171;-8426;7900;1310
-15494;17613;14734
12775;10795;-14908
-2433;2904
-3537;-4211;-1429;-2494;11197
-11649;-5211
12764
-11857;5035;7436;-13390
9713;3283;-14613;10139;12939;-494
416;-6595;15131;-271
-15827;14410;13435;-16608
6898;-13014;15657;7338
-13603;-13509;18424
-1794;2296
-15554;-12620;-17390
3571;-13575;-9243;-18125
12288;1091;6344;7529;18315
15585;17694
8703
-2897;15696
580;-9861;3237;10700;-9264
-4611
8997;10237;-10527
9344;7570
-15697;-8695;-13006
-7361;4057;12249;-7883;8829;-1166
-14193;13034;-15760
-13521;-2385;-9333;5014;-8984
-14002;-11731;2325;-2344;7945;18349
11958;-7320
16937
-7353;14474;3820;-1726;-14655;10095
17922;18275;53;5271
16897;-15794;13379;-5654;-17583
11536;3218;7683;-12390;7558;-18168
16736;-11842;7959
-644;8808;11416;9657
-5555;4989
-4666
9844;6455;-13800;-3072
-18178;-14678;-8679
-10723;-16022;13175;-3389
9252;-3496;-5181
16959
-2545;-3189;-17415;6185
-16818;-148
11040;5713;5608;8541;-720;11359
-14804;2532;-16984
16851;8310
9315;-14644;14916;-11302;18005;4776
-5411;-10379;-9373
1622;7834;13356;-17936;16191
-12878
11877;-10823;12999;-11033;-11804
18339;-8648;-9096
-4693
-11969;3893;-1992;-2716;10779;2603
-16985
2422;-14543;-768
6993;-14291;-14405;-4822;-10650;16093
1568;17962;-10205;-528
13334;15943
-14930;498;14920;14268;14526
-6785;7569;-14565;-14535;7225
3622;-16521
-7060;-13189;2357;11750;8391;-11056
-16999
1332;18292;-4408;-15837
-13602;-5186;10530;16740;1736;-14937
11916;-12542
-8821;-12117;-9989;1627
17041;-5036;527;16767
6898;2997;12183;15578;-62;12189
-13064;3159;-15306
6498;884;10216;3518
-4344;4988
544;4199
11749;-11095
-532;-757;4427;12062;-17232;-15008
-7699;8038;9144;-14235
-7763;13554;-1412;-9132
1680;-5762;-11972;6215;989
657
8018;-136;-18123;9582
12951
4760
-9252;-9462;9381;-3946;-14109;14429
7715;13798;-7752;15964;-14285;13902
7142;12872;-4618;9851
-12417;13089
1122;-6931;-12550;648;12941
17060
13312;2064;1716;-12571;13020;-480
12309;-3209;-26;-9978;4879;-3296
8048;3408;3235;16836;-16859;2396
-11426;-5321;-8331;3917
14290;-547;3325
6322;-1541
6289;14878
-11061;11625;4539;7836;-6478;-15344
-17076
-12162;-14633;-15162;-4380;18043;-17454
2112;10240;6548;-10016
14272;6945;-3064;13208;12696;1694
4483;-3640;12141
16851;9320;-7418;14718
-705
-1906;692;18302
9280;-13816;-266
12617;-17596;-16208
-11881;6601;14572;-975;-17216
18384;3796;-17800;14650;14446
-12998
-17094
7842;13351
13003
4817
-9731;-5349;-16582;10460
-1076;14887;-14205;-6749;-18159
2836;-7574;17755
12197;4918
12391;16519;11627;-15230
-8630;-12042;-3228;16028;8606
-18178;11746;-8356;-10219;-8496
-4834
-8036;-8709;-17143;4475
5760;256;-9124;16734;-14368
13029
-961;11585;-101;15741;4270;-9312
13361;-500;5907;-9831
9830;11930;3562
12659;-11559;16030
15652;4152;-14954
-13238;3592;699
13559;-14316
-8851;5415;-8633;794;-8700;-5360
-13704;-15728
-8197;9702;16586;15436
-6289;5521
15281;7047;9387;-7773;16733;9245
-8964
772
17972;-3001;1676;6077;-9663
14065;7194
782
6293;-6298;-3947;13740;-1390;-17376
-14230;-15831;17702;-13007
16292;-16604;-4511;-64
-18067;-3206
2050;12660;-9818
11824;-12532;5604
-9606;14503
2786;2882;-18138;4588;18029;15230
6548;12373;-1241;13050;15135
-8670;-8527
-4481;-4401;7392;-7267;-603;-7839
-7169;8481;17747;-11540;-7929;17609
15042;4900;-11391;4558
-15412;10343;17322;4955
4865;-1416;1545;-15452;-6879;4223
9715;-15541;-378;8956;14460
-9442;-2635;11245
11329;1783;-16253;-3693;-12029;13934
-1448;2282
11922;18102;3580
-9029
-1017;1855
17225
-8341;-1991;5386;-16027;-17213;4575
1826;17083;10606
4940
9036
-14978;5016;5019
17240
4953
6368;5402;-4460;-9836;-14716
17243
17015;-348;-9759;6239
-17245
1185;-14771;-6564;-9384
-8625;-13845;15753;15775
6132;13845;1703;16712;15726
17254
16802;-693;10359;-5116
3936;4147;15735;-11212;-5708;-15965
15505;4597;-2843
9067
14592;11140;-4376
-7233;-7700;6070;-8400
-4980
13172
6615;9272;9689;8078
9383;-4398
-891
17280
17489;-4300
-5429;-11865
-11028;4296;-16010;9130;4510
6259;-4712;-3178;2541
7845;12073;-10813
-8022;6022;-16759;1783;17897
17308
3492;17371;16893;-16351
-15784;1815;14894
-4441;14200;-12765;2077
-8260;-5190;-10694;877;-6335
13025;-14722;10421;18157;-1375
-6291;9222;-15929;3944;8122
8083;-11573;15372;1341
-1624;-7977;7032;-2464
6024;7818;-11182;-3918;-7871
9889;-1219;2035;9588;-13414;-16009
5033
-98;-8308;-14810;11082;-17486
293;4750
9140
10353;-1938;-8132;8857
12467;18393;-15803;3851;2525
-9146
7122;6123
12534;-8503;-15852;6764
12993;-6745;12120;-3978;-11;-15341
-11938;18225;-7879;13607;8425;1002
-16948;-4679;-3752;3935
12262;-12718;-8704
967
168;-17403;7195;9070
-9167
-5461;-8535;13020
-9944;8957
10098;11332;-4925;-3231
-17699;7554;9252;14167
3831;15847;1789
-3367;-12218;-5883
9183
6998;10121;-14107;2075
9184
-6227;-13380;-5741;-8702;-7904
-17395;10611;-1990;-414
-12562;7464
-17505;9045;-16040;2760;-1453;5805
-2953;12906;7515;13595;-3468;-14303
9197
-14769;4321;7778;-6528
4547;-6505;-3146
8224;10337;-8429;15981;15855
-13297
-15217;-16834;2486;-15528;-3225;2250
-11286;5399;11304;16076
12000;8016;-5692;-2222;13487
-531;11708;6221
-16984;15964
-8881;-16743;-5448;-14457;2940;-11679
-9213
-6865;-16856;10012;-3696
1616;-4501;-9354;3023
2242;-2132;-486;17094;13847;3226
-8850;-3112;3815;-17454
13313
4977;-515;-2340;7098
-14166;-6854;-4587
-1035
-10868;6547;14693;12309;-8733;3471
4055;5179
-8986;-8442
-2212;-3189;-13543;-6889;-12078
-8838;13981
13713;12372;-359;745;-9039
10930;-11981
9247
-9011;10067
13927;5726;7598;3006;15855
7248;-6191
-1778;-6761;-8905;-8191
3047;-1545;11851
-9226;-4128
-2782;-10575
-5381;14501;10773;14091;12143
-16114;-5027;-15380;-5516
-9938;-5254;15992;12089;-3151;-10816
1078
9365;-95
8083;12612;-17334;7191;-9468
-14802;-6767
4086;-17463
17474
-9140;15798;-18010;16540
-1653;10938
-15106;17031;16215;11834;-16592
-12993;-7049;9368;5481
-2627;9034;-1214
-8435;12947;-389;12535;1338;-12799
1793;15495;8393
6438;-13257;16232;12174
-17494
-3105;-14394
9475;-14687
-18257;6083;-3770;6635
6944;-6131;-12372;-14887;8942
9132;-5246;-9103
-8006;-3526;-664;731;3372;13311
-13412
3908;-17326
17073;149;-3800
11624;-2298
-17522
8768;-12946;-10420;-2925
1138
-3943;-316;3118
-14645;13502
4928;4408
-17235;-18374;4581;-5976;7275;-4189
7094;16171;10654
9350
-17544
-13450
-602;-5771;-6077;17709
6857;17049;-3467;1739;15853
-340;-12038;-14391;-10510;7438
9361
12003;5550
-3484;4654
1173
9367
-5272
-18227;-6486;-11447;6311
6930;-2215;10312;-2153;-13594;-8651
-12545;15476;12764;-6319
8289;-5478;10662
-17576
10804;-1419
7219;-15799;3290
2096;8627;-4661;-13993;-10558;13198
2416;-2913;-2307;1304;300
-17478;7622;-6765;6685;8735
6337;18210;-8536;6459;11499
-8307;-7475;4539;18062;10766
-4593;5234;10730;-16671
9395
-16280;-7177;-17658;-7738;-11211;5612
-13497
-1010;16472;3193;44;-17487
16323;17291;4462
11128;-9913
-2547;-11113;14877
5538;18243;15733;-13831;16908;-8606
-17969;4883;-18069;12520;9225
-11077;2778;-13407
-17261;-12637
15194;6511
-8258;3299;-6124;-6527
9418
1228
13517
-8577;18274;6649;-5932;-15742
11952;1572
-289;17496;7294;-10976
-12033;2602
15700;-4123;-16443;-6347;3114;9339
15773;18237
4467;-16792;2889
17628
15905;3602;2386;-6245;-10063;16142
-5345
14213;-10438;8615;13435
9442
13120;-4933;5354
-17716;17779;7974;-2634;-11406;4749
5315;6260;1717;-8969;-17868
5356
17888;-3443;3202
-15861;-3289;12538;-6941
-13362;-890;15518
-10951;-10799
-11521;149;-9801;3519
10003;15543;-8432;16927
3077;-1800
-5106;-15154;-9478;7975
-9687;-7981
1365;8110
17298;-9273;-16250;43;-9487
13232;-8321;-8265;-10221
12704;1011;-12427
-6151;764
5390
12256;5168;13234;13389;-9984
-7744;2351
17814;6248;-10477
15513;-14668;4827;-6973
12626;150;18410;-461;-750
3652;-13148
4450;-14886;-17241;-15322;1887;11135
-1309
4416;1608;-4954;-10572
-14500;18006;-10346;5530
4376;17417
-11002;5563;29
-13607
-16135;-15178;13068;12829
7025;4518;-16959
-11362;13508;-456;14329;-6507
-12006;2827;-16718
290;15331;-4601;10702;79
2903;14296;16508;-7901;-8096
-16705;-1139;7449;15823
-6422;5797;7176;-11982
-9521;-17396;9174;-4300;8415
5552;-7460;-9768;-10088;5642;10686
951;7114;10203;-4638
17009;13641;-4731
-16193;-14593;4866
3822;-5167
8381;-13823
15697;-14348
-853;17094;-2890;12041;-2251;-1310
16709;-18062
-2838;-10727;13798;9209;-8080
1365
15366;-18046;4046
-14822;17321;-1133
16658;13095;570;-2782;-3919;-5872
-1368
-9602;7714;211;9561;18060
-9617;-871;924
2320;15795;2500;12920;1822;-13504
9567
-13670
12705;-11298;-10982
1857;-11396;-17110;-4876;5564
-14577;10688;10161;10050;1452
5489
-3185;-2371;-9838;9903
-737;-8483;1267;7974;-1416
13781;9308;-5310
-7666;-18307
-14625;10450;9410;12802;15783;12634
-949;17333;7144;-18028
8996;-712;-9690
1696;2915;15620;1658
16467;-1162;10685
-3553;17415;-14008;6667;-7936
-17811;-15427;-5045
5515
1420
-15603;9122;7902
-14006;-3803
-12034;-3780;-837;-4070;589;-18159
-11346;14786;3720;5577;-17259;-17389
6907;2716
9893;-267
-12843;11402
7271;-457;-1278
-4417;-5554;-3198;7630
-9112;10555
-18247;-11872
9642
-9057;-17235;7463;-2939;14684;-10751
-5217;11700;9626;9919
-7992;-3657;-5644;4684;11151
13745
9712;1600;12561;-12731;2603
-17889;-4681;11752;-16735;5614
-6258;-5651;-18223
10674;-11484;-652
15408;-5076;-12213;-7110;10456
-7361;10112;-10156;-14542
-7569;-1734;13241;9818
16246;-10679
-9665
1475
-9671
1480
8644;-13020;2652;-14686;2639
4416;17547
-14737;5522;-3021;10751
-6229;-7481;-2745;15881;-13723;8715
14129;3743
-12866;18024;4526
7344;-17057;17763;-18380;11823
-6579;12921;11535
-17569;-2168;-11385;1322;-12656
12112;-11666;8514;-10726;3096;-2830
-1827;194;-261;-15242;-15482;2444
2388;-16552;-7819
4864;-16550;4106;1980
-14722;15461;13413;3127;-13081;-17996
13061;-6589;14861;-3440
1634;-15443
-17137;-4865
12945;-2066;6307;-17884;12911;17983
9719
10771;-518;-2266;-17708
8599;-14224
-18017;-6788;1510;-2377;3661
7043;6488;-9819;1915
-1763;-5399;-4988;-7597;-3197;-3166
-9726
-17553;-82;1923;-16485;2855;11420
10720;6067;3431;-14585
12944;-11764;-8183;12637
5331;-10491;-4572
-4385;-5348
-9734
-8532;-1208
-2819;-899;17139;-17479;12074;-13664
12852;9180
8624;-16162;-12901;-3725;-18350
14387;15838
7940;-7269;9079
9796;13173;2430;-7456
11088;-18371;-404;6382;-8447
624;-6915;-2198;18120;2701;5614
13843;4308;-16587
12419;-6951;-4536;-13980;-4908
2660;11210
-6211;15171;15539;15845;1306;13181
13874
-14690;16226;-1491;9733
8342;1943;-505
-10806;2039;3080
-4541;-9038;-4398
-9785
-17866;-10924;10812
9193;-16987;9387
10593;3202;-4519;10679;-18313;16335
-15793;15251;10329
-442;2857;-11772;7759
-8385;-10357;-565;-8395;-8428;14046
2071;13625;-1805
3476;-12117;13834;-6799
-10163;2181;18374;13959;-14811;-3838
-1844;-7769;-6286;7102;-16671;-17103
17699;4821;-12936;12633;-17674;5261
2192;-6388;8375;12571;-18366
-9811
-6113;-11377;3861;9433;-17903
-5878;-3770;1499;-16735;15071
4392;-10109
2710;-4333
5766;3063;11048;2841;7194;-11902
5726
18015
692;599;12377;8443
-14020;16582;-6203;5274
-10129;-15446;-8831
5504;-10997;-3099;6202;16315
-15750;5919
14753;-7522;-947;13300;-16378;-17134
1641
11764;-17502
1603;12071;-5433;-15595;3357;-5839
-13989;12405;-4157
5908;-14438;8313;-6506;-15403
8515;17711
-5832;17869;14190
-2501;4155
7265;16130;-12104;3321;-16909;-15742
-10337;-3607
-1658
-11025;-8804;5880
400;-10196;-17415;7230;18318
13694;-3840
5761
-5845;15702
1669
14242;11832;-12202;-10027;-16012;10495
-1673
18418;2296;-379;17116;5182
-5776
15526;-3545;-6203
-1879;-936;42;-1471;-9728
13972
1075;2675;16056;15293;17150;2687
-5785
-14452;-616;5183
-5778;-16099;-4483;85
-5912;-5130;5245
-18421;14389;-5862
8304;3700;-15611;-7276;5084
6235;14763;16460;4829;16079;-11600
-1005;-13024;15743
-6805;5061;13221;6622
-12491;-7485;-14510
-5819
1828;-8341;7366;8398;-15360;16031
-14019
14690;-4845;16462
-14021
8676;-13817;-8061;11469
-4898;-15528;-1787
18100;9077;7161;-4315;8574
14818;-13085
10257;-7669;-8933;-12727;9144
-4038;13321;-16060;-11344
17891;-2950;7275
-7489;16712;1663;-12624
-148;-15188;-3701;-9051;9964
9888;-1298;16787;-166;-9087;-2095
-10513;-14098;11299;-7931;15403
12801;10854;2665
791;7387;7179;-9516
-3474;12371;17225;18252;14717
-3751;-16216;-10457
17282;4725;-2024;2248
18136
-10181;-14345;-5900
-14641;4258;-11687;12124
-994;-8548;-10662;2063
2515;-438;-6889;-16169;-5468;-8076
-9927;-10570;-18127
7203;-11670;-15862;10375
-14675;13124;-11429;-17899;8637
-9957
10673;-14019;-8262;-6952;-11882
-18158
17752;-4185;495
12754;17042;10386;-6340;12988
5870
-18167
15816;-16665;8026;2798
15460;-10438;-3113;-13852;17823
12181;18150;-13257;13164;12510
4704;1619;-12597;-662;1051
6129;-18148;13271;14377;-9739
11747;10527
5890
14082
9202;-13284;-2044;-3869
14097
1697;-6133;-5622;-12235
-786;-15315;8534;5753
762;13340
-8619;-13676
4818;-2989;-13
-10010
-965;8694;16054;-1485
12432;-12196;17967
6000;-16016
474;-5115;-380;12796;-5950
14114
-15281;13045;6392;5865
-14122
2675;-3269;-13080;9833;9325;446
1491;6380;3133;17135;2367
-14126
14961;-13173;5364;9080;-14394
-14128
-3633;-6538;-10603;-9739
3873;13542;17197
-7141;-6992
8129;-11683;1702
-2117;-5111;13369;-192
-1537;2723;-3877;-7356
-11752;5787
10561;-7830;-16750;15887
-9062;3096
-10388;2919;14871;9000;14139
-18254
-1871
17168;9027;-1207;-391;250;-10688
-7857;13825
18256
-8418;-12808;13292;9807
-7730;-9942;-15662;6877
-7185;4480;10411;268;-18047
7346;15018
6132;8902;16680;11135
-8980;-7412;-3562;-14108;478;11214
-8724;-1358
-10529;5830;-2616;-15437;4478
8017;-6233;9644;8255;-5504
7153;-4778;14972;-3168
-18277
10086
3274;12493;-16702;3102;-2927;6750
-7844;-16695;-2520;2889;-2302
10224;17506;2568;11133;-14848;-8304
10668;7613
-18371;1140;-13781;2646;-6045;7935
17955;789;-10686;-6158
-8980;-1734;3642;-15309
-17762;-15158;14635
-6995;-55;13047
8672;14353;10769;17405;-16527
18002;17619;4856;-17356;-4832
-7746;-9652;-11094;-4874;-1309
13187;-7182
6005
-14801;204;16509
-14201
-1041;7400;-17498;9226
6010
4400;16384;-1362;-10247;9126
-434;228;-15375;735;12927
5825;17954;4163;-15029;1294
6208;5924;-13479;-15183;-10847;9071
4028;9373;9005
-16977;17125;-2104;16172
1930
2480;-7682;-9956;2419;-13211;-4654
-12219;6191
10321;13617;14520;137;14075;6607
133;-7016;11241;-6555;-10460;-1565
17233;-7108
-1935
14224
-10257;15376;-2037;2959
17217;18230;-17116
13233;11767;-14860
1861;9162;11406
13024;-18103;6711;8509
16048;291;7149;-9151;12127;4159
15922;-9870
-3010;-6502;-11642;8730;10462
-722;8643;-7494;14935;8583;-17882
-9843;-4679;4360
-4593;3764;-14597;5263
12103;10459;-2012;-10384
1975
13894;-7175;-12798
-1619;-4462
14802;13171;7956;6535;-11356;15933
1988
5461;-11689;4235
18112;14624;8563;9450;397
6371;6276;9829
-12852;8360;2494
-6096
-6904;-15195;-383
6932;3261
15280;-9249;11030;15039;6767
-2948;17355;16268
4882;6740;-3077;13624;8507
3410;2690
-8437;12775;-2331
-17057;6435;-13787;-10893;4622
-3618;2115;-7637;1228;1804
10206
4342;1063;-5896;14794
819;2069;8613;-8743;-12968
7043;55;-14346;5229
258;5879;-10300;10284
9955;-11685;505;-2268;17806
-18213;5078;-8872;9161;14873
5095;-16841;-10251;-5279;671
-3714;8052;-18120;-4632
-3553;9679
-9393;17207;-3929;7321;2297;4911
16816;-2497
-14321
-5266;11397
-14665;16703
-3378;-14162;5027;-10006
-18425
-12963;15570;-12469;-2942;-9726
10082;5588;8245;10903
7554;3636;9605;-729;-5725
-9809;17128;-15497;-16794;-18044
10252
7063;2728;7177;12441;5422
-1637;7317;-2346;16763;-13934
-10270
1761;15301;-1048;-6285;541
6192;12270
4336;-279;-12157;-10366
15543;1768;3309;-9839;-12864
-12258;15926;-6552;798
8043;10300;12414
2086
17579;4524;16847
2087
7651;-3301;17833;9563;-12877;-12686
-3335;-4904;15335;-13359;12447
-6819;10552;2459
10288
-5350;15609;-11978;-16332;16477;-8719
-17316;8293;4234;3627;7580;-4318
9088;-5202;694;11642;6366
-7313;-11299;17634;-36;-15032;13935
-15255;17368
6214
16368;5713;-8804;11769;-6542
13415;-11295
-17778;5643;5916
6850;-12550;17607;15899;2989
16531;14265
2128
-12340;7031;923;-1840
7924;1126;-6407;-13288;-16062
11828;14420;6185;-1630
4362;-6494
5793;12725
6101;9846;14745;-2810;10030;-15296
-3297;-12274;5242
-8082;14610;-12764
-5463;12294;-18138;10761;10777;-8091
-16133;5798
-10225;15779;-407;1099
-2289;-10810;9193;10155
-1220;-3332;-16869;7560;-3433;-13532
10996;-5783;-10968;-3275;12571;-17984
11937;-7394;13998
672;7603;-18116;12012
-13574;-5303;-15390;14542;9358
-10276;-8855;11175;-10603
6099;12462
-8235;10415
17415;17336;-6667;-13613
14930;-9304;-9257;-10842
-2280;3943;-14408;-15657;7498;6427
18192;11461;-854;-12302;-6112
-10387
-14675;9362;3813;-1175;4871
-8258;-8546;-16137;7466;8030;-1136
-9988;-7240;-18120;16378;-15996
17152;12194;-13316;-13157;-14174;13501
11265;-10852;-2523;-16460;-12910;16990
18297;-11998
8952;-6748
-4275;-6612;1572;17588;-10480
12177;-4404;-9416;7949
13824;-11610
-209;-4905;-17584
-6244;16568;4251;7099;-3071
-15987;-11669;16182;-12315;-3007
-9073;12593;-12598;6853
4354;-17558;-1726;-3680
14594;-1290;3325;6078
-10950;15321;1242;4363;11341;17775
2785;12405;9048;-12698;-13771
-1954;-12515;3443;16746;-7951
13509;2199;7580;-8767
8320;-4997;-13752
-14528
6335
-15718;1896;3390
2705;15765;-9495;-6734
4181;-10523
1121;5801;15804
6758;-16199;2295;-10991;-13951;-15216
-3;1836;415
15696;7474;9443;-5997;-3886
-5729;-11251;-5237;10446;5423
1280;-10961;17666;-16233;2793;-13181
12418;-6069
2482;-5430;18102;16023;-12923;4479
10229;10361;-1952
2272;-1265;-7538;-12109
12064;12353;-2755;-539;17998
-6359
288;14267
-6209;-373;-8502;-9147;1611;-4224
97;17700;-12309;17262
14192;4463
1844;12715
7138;-13416;5673;2443;-4110
-10471
391;-888;9319;-2446
14854;-12573
11474;15462;-16462
-16164;11972;18405;-7321;-4780;172
-7125;-12118;-13271;6232;-299;-283
17606;17881;-1451;17403
8880;-6680;1288;3128;-224
10647;-554;10730;10762;16027;12030
3793;-5785;11368;-15774
-5783;8086
5030;14759;-857;12044
-10499
15879;-5562;-6107;-1903
-9395;9635;-5094;-17368;14136;10396
11426;15427;5434;6747;16526
11235;-1961;5769;13465;14765
-14605
4434;13059;5464;-155
3728;-10147
3136;-7845;-11513;-15370;11290;-14795
-2335
6431
-9298;-5627;3835;-7632
2642;11512;4573
-2345
15417;154;-5867;-7358
1;17110;-12252;-2512
3442;6691;17389;15791
-899;-3692;17533;-15296
13281;-1813;2138;1037
-3377;-13221;6933;11598;431
11904;10134;808
8336;-4020;-15628;17774
-2310;-12345
-14788;-6820;-5336
580;18174
8370;4836;10710;15320
2641;10962;2004;-6812;-2814;8687
17881;-7307
-15090;-15966
-3538;-8551;17015;151;9595
-9266;-1639;-3048;11567
-4138;-14908;-10398;14767
14130;-902;13738
6128;6050;-9787
-1732;-15626;14523;13423
-5602;-891
-4632;-2953;-6217;3950;3359
-16200;15738;-17038;11005
-8675;-8884;-9365;12005;14309;-18175
15234;17573;12491;-16317;14383
15025;9814;8854;13130;638
16104;4073;-9580
-15809;12731;671
2917;18375;1594
16435;-9931
13457;1239
15796;-13385
-2414
11665;-1459;-4101;3012;-15802;9099
3876;8537;-17196;-6206;-3726
1075;3033;-10958;-11966
-13847;-9069
-14724
14723
13379;-6844
-13875;-1062;-3498;2474;6332;-1008
-2520;-3148;-876
-13222;-8043;-10955;1227;-8319
-241;2661;3718;3882;17006
-16834;-16548;15975;10858
-16385;6247;-16892
-3034;9583
-8681;12425;15865;11519
-2458
6596;15657;-6956;8013;11919
-3191;-3372
-7585;-14086;7158;3292;-11727
6569
-2978;-13177;15992;11417;-589
-8116;10709;-5722;1803;-5246
2475
-5041;-13714;14499;-12190;-2416
13691;-7118
14215;-3546
-7409;-11875;-18328;8857;-17547;15151
14767
16919;-10344
11972;-14841;842;8331;-2462;6830
-16242;6386;1285;-17243;-7741;-5791
17045;-18345;-3534;-5840
-7687;10967;2041;15436;10398
-2487
-1269;11366;4312;-12252;16861;12143
-18166;15673
368;-12848;-10496
2495
-16674;1635;-2023;-18203
-1789;16573
-8243;-9736;-1433;9369;16638
-11170;-4947;-16595;-7044;-15997
-6603
-15045;13991;-14843;3886;6078;-17056
17715;-2917
2510
10703
8662;391;-2444
-13939;11189;9367
9808;-15809;8353;-16703;16879
-15985;1058;11044;14902;-299
-15537;-2131;17043;-16836;-5550
5505;9314
-13849;-12955;4715;-15471;6351
-10418;-2181;-2231
-3222;680
-7828;10694;3772
-7953;-15070
12928;12357;6501;15141;14245;15100
13808;2344;10969
2555
-11172;2631;11099
-69;-598;362;-1551;4415
14850
1440;15440;13732;3130;8362;9613
6662
-2210;-14598;17591;-7449
2571
6670
-5411;-8955;7695
-5585;10797;-15983
4071;10281;-1083;17983
17489;-12786;-4823;-10654
-9173;-7510;-343;2155
6679
-17153;2080;14929;7093;-10173;-15744
8979;9989
161;7922;-14119;-647
-8341;15023
240;13061;-8552;18317
14876
-14473;1768;-1529;16826
16514;-15380;-11925
-8625;16002;-4212;3447;-4014
-15730;17049;13305;9483;8861;10590
9593;5295
2602
-14897
-9137;-7942;17528;6255
2611
5633;11705;9709;142
5040;-17569;17409;5925
1632;1654;15722
7482;-7212;-6991
-16262;18215;-16872
-3073;11713;-1844;17595;11007
-9131;-9885
-17877;-549;-8782
9513;-11755;8974
-5266;11153;4564;12198;4087;4573
9801;-12446
5124;-11865
-1466;5099;-10383
4144;10529;-9495;5672
-16161;11139;10921;4953
14320;-9314;1155;11684;918;16666
-7319;9325;-8768
18194;13145
-7762;-788;7076;12335
2670
4816;2400;-17955;7474;11829;6396
-12565;-3301;-17035;-6637
-7028;-16695;-15735;111;-8384
-17682;-12263;13367;5710
5993;4877
-14968
2024;-17552;4655
68;2615
14972
-10722;-6889;7721;-14779;9695
-9234;13921;9242;4603;4028;-11679
-4898;7587
16962;-5725;3741
10885
1440;4839;-15561;-3881;-18205
-4098;-5590;10727;1657
-11225;9449;-12733;-4574
6593;-16043;6750
13156;18217
-17429;-9850
2579;-7446;-5462;-10795;10221
2712
15028;-3878;4604;3342
9393;-14226;10614;-12590
-5202;2052;-5175;5611
9428;17365;-3600
-15010;11863;4520;-8393;-3886
-6209;-1058;6801;-2248
-15747;4840
-10916
10917
4992;-17736;3161;15386;1023
9057;1868
-10927
-2854;-13831;871;-7404
15025
-15027
-2740
7447;15882;-5580;1375
2743
-6848
12102;-14362;13211
226;10898;-4268
-15049
13952;13268;-14188;-349;6461
10958
-15665;3975;-11564
6870
-7857;3346;-16388;3081;-9533
-15523;-516;9167
10000;-3283;-1475;-9205;10838
-1253;-10887;13126;-16411;18206
-2783
-15618;15636;-7301;-17015;-1903;-13455
10372;-9352;-17580;-2623
18320;-12501;5609;11852
1694;-16784
2811
-15494;6087;-5696
-10786;7967
11013
9920;-14482;2292;14428;-1135
2848;-5681
14467;15252;7413;-17659;-4350
3120;-15284;-10726;9608;8987;1453
-7042;-6178;178;9358;10622
-6939
-12516;-10215;-18108;9324
-13671;6729
-6943
10081;9091;-1637;-7645;13069;8559
15781;-4761;-13820;-14863;2527
16869;-6566;-5593;-16683;-4303;-15248
11952;6258;12757;17735;695;-9679
5473;-14568;14423;7624;2831;-12928
13744;-15731;4770;-12923;-9103
-16515;9400;16618;9740
15073;-3446;-823;89;-11466;3435
3745;-7268;10485
9606;9417;-4251;16767
-11061
-15158
-16851;5789
11810;531;-10765;-3183;-1264
-9153;9459;2025;10523;-8367;14767
9426;-6554
-322;-16507;-13982;-319;-12704
13510;8023;18205
-7219;-12041
-245;13333;-15704;7707;8685;5486
11616;-17606;8869
1744;5893;-1255;7545;-11227;-5581
16964;16692;18378
5120;-611;-16342;-4872;8041;-2412
11429;-11049;6602
-17427;14948;5366
-10337;5186;-14122
-10629;5734;18425;-6544
-1223;-9863
8789;-7321;-9915;11341
12352;8194;7379;3642
-16082;-16883;17911;12156
-15513;-12329;4462
1204;-4111
11099
-16390;16967;-17834;6156
-7716;-15673
8677;12663;-12284;-3071;-17087
11102
15845;10297;-1178;12332;-1616
11680;12146;-16650;-15659;-14911
11106
-6957;-11183;-9360
-15283;5300;17006
10131;-15754;-9594
-1826;-3955;-7528;-9769;-4430
-16067;9036
3792;-13225;17561;-17419;-5117;-17199
7345;2738;17205;2666;8412;5533
7376;-2437;11673;10907
-8289;83;16362;1118;14798;-17024
-1013;-2922;-3115
-2965
-14865;275;17555
162;13111;17305;6970;6378
-11161
3559;-3320;-8394;-3007
7653;4681;3818;-9084
15876;-13880;-13162
147;11019
-15267
14112;-7464;426
-17835;-17916
-9153;4146;-12507;-14142
4128;5787;1261
-7091
7097
14134;-7929;-13311
17203;-10094
-13010;3237;-11307;5771
-9393;15233;-5656;9161;10059
7056;12998;10842;-9711;14607
7122
-17701;-11497;17979
14115;12323;-17404;-12063
10009;-9471;6591
-15324
770;-7496;-6121;666;-11344
16410;15310
-11253;14303
-3051
-13377;17201;15396;2104;6187;-16269
-5622;-9398;17447;-10168;-1595;2187
9385;13849;300
-13937;8114;15318;17351;2761;2121
-13558;124;1037;15454
-18130;-147;-13203;-1645;-6799
9941;-2784
-14753;-17218;234
-10158;7087
-5361;-2707;5541;-6798;17293;-11040
-16273;1413;9639;-5098;7243
-7986;1489;3042;-12902;15865;-6684
-3082
2096;13234;11762;-3530
10021;6727;-9566
386;-12487;-4504;15882;-4654;-5904
5352;14121
-9794;14561;-12422;10746
16;15090;2903;17854
-11057;67;-13290;-2141;9548;13773
18257;2721;8354;-3285;-16669;18301
-4344;-1035;12267;316
3112
-9317;14820;18090
13777;-10659
1362;-8487;454;13070;-9520
-9857;-5514;8348;1645;-18223
-15169;-14150;-14762
8321;-16851;-7113;-329;-15276;3550
-1090;8898;8514;8942;-13951
2488;633
-6898;8149;-1511;14442;17357;-3840
-7400;-13098;905;-16300
-9955;17178
2139;13279
1859;312;2889;-13210;5018
-13458;8676;11624;17370;1115;2380
15236;3035;2286;3054
-2626;-1778;-13492;15000;11982;6334
6289;614;12616
-3140
-12370;4598;-6952;-8491;7786
-7243
-330;17610;11693;6943
-4069;-2423;8251;-9005
9869;-2624
16419;-7368;-8441;6637
12306;-12792;-8424;12062
15442
884;16116;10327;-5066;9565
7136;-15363;5957;4456;-18364;733
-11985;1830;13031;281
12912;-7858;-18006;-3966;1471
-12277;-17349;-14492;10059;-18253
-13448;4537;16170
-12759;-10888
4967;-4411;-16012
12240;14706;-3480;-2442;17481;5626
-2307;-7080;-12335;-10128
5946;1915;-11040
-11373
-6773;-5021;-7774
-9471;6286
11029;8540
7105;-15635;-7159;-3881
7284
-15682;202
5747;6805;-5175;-10575
15411;-6628;3021;-15007
-4291;-15620;18423;-2923;15806
-8660;1354
-16708;-12965;5845;16474;7165;-11216
-17573;-2502;-6775;-10700;2414;3247
-10019;12535;-18360;-2590;2927
11664;-4072;12330;-14045;9389;-7951
-13048;-14749
14480;14690;-12950;-11063;-7244;-1135
1508;5396;16552;-3851
-11331;14558
11216;10005;-12822;8534;15433;-462
9170;-745;-11659
7601;7154;766
11105;8524
-15536
3138;16821;3770
-18070;-4054;-3064;5550
14128;-12274;5100;396
8356;-7481;-537;-12778;-15391
3255
16854;-9927;-18382
-12381;14365;-10015;11295
8101;-5290;-12590;2413
17330;-11221;8085;-17469
7696;5186;2683
16441;15595;16299
-6269;13645
17312;-16770;2626;-6251;-16444;-16525
17988;-12501;10087
-6517;-3302;-8967;10615;-3309
6611;-3317
-11427;3092;-13638;6389
-10132;8159;-9520
2736;-7032;3851;-5870;-13168;-4304
11749;519;13303;2314
-2568;-11704;10779;-15613;-15949;-5119
-3939;15145;12591
-3320
-7777;-3736
12709;-7466;-17498;-11550
-10854;-6810;-10203;14253;-6096
-3332
1932;-9360
15620
2316;13372;4031
-13077;-18168;-13054
4464;-8179;14292;18263;10375;990
3344
14371;-17880;653;2477;11919
6368;12803;-15430;9256;10831
3153;-11427;18354;327;-16637;-17600
-2708;-17029
6272;10741;-6826;9550
-14513;-10550;13516
15504;2162;13080;-13737;8251;-9616
10365;-7008
13846;1801
17975;-13193;-12239
15472;1488;8162;-5371
-1178;8585;-14877
1425;2401;-12136;-7358
17392;-15684;1671;-6762
3460;15669;-6040;761;13917;-12096
8626;17514;3114;-348;-13232
8131;-5815;-12568;2765
15227;-10781;-13695;-2335
13409;-5189;-16646;-15447
-2545;-11010;-11399;10719;6687;10943
-7496
-11873;-6850;-10947;8169;-14429;12047
-8289;17795;14212;-6253;-5870
-13524;8630;-11591;5754;-10763;1706
3601;-8789;7814;-6032
-16242;-13670;-3002;-382;-4638;-14624
-7503
-339;742;7100
-15697
-2977;532;15786;-9932
-15699
13364;-16488;-14715;7450;-6763;9644
-12177;6593;-6025
-15706
5585;10121
-15176;17481;13406
11616
6228;-6348;3163;13374;-704
14260;16678;-7001;-13164;847
-12690;-12886;-2432
-7873;-14325;-17382;-13175;12428;12317
16545;10230;14441;15468
-16721;14144;-13148
14983;-7786;-9020;17550
-12199;-15818
4145;7492;4091
-14321;3761;3812;2932;-14140;-5967
-13012;3972;-5864;-17216
14962;310;-15948;16414
-15741
12065;-4514
17539;-10087;-251;12639
18128;13706;4730;-335
9491;-9013;1030;-16535;1095;-5915
49;11605
-15380;7821
-13220;-11415;-12055;458
13460;18084;-5862;-1739
-13315;4521;-11056
-13459;7626;-4923;9119;17391
-18285;10718
9719;-6874;-14512
-402;13746;-12330;-12;-16767
-14097;11408;-4884
17717;3783;-9822
-4997;1302;7181
17248;10815
-7074;-4195;7779
-5512;-2075
10690;-14183
-6420;-3190;-10104;-8138;-12506
7590
-5377;14968;14715;-7757;-17053;12191
8768;1494;9974;-1530;-15709;-10591
675;11205;-6167;1881
11691
7598
-12961;-6693;3862
-2099;17897
12772;7754;3468
12883;11115
-15971;-15044;4569;-5998;12541
15815
-6977;-354;17811;5785;14044;-10398
-1090;-14328;4921;16667;17198;-7552
-14628;-11191;17255;-13288;15079;10302
15764;-10263;-4045;5805;8558
8673;6372;4693;-8015
-6679;12199;6206
-1780;-9380;17674;17500
-8595;11620;-15510;5976;330;-1453
3008;-6438;13946;-2879
2456;13374
4721;-11687;-4649;8154;8125;2974
-4341;2886;7751;24;5420
4193;-5893;-17949;-16669
-178;-7470
1843;18093
4570;12955;10603
11481;15181;14382;-624
18241;-17338;-8559
12849;-10490;11338;-8843;-17871;-11024
8721;10506;8910
-418;-2370;-17538;8570
-2738;16689;10092
-11874;-5155;10889;17898
15855
-8581;10439;9903
10609;-3765;-3030;-6845;-4638
6434;8376;8890;-8413;16958
-15862
3575
-18338;7348;-8973
5360;-8024;-8075;-17420
3582
-2721;1603;-16197;-3989;14198;3519
8407;7311;-12128
11272;2713;-14382;-3199
-16708;-8410;12942;-7807
-5985;-9910
-14771;9404;-12096;-14816
-15651;-16635
-16195;-14309;-1081;9948;-11662;-15375
-10929;-8594;17777;-1872
-1947;-9645;16670;14927
16608;-5553;15620;-11770;15817;-6621
3171;-14987
5976;-8729;6377
11953;-9603;9891;7844;9238;-13406
13222;6793
-12498;8869;5016;4954;18252;-8672
7730
-9272;1535
9490;5955;-16756;-10525
3644
-3745;95
2480;-15161;-11452
6264;-17212;7293
-5729;7666;-14452;1061;4011;15196
3297;10327;-108;-9856
-15949
6065;-11148;16940
-13079;2856;-12412;-3486;10157
-18297;11162;14907
16673;3388
-10097;-10454;14390;-9898;13164;10668
-14921;11243
-7476;-12592
15906;-11208;-8591;-16176
5433;9020;-18144
2962;-14934;16437;15610
-17907;7332;-10327;-8586;-6973
-9361;-2005;-4581;-18391;-11289;5069
5632;-17369;-7420;11180;-16206
14001;5286;-11486
10000;816;3618;1733;-8359
14576;-2668
-17811;17754;-7757
15760;-6099;-1843
-7153;-8861
-3601;-2100;-11688;13853;-12480
5233;-10068;-13498;6412
7827
1673;-18347;3102;5742
16022
-17425;18017;-7414;14814;17327;-1104
-4466;-3367
10192;16546;-330;-4139;18333
7834
-5956;-12728;-8091;11738;-9182
-7844;-14681;2606;-16592
7839
-7841
7154;-17095;-1997
-1985;-11911;-8862;6719
-6866;-9174
15032;11614;-6511
1938;-15095;11561;-9535;-10224;-2880
-16417;16161;2165;11661;12526;14526
11217;9779;-584;-3755;11291;-15998
14293;5958;16777;13577;-15405;1326
-16089;8232
-1555;18418;3859;-12934;-2858;2927
-9177;12939
16688;15911;10167;6055
6145;-9917
3772
-11960;8187
4242;15918
-10551;14328
-7875
-8136;11914
-4930;-11539;-8595;-9012;-8420;-2249
-9374;-6702
16076
-449;-11534
9521;-8693;9718;13550;8366
10313;8409;-317;10572;3486
2370;-14355
-16901;-12518;-2183;-5483;1899;2717
9777;13698;806
-6547;13891;-100;-15436;-780;5164
7904
16965;11423
-16193;-8582;-14301;4957;-14751
13699;-14392;10793;9658;1226;3311
-5594;-12890;2221;12447
15702;-3689
16688;16260;3641
-16609;5542;-16519;-4942;12319
-2625;2711;7835
11090;9273;4474;15855
17527;-13080;1577;-17645;7790
-3876;11805
16073;-4046
7715;1605;18213;-3207;-13640;-14525
17186;1866;-7021
6835;-9461;-13750;-17767;9466;-11935
18084;17814;13004
-5285;-5815;6968;4812;7262
-9764;-8363;-6205
7949
14758;1499;8079
-17588;13731
-6307;-5718;-8218
-7723;3386;2842;14428;3214
14682;9660
-1781;-12266;9690;16414
8482;10148;-9845;16645;-11593;14605
3053;12478;4719
-7967
-3609;2190;5294
-5873;4625;-6729
7826;-7862;-8427;-16491;-11696
16170
8080;-11966
-7734;-11468;-13360
-9923;-7795;11283;-5165;3613
1845;6141
7989
16184
-18374;10679;-16685
7996
8002
-11191;6456;-5386;-7181;-7086
7089;-18387;227;16277;10991
-3477;10918;567
3913
5937;-884;-5639;-17400;-6057;11934
3520;-4820;-4776;14088
-10869;-13531
3760;3604;8846
5729;7986;-9687;3996
-6161;-14152
-4072;-6888;-14041;11160;-7099;-11661
16546;-5492;-17385;-15691;9901
-7505;-11413;-71;-4855;-7195;-1566
10846;17662
11254;-12392;5079
3891;16837;4518;6620;4845
3497;4542
-8260;-8934;-7231
-11481;-656
-6866;-15747;-17804;-398
3979;17275;-6908;14237;-8239
-7425;-4730
-18161;-5109;-11446;6662;7707
-13258;9292
16254
1088;17314;7449;-9596
-8546;6338;-9952
-11809;-1234;1620;3358
6099;11348;14263;-15450
-12166
15526;6776;6253
-8077
-10198;11782;-15948;4764;-14863
11056;-10995;11911;5164;-9199;-11920
-4674;-11598
17655;9431;-605;-18399
7845;8429
401;-6146;13828
-11601;3665;-4246
-3154;13251;-18183
3990
-11521;-4754;-11763;4186;-4284;-432
16286
-16292
17248;6498;13026
-721;-16103;-6583;7113
3482;-7488
-119;10072;90;17771;-2590;-736
-2084;18381
8467;10317;9806
-9382;-8039;-6314;348;3293;-4415
16080;14708;-10373
5312;-12216;-3178;-6238
9872;4426;18411
-4039
8595;3683;-260;16632;15116;-15150
13265;9219;2516;7094;8908;12191
10023;-15737;14718;11423
13075;9944;-7948;1262
4694;15737
10601;9837;13677;6799
-6117;14263
-8834;-7506
6962;12499;-8516;-15640;-12683;13326
-11323;-9116
5520;-2609;16922;4701
16347
12464;-3556;-1851;284;815
5749;-17383;9750;5211;6046;-17535
-12377;-15628;-15357;6527
18132;-13622;17994;4491;-6541
-16365
10438;13176;2441;2124;8927;7935
15368;5098
14866;8098;1604
1639;-393;18271;15039;2303
4900;-631;-1515;9546;-3484;-12911
