-8193
2498;258;17724
4099
-9748;14533;14645;-15327
852;15782;-8432
10706;8659;1561;12825;10314;-11278
-2867;13811;-5733;-407;-1179;490
-17538;4451;17700;4996;2699
-12311
24
26
-10162;17924;4552;-12284
8882;-7928;-8122;3039
-2109;2143
8228
8068;11381;-1847;-14669;-7070
-6741;2603
-4851;-2582;4522;-13516
8100;1077;-10696;-14713;8971;-13262
-4417;11761;-17747;6263
-14326;12741;3638;-16968;88;6591
6208;-10548;-12092
-18434;15525;11149
-3305;3354
5811;-2606;13230
14517;11737;-18011
12646;-13933;5438
-4532;15556;-16154;-1742;2719
10837;-6685
-16442
-1954;-15751;-650;-6285
17585;-3463;17047;-12670;18430
-13669;-11990;-15368
7702;-7632
-16514;4153
-11410;-6374;4489;-3163
-15396;11352;-3691;1677;5982
-14300;18188;-16174;-12368
16773;-8504
-17588;9255;4157
-13219;8936;5240;-9054;8014
-4371;17734;-17944;6025;-5626
-4065;4151
-8468;-967;-15229
-6776;5336;15610;-9612;10157;18142
8285
-17043;14104;10184;-3056
-10950;-17817
-9969;-8483;-16166;4021;5256;12956
10409;-9420;-893
7829;14357;-2295;-6106;1353;13630
9153;-17444
-7505;-2327;998;16008;-15465
-10113;14723;-5319;3512;1391
13537;-17735
-13298;10625;-9717
-14706;3011;-1446;-3110;-8953;16908
12531;-4235
2562;18024
5426;17862;-15099;4205
10342;10247
18416;-13073;12038;-888
10242;-12403;-7593;-16329;13529;12666
5233;-1826;-15238;11717
10800;-6590
1185;2552;4571
11728;2673;-8804;11715;-4038;3229
-15303;-6023;-7467
-11380;6387;8020;-11975;17261
-4705;-5073;9655
16508
17297;18274;17444;-4489;4127;13007
17186;17602;3083;-6669;15213;-17616
578;4370;-8292;15759
-16514
707;6468;694;16011;-17389;-6623
-13985;-12354;-2740;13332;2761;17213
135
12423
-8854;8991
-8642;-16979;-5524;-6572;715
-7313;15643
-3203;15061;-8999;9064;-12064
-6182;13781;-14078;-18239
-8984;16936;12136;-3404;-16543
-9305;13544
143
2594;-6835
-8341
15830;-14637;-17726
-16533
16536
-16540
2577;-12274;-1827;5161;-15168;13183
-12020;7759
-166
8272;-9899;-6733
-9045;10599;-8061;-3485;253;1375
-1697;-12851;-4121;-18106;7931
-2659;-14564;17396
177
324;756;17817;-1964;7821
14326;13741;-288;5167
-1863;-14702
-2977;-5843;-6678;-9259
2656;16052;5446;16987
1264;-1448
-4241;-380;-9597;-15150;-11776
3271;-15786;8233
-7793;18385;14837;-7915;15946;7693
8213;-8409
15460;-5830;6567;-3710
-6699;-13984
5475;-11334;-9323;-17790
-17602;9555;9828;-15885;5708
-17249;-12306;15441;3586;-13323;15455
4448;-2419;-12039;8998;-4127;13535
-205
-14666;-18315
4272;-14500;-8534;-14220
-16598
16597
-17267;-17542;-14267;4283;525;-5103
4433;-13448;-12155;2539;2027
222
-11682;-4546;9090;-10949;4269;-6895
17048;16602;5211;7644;-17599
11321;-11086
17635;-1014
8438
-8442
250
-16242;10565;14120
8866;5250;-7495;18206
13418;-5150;12463
12541
-6909;11260
7234;-5205;-3206;5161;-4429;188
10112;15234;-7850;-16218;-1550;15
3938;-11876;-15524;12149;-1223;8182
12545
-577;9792;10277;-6135;15575
-16487;4951;-4200;-1978;12810;13356
14147;-9790
5715;-15691;-13580;2813
-6468;-3991;-12394;4315;-2206
10209;-8214;248;-6603
2458;475;-14333;7039
-4870;-3014;-6040;10379;-877;61
-4364
16652
13441;-550;-12621
8464;8705;2754;13123
-8473
-4379
-8475
-2627;-1752
-18115;-12131;9652;-4266
3740;-3455
7648;11616;10929;-11077;13736;12490
-16673
16420;12540
-10387;6453;4629;7333;-920;17758
8483
8489
8491
5;-12848;4351
4398
6596;-11541;5622;4319;847;-1440
-4406
9873;-8788;7653;278;10265;-10780
15472;-16317;-11758
17554;-13139
-11427;-2948;12009;3052;-9200
16705
-3797;16630;9336;5292;9790;-4160
-11092;-15192;-6873;11451;-11392
10276;11303;7422
-4450;4978;18277;-1738;11934
-15108;14777
17840;-658;16342;-12460;12044
-16355;-5971;-14887;18393;10284
3241;5002;7739;2973;10062
-16731
9600;7003;-2878;-6928;-6448
16418;6102;-13978
7874;-18341;-12981;-9080;13690;-18379
13189;-9911;11159;-1802;-12990
-5908;6696;15950
-12644
12644
16740
-8418;8058
-9385;12040;16793;-2704
12648
16402;-9990;-1244;10699;17262
-1523;-15511;2636;-6446
9488;-17490;12532;-4895
6515;11028;-8327;16376;15738
-15624;-10825;11081;-5485
18003;-9439
-7028;-11748;6110
-6723;-17013;5689;12746;9774
-17510;-5862;7703;15289
-17763;-10166;-8812;12764;7213
10498;-17883;14523;13723
-1906;-15448;588
2404;2136;-61
-15042;4771;4077;-2384
4994;17301;-1718;-8552;12936
4513;-18084;18055
-6875;-13998
10898;8939;-3056
8593;8189
15284;5623;-1816;10681;-702
7184;-2184;-16380;10974
-407
-16129;-10132;6835;-12856;-7870;6975
-13905;-11539;11941;2440;15228;-12766
7456;-11094;1623;-3033;7100;-10654
-8605
-16594;17204;-4781;2700;10078
17665;7719;11896
4514
5729;-5490;17842;2821
16811
-11169;-4914;8501;-439;-2744;10334
-5075;-16691;-4427;5549;-4367
2544;17905;16898;-16180;-8440
-1732;14379;-4015
-1110;-3450;5002
-17255;-5575;-970;-14012;-11790
215;4331
130;-9608;18121
16837
5985;-6440
-4099;-457
9491;-1590;4847
-8883;-3801;4030
-15298;2543
16840;-6285;10396
-11185;15657;11595;-18046;-2590
12760
-13698;-7463;12493
-9620;2006;7899;-10812;-2238
14416;6542
1585;-9603;-7528;2777
16824;17449;9483;-13181;-1422
-15170;15989;-5575;-2042;-9179;3198
-16161;4146;-13077;11275;1037
-494
2592;17412;7755;-15039;16447
-1378;8532;-506;-1726;-9983;-11824
-12498;13809;-9395;-3261;5245;6607
-1157;7029;-8701;14652;974
4606
15745;8659;-2037;-17247;11774
1848;2761
15481;1275;-7356;3404
-14643;5933
-2577;9778;-2436;-9334;15390;-11343
-16522;3710
17527;-7897;-14250;9146;4191
-7238;-17866
9008;3883;17547;11918;15519
12516;-17146
-7266;10217;9871
7616;-17746;1014;-4360;4744
-4211;-11498;-955;7932
8733
4638
17634;-3022;2319
-15797;-11973;3206;4891;-13645
7548;4316;975
-14072;9193;-3278;-590
17857;-9188;8643;-12725;-13335
-11636;12245;3532;-10126;14733
-6322;1575;4189
-16527;-8608
2547;7828;17509;-13612;-687;3358
-9108;13493;12006;1405;16686;15231
-14450;15762;-4661;-5406
-3926;11544;-2958
-5192;-10729;7849;-5295;-15871
-10612;10327;-10745;11993;-9723
16658;-17228
2403;-11166
-12502;7833
100;15828;-8236;-10796;15966
10386;-6950;-8111
-12838;-31
-7617;-14212;-15147;11818
-6225;4323;-10312;7721;-16573
17427;15926
7376;17732;-17878;-14279;-2457;8920
2850;-5865;10237;6846;-16511;1855
-7044;-5832
6176;-3074;-6773;-1016
5456;-18341
13538;-4694;5257;-14911;9598
597
10065;-9892;2277;16614;-18202;12025
-3730;-11512;-6654;9006
1392;11330;9622;-2491;17615
14722;-8564;3156;-4856;7737;4794
-8932;-9369;-4076;5917;7661
8800
657;10546;-2612;-12325;-971
15927;4616;-1180;14013
-8803
-14834;-8984;-9566
-1044;10615;-8954
-5090;-5636;18100;13723
371;-17844;12758
-15826;1489;16728;8234;10475
-12911
623
13250;-16777;-9387
-5554;-16371;-11550;16463
-12881;-13121;-17700;-2089;12794;-8591
5394;-5416;-11592;-15145;-10734
12920
7762;-9908;3379;6787;-9191;-11752
-12276;14006;-14654
-15937;-5178;12315;10269;3263
-8832
816;9474;-16216;-2907
12803;12363;-16334
8944;7858;18387;14604
14754;-12633;-6860
-2484;10218;1100
6112;6320;4597
8050;-8774;5469
-10470;-5657;-1913;4604;-18318;10621
-8845
17856;-820
-14915;18131;15349;-7931;-5886
17985;2860;-16095
-660
-10408;13960;-4426;-16170
10659;-17703;-18192
4256;12613;-16425;4953;-908;8460
15378;-17495;6874
7738;-8400
-2897;-8020;11579
8855
666
-15492;-220;16379
-16369;4177;-12949;2407;-2512
7907;-17752;-1450;892;-17519;-5520
8867
17062
13713;7446
-17557;4585
6048;-14925
-5777;16003;-9909;-3079;2074
4160;-4795;17707
4787
6233;-3995;-1547
698
-15851;1723;-11149
-1268;14837;-4775;-17692
16229;-8567;5016;8507
6930;629;5438
2646;-7673;221
13473;11089;-10599;11659;18303;-2256
9712;-12374;-4090;14937;4813
13894;-12152;4296;-14697;6234;-14671
-16049;5250;-11044;3464;15258;7931
-2849;8660;-4661;-2685;-3278
-11764;16580
6722;-8695;-8536;5785;-6763;16303
-726
-4822
13014
-14884;14981;-5401;14222
-4824
15395;-14021;-2105
5411;10443;-15118;-12078;-7182;-2688
-11395;-10248;8622
-18299;4298;13262
-850;-5522;-6679;12310
741
-8355;-14948;-484;-8810;7979;-12990
9265;11237;-3495;-16263
11123;1913
-8942
13039
12609;17508;196;5013;-9964;12253
85;-8731;-16528;-4256
-3187;3946
16402;-5172;17427;-5481;-6541;4606
-6753;16688;15993;13834;-5115;-13406
-4859
-13650;12721;-6132;-9285;-13669;-3517
6051;-10374;5957;-3677;8668;14622
4240;4713;-9725
-5649;6430
4743;13738;10974
-551;-792;10269;-13807
-9283;-15336;-4841
-8983
-8678;13564
-10097;10147;393;348
-11557;13780;7860;11191
18256;-5589;-4470;-3304
8917;-8119
16066;-1612;-6142;8878
4905
17195
9004
14913;2820;13061;-9769;12557
-8342;-4763
-2659;2259;18054;5437;10493
15601;-7762;17443;-1545;17129;9103
-14196;18195;299;-13309
-849;-4978;10500;14567;2060
-12230;-10667;3821;1870
-17214
-10484;-5913;5086;10478
-1250;10182;-9432;5752;15503;559
-17345;12807;-4492
8688;6484;8244;-570;3818;-5344
18426;-5293
13824;14534;16203;-15040
-12659;-16870
835;1651;7654;15294
6864;-9473;905;14251;-13408
17073;193;-4117
-3972;-8948;-4941;-11679
208;12277;17174;-14091;-14700
8636;15229;13871
-17258
15317;-14151;11996
10247;5322;18077
3686;5385
-6273;-6513;7648;6018
12073;17481
-17715;7816;13934;17327
13175
-17634;-9015;-16489;11689;10074
-5172;6069
3553;-12645;-4094
-9850;10749
-13189
-11778;6779
-5941;8902;-16152
-5000
-17765;9558;9113
-6996;-10296
11169;4562;-15112;-6329;698
13680;-6692;-9846;12295;17995;6251
13203
-17670;13806;17070
5017
-11955;-2403;-11143
-7380;-7638;-1017;-1275
1153;2098;-7460;9763;-9495;-17465
6932;13492;1815;11455
-10454;11381;9046;-6999;-2088;-18201
932
13265;8707;-53;7688
-2552;4135;-8729;14440;7722;-1789
-5037
3920;5428;8277;-1707;17791
5861;7670;1242;9596;-5502;2557
-2478;3422
9922;7028;-3723;15500;-15488
4642;7669;-2090;9581;9821
-3475;12387;14729;-15835;11579;-14332
-5990;-12023;-7528
-13191;-6744;-13592;2600;-15853;-15632
-976
5076
-13272
9362;-180
11348;10124
15584;4817;-8582;15178;10861
-14761;-2618
-9188
17559;16207
1584;-17026;-14232
-8661;12806;8956;12366;12399
7169;-436;-11033;9259;17758;15151
-4322;-6326;13755;8108;-18240;6015
12019;5375
2944;2372;-413;12495
3538;-4555
-13305
-15805;-5696
13308
10419;-5173;-8473;11853;16109;13149
-7826;-13677
12512;17572;17524;15301;-5659;17500
9344;-1507;5603;-6660;7861;2767
13317
11957;-17086
-482;-7284;-15208;3305;10444
-4865;12206;10078
13327
4853;13369;-8989
-4363;5405
9238
1048
9526;10087;-10366
-4663;9818
1059
-5715;10738;18099;-17660;16845;-8959
-11240;-12939;10827
-5162
-11667;8373;16778;-5228;509;4591
10576;-6883;-16216;7358
18148;-6550;17771;-6844;-5072
-4387;243;6499;6437;-13964
-13464;-7392;-704
-7654;11829;-6344;6104;-9114
456;17705;-15786;-11632;3871;4303
-4774;-15417;15547;18014
4533;299;-5918
-9186;7425;-2837;17977
-13380
-18401;10004;2793;13578;-7821;-9438
-13729;-9079;3894;5914;-12669
-8738;3254;-11993
3857;3875;2645;-9599;-10064
-9051;-8428
13937;-3099;-5645
1072;16072;-16046
-7620;-17142;2422;-14057;-1567
12982;16682;8300
5198
11313;6173
-11752;857;1598
4723;-409;11867;5356;8239
8087;-13290
-9299
3560;4665;7642;-16975
-12325;5412;-14682
-1116
-9310
14321;-533;-5129;17034
17302;-6217;-5819;4045
5721;-16203;-2507;11869
18337;2386;9332;7111;-3277
-10306;-3104
7605;-10854;-870;17530
10594;-8820;10291;13638
4003;18231;-13152;47;-3904
-5329;16038;-5483
-1131
4993;-1235;18212;9355;-9712
-13422
15058;-2021;18407;6555
14578;-9047;14793;17676
-15540;12503;4174
-3830;-6505;-922;-9947;-15854;11341
-274;11603;-16573
7744;-12932;-4196;4212;54;14458
12930;-16374;-5900
-5251
-14565;13830;12362;-17373;12334;-11840
-13570;-12003;-4256
7552;1798
15269;-615;-12811;-6075;9486
17712;3329;13239;1897;-10442
3425;-2018;-17348;9290;-11979;-11212
11396;-6965;-7351;1494;11948;7036
9574;-18055;13223;-8185;8714
12675;-5814;18390;-11786
8977;15106;3237;4473;-9371;-763
17567
2240;3634;-18214;3606;-11928;-17388
-9027;-13875;-13125;2411;16045
-5905;9682;-10820;-2325;-8297;8285
257;-12071;-11388;17805;-12176
9320;-1611;-1163;-10059;4702
7314;-6231;-7962;-17852;-1039
-2618;-14960
-12817;3489;-16691;4344
-13484
-3778;-13802
17587;3817;-8732;-16653;-1312
12817;3846;8681;13787;-1068
-6065;9239;7179;-10765;5708
4452;-12553;-9485
13222;-1256;16346;-11035;-16075
-9058;5991;-12649;-5017;15433
11888;-262;10057
13492
-6613;-17061;13582;-4655;15951
16768;-11466
5235;7956;8495
-8210;10129;7937;-8455;-459;267
15154;-7971;5065;-11036
18162;-3636;1126;-1720;-12719
10450;-15760
3042;-3587;-671
-17412;-8089;16092
-17458;-18275;771;10477;-1312
15889;4050;851;-17269;-2108;16191
-17396;1588;-8502;-1488
-3906;3514;14892;-9181
17609
9423
-8643;-2686;-6287
-11638;-13654;3577
-14728;-8713;14012
-691;-5942;-16158;-2288;-4832
180;-13162;3547
-5182;-16542
6230;-12795;-10269;-799
-11283;12826;12012;-15006;1149;1550
-1250
-882;18340;12463
13769;16155
-5353
832;12464;-9633;8311;2429;-15664
-13926;-13622;-13592;-9276
9458
-8964;5466;11518;9630
9866;3693
17657
-6017;8336;-15047;12329;15484;-13807
9923;-7334;7529;12764;7070
2315;-7694
-13576
2513;-11670;17400;1241
1292
2960;10622
-17680
-14785;2499;17061;-982;1599
5395
13765;750;-5023
-17691
8563;-12294;2421
-8213;-7337;1949
-6246;7562
8356;12730;3132;-7551;8302;13215
-1322
-15253;-12185;-14848
8160;-2312;906;10956
-11798;-15641;14222;-4495
6464;-16245;-12606;-11712
993;234;3803;1789;-1390
13284;-3113;11644
-7681;-9016;10665;7370
-15413;-2312
-1266;13058;-17063;-5515;-2843
12936;6442;2443
5288;16089;-15933
4217;9420
-16007;7160;18379;18061;2430
-2961;-17605;15117
11554;16419;-8886;-12012;-844;-781
-11186;-17635;9607;-637;14398
-1617;-16125
-9618;-13960;8538;-14992
1368
-9782;15247
12204;13742
17060;15055;-13680;7519
-5092;-8036;195;-4830
-9701;12823;6295;16539
9962;-11343
13073;-11721;29
5477
595;-9652;-520
-2881;-13699;9673;12730;7850
6720;-3859;6716
3489;-8975
-6642;14977;-13829
4801;11954;8663;4922;-271
11650;-4532;-3114;-2607
13685
-9028;-7560;-4201;16316;-13311
-7666;-10126
14277;12325;-6231;-234;-10528
3298;4355;5445;9765;13485;10127
1419
9432;8376
16037;-2456;6327;10190
-5524
-785;-3331;-9444;4245;14839
3217;6404
9623
4370;9924;10549;6358;14280;1006
-16331;-16188;2414
17532;12572
5873;9911;-14351
-9922;9368;12827;-17807
-12931;-11269;2282
12864;-11207;-7196
-242;-7303;-4313;10349;-16318
8738;17732;7878;11895;-3838
-10146;16796;-831;3823
6208;3792;10144;18294;-13799;1391
8128;-1625;14104;5423
6178;-16419;-9365;1561;16587
-1459
-9654
12505;13533
10550;17127;-9017;-12732;-15583
-9665;5628;-14062;6142;13423
-17853
17853
18098;3518;8527
-16530;-16722;-12612;1930;13790
-8402;6609;-17334;17654
-14984;-2873
15957;-17431
7779;12934;-16538;681;718
4992;-14966;11446;-7052
13772
-13774
12774;-728;-11199;17023
2353;-1096;-10937
-17666;3960;-7402;-16235;7179
-17877
-16482;17428;-7094;-4328;-5388;-18397
-12561;-10865;-9777;9635;5179;12799
-13782
-8321;-13908;18248;-9802
-10597;-14597;-13166
8082;10853;-12811;15851
1496
15089;-516;1508;12406;-14702
13787
-15059;-15115
13713;7589;-10730;3963;5661;18174
-3474;9602;-7637
14976;7013
5816;-7327
10004;-9766;9303;-14731;14893
-10354;11865
-1570;12770;-13830;-1261;13599
9968;14723;-10649;-5518;-2910
-7937;15546;-17323
8407;-9929
3713;12739;-1061;2535;-4333;16605
3361;-13618;15155;13366;-17609;17258
12987;4765;-16223
-1553;15285;4182
-5631
4565;1673;-17469;16862
-1889;-5267;13362;-13101;16622
16676;-10075;-12236
1542
-17928
10612;-17622;1369
9737
-13843
-14820;15268;4808;398
1558
1281;16663
-9713;6726;-12203;9530
-13014;153;9673;-10667
17955;-6293;-14790;-12615;-17592;-9192
-14083;8413
-6106;-3662
-5675
5677
-6152;-15049;-13149
2231;-13320;8202;-2077;-2766;-10239
-1916;15788
17970
9778
-11666;-5922;-6643;-14223
12676;-16842;5756
-11762;-2036;1911;-5723;-4463
-15335;1452
-4866;4034;8067;-12928
14880;-15636;-522;-14015;-2688
-1666;14791;-11528
-10369;-18069;3946;10014;-11696
-13364;7669
4688;13089;-5913;9866;350
2516;15910;8760;-5118;4110
-11370;-2526
13763;-12156
2227;-5653;8853;-6198;-4008;-5021
-18402;-11898;-9853;13966
-5714
7905;689;-10037;15494;-12430
-756;-10742;18055;7354
-14050;-15444;3540;905;-14031;-11696
-13913;5208;-5482;-3823
9817
-3905;4705;11516;12044;-10446
15458;104;-5744
16274;-17903
-13140;-2709;1932
3830;2121;3869
-2979;11875;6292;7620;-7435;14927
-2258;16175
-7762;-13139;-9403
1175;12748
4;13350;3180;1487
-1173;12074;-4414;-2238;-9135;3246
15269;247;-13401;11480;-9273;13709
13272;-12905;-18400
14964;13609;-14635
9846
-13944
-241;10094
-18046
4769;-11667;12659
-8627;16713;14061
-15123;14565;-11287;13516
2449;-4312;17287;9738;1086
12801;-7029
1676
-7033;1257
-5777
12676;9796;14520;-13500;-6173;13039
-18075
-5873;15759
-8023;8150;8297;1465
-17156;2597;1432;-7209;14542
-1250;10193;612;8533
8771;3749;15449;10602
9900
7955;18330
14721;-17207;14326;-13947;12587;-16287
-17604;-12796;12111;-16192
-18421;71;-9016;11705;15374;14287
14392;8394;-591
-4563;-11734;-15577;7868;-10478
2817;4565;-13902;-15678
1718
-13206;-1736;9575;15928;11640
-5171;7349;8279;-8734
-6963;-17750;7815;7415;-2169;-2362
1127;-12714;-2430
-16641;7405;-17072
-5747;11577
3652;-13830;11913
15600;10656;-14220;-10300
-17059;2579;9820;-3535;18127
-8123;8941;-10752
9320;8010;2268;-1469
-3001;-5082;9194;-10187;-17248
-15125;-3008
-11353;1416;12152;-9098;5134
-5205;15147
16246;8936;12730;4798
-1443;6437;-5479;9819;-524;17517
-8755;-3459;11622;6397;4142
9025;12630;-3515
2209;-12834;6292;18378
5854
-15729;950;-14681;13049;2350
-7407;9183
2147;15205;10826;8478;-10303
-6481;12355
-14071
-5881
9155;9013;-7096;-10184;3785;1213
-9845;-9449;5000;-16169
-1282;15266;-10227;11557;6958
5047;-15033
-10884;14197;-14568;16043;9294
3634;3587;15091;13588;-17719
5748;-14215;-17241;-17053
12263;-17705;-9114;-2142;-17871
-13201;4741;-5946;14812;1773;-12174
10185;-1594;1407
9999
-8291;-1711
-11827;-1925;-11226;2687
-7124;16198;-14985
-10013
-719;10735
1825
-6676;11926;-4512;9279
-14413;-11998
10026
14416;12801;16642;16285;15421
-9576;-9593;9135
14135
5233;5906;-2742;16198;-2266
12226;-5927;8090;-4348
10129;-11911;8983;-10843;1791
10945;-9219;-11943;74;-8092
7536;-4786;18358;1851;12763;-5199
-12145;-267;1166;5295
13203;15366;-6617;-3710
-5191;11148
15908;9912;617
-8694;10557
1866
-4519;-8378;-1258
10848;-616;-12889;16811
1425;-10357;-4262;13576;5582
-14586;8621
6544;-16052;-15253;-10697;-12223;-3344
15699;-1207;-3176;-5339
7013;-13639;-15739
-6934;-11338
6769;-7428;5252;-7735;14106;11407
14179
-1904
6288;-288
7461;-14567;-14008;16153;7706;-4654
-12881;-12711;2397;-9344;6831;7407
-740;11111;9176;-4396;-17070
-4836;18421;-12439;-9340;-5036;15148
1985;5416;3097;14075;-6268
-5418;15533
-4952;15069
5104;2352;16967;-18366;8046;4206
15888;13176;9726
-7748;14675;2120;5401;3870
4483;5013;8758;-7706;9996;10063
1318;7755;18348;-909
1937
401;-5635;13699;7750;10299
16758;10823;-12203;-13438
-16977;-8753;4136;-9436;-7776
5638;-4762;-4923;-8764;-5776;-3840
-3205;1255
11713;7490;9282;-18341
-5137;10577;8709;18041;-13854
-16226;2410;-8622
-5057;15207
-15905;-8721;10067;3430;-10425;7307
-5986;-14166;-8188;1803
-13269;-7320;-9257;11501
10818;-5668;4532;16521;4430
-16711;2459
-11894;10808;13657;9082;-7612;-3885
-15892;8342;-8554;16393;-13372;11117
17570;-6344;-13466;8302
10160
6075
-12038;10438;-13118;-15936
-1092;9591;13962
-14548;-9368;10397;-15007;-2128
11778;4898;12566;13386;8509
16259;-10173
-2243;-3849
-18382
11666;-14405;-6694;3338
-12454;-15626;-17629;5213;18013
-16660;9640;-1722;-4176;-17760
2928;8482;-15834;14622
3792;14770;-15816;6969;-3613
-10200
6789;10245;-2731
2019
18403
6752;-16114;-16246;3103
-14306;14033;9988;-15926;389;-300
-1649;7142;1881;11038
3616;-998;-12844
7520;-2297;-11353
12742;5676
12176;-8834;-7125;-10184;14359;18027
16838;1582
18420
14304;-16342
-12401;5584;9746;-13161
-4481;-5489;-8358;11645;-11742
10234
-12178;4349;9871
-15195;13151
4548;9784
13712;8822
4097;14316;13372;3038
9699;-4166;-12103;392;16427
16243;14486
15236;-5561;171;-11904
-14346
-2059
-7573;-6775
8498;-2739;17172;9562;-16270;2222
2063
-4397;10558
-17682;13509;-14281
-4052;7642;-5664
-10267
-11540;2580;18101;15708;12893;17582
11794;-17048;4475;6955
8548;1725
11873;-7412;-5528;-14108;-14829;-750
-12241;1329;-13588;-16119;15259;6894
4264;16474;18207
-10273;-14434;6129;-16102;-4267
8615;7176;-8698;-9179
2393;7547;-3759
12102;2271
-9860;-8617
-2094
14228;2357;16198;11223;330;11005
-10289
1104;-5926;17719;-8057;-13915;-9407
-2802;-12520;13224
-10292
14389
-13682;-710
14393
-16372;10456;-16670
-9382;-5478;-6664;11224
-10301
11074;-5348;725;-7927;17094;2875
-14561;-14369;16742;5981
5826;-16806;-8712;9388
-2113
-7302;17606
-8884;17767;9615
-10531;16114;4424;-16574;16878
12742;-12460;1838
-17940;-14884;-1737;5193;6762
14414
12756;-10329;-300
10321
-2130
13925;17078;16183
-12898;-8199;-16715;-16459;15275
-6231
-14466;-9672;-5306;15018
-7187;8578;-11804;-12208
1714;7189;11163;3163;-8800
5203;-9062;-18247;3053;12814
2976;14360;1963;3325
5651;-15992
-13026;-17653;13173;17350;-9112;3021
-13716;3371
-6250
-9762;-451;6098;-11195;-17419;10093
369;-16405;3465;6140;-16205
14565;4842;-6991;18414
3040;-18067;-965;16795;5453
-10008;8888;-4617;11995
8371;-16341;16889;-13931;-1247
-3317;1150
13168;3735;-12636;8444;-3310;5054
-9399;-16168;-9372
-17394;-18037;-3897;-4971;13455
9515;-12367;-8287;13311
-577;129;13986;13641;-429
6272
-10373
-5062;-9577;-14778;-14974;-2847
16800;3666;11590;9926;17212;-11951
6291
-13959;-2872;6441
-5490;-10693;5429;-8487;-7534
17475;-11181
2199
-1749;-8646
7113;-3324;-10094
3633;5047;-2282;-4187
-2103;-3550;-16510;7662
6482;-8233;-9226;11273;18302
15939;13817;1130
6310
-9809;7593
-10410
-1;-17299;16934;185;2234;-8368
3490;-12676;-15957;10632
-13010;10546;-16144
2226
-721;-15877;-5752;11928
-14071;-12736
6326
-2232
18024;-15791
6330
432;-18387;16504;9593;15325;-4848
6320;12301
10432
3236;7199
-15634;4118;-7113
-17762;8130;-15219;13142;10825;11324
-15236;3671;-2957;-12303
2250
10443
6113;16359;-17227;1103
-3911;-26;2137;-12747
-6780;17230
9702;-16058
-15025;-11011;-3284;2980;-4357;-12524
-1057;564;-1144;14906;-687;-6224
-7857;-17751;9064;-1673;-16815
-11271;9752;-17134
-16694;-2202;-5802;12187;-2047
6371
-4275;-16004;5027;-18414;15038;16351
-2277
2816;11749
11490;6244;6743;-7963;-14237
8088;-10873;-681;1180
-12965;9781;1038;8527
-12438;-10330
-1589;-16219;11420
-10486
6391
14697;-16779;-16604
5456;7634;8166;9721
1844;11959;-6249;1176;123;13933
4800;-6534;6649;-1130;5260;1454
274;1177;7933;-2976
-9111;9129;13051;8732;9183
9600;3856;12405;3830;-4392;13880
2184;-12698
15340;-17662
-9205;14504;13407
2595;-17013;-2805;-5806;2335;14271
-3778;-10180;5412;11364;-491
11061;-13389
-18277;-11782;11341
14804;8015
11842;-17828;-11816;-10905;2828;-17423
10850;11971
-15650;18004;16377
-8593;-14849;11395;-2939;2349;-10192
5568;-8033;10578;-1507;-9593;13529
16801;4354;-12531;13539;3867;-3197
8739;-3717;6393;-667;-11774;-17712
-8564;-7433;-8457;-11018;347
1267;12789;2280;1720;12973
-12115;9757
-9058;14276;-15769
-14649
-13192;-2763;1691;4652;-5038
2195;171
-3589;18247
9425;-2370;14263;5628
-10905;17033;2938;9692
1907;-2346;16602;-365;-5230
-17857;17872;1840;16692;-9034;5151
-16763;5002;8539;12459;-15712
-17209;11691;17532;-9630
-14721;-5908;10052
953;-11530
2481;-17941;-15015;-5399;4999;12105
-804;11382
-17810;-14389;-9958;2790;-4492;12798
4946;-13396;16052;-18183
3249;12092;3436
6493
2673;10002;17941;4552
14370;8511
-17588;-8104;4890;10207
-7905;-1668;2739;-6181;-7561;9981
4729;-13405;-1821;6029;-14320
2176;9921;-2532;-6389;-2613;-2967
-14694
-10598
18050;2792;11052;-3037;2941;7471
15491;7543;14553;15723;11518;-17359
-7365;2069;-1513;3595;8524;13487
7617;-13591;-3131;-14381;8780
-10611
-9971;8200;14956;-10765
4596;12872;-3722;-10508;10846;-7567
12192;13073;9138;17170
8610;-15130
5589;-14858;2748
-18198;3944;9259;7422
946;4482;9288
-4215;-12572;14350
9345;-11094;411;7871
-2966;-13532;5867
-3849;-14976
-17193;2461
-14690;8149
-14593;-3802;-8635
17616;1523;-7561;1545;-15578
-18275;-2853;12186;-10892;13277
5408;11905;-16754;-1365;11317;8334
3639;2920
-1953;-4613
6565
-16971;-1886
-2409;8745;11757;13055
-17348;-1110;17899;-10111
9232;-9621;15159
17216;-8597;2426;-16317;-6047;-3455
14773
-8918;8933;-4781;-16558;6541
6002;12861;-8175
12272;14933;10573;-6608
2499
15217;-4526
-9428;-2743;-2618
-11397;17995
-14643;2402;-16726;-5051;-9451
6605
1041;17156;2488;-7788;1900
-17891;-13646;350
17857;-1106;12546;-6300;4094
-7242;17949
-6803;12375;-7866;4810
-4945;6630;13787;-669;-4094
14809
-13479;-3496;-10937;15480;-14670
-14817
2529
13952;-10593;7941;853;-3835;14699
-65;14151;-9225;-15355;9498;3533
-15218;722;-15750;13430;-17737;3341
15427;-4693
-15542;-14472;-5705;1466;3035
16881;10869;-167;-9228;12236;12926
4867;-17221;-4630;-9336;4988;-9902
3825;-7220;14150
2258;-199;16889
10758
-6663
11601;5847;-4841;-17882;-12477;-17583
17217;-14038;-7207;-10830
-3489;-546;-2636
-10420;-9877;-2759
17168;9016;618;-17662;6845;7071
-1121;10224;-4515;-3715;-2395;-17439
-4706;-13669;-2679;11049;-11804;2845
6034;645
-11909;-9653;-15591;9499;669;8014
-11349;-3190;-3645;3309
9217;-15431;3625
5539;6740;-15431;-11678;4047
17408;-14814
-3060;-15845;-7605;-11034;-10107
9693;-16384
17218;-2333
-16522;-14749
6695
15923;11540;-10456;-14360;-5964;10015
1777;14082;1172;9081;13356
1797;17387;12093
-15633;12577;3010;9493;17741;4093
-5860;13958;-18425;-6445;14159
13608;17678
-5826;12114;-14168;9626;-4703;-16048
15761;-10646;2086;-6808;8424;10189
12400;9748;-4294;9464;3977
-802;18179;12036;-12935;-10247;-8857
1104;-14022;-5817;1706;10302
17072;1432;-11775
-10724;5700;12024;-270
2642
4827;-13084;1518
756;12118;14345
-6740
-6741
5296;1072;-514;-15203;11994
-51;12163;-1158;-2295;-1917
-15028;-10196;-11367;1176
-15946;11274;10556;9052
12069;2054;-14551;-11608;-17593;2398
-4341;17577;-10170;14122;-15404;17262
4892;14156
8261;-5596
-5636;16810;11562;10749;-17983;-4640
13400;-16080
5129;1647
-7220;-15289;-7563;6911
6418;9703;2087;13144
-11127;3174;3273;-15802;-14971
8320;-16929;2177;6332;-17901;-5166
-406;15383
-8231;4059;-271;-6447
15457;18373;-4205;-14639
-15139;-2356;4149;-15547;5709
6132;5534;-4864
1091;-8212;-8805;-698;-12058;5487
-15409;8273;-3774
-12337;-6468;11987
-1747;899;6970;-8847
-16113;-10116;1524;5596
4547;10520;-4143
8727;6295
6545;13393;-14786;-2603;16570
-3173;4837;7126;9031;1305
17602;-6332;-479;-17631
5442;9591
-2747
10941
2419;4429
-6851
8727;-11485
-4225;3384;-9452;17149
-2768
-15746;5564;-6397;-4926;-14032
-16483;-10263;13017;6863
-661;-10302
-11721;-3338
17460;-15013;16709
-11398;17637;15882;13420
-6872
14834;-5459;17978
-10970
-1956;7175;-4398;-11791
2778
2779
-10787;7138;862
-10998
-7586;8970;-15532;16076;877
15233;2;-3270;7228
-6401;-7944;3336
3890;6291;-7366;-2716;6815
17529;9866
2530;6963;17902
12035;-1020
-14243;-11942;-12824;-2232;9741
14049;4630;-14074;-11535
12161;5768;3627;-8014;13870
14400;-2024;6846
-882;-1639;-408;13963
6940
12528;-13636;5017;11225
-2847
-11041
10577;-17442;12953;-9403;2443;16014
2868
11060
12195;-11738;17642;-7038
-5162;-5903
-15118;-4143
-7171;-10276;-5765;-12856;14281;2525
-9426;-1028;-9431;12910
-7475;-12311;6855;-7309;-7215
-8145;3589;5895;-2744;7370;-8846
-17730;18210;10594
-15174
6981
-2887
2480;2466;9387;4860;77
13698;-11252;-17622
-8177;625;2919;5402;-3661
816;15796;-14837;-6123;588;-15519
17282;-7752;14999;5322;7162;6844
-13366;-6759;-3258
7201;16182
16480;-11282;-8104
2900;-8360;-8569;-16105;3065;15966
2910
12107;-12733;-14574
-1834;7116;1037;-7903;-13616
-3889;-4978;13733;-11688;9530;8397
-5985;-16882;16891;-5549;-15966
3537;-9898;-8848
-11878;2982;-6313
12211;14471;-13550;14366
13264;-6246
-2924
-8615;-14795
-4668;15790
-2934
-2738;804;-5175;2602;-2524
951;9240;15210;-6414;334
-6281;9337;-3947;-3916;3036;-13456
14520;-11865;-9691
-13491;-1991;8555;-12237;12125
-14082;9433;17931;1949
3460;8820;-37;15848;9752;6061
1312;-1269;6247;15019;-13296;-15056
10913;-13427;3107;-10859;-3004;-6064
-6615;9566
-563;-16807;7182;-9152
-7056
7058
-10257;-5745;-10386;-13446
-11857;6033;4722;4730;7534
2659;-13461;12021;17575;-7632
1393;14114;5736;17208;14907;-5326
-16114;5284;16742;4279;-16107;8894
11179
3907;-7;7704;7769
-14609;-6242;3574;3437;-17823
-13922;12755;-15600;5583
-3716;10803
-7092
-14948;-340
-9638;12638
17072;1328;-10275;-17944;-5471
-3003
-16692;8409;1183
15291
-7156;-17701;13821;-160
7072;-6276;-16094
-6348;-13805;-9037;-4719;-1871
-13025;1820
11205
9744;-16855
3015
-7118
4500;-3094;-16375;1463;8729;11898
-7122
11218
-17700;6475
-2402;8467;2515;9573;-6928
14444;9071
17044;-11514;14093;-191
4869;13605;-3135
-15345;18130;12554
18434;-6711;-15181;16844;-2142
16787;17657;18089;-14746;9801;12812
3057
7157
15927;18295;-7865;3672;9709;189
-5138;1478;-7597
9303;2904;3151
2756;-14728;-3388
-11331;-10329;-14187
3079
7940;11142;-3712
6593;-12788;3109
-3088
-8563;-15012
-6292;-902
-11009;1425;-17235;8102;-17704;8747
-6962;-6779;-45;174;-5871
1826;-11044;-10266
10868;-5384;6126;-319
-8257;-8801;-15796;10932;-1605;8138
6880;7266;-17668;-10820;-15061;-14663
-6289;14961;4597;17706;-11485
11443;-214;9334;-5165
17376;-1300;5750;16647;1503
-18299;-15964;6573
-17106;-660;10295;-6251;10938;-16715
1571;-1541;-10620;3375
-16977;9945;8762;-16667;12443;9710
17828;14920;-17339
-9850;185;-16603;9851;9198
3938;15572
11541;-8413
9186;-1940;-5756;10733;11390
7233
12406;4343;-13612
-9316;16550
577;-10292;16950
-10433;-13415;13687;12633;8859
8724;-14989;7037;14655
9745;-6932;-2502;9158;5963
9673;9855
15434
11073;4366
13232;11396;3103
-10883;12516;5625
-6212;-1050
2123;-5292
-1719;-9000;1388;-2031
-9457;-1729;-6343;-15083;13055
5894;17336;9498;-8828;14043;-1999
-13250;-3127;-3099;1147;2863
-15916;-8238;4591
7290
-3196
-15537;13552;4289;4056;3945;13371
-10082;16340;17420
-15490
-14849;7550
-11402
-18339;7909;13639
-9603;2296
420;15086
-5484;16895
8289;2644;1260;-4877
-9960;13181
-12705;9345;14292;-16394;2238
17765;-15591;-6649;-11210;173
-689;-15114;-14797;-9488
12513;10467;12182;17895;-5912;13423
11417
4228;11303;-14941;3021;4382;-672
880;-13923;13715;-14278;6281
594;14055;-11499;12367
128;-7621;-3930
7135;-14464
1347;10564;-2599;12057;3484;-1134
7522;-16455;1596
-11987;-6151;13775;1119
10193;5063;2600;-11289;8968
-14582;7238
2727;-18266
-2899;17395;7415;14686;-12863
-3541;3212;-17855;8190;-9647
15547
-657;1803;-1772;-16028;-4206;1214
9523;3093;15222
-11456
-740;-5046;-18182;-1815;-12248;1994
-13921;-5762;-3378;15624;-16316
-4436;-311;-6936;2729;-6608
-5170;-17125;-15318;2885;10969
-12887;-10152;2652;-11566
-11009;7413;4071;9722;9470
-449;3701;-15543;13821;-13007
3921;1924;3765;-1898;-11914;-11371
-8210;4073;-11437
3290
-7415;-9655;-11278;4575
-7846;13846;-17488
16420;15550
10582;908
17217;2726;16967;-11962;4397;-13758
11493
7403
5926;695;11959;14571;7021
-3311
-7842;1377;14613;5243;-11280;5295
1169;-3509;12709;-9692;-16286
10562;952
10480;14241;15829;1418;-5872
-12273;-14629;8503;15066
-18177;-2872;13615
7433
2193;4722;2837;-4758;-8333
9297;13522;5498;11885
-7571;132
-4946;-484;9575;15255;8519
-11140;-7733;11432
-7443
15040;14920;6155
-15637
7361;84
3490;-11140;1523;-11963;-18028
-11938;-11604;3807
-12968;-16441;840;-3455
-2468;-14501;-10104;4617;11436;-4621
-11546
8423;-6088;18188;-13071
-3357
2258;15549;1935
7559;5708;813;1566
-14775;-13160
-11652;11540;-9861;-8731;-9232
5106;-12564
3361
327;8380;15135
-9746;8996;-15142;-14990;7038
4578;9846;9737;-16491;7982
-7905;-16338;-6629;-6811;17931
11560
-6753;12480;-3254;-2425;-7835;-3774
8070;-11440
-2340;4533;11510;14023;1048;3273
3378
7476
-9708;14620;10509;10526;6110
16486;10184;13917;3759
-5671;12328;9097;-8272
503;-7722;17644;-2941
6674;579;387;12998;3231
-1768;-5720
10103;-15081;16411;3596;1469;11471
14306;1379
-6052;14757;10278;-11487
13338;12554;-956;-5150
-10094;13502
-10007;-7704;-15528;-17740;2510
-12579;-9317;-4827;12283;6923
-7521
13141;6668
-1637;17352
-17848;14632;3145;15789
-14401;15395;14819;-15080;2699
-17265;-1281;-14435;-7319
-7536
7537
9956;-14421;5644;-16910
-290;-6179;-1605;-4966;-9638;-1247
-8193;-2834;-2805;-8150;-6040
-9122;-5363;1822;-14560;13887;5791
11641
7551
4596;-6503;-8987;14351
3109;-4663;8919;5385;-16208
6485;-14045
-9938;17906;16790;-18201;1004
-12184;15385;-6669;-16384
7563
7571
-10150;-17904
8593;4564;-13676;-10639;-18208;-15072
-2420;-3367;-5305;7613
-16952;13128;-16042
432;5025;-2887;-12714;-9726
-11680
18279;-3578;17465
-6040;11274;9612;5388;3743
-5747;2248
-115;-17412;-8149;-5671;-13112
-14310;10809
-13585;11600;-9712
2561;4550;-11324;-7486
-3508
-17826;15538;4183;9804
14865;5883;3246
-15355;1694;-10335
-6930;14386;-14979;-11080;-7370;1977
-11708
-11711
6789;826
14385;5058;16847
-8851;-12309;-13754;-6394;4522;12781
7862;12047
17825;-14296
-11811;-10742;10887;8119;15276
-10033;15008;-792;5529;-15562;-9978
3298;-17258;-5966
-51;7763;-14244;13501;17054
-3551
6789;14390;-2284;-11245
5875;3875;9509;9225;-16736
-5957;-3525;5627;-7901
-2243;-12469;13864;8285;-13087;13310
10964;-12811;8506;9195
-11763
-4803;-6965
-13309;-10749
3581
-9800;8714;-7360;-15616
3601;-5972;3604;1734;106;12796
-17829;-9885;-16830
-13434;17018
-5060;-4395;1773
-13889;14433;16086;16138;-16894
16274;-6806;6408
8848;-13969;-12994;-6115;871;3384
6517;-10111
-16565;1524;-9493;6535;-798;-5280
15884
15596;-3807
7090;1798;295;-1486
-17571;-2743;1499;2924
8896;8401;-12003;-11382;9690
11795
-10950;9206;7672;-9534
-2468;8437;-7559;-5384;10041;4634
15380;-9254;13868
-6002;2515;-11301;-1143;4125
-13899;5325;863
10384;-6769
2147;-9723;1405;14927;3055
-18354;-12789;-17494;-2102;7342;-1183
-5062;6246;-15548;-3613;-18414
6496;10345;-9083;5067;3087
-14962;11491;-4745;3802;-3309
-6707;12887;13834
-17894;13190;12185;6377;13676;-7519
4723;16788;5158;-8377;-12795;6331
-7734
11489;-13397;-13162;-9050
14838;1963;-1484;-8189;-10656;-8304
-16726;7514;-2621
-6305;-14979;-2840
-2273;4642;-15801;8699;-7360;-12032
1812;10041;17177;11180;9149;-8848
4453;1733;-3368;13119
-5014;-4538;-13948;-4736
-11853
-4865;1048;-5657;-14667
1345;3665;10940
10233;-13900
16471;-18378;12587;5277
7204;-17366;-5802
2257;-17606;9895;13226
3681
-7826;14195;18356;11726
482;6171;9325
15978
-9057;-7045;4219
-9778;10595;-7535;-17455
-5681;-17031;-11128;-8393;8861;9197
-12553;2729;-11645;17773
-5669;1973
10705;3973;13653;-8443;4287
6545;-16004;-12296;808;12169;12473
3361;5848;-15533;-13;12685;-18238
15568;7269;7677;-14527
-1972;6952;-10797;9516
-14465;17366;8990
-16021;13620;-838;9126;6649;7547
3936;-7637
5008;12641;11635;2356;9895;15418
-11901
10196;9898
-16002;9397;2893
-7809
17808;16721;10002;-5096;9337
800;971;10139
11314;-13721;14317
18245;-6550;218
-16583;3800;16505
1861;9607;-13098;17643
-16998;-17002;-6591
6115;3411;406;-2110
1877;2472;328;15433
-3731
-3733
-13889;8754;-12501;-11767;-2058;-17328
10048;10069
-13509;9352;11994
8182;-6631;16490;-17438;4125;-8478
5186;10852
-9283;17141
-16052
-17602;9739
3775
-16161;93
3696;16416;-16276;-13456;-2352
13667;8147;-10468;10533;8151;2425
-4394;-11679
18289;15159;-15470;-5999
-275;3879;745;-16332
12016;17815;16489;-543;-4543;-16960
-11988
7892
-8338;-3652
8016;-13654;-859;13755;14268;6847
17604;-1431;13405;-13486
-11876;9002;2732;-10478;12765;-10047
-17426;-455;7853;974;-7040
-12705;16337;8366
-13416;12856;7033;16633;1182
-11701;14148;744;8238;16959
-4804;-13316;-17604;-11510;3611;15231
-6121;-14092
-11682;17914;-10061
10433;1592
3833
18144;13874;-14629;-11398;-2152
6145;-17686;-15545;-18217;-3594
-15794;-17843;18185;11610
4036;10646;17834
7941
12038
6336;14083;16212;-14374;-18407
4801;1586;-2634;-9885;-10543;-3567
-13586;17638;-3336;15258;13485;-13310
8664;-9357;12749
-15899;3117;-7470
-16945;-12324;-103;-4407;1238
-14210;2149
-3872
-10311;566;5578;-17228;-7056
3877
-14193;18071
12552;1450;3245;8845;10559
177;13253;-5449
16401;-17222;-13420;-13036;6667;-3757
-3621;3972;-7430;-6247;2987;-1743
-7986
-12085
164;-4058
-8545;-4209;11028;-16876;-18061
-6773;-727;1927;-2506;-7326;-13070
-17365;16296;13485;3774
-7332;4519;10811
7380;-10666;7387;6891;13391
-16323;-15208;5192;-14429
-14323;3750;-3434;-13036;-13728
-12101
-919;6471;10603;6878;13647
-15875;3123;12532;-6264;-1577;16072
18432;2675;-17189
8368;-5074;-7219
-14468;-8708;-5325
7744;4834;4067;2276;2852;-17847
-11907;16642;377;2910
6512;-6422;-9528;14536;12953;-5931
5266;4883;-15892;-13765;-3782;-17503
-15397;-822
-13457;-11557;16986
-12249;8316
-5538;-6325;-551;-8634;13018
-13448;12668;8813
-4929;12913;-4045
16229
-5113;-1231;10286
17299;-10629;12583;-16668;17742
3728;-7679
-8258;6358;12711;6379;7244
16242
7216;14818;-4841;14397;17423
-14292;16023;-14776;888
16080;-1379;-6889;18424;-11502;5615
-16255
16259
12386;8180;8971;-17374
3971
-8881;-16627;16818;-15274;5530;10365
17066;16141;11726
6064;18391
-5254;3829;-775;15863;10235;8750
16266
-12171
-3981
1138;-3795;8163;-16725;-13334;86
6424;-7067;17595;-18429;-2512
8646;6999;-9624;-2031
-17737;-2638
-3570;-16806
-14323;5619;-3485
12191
11952;-661;7143;2395;-4542
3088;10169;-17261
12064;-8851;6953;16620;-911;-1392
-11373;-17213
3250;17511;-7675;7453;3951
8208;-1205;6869;-17884
8362;-254
-8009;16122
-8117
-16310
-8122
-4395;-14860;11132
15701;-12712;-8411;-15899;5005
16865;1522;4324;12166;-10365
4369;7795;-16870;10744;-8683;-17773
12227
15585;4947;-8261;-13720;-11197;-11871
-14818;8778;-10286
-16328
-12236
8976;-13866;14377;-5390;18222;6303
-4048
-9334;-7008
8151
8115;-14373;3100;11309
-5714;-13828;11752;-14650;1999
8152
-2004;-7157;11492;-10604;16924;-496
-6279;-9272;-9962;17354
12793;5435;6318
2144;-14210;16948;-18392;12252;5326
-5138;13013;-8215;4409
-9430;5047;-11980
15028;4773;-13626;13197;1087
-16901;-3175;8792;-12942;-4431
1829;-3848;-15692;5435
12276
1155;13669;3848;-7081;16250;-15564
2698;1387
16112;-12027
9258;3019
-18186;10394;4634;11340
-15329;-6161;15395;-2091
-15635;-4841
-17082;4795
