-6611;4243;-16007;-857;-4011;-17723
-12297
-12299
-18260;10020;7464;10153;-13051;3662
4114
12656;7842
16194;2052;-8005;13685;-9224;-2392
9489;-6616;-14105;6571;8779
-8216
-15672;-15688;-13819;618;3196;16764
8726;-5176;-8521;847
-11025;-6233;-1419;-18219
-4792;17112
-10786;17972;1892;-15173;4245;1883
-17426;-7764;579
5376;-17700
4133
40
-9953;4086;-14440;-16601
8241
-12945;-15781
-17089;-10148;16197;299;6591
-8248
-14801;-5217;-1098;5129;-12475;-4364
17549;2989
-15543;-5321;18028;15182
4156
-7843;-7973;-7948;-16780;-8669
14817;-5796;4149;7738;-8560
15664;-15728
-689;-570;-16171;-2285;-831
-4473;11900;9023
17226;5723;9885
12257;16484
-8264
4626;-8794
10629;-9581;-975
-18153;13981
-17416;13241
4179
-5106;-6135;-6043;10779;13131;-6541
-3048;-14648;17784
4884;-4796
4185
-4190
-11351;3689;7565
-5031;-7736;1704;-15705;14380
14018;-5726
14518;2956;3117
-658;12675;18053;13566;5854;-16608
-9042;4831
-6838;10204;17228
-3953;-1265;-11282
18163;-8377;6714
6569;5835
13793;-3058;-13396;-5652
15348;-9143;-16411;-10397
7760;-2804;10005;-18375;-17194
325;-10234;17435;17181
-5234;7401;-10495
3716;-9336;14075;-17821;13598
7272;-13098;-9227;-17694;-5967;-10576
5972;-10742;-12856;16538;1231
15216;-17479;-9416;-16136;-9929;17115
-4759;-12971;1197
-15393;15536;-1395;2811;16156;-1183
-7956;8579;-10821;17917;17006
11092;1110;15435;-4847;-14448
15274;-15120
-12445
-14706;-13396;16695;-9113;16266
16452;12378
-11283;-15461;-14375
2277;10169
11968;5458;15501
-10980;-12132;8023;-2809;-10938
2628;16436;12701;-8158;8302;17407
-12052;14168;-10474
-2083;-9877;-8687
-5586;10713;17915;5388;415
16801;-16291;3447;4408
-176
-16560
-2338;-6197;-13224;9295
-7041;-13930;13658;-12144;-5296
358;17502;6895
-15942;-8815
-12887;11480;-12393;-10958
10016;-804;16533;14263;-16378;13417
6401;13879;-16555;3562;-7103
-14211;-6725;5318;-13247
13027;-9028;12374;9079;-16665;15981
17939;-1357
353;-98;9170;-5131
-10097;15651;-1381;4246;-16811
14885;-15404;718
-8392
-8394
-2245;-3352;-7149;252
-12755;-16125
15190;-17644;-14926;17390;-8416
-12898;7667;-6230;-14382;17437
3600;-8466;-16274;12324;-4151;-3631
15748;18375;8889;-18221
13573;-15834;6573
9013;16917;14726;-14491;-12651;-1006
-12511
1888;1955;-10134;-13784;11660
16741;-8617;-8443;17036;-12398
16467;-13349;18076;-3117;-12670;-17920
-16801;17025
16609
-10166;13911;-8024;12696
13777;8007;-6779;-18223;-5200
289;15425;-1894;11097;4971;-9181
8679;-13003
-10609;-14197
16544;13825;-643;2486;-6107;10990
12860;-12624
-10067;-5923;-12310;-17000
652;-16847;7759
-13977;18318
3280;-11493;9932;-14254
16631
-11206;-4822;-12905;7308;-3199
-255
255
13696;-12962;8419;11582
258
12547
10822;-10560
12551
15776;4968
269
-10418;12309;2470;-16201;-8910
1549;-5919
6582;1511;16759
-11989;8362;-17131
12565
9824;2099;10132;-1974;8694;-16206
-14434;13282;17415;-7338;7742
-11493;-6551;2344;-2444;-10813
1748;4613;15289;-7487;-1584
-8484
5737;2748
-8001;3606
-8339;-8665;-16064
10386;-10087
-304
-17826;-4953;-3867;15978;9934;17423
11138;17559;-16090
-320
6741;-7734;1477;-10618;-7834;-6928
12340;-9670;-3798;7401;14527
16960;13472;676;15254;15403
18208;-1496
-1288;5821;-13055
-11079;2215;-16043
1636;6888
16352;864;-4482;3015;-3129
-15077;-1640
17793;-5298;15858;5416;-4298;15919
-17691;17835;191
-4930;-16488;8794
3187;-13365;-2629;-13259;-12427;9485
17508;-3621;15205;-1368;-2810
-11255;-4231;-11161;5434;-16956;-11328
-10819;12486;-203;-8012;-8621;-9759
3489;-8501;-15821
-3843;18179;-6965;-10458;-1468;4909
8546
8577;-13030
16995;16981;3736;-8426;-12544
11027;-15371;-10203;17085;-14224;11327
5605;-5895;9865;-14334;13310
4456
5008;-7193;44;-14605
4460
10114;229;-4460;-5519
2354;15330;9315;18246;-8015
-7077;-4237;-13631
16195;16165;4874
-6437;-4021;565;-2923;157
-15446;-1310
13288;15757
2000;14758
-2644;16679;-4750;-4814
-1475;8852;3499;14077
8253;8125;-2287;2671
6160;-7750;-1546;11707
7179;-9516;2719
14503;11063;8346;-3006;2254
5014;-4622
-18210;16738;5956;-454;12746
-13545;9055
-14503;-6375
-14210;-10306;10325;11973;10808
-947;-9129;-14908
-4467;-16421
7296;6320;-5460;12074;-11630
-12698
-10906;16858;10844
10961;-5479;-811;-16719;-8848
1569;15060;6292;6167
-16643;-5733;-10662;13321;-2027;13135
-12708
419
-1127;12076;5855
-17137;-17459;9594
-429
7056;8952;-14298;-9103;16014
6993;-1143;7463;17839;-14336
435;8084;17751;-9449
16822
15858;965
-8934;-2970;1449;349;-14911
-18406;7166;2606
445
-15028;2757;-9289;11307;1198;-3679
16496;-9921;8354;-1229;77;15342
17409;-7828;-14127
-6049;-7507;-15816;7705;-11551
13489;11538
4930;-4475
4897;6917;-17629;1261
15280;199;4264;5292
3716;14905;-10955;11676;14750;15519
8652
8385;-3822
8113;8178;-6629;-9834;639
8661
4565
-10790;13493;9799;-3838
2067;-3206;10679;12090;-12860;-9245
12762
16720;7493;10773;3083;4507;-9326
17923;-5573;-14025;-17066;-10416
-5653;17366;-6825;16856;-8971
-10312;-15610;16809;9599
1316;-18279;8857;-8766
-4564;-1365;-17804;6859
12497;-9285;-10203;-10859;15227;-1965
8683
-4592
496
-6049;-13096;-14121
-994;490
6800;-3257;-3596;13948;-14400
-7361;-898;-8634
8256;-10434;-17269;17658;-10077;16479
-14532;-10567
-18327;-15592;-8827;13550
-14758;10138
4620
-245;13061
452;-10935;-16280;3000;10600;12634
17842;-12952;-4361
-16699;-16605
8727
4261;-16009;7113
99;-1301;12165;-18169;-4303;16143
15489;9627
-3507;-5802;574
-4792;-11579;-12845
8576;-6433;12786;-13973;15974
-549
-3430;14454;-8313;-11247;-8304;12191
14496;15985;11035
-13777;-8613;18260;-9035;987;-4768
9876;11192;14971;3020;-3581;10142
8756
-8392;7820
-3107;294;4025;-4012;15659
2002;17991;16936;9164;-4559
-12204;12971;2479;-7920
-12871
915;-5596
-4684
13938;-8188;15547;13196;11150
587
-4148;-813;-12016
12104;-12697
-12888
10992;-10391
-4699
606
15237;5850
6369;-6563;-12704
-8695;8077
-11087;-18208
2289;14772;3285;5878;3464;-394
-4411;14332;-14527;3983
15045;-15672
4308;-3671;855;-7211;6347
16064;18098;10852;2613;10348
15923;12579;4903
-3073;16881;5938;2100;11291;8461
7440;16935;8428;8796
-10066;14455;348
-8898;-1763;1722;13676
-10388;1551
-292;-5636;9379;-9253;-3583;18222
11921;6741;-6794;138;-12652
15760;-5441;3619;-18261;2916;760
11120;-5522;-836;5861;-11273
4945;-17883
-2065;7111;-11147;6491;16652
8245;5416;5097;8843;-6462
-17447;-1336;14026
2739;-6645;-3383;-16088;-18153;-4190
8353;-13267;9253;7319;6585;-13483
3745;9265;16884;7636
-12957
8941;-8272
-7946;890;-5100;-8492;-8702
-14617;9688;12396;-9133;-2719;-400
17104;-10452;13283;-10058;7195
2387;-7173
3408;-329;9401;11674;13083;8511
-695
-18353;18066;14082;-12584;888;-6891
3261;16846;9262
12986
12988
-6595;-17033;15496;-15356;-18174
-11546;7354;-3197;2108;-7710
-5475;4772;-16346;17818;2317;-3792
-12805;13511
17095
-3954;2902;15015;3976;-17228
-16866;-12882;-10058;-10062
8720;-500;-13031;13718
13170;-166
15536;17235;-3349;-17693;13565
4816
-13446;14168
-11671;-5440
5840;6227;13243;-7629;11725
-2466;-11075;-13140;-10923
11635;-16654;5759
13921;-893
-9362;-8678;-17079;11752;-14651;16795
742
-4535;-4400
-14199;1167
5249;15809;2119;-13983;3839
745
1616;16542;14494;9055
-2097;-18036;8771;7284;-17150
-5762;-18213;6841
-17730;12879
17138
-14321;4978;1314;-647;7918
13047
16050;14659;6038;-15503
1297;4133;-13543;-2153;10139;-12926
-18301;13439
15168;10129;-4171;123
10146;5;2908
2613;-10631;3150
7650;-1481;6891
-5635;18134;-17719;14185
8870;-13743
-4872;5309;2957;-4176
-3154;-14837;8555;11564;6845
14674;5989;12681;12493
-8617;12809;-4976
-13698;14285;-5471
17458;-10873;7113;-4719
5552;11621
13059;-15962;7067;-4957
795
6259;-7056
-4423;-8664
-6583;-6504
-14808;-10568
805
-16229;-744;7417;4653
-6950;7757
-6229;7612;-14480
-4021;11269;11719;-5864
-7793;-4787;-12373;-13609;-11407
9195;-14109
13107
11462;17719;11015;-4538;12892;-14958
-17377;-3458;17969;7787
-1714;-6709;-6888;-2253;-11935
17211
13496;8571;15628
16642;-16358;6380;8156;10590
443;-9470
-12697;8552;1737;-6588;8331;9693
7778;-3797;8454;1593;14427;13343
11458;359;-11065;13961;-11708;1935
240;-18311;-3369;-6938;11149
11536;-14188;15789
-13140
-13141
9633;11700
-8881;2886;-13420;17149;-17359;-9903
-9009;9868
-3377;-3010;5525
-17701;-7498;9021;-12174;-6191;-15472
-2370;17622;3494;13400;-10800
-17778;3299;15350
12216;-3152
-15059;2915;11748;-1061;-1177;1754
9572;10958;-11456
-11658;-5611
8102;-7146;3277;-5118
11297;-16279
14755;5443;-268;7357;6366
889
13458;12009
892
17832;-10813;-2030
17175;-5208;-7579;8798
-17315;-5124;15107;-13995;12251;8175
17777;-490
3446;10678;-5881;8680;4463
10800;-8088;2107;-9823
910
4322;17778;-8612;-8480
-2455;-12813;-14319
-18289;-661;-14735
9110
17305
1985;3717;3174;714;9867;14237
17312
9637;1126;-7480;17001;-15259
16134;9259;11532;-877;-6446
17856;-8198;-4630
17319
17008;1810;-9684
4865;12467
-17343
-17344
-961
16768;5492;4650;-13661
-6087;-7166
-17351
-970
-11330;17697;-7412;-3912;-112
15473;10418;17843;616;-18059;7451
6128;-6134;-971
-9237;5541;-4745;3368
4435;-2677;15528;16011;-17710;18159
320;13284;12933;-13270
-981
880;-14210;1133;7118
12465;12435;1700;-7845;12199;10990
2115;-13144;1848
18195;-13285;-12239;16510
-991
-12195;-17472
4632;12747
-999
-2243;13469;10238;12303
14610;-9514
-290;10459;-973
11502;-2303
-3969;9075
10611;18262;-14168;-5503
11923;-17031
12448;4951
12834;-12711;5214;-16032;1487
-9210
-16609;9203;36;8874;3610
-10337;5221
17636;10933;-17578;-9967
8256;10484;8197;-11434;1993;4010
1031
-5129
-16466;-953
18259;14467;1077
-946;9714;7988;10872;-14303
3776;-18434;-9202;-4617;5259;-14685
18192;374;7783;-3881;11341
-9809;3910;-7432
11672;5577;-42;220
-16739;-13191;18023;10429;-3662
-7289;-17804;-4624
-16291;17218;-10596;-6294;2630
2976;841;1323
17794;-5126;-15786;-6123
14304;-9124;-119;-8713;718;16270
-18373;5988;12486;-7096;16237
12913;-12131;-10026
1053
1776;-15120
-1061
-2643;-14806
14626;-3495;-7351;-6969;-7262;15614
-8286;-5071
-7745;6820;1994
2272;10405;-4423;13126;11339;-7068
15506;10148
-18044;-15964;11372;-3023
2404;4347;2524
-1268;-16806;606
-9278
1088
4464;-5126;-17305;10538;-18237
13379
9283
-15698;-14067
-4947;4102;-2574;-1776
18265;-4875
-14278;-15962;-18301;6477
5713;-6323;13175;16695;-13321;-2541
1111
617;8347;12347;8476
-10739;-11109;9433;-1868;876
-7732;-13306;3534
7616;-14770;-17026;-1130;2316;-2704
293;-17479;-8936;-3677
1128
4919;-9194;5449;-16047;-10832
14498;11174;-14665;-12908;-11168;11935
15793;4307;-4148;-6624
16482;3285;5945
9686;13542;-1913;17593;11386
-6595;16437;-12697;8094
5242
17533
-13513;4169
9345
-5106;308;8918;8344;-6923;11999
-12339;-3272;-14219
-9351
-51;5314;9989;15911;6862
17238;-16077
17899;-8544
1166
17122;18370;9592;634;14779;-6080
-2868;11639;2202;-16239
17556
18290;-17117
16339;-2677;16823;-3209;2572
-1179
-18266;-1787;10474;4301
-5924;10372;-7846;3385;9387
7460;1236;-13561;-1291;9132;-1790
-5098;-16571
6363;3019
-3347;3108;9627
17488;5760;-15457;12566;-15065
-9389
9389
-13486
-2952;11320;-9567
1199
-7712;-13328;15743
5552;-17410;-13670;-8442
14612;11165
-1203
633;8761
-15094;-6249;16043
17589
-1210
6480;13307;366;-14848
-6724;-11317;444
1214
9408
2551;10747;-3885
-12385;-6932;-10580
-16675;17900
15408;4433;-7811;-10484;835;2941
14240;-13589;-18026;-5423;2158;11215
-17169;-17333;-10119;14713
5905;-9045;12572
17625
2816;2525
10272;-11621;-4373;379
15008;-7154;13638;4332
5132;-14574
6416;-15698;9094;10811;-9373
-16337;7889;2871;2087;3514;13517
16280;172;-11102
4576;12817;4342
-17865;13673;11274;-8031;6303
-13650;499;-16780
-9451
4215;-13401;-12554
5570;-11165;-17822;925;-7742;16685
-13557;12296
1265
-5371
7969;10434;-10739;11895;-14940;13039
-17739;16463
-2979;10392;14348
5378
13572
5385
-13579
4016;9716;-12647;12495
13582
-12753;-5417;-3961;-11932
9488
-13588
-10180;18309;-2090;15306;-10380;6719
11472;2162;-3672;-9711;-13712;8063
4389;-18375;12683
18434;-1383;-16136;-6590;-12015
7217;-8526
-18152;-2778;-16350;-17279
-1345;1731;-9992;15576;15292;-15855
5200;13312;-9008
1884;-3198
-2882;-2436;12919;3305;-12223
4054;17743
-2404;13860;-5975;12234
14055;-8621
-4002;-8205;-4973;-14574;9934
1342
7732;-17273
6633;-17279;-7087
1633;14209;-3399;-2424;-15468
17738
9783;488;11565
-6564;-11573;4820;-12619
1986;8915;-12120;8381;-16718
-14098;14883;855;7048;-7324
-14279;-10441;11067
11233;14709
-10785;11201;-4301;-4221;6735
18017;15540;4683
5840;-12310;11549;-2831;9695;1727
-1384
-3892;17566
6177;-5110;-2454
3201;9430;-3053
-8323;14469;3253;2710;4655;17391
8946;13874;10057;-15104
-13680
3763;4756;-9913
8132;8662;-9753;9384;11448;-6000
-10705;-11508;12069;10316;-17952
-1265;15936;-2306;14748;2958
-3;-7319;1350;11467
13690
13694
-2833;17410;1608;-15067;-18063;7343
-5512
3777;9426;-13656;5964
-17618;3091;4917
-6710;12223
14696;-14058;18252;-13376
5715;-2133;12598;-2473
-18029;-12063
-4433;-6613;-18149;13734;-4423;-14312
3968;-15821;-5968
3522;2010
7632;4880;10116;17389;2382
-11556;-6268
5535
12209;16101;-14119;-10734;-2015
10579;549;12007;-5304
-4643;-903
8788;13145
2512;-3967
-1539;11189
-10036;-5096;-3832;-6987;-8284
14532;4213;-2347;-15612;684
1472
1312;-13361;16529;-16789;-13742
17312;12690;16534
-3138;-4789;7780;-9526
11776;15560;-10795;9515
1481
-15426;12259;-6518
-17467;-4509
-10021;15613
13648;13584;-1671;-3584
3462;-2728;4826;156;-7215
2964;15194;-10108;-13645
-1502
14834;2887;10585;6188;-224
-17428;-247;17369;-13485
9380;8101;11768;15806;-14880
-17697;-18287;-14672
-5602
-7619;13221
14514;-1958;6405;3925;7293
11574;-9630;15950
432;-1676;-8461
-7443;13051
-5610
-12577;-17688;78
12021;14074
9719
8624;1668;-7368;-15432;-6136;17113
450;-15705;17961;-4239
-13822
13822
-5632
16899;8820;2953;-7723;7197;-10224
-152;1690
-9733
-12616;-10077;12956
-13834
-1169;14230;5878;-12268;-1261;-6958
-8517;17813;-13353;1645;9885;2270
-12756;-16853;-4012;-5694;-15488
16473;13756
5922;12022
13849
1121;4517;5817;-10699;-2320
-17954
1911;17658;-11484;-10126;6478;-18304
-12578;14157
16449;10861;12783;14735
-11362;18066;7167
-5747;5451;10076
-7559;-14510
1589
-17268;-1909;-9749;13878;18314;-1676
-12200;-18063
-401;11472;12547;-14664;4926
13334;553
8336;3556;6277;7942;16792;16043
2033;1412;-15865;-3370;5994
-14645;7610;-15052
5703
3617;18290;16568
2819;16089;-5837;9023
6581;4759;4647;14106;-17883;5789
-13905
8162;13934
-11987;-4661;16021;4520;-18363;-7628
15248;-1334
9819
8961;8021;-3067
-16153;-4858;8842;16316;-13968
-12979;-9132
17700;5269;-7000;10973;-13023
-1632
16955;-15324
-3172;14932;10213;-13099;61;4990
-5285;6187;-16940;2109
13928
11883;7758;-13904
-12901;3913;-17232
-6484;-3252;10262;-2170
3952;18306;10918;-15146
9839
-5521;10178;-8420;17699
-13940
18037
-9851
-9697;18260;-13656;-8698;-8350
3107;14117;6247;7373;-4608
4467;1267;-14341;-13534
-18046
-7875;-16133;13640;-13357;17967
-5330;-10777;6251
-5762
18162;-13331;16136;6571;-3598;2303
-5538;-229
-9781;13365;-14456;6585;-13099;-669
-16501;-2293;-7453
-15202;5339
-5508;11719;-11979
-18396;-10092;-4269;2413
1091;-14569;9181;-1471
17075;14276;2744;-14858;15578;3723
13585;6529;-9991;-11501;15342
9868
1249;1489;-4710;293
-17716;-17430;-16247;18231;-2458;-7024
1695
-465;17184;14867;5476;-17477;14879
-4529;17568;13234
4210;12694;-15207
-14758;-14600;15402;-14558;14527
14373;-9545;7114;-2047
15444;-13741
-6899;-17812;10717
-3202;3697;-13499;5642;10908;-1840
-1011;-10996;795;9503
-16177;-14468;264
9173;118;-5005;-14192
1715
4295;13805
5812
-18104
13904;3203;14214;14055;-8891;-1996
-14824;3164;-2350
4007;-3098;-651;-1981
16545;-2435;14005;18197;-7724
15913;-17179;15278
-12963;-4708;-14908;-18301
-7762;-5139;14635
-9929
9331;-7594
5430;6362;1452;-14990
-4977;-2789;-5383;-4616;14378;5132
5589;-457;15129;7567;14879
-17793;5972;-4440;-12953;6984
5847
-7459;1973;-17050;-16080
-16693;-11175;-2559
-18067;15480;14923;13997
16402;8435;14631;3928;-17056
6881;-10758;9737
11648;1700;-7926;4536
-15138;13339;31
8641;11620;-230;-10423;15016;18105
-9905;5957;-4879;-1136
-2433;128;2813;17646
16610;3847;10520;3770;-12496
482;15348;-11895;663;18121;11821
-12477;-5680
-14062
-7029;-15000;7901;9167;10831
14467;3251;-8488;16423;2616;-10111
17008;4899;13541;-13192
4816;12433;11091;3940;4120;-1856
-11638;9718;-6729;-5420
4193;-6692;-14122;-1339;-6892;10783
9973
7394;-14314;14237;-1439
5744;13075;6739;8456;4633
4458;9613
9745;-10404;6539
9890;13607;-7096;-12233;-3594;1213
18171
13442;15619;-14986
7860;2124
983;-15067
-18181
11173;-1182
640;6833;7226;12302;-624
10329;1178;-7582;-15502;5678
1803
-9997
1805
16730;-6732
-7507;-1588;-17293
-5124;-5894;-15371
-10006
9025;-11862;3292;-3854;9311
-14105
-1953;18032;11266;7240
-11923;-7209;12783;-7760
14109
-1826
-5922
14114
-13729;-4482
16896;9506
10025
1834
-3986;-925;-1023
-1985;6627;16563;5812;10985;699
-17457;-12258;-12392;7499
-4826;-17503
-14081;12209;-15426;-3012;-3627;-2496
3876;13272;13388
-4994;-968
9442;-9513;-5337;-8746
3648;-8548;-5159
16114;17317;-12615;-6656
-532;1124;12342;-11545;-3353;16126
10289;15768;5115;-17007
-10474;-3693
-13426;-11141;2207
1970;435;2261;-6941;16444
-8721;3334;4071;17723;-10429
-10053;4074
1885
18271
-7074;16282;875
737;2593;7073;-5452;1036
8804;1879;3498
5992
-9634;-7299;6808;-16350
-10436;8536
2466;-5622;-14427;-12991
-14739;-3551
17809;7106;-14310;-12536
6027
4673;9547
-7522;10054;3498
14657;16978;15974;8106;5403;-1839
-10920;8984
15301;14422;2487;4826;-2332
104;3961;-15454;13326
-9941;9096;-4777;-412
-10898;-15285;-18317;-2495
7057;-676;-4549;5576;-11626;6159
-16659;-6709;939
2832;-17555;-8539;-31;-14336;-13472
-6046
-7074;-4201;12429;6317;14959
-3122;-1970;7045
8770;13751;7177;-15866;16283;-11776
3463;-969;-539
-6053
-11923;15319;-1737;7306;-6445;15823
-10154
9443;-5942;11863;-808;-11610;11306
6016;16429
-5254;5784;13724
3400;-12457;-17626;16283;-7952
6114;-12334;16382
272;9120;15942;7949;-14928
922;1050
10167
6073
18363
-6077
-12834;-11127;12089;-6092;11886
18227;-3957
8118;-2040
2070;8108
-14922;11834;3819;14092;15646;4287
-5573;-16665;14904;17515
6226;5379;-11591;6072
10184;-4094
-14284
-2820;823
-7954;10662;7486
-14291
-11000;17099
14293
17922;2054;-4778;15291;3405;-7312
-10204
15522;-5144;1258;1821;-3248
14306
4210;-6229
5463;4751
-5094;-18024;-11353;-13759;13438
-9495;-13384;-10601;2776;-18105;18110
10096;-10642;-13771
11282;-17108;9733;-10856;-15560
16931;5765;-11990;-2767;-11120;-2944
-5585;-16706;-16611;1478;-7788;6317
-17272;2952
15523;-5125;1270;-9545;-17884;1438
-18421
-14330
-12568;10525
6139
-10237
-18431
13921;-7778
-9832;-12698
10244
12001;11925;6799
5749;11269;3531;-10302
12235;-1984
10048;-13832;1900;8045
2066
-9352;-17292
-7026;17524;-16390;3324;-11790
-12054;9981
7179;3086
-14362
4644;9844;-4222
-10040;3867
-6901;10599;15672;-9098
3944;-18315
-10786;9859;-11412;15670;-9517
3123;-6636;1420
-3553;-1070;10813
-15203;12292;-18133;-9724
-722;12262;18167;17257;-18218;14315
15360;9059;-1433;5800;-2492;-16000
-10551;12655
13216;9361;2233;17372;-15501
14394
14405
-1654;8103;-4329
12290;2002;16503
-15969;7366;2377
11584;-14804;17640
4017;6167;-12319
-12113;14087;-13323;6734;-18000
9504;-9353;-4203;16363;-6080
16545;9573;3157;-11992;-11050
-17742;-1071;-16096
-2673;11810;13107;4533;-3964;-16576
-12948;1286;-8092;860;12655
-13122;-1527;14603;-17312;11119
2142
-15105;17251
2867;-11158;1111;-9034;-15707;9294
2657;11719;4158
4768;-9945;-5167
14897;-457
-4597;14942
11656;17433;-6523;-16315
-13474;-13261
17520;-3124;-4493;-16159
-6935;9991;-16841;-14617;-17515;6892
-13873;-11379;14899
-8386;17736;-15609
2163
5489;17155
-667;11023
7043;16837;9623;-2664
18134;13767;15322
-10807;-9626;-1243;-3614;-5552
13927;-11756
-10582;-538;14681;5642;16379;-2928
-10368
-13665;15843
12441;9291;5023
-2183
-18113;2647;920;16731
-10378
-12162;13299;-1525;919;-17737;15019
-10041;-3418;3071
930;-2611;9764;-4712;-9578;4010
14171;4412
-5032;11800;-13068
15332;11483;606;-640
16544;-10935;-8552;9246
7328;-17729
6307
6466;11849;287
8644;5671;-13498;3227;-5644;3820
-17969;-3042;15684;-12760;1020;6653
14512
4535;14074
16483;-3652;-2684;-15948;-524
5387;1917;7213
-15602;2316;15516
-14434;-16471
2233
-11975;-18104;-17213
-6332
-5329;17398;1738;7022;-6304
-14527
12801;1841;12389;-237;-16574;-16560
-15217;14497;6054;-8153;14393;-17916
2247
6344
14112;12715
98;-11320;4872
14429;-12176
-11986;-15847;-7625;-11066;11453;16429
2259
15476;-4972;4043
4506;-14960
8507;6045
18258;16778
-11750;15590;14814
10689;-6291;-12233;-16203;-6908
-10470
10003;13510;-18072;-14570;-5439
-1891;1942;-5323;2988
-6595;17188;2230;-15111
7555;10296;11480;12810;-12252;1071
-4449;-6032
-14089;-16685;-16576
14881;12770;2852;-15690;-17114
6741;-4439
-13044;4007;-362;9355;6446
-2311
-10413;-12557;175
-10510
6415
2319
-3150;-2640;15823;12767
7027;-7739;3675;8701;-2126;13262
17445;12968;3128;15933;-2096
12631;9720;-15932
2330
-11121;11620;-6871;-16440
14624
12080;5795;17399;-8361
-12725;13812;-5478;-10876;-9518;10158
15459;18089;-10250;-12767
-16417;-9158;10938
12720;-10914;-17155;-15531;-11439;-992
-2580;-7964
-1924;14883;3219;-4837;3300
2353
10548
-14646
4084;-10543
2997;-2731;-17067;-10139
12357;3544;11899;-17245
16965;-7498;-8730;13918
-14657
16578;5283;5083
-12978;8359;-17291;-6366;-11343;-15999
-15691;9579;3742
-10423;7403;-4126;17710
2836;1157;-10887;14696;10956
-11809;18280
-15809;-8674;-14550;-16424;12120
8770;5896
2380
-694;-16630;11036;-12479
-10577
-9732;-17412;12196;-18182;-15608;5383
-2872;-13306;-18092;-13182
-15973;9477
14691
-11906;-6706;1813;-13015;6925
5952;-7666;-5462;-1880;-9738
1712;-11538;18331;-927;11215
10517;14005;-14616;8764;16510
16240;11265;15612;-7936
-11556;5044
1936;-3588;-13545;10462;2319
5140;-15749
166;2253
-9282;4119;-15550;1901
6227;10419;9460;-2309;1079;-18352
-18230;4599;13292;11967;-5104
9636;-10519;-17932
14017;-8999;-7786;9294
8289;4434;13332;-3738;-9850;6351
-2659;-1765;-2714;8267;-14877;11311
-14727
16341;-14828;13215
-13825;8710;-13100;7581
-15586;15585;2369;8268
-15538;13111;-9224;-11852;-15807
7664;11527;-12649
240;-3086;397
5842;-8295
12785;12690;7461;13510;-11224
5328;16426;1181
1273;-16139;6476;1838
17682;13446
6051;-16295;-16793
14913;-12451
262;10395
-4085;-8733;10351
13171;-14282;4954;-2796;-10716;-9182
16080;1188;5678
-15937;12736;-9065;14735
-10662
-5731;11533;17149
9396;14598;10342;-11383
-13521;-11507;7611;10846
4465;-4178;8595;13757;318
1680;-14207;-912;-9520
6787;-17573;13270
9990;4079;12991
-1779;-6167;-15642;12910
-4137;11898;-15531;-7008
-8737;12324;-10182
6892;-13488
-11091;6951;-10648
7073;597;11215
1552;-13858;17780;-5420;-5773;12316
10132;-1349;-17799;-13968
-4706;707;-16485;-8520;-2173
-12836;-14089;16811;7933;12878
-15976;1181
-6466;9988;15375
-10707
6676;-5086;13215
-13809;8310;-13403
8133;-17128;7225;-17134
6164;8648
-4833;-10466;17512;4507;-9245
-12260;-10746
11698;-11608;-3497;17643;-11711
-679;-14136
-1633;-16306;-4211;-9756;4796
12818;-15702;-10122;3370;7099
12672;14803;-1909;1546
-17201;-1721
13559;1945;-10954;8489;1789
9755;-3117
-12758;12967;6429
3858;-17700;17846;-7511;-1560;11706
2400;-9044
-1570;-13671;-174;8765
4848;18186
-11058;-1621;-2649;8170;4603
18009;4490;4636
9729;16865;17443;7031;-3452
13504;-8134;-2056;2312;-15533;-13134
-18273;15302;2872;-2463
-8037;-6814
14722;-3965
11187;-15845;17997;5614
-9283;-13768
-145;14132;871
-15477;-13080;-17097;17068;17820
10767
-5747;-9119
-12692;-6185;14537;-12939;14700
17394;-7087;-3632
9666;-8661;297;17662
6544;17441;10244;6645;10860
10775
14806;-17390
6946;-9531
9366;-6776
7047;3147;8011;-15613
-6599;-8619;12623
14884
-8338;6058;13439;3727
2599
17907;15812;17940;15080;-10889
-4870;-14126
-2449;10242;18070;1325
4145;-10857
1781;-12942;-1887;10431
10546;-13164
15168;17045;-13211
-6407;14759;8584;393;15370;-5504
-6716
17590;16839;958
6694;8775;7631
-10813
-8297;6923;7308;-15615;16223;16559
-14562;7844
881;9986;-5083;5946;-10301;17582
3591;-6221
-6577;13304
864;-12581;892
-6340;-4532;-11496;-746
-6739;-8423;239
5076;1654
-14925
16658;10549;16389
11152;12560;632;11339;17805;2398
-8903;12473;15260;-1997;9966;-3680
17264;3913;-6250
-9019;2283
-11138;-12771;4838;10731;-7646;-3040
-1670;18151;17208;-10560
16275;15396;-8917;5652;7014
3011;15572;3560;-2111;15391
-10689;-11943;-9159;14744;11066;12734
9207;-13064;10969;-9774
5233;12153;15948;-14032;7935
-17441;-3331;18344;-16619
-11227;-11452;11822
-17666;-16099;-4659;-12056;10776;12461
10860
-10948;-1752;6298;9070
-964;-5000;-1450;-1579;-1869
-4705;-3230;-8270;9439
290;16005;7095;-2410;3019;-13133
18306;12994;7910;10409;6303
8640;-682;9964;-2958
17809;11028;-10741;-7927;4664;-8061
16786;-8789;-12566;15438
-6778
-9940;8437;-1180
-3302;-8616;17581;15966;-14848
17253;3256;-13019;-1836;17515
11890;-17255;-343;-3659;-13804
-6791
12930;-15268;-2966;1691;-9037;-10527
1355;1342
2294;12473;-4539;16955;12383
3232;2584;5080
17650;-5134;13326;9631
-18132;-15464;18282;43;10491;-10220
2896;1298;-9671;-10936;-10876
4453;7657;15181
-17827;117;-7543;-16857;-11514;14044
16609;-7570;12536;-6572
2719
6896;-3921;16034;1077;3116
-15012
6976;-11220;-937;-9833
6824
-387;-7479;11913;6873
-6819;4402;6003;11431
-16661;12888;-17642;2299
-6438;12678;8782
15022
6849;2981;13386
1521;5457;-5220;8697;-15100;-10381
-15665;-6502;-535;-11673;-2045;-3184
13042;-7480;1274
14689;-9075;-9591;-13262;-18272
4203;10827
7811;-491;-18255
13650;9480;16477
-3121;-17718;-12888;-14074;8189
5953;-4835;9146;3307;-544;-15776
676;6169
15795;-408;-17098;16748
15038
-2756
-15731;12674;-13257;-2826
-17857;-4835;2114;9076;-12218;-15900
-8194;5206;8346;4907;-13021
18400;17874;6340;-12135;-8009;17150
-2758
4176;1128;-15484;3324
15169;8422;-8504;-4203;-6206;-7439
10116;409;-2636;11358;-15503;-10608
-1794;6550;-16957;1021;18045
7986;-1723;-16444;-13069
13496;9754
-6117;-4847
-17123;-104;-10123
3776;9178;-14383;8303
-10974
15071
-12422;8232;-10811;444;11773
-6595;14020;12741;7704;-2605;14382
-16794;-3836;-10832
6889
-8739;-6324;-10582;-9482;7196;-15824
15083
-1030;17639;14859
-3139;-534;6396;6605;-12127
-10327;5031;-10683;891
-6896
14003;2693;14949;-170
13088;-16228;10042
-2809
-220;-2591
2496;-1954;-3077;8680;762
9937;-16679;-16392;-8352
-6161;6081;12005;-1111;-12024;-5709
3735;4008;536;-6027;7722;9243
13238;10455;3321;-15133;-6319;-8399
-11032
14981;151
-16916;-1748;8871;14472;-1835
12640;4629;5927;13783;10030;894
6947
7409;-13346;16877;-13792
-14452;-8149;-13350;-2921;-13133
-6954
-9873;1458;-13944;14893;510
49;-11414;-11094;11319;-4411;18412
3653;1285;14647;9626;-1773
-11057
-4226;-15090;-1675;8379;-17855;-5167
15158
-10929;-14904;2939;-11949;-8989
2875
-5395;-13866
-4835;-6725;16838;-7912;16763;1039
-14582;13290;-1598
-7331;-11541;3691
5266;-307;7366;17369;5914;16442
-3301;-5366;13751;-15209;13273;3849
6997
-15191
1760;6675;8538;14604
17827;17851
17270;4278;-16893;-15758
9920;-9398;10581
3489;-14867;-869;-4298;-6848
11105
14273;929
-2916
-422;7437
15208
-4212;9621;1607
2417;-7206;-4712;-13242;7978;-12732
17340;6060
-11115
-1937;-11715;14324;12599;5816;219
5349;7784;7258;17386;4637;9663
7022
-1809;-18201;-8923;-6924;-16224
-2294;11020;10588
-3414;-18233;-108;-556;-17487
15603;-14104;5535
-2942
-5957;-9142;18042
1398;-12536
-7441;-113;-4839;-13484;-1645
2947
-16916;9876;7798;-15996
2952
14019;3944;-6746;-15995;4638;-2816
-626;-229;-18087;-12700;14
-1623;-1513;-12110
-8338;16516;422;8310;-4921;15544
-1698;-10648;9229;-4223;12367;18415
2964
11156
-1272;-5099;14620;9486;5791;4015
14165;-12344;2347;2894
-2967
17328;7925;13926;-5272;7003;3020
-16034;-5842;-6164;-12329;-7660
-3587;7285;-1611;-17356
-5137;3203;3364;11064;-3162;-16411
-1005;-4461;-14526;623
-7084
-1105;6033;-14914;2087;10699;-9885
-5303;-729;-5150
-3157;3978;12956;1502
16770;12067;-1269
15280
-15937;12320;18132;13253;-5850;-10734
2994
17104;17331;13748;15722;-11756
-15905;4022;-9035;17917
2946;-17463;-9531;16268;10045;735
15969;16641;-15974;-7788;16908;-10464
-6449;-17123;-10852;2745
2245;15015;-6171;16493
-17809;-11493;-440;-14969;1273;15853
4240;-9383;-16505;5161;-14284;-5008
-15299
-6213;-12009;2905;5193;12938;16586
9968;-1987;-12951;5526;10653
-5340;-16908;11038
-5174;938;16619;2923
5104;9827;7886;686
2435;-10933;-5370;6745
10336;-5382;7339;15311
-17112;-3949;11741;-1903
-12002;3876;4632;-3625;11432;15101
5281;5654;6855;-11641;14120;7341
-4760;6727;-1370;17146;-10270;11951
-8945;5619;3236;-2951
17826;-12420;-15960;-16296;-17151
13798;10439;3800;15881;-2604;14975
-1441;7809;-2070;4870;7321;15226
-17111;13704;9513;16362;-811;18252
64;-1681;-11266;-14742
-14755;6019;-9162;-5963;12620
10992;2932;-6217;3535
3411;-7493;11228
-2977;-8561;-11994
-7491;12066;-14564;-6041;-7503
-11809;-14056;7128;-17086
13728;2944;-6626;6833;4305;6446
16872;1691;10876;-10000
7163
13140;2218
-5473;-13811;-2607;10623
7616;-4547;9412;-2838;13913
7176
9602;-12685
-3084
3299;1716;4986;-11981;8429;-13630
-5411;-5747;-16216;-288
14001;11602;1127;16986;330
-16025;-11755;-8076
7876;4155;-16221;11373
15360;11154;11671;9960
12948;5237;-5287;-1819;8095;-7888
-15346;-12251;-15485;3119
11290
-1188;-17799;-6270;10413;-11551;15103
15393
16867;278;-5831;-11884;15967
14112;9478
9105;-7445;8808;-13580
9584;2323;3481;4111
18257;2786;7267;-8806
-13942;-3356;-2207
3218;16287
-8101;-6478;12637;13262
-1169;11603;-8821;-9385;13337;1660
-13714;10243;1236;-8615;13005;9166
-4354;17733;6137
-14418;12341;13238;8151;12494
437;13112;-16235;29;5039;-9616
-15428
11331
-3141
3140
16049;11333;335
-8791;-8648;7592;-7502;1919
11335
-7248
-11346;-9208;987;12319
-8665;-6201;-575
-15619;-12436;13351;14697;-15582;-16240
-6900;16375;16520;-17308;6764
10722;-17989
14435;-8121;-18234;8154;-8301;8893
-3023;-12448
9012;-5541;-14987;17451;-13216
-13937;-2179;-4013;-11728
-15653;-4425;-2203;-5484
11843;-15037
-12950;-3447;-11143;3866
-7762;-15891;3843;16406;10698
-2771;10532;11822
-14002;8709;-18391
3568;546;-9628;12412;-3695
-15494
-15288;5594;-7325;-4221;9838
2885;12617
5992;5418
6209;1671;3531
-15510
3198;286;3839
-17206;13977
1745;-18024;12122;15580
11423
-7560;4328
9714;4116;17833;-12047
-8577;-7586;-1675;8396;-18367
-4133;2676;213;8573
354;1830;5151
3244
-12628;-6919;-5081;-11387
-5297;-7044;16523;10365;3326;18142
-3249
8485;9062;-11911;9902
-7347;13013;-17113
11026;-15881;-3881;-2717
-14770;-6986;2110
11440;14402;-14384
7362
-5298;4950;14518;9579
10048;-115;15483;-3534;-12640;-12512
6467;8724;374;-2087;-6555;8637
11464
13736;13322;-14299;-15996;10606
7270;-3993
-5797;13177
-948;7063;-13497
-476;-6909
-13522;-8406;-9767;-5949;-14797
768;17510;-9673;8074;-13275;3983
9689;-3179;12619;-3550
-3292
-16452;871
-11837;-16032
-13378;2276;-9015;16503;12505;-12188
-15591
3302
-705;-7482;-11741;-16144
18119;8103;16156;-2655;-15935
-8472;-8648;17353;-18251;-3261;-2510
15609
8403;6134;13642;7546;366
3323
-4630;17622;14909
16818;-7363;-3719;-2220;-1616;-5232
-3334
-11848;-7871
7040;10651;14317
-8132;699
-2861;-4573
12020;1206;15478;218;-1006
1157;6279
-3350
7296;-5971;1131;4990
11985;6434;-1660;-5216
-11524;4074
-11057;-9143;1367;-905
-10434;-9307
-15647
11873;-279;1223;970;5547;12703
-15657
-411;17931;14524
-18338;-9611
-11811;13478;18093
16502;-13119
-15681
8736;625;-1871
1475;14207
-3397
-16482;-15588
11592
-10646;4407;-11480;7962;-1838
11888;-9553;3665;7397;10486
5412;15669;-5389
7500
-17713;12416;-13652;-9033
17296;5379;4922;-12862;-3136
-7429;-11127;-9306;-4043;8014
693;-14447;17167
-7201;9995;4716
-13956;13133;16527
16432;15094;-15816
16353;-868;-9373;-7742;5054
-11619
-5041;6289;13433;13321
-2570;-17243
3434
-853;15767;9005
8544;-7538;17746;14370;-3748;-5453
12136;1370;-15147;9179
5505;-16733;-8606
-3202;-4567;4318
-2434;-17401
10483;5258
-11703;18152;1103
10230;-12585;9868;-9790;12190;-13375
-3523;15181
-9043;15827;17162
11659
14843;-6926;7839
4128;7535
-10500;-13452
3057;5745;1585;-13861
11251;18409;-11085;-15101
10117;3306;5468;15628;9021;13183
-15765
-9297;10848;-15926;-12488;-1195
14147;-1064;-7789;10476
737;-15966;-16926
10080;5322;-5292;542;9215
-14696;-1083
-11685
15781
-11763;-12565;6598;-16490;-12396;2157
13092;3893;7287;3531;-14349;2334
-3310;-8111;-9279;814
-14913;-10168;17482
-7539;5140;14095
-3505
-4213;4182;6329;-9964;-14044;1916
7602
-15043;14300;12029;13470;11519
11441;12707;17572;10359;16411;8748
6560;-4588;-14270;-11695
11708
7613
-16291;-9621;-869;-9606;-14519;14619
-15807
-7617
4695;-16105;-16544;-144
4980;422;14986;15885;-16368
-8789;15527;823;-15182
-1254;11017;-6236
-3764;-10954;-13388
-7627
7872;6256;5790
-8279;-3112;-6043;11405;669;8895
-9509;-14510
15826
-13029;5894;6713;3962
2435;13094;4268;-4446;3677;-11391
5138;-5109;7609
-3548
-13714;-14932;-3576
-11425;-7911;-16985
-15847
11754
9616;11793;17812;-17223;10239
7504;-10741;-3357;-1070
-13585;14036;15284;-10711;-5275;12011
-11859;5874;17891;5749;-9991
3985;16817;-10851;14100
12981;-12393;10331;16446;4959;-4176
3796;16790;-15144;10055;7353;-6987
-7677
6868;18342;-17531
-7682
-865;-6820
17074;745;6252
2650;18173;-4719;16159
-8167;-15752;-16538
8931;8423;5768;7705;489;956
14771;13405
-10997;-18408;16813;798
-7859;-1205;-3942;985;-16157
-10531;952;-10377;-8223
7707
15904
6960;13043
17266;-3765;-2710;-3496;12041;12955
11682;-9752;1692
13002;6958;-8144
11817
3627
4560;-15606;3111;-7982
-15931
11840
5716;18413
6151;5691
-2661;7769;9455;1375
3461;1534;2751
7747
-4419;4552;-14091;-6079
-4081;-13641;8636;-10957
-17539;13043;4424;-569;11370;-2975
-2826;-15756;-17853
-17079;-7772;8894
-8738;14376;-12398;-5103
-16939;-11308
3685
-18377;-4140;14494;13390;10607
-2259;-6217;-3404
-11793;-11601;-15161;-4221;-5968
1378;-17356
12881;6550;-17674;8282;-2253
-10250;11757;-17519;-16352
-4162;16866;-2344;5207;5818;-17694
-13346;-5107;-12746;-12334;15261
-15041;-12770;1172;-1638
2714;-15325;8910
3705
-16177;2563;-4900;-10701;-15455
-5187;7989;15414;-2217
-8465;2241;-2917;1333
-11906
-5731;9444
13909;13669;-10391;-1928;13032
-10005;13721
3284;-9062;-6809;-3421
-2469;9222;-2951;-3176;15385
7537;12924;-4446
4032;-1747;8602;16795;17007
7153;10664;15225;-12928
1283;-9963;9819;-11773;14365
6274;16115;6152;2777;17470
-4570;-1674;18169
3734
6917;-10646;-11335;8135;15116;11933
-17604;-18149;10042;-2604
13622;7751;15134
-3477;-17669;-16966;4682;15034;10558
-6162;-13773;13580;-1485
4272;-11884;11357
3745
7954;-2924;-4126;15133
8384;10434;-8787;15941;-3270;13816
15363;-3415
3264;7093;-6599
12147;12092
10848;-12529;-13033;4445;6493
13844;7655;-9533;-8190
8070;14680;-12141;-830;14478
3778
-15969;5142;13241;9961;-16158
-12177;-7991
-5490;-2391
-10035;-17514;-9005
11953;-2949;2974
11984
5650;1610;-3979;4875;-11949
4291;6474;-1980;-10383;9486
609;13730;9935
14288;13170;3028;14309;-15626;7405
11999
14789;-7914;5129
-12006
-11235;-14981;6011;-16253;-125
-2162;17297;-7475;-17012;-2407;-4349
15558;5799;-1071;8111
-7925
18128;773;-2784
-7928
-2562;3252;8308;12516;-13031;15834
9619;10389;-15736;13213;-5456
12882;1973;-7674;-4046;-8526;-2544
12656;-12497;-3637;825;14683
1380;-16006;-4425;15692;14798;-3504
7937
-14101;10260;16231;-16237
2470;11947;5820
-13475;14645;18279;17177
16773;13867;-10397
5898;-17468;10268;14989;14750
7957
11505;9366;-619
13158;2999
-1029;4900
1570;-13636
12066
-10117;-13285;-2967;-8983;2799
-9286;-4123;-13244;-3373;7052;-17774
1558;-1593;12110
-3885
-3893
11813;-1991;15886;2767
-7998
480;6886;16857;-6060;-11372;9405
-3754;-156
-16034;4819;-6404;9880;-2219;1949
-466;-2021;14087;9886;7007
-7416;8542;6895
-8029
-4562;-17607;10070;-9915;-18414;11918
-13864;168;-15950;1134
-12128
11478;17036
17888;-13947
18372;-4937;15084
14824;-16349;17757
12137
-9570;-10760
9248;12285;-5296
-3798;-8199;4342;10151;-4431;9983
6355;-7772;5981;8990;15391;-8608
-9802;13759
4506;1772;15293;-9422
-6274;-6931;5143
-15234;-12162;-9342
10720;163;-9733;-9221
17921;2438
-115;-1670;-13867;3484
12710;15929;16298
11731;6869;-4058;18107
16725;13978;11629;-9680
-18311;12807;13582
-1125;1381;-5548;17471
2465;11802;2015
-14755;-522;13034;10335
17233;242;17987;-9509;13014;-6297
-8660;3624;7849;15243;6429
5050;15339
-18113;-6373
8450;-8190;-8366
-14243;-14347
-7766;4809;11069
-6244;7187;-13607;-7868;-12159
-16308
-14438;-9194;-13162
-4033
16967;9193;-2572;11788;-2672
6500;-10554;-12270
-10386;-13830;17655;-12872;-13279
-18050;-2851;10482;-907;-9787;-7503
-13736;-14302;3101;-17903;14223
13987;7111;3423
12235
-53;6789;5499
-3649;-5298;-5411;-8618;-5645
12236
-4049
11074;17550
13829;12137;-9626
1015;3037
1113;-14939;9770
8156
-4610;10039;17080;2634;-1548;-3148
-5330;-5099;10222;8366
-3995;8059
4465;-10515;17813;-16550;12954
-4104;-8828;667
-7267;8917;-18015
-5666;13839
16035;17208;17769;2731;-12799
16368
12274
6387;-4810;14825;-7230;941;-6030
-4055;16857;-16894
-6788;-6597;4154;13322
15665;17100
-8183;-12889;-12026;8523
