-13938;1425;-1763;7274;316;14878
-14839;3146;3500
10353;-16868;11496;-11404;-4573;-13581
-3057;16055;11580
7298;-11400
6827;-6816
-10611;-15894;3704;10381;16527
-9873;-4741;-663;15291
-5924;-18073;-5882;14937;14958
4529;10547;17781;-12295;2750;-11007
-4114
-9185;17857;-17159;-7916
-4081;8199
12313
-6547;10668
-4904;-1753;-7082;18346;15900
17796;6809
17264;1584;2498;-9444;-3679
4183;6969;-12941;10013
12321
-15282;-7636;-15621;-17320;14863
-16790;15813;11113;-18367
-8321;11926;-5835;12702;-10512
-4388;12623
-9236;14615;-1625;3531;7452;9887
-12705;9956;-10966;-9627;6908
-7699;-9624;7000;-8969;11050
17074;-17024
-16338;9459;-548;4155;-13165
16929;-16982
-16444
17653;346;2541
-3700;1271;-13944;1720;10061;12846
17747;15084
2784;-11717;17189
-5517;18158;-288
-12484;-3967
2528;-8402;18232
9574;17049;-2732;-7437
8264
-4171
76
-2769;-12188;13486;1550
17608;1675;9469
1768;18170;-14636;-524;-15775;-5471
994;-5175
12374
16032;17589;10389;-15352;13115;7467
-354;16531;-2854;-12840;3705
-2773;11192;4283;-318
-4197
10408;-9819;4748;-17517;12079
-17510;2185;-9355
4081;-5988;1085;13213
17545;-1053
13298;5954;-9430;7495;7545;-4272
-15697;2147;-11140;10599;-3211;-3292
-12466;5755;-17983
5520;8129;-1400;3673;-8139;-16093
1776;-1009;-4795;-16575
-212;-17765;13639;7001;6906;-13788
11315;5194
6400;-10035;136;3373
-8319
-12339;-3172;-13462;17053;-16383;7695
1926;4315;-6112
-16610;-14228;3731;6495
13969;-9741
-2930;394;-5791
-15665;9680;5850
18401;-9219;5477;-5117;-5312
3376;-2386;9570;-15908;8269;17694
-16521
-5091;8900;-13494;-2599;-18009;9675
-10631;2934;11933
-8336
12945;14788;-12266;-3034
8340
-2162;-4632;-2027;1292;7678
15505;-4168;11886;-10783
9440;17306;-6685;-16592;17167
17747;4141;6943
-16931;-12084;-599;5804;-13214
-13369;-9115;-7309;5055
13616;13328;14177
17077;3494;-11727;-9007
-2452;-7962;-4010;17837;17230
-5619;2074;-717
18384;-8395;-8909;-5343
16147;16788
-7249;-11445;-7241;12939;8732
-8363
170
-11396;6372;-3429;-8663;-15963;12426
7365;13287
-10221;-3533;15292;-9904
-12463
7660;-6207;-13919
14804;3782;11304;11247
17472;-15457;18161;-5999;-5808
-6161;-7833;-11722;9151
8377
8768;-17370;223
12273;-5562;12457;17882
-13110;12923
7441;-8516;-6101;4205;10542;814
-14371;-6304
7649;-10754;-484;13452;10812
-4564;-4565;-4475;12939;-3628
-4293
-8391
-7186;-15876;2244;4923;6046;-2640
-2260;-13526;-3094;1718;-15801;8186
7595;799
432;1016;3483;-14350;-15360
8394
-18039;9642
9281;3250;-360;1865;10745
14673;3768;-14139
14521;-14733
-2369;9732;-5147;6188
4310
-8408
-5025;3942;-15517
5084;15612
16600
-11352;11722;-4684
-5194;14990;-18207
-11204;-5400
-12919;-4599;-5627;2443
-5042;9361
4320
-4323
14880;-10162;7192;8797
-1505;-10372;-11397;-6774;16438;-11195
15781;-7370;-17968;-15616;16751
-2053;13560;-3086
-4419;-17478;-12806;11657;-11294;13630
18400;-7732;3639;-12713;14553;-16379
4044;4381
16304;-14839;2871
12213;1749;-6732;1995;-13565
-13762;17153;-13769;-10346
4340
-16355;-7545;-8889;7307;2363;-13998
6373;5066;1103
-12547
6387;-5063;11227
8456
-13220;-5174;-11455;17295
-269
8370;15741;17118
8339;9814;1639;8185;-15115;-12589
5393;-5667
-12565
14944;1717
-2002;-3219;12376;-7434
281
7715;2599;-11546;-14507;-13630;415
-12574
-5479;-8904;-523;13770;1423
-16756;4501;-870;-3946;12683
-17766;-8814;18093
7718;-7422
-5363;-8326;13391
-14069;-8101;-6265;-13259;-6492;11021
-16686
-3047;-16603;938;9371;-7358;13
-4400
4400
-5894;-11990;-856;-41;10011;4365
-9876;9355;830
-386;18019;17827;-5723;-16124;15372
-15235;-17944;8287
9106;-14981;8709;-6534;10934;-11647
12608
1809;-16628;-12756;10870
-12609
-3509;-3688;14071;-1339;-9535;3679
-321
15264;16801;5125
-11497;17865;9148;17581
17667;-9892;665;-8111
-12098;11771;4635;6428;1887
12624
14053;4853;-14472
4016;7850;-12208
-4438
4438
-6241;-101;5998
-9957;13732;-9755;-8381;-7504;-15344
12769;9238;11097;-12043;-8428
16465;11074;9302;-5675;2444;-8688
-8695;7338;-8236;-10670;9133;6686
442;-7804;-10684;-6879
10628;-1302;-9675
6400;-15654;-15672
-13429;-7403
3650;-15000;-17674
-15364;1240;-4730;17562;12443;-2608
14208;965;17948
10561;6789;3254;-10075;-6080
-11874;8387;8388;1510;13819;16989
5648;-9428;4419;-710;8044;8766
-1970;-2291;15460;13733
-8180;3690;-12256
-14050;-10788;-13893;-2215;-8637;-16318
-4464
15048;18089
17329;11842;17395;12468;3643;3229
5618;8851;1411;-7492;16724;16223
18208;-3395;3427;-956;-4620
9235;-10452;-7653;15444;10188
-7170;3281;-14787;-1333;15445;9039
-17939;602;573
-12430;16910
-14950;-18208
8291;14149;14581;16618
4490
17280;6517;17834;12013
17058;16107
-2113;118;11030;-16841;16399
4131;-13593;-7066;3837
-9510;-13342;-2128
4500
-10625;720;6273;12769;-13432;12892
-3986;13510;-10713;5694
-1107;696
8602
4508
413
-16799
13616;404;17636;1061;-17112;17581
4515
-1751;6265;-13708;-11711
11910;-15770;-3181;11564
-7462;-3707;-7019;1598;-8416
17824;9634;-2868;17642;-17227
2416;-6949
11041;13974
-7978;3437
-16385;16830
-11874;-12787;9603;-14505;442
-17955;-16724;-2548;-261;16734;-4272
16729;4204
6344;10494
1544;3006
8650
-15335;16888;15291
8656
-13881;395;2252;8860;-6287
11418;13626
-2834;4289;-1926
-6369;6841
10871;-16029;9727
4574
-3381;-17627;12335
16865
-1362;10360;-2315;-12;-14237;12143
4952;11358;12846
-15443;16708;-5846
4757;-15159;5820
4088;-4576
-8724;-10406;14023;11817;16363;1995
1584;-18131;-3529;14699;-7405
13968;15510;602;3181
-15297;-7012;-1013;14820;5017;3978
1633;16146;7298
-9729;-3413;-1591;-3575;5518
-17464;8622;17535
8776;-474;15530;-8428;17871
16932;8151
4144;9042;8009;-8400
-7841;1410;8265;-14637
-1797;15844;7736;-3562;-16795;-910
6481;-10245;-13144
1280;-12434;-1661
-8340;5784;13864;-10781
2725;-3094;-3591;3030;17847
16918
-10177;-10838
16920
-1271;-9497;-10250
14160;1572;5060;9894;295;-9960
-10181;-2183;12664;-4891;-16432
-6146;5638;-17591;-7022
-10312;-14810
1303;-8554;15035;10811;-15276;5421
5667;15608;-6989;10046;15598;-14800
5730;-13875;-9011;8406
5906;4818;-13860;-14548;-11860;12602
-4652;17499
9232;6835;-5221;-14327;16328
6305;11823;-1776;-15792
16496;16695;6751;1583
-12854
-12855
-212;13636;-15909;1918
-11930;-5022
-14609;5848
10354;-10393;8799
16955
-12860
-17745;-10552;7243
-1844;6389;-4055;-13592;17882;-5357
-1271;6649;-13469;12766
4962;8711;9849;-3802;-11213;-9087
-16338;-885;-13400;5463
9363;7605
7906;467;4504
-4434;-371;6818;10806;59
-8790
15076;-10380
-4706;8291;17160;15581;-15246
12889
6018;-15690;-7117;17391
-8798
-7011;12355;10835;4907
14896;7731;12954;-17580;7182
-869;-16134;-234;10394;16507;-14368
-2193;-14742;7867;13774
13841;-8226;1256;18316
-4715
4714
17233;10210;9523;11783;-5240;14456
-1954;680;-9226;-3948;-6317;3758
10144;1157;-10634;-17678
12963;6691;7287;-5595;-8431
18307;-12219;-15070;11550;6254
-16545;-5714;-10917;13975;11883;2590
-9016;8383
8825
4848;-851;17117
17018
-8827
35;13596;15678
-3849;4489
9169;17380;-15612;2334;17118;-1072
-15625;-1406
561;-14024;8719
3090;-8519;-4809;-698;10286
17142;-16493
649
3572;-11510;-3416;16170;-17228;-8719
-7349;13845;-16614;-15113
-16018;17970;16276;-17574
-8850
17044
-6289;-5522;-8215;4839;10429
14865;17714;-17688;-14841;13577;3419
2370;-15321
8858
6146;-15699;-16088;-15881;-12395
11376;-10707
-14120;6443;-381;-10893;13150;10575
-12951;15511;-13912;12030
6480;13253;-2666
-17922;10626;12077
8626;-14612;-1552;-1344
15666;7753;-16077;8140;6702;11279
4794
17093
-17096
-11025;-7491;10692;-4903;-6600;6327
7889;-2706;16009
-17098
-9704;5225;-4798;-7822
7681;1705;-17834;-13482;13019
-82;8706;7208;-1193;-13918
-13942;16309;-1643
-4823
-1841;6664
3505;17287;-9982;13727;-7424
7076;17881;3755;-11599
2164;14952
-6534;14346;18107;15773
8979;17254;3978;14172;17791
-9251;8516
16880;1190;9802;-5950;3390
17124
13200;-14890;2441;-11
-15778;-884;6455;3208;-10128
4960;-9842;-10067;-14196;-10606;6237
16578;1291;2189;-15216
4842
-8599;1654;-4648;14042;14684
3556;1290
-11748;2804
-14391;-18284;-13136
-15538;10293;8474;5338;16764
755
-756
8512;440
761
-2497;-10786;11827;948;-255
17497;-12493;-144
-4034;-7605;-3063;14888;-13244
8070;-18366;-15054
-6853;16055;-9977
15697;13036;5548;7678;-224
4592;3680;12484;-7804;12399
12322;14004;-5070
-3057;12033
-10020;9768;1037
-4614;-10966;6602
-16853;7871
-4072;13054
-13569;16481;7202;-3748;-11254
18339;-8286;-10847
10784;6325;3545;-13612;-11935
8133;-9608;-6041;15130;-16604
-16484;-3493;165;-10669;-7182
826;-4990;-736
2373;5173;1453
-4100;-15338;-460;-1390
10403;-17733;-10150;4381
17194
4115;14280;-5402;14586;-16462;-2112
6144;17097;4987;17647
-8801;5520;9351;-11320;6634;-6301
-12299;-13103
-1414;216;-16014
4033;13178
11744;-9201;9411;-2934
10197;2920
-10386;-2789;-12613;-4810;-10410;-4879
14528;-4611;-13272;16474
8258;3667;17190;1562;2925
-837
4306;-9884;-5117;-1262;-1168
4434;7139;-9077;-16250;-7564
-5105;6726;-10296;7835
-15495;-3080;13751;2510;-2624
9457;-17475;16258;3095;-11260;767
4939
16592;17021
17943;1576;-2938;-9483;-17420;-15102
-1394;12424;10297
13382;7947
-9395;-16032
4948
-5879;9863;-1272;10237;-3903
807;-12284;13340;-6816
-450;6482;7115
-8101;2694;-7149;11695
14081;-14371;18355;-820
-863
-9060
-13156;-1253;-9016;8361;-14477
-17283;1542;3510;-1498;1946;10911
1474;8997;-12955;11948;-3486;15374
-9349;5881;7482;17339
1922;2855;-8745;3613;18366;7439
-8163;4723;-4969;7529
-1358;10431
11604;15901;-14336
13169
14241;1783;-4888;8010;6763;7741
17696;7249;15494;17302;8682
-13345;4259
-902
10212;308;856;-16860;-13166;-2734
-16041;-17632
-8822;13238;12873
6980;10310
-13198
10400;-6785;1297;5300;6055;9227
13207
-146;-13062
1552;17378;-9819
-2044;-2972
-12689;-11460;15035
-3378;15155;-2662
15428;-16352
-1233;-17042;12355;13619;1417
926
-12545;17216;-5622;-8871;-14217;-17849
5024
-16946;2004;13061;6934;-5834;13998
-13572;5830;3083;-367
16066;-12180;7897;-9276;10203;16894
-10820;16916;52;-7082
9779;14996;-9164;1709
-69;-2550;7657
7924;-10615;-7416;13209;14235
-2836;7885
954
13540;11732;-16125
17342
12544;6692;-1894
13248
-11250;-11557;-10792;2461;670;-3263
-4497;-16548;9236;15784;-4939
-6533;15689
4453;-6488;3002
14178;-15147
3905;-2682;841;17484;10094
-11508;4728;17646;6495
8752;8613
14356;-7709;-15823
-17986;-15767
-12995;-1275;12940;6414
-14901;-1784;-4328;12583;9418
12978;8372;10504;4201;8282;18092
13279
16786;15654;-7;11966;-14735
-5090
5713;15266;6170;7563;15341;8287
-9191
18104;-2041;16586;5213
-10683;-2606
-12003;9081;-4043;-15147;5371;3452
13289
10228;-10057;6121;-5291
16929;-6758;-15273
15777;-13893;-10775;-3352;-6282;13420
-11174;5655;7096;-14877
-753;18149
12193;-4552;4088;-12362;-11098;2524
18393;-18426;-7083;-2092
17488;6068;8533;-9101;14895
16603;-3292
-8884;-4432
-4081;-1491;-10935;10055;6991;-13856
-2550;16251;-13629;4604;-9807
1580;15838
608;-5740
-5134
-9231
15476;14234
12979;-327;9431;13213;-4496;-9280
17353;2394;17835;-16061
-8817;-5923;-8087;1304
1043
15366;-16414
8944;11553;-7082;-2396;16347;-18126
13340
11879;-3257;393;11353;11770;-14702
-2945;-10397
8450;-2772;-5813;-3862;16815;-11760
17443
-1859;17764;-17639;9495;-5336;-7581
7425;11338;6876
-10551;1289
5808;-2678;18423
9266
16129;-15055
-12776;-12878
16129;12900;-4677;-2791
-1083
14018;-12100;-15294
11296;-4332;7675;-5359
-9281
9281
-12354;9763;-9416;13100
-5194
-4770;11970;-1924;15894;-7673;-4206
1923;17418;-1533;9614;14095;12831
-9121;-9461;-7914;16908;-12830;-3262
5969;13780;8007;8105;-1984
-9889;13189;-845;-11760
6433;7521;9049;-13696
-11673;12890;-2334
17328;2724;2523;-5072
6055;11448
4260;10901;-9446;3721;-10556
11296;13171;11412;-572;-10701;-7101
1123
-3657;8876
17508
-16836;5255;-8281;9721;-4379;15645
-16353;6912;-12258;-6506;-5691
-7491;-17976;13992;-5274;-8958
1841;4311;-6538;5613
1540;7784
-5238
9335
-3473;-15395;9864;-1980;5743
10644;-9576;-2312;-16285
-17668;-2838;3880;17771
-14952;13099;-7486
-7428;10612;13159;-681;1869
809;-5645;-13070;13342;13903
5041;-13651;-8923
13437
5247
3876;-16903;2206;-11072;-3840
16754;17171
4594;-6676;7285;-10457
-9032;6590;15887
-10358;-18153;10698;5773;-4079;2671
-15237;2121;-12444;3919
3890;-1943;7405
16833;-16947;-13832;3145;13291;15054
-4821;-14694;14470;-14185;1677
7618;11957;-342;-18064
9925;-1752;13977;3598
-1539;6809
-8216;-809;10746;11742
13830;-443;-557;4732
9370
10792;8713;2155
12803;14710;-5851
-6904;1625
-11533;16814
8880;2754;-355;-13659;3567
1188
-18065;7175;2727;15340;-12462
-9987;8797
13010;-6534;14885;4345;9230;-13264
-2619;16715;-4541;-14718;-15088;-5520
-17582
-6113;-15720;1047;-17279
597;-12151;11209;9738
-4657;5298;-10219;16634;-1758
3641;-10285;-8159;9502
-16514;-17462
-1210
2051;3256
15828;10789;-11833;-9439;-14751
-4184;2968
-14299;-7404
16579;9220
-8136;-10617;5578;1692;-9022;11085
1227
11200;-5877
-9424
4898;-15975;-4796;6446
12211;-1055;6463
5818;-6079;-5071
10050;16451;-1529;15372;5948
15826;15786;91;2302
6421;-13276;-10174;3503
-17221;7414;-11918
228;6118;-16088;-11705;-9978;-6686
7943;-9194
-15331;8483;-4551;-6519;8473
1687;15950
14402;18163;-7722;9225;-8238
1256
7525;-4087;6013
1009;339;16296
14418;-7645;6780
-15203;11203;17316;-17962;-13004
5373
9416;17274;15243;-4318;16910
-5384
10421;-11710
-7667;6082;15524;213;-7064;10584
-15021;-14942
15365;935;17759
-14403;36;-5294;-2112
-17678
-1973;18317;9533
10181;11175;-649;-16715;-7563;4879
18148;7737
-13316;7910
17700
3473;12004;2223
3313;15738;6845
-12852;9465;-17038;15007
-13559;13063;-332;-16880
-17709
17708
-9929;4505
-5427
-5012;-17990;7511;-12154;9929
4915;-11935;8351
13623
2834;-17446;283;-18047;-14016
12161;11874;-10550;17327;3295
11723;-10384
6853;-2524;10171;-15840
5429;14475;18300
1009;2066;13464;-8844;1839
1342
7681;17734;-11464;18365;-6398
-17728
-11304;7227;2732
-1796;11446;16764;-4589
-9698;-12227;-1812;-6283
-5190;-14887;-12089;-16496;-10032
9524;-14743;-9945;8282;1066;11261
-3285;8731
11333;12487;-6363;11547;9214
-11046;-7926;-16744;10168;-6170;-14700
-3448;12029;17357
-8517;9880
9557
193;8965;-6313;-618;-5867;17293
-9563
-5013;-1831;13466;11134
18390;-12008;-15948
-3745;-6562;-8342;15255;-1917;-12448
6659;5245;18143
-5480;-6425;15385;-2412;-6544
7697;6578;-15657
-13671
5105;4426;4555;-8608
16656;-6534;-14167;13195;17467;7535
5480
-1386
15121;7193;7743
-13202;5260;-4271;13599
1387
-9782;5304;-459;12236;-8688
-8291;-1209;-15673;18025;8540
-3073;-3091;-11613
-2849;-15126;6311;-16603;16362;6410
464;-1720;857;15097;-9198
1404
-17907;9219;-998;-10041;-15965;9710
13695
-9713;5554;5221;345
5184;-7420;13694;14526
13698
-13250;-18119;15623;11148;-9102
5073;-14678
-11642;-13771;18431;-10816
-12532;14668;-15839
-11042;13556;-3574;10357;-3785
13395;-10650;9515;-16671;-9295
7669;-9367;-16712;-16904;1128
11538;14421;-12252
-8141;-9663
-16465;15045
-9615
5013;8702
-8214;597;12551;-10858;6538;815
-6616;8045
6048;13968;-2203
-17425;-4495
-5536
-12264;18361;-4765;17070;1534;-14400
7558;12780;1583
1442
-16200;-18012
1443
-9509;-13301;-11758;-7840
5543
-15755;-15184;-3280
5648;-6069;7975;6187
13745
8579;3076;2549;-4555
11042;-11512;-13280
13137;-6676;-9013;16452;5130;-17567
-15173;9613
4032;-2165;6279;-13708
-1470
-1548;76
-7138;-7907;-15992;17277
4211;9446;-872;-12601;9483
-5573
13765
18208;12743;11487
-11155;-6710
5578
-8130;3522;-3643;6767
-978;15265;-12601;15833;-3740
-8753;-17906;-466;-4184;-7048
17877
1109;-12475;-12029;2476;7133
5754;4235;11996
-34;16562;-13078;10470;-4217
-5377;12192;14486;-3405
-14785;13828;-10060;-462;5870
-6899;-12805;-8393;-14382
-282;4459;478;-7375;-6992
-18129;-13122;866;13701;16805;-18028
-1521;-17602;244;-15414
-13814
6882;6835;-1673;5866
-13820
12482;17206;-14600;-9210;6091;10043
-7048;-9928;-12301;15453
-9604;-4381;8350
16354;-8760;-17326
-2081;11812
-3441;16609;-11629
-9732
-9734
1545
14051;-13222;-17686;13670;17022
1550
9744
5649
-5314;630;-17386;-126;8351
5657
-10469;8906
-11026;-12708;2692;-120;9966;1439
-13206;-14027;-7100
-4964;7413;2437;4872
14982;16202;-9135
13200;12339;4703
-372;6040
16455;-17721;6938
3185;-2274;13539;11706
-8706;15346;14856;-3852;-16063
1588
13233;-450;16677;-11486
1537;14866;-1549;-16445
1592
-17348;4908;6748
18386;-9635;-15988;-17096;5870;-3616
-13715;6100;5174;8872;-12127
9793
-13899
-14433;7701;-10456;11480
3524;4506;3866;14874;-10860;14380
14519;15927;7208;-11453
5888;10290;-17204;-4424;3823
9823
-1069;14988
-13028;9557;-2423;-11241;-12457;-8909
-17827;9123;16725;-10615;4232
1554;1234;7044
7848;-14250;-3004;-9150;-7662
-13930
-13490;789;14442;16286
1127;7736;-16362;15578;-12317;-17888
-3231;-7568;-11328
17586;-4581;-16070;4711
-14405;2489;-5403;11;7469
-13522;-4819;1658;10075;-7182;8046
-17074;-3203;14567;14522;11866;17836
-7349;-12984;-5769;15196;-11231
-16694;11930;12587;14861;-9039;303
18044
5762
-14100;-13420;13565
8801;167;-8426;12939;-6015;-13231
-4552;-10796;9583
-13960
-18067;15652;310;-7863;-16280
11924;16424;8280;8699;11867;14111
13873;-8854;-654;9598
9870
11544;-18106;-7981;8765
-6865;2130;-9720;15450;4783
-8417;14019;-14614;3638;-16793
2225;-12106
5785
4480;-13911;14488;-18381;-8846
-9884
9883
2737;2011;16207;-6976
-2018;-16235;10428;9517
-12898;-1579;4989;-639;-3855
-1041;-2694;18265;8841;-5294
-9887
13044;1468;-4880;16639
2033;-16966;5094;14535;17480
5795
9892
18086
-14276;15492;1623;15161;91
-4481;-17709
-14417;-12979;3882;5419
6403;-8116
16352;-11395;12452;8327;12840
15793;2307
-8371;-9732
-12545;-8771;11404
-9301;-8778;-26
5818
5377;5798;16216;1741;-15120
-9777;-9873;-16161;-15702;9717;3206
1848;13561;14989
12681;11644;9661;4606
-929;-13720;18056;14713
12288;-1826;10597;3193;3899;-18221
13363;-16255;-15232
-3550;-1952;-4432
-18115;3528;6761;-4956;14429;16479
-3650;4440;957
-14820;741;4135
18143
-11381;-11766;5003
-7650;12706;-17220;-16155;14271
-1733;-16391;12698;-16816
12624;13491;1972;7674;-1228
-13074;9314;-2964;6651;-9887
-9960
15924;-7832;-4776;-9184
-13457;-12162;-8969;4143
15921;4615;17559;4637
-4113;13539;-7360;3375;-7216
-14360;16136
2867;-4757;-3984
-5265;-16407;-16972
15458;-16595;17579;4847;975
1797;-15872
6883;741;12981;-17774;845;6303
3121;-1331
-5894
-10098;-3235;-756
-10183;-6679;11531;15324
1301;-2359;-3353;-15360;-5824;3311
5843;4747;5854;-14640
-15089;17345;-14482;-4967;15382
14099
5909
-3364;-5892;2837;-3879;-11947;16331
-3810;-16067;164;8588;12943
-5793;-8549;-5094;15941;6759;-9180
8403;11246;10846
-4773;-9783;17031;11208;-17737;-10058
7602;17317;17865
-18211
10147;-10448;14415
9314;5750;3274;-9515;5292
16037;-17593;3658;7918
-16483;1282;1476;-9832;14903;-1368
18213
-10361;1545;-5308
2368;-1031;-7945;8728;3817
4928;12610;-13877;-5434;15069;-7358
-14132
-5944
16688;7299;15498;11515
1682;10056;-9886
-2113;-11841;-17804;-11056
10046
14143
-8866;2910
-14561;16423
-15845;-2873;-11821
-7402;-16746;-14589
5969
-3028;-17901;2669
12906;796;461
2738;11074;13478;-4935
-5908;4949;-5158;727;9176;6285
-10307;3924;-4902;-5498;-13771
5716;-11694
4791;-16873;18060
13633;15670;17593;8237
-12690;-4937;-15193;6585;12060
-18006;17400;10685
808;-2699
-6633;-3385;-16970;15657;-6944
11122;17685;9221;-12841;11482;14380
4560;-179;16888;13400
11505;9080;13483;4699
-9666;14313;-12106;-14925
14226;5939;-10981;-6581;-8606
17105;12277;-9815;-17659
826;-17166;15070;-4735
18246;6424;12393;5806
-12674;11078;-15006;2398
6013
10657;5716;-12073;-107;-7261;9086
-8787;-11302;1782
6018
-10049;-16450
3286;8071;7672;-12319;15695
1930
-6595;10582;-14111
-3953;801;-1091;515;-10902;-15980
1072;18048;-10648;-7292;7755;-6992
-4357;15386;-12976
-5922;9189;15530;15919
-16646;14902;11887
6049
-8837;-7046;-11415;1322;11226;-15887
-11809;-8261;-2378
12898;12324;5640;9305;17804;1341
18354
-14468;17597;2943
4051;-10125
1979
7050;-973
-6079
-1380;5876;1583
15200;-5821;6781;6303
373;-1462;10887;6009;-9723
-370;15185;3557
-2354;-9075;1247
-16918;6119;14808;10268
18375
17136;5336
-18356;-14117;14094
-17688;15693
-10178;-14867;7700;7750;-12880
7635;10745
5648;-12441;-11033;4504;9739;-14800
-2273;17586;-17315
15986;5923;-3524
-6102
-12987;-9888;12671
16183;-10075
18021;17703;-13232
-6839;-9512;3975;-16489;-10013
-7430;1416;3417;-8492;-158;17357
97;466;13382;-2887;8439;-13386
11620;15786;-7020;14399
-1025;-2982;-6232;-6955;10926;8287
11732;-13755
4773;-15351;-13004;-11117;-5661;9663
12901;-14927
4049;10265
17760;-6909;15757
12273;14373;4059
-292;1607;3049;13337;-18238;6671
10235
7896;10541
2055
8420;-1720;687;2863
-7683;12872;6523;-9648
-6706;-13987;10699;12861;-2144;13631
1768;-12027
10260
241;-16567;-2679;6439;-18175
-11249;2651;2431
-433;4970;7566;-10031
10266
18205;-7936
17;8323;-12788;11481;-859
15104;-13026
10270
-15018;18394;-1390;93
-6146;-2850;10370;-9829;-14106
2082
17425;-3496;12733
8352;3900;18334;8366
-2090
13170;18242;-13732;11349;-7239;8972
9028;-16693;-5399;2776
-8118;7656;3994;-332;-8720;3423
7616;3728;6597;18406;-952;-16912
-2101
16902;792;4890
-7143;3161;15661;6813
-18385;-2545;-2120;-15674;-9325;877
-17545;-9147
-1208;-13197
13208;13484
-8178;-16585;-1931
-978;-3987;14243;13397;-16462
13912;-320;4911
-9990;-16970;3657;12394;-7596
-6290;-14938;-1376
-14416
-5075;-16264;-13947;4603;16683;16127
7074;-5364;12164;927;-10192;17999
-8721;6625;8387;-5354;988;16589
432;-13729;-11011;-5895;14214;-14815
17458;9317;9003;-16429;-13119
11280;7648;-16793
-8722;14953
6233
7766;1097;-11002
-6235
-14427
13889;-10648;-10488;-7181
12021;17846;-11340
16003;5687;17576;-8361;8635;11758
17396;-15248
-7239;12412;11999;-10928
-6254
14912;7520;10593;2722;8234;-17247
2451;17831;-11930;1999
10351
3828;-4623;11150
416;-10037;12420;-18278;9574;-12649
-3234;-3035
6610;17897;-10046
10366
7187;12824;3098;15934
-12770;10385;-6581;-13695
-18050;-7346;-11574;-6173
-8962;16969;-10190
7426;-10869;-1654;-4760;7995;12239
10377
17396;-17893;972;17918;-3920
6083;8394
5025;14179;11259;-61;9213;-8752
14482
-753;-7144;9271;16875;14317;10591
-11819;-7611;-15213;3773
-5441;-17491;396;-13678;16655;5071
-2202
8481;14421;-5272;-3018;-1178;-11232
-14566;-3464;12200;-1274;-5086;-2304
7814;10781
-116;4851;8522;10077;3455
6242;67
-3153;-5796;-15773;14764;3645
3683;-5030;11756
2220
6316
10644;12582;-525
-3059;-3366;-14795;-13771
-14513
18260;-5609;5418;12828
10417
-3960;6568;-5354;12222;943
11922;802;-3892;-4812;2303
-6324
3099;-17615
5504;6643;9988;-22;12885
-2455;-14270;14493
2238
6337
4387;14200;12329
10000;9076;11621;8411
6343
8224;-16366;-6400
2253
14548
-3493;-9662;2702
6359
2269
-8211;-8904;11228;-12768
-6373
4616;14792;-8905;-11371;-302;3455
-12824;6442
-10308;-14885;14714
16630;-16283;16618;18090
6274;-6597;5253;5551
7904;-14210;-8036;12042
-2164;-7946;-3247;-9424
14591
-5509;7814
-10569;-12218
-12870;15578;1549;-8270;6319
-2314
11966;14654;-7920
-4036;-3494;-13512;-5851
585;15466;2653
13747;-17206;-422;15961;-18140;8382
6715;9852;-10144
-10501;1493;-6300;-13581;1982;-8192
-2339;1125;3416;-7899;4766;7358
-3171;-17335;14216;10842;-2220
-12164;-9816;-2569;6169;876;-13503
6865;-17207;-3720;3533
-10532
596;-7035
16486;422;3130;15034;2123;6108
5878;-3533
-3057;8455;-3050
10115;-5926;-8045;10990;8382;-9071
5927;-15578;16217;-6395;-1757;-4862
14641
-4531;13113;4797;17647
-17852;-13180
16352;3957;-10729;15292;-14319
-17907;-17224
-8449;2531;16563;12199
-14656
14353;9365;-9417;15208;-16026;-11115
8117;6542
-3153;10067;-8373;1941;-6951
5858;-3207;16393;-5994;9802
-13349;-2587;1275
-9217;-8536;-3658;15883;16094
-14133;-8726
11200;-3588;16052;-7943;-6941;-2301
-3304;13879
-2418;10946;-13066;2154
12787;-9574;13526;-1800;-12553
-10469;-15502;3613;-16894
12514;-15429;-7495;6329;9691;-16192
979;-7468
-11369;-10030;14909
10587
-10588
-18420;6346;8637;-15343
-10590
-2962;18018;18232;-2219
3841;-3764;-2296;8714
11683;-7958;9084;10077
6961;-14852;11060;-16952;13353;-6075
11209;13145;-17771;379;-5917;-7552
14353;14219;-1580
5428;-18229;14682;-4303
5526;-8922;14030
-4545;8163;-6725;-11627
-17539;5924;-12071;-15624
-2449;15188;17047;-6857
-8385;-6358
14743
16530;11657;2650;-14443;14795;-12350
2455
-3569;10769;-1557;-11575;-8813
-2597;13246
-5345;-17890;2889;-16843;-10336
7330;1699;-16564;18196
4306;16517;18293;6344;-2028
-17748;10293;-7309
14763
-6579
-12914;-8898;3108;7942;-2909;-17485
-3194;-5579;-1903
5328;13286;12605;-17903;-10832
8098;617;16348;14286
8756;-6647;-4696;-16284
-2852;725;-15656;-13690;15979;715
1907;12759;-12175
-7331;11254;-3657;-9565;2703
7560;-9069;-5087
197;6392;3610;-3596
-16355;-16617;7306;-1421
-1089;8866;7957;11352
8068;-1461
-14626;9955;15374
-1281;-2375;-8745;8393;10989;3727
10711
-7590;8870;17082;8683;-4302;-16127
-2521
14812
3922;17095;5163;4588;8636;-8208
-4067;-5085;-14845;989
897;5727
-12914;4947;-13765;-7880;2747;-12528
-2530
-722;-5974;-12566;1787;-14079;4447
11313;-12038;14471;-16523;17596
-11521;-11122;-1523;4004;18155;-16910
744;11582;2494
-6774;12373;8901;6821;9886
-12226;-10901;16494
15144;-2860;10733
-225;-3860;1102;-11823;17343
-3830;17958;16521;-5034;9690
-4835;-8116;-14164
-6770;-229;2564;-7896;17097;10061
-9081;-17290;-14122;-11200
1187;5449
9765;1564;-13871
-15748;-3180
1169;-7955;-9287;-2859
-8674;5274;18235
6646
-9107;16482;12611;-16136;12250;-13549
14839
-6871;-2088;-5883
-11688;5036
13792;9090;15588;14052;-11289;6379
17094;1991;-8336
-14847
-16020;3861;-14317;2590;1614;-768
-14853
-11153;-4387;-12711;-15817;12830
-12915;9986;-13428;11751;-4810;11983
-65;-6603
2574
14261;-4503;1078;7176;-11341
14426;-2544;15039;8431
14755;-3495;-2296;-16617;10239
-12821;-17013;2668
-12450;-16771;12114;5862;-7337;-4492
-3061;9321;5018;-13872
8886;5995
6960;-7666;-12165;-11050;842
712;-7742;7902;18110
-16373;9678
2600
-14889
14888
4304;17126;-743;15655;-17355
-13091;4358;7688;-5659
12001;-16726;-11959;-8104;8295;1596
5506;3099;-7996;-8478;14574
-6258;-17125;-16582;-9001;4362;-7163
944;-17669;10012
-2529;16264;-5455;-1568
6714
6716
-11058;-2918;16597
16464;865;17732;5526;-1256;8346
-3612;988
14770;-12139
-13509;7095;-17996;-15088
-7330;-15789
2644
-8952;2201
10847
-7000;13757
-3683;8186;-15358
7585;12642;13332;2676;-17686;-15885
6259;-1835;3679;-10768
-12145;-2812
1504;-13652;-2856;9;-8155
-16417;18085;-4503;3562;-11596
-10385;12390;12247;-17801;-17898;6478
2122;4654
1611;-4397;17757
12113;-12786;13461;17674;-3198
-6529;7217;11923;1556;-6553;-4925
11712;9664;7025;-8169;-15164;-15952
11072;-17398;-16525;3838;-12352
-17937;8049;-4197;16778
3538;-1654;16859;-16045
2698
4385;2413
-17681;-6307;-3558;13832;-2891;13902
-12540;2349;7421;-11087;-17520
3088;6929;-8298;-8522
-11634;11524;-5482;-13500
3497;11500
14507;16878
18096;-13365;-6824;17098
6631;-15817;-7629;-10943;12751
13569;1443
-1363;-17844;7252;3387;18172;-6877
13203;-2284
-8823;-664;-6872;14622;-13280
-4547;4548;-3689;-2286;12799
-2733
-13702;-12007;-11674;9243;9020
6831
13733;2599;11577;9337;10554
-5809;8556
4980;805;15079;-5818
10435;10756;-7384;14235;3388
7316;-11879;7325
16836;-1781
-2609;-18211;14691;-6294;-1320;16510
7297;-8648;-1420
-14146;-4772;8869;-9865;12554;-11803
13989;5174
-17345;-7269;-421;11797;10455
-15796;5380;-6779;14411
14289;12770;18036;6841
14672;16785
11776;-16310;-4489;-2905;17823;13279
-14485;-661;-11718;15880
-6818;-17852;-781;-6014
13092;6087
6893
-6225;9811;12533;-5130
-2449;-15283;-8323;6873
1328;2886;14422;16440;4586
-4359;6875;4380
-10789;11636;5398;778;-4222
-2294;-8569;-11417;-16588;-8991
-18003;13236;-17654;-864
15094
-10438;-4406;4904;-11001;-9180;2733
-9469;-1536
11520;6482;5044;17529;859;-18140
-5555;-17475;215;-922;15260;5662
9602;-4632;13224;-7184
-15107
-15239;-12248;-2714;-9484
11762;-7145;-1337;-9641;17374
-5991;-5264;-7952
-17810;6611;-3529;12907;-13933;12926
-14765;-4447
2828
-17078;-14423
6926
-2832
12881;-3186;-14420;9572;-10726;16905
15376;-8444
11333;-18269
355;2486
592;-7154;7875;5820;16189
3253;2665;9213
7985;13444;-9253;-742;15991
15314;-173
-5234;-8419;-5958;-6908;-17295
-14642;6434;4549;-15580
2340;15496;-12894;10206
11712;18391;10632;7183
8960;-3254;13318;-9896;17965;-3743
13363;-7141;-13194;-12283
-2874
-17889;3474;-14052;-5636;-3561;-10272
-2887;15084;7070
-13682;1638;-15417
17856;-16130;-3698;-13445;-2440;10876
258;-13652;-14068
4423;2559
-13963;-5468;-13646;5614
-5927;4294;-5356
11027;8252
6994
14657;11205;5495;14746;10047
1088;4178;-16776;-2155;16573
-2910
-7430;1130;9212
7744;17386;-3692;-6238
-14948;-16638
-7013
-7017
-11059;-14759;-5775
16276;-13846;491
-4293;16456;5996;5245
-11219;-15094;-17574
10432;2790;-16160
11842;17572;9030;-6103;-15708;2701
-4093;17453;5981
-16508;7933;1519
2516;12735
15252
-11095;15448;-13610;-7931;14223
-13972;18277;730;-7707;13882;4043
7937;17270;-2551;13191;-12267;12155
-6433;1341;12159
11173
-11033;-16699;16558
-1395;18276;-9702;13354;-17551
2944;-12402;11861;-4648;5945;3388
2052;2839;-16076
-5635;-13743
-15283
-11189
13317;-3975;18058;12462
-7097
8976;-14258;2678;-12687
-11198
-3007
9952;1247
3129;-924;-13406
-11204
3012
7155;3753;14346;10526
-15303
13120;-6088;-10047
16292;5991;1592;1816;-7004;13003
15762;-915;17865;-17406
-10652;-560
-6003;-13945;543
12695;14909
-11223
-13074;5943
-17349;8167;-11098;-4090;-7340
-15329
-16177;11303;10855;-9131;16558;-6272
-17953;4753;14908;-17040
-11237
-2609;3399;-13789;-6431
18325;-986;9069;11422;-14496;-12096
17115;15326;-4815
-15345;-4091
17570;5970
7159
10291;2742;4023;12524;9661;12975
14992;14817;-7892;2446;15567
-2837;-234
10915;349
-15363
14208;-7212;12462
7172
-7174
6464;17845;-8944
-7176
-3924;9020;-6414;16685
4769;-16711;1353;3833;9835
15623;-6174;-7615;10638;11087
-14713;15853;-4223
10677;-6390;-17575;-6186
-11538;-6757;-9418;-4748;-8572;-11216
-8451;1257
5921;5809;-17478;9688;11418;16412
2467;-9109;-6581;-4088;-2173
-14525;-15566;4399;2111
-6805;10629;-16630;-6679
3696;3503
-3650;15703;-7417;-1533
-11848;-15834
11302
-2773;-13303;-11613
9857;-15331;-7796;-10325
7213
3611;-11149;-16064
-11491;-14871;-7;-1918;11997;13167
-7874;-10170;7433;-704
-3125
-10369;-12801;-1671;-2860
818;-16132;12006;11158;3467
-10434;-4984
-4482;-12898;274;-1797;7686;14347
4563;935;-18153;-6762;15916;10733
15424
16836;10617;-16124
7171;-16165;1758
5904;11975;5742
-7240
773;13734;1958;-8728;-11772;15374
-14482;16681;-4763;-590
-3155
-10070;876;18077;-5726
-14753;6820;-11066;2942;-11679
7256
4216;1834;6987;14700
1811;9188;-17849;-15917;-4974
12930;13157;-15256;12201;-3483
-8888;17949;14589
-15462
1248;14221
-7889;15457;-5954;6610;-947
-7285
-16003;4620
8530;10919;10489;-15371;-8766;-13088
11650;12021
-11385
-35;5843;-8550;-7289;14442;11069
-15620;2756;-5079;7610;-4239;-13199
9285;3943;-1276;-18141;-1102
-11389
-10276;-3429;14122;-15902
-8440;-7049
13186;18323;6104;-8010;1529;-7451
-14081;-13699
12113;-9895;-17321;6893;14590;5022
-11601;14113;13907;4614;-5529
-10289;-2450;-9207;-18143
9168;-14578;2185
-17682;17778;13076;-5847
-8066;-5459;-11416;-15931;15452;9900
11428
-7335
-7339
-2648;15191;13933;-10942
11442
-3258
3670;697;16443;-5262
6288;-2770;-1487;17614
11455
5108;2253
17745;6739;15964;-318
7968;306;-5008
-10433;-17754;4361;16460
-2419;1906;-1831;-2255;16063
12273;-1316;-16276;10662;-12713
7937;7387;238
16752;3818;-907
-2691;10070
-3290
14777;-9259;-18302;-6896
12098;3486
15585
5858;4597;15881;-13050;5582;-11472
1441;-13764;13092;14822
-12529;-8868;9898
16449;-8822;-9447;-15035;3245;2110
-197;1478;-14265;-15641;-7897;8635
-12153;-17420;-15310;-3487
15603
5296;16981;-17995;11324
10342;-16923;490;-17708
-7418
3325
5040;1670;6744;-1935
850;3128;15737
8757;9673;10441;-13248
-9256;-15996;781;655
-10739;7204;3332;-2567;-12520;-12623
-12833;849;15282;-13766;3035
-4389;-8474;-11530;17950;-13280
-4241;5793;1672;7434;10253;2910
6880;-3364;8021
8739;5384;4363;1243
-8116;-4696;-6921
6950;-16263;9606;4968;17322;9439
9395;2219;12219
-11973;15327
-12066;-8856;-8312;7705;7675;-14079
-11550
11185;-2950;-2262;5576
-3653;15509;15431;-7819;-17484;17759
-7457;-3654;12598;-12060;-3885;-17583
8429;11327
-531;5170;3541;-6343;10854;-16064
-11566
3906;-10548;9251;-10084
7256;-10638
7250;-9844;-9993;5707;10269
-2419;14486;15900
-11656;17801;17727
1880;11786;14303
15681
-10789;-800
-4517;1119
-11937;17122;3605;12566;17511;-10889
-2836;-567
17604;3572;17576;5611
9312;11186;2530;2700;8765;-6512
-3094;17846;17325
3405
-7503
-18193;13412;-13306;-1706
-3171;17043;16325;14918;15638
15618;-15284;-10629;-142;-5263
13304;17309;-10814
-13410;15956;16903;-2429;6876
4646;1436;17820
4295;7326
15235;9322;3455
-7732;16293;10102;1672;-2443;1931
1048;-10780;-5997
-9441;818;11702;12651
-8882;-3587;4197;15815
8564;-1018
-17416;-1114;-8509;-17184;-4288
10498;2098;6325;-2138;16847;-17888
7553
-6792;-8955
3458
1269;-9879;6795;12061;5501
-14594;9682;13685;-12286;11069
864;-1978;5226;-6859;7695;-1488
-9396;-16964;-7340;12636;-17375;-14175
15749
3430;-17227;17263
6902;7287;-9979;-11774
6080;-16962;-11395;6518
10528;7399;1929
547;-903;4586;11534
-17942;2173
-12293;-264;-9067;16235;-2188
4371;-13335;8472;-13577;10587
15804;8157
-9921;17648;3946
2224;3000;-7788;-6669;16812
11376;4630;13754;-8685;-9389
15779;-18006;3141;6684
12467;664;-4268;-16462
14946;-11972;14182;15023
13892;-7543;14791;3976;-5611;-15998
-11700
12400;15442;1125;328;-13498
8001;15123;15718;10954;-9423
-7609
-16021;4315
-15893;597;18085;7307;7533;10462
7614
4864;-3716;13316;12117;-5878;-4896
15221;16972
3522
-9234;-16259;2164;-859;442;16125
11700;-12139;3964
5760;2021;-2685;-8624
-6201;3887;-13504
12096;-14561;4921;-5997
11733
-18033;-14339;-17130;-13419;2027
4130;36;17719;-10142
11713;15896;4622
-15705;11048;12316
11344;3522;10695;-13913;16493
-1188;17317;327;-8044;-15901;-173
10849;12244;13449;-12492
7668
12182;16903;-5016;-7195;-11741;14829
-4065;-16452;10564;-16294;10380
-11140;10917;7895;-15720;-3195;7660
8544;7780;1444;8324;-8810;14975
17794;-1428;-18344;-13341;-557
-16835;-17591;5737;13147;-336
-1156;3209;-6476;-15183;-8207;11935
6323;-15348;-710;17784;-11642
15136;4757;4902;-17103
7694
3598
7713;-8963;16135;3399;-11114;527
-15028;-12229;-923
-17475;-3830;12341;5359
11336;524;-8751;8687
11904;16497;-15059;-16948
11801
14356;12456;1375
10180;3589;-3320;-12808;-6890;-6652
9430;17895;-9000;-3948;-11036;-6957
272;15640
13032;-6171;3195;-6428
-212;-7514
-4855;-17417;9450;-252;-5453;-17871
-613;-4901;9147
-1347;-10100;-4213;7930
15764;-3926
-15927;-16393
-5108;-14928
34;6658;581;7447;-11065
-9358;-2494
-3661
3661
7764
-14385;-3926;-4153;-17820;-253
4481;-4694;4678;5418;-13564
-8305;-8225;-14735;15295
10517;-2732
-11886
11223;1641;-17194;2554;-11420;1310
-11749;8053
12695;2393;14206;-9215
11891
-3700
-7797
-3703
14778;14122;-12910
-2949;5174;13991;-8713;16684
15970;3908;-18231;-5357
-16438;8630
16001
12809;11385
-2119;-17980
-12865;-18277;2506;-13599;-2447
-12434;11890;-11878;3482;-2975
-6577;1539;12856
14336;4080;10819;1192;-943;11103
1988;8038;-17372;-12765
-15377;8579;-10185;-17164;-14639
16871;11437
6293;-2422;-3099;-16365;16990;2335
7832
-12961;10787;6197;-286
8786;-12527
16003;12068;-17157;15900;-6687
-88;5256;-13658;-3450
9971;-11876;8900;10825;6410
548;15109;9446;-9064
11943
-16161;-2419;14434;-10068;-5319;7582
-10803;16914;-10602;8253
-7238;-17070;4159
-13345;6707;-7158;3566;-9920
3140;-15099
-9478;1657;-12061;-15711;-13232
-906;-6960
13122;11030;-7209;16729;-1230
-15777;3812
-11009;14257;15662;-2847
-193;12169
-17575;13790
-13611;-14444;11982
-242;-6298;-17725
-3793
8081;-185
8980;-15497;16682;-12061;3820;-13936
3241;-11498;-11950
-13105;-6801;-15942;-17272;-10043;-2108
-13506;2929;2915;17476;10405
-13638;-10679
4752;4336;-4071;-1177
-12406;-12359;-505;5849;956;14623
-17363;2483;-10007;-7628
-3844
3844
14048;-5652;15928
-7427;-5062;-10215;12759;-13947;11854
-13409;-11922;3908;-11165;9966;6478
10193;14148
15700;14985;17689;16927
6210;-7878;-6043;11581
-9505;6122;-12589;-1341;9341
12069
17012;-14823;5785
-9234;-3990;11895;13402
-5109;-4121;4889;16415
1318;-2057;10027;-5406
3265;5185;9330;15973;-13485
-5;-7897;-13132;4861
-15131;9388;2029;-207;11903
3734;-17130;-2779
16175
1393;11988;2136;-11628
-3891
9860;-9079;7303;-2632;2541
16864;-10750;18270
6817;-10482;-6972;14542
9428;-13336
3907
14470;-13260;-17407
-17730;-16840;17624;748
7073;13225
13845;3944;3468;-958
-12108
-700;1068;-1822;9470
-8017
-8019
-12115
-2849;-14723;-7701;2807;-14829;604
7282;12804;-11632;11855
18090;-5965
-16037;-17013;-12566;-15671
3888;-4178;-5513;-18029;-12880
15937;6242;-7293;-10941
8049
-14883;8930;14300;-16399
-16247
-4130;17778;-4676;-12153;17817;1613
-15720;10472;-15145;-14618;12906;18141
-622;12781
11540;14455;-1545
-15285;-975
6153;-2636;10491;13069;1471
-17763;-1655;3350;-12440;-4138
16262
1200;2776
6483;-2937;4526
422;-4400
12176
-7270;-6311;11704;5866
-8088
10240;17234;1096
-11844;-8537
11649;-7653
325;3672
-16609;8514
-6115;13013;-12649;-10544
-866;1219;-3896;1130;-1691;-16288
12199
-3507;4371;-3290;9577;5050
-15489;3763;9668;11528;2734
6131;12470;-11017;-11597;2669;-2671
-11476;-7576;-8220;-3229;10094
-16322;-7635;-6776;2126
13618;2702
8865;1556;-4794;5370;1228
818;9546;18251
1387;2652
-12979;-13028;5581
-9777;3552;8680;-10491;-9743;-2655
5316;2831
12247
-7572;-14696;-10463
-12543;-3807
-8159
-16089;7930
12295;-11609;14488;2171;3103
-14690;-5002;-8954
17489;-9994;670
-14545;13712;-5122;-7763;6917;2731
-5523;-7380;-16214;-5053;-6766
-4073
-2386;723;9833
-16689;16865;16120;-4030
12674;-405
16365
-14769;-15826;-3193;10237;3087
-1745;6689;5608;9946;4061
-6961;2102;17131
14038;-10747;5066;3915
12596;2606;13454
-5508;-12616;9945
-5457;8364;-2096;11471
-3318;-14265;-15323;12429
-1980;4891;-15197
11648;13717;3958;-4748
