-10292;6950;873;-2122;-4076;8669
10229;-6264;15977;1326;3311
-10721;-8617;-5245
-5734;14949;-8663;9177;-11274;-2558
4688;1258;-43;-14444;14060;14972
7049;-2942
-5409;8882;-14644;6328;4830
-12301
-6663;-1543
15
-8214
15153;-11914;-11456
-16415
7313;-4793;9800
-16085;-10597;-2023
12784;11824
15520;-8437;-13848;6731
5412;7033;-12411
4627;4604;-1005
9473;-13605
14290;-11973;-16153;329;1179
16424
-4137
42
-18356;18213;-10248;10348
9600;10456;3466;6462;11022
-8897;1450;-17836;-1952;-5584
8243
4258;-5268;10459;5596;1391
10240;-10187
3137;-6324;9480;-6349
-16645;-9271;-11082;8268
-12348
11410;-10804;-11080;-6040;-4092;-12224
-18084;1638
4752;4265;-764
-2273;-11685;8279;2408;-13178
-9302;7238;13174;-12909;-14094;3534
13186;-13258
16210;7243;1196
-16450;232;17164;-13309
8266
-3361;-16712;-16792;-16461
8275
16467
4306;14707;-10735
2673;17704;-12096
-17347;9065
-15266;17476;-8662;6361
17146;-8862
-102
16485
-8263;-13148;17212;12493
3240;-8894;18046
7536;4965;11237;-11343
10560;-17554;-7827;6424;13210;-4923
-15685;1417;9660;-2030;-5760
-583;473
9904;-16006;-1304;-10987;-16429;-6254
1266;-1669;13563;11535
-1139;14307;-17388
1175;42;14716;-12573;-11679
-1730;18241
16722;-8761;-16251;-2317;2285
9831;-14057
-17204;-6489;14425;-2735;-6207;-6496
-131
-15477;-2522;2153;-16682;7820
9954;6562
-1047;9373
464;-12070;11740
8328
13431;156;9293;1838
17360;-1189;17721;-6798;1727
6532;-13997;-17262
7105;17593;-8159
-15809;11941;-1863;2487;7499
16359;6647;-11832;13610;-1116;5164
9444;6037;5159
1176;521;-14139;3548;9055
15604;-3997;-17183;13935
12456
-13255;-12378;16506;10795;-10030
-4209;4036
-4272
-9810;8996;9446;-17002
16912;9984;-9347;-5687;682;-12366
16562
-4737;13107
8390;-3128;-3690;-2986;5691
4279
-12476
-13396;13206
190
2066;2220
8646;12486;7320;16218;-17022;-15167
-12707;10098;15700;-16712;11754;4348
1475;-13958
4289;-9318;-248;-16297;4989
15345;-9124;5812;15204;-10652
16437;12438
11635;11844;-4438;-8377;-5435;7263
12706;15939;-1721;-461;10606
-1745;-14403;-6135;6842;15647
2448;-5266;-17909;3637;4591
7315;-9764;13125;14111
1426;6854;4268;-8240
-16100;11789
-215
-17490;15202;-13416;15485
7033;-6815
16605
4319
3206;17497
17761;14818;-11875
10662;3033;-9178;-11486;5549;9839
10901;-10568;1915;973;17486
-6146;16323;14376;-6331;-9803
14755;-10922;11820;9151
-13336;-11471
-10151;9626;-16093
-11810;11575
-12578;-8308;4263
16626
11380;9343
11447;-12824;5720
14979;2627;-11383;10412
6003;-17781;-3515;17387;-6445
-4134;-4313
5493;-13558;11445;16758;11928;-7230
-4359
-11748;11484
-13684;676;13211;16447
-14727;4663;-6591
12559
-16659
4373
-15154;-7207;-2495
-16089;11711
14580;-9606;11353;-3755
3825;-14261;14826
16917;-238
2002;-819;-7379;1139;16979;662
-12753;-8029
-10239;-2352
14289;15618;15453
7739;-12028;188;-6767;10559
-7156;-15399;-1003;15055
-14197;13883
-12289;8594;16298
-14769;-10857;7580;-15039
-16704
6976;-2721;2529;-12037;-9162;14735
-5715;1284
7681;-9256;-11448;12687
4436
13060;-13642;-6365;7294
16732
4147;6568;-2174
15956;-6216;-5289
-9096;-11740
2593;-2179;-3508;15741
13265;3960;-12768
8810;7935
-16750
-6865;4977;3220;-14743;-15629
-3506;-13247
4387;-11685;14248;9802
489;-17242
-4258;-6;-5291;16381;-15391
-8567
8176;-13618;9106;-4042
9346;9494;-7224;1051
16915;-13557;-15130;-13184
-16765
2578;3669;14744;12158
-9945;2397;1629;-10848
17776;3016;-16314
7204;5527;9018;-880
-10903;11293
11345;-1192;14815
-609;12179;-324;-8314;-3326
-1718;1323
-16786
626;-499;7109;-2379;-17548
13184;-15954;-15705;11816;6255
-8997;-13127;17190;7404;-2877
4849;-17540;17197
-689;10291;-9190
5361;11436
11587;6836;-10649;-6762;12089;-17614
-12625;-12867;9019;-18109;-734;6222
-1940;2364
13682;5366;3030;16410;-13486
-12717
337;13137;-8036;-3669;-4441;7197
-12721
12721
-14007;-15101
-7493;7253;-4410;-12174
-17490;-15720
446
14921;12410;10540;-16944
4616;-13259
17187;-17639
13026;-8479
451
-9267;12860;-16335
14945;-5674;17228;-6429;-7328
11398;-7608;16040;-11183
17477;8407;8153;-9003
12856;9833;-14030
-8121;8588
12757
3312;14849;12210;-13720;-11400;-5721
-7798;-4791;-9449;6009;-7948;-17456
-12070;6024;-10267;15839
-18420;-11317;14070;-11289;-10079;-12592
-17540;-6955;-2912;-1744
-15171;15315;5163;15660
8325;-152;13416;-11338;2525
-494
-12451;-1507;325;13132
-11298;5653;-15336
1842;-1341
17474;-10804;-12325;-6822;-4280;3967
1475;17907;13189;14458;-13759
-5170;13204;10036;5143;1866
14354;-15414;556
-17409;-3266;10403;15495;-9824
6394;11662;-13455
-7633;-5042;-8314
1489;-8693;11014;-1879;2345;12619
-9041;-7907;3666;-9190;9671
-6529;13842;-6799
5602;1842;-14645;13532;-15039
8769;1125;15198
-2468;7251;18119;2191
-16754;3943
17793;-5330;837;6215;5583
-10885;-6024
5584;-14303
-14419;16642;-17813;10967
-10498;11027
-11704;-1115
17112;-13609;13417
7681;1251;-9527;9323
6147;-5611
11472;10720;7035;16366
4279;-3741
-12659;14371;15211
4636
240;-4877
16526;13966;-13568
12649;-4955;-12335
1778;11061
15536;-779;-3916;15547;-6381;-3070
-4651
-7809;7157;-3993;8073;-11564;3484
1648;7328;-1736;5180;3900;-16878
17441;-3973;-7109;-10140;-9069
9635;13108;4876;-16670;-1056;-5232
-16427;-4620
-4667
4671
-577
-14456;-9996;-702
15394;-4619;-16764;-46;5454
14850;2290;-6260;-6201
-12873
-4401;-4419;-2039;-13959;-9019;-15904
18384;-869;9993;7532;2412
15618;-11508;-4981;-2120;-1695
-14945;51;17749;-14700;-1036
737;-16005;-17276;15567
-4695
16983
13508;-9991;-10008;1790
-10612;5588;-17910;5943
-16994
13536;15747;-10911;-13664
-485;-3066;4172
-3569;15073;9431;15657;-15933;8638
-8839;-12268
3537;13938;-5238;-2519;-14442
629
1513;-14431
-12769;-10548;11749;16296
-14133;-11080
2868;5961
-4877;2429;-6383
16243;-12390;8630;1949;-4159;2655
-17030
-16407;5241;2874;13036
14641;-8213;12461;-18240
-17396;362
-11682;-15235;-310;2379;-9230;-15726
-13140;15716;-1239;-2185;5597
-17224;12473
-14900;-14309;520;-17802;4874
5490;-17254;-10089;4812
10643;2307
4595;-15943;15926;3658;4715
-4763
-672
7261;-16127
4769
16993;-9266;6578;-5992;12909;4030
1890;15235;-12351
-577;15008;7267;15846
-4753;-10181;15770;-14301;12782
13280;-16484;-15354;-10799
17474;-14515;-11782;-16296;-11549;15502
-14548;9443;4007;1784
-1524;1912;-5177
-12008;8026;11546;1325
-4795
5969;-5271
-16888;-18184;4203;5003;8782
-700
8802;11541;-12919;17853
2644;4057;-16942;9534
-17412;4490;-12798;-1310;-2351
-4807
2913;-14787;16323;-13881;10143
-2883;5109;-1514
12960;8308;8122
-8628;-16672
-8532;13352
-8405;8996;6693;550;15559;-6283
-11809;12930;17226;5694;14991;-17824
17925;-10571;14623;15615
15635;-5945;-14089;4140;988
2372;-13158;15615
13410;3622;-10808;-7756;14444;16495
-13826;-10549;-4665;-12442;5931;18431
12353;-1555;-6005;11150;5279
8976;-2644;-11173
12433;-4610;17225;-3822
-8942
2689;12118;2331
8422;-13274
5013;-6494;6334
13472;15959
-7498;-9647
-12693;-358
7389;1567
7328;-5560;-14776;-48
-4530;8884;15756;-1183;-18159
17152
-141;13197
-15554;16570;-13933;-12431
4869
-2391;-14056;8425;-4283;13403;16060
15986;9140;-534;759
-9937;7908;12677;-12695;-15114
966;-6409;14412
-8340;-11945;11817;122;-12478;11853
17164
-8974
16032;11534;-6304
338;-13413
8981
-17175
-4467;-1525;-7320;-4588;-3006;-8558
-16099;15833;-527
2529;8036;2264;253
10325;-3527;14477
2484;-13319;5942
-17393;-14582;-9943;-3225;13290;-9904
8763;-14108;14333
7440;-3985;14107;-380
7778;9305;-17035;-4944
16691;-9017;-16666
-8993
1715;17878;18073
-9831;-8872;-3148;7691;9260
-15750;-14776;9239
1863;1240;-3913
658;-9693;16444;1597
17199
-13636;18408;4235
1318;10733;9247
3397;2711;-3736;-9563;13098;-992
1299;-17414;3702;8954;2639
17205
-17206
-16165;-10886;-14735
2560;9945;-17885;14399
2912;-15509;11768
-17250;9458;-10896;9151;8703
-10065;-9733;-9709
-5894;-7231
11040;11699;-13077;-6821;14380
-3783;-11880;2537
548;-3320;4826;-15182
-9036
13923;3308
-4162;-14425;-17705;2669
-9314;-10711;2759;7865;4731;-285
9052
9941;4614;-1404
9507;5092;5316;-13543;-14583;-13134
128;-18312;-11353
6848;-3109;18356;4328;15995;-8784
5281;-2261;-12073;-16491;-6204;-18271
-16632;-9914;9289
-995;15634;-4308;1736;-12941
-11655;2585
-878
659;-3829;-5909
-1991;17079;11466;1983;-15360
17275
8817;-1638;-12169
-897
14726;-2074;-3563
-13923;-2180;-7253;-14407
10984;-15981
-4999
13190
4649;-7515;11966
338;8762
-9585;-3615
5761;-3091;5893;-9959;-7710
-15765;18102;232;-15771
-4307;-10084;-16038;15590;5484;10269
12144;-15356;16415
-3665;-6801;-2421;-11131;16027;-1118
-10241;-8978;6014
922
-13714;-16050;-1141;13595
-6142;1117
9424;2967;9018
9744;-2482;-2237
9650;-9991;-14040;1882;1822;-14832
4608;-14932;-17929;-12729;-13199
16640;-2577;6433;-10791;-11546;10969
5592;-4655
-2787;6471;-2747
17684;16901;-13894;-9687;2230
-8568;-14586;1724
-1570;-2073;-13694
16385;16020;6329;-11086;13550;718
-673;-4290;-27;10045
17298;8238
-14867;6138;13787
6337;7898;-7035;-11771;-8686
-17141;-223
11441;5923
-3171;-6004
-10469;15547
13272
10601;-4637;17421;-1920
-8297;14025;11674;-8223
-12402;3953;17958;16524;2062;9759
-7992;17178
-10212;-16904;-2560
-12391;7291
9195
-17716;-1064;-1386;-17707
-12123;17230
-9205
-13170;-17618;2178;14971;4429
-4988;-3277;-13085;12140
12417;-9893;-2581;14409;15340
5116
15937;-8837;-8121
-9074;8484;4102;-12025;9533
14064;-17474;-9732;-17444;16315;-15423
17363;-12442;9610;235;-9648
-1024
-4157;5180
14883;4421;4283;2013
-9235;724;13028;-1543;-5646;1646
5504;2593;-9124
-14770;-9467;-1371
-5132
-14916;10997;-1142;2198;3899
-17265;436;-8301;10141;5758
15360;17572;8666;11212;-6704
18244;14327;17849;446;-8848
-535;-526
5810;-17272;-12861;10701;-17471;-10928
405;17701;7530
-10771;-9770;-5421;-8782;17295
4232;12200;-17721;9087;-8864
-13357
2245;2534;-16506;-11376;-10736
2611;14843
-18257;2865;6131;15012;-10918
5845;2025;-2704
-3860;1700;-4790;7911;8301
-5835;6910
11266;5331;7589;-11430;-14926;-3006
3506;-6984;-11368;5567
-9282
17475
17480
1616;-8257;13061;-1227
2598;-11888
17484
5425;-12283;-14875;4106;17597;-5168
-5200
-18241;13588;3548
-3783;-8281;3337;-572
-16018;9909;9847;6685;238;-9552
-3096;-10302
-9305
-15619;-5974
9306
-1805;11116
-17506
-13841;14001;11880;17756
8323;14659;-4808;-4633;-8319
12580;-17806
178;1260;14222;8927;-2976
-2532;16147;8025;-4125
2625;-5944;-10169;-8125
625;17217;4137;-8556
-17961;11832;7051;-6160
-16770;-18376;-6957
-4305;8437;11510;9481;12251;12926
-14996;-1848;7502
-3419;1788;2781
4417;554;-18412
4148;17717;6373;3097;10778
16304;-8987;7915;-4301;-1582
4150;-5311
13449
6995;16675;7957;6039;365
8913;11970;-980;-8709;-10023
-17559
-9697;-17685;8941;-15503
2803;14756
5273
-7194;5498;1788;17471
13475
-14658;5745;7719
1761;-568
16208;10650;-18219;8939
18277;-697
-3986;13159;7292;8332;5071
9493;413;-11104
11795;17271;-9307;6015
8550;-3256
14960;-6567;-11786;-6090;14778
-1331;5843;-7337;12216
-1250;16166;-7016;-2605
10692;7272;13065;7036
17592
-8040;2733
13499
-1671;-18408;10670
1216
1121;16165;1050;-17119
-18424;17546;2095
2586;-11998
-3286;16794
9414
-12881;18202
2704;-12353;-14152;10283
-13520
961;6883;-17268
-5329
-2744;-6681
-4995;-9814;-10667;-16718
12357;9478;-524;-3693
-6081;13320;-16667
3553;-15816;-6300;-17773;-1775
-12883;-8845
-1249
15250;-9901
14308;2294;3014;-17752;11390;-12000
17639
-14901;12935;-15675
-9398;-13782;-4045;2767;-1376
-9602;11389;3567
-5681;17699;11131;6783
-18385;10884;2140
4257;-5525
-7715;8118;-12778;-18109;12831
-13090;18289;-12280;-2380
1272
6437;-17854;1950
2328;11546;3787
5442;-12068;14772;17710
-11541;-15000;12970
17668
-12152;-1422
-4145;-13527
1288
-15676;-2014;14
-6145;-8404;2441;6718
-1969;15909;11070;13150
-13585
-2779;-18173;7359
7056;-4385;-11286;-15465;-1806
-465;-9025;16457;-5658
6755;10943
8918;-10487;2470;-125;543
-11873;-12515;-16486;6783
-5643;223
17494;4315
-9667;-3446;12949;15786;4827;-10926
-5430
-9529
-5433
12833;-8520;-428;6797;15231
-15861;12612;16740;-12153
16709;12390;-5230;-18432
10304;8610;10405;697
-14338;-3318;13036;5965
-6258;-14549;6388;-9111;1703
-11811;-6464;-7648
3237;-1887
-1457;7892;8917;13510;13448
18054;16071
-10596;16051
-16241;17606
-1368
-1667;6629;-11511;-7113
13302;-12648;9290;11707;4926;-8815
1764;-15432
-13672
-13677
17968;-9836;9965;-16704
7256;14620
-7633;2279;2202;-10795;7451;5099
-11541;10085;57
13667;-4394;-3755;3387;12973
-2212;1555;919;-7898;6234
4833;17049
-4275;-17382;566;12598;-5818;8811
-17697;-93
-9600
-668;-750
-3377;3024;-2627;-8968;-9952
-13170;-628;-3784;-14685;14462
10721;1875;9276;4125
5168;-14098;14547;-6919;-14568;17292
-10839;407;-3280
-3026;-17558;15563;3597
6162;5987;-10101;-10680;-17372
-14945;2035;3289
8709;-10540;15549
16241;3042;-12211;-6986;-9709
13799;16488;-3225;-13865;4618
-16982;7357
8644;-16522;-2507;2315;13598
13859;-998;-6091;11100;4047
-18;-6691;16216;7403;-18348
9954;16563;3592
-2786;16851;-16116;-12356;-3416
-14115;8088;491
-978;14195;6630;2072
14211;11173;1278;-10544;6735;3167
13091;-10248;-15224;-9084;-461
-13409;3136;17449;10654
17009;-3273
9642
1450
-5548
-13605;903;18249
-5553
4577;-6210;5269;-3831;17276;4861
5559
-11745;6721;-9588;4709;12328;15423
2979;14871
7458;3397;-454;11545
-17852
2993;10499;87;1113;7259
-14403;-12612;-9304;10269
845;-10512
-11814;-6046
16485;9254;8570;-8077;3916
11520;-6002;15861;10969;10093
10823;-5244
-6773;10500;5846;1847;-3544;1801
-6579;996
6131;17864;-6124
-18101;-12061
336;16116;15290;-4621;-1230;4270
-5587
-17906;-788;-15054;11775
-5592
4578;-17412;-1194;-3852
-2102;11509;-15769;-3328
-14070;-41;12316;7389
17883
17888
12214;13866
10035;18117;-9766;-16879
13796
-17896
10482;-4872
13807
-18069;-3934
-9715
11863;-2142
-13781;8154
-6076;15804
15808;377;18123
4245;-13978
-4630;-11961;-11292;9950
7568;-6392;5144;16537;2075;9388
-386;18323
1557
-4902;-4280;14877;8158
9331;8619
-5521;3953
16432;-14863
9584;-15251
17958
-8499;-10390;-8570;1209;-13181;13279
17961
-7188;-11255;16855
5685
7410;-14119;1022
-13380;3493;5781;-13518;8735;-896
-1447;7135
15443;14547;7064;13693
13312;12863
-9104;3407
14225;6853;-15912;811;861;2958
-8996;9414;-6523;-7788
-1882;-1514;2059;-3615;-4848
-6193;17587;-5690
-1954;-15223;-10782;9933;-16352
9805
9807
13986;7940;4154;111
4448;16320;18145;-3732;-2292;-14889
10563;6245;17581
-15018;-11184
3762;85;8567;-10781
-18021
11241;-12879
6314;15807
1986;-11822
-13932
10768;4482;6054;-4391;954;-16220
14695;3340
5748
-10961;-14434;16738;-18201;-3472
-1330;-17637;17672;-8556
9852
-17906;-6348;-10175
18192;3585;-8958;1134
-9059;16934;-13641
-11252;9581
-9026;16551;-6235;12491;-1614;-13838
-13960
-4488;-14558;14478;14431
6800;-6995;-7126;11597;-10048
16048;-7973;-5883;-12060
-16614;10790;5110;-905;-4154
13965
18182;588;3918;11759
3829;790;11626;1644;9197;-17214
12419;-9542;18345;-12042;-12319;1455
5041;4889;-6270;-17632
-3732;-10552;-3791
10275;4949;-8231;-16878
9365;6982;-14039;-12477;8476
-5780;14083;885;-16951;-10317
12994;12344;9128
4178;-18026;15547
-1701
-15969;-17239;1350;10366;7503
-13586;5153;-6292;-8885;2020;-16976
5460;-6648;6991
-18093
2867;15511;6280;12942;3343;-14656
10425;5867;9996
-8174;-6270;16159
1716
14007
-2145;-13637;4149;-6474
9489;-12120;2873;-10478;-7872
3425;811;10926;-9343
17424;-9796;-2937;-1135;559;-9936
-1361;5798;8122;-14285
11009;-8662;15386;1901;-9712
18115
12244;-13719;-11848;10346;8923;8075
16609;-10133;-6023;-15498;5118
-1739
-14465;-7754
14028
16131;18377
-1742
-9942
-1669;14891;-11472
5847
-15603;18035;15286;-9612;-2174;4013
14045
5601;16802;-166
-5859
14032;-15955;-15317;12247;12585;2363
-11442;-3716;-7351;-3833
10357;-16220
10277;-2040;-16889;-15580;14812;-542
8306;-13492;6957
-1585;-13058;-15138;2194;13257;8462
-14061
6119;-1034;-7213;-11934
-7669;8055;17771
8721;-6946
2806;-9802;-11168
786;14264;5515;-4800;14687
-16279;1883;-5582;-8494;-6080
-18168
-13106;6005;-10552;15447;3992
8400;5681
-17105;-3665;-17896
-1873;-15319;16444;-17440
-18434;-8297;12637
8678;566;-7774;-7375
-16868;-13613
9735;-124;1612;6974
-5911
-10518;16431
-8993;11971;17907;-744;16588;-6239
6275;11158;-494;13551
-15540;3940;11462;16760;6683;-17389
-5333;-10123;-2750
18206
10015
-8002;-15797;1595;9758;5454;1071
5874;-17331;10136;11338
-3108;-8197;4548;-5401;-10090;-8251
-18097;2230;-12745;8778;-13515;-13536
14836;12596;-15509;-3064;17546
14117
-14695;10939;-6269
-17204;4412;10959
-9847;11679
-2273;-10115;10550;-16381
-10033
10305;11943;-5994;-2111
-5954
658;14196;7483
-2189;16334
743;-3085;9884;14797
-15425;-16915;14932;10470;-3421;-3792
-2507;-11644
9457;-15602;-3715;5794;-7012;17037
16536;-13690;-4620;780;-13166
-3962;5019;13103
-5941;-11639;-12345;-8815
-5972
-1879
10071
-769;12804;-2362;-5324;18011
-14833;17367;4408;-8828
17107;-14505;-4494
-2945;13794;-12697;-8237
1472;-14235;-6235;13006
14416;-6241;1913
10089
13700;16326;-7903;12543
13412;215;-11728
10091
3330;14957
8864;8570;-15151;-12383
-13334;13609;-18203;-14460;16604;-10704
-10104
16819;-11174;17928;-5277
-18299
7744;17988;4854
-3731;-1717;13161;1070;13614
5107;2965;12629;-10024;8713;-17471
-8534;-5177;13849;17626;8734
15460;8389;5445;-14104;15002;-3694
6022
-10119
-6897;-2242;-11316;8247;18234
4146;-6180;-13574;9161;15612;17343
10125
-15145;13209
17937;-5448;18120
-12868;-1358
353;-11575;-16697;17787
-18434;-2818;-9573;17828;-5327
10864;10681;4971
-10135
-14237
10112;-8169;-8669;-10893;-13005
12977;-10149;7429;-9244;942
-6057
13206;9449;5307;11147;-285
-10993;1761;-12953;-13229;5229;15934
3536;-10612;-5274;2283;-4190
-14261
1963;15804;12879
-4209;-9721;11226;9883;12335;2943
7090;-9900;13277;-4384
10180
-10183
14278
-17239;-14380;10092;6892;8543
-5538;-1235;-17411;-1050;-9531
-10192
-11378;17109;-1594;-11451;-15167
2483;-12100;-12864
-6882;-4584;-9704;4429;-9839
-786;7075;-6936;5582;13454
2674;17795;-5557;13460;-5885
16983;-8618;1835
487;-16412;17934
-14437;-8054
10898;-17006
-10208
13922;-13779;11444;-9958;12469;206
9697;-16491;8812
-6337;-12067
-4593;-7257;-10653
7664;12626;-68;16742;-11068;4799
8934;6874;-16944;-896
16420;16004;-8395;-12429;-12223;10847
-13683;16451;-14615;5463;7453;-15390
1098;-3132
16004;-18040
-4489;-1643
-18421
18422
12576;-10067;-12437;-16687
4272;10035;-13415;17534
-11249;-13573;-1801
12119;-16137;-6652;12718
14337
14338
-18419;11001;-11018
8485;-17623;10424;-11530
-11109;-134;-12878;17181;13087
10865;-2772;-6228;8379
10248
-14305;10128;-5857;-9272;-15519
-17249;-3217;8835;7786;11626;-18031
4019;11463;-16509;3086
-9781;-472
-7351;-12953;2843;-9085;8095
-4945;10498;-14019;-5813;16346
-9107;2942
-10262
12496;2241;9986;-16371;4902;-11184
3877;-15789;5742
-18327;1053;-13472
1318;12534;7110;-6600
4311;-2681;-3706
-16485;12054;-9934
15705;-13629
-16808;13607;-14601;-3562;-13482
6174
-2994;16505;17244
2087
-18172;-16684
-4579;18211;10166;-1230
11363;212;-2566;6668;15086
-8692;1315;-14169;3070
422;13958
-16675;18421;13822;11102
-11797;7224;-15770;-14523
-17269;11383;3786
-7770;13966
-964;14103;-12633;-2607
-4665;-1534
9649;18097;72;12744;4712;14173
4306;1939;16339
1131;15966;-6800
-4945;8100;-17549
3798;-6185;728;3803;4061
-9940;-8556
7953;-11287;-2876
6518;16075
2336;7504;-13013;-11511;712;-8624
10308
12087;-14568;1625;2973
6419;1860;-10951;10599;5959;-3577
6216
10313
-2132
-16705;17397;11675;17563;4975
11537;-6090;14921;6346
8549;14069
4613;-8934;12985;6649;-17454
9772;-3534
-10263;-8265
6240
-11825;-6228;13876;-1607;-8651
15121;14229;15017;1803;5135
-4565;-11077;6438;4089;745;-14174
-14450
14449
-13685;3131;-2573;-5421
-6264
1206;6807;-18378
1446;4823
-17505;15825;14392;10938;10093;1199
-787;5539;-17723;7658;-3308;14894
-14661;15206;-18251;8845;15135
15569;6642;-7740
-27;-941;5021;-6239
2185
-9938;8705;-15672;-12107;1867;8572
18416;12454
16746;5933
-13525;5526;-2400
-7738;14045
5091;-5757;6973
11680;13489;-4644;-1930
6528;-12840
-15234;11121;402;-6700
15205;9110;-2494;13165
-8615;6391
17281;7447;6167
-17302;-825;11005;-14527;-13343
-13282;3703;-4506;-16813
-1993;-16621
2231
9010;-3877;17579
7417;-16332;5212;11341;-13968
6330
13808;-7889;-14804;11709;7615
9521;12628;15317;-13224;-8444;-9454
6346
-14002;-10547;-7927;1531;-3023;-5152
-13777;-18375;1222
10626;12963;6291;13913;-6334;1662
16320;-11266;4625;-4684;17743
-17780;-12890;12027
6358
15889;1191;8424;1179;1742;-1584
12934;13916
1125;5245
-9864;-4699
2968;-11930;15114;-6446;-18367
-7905;7575;-2204;-7262;3422
4873;1756;-17102
17129;-14847
3104;-16470;11082
-15585;-4433;15569;9894;13131;16477
15060;-12774
-3911;-14761
-8468;9044;-3927;-968;16975;-6272
10496;-13477;-16408;8907
7264;7313
-11809;-17684;-17579;13546;-1534
2300
17232;4145;12002;1463;16120;4587
6689;563;17561;-6126
-16227;15447;11277;8191
-12630;-18348
14049;547
-14152;-4542
-8632;-12570;2508
6406
-5571;14452;12953;13132;-3103;7311
-4018;-6818;-6024;-10029
610;3531;2270
6415
-1426;15446;-3483;-16960
5459;13256
496;-5875;-7221;2076
-9394;12053;-17099;8011
-5674;-10682;13866;4202;-4045
-10527
7639;2888
11844;1509;17655
14625
224;8485;1823
10835;-11830;684;-15647;-2768
-10817;15669;-7197
17219;14612;-7243;-4028;7932;10717
8100;10631
9761;12054;9095;11053;-15040
-6447
-1300;14165;-5879;-9341
10548
-6211;10355;-3591;-14937;-4362
-10856;-14665;-11629;-1295;-17168
-16867;2355;-13752;17705
6019;445
593;-5475;563;-6821;13513
6472
-8808;-10888;6794;6427
4312;6649;15995
16321;13298;387;-17302;5445;-3479
4995;-14309;10150;17935
-10042;-8462;14110;14974
15280;15809;4529;-2066;-8216;13916
7792;10051;-13322;6060
7744;-1718;-8111;-14063;9662
-15841;15954;-11307;-13645;-2638;4606
16928;7737;-2221;4524
9984;-707;-13476;14151;8824
-16945;-7351;-10777;8094
-2414
-6776;-8249;18265;4059;15598
17589;-5431;-8807;-926
18224;4681
-3910;4393;-17980;5149;-10558
6129;-12652
-8273;7696;9410;-307;-7846;18137
4065;15155;15940;-17448;-7469;16767
4483;9619;11163;-1822;1054;-17967
-9476;981;7861;311;3995;11054
18373;-18106;2174
-12210;9523;-2358;15678
16162;-13635;-12473;1544;14939
1959;488
-16308;6967;6889
-5892;9509;15062;9623;-1274
6023;-4076;907;9196;-9597
17906;-9916;10847
-6551
3300;5017;7434;-13296
-15889;-2957
14750
-1796;13849;-3051;10443;-12880
11419;7436
-2033;-17795;13251;-8294;4202
-13327;2655
-14769
-3507;-5959;6984
-14841;-11098;-17882;379
-18225;11937;-15691;-4507;-573
7792;17555;18296;-14412;-11710;-10943
-14772
14871;-13769;-8730;-15341
2631;-13629;316
-2930;-11848
-15825;14809;3129;-12798
-14561;-16142;-14479;18111
-14784
-3134;5630
640;5529;-6958;-5808
2507
-1505;-9970;15494;6680
17202;2182;-9466;18283;-2158;-3055
-2129;-1956;196;761;524;17405
6610
10707
6611
12868;-1898;89;-4448
5296;-14790;6972
13926;15783;11512;-10027
-10715
-11894;2902;-14012
-4421;17063;12153;-3499;18093
11203;-12284;7710
11443;-716
16723;-14875;-12576
10352;-12700;-4286
2657;-120
7689;-14078;13023
6635
-995;-8312;2317;-11935
6226;773;455;15567
868;8389;14743;15306;-16285
-2549
3770;15166
16248;8650;-7819;12474;1677
-7659;-475;-10813
16000;-17090;-1603;-2948;10309;14278
-14114;2604;-15630
-9899;16829;-271
-14369;-11154;-5047;-5977;5310
12064;-1859;12055;-17244;-5743;-14127
-15847;18414
18249;17087
11442;-3461;16939;-10063
-2571
-14846;-8207
8768;6093
11585;-16242;-13956;15221;-15421;16239
-11637;7494;-14327;12854;-13343
14862
-10321;-16837
13699;1331;13961;10457
-2587
5636;-3050
13073;-15587;-11996;-12655
-11647;-11423
-3985;-17442;-12537;5964;4927
14886
-15781;894
2599
-4225;673;-4391;13418;-9869;-6399
9809;-13748;9319;12104;12601;-15196
17120;-4179;9746;8116;1175;-8896
3586;-10857;4666
-13763;995;-15943;-11000;8431
-17719;-13001;5464;-16859;-13742
4024;11257;1995;7244;2668
-16085;-10232;2887;8573;15342;2127
1125;-11931
-5761;-2068;5215
-7666;-3379;-5540;-1157;3894;7135
-15863;5047
-16423;-16202;10170;18154;4061;-14672
-14457;7737
14915
1431;7533;-8271;10127
11649;15555
7008;2122;17997;17038;-12864
10821;-10008;-12569;-10844;15869
11458;1476;599;-8505;1706
-1962;8702
4704;5764;-10214;-13159;-18025;7804
-17938;-8057;-13518
5009;-6596;547;15530;-4542;4991
-15426;-3753;8334
14982;-18028;10123;4189;11871
-10273;-11537;-854;15910
-2667
8722;-4438;8905;4348;-13599;15119
-1925;-10663;283;9630
-1970;9989;-10271;17215
2675
10016;-3363;3523;-3404
-4353;5001;13978;-14203;-3102
-2682
2673;18355;7541;-12502;11193
-10085;9273;2458;-4331
6343;12729
-2033;-656
-10820;-16885;12376;16840;-3711;4894
16882;-10311;-12343;13512;7068;12463
-5622;5160;11033;-3772
6800
-11938;-3062
11138;7979;8171
18324;-15611
-13492;-3576;-14394;1341;11023
-12917;-14933;-9910;18024;4734
-2716
-5754;4729;7838
2718
-8248;-4190;17965;1295
5570;8163;-6828;8111
-14914;4627;17115
-16097;12084;6887;6906;5244
1856;-11627;-75;-9276
4270;-8912;-14480
-13009;3731;-472;-14952;-8619;-2188
6401;-7156;13911;-2459;12525
-5025;8928;17847;-1852;7421
-6019;-9956;3604;-2485;-176
-15032
-16502;-13145;-8219;-13710;-15935;11518
10938
898;17560;-17370;-7932
4789;-2042
-8193;-8598;17465;6170
-6772;14452;-14349;12093;11758;1951
15542;15879
2750
1235;-13240;-7130
-11217;-6533;-679;5576;-10383
10055;13401;-8413
13376;8432;12210;-4952;14653
11337;7807
2760
-6306;-16936
-16258;5304
7296;-15331;16854;920;-10378;7497
-15378;-15155;-6332;-2332;-10285;13948
18227;1657;-4797;-32
-10964
9075;-7677;4511;17343
6868
-6874
10970
-10209;-17147
-1380;3796;12277;-12761;-11964;-13229
-6879
-1879;8120;18280;-15883;-15517
10977
16145;26;7901;5725;5757
17395;14069
-8259;12354;16963;14549;12008;16618
9382;3241;14748
-8372;-14909
-6898
10951;43
6611;-17544;4031
-10962;473;-12798
-15096
17955;-246;17866
-15572;-15429;7320;-7802
-11006
-719;-6192
-6421;12905;12715
9959;-1546;-11434;14028
-7857;14770
-754;-7242;-7418;-4991;-8079;-15296
-15121;9235;-3418;7753;-1195;-8267
-14034;-660;-10135;9850;8062
12770;968;8094;1471
2276;-13736;11879;-7343
9812;16532;5156
13773;9535
-11022
18321;8217;18139;8141;-17519;16687
-3873;-5554;8466;-16502;-5853
13298;18101;17950;-15343;-10687
1250;5672;-12409;-5546
13552;13573;-12374;-4151;630;12091
6941
12338;15083
-16360;-14681;-4575
10885;-7143;-4649;10539;1407
8338;-1300;-15352;11162
9491;-2544
-15141
-2857
11050
-2882;10802;16375;3272;10670;-2607
-11026;13058;-13095
-6968
465;17988;-4526;-2863
-8097;13095;-16064
-17905;4315;16463
11172;3990
2881
5898;-12880
10448;17859;-4494;-447
14528;-949;17752;15802;-7692;-11968
8919;-17420;-2591
-17235;4238;13103;-3008
15194
-15334;-3959
8496;2611
-13842;12006;-9817;-6941;3469;-4176
7013
-2115;5034
-7017
16136;-9120
15633;-3987;-5395;11061;14283
17957;1352
13542;13289;9195;-12620
-11119
-5898;17020
7793;14081;-13734;8281;16013;-13120
3046;-10075
1591;13631
7038
-8437;-2704
5761;-3554;-14388;5076;15624;10813
-15240
12086;-17129;-5642;-7582;-9263
-8594;5637
-2957
-8825;5866
-11152
13123;-7332;-15701;-1240;4495;13711
-11160
-13003;5935
15765;-6727;-8919;6951
13027;14500;16004;-15321;3436
7072
-16629;10517;-13254
5281;8706;806;2314;-14126
12584;12409;9642;11916;-6704
15808;3014;-9546;12617;9386;-7807
11186
7091
-596;3322;-9820
15328;-16035;3704
-17284;-15060;14759;14587
16114;486;-7815;2407
15290
15302;-4107
-3005
-1752;10839;-10924;-5264
7101
10338;-3043;2068;17736;-12716;-17391
8357;15896;-8955
18192;5396;3518;-12016;-12080
1091;17192;14219;12605;-13424
12928;-3954;-16308;16852;11957;-2079
17809;-14797
2689;-15892;-7386;13433;3596;6575
14432;-17718;-2102;-15003;13325;-16432
17088;-10276;-410;-13517
12928;-10370;4559
-7395;5602;-3238;-2088
-2925;10044
-8853;1733
16273;-13036;3884
-9860;9956;12638;-15760
10849;-16052;2339;-16551
-2738;-8491
4217;-3581;-15965
15329
10834;-9571;-9751;-7335;12780
-13298;12150;15694;-3312
3044
-9362;13219;14746;17211
15339
8816;-7398;4135;13817;-5244;1214
-6436;-17099
16421;7301;14854;-7271;16806
401;-1479;8233
1845;18326;3374
-11575;9399;1725;3519
-7537;2769;-1164;15549;5742
-11988;-4132;9912;3133
11268
7173
15568;14309;-15502;-7200
-13033;5850
801;2370;-2170;-16383
-12307;-6118;-13145;11162;13211
-8241;-11247
15393
7264;2368;9634;223
5890;15780;-1368;3319;-12318
-16276;12685;10798
-18388;-4824;-18072;9500
-1783;2764;-12287
14371;13979;7532
369;5410;-2633;-31
12325;11717;41;3674;12223
-12562;7349;-17064;-2520;-15406;4318
7762;13059;14808;8937;3609
5056;16308;762;-14941;16655;3855
16688;1061;-10198;3766
6375;-3247
16833;11959;-7359;-1920
-15122;3797
-2228;-10327;15687
-5874;-5451
6626;-12310;14630;-8728;-11544
4401;-9221;-18201;7599
11536;-8401
-9070;12207
-9156;-10366
-12339;1571;-6213;11833;14858;-2476
-10691;3523;17380;16900;604
14672;-12007;16860
16144;6705;17157
-4071;9790;-2575
5296;4288;16125;14301
7601;11059;-16537;-5229;6253
11341
7187;8254
12113;5013;8375;3529;-17678
12544;15201;-16663;12567;12280
-98;6454;4998
5186;-8122;7594;2603
-7082;-11291;12587;2588;237;14318
12534;15209
-968;14603;10013
-8692;7591;3735;490;46
-595;7863
-6218;-13339
-11585;1714;-12759;7163
-15201;5586;-4376;-9274;-12683
11712;-10722;-12467;104
18054;9706
10327;9244
9618;-6376;-6431
-5778;11689;9023;8735
3081;-6271
13877;11605;-14095
9760;17331;-3405
-3209
-10706;-6566;-15819;-18380;7294
13570;9603;524
-4114;15896;-15034;-8159
9521;8886;-16616;1341;-7295;-15440
10866;16886;-5895;-2395;10542;14175
3219
6784;-6195;15219;6484;-252;5756
-13204;-13685;7704;2797;4975
-1747;-10006;17463;13911;-4111
16536;14044;-14542;-527
-11659;-12046
-17603;-18394
-6181;-2933;-17542;11256;12171
15519
-4677;1206;-11000;-17437
2192;18115;5684;9578;10380;2350
15536
10885;-17226;396;-12126;2527
671;10783
-8086;-9897;-5760
-5189;12103;16830
-11428;6355;-2288
-916;-13111;6665
12512;4434;11205;-4406
-4903;-17847;3835;-16174;15438
4257;12307;-7417;-14015;-10687
-2945;36;6901;-13518;-10126
-11702;-574;15549
-8020;3364;5432;4504;-2602;-18251
2370;-16150;-13785;9114;15165
-4931;-10651
11486
-4796;12187
4626;8195;13048;3609;-8682;-5213
-11492
-16050;6428;-1872
-13738;-12575;-7488;-2272
-15734;8331
10837;197;-1142;-8858;3562;2812
5874;-13286
-4627;-7672;-15594
-10929;17062;9471
-15857;-15747;-15884;9660;9933
-3522;16931;-12677;7244;15823
-2338;-11396;16533;523
-12570;-9900;10635;14315;-1485;-8414
-10258;-11238;261;-16551;-9336;-17642
15611
-12414;-10655;15647
-15681;-1269;12679;15791
15618
7105;-3414;16024
-8818;2945;17346;16439
13568;-4900;-2809;5227;4541
-15632
1338;17003;5485
-14753;-13844;-10438;-14343;18265;-13290
5234;11749;9275;-6527
18307;13719
-15643
13475;-16832
8837;522;14479
16017;-8563
-3362
12450;6003;-7544;-1630;-17904;1167
1458;-13925;14364;17855
14836;-18215
-13750;-9770;16042
-7969;-12151;-2811;3165
17633;-11348;3092;-5994
17217;16578;7586;-12934;-3208;-5470
-4659;14706;1443;15787;4781
-18291;16798;4879
-9761;-6650;3567;-15120
-4418;6711;9673;-5515;-10572;733
-13574;1992
5318;2168
-12806;-16472;1560;2410;17180;637
-3397
-12489;-13194;17737;-46;11741;3743
11681;-10327;-4751
1924;-14533;2967;-16682;11835;-13484
3396
-11057;10776;11880
7503
9056;-11316;-15876;-10405;2151;-9787
2164;15015;-8729;15438
8848;-15313;-896;-8336
13776;-14882;9971;-101;-1255
1648;5735;-1261;-13632
-5667;11253;-16088;2650;-18011;6063
3415
-3416
-2193;-977;-12535
-12833;13073;3553;1193;-3179;5706
11613
7249;12246;15179;16060;10031
1921;-11986;-5749;15051;-6765
-1989;11752;5546;4509
551;6984
-13860;-11481;10154;-4639
721;-11842;4499;2741;-7755
1040;17954;-5253;3495;-17050;3258
-14567;3670;5897;12541
-11643
-18033;-12441;14732
-4514;16260;-6422;18263;12634
3456
-17505;-4659;-13923;-12327;-104
7440;9665;13097;-10042;-16699
10242;6690;3548;3470
-11669
-561;12232
-14627;-9495;3670;-7614
-12875;-2911
13248;-1559
-7571;-16408
10276;-15116;3116;-14063
-14133;-13943
-11786;13993;-5711
-5339;11356;9774
-11860;10982;17094;4187;-16895
11703
10659;8923;16445;7294;9343
-3515
15804
16164;3557;16250;315
11713
-10692;6823;-16489;-14187;14638
1974;17933
3957;15432;10012;-5392
11877;-5017;8958
3074;-4245;1845;-8303
15822
7953;7574;3849;-7563;8106
14432;10000;4456;6153;6158;-13088
9920;5876;28
3539
-11889;2994;5350
12128;1945;-10528
8083;13420;14813
-7604;8548;-4517;16004;11599
-3551
-7661
-3566
-7663
6706;16036;17895;-4303
-375;-11390
-2402;-2629;-8426;15290;9934
1590;3913;11467;11181
15864
15267;-135;-3480;9513;6989
14672;-2242;1156;-5445;-3659;-12158
-7682
7682
-7683
-8649;-3135
-3606;7198
3595
-9733;-16958;14895
-15892
-11797
-3457;7062
-6497;10770;3398;-1631;18047
497;8508;10988
11806
11764;4692;-554
11808
3616
-5955;4178;-18235;17006;-17008
13302;8617;-17983;3791
-362;3997
6401;-14135
12884;11813;-7575;-1193
-11838
-11958;4215
-17793;-10115;-7525;-14151;-14157;6845
-15936
-16929;-12561;6914;-8340;2691
11846
4708;-8936;6327;-5755
7830;11320;-345;3881;4331;-15165
-16947;11670;-5408;-14208;-7440
-6840;17944;4844
8805;-1047
-18055;-6092
9888;3936;11986;5801;-13499;-6254
-12036;-4730;18379;13676;670
-2772;2521;-7519
12531;-13909;-8375;7562;-5580
18368;14289;-4802;-16946;4849;16589
12577;-15287;-10460;11967;5359;-480
9124;6844;7068;-11168
18210;10920;410;15579;3615
4993;11044;12222
-10118;-343;-10024;-1102;5870;-12543
-3473;-9330;3636;16164;-5582;2271
12816;15217;16615
-17255;13559
-15985
7798
-11363;12491;14638;-3872
9841;-14659;17830;518;7516;-5054
-7425;-17445;6281;-9693
9699;-1815;-2024;1930;12303
-12440;537
7810
8211;9720;-15871;15407;10831
15285;4825
17217;13426;-533;-3288;11336;-13947
7319;8702
17622;-2825;1226
-2065;-9378;-4018;-12854
-10321;7301;-720
-7839
7840
-7399;15239
-1690;-14348
16037
7846
-2935;-825
1490;-630;-9198;-11808
15266;-3309
-8001;-3961
4420;-3465;-12156;-10925;14254
-3426;-8792;-14138;-18381
-8661;13029;17205;5864;13241;8154
1593;5754;16910
-3782
11975
8776;7295
768;-14982;-7706;-3963;143;-14912
3791
16705;-15235;7125;-2184;-18396
-422;-11563
1298;-13910;-7831;-16638;-11774
1251;15909;1001;-12234;-5535;11599
13474;17398;-3577;11677;18079
-10449;18348
16091
11996
16101
-10808;6984
11106;11698;-11620;8088;9128
-3715;7541
-1410;13649;-5188;15962;-9133;6332
-16035;9619;15159;10110;1359
17640;2574
6912;3256;1854
-3715;13623;-841;6269;13230;-159
-13682;11746;-312;-9275;15357
5589;-13520
225;11801
-18211;11364;18180;-3398
-17;-4259;4740;2278;-5690;-13184
16754;-18419;14434;-16614
2080;274;10485;8646;13963;13453
-13987;7160;-12826;7167;-7744
-15761;10770;-12872;16187;-16814;-18126
-17652;-12758;-10304
-13656;2186;-18030;-4575;-10736
-17953;9316;5524;-13749;-8348;4974
-12647;603
14871;6665;16891;-1807
-7537;11617;7966
-2900;-1883;-15456
11059;5400;-14201;11725;-10127
-7954
-3249;10358;4407;8732
17301;13846;14984;17307;13358;8990
-10202;2044;-16191
5712;2758;2249;17725
11281;-13221;10855;-16376;-603;93
-12883;-196;4262;17848;-7547;-5359
9012;-12890
-7978
-7410;1685;13270;-3664
-10689;8908;5663
17094;-13211
11730;8541
-7984
16229;4043
10800;13570
-7927;11820
777;12876;-1567
-9123;-11976;-5224;-12169;-13611;7247
10288;-14356;2837;-2668
-6707;12996;-6952;-18201;-5916;-11888
15345;2692;-9623;9367;14792
-16641;4837;1562;-6283;4430
-1508;-1944;-13144;-634;9738;-16893
-6018;12459;9339;16798
8113;-8326;-11897
-7927;-16472
336;6592;-14914;-10083;-10426
3927
-15206;11223;17691;2508
13873;15722;-13693;8511
-14482;13766;-2808;-4507
-4209;17236;7593;-11739;3246
6340;-11351;-6296;15243
1040;-4978
-12132
13570;-16645;-1703;8718
16229
3941
-8039
-16289;8064;2699;4254;17503
-11553;18161;2545;-8374;-4408;-16701
-5553;-14790;8202
626;12884;17994;5213
-12145
-801;-13112;13849;3785;5243;3183
9929;14507
18433;13169;-4486;-3785;-2986
-673;11217;-6709;-11895
12594;8755;4598;-17848;8153
-10532;-18011
-3969
8176;7225;1082;16159
9909;10296;14089;2446
-14241;-9434;-13068
3974
-5713;6155;15821
11125;-15102
-2146;14836;14853;-12215;5032
-12922;3307;-2637;4175
15552;-2769;12465;-299;3612
-17205;-11085;10237;-14608
-8094
-5249;12117;12437;1017;14638;9998
4608;-10226;-14484;18377;6589;-17056
-2777;-13515
-1863;5866
4004
-9346;1244
3779;-15303;-6488;-17486;-7630;-14126
11504;-6701;-13262;-3742
1478;888;4634;-2317;11839;-224
-13649;3731;-3316;13508;7832
241;16065;4053;3350;-10783;11567
-6230;13845;12631;-16185;-8079
13289;7353;-14860;-1534;16159
-9380;10007;-10874;11100;-17165
-13057;8530;-4003;-10727;2829;-8080
16679;-12906;-8716;13068
-8468;-11421;-4190;-4270;3838
-1378;-10191;-10351;5599
16881;-10459;18092
10992;-7905;7379;-13755;7325
-3986;-8645;-13063;17561
-6434;15626;412;-17742
8139
9280;3682;-18231;17015;18345;-5565
14336;-8211;17828;1111;-8729
-4724;-382;-15326
-12946;8706;-11349;-10634;6412;-624
2288;2528;6513;6919;5915;-16014
14368;3381;13994;10234;1853;-7007
7376;-2805;-7450;1545;7932;-10654
-14450;8052;-965;15752;-12447
6353;2820;-14857;-5194;15499;11726
4060
-8919;4855
15248;13395
-11923;16723;10180;-2713
-6284;14460
4769;-12947
864;-11028;9960;11309;-7022
-13811;17895
15355;-7168
-13914;1630
16380
-2141;-18336
12286
