8210;-804;-15238;-15607;11911;-761
2
16243;-6057;5514;-6575;7374;12175
-16390
4103
5713;-11526;-6921;-6091;6527
-4109
-8208
4112
-6236;10349
-2981;-17518
-8214
12289;5177;11227
14870;-16733;1886
9777;-5657
-16409
14961;-18379;-5372;17006
12315
16411
-2465;-9860;6853;7046;10743
-5787;5756
-4130
11154;-4219;13036;8735
740;-4669;-207
7573;663
9200;-18303;17342
-12337
4240;-8449;2477;-2415
-2694;15496;-7963;11595
-4145;14274;-5982
-15353;-17468
-14630;-199;13898;12348;11869;17726
5144;-17485
-54
59
10483;-10596;-17557;-10917;1579;-14013
17171;-17110
-16964;16901
9346;-9847;1303;-1599;5006;4046
8256
8257
6370;-491;7035;-560
16821;16014
-9092;4020;9832;7596
11042;17143;-11609;-7403;-17100;3758
630;15800;15784;-11659
-12365
8579;5959;-10830;-3631
-17218;9411;16436;7838
-17572;14036;-5110;-17371;1355
-14276;-2197
-8283
-9029;-633;-16396;1708;-8510
-4191
10625;-8308;4323;3807;-14640
-5625;13914
-12226;-8357
12227;1043;10554;11803;9532
4199
3704;-14041;-16252;-6284
-1605;-2789;136;-16330
-5779;13892;-16551;-1145;17883
-15540;-2886;-2056;-16494
6610;-8100;-2517;-11573;-12711;-12782
-12405
5348;10516;-630;8501;6711;-1656
-4221
1442;7003;-1711;-10000;-960
16448;-3268;-8680;6697;-2875
-8326
16371;-501;-17767;-15127;16889
4231
3319;-6986;-17533;17116;14654;-2240
2176;7921;4871;5625;8218
-3814;8120;-16734
6080;6351
-7089;-10594;-12610;13764
-12679;204;13036;110;-3216;2399
8341
12050;-12205
-8354
12450
-16549
13065;-13230
8362
-13508;-3180;-4876;-1085;18381
-532;8807;12376
-13721;9452
-2549;584;6234
-14268;9996
-11704;15976
16562
8465;-6949;7050;-4288
-4179;-18036;9735
1041;-13528
-1331;13818
13660;15214
3524;2760;-1983
12290;4442;-2094;-6239
11986;-3253;-11642;-9757;16972
-12988;17294
-16026;-13726;-16510;9183
17568;-165;9478;-12508;-5758;-8400
9569;-8182;16438;-1243;-9004;-7359
17886;2815
6176;-14386;10164;11462;-5003
16261;-13483;-15295
229
4240;16289;5171;-9194;10045;10543
-15217;-10515;-7619;5400;-12777;7726
-3955;14035;3401;4921;15548;15438
-2007;11753;2779
-238
-4334
-16625
-9442;-12308;-6469;13735;-6237
-8434
-8152;-16666
-2167;-12969;15691;-4895
305;-550
-7574;-11947;2892
-7122;17891;-8441;-10768
-252
8444
16636
4350
8177;12558
12544
-8450
-13893;-10944
-12354;-12099;-12805;7109;5310
8386;-16843
16755;13043;8298;15468;12236
-14627;-5371;-17885;-11535
-4364
-13202;-11363;-12567
-8196;5398;5101;14349
-12559
-14586;5114;-11279
-279
7632;-2708;3548
13040;-18071;11228;-14672
8945;-467
-8578;4935;-15177;-14747;12799
6148;-1765
16915;1589;-13339;-9563
5872;-9831;-7832;7417;-12205;-16495
4405
2020;5753;-1547;-1821
18273;12915;2743;15533
7864;-7438;-112
16353;6674;6852;246;2958
-14145;-785;-11763;17655;8719
-4529;-12585;4507
-8512
8472;1289;3067;-9197;-14430;10479
-4363;-16587;-16238
327
12616
-630;-5081;-1389;2671
-17223;5803;15565;16669
-16545;5793;15043;16527
480;7857;-5275;-11611;4111
18016;-1286
-16049;3251;4100;8014;334
-11371;6924
7792;-4790;13733
-4449
-3732;-16918;13018;7275
-7058;-3411;-3338;-6314;-4815
-4468;-4087
16746
-15713;-9778;2920;9404;-11774
-4018;6881;8390;11415;-18316;-8815
18130;7508;-12982
657;4196;-12951;-9241;8777
11538;-1257;7626;7038
-13427;-15071;-12224;3487
-17066;-3788
17362;-8820;-15448;-13949
10795;18252
-14725;-15846;-15321;2750;1806
199;-12864
-10946;6995;10884;-7590;-13369;5453
-5700;-14349;-9007
-14097;-893;15373
-18213;4276;-13079;-17164;-3869;6702
-10305;14790
-10941;-12877;-2974;-4447;-1919
-5080;-9688;-18394
11267;13462;-12361;15675;5118
7649;-8044
-12684
16753;8914;7605;-5097;13182
8786;-11131;2746
6169;2429
-1954;10454;-17498;18041;-8637
8601
6960;-15763;13309
7105;16500;-11068;-12126
8914;-6597;-5447;-7704;-18409;4253
-414
6855;-16456;10015
4511
15248;5473;-13923;1940;-1210;17466
16069;-15159;16794;-18172;17516;16142
-3618;-17702;-12054;14761;5898
1537;-10157
1106;-6003;-11543;-2345;-12107;5883
14854;6059
-8409;-9595;-3407;16879
-8114;3826;14466;1460;-3846;839
-2282;13723;3005;9006;17950
-5170;-17533;-12301;12894;-7008
-15313;-14994;-2226;273;-5050
-15297;11221;-4503;-10973;15007
9424;4370;5027;4456;-2348
6652;-7103
-14977;995;8410;-2045;191;2879
-4547
-16837
-13395;12835;106
-15891;-14713;-2028;-10780;10267;-16461
1026;11684;13464;-2429;5391
-13922;-1395;17957;4441;-13916;-5920
-469
14048;-5384
-18325;5285;-16109
4572
-12768
-15937;17908;-1609;-13131
15330;17926
-10194;-11693;-11373
14465;-5972;191
16657;-12067
-13601;-13267;17750;16311;-3179;-4512
-12787
-9529;-15550
9236;3557;-8342;-18294;16236;6301
-3121;13671;-12330;2285
-68;12998;-13436
1233;5924;3767;-792;-9626
-1361;-8787;-11588;-7896;-6347;-1392
13668;2006;-3914;5131
12757;-10200;-2047
2598;6104
3593;3867;13534
-11734;12251
12213;-12732
17078;-7639;-18152
-9316;-17125;12261;-4090;-15021
-16934;12312
-16113;-9319;4024;5758;-2271;9199
-8993;15843;5332;-4373;-8731;1451
9003;9947;6158
-3478;12204
-14882;401;6056;-8604;13547;16316
-15719;-5311
8976;-12036;6195;16616;-3404;16971
-8673;3825;-5923;-691;12012
3514;17516
-9444;1427;-8900;6068;-18374
309;-7660;-1404
8241;-5046;-15367;16486;-4877
-10664;-5020;12891;17003;-5455
565
-12855
-15521;1392;8401;-15123;16420;4998
569
-9527;16714;1914;6859;-7196
11042;-13877;-6825;-8445;13436
-6210;6583;-9514;-15131;-16252;7182
-10515;-3380;-7164
1943;2733
-18246;-6075;11773;862;7007
-9032;-7936
-9153;11541;5461;-11078;-13594;17406
6496;10471
10987;18271
-6131;5299;18309;14184;5790
-4739;-7683;-17797;3945;4665;540
9754;-5069
-4687
-2324;-9608;3145
4193;2418;-5462;188;-6030
993;10385;-10781
-12887
-7922;11188;15573;-13550;-14080
6323;-6954;14061;-543
-11217;4961;12389;2475;-17404
4699
-8726;3686;9740
8048;-12454;13478;4542;-8912
610
12993;-13719;16731;-8733;9726
10375;-17786;6794
9536;-14249
16309;-18135;-17610;-1006;-16127;3183
17952;-12787;16343;3687
-11700;-13498
-4663;-4105;11498;6093
7042;15257;494;-2847;3790;-14912
5489;2283;1052
8726;5191;2647;-17200
10545;-16076;3549;-2750
-638
16054;-18408;-12280;-17658;14586;8875
2774;12555;-10144;-5824
6153;3449;3324
-12928
-17537;-12484;-390;9765;-475
-643
-17573;-11337;15978
-14593;-14226;18321;1704;9437
1745;14081;5860;-10479;14014
14818;5555;16775;2989;13758
16449;16967
14419;-1481
-17537;9874;10419;6075;16397
18106;-1067
-4103;-2968;-5881
-15715;17781;-2732
3504;-7793;3321;-2251;3884
10816;-18242;6759
-17656;8796
-13890;13218
-11763;17234;-4693;3290;2236;-1535
-17059
10118;2847
14433;-5715;-3175;-14413
-8867;-14503;-1885
4774
14516;-6185;-8313;17018;1996;2127
-2452;-10517
4321;3028;2677;-9643;-12427;-13213
17066
-8876
128;325;16202;-8622;-8719
-18275;-6406;5447;-2764;-15552
-8614;13574;-15499;5757
-1513;-7339;-16411
4016;-15747;-9780;1444;16789;8062
-10642;-2597;18228;4872;-2459;-16283
6950;15820;10414;-3823
-691
7169;-292;-2088
10512;-17218;9046;-4252;14893
-6726;16267;-4749
4501;-3800
706
4804
-7107;11902;-9600
-11764;-37;-4165;11092;-16317
-418;-12901;-4557;17165
-18039;9114;17836
12964;-14583;11991;-8761;-9497;7165
11139;-2852;886;3838
-727
-356;9014;-8727;-5785;-17355;1999
7580;-2942;13326;11438
17116
-9777;-12851;13730;-8810;14074;-17580
12256;10657;16262;10711
14085;15045;-12903;894
6400;-4305;16225;-13436;3999;16431
-4866;4963;-3284;15923;-11989
17075;-8372;10888;10937;2988
13040
8520;4525
-2945;-6550;2665;-14415
-13054
4241;-17303
-14186;-5483;10589;8302
6785;13443;11013;-18102;-16231;-1785
17233;6258;-1591;-3613;2975
17472;4580;7204;-7735;9547;-1614
417;-7702;16262
-18119;-8507;17644
-1847;-11231
13078
3557;10118;11847;8568;7663
-17179
-8988
17440;14561;10266;-16895
482;-16916;-8875;2686;-2751
-13086
12815;-17712
13088
11048;10239
-17620;-8073;-16075
17968;-13730;12321;-2820;-5832;1096
-3490;-2621;-3806;-11375
16544;12820;9412;-17660;-8015
9011
9016
-15813;8958;16543;-672
-825
-4264;3437
-2759;-2168
6560;15175;-13211;-7692
3043;-1688;-17132;14943
-13123
839
-3378;14914;11580;-14080
11329;7938;3842;-14072
13133
10656;7841;13016;6202
17235
-10532;10007;-17290;-237;2478;-13952
9048
-13500;-3742
-17827;-6487;13576;17660;-6061
-2370;16643;-4117;11188
-12642;-2012;6300;3390
14134;3118
13857;-6325;-583;-7821
9889;-5973;-5947;-16971;-6975;-15855
-12514;452;17959;-7481;7691;11151
3764;12997;8233;-10730;-5195
4973
14114;7244
13249;-17015;-6184;4971
4978
-705;-2035;-2279;9096;4474;-9435
6288;-5404
-9361;16834;13893
-4986
13603;-15781;-15097
-892
-11380;3924;17303;-8746;-206
10064;13763;18029
-2538;-10651
-13190
-2180;13876;7830;-8489;6251
-12708;-7447;1305;13849
-4101;12740;1030;-9999;-12864
1152;1392;-10148;12605
-16738;18039;-6073;3291;575
-4433;-3139;13699;17367;-6202
-13197
908
7249;1852
1909;7193
-17296
-6804;1796
10688;-5116;6237;14543;-13152
7554;-2701;8350
-7699;-13220;-14117;3592;6379;-432
-4161;3026;6154
9521;16265;-12573
17313
-2339;18054;14406;-121;-8589
2282;15034
-1458;3538;-10987;-12477;-12320
-936
5031
938
-944
-11897;-1339
8934;-18056;17560;-4958;3341;-11872
17236;-14423;4382;18335
8325;-7670;1766;-249;-14059;-13646
-959
18403;-4934;-3927;7801
963
8227;9079;16426
-2082;4804;-1941;-14901;17432;-4285
-5069
3956;6215;-15242
8416;13062;-7387;1994;3403;-14415
-4450;-16873;8218;-14572;3052;3166
-13058;16826;-14907;-10320
-17363
-7554;-18002
17370
10227;3747;-4876;-8111
-17078;-16680
16976;581;17146;-13232
1728;-2198;17851
-11588;7992;-2138;15599;3423
-11349;3492;10613;10536
-17395
-1704;-10414;-9375
-13301
17688;7902
-27;5307;-10396
13310
-7828;17972;10526;-7360
17407
13635;6740;-9639;-11913;-8041
3095;-10157;-6254
9219
5124
4353;-3324
-467;-15159;-15501;-2671
-4134;17452
14882;-2980;-9448;-1420
11729;8723;-968;-13709;15741
1039
818;-17736;-4570;921;11931;17869
-8842;-8796;-17248;5167
-11910;7462;7880;-18314;15929
4857;185;13401;3725;7551
12450;-5651;-1653
6033;12915;-15238;6838;2220;-17917
15072;355;-17350;-3768;10840
17027;421;-8199
-15473;14014;-7791
13393;-5303;10776;7817;3049
6426;350;2478
2402;8101;-5344
17712;1361;-7683;-8535;9110;5483
-13154;-8035;-16740
-16035;-5511
-17092;7107;4870;2151;-5818;-4573
17451
-11841;-8984;11564
-15106;-7578;7292;-6158
6224;15297;-16948;6516;-4310;-11946
-1071
-11191;-2170
-8995;4244;-11733;5685;2502;-17356
-15233;-9892;-7829;7305;4090
9270
3798;39;10668;15245
-2754;-1300;-17222;-11895;-681
9232;-11955;-9315;-199;8537;4783
-15425;16676;16681;-18091;-9118
10531;-5350
-3190;-16534;12551;8505;9946;-16461
-1089
2823;14653
13381
13382
8849;440
14949;17685;10438;2759;-12685;-15663
-7442;-15060;-6518;6229;-7257;-12013
-17485
17486
10737;-11491;-15833;17212;477
13328;-11073;-881;-8178;15011;-7104
1745;10453;9388
-6339;15779;-15876;16356;-1214;-13920
-3288;-11547;-3117;-17629;18078
-16388;17507
-7714;-3398;-1355;2427;14476;8974
-1283;4970;1533
14689;-13477;-8473;1945;492;18236
12156;9453
12683;-1231;10159
13419
4242;3942;-13415
16449;-1605;5034;18122
-4690;-2467;7956;6724;10092;-16479
-17522
184;13244
-12516;16196;16006;-6255
17827;-9556;8986;12558
12866;-3750;6663;-12046;-7278;-5792
13616;5024;-17497;-749;13039
5241
11553;5571;-3690
3344;5346;-11237;982;6807
5243
-6913;3657;-10139;14543
6595;2820;-15976;-10216;11069;10958
7346;-6552;4457
11808;-17988;15237;2822;3902;9951
-2219;-15436;-3984
-8997;10678;3574
11235;-7723;-16960
4067;9364;2326;-16923
13459
5971;17957;-3418;4877;16750
-3368;5051;-590;-14559
1179
1182
-16546;7522;16184;15148;11644
-15122;17810;9669;16295;-857;6159
8834;-7643
1191
-13482
6465;-596;1251;-15574;-18378;-11230
7090;11170;8483;-5896;-17384;14123
8545;-539;17773
7363;16532;-1542;-4763
-17941;-3017;-16461;-10749;-14480
4385;-11752;1096;6072;-5887;11391
-7253;4804;5269;-4438;16759;10648
2593;-16096
-2873;16378
-9923;2068;15236;1702;8442;4173
-13507
-17603
18377;15610
-2530;-10116;-9639;-7615
-2369;12517;-4824
-7521;16593;-13450;1466;12333
17088;-18320
13043;-4484;5173;-1288;-11210
11232;4288;17124;11684;5831;8425
-1242
-16817;12226;-14244;17589
16760;-18010
-5347
18432;-15429;14633
8199;8952;-17273;-18298;4877
6072;-1803;9276
9456
13553
-10403;-4983;-17226;-7851;10461;16447
-4945;7041;5185;6434;8037
13512;-6794;2746
-3249;11682;14724;-8971;7566
5105;10114;1108;8167;221;9327
7639;14617;7691
17668;3051;-5886;-16111
14852;6618;-7904
15222;5305;-12698;6012;16109
15796;-14601;-10844;-3950;8223
13777;-6214;-13447;-8744;-6010;2974
14245;11612
1283
-17672
-6517;229;-11385
-12161;2903;16617;-1644;-7005
-2627;-17592;5000;-11930;5375
-1295
-1298
4998;-6297
9492
1936;12210;-3993;-15552
6642;-2484;-13975;8664;10648
-13363;9955;-1048;-16616;7480
-9503
13598
-5746;1077;5959;17785;10909
16962;3525;13897;-12589
-1874;-16386;-3812;-6635;4859;-6144
17705
-18225;-17653;-824;-14280;2456;-14237
1220;-1463;15014;-6335;-13855
17710
-3236;15365;-12009;-7964;-1677
885;-552;999
5089;-6424
5876;16601;7531
-15395;12395;7933;-10367
13619;4391;16873;3868;3549
1318;5430;-204;7085
-5438
-17727
7419;-1660;-4416
11344;12882;2684;-13277
-3797;-5743
-7652;6681;-378
6531;-13880;16075;2655;-1520;11967
-3812;-9158;5784;17133;11886
9554;-4356;-7974;13224;7608;-8511
-97;-12114;-15637;-12837;1064;17785
-6516;-3047;-16397;28
-16993;-747
12577;9497;-8429
9395;12948;10231;-4584;6138
16704;7729;-17334;14742
-1239;-2313;-5018;380;-7262;16814
14405;8022;-4681
-15585;2740;-4903
-14354;-982;-6509
-5463
3714;-11273;-6122;13594;9647
13105;554
-9565
-9805;4334
17764
7520;14368;3107;-12539;-13838
13639;8967;5130;-18235;12363
-18356;13668;5238;18122;7658;11918
11874;-2298
-1385
5481
7441;-260;6495
-5490
-13665;2673;994;8603
-9592
-545;-6362;-2541;10847
-8218;-5470
-17590;16357;-168
-17873;4184
-11866;10463
-14615;920
-7997;12989;12798
-3473;-9801;11865
11777;10111
17793
3205;15753;-5323;16447
13698
9603
17795
-14417;-3802;-15822;-144
-6770;16913;4292;-7080;12123;-1677
-18018;-7959;8175
-11414;-2711;-13196;5423
7894;-6519;8248;17288;-14109;-18318
-10190;-11711
10370;7992;-10858;-2603;17002
-9617
-1430
1430
-12147;-1252;-360;6936;18011;-12622
945;9395;6969;16893
-17819
1435
-8371;16980;10552;-1341
5534
1328;14434;-16405;-798
13062;3159;6521;15564
-4721;-15395;2286
-5761;-12071
-1619;3067
-1451
-2420;17331;9172;10260;3972
17835
14675;14324;-2970
-9332;-8511
1936;-7860;-15588;17193;186;-13710
18339;-8688
-3524;852;-6713;-4368
-14076;12988;-381
-11541;17302;11804;-12221;16606
-1954;-2200;2681
10328;9211;6509
15920;17601;4821
-3751;232;-15708;-3068;14221;-9791
-4562;12036;-15686;-1463
-259;11973;-12439;-10491;-7118;-7727
-5581
7522;12532;7093;-13374
2136;4074;7564
7674;-2091
6627;7148
1652;-9718;-13902
-9810;-8068
-4568;-1022
-12981;15300;-9622;-8718;10430
17959;-3870;3791
-3489;-14469;11141;11896;-10672
-10241;5635;11576;-7817;9534;5103
-17889
-17892
-8417;8081;-7107;17142
13796
3027;-17477;-14613;8101;-13319
8112;-11489;-2979;15826;6493;6030
-5613
1890;16436;-15015;-1912;1769;10637
-17019;15499
-12057;3851;9727
-1090;2520;9465;-8572;11487
-1523
1014;-3064;3577
9379;4438
-1921;-9202;54;-13453;4703;1903
-865;17345;7714;12285;14669;-16848
-7602;-5512;-11433;9832;8875;-3885
7890;-2212;14645;13982
-4916;9689;-3229
-11620;6389;-8604
4419;13512
-15417;-8586;-5818;-10013;17805
-9741
-7891;-8868;-18382;-11471
-1559
3377;-2372;12846
-8754;-853;-1433;16702
-13860
6118;-3484;-16495
-9766
10980;965;11848;15277;15758
-3475;-7383;-15625;728;15982
8433;17843;-16821;-1752;14360
16896;10705;7700;-12748;2428;9372
-14850;-18069;7097;3753
-161;-14965;18213;17510;-2623
-1287;6974
-5873;14899;4853
-11985;-10089
9786
-17233;896;16387;11461;6471
-8196;-3956;3540;-15849;2379
16421;-14816
5706
1394;-10469;-3959;-15564;6221;286
16046;1950
13779;16508
12308;-10693
14546;4534;-4663;-6279;-7085;-14959
-2788;-559;-14655
-14199;-11999
18006
7187;12148;4425;17897;13754;-16925
-11524;14044;15487
9815
3922;501;-14711;-632;1000;15646
7026;10988
6439;-5371;15546;7708;-10398
-7386;-6796;-16128
-5734
14402;-8790;-7031;-18413;18191
12369;-18106
-15606;5624;1802;9821
-17441;-9349;8759
4803;-3322;11899;4654
10068;-1469;13535
12353;15506;1908;-4585;-17994;-17035
6915;-2310;17238;4391
14226;4453;-13928;9198
-13794;1463;8588;9500
1661
-16721;5233;-1035;6764
9859
-2403;-7637;-8014
12480;-4614;-3847;-10153;15357;-7552
-1667;1638;5718;-4015
-8404;-2423;3030;9655;508;15692
6034;-9589;1447;-14922;11258
-1678
-9684;2726;14263;-10188;-6989
16960;-8578;-3573;1958;-5082
6630;-13799;-10184;-4765;4046
15688;-16011;18395
16353;11381;-13757
6291;-12080
-4327;5386;-15040
-9666;-11556;9205;-14255
12420;15797;18205;4941;3582
-5125;-10792;-15912;-14926
8400;-471;11053;6686;4702
13952;12322
8058;-9757
5105;-14998
17712;522;12156;-12302
17970;8387;-16455
-5808
18273;-924;18252;2974
12016;7057;-9168
-1718
7895;-5245;-8464
-14008
-1723
1569;-2117;17869;-7406
-6164;4947;-10470;6678;17678;13631
17240;2683;2286
4440;2570;5195;-7791;-10240
215;1516
-15987;-811;-1324
-14027
14498;11955;-7590;-7066;2234
9936
-5843
-17562;-10892;-6064
-7924;-6773;-10521;4152;-13438;-12303
-5219;1923;-15243;9706;-5216
18145
16290;-12196;-2332
-1765;12503;-783
-2658;-12996;-14806;-8169
482;562;-13116;-18366
7527;14974;-255
18401;7156;11830;8924;-11390;3709
-1083;-13213;-11823;-12512
10439;9915;8859;15948;-15854;-15248
6491;-624
-9964
-9967
-8316;10092
-10852;-15956;-7737
-6289;13490;-15032;16762;-14815
16514;-73;13465;-1469;6125
17011;756;-10284;6781;-176
-9994
-10243;12046
4336;17265;-11602
12595;489;-14892
5905
1809
-1005;14847;-7936
2705;13314;3304;-9513;-9707;13996
-14100
-5750;-17929;5483
10004
-1813
16393;-2288
-194;-11954;18062
17532;-3423
-1823
-2497;7442;16197;13510;-2378;14607
8679;5436
-4594;6423
-9124;7687;5161;-7788;9996
-5935
-7748;-6380
-18226
9120;-15779;-215;9995;-9068
-7265;6898;6900;1333;-10647;12824
13777;12578;14538;6015
10097;-12946;-4344;13287;-5824;5679
14143
-2582;-9640;18173
-2193;8931;-5480;-9320;-12285;-14285
5963
11334;10424;4687
14112;-15984
-10065
-17586;6806;-16679;935;16457
-7882;16617;-2764
-9889;7139;5350;6839;-7674;-7740
12000;-12677;2558
-4292;-15291;-2781
-5980
10330;-251
18096;-15907;-16980;-16165;25;4463
9878;-11772
-14789;17477;-11945;-9021
14578;-7108;10884;-7162;18251;-11165
-2406;18037;8361;10671
2825;11359
3026;8263;-4904;-8284
-8398;-9888
18290
-15571;-7556;17124
18292;-3868;-16336
-5106;-1734;-16248;-5913;-15280;-14976
1600;10966;18022
10228;-5128;9112
9328;-5637;-12702;2990
17184;9424;-12355;4059
14311;-14344;-1898
15826;-3690;-11324;-10544;11663
-2997;7398;-12172;8781;-9086;2046
-6031
6031
17792;-3673;16489
18324
10134
-6041
-10019;-1819;-10590
14869;13190;9465;1356;4028
17408;-3048;-12409
-17953;16775;-17165
14834;-10455;-13834;-17087
-14256
8504;-12778;-3515;5821
10706;11742
2112;-10341;-3574;9833
-3830;9895
-10164
1505;12868;5878;-12969;-7355;10238
11168;10106;11181;-1743;-8255
15689;-6843;15659;-18431
7089;-7525;-11788;14206
3189;-9270
-9316;11300
-13736;-16923
6096;-1825;5913
18386
17190;-11322;15451;5260
3888;7926;-136;-17386;-2605;14412
-3572;12725;10478;-10192;12319;17119
-1361;7830;-4455
-2019
-4450;-17474;-14790;-3550;5471
-947;-10948;16292;-3783;-6736
-14786;14820;-7574;-17738;-1325
4633;-2607
-11394;-2926
17634;-10709;-12485;3733;-14985;10683
7380;5687;5977;15756
-13064;5000;12575;-13952;3311
7920;14769;-11251;-9716;12172;4527
5008;3075;-9013;2955;15611;-7406
-14257;5856;9889;-5062;-14854
-14334
13618;12470;-16185;3322;-2987
-3041;18022;-1534;4991
3012;4692;10735
3008;-1361;-18119;-6217;8345
7168;-8022;-5900;5676;7231
18048;12204;8670
-2418;11603;9595;16046
614;9642
11800;12940;14190
-17705;-2155;17790
-10263
1576;-4618;9866;-4751
-9810;-4103;16358;9097;-3884;-1488
-1256;4042;-13055
12434;-168;9305;4796;-12000
7504;7652;1541;12614;-16282;1341
-14419;7076;7704;18396;3484;-11966
16177;-9926;14647;-6460;-4159
-8178;-10151;-8682;12634
8113;2050;4216
6188
10397;-111
-4866;8501;2556
-11154;2802;6253
14388
-6197
15104;12961;-3094;10661;5431;1999
-466;13265;3777;14201
14997;-4423;-16185;1722;14186
14395
9378;10269;2942
-14400
-10898;-15791
16627;1430;16824
-12866;-6820;1638;2553;17613
-84;8458;-6255
-14411
-34;-36;4277;4028;-16494;-10254
-6065;-16485;-13419;5165
17043;17050;7995;13294
1078;-15501
-10146;9784;10520;16558
15938;-7077;-762;13388;9325
354;-14783
-1605;4920;2922
6547;1659;9981;-11950
-15203;-2204;7071
6083;8350
12869;-9625;-9488
2465;-6387;8026;-11933;5678
-17588;-951
10350
-11224;12344;7802;-2667
-8466;5605;11814;9592
7072;16514;17652;-16174;-14704
12816;-3589;11509;5879;-10494;-9856
-8385;2625;4529;-6019;-12765;-10832
5649;-8917;-11195
-5714;-11700;-393;3342
-10374
17652;2326;8551;-14057
-16945;-1261;-367
17696;7893;16731;-1836;16973;2077
6275;4837;9081;14044;-11566
10470;-10779;-17357;-4863;-143
-10385
-9716;-14424;8423;-8328;17754
6099;-14615;8697;-18204;-4639;-4112
16977;-6090;15886
18145;-15946
17810;9442;-7486;-13471
-16884;-16414;-1327;-17807;9263
8225;-17955;6377;13755
10402
11748;-5440
10401;14129;14547
6789;5932;5581;6317;-11583;1470
-6320
-15571;-5748;2660;-16074;7932
9270;-16202;-17611;10029
5529;13082
10421
15040;-213;-4430;12319
6835;-245;17673;15341;16141;12031
8496;10817;-16614;-9039
2257
2260
16547;5030;15014;-16455;3303;-12987
-2264
8442;2013
10460
-10039;12311
16307;16885;2839;-1100;-8957;9069
17876;-7000;-408
-5459;-16004;8532;-2696;-12363;9327
12100;-11768;5961;-1343;-2672
-3220;7576;-12202;12123;-6557
5760;15712;-8824;15320;-12954;-4542
-14570
15171;2070;-7656;15866;-2688
-1348;-6134;-18423;-15400;12216;-5965
10486
-17799;-9289;-16764;-3454;-12334
14585
14128;17010;8026
17334;-10843;-16990
9088;-17027;-14848
-9542;11851
-12324;9798;17127
7418;-1133;8317
16371;16567;9897;8634
4148;-11461;-1399;-17991;5416;6681
16674;-13580;16171;-6382;18111
-4770;-2615;11450;-1068;16460;-13037
2257;-16899;2588;4685;9695
-10033;9697;-7798;9656;-16138
-15715;18312;-13120
504;-6475;-16843
-4259;1589;-3760
1185;10163;1747;-7734;-7718;-12270
3911;-10347
-7682;4803;-13482;-7226;8140;-15567
-8403;-1765;-16918;-8024
-17842;-4989
9298;-17063;16280;6056;-16346;16413
11428;10925;8670
-11969;6246;-13020
-9914;-4734
-8084;-2566;-17439;13439
961;459;-3629;5341;14733;-3215
12436;14502
17264;-81;6152;3610
3873;387;13685;15014;1478;8892
-7460;-8181;-7864;17039
10561
14658
4625;8419;18003
13328;-533;10060
5745;4825
-12795;-5968
-9602;16077
-3843;1461
-11697;-8546;6391;16234
-9537;6071;2536;-8347;6893
6480
-8934;-5741
8931;8773;13357
-2392
4896;-7290
-6493
6242;-16499;-14758;10330
17938;-7349
-6497
11826;-6196;-14566;3082;16446
-5036;11533
-11028;2791;-5019;13276;6478
7536;7286;2554;-2684
5873;-3844;8568
9985;12417;484
3636;-13278;-17343
7473;15420
-13004;2398
-11137;8723
-4838;1465;4713;15081;6474
-3330;18163;-8315
6520
6522
15153;-1555;-15528;5961;9564;-11168
15076;-502;4238
1731;15077;-1273;15565
9988;6004;-1478;555;-17806;13358
14083;11379;10597;-2156;13100;-15901
-16536;41;1773
-5905;-17010
-7351;2347;10555;-12096
-2097;-10838;2054;13078;7767;4780
-14177;-9043;-11924;-18214;-14764;8319
-14149;11797;12966;-7052;-1104
11578;-5021
-13764;7204
-17297;-7395;-3301;-15432
6690;8063
14754
6564
-3447;-7215
-9505;14817;8312;-10955;16526;7854
-10666
2477
-8082;8803;-15488
13280;-7266;-7981;14205;-9759
8948;-1016;-445;-5008
10739;-2648;-8824;3215
-8903;4103;-5225;-4748
10677
3379;-10231;17531
48;17745;14179;10580;-5002;-14574
14786
-1779;-7157;12772;-2358;8598;-16671
2993;500;15400
16914;4372;18092
10448;-4487;8847
-5378;-13528
1600;15780;3717;17864;-18159;-1887
3568;-6101
3827;-5718;16407;-3790
-4433;-11906;-11160;-17820;1823
18048;-1524;-2519;17415;-15500;11196
-15371;-13964;1980;16622
-15745;13567;4719
14176;3617;-2403;-13845;2684;2412
4499;-1189;4616;-16843;-7692;1773
15906;6211;17719;-680;-7936
-7032;-9642;14122
-658;-9970;-120;-12286
5336;-2783
-11578;-17627;-1741;-14110;-6655
-8535;-17932;-4767
-14852
-2626;7238;-7181
2098;16597;-958;-15167
-6471;7927;5415;10890;17580
10766
12256;-3930;-1115;-17983
9033;18123
-4851;15626
-13649;4690;490;5883
8352;11617;-10663;14572;-9005
-14018;-17891;67;-7608
-2649;9406;-13440
-4787;-1897
13813;-11335;6456;-15290;-331
-12642;1701;-875;16731;14063
-7276;9149;-3022;-1423;13359
18241;-4851;-1464;2957
-1347;8707;-8214;8075;7662
-2036;4633
-197;-14694
10794
10799
-14896
-5382;14775;7023;2575
-7353;9961
1532;-8239
-16806;-2247;-12234
5700;7700;-16295;-7000;6956;-3774
-7313;15845;13175;17773
-6713
14336;-7621
-2621
9057;-3107;15861;-5751;-13899;4556
14913
4261;-13853;1758;14558
-6676;-426;13146;9354;-18029
6523;-12764;4363;10236;-9454;11918
16049;-17928;12536;121;-2301;2349
2787;10548;-15974
11907;-15417;-10108;14766;-11983
-15843;-14280;7737;15643
8274;-12653;-2285;9311
12819;-10071;3995
-6513;4212;5099;10797;926;-7776
17561;-11754;940
-10848
1447;9401
-9061;6020;6422;-17369;-4750;16078
-7748;-567;-6712;13468;-4846;3743
13818;15786;-15933;14396;-830
3170;-4663;3694;8654
-2674
8980;5981
1313;-14035;1002;7501;6894
-7793;-7366;13549;15326;17631
7413;774;1658;-15532;11789;671
-6774
6776
-10713;15048;14731
4567;1738;-17182
6960;14008;16282;14618;-29
-4065;17925;1749;12058;3692
-12802;8866;-9517;6668
-8472;-12858;-17821;7596;-16191
9698;-8884;-3110;7991;-3003
-6797
8405;10680
17249;1841
-15397;6309;9399;-12281;9758;-12784
2036;-8841
-8321;5604
11282;11907;16392
-7218;-12867;16151;16938;-16140;14045
-5219;-8964;-8441;-16960
2720
1593;-4621;-11982
-1554;8534;-2440;1562;3694;9310
-6305;11348;-7768
9847;7004;-14127
11152;-10263;16505;-5067;-5199;3791
3814;17623;-17578;-3642;7146;3567
15477;12091;-2348;2094
-7522;2387;-1702
-10936
4466;-1443;-13959
-10937
-2746
-7140;9885
-12914;-10069;-8249;-187
-8023;1623;-9000;4460
11687;-747
-17905;18134;5866;-12283;7021;-7679
9920;-673;-10572;17725;16845;-5918
-9164;2315
-15507;-13363;1996;8877;5646;5502
10314;17996;13773;2109;-479
12081;-6919;-9499;9386;17148;1039
16308;-365;-13181
4597;5575;-4110;8990
305;12113;-11445;-12997;18297;-17231
1730;1926;8504;6316;-1230;18287
14261;-6072;-1327
3843;-2440;16344;1406
-7813;2615;-1657;-18253;10046
-3714;11643;11451;-8414
3489;-11785;5503
-7825;5899;4796;-78
2796
-18111;-5167
-15821;732
-15106;15448;6861;16078
18101;5183
-15093
-9058;-12195;9826;17043;-7929;17405
-17096;-217;2217
-6905
15097
11003
11005
16416;-17170;6273;11731;4518;1528
6914
5088;18211
15108
9667;11092;-1551
278;-5276;2172;-8192
17157;10502;10711;12568;2601;2543
-9841;11093;-8187
-18081;-8309;-12089;6968
14267;-12494;9263
6192;18033;10220;17551
1011;5288;-10298;-15230
16240;-1107
-1940;8883
14464;-3559;16519
-3585;5913;-13405;12205;5822
-4404;3000;-2955;-6879;18190
16769;12211;6899;-5033;13689;11578
-8824;8765;9231;-6304
-6279;-13100;18205;15373;9230;12207
1826;-12714;-174
17025;-4853;7083
-6406;8102;-7689;-5072
9568;9969;3830;-16396
-2559;-16704
17704;-12331;-8253
6746;-13053;-17054
11684;-17687;-16218;7052
-3890;-3783;-12444;-7344
-17666;-8517;-17662
-13926;-3991;-9544
-16642;8355;11172
-437;6823;-9275
-6993
-17537;339;17335;-10185;5480;-10618
14614;4955;-9517;3710;-2672
4384;-3812;10490;29
-4530;-10949;548;3111;-12442;879
608;-13827;7797;-5783;3738;-11820
8098;-17846;16748
7004
10123;-7215
2909
-13903;-5391
17840;-962;9668;10615;2615
6865;11730;-15559;8647;9005;-9583
-8564;-16549;-2805;-2454;-12448;11231
7896;-14911
-9205;-18294
-2924
12516;969;9918
16161;-15671;-9181;-2464;14079
18096;13500
15121;-10074;1980
3936;1410;13571;-13670;1191;590
11128
18310;4839;8459
-3059;10094
-12297;9357
15227
-4295;1352
-17829;6693
-15236
6880;10775;-16218;13802
2869;15558;-5440;-10032
-10484;11445;42;14250
15544;5290;-17355;-6447
3860;937;3900;6558
5043;14988;3423
8576;-13089;-1879;-683
-4100;-1238;5189;13722;9035;-11437
-17889;10232;-8666;13850;-4891;285
15270
15271
-6612;-14999;-18238
-1189;-8263;8535;13419;-15488
16677;-13689
-2563;-6083;-6949;317
1744;-9348;-1461;-13863;4071;3578
15282
17411;5432;18201;-1197;18349;14431
-3923;-1827;4237;12701
-17057;1769
-11158;-38
3003
-11198
-1674;16973
-10882;353;11715;6360;2412;-2848
11872;-3285;1079;-17177;2268;-5966
7117
15312
15904;-4135;11737
16674;-7301;-16502
-6610;-10931;-10068
1924;329;10189;-479;-8928
-3270;-8615;-16792;-7128
17155;-17034;-10715;-8829
-15330
-11235
-1413;8789;-8858;-13856
-13397;-6759;-11567
1616;5533
4002;-7056
-5353;1899;399
-4949;15095;-16667;-12924
4881;-739;11208
-7159
3063
-8308;7974;7177;318
17128;-7085;9231;4271
-17255;-7162;-14587;-9566;8639
11081;-3917
-3072
7152;-17123;2307;-1256;-15579;-7246
-4421;-17820;-9485;16365
16883;14862
-1794;-6820;-11336;12682;12139;2300
-7173
7059;12405
10135;-2959
-9868;-13695
2801;-7301;-14968
16579;-14438;17463;11992;-8032
-9236;-16283;6047
2371;-5385;-8765;-574;-11216
-18034;-17907;-9277;-9200;10367
16040;8281;-4845
8803;-14612;10324;-11147;-8749
-17076;-10597
8454;1704;-9289;-11023;-17520
10546;4843
-358;12774;-5215
7109;15402;15483;18367
-3186;12213;-3785;-10857;-5691
11305
5123;-17502;-7120
11307
3117
-3122
-16354;-18214;12344;7278;14127;-2304
-11650;14776
2101;-5228
11324
9875;17275;8750
8128;7680;-8579
116;3018
-11314;11218;12803;13640;-18379;-736
7233
17075;1219;17613
-3141
-11913;-15805
-13234;-10389
13538;17879;8808;6361;9806
-3953;17840;-16315;-4815
-13638;2298
-9553;10786;-8259;8708;5561
594;-14990;9023;-5968
-594;-14327;18074
197;13208;5017;9372;-13342;9182
4836;7750;-6797;-8944
-9460;15847;-1898;15053
-7905;11908;-4937;16380
-420;7679
-13491;7187;-10572;13707
18279;13565
4752;9745;-467;3698;1829
-11368
-7272
-9138;14838;-17068
15469
11604;8615;12792;13577;18042
1546;18029
9488;6243;14388;15542;1213;-10912
12897;14878
-4997;1797
-13507;-7049;5067
-13895;4104;3849;-9549
-747;3951
10548;16293;5595;-16944
1043;15445;6392;15352;9244;-11503
15589;-12697;1262;3151
-3187;11383;10457;7883;-1327;-9712
-3211
13168;-16383
4257;11121;12997;8010;-11246;10845
17398;10363;-16351
-14850;10386;16978;-13575;12472
-14132;13475;56;-17630;-17760
17840;-14617
-3225
-13937;14546;-11347;-8873
9756;2716;-9246
9137;3506;7619;11610;8222
-9941;-17866
-17830;-5882
11601;12213;-12390
-5490;3108;-9046
-11436
-13350;-10487;-17339;5580;15967
-6020;-17608;-4698;15561;349;15662
-3716;-3422;-4303
7347
6176;10416;-9243
4313;-15760
4320;-14473;-13582
-1287;4614;4025
7353
-17345;-4497;8483;3732;-4473;17358
-11452
-12466;-7178
-8465;17601;18370;10215;-14542;-15823
15860;17771;2655;3839
-15550
-8466;15189;-4055;-14123
6022;1339
-3273
5543;11848;-11787;-12221;3343
-11363;-11125;7636;-4808
-17841;16707;14115;-9701
-5971;-7797;-10000
-14579;14568;15771;11179;13244;-30
11936;-6163;10101;7903
4667;-12526;4558
-8337;8871;-13067;5338;-12606;-16272
9911;15914;14346
-6626;2882;9428;5821
11616;-17010;-3621;-3976;12824;-7247
9026;-6585;-202;17467
-15553;4035
-10966;1736;11258;-12987;-560
11519
13271;6248;-16191
2614;717
-15462;5624;649;-4090;9947
-8786;5905;3306;-8464;-15776
12725;-5292
2373;-9808
7446
-9767;-13037;10174;1087
17718;-14363
14256;-13411;11780;15307
15376;-14998;-3738
6298;9131;11197;9503
-7461
-10036;-7220;-4135;-18327;1958;13915
688;10985;-3723;16926;-4591;-16912
-15671;-4391;16278;408
-17078;-14972
-5601;-10903;-2681;13356;-13934
-1297;-4372;3157;2043;-7008
15673
1029;-17592;16152;-16347;13371
-11583
-2567;-9019
-7153;10674;5653;7241;-4829
-18216;-13854
17349;-14711;12647;-14712;7593;-11564
11595
-3404
-2462;-17327
2419;-949;-7173;-14093
-3267;-5369;-13242;-18398
16739;17110;2615;-12573
-3185;-14995;10340;13611;-13280
-3173;3833;-8828;-3439
9033;10765
11139;4564
-2520;985;17420;12749;15741
2397;1021
4434;-3460;-15495;1702;1208
1299;1796;-5605;14122
11585;-2679;9419;16316;17933
11615
6032;7716;12500;-17095;-15097;17566
-4420;-8788;-16024;-8253;2542;-5359
16682;-5051
3445
15556;11716;7077;14042;-12175
-7764;-3878
-7547
11647
6418;-3381;-614;-15609;7167;-17920
5128;2428
-16113;-10660;6324;4697
-9685;13150
15336;-3674
11666
-8375;-6395;13963;-14959
11671
17878;-11224;5018
5283;5131;-13900
11537;18149;-5720
-3937;-5383;1737
-373;-8649;-6041;-4812
-7591
3495
15111;-4847;17807
15784
-2066;-3150;-10575
1202;-5685;972
5568;-14309;-16665;-5324;-17838
14550;-10168;10920;-11790
-6785;-14664;-12570;13146;-5982;11054
-17313;-11858;16692;-10333;8972;17356
16246;-9367;-10396
-18385;2579
-11700;15767;11739
16311;1962;-14752
16592;-277;2777;16617;-7611
-17114;-2795
15821
-6567;-11101;10030
-15893;-8149;15124;-15478;18358;-1600
4915;2728
-14386;3414;-10716;8907;9230
4499;-7990;-12953;12892
-13683;14260;359;13271;-6106;11835
-11755
5601;-3683;-9446;15608;11868
-1233;12801;-6117;1562;17037
-11764
-14153;-6828;7661;-17390;18094;-11439
16208;13715;-17431;17945;-1420;-9052
14003;17673;9546;16493;-10799;18111
11522;-13979;10141
-8487;13528;-1869;-14957
-5937;16513;-1543;-16072;10633
9496;16491;15596;-17501
-15893
10386;-3684;15322;14348
-15898
12865;-14455;10919;11610;11117;-12063
7969;13330;-12085;-16923
-3615
-13220;8791;14909;9518
-1592;4315;4988
9860;-13292;9420;2415;11599
-6619;-6843;-1165;11006
564;16421;-1961;-3210
-721;12542
-13297;11776;-12721;-18004;-8188;-4158
-14054;-17336;3179
7730
16929;2275;-9030;-13814
-6177;-179;7875;10314
13664;-10901;-120;9193
-8687;-3152
8880;-15603;611;-664;14521
3652
13250;16743;-14043
16976;-7651;10967;-4334
5009;-11331;-8249;-14186;11851;-3150
-3672
8435;-6247;2186;14955;17963;-847
-4359;11818;4411
-16241;-15591;3577
-4669;16541
-1330;-10116;-17764;16117;-15165
-11880
452;454;12695;18329;8622
-6513;14769;11817
13490;14915;-1092;3717;11848;18157
-17299;13606
299;-8093
-6130;-1090;-16960
-14804;8709;-9901
11901
13457;2357;7976;3689;814
18097;10577;-6403;7636;2838;3743
-8146;5539;3635;4518;-1821
-8529;17472;5475;16553;-6766
8880;5410;-17780;-4333
-4433;16352
3216;-1809;10516
-7458;-4484;-13704;8988;8076;-3343
16537;10396;-6814
-7857;5653;-3110;15193;-2047
7832
15415;12552;12638
11933
16881;3251
5444;-17387
-10892;-10173;-16096;-3456
-3859;11317;-11212
-12413;-11822
6096;4373;10486;-9001;-7724;-476
-4614;8376
9264;-11377;4137;12010;-13547;7374
17360;4443;14157;8765
-8469;2088;-13771
-17524;-17557;-17944;-8090
4544;4580;-16991
-707;12933;3145;-11600
-5891;16418;-2358;-2505;14492
16065
2531;1428;8900;15499
11979
10482;9689
-10386;13012;1285;14009;-4156;-17552
6389;10680;-12303;11311
-16080
-15142;-7753;10910
13729;2421;11959;-16282;4254
-4833;1009;580;-16939
-10613;15367;-955
13986;-17109;14796;6317;-1902
-14308;-9275;-12990
15504;14915;2060
-1865;13865
7905
14178;-13365;16550;15118
-18037;18069;12200;-16045
5184;12162;5795;-14615;-4713
-9669;7316;8300;-9518;9613;10062
-3190;-12237;-13325;-957;5407
-12016
-9634;11963;2733;15149
11712;-4337;14835;-8069;-8134;-18029
3832
6440;7401;7594;2878
-1262;-2575
48;15283;4964;17063;-10495;13838
4256;-8096
-13913;17753
1293;-17423
2483;-1625;11449;-8462
6907;1038
16708;17012;-14764;9758;-63;-12512
5205;-16070;-5279
5778;-12645;-17814;-7848
7300;8215;1704;-11547;-14957;-6863
3861
1094;15110;10776;11211;6637
13014;-953
17461;-17510;-8008;5018;6909
15057;10499;5847;-11161;16140;-12031
16424;12697;3423
-5666;-7959;11499;18286
6436;13821
-12068
-16134;2109;17901
9239;17833;17769
-7384;9913;-3035;-7515;11902
13186;11898;-348;11918
12132;9577;-17819
5003;5263;-6368
3264;-4834;-13028;15187;5220;-1910
16498;12787;-7813;-249;-5035
-6885;-6999;-2313
-7334;-12959
8010
1379;5924;9962;1004;6125
6324;314;6379;-909
12109
3076;-12350;17294
5104;-17780;14358;8519;1917
8025;11259;-14670;-15326;-17792
7493;-17817;-3673;-5117;2893
1619;17940;-18294;11317;-5063;12799
-598;-7435
16417;12098
-16231
-8442;16059;-2460;-18301;-3088
8259;14435;-14655
4768;-16984;16159
-9092;-11240
-11252;-14324;6986;6444
-18257;5440;-5493;-7436;13598
6579;9430;10503;18265;9354;-5117
-8785;2112;13312;9611
14146;5448;-5723;-2540;9019
2997;-4552;-4921;5817;-8541;-7056
13072;-18331;1290
9314;-1247
-9157;-16982;18071
7584;18162;-12596;7205
753;-6203;17615
-759;15143;17355;-7279
-12804;-14680;10632;-7611
-16272
-15652;-12911
-11140;11349;-17385;4989
12189
-9217;-15266
-16292
498;16274;-13721;-11466;-11978
16032;12231;-7870
4010
-8033;10529;-3413;-15799;10457;10270
15827;-12388;-15655
12217
2545;17332;16534;13767;-12923;-8652
2213;3061;-13417;-8057;3979
-3484;10254;-14895
-3666;9874;-8983;-7817;-18188;12462
-3187;10051;-9962;11226
-13160;-6923;-4430
8121;-9514;9595;-15676;15404;-3887
7300;6629;7190;12311;7481
4050
-7937;11989
9880;-13936
-5114;-3039
17333;15973;7615
14837;1445;-12223
16350
-292;14613;-9289;-17290
4208;2752;10980;9620;-8537;-6764
16848;9685;2111
8144;2948;-1110;7639;-10237;-11455
12262
-2647;5325;-10847
8628;6420;9108;-166;3686;975
3682;12851;12121
9073;-2452;9507;16637;-8207
-15223;-17529
10950;17708
13094;4166;-4985
13970;-731;-8764;-8560
5956;-202;11465;11180;-5389;-6637
-8946;3364;7844;-14970;427
-8646;6091;-17918
-7077;15732;16614;6406;8219;-11229
14800;-6355;3836
11136;-17908;17717;11110;-4331;15039
