5922;-11396;-6815
14693;-3115;-12747;-2928
1877;-11302;14518;-17384
-9553;1355
16390
17076;2021;3816;-18074;-7326;10687
4944;-11875;-8042;6282;12795
12300
-4259;14008;10746
13344;-16055;-12460;-1932;-15583;8094
-21
-49;-16307;2581;-5769;15913;3609
12311
12312
18165;-251;16043;-5261
-16706;-16181;5812;-10714;-11659;12558
-10547;-14058
16754;-8868;-7920
8230
-15331;-9434;14298;6091;-10463;2511
6018;-6468;-2837;15615
-12331
1136;-11810;-11706;-15963;-10763;-16476
4294;-4236
10832;-12217;-6283;15919
-5377;5439
-18404;-3237;1254;16631;15098;-11279
4402;-15140;-11848;-3515;-315;5868
17106;3443
2914;-6247;-824;-16364;-16414
-10534;-4518;-8110;-18287;8431;-8016
-4385;-3745;2215;-16665;14121;-12096
-12364
12048;12896;17948;-18239
162;11538;1604;12396;11246
-15843;10164;7225;5835;-8941;-14910
11100;9469
6068;-7735;16220;-10366
-4190
-2401;2307
-2977;-15731;15494;-17360
-4192
8132;-11431;-15352;3356;7007
13650;16246;15271;-6331;2220
7344;-6469;3319
2304;1891
100
6384;-13398;2813
2816;1389
6918;14458;5453;-6239
-6306;-2981;-17413;17021;5471
-1965;6173
-17601;1256;-11947;-12783
8945;-11351;2521
-12405
-9013;11573;-4934;-18224
15475;-9638;2633;-160
6210;1380;-319;-13087;-6591
11232;6850;-14599;-17881;-2109
10432;8194;17492;-7322
-18164;10996;-9343
-16497;4079
-5329;-2514;7813;9654;13655;-14954
-12422
-8327
-17076;8746
-13610;13470
-4502;8790;-9736;8792;17276
-13989;10950;-2663;-568;15370;-8958
-16527
-12850;-10466;12357;-11383;-12363;-6398
-13877;-759;3516;-17696
-2306;1876;-13734;-5625;-17481;-12027
8194;-5318;-854;-12713;-5838
8337
16534
15760;16307;16103;3975;8184;-6927
-6821;10325;4843
-157
-16049;11575;9273;-6554;7082;7119
-11397;15652
-17177;12763;12766
4256
-7153;6992
-9990;-8040;1482
8356
16484;-5718;-2410
7152;-11418;-9773;-2510
9123;10835;-8059;9899;-14655;1215
-9859;7763;-13350;13174;2105
18066;10773
9217;13411;1095;2840;377;18285
4267
9993;5785;13067
-2165;-3190;6765;2862
7300;17452
-962;6070;12870;-18156
-14180;-16660;11238;-17440
-2435;-12777;506;7196;-16848;7791
17396;13493;-1462;-15144;-13370;7465
14579;-15141;2581;10453;-9767;-2896
17010;-4311;2251;-3805;5437
202
4772;5573;-12169;6124
-13266;-6405;7174
2091;-14590
-3057;5449;6014
-216
-36;11401;-2108;13132;-13982
-11931;-12864
1776;-3525;10117;967;15272;188
14481;-7493;12310;9469;4221
4316
223
342;-3901;-13054
-16615
1698;-1979;-16335
-16929;11024;6138
8848;9088;2897;-4073;-16105;-4986
-2529;-1025;2979;16644;-17493;-2912
-14326;10903;3787;-605
13953;-14819;2099;4437;-5354;-8750
-3076;15606
14145;8420;42;14010;8684
14768;-11875;-5608;-11018;9514;-125
2245;6198
15508;-11161
13874;-11593;-2028
-16642
-4361
-721;455
4363
269
-18066;12006;14489;-8699
-272
-5156;1587;36;3925;-8859
-16130;15854
8674;-11495;4459;-1919
17909;9719;-15707;2202;2543
12836;12680;7535
7040;3472;-17349;5621;-16856;5498
-16670
-18083;15667;2006;16231;-7753;4507
-288
1698;12006;4649;4505;-5644;-541
-3051;13643;-10302
18048;-2210;-4796;-2557
9956;10822
-4396
-16044;-13501;4669
-12563;-4181;13335;-8761;7773
17376;1842;4117;12855;975
-12261;16788;5159;12347;6940
-13574;5672;3503
-9979;-3852;-4141;-12174;-2927
-4409
-8509
-6739;15842;13492;4166;-5706;3838
-14482;835;18062
11520;13383;7705;6299;-10060;-8048
-3289;4203;11695
-8520
13107;707;6197;17014;4263
-7987;-17670;-3014;6599;-17417;-18185
-1210;-16491;11834;59;5309;9021
10416;-4466;11844;15173;-8061
9440;1109;-16200;-8283;5099;17358
-12588;17404;-384
-13137;-2305;-9472
-15027;3986;11380
-3762;698;-11389;1823
-4083;16469;-3851
2465;3656;14540;-12173;12335
-1281;10833;17219;3748;-17888
-344
-7010;-5622
1744;898;-16357;-17669;-10533;-3485
17617;-17964
4516;3206;13063;-5597;13837
5200;11510;11591;17548;2028;5725
-772;-10661;7734;2886;15112;10632
-2742;17813;-15515;11546;6733;7101
-12651
-3361;2755;4730;-4540;-16189;12141
4293;18185;-6155;15322;-10797
16928;8256;16148
3432;6650;-5613
-16021;10935;9336;-3872
14672;-12372;-4294;-13574;-9391
-7622;-8940;-12494
16416;16914;-16906;18233;14879
-10324;18419;-8391;-5451;-9871;-17536
7073;-119;-6567
1171;2357;-12111
2528;-4145;-7315;8540
-393
-12681
-10983;13095;6311;12888;-8624
-16423;951;15070
12692
-9717;-7253;-2677;-15484;-6238
3820;8877
-4507
3120;-14219;14508;4269;17309
-12705
-12740;-8292;-12774;-9479;8632;13754
14161;2643
16307;-16790;637;-8768
15361;-14662;2296;-15706
-6552;-778;6907
2740;-15453
-16582;-8423
14401;-499;-13471
-4082;16803
4530
9217;-3401;4794;-4189;10399
-4913;17638
-3185;-2353;5099
7169;-15801
-9446;-7383
12962;3871
-10113;-7844;16489;12335;-10416
9571;-17978;8158;4798
-16546;4901;-1319;13421
-530;-14899;2086;-1886;-5712
-17293;447
-15092;-2231;-1786;7417;7133
-7094;-2378;18313;12108
-8035;5347;-5382;7596
-7186;7044;5510;-2808;10203
5072;-17836
-7505;-8599;15627
-15557;10821;7558;5850
-16129;-18231;-11178
-7332;11913
-8965;-14842;-9562;-7037;-10431;5294
-15682;2435;-16841;6250;-6908;-6606
-1110;-3482
-4593
-16033;-3637;-10870;-10824;12191
15793;13124;-2184;12473;10447
-12791
-11144;-9839
2315;2283
7462;-7179;10447;2063
-5459;-12308;-15933;3500;14509;-1200
-3243;3758
-4612
17636;3359
-17585;4781
520
-18356;15109;-17693;-4158
13538;7463
7156;-9653;6974;16527
-1798;-7511;18331;-8496
-2705;5280;3521;-14331;16955
16802;-2682;13803;9647;-5968;-10592
-12824
-8489;-12527
256;-5244;-11933
-4634
-393;14378;15244;7438;-15648
-4081;-6073;1420
14752;17138;-15158;-184;16762
12932;-8294
-10971;6330
-17138;11650;16837;17868
6195;2901;-359
-5313;9072;1030;-15912;-5808
6457;14188;381
11538;-4103;-13897;10169;17324
16424;-3050;2859;-15678
18336;-9589
-792;235
-4654
12403;2774;-10521
14869;6173
-11526;-9176;6909;10206;-5168
17320;10952;-3134
7382;17757
12832;8360;4777;-13116
-1873;18160;-16856
-16996;-4597;6741;14282
542;1134;6623;16847
-2614;8856;6618
17043;6133;2310;-14009;-10905
49;4196;3732;-12650
12873
-8780
-17621;17033
4683
17842;15988;4309;16149;12965;-1128
11958;-11368
4097;9140;20;-4473
2643;-3017;17352
17154;-4271
11680;-5077;-1429;-8950;2421;-11530
10947;-4085;9764;-9323;9677
8788
-8449;-9242;-331;16746;-11613
-4702
10162;6664;-5369;-15776;-384
607
15283;-7830;-18311;8138;-9629;7645
-6514;3669;1386;-11438
16394;12139;13036
-1474;-14322;16887;18152;-17423;-6527
-11044;11655
17141;8935;3211
-17138;8435;-325;9644
11712;-2903
-9684;7061;7337
16577;8964;-6759;-15131;-16560
11638;-6922
14432;-13652;-5897;-9692;8652;1439
-16337;9778;-6296;15399;-14764;11597
-177;-2053;-10312;1646;-2511;18127
4083;-916;-2541
7331;-6704
11305;17995
-12917
-15250;513;16692;10966
3587;-7461;-13816;-6815;7054;-15952
3842;13176
17019
18433;-14168;-6542;10637;-11438;-5759
4742
-17032
-7250;16089
-2940;-9996
-3617;17912;-12218;-11484;-349;-11374
896;12041
-14213;5563;3902
8844
12942
-12241;1764;-17593;4123;6093;17198
12838;9496;-17583
-9393;8881;-12757;8695;506;-8877
5170;-7640;-9882;14201;14829;-7824
-15841;8960;-8276;-4805;-9373
-4760
15046;742;5304;1049;11291
-483;-8084;-3589;16917
-4209;-12434;-14980;-8150;6135;-7993
-3667;-17843;-13285;-5317;11915;-17536
-1399;-8536;9257
11410;-6666;7689;-3563
-6858;-11738;9725
-6427;-14733
-6210;13075;-4933;11036
-4401;17441;1506;-12055;6425;-43
-7060;-2221;9967
-14275;371;4102;-2856;12519;9022
-695
695
-18070;3366;-12200;-14752
2209;5464;17599
17081
12986
2992;11746;17843;-12936;5452;-16207
8613;1557;14663;3049;-555;6142
-7749;-17533
10705;-13782;16071
15816;1336;-10891;-13165;-1999
14544;-15255
6072;6927
14033;705;17091;13590;16733
13000
-10436;10825;-15006;-10639;12254
13001
12400;7937;-1174;-14968;6891;1916
-15571;2217;3274;-15212
1078;7831
13008
-3107;5202;-6773;-935;2969;-6271
5968;-673;5443;3365;7100
-727
-13524;-5608;5624;4299;-3807
-9893;9163
-10212;-1532;-17774;7053;14446;-13200
1233;762;-10927
13031
-9906;8594;2067
-17141
-18273;-355;13142;4728
7315;-18406;-7693;-10655
8960
10515;-16997;-1728;7439
-9587;-3446;-4123
-3698;-15908;1769;8123;18236;-17486
-776
-14262;-4153;5272;74
-4879
-1060;-6088;2105;-18012;7341;-1455
2417;-14025;15145;-700;4973;13455
-15811;-1363
-8465;-17000;-17113;827
6530;10645
-6198;-2104;9096
13089
4147;16614;4617
-1089;3365;-17911;16438
-16583;-17304;12666;8126
-13908;809
9002
3058;-12062
14313;-6220;-13037;-12255
17204;14953;-2670
13328;-1954;1737
8779;4335
-830
1841;6;4938;2238
17216
-834
-4533;-13973;17671
-7675;-2220;-11421
5153;14402;-12452;14213
-4229;-4800
16880;-17097;-17515;9099;17407;16639
7063;-16094
10930;2986;15597
-12102;-5879;-11163;3724
4940
-13134
-6385;-6749
4943
-15203;14380;-4128
7686;-6831
1536;3984;12754;5556;-9482;15181
12353;4868;-2615;-9261;-13342;-9247
-5860;-15481
-11955;-15299;2052;-3830;15879
3831;13423
-16661;15789
7461;14422;-16910
17263
-5685;-12966;-5528;8458;16605
-2435;1550
4981
-888
-15018;-4365;6205
5008;2193;-2215
14119;-4155;15502
-1729;947;422;9591;-10126
11253;5916;12398
-2450;10535;1007
900
-6433;2194;-899;7706;10620
13553;-7814;-10935;-2172;-1726
640;4019;6196;-13081;1324
2923;6171
16250;13326
13760;-8689;2466;284;13405;8351
-6369;5876;-13577;9899;3261
-7537;16946;13796;-14090
7009;17638;4958
1812;16373;-15592;15242;7675
3809;-131;9783;15304;3661;-11007
-16285;-17423
-6451;-16707;-5846;-8471;-4429
-8977;8166;10487;8522;7291;31
5040
-15042;438;15549
8768;17413;8106;-4667
2708;2201;10106;-13277;15598
15667;9862
-12308;2536;-3472
-6418;-14707;757;-5168
4833;11289;-17083
-6913;-12432;18383
-289;-2869;3413;757;967;-2943
-14002;14967
-18181;12197;15561;-13786;3242
6976;16420;16297;7626;-9484
-6997;-16456;13257;906;8317
6727;-7707
9173
-8273;-9042;17123;-790
-1827;11364;-14616
-14529;-17986;14200;5039
-14705;5296;-372;-15400;2744;17353
17603;-8602;-8954;-17419
-17221;-16537
3312;-4304
9187
-1000
-17009;-2834;1762;-12631;-3340;8476
-1003
9195
9840;-13203;-4100;-5829
10995;-11578;3978;1709
1008
-7905;14208;-513;7507
-9202
8640;-2708;7368
17120;-9045;4040;-2910
9206
7365;-6071;3819
-17910;-14888;-9180
-11857;16166;-7704;-9016;10522;15195
-9845;3701;-11262
10741;-4614;91;-10223;-9312
-16483;4105;-9134
-11745;183;-9162;15595
41;9183
11606;-17096;-16025
-10241;-15236;-18183;-9423;11087
-6265;1132
3089;1015;-17438
6962;12652;11404;15085
1049
9349;9592;2591
15888;9745
12963;2875;-14781
-7154;3090;-4567;15755;10331
12948;8343;12551
-3859;-5652;14326;-9594;5854
-7571;-15588;12677;13989;-12571;14237
-15393;259;10788;-14765;13934
5794;-17766;-10042;3147;16348;7695
9273
8630;-3145;-12652;-4348;-2158;302
5184
-10274;15463
10549;-3736;13497;1263
12480;-17506;-11123;6440;11483;7518
-17650;-9083;9247
4722;4573
1104
17771;-12238;-6640
-16289;-4037;-1262
-9302
1109
3568;-8337;1588;-15614;-2800
-4788;2676;7322
-3094;-6392;-5531;16523;-2623
-15201;-15761;-17339;13935;-3616
1288;-18217;-13210;12635
16401;1686;-2296;-17561;2890
-5220
6753;-9779;11525;-8986;9259;-13996
17043;9572;14388;14856;-5578
8482;-17163;-3564;-8476;1371;14124
-17515
-17170;-2498;-9835;-46;-4351
10080;7920;-1461;-17672
-17518
-1602;468
2226;-3360
-11266;12069;3366;-15416;1917
-13508;3141;-10088;-12923;7663
-17841;12408;-16190
13744;11987;1270;11290;-15597;-1070
-4132;-2852;6856;-8298;3499;10172
5664;946;-1846;-14342;14824
-17506;12276;-3957;8036
-13397;6134;-13482;7305
-9345
-16180;15021
13447
-14305;-4423;359;-14028;-17917
12961;11842;16843;478
-10785;-9092;-14122;-7423;18207;1567
-9778;-10551;3385;-733;12413
-9298;-2094;2031
9042;7125;6454;3353;12380;16063
-17585;4019;6842;-9005;6367
-12497;17546;-14412
1571;8325;16535;-10461;-14799
12551;9992;-922;16414
-3329;8051;2099;-8869;16164;11639
720;14883;17564;4878
14736;-6056;8794;6155;-18352
-13471
10048;15798;8105
16277;5389
-10118;11307
-15913;-5758
5287
17578
-6092;-9535;10334
9389
11474;-12595;-10694;14728;-8207
1200
-14369;-6132;2724;8894;-12799
-12867;-8597;15781;-13256;1832;7705
1955;-3167
-5106;-16587
-10130;-16936;14279;-5977;-7035
12452;4468;687
-7750;11013;14345
-4568;-13048
1073;3698;12263;2760;6014
-6094;11423
-5337
-11587;14484;-16282;-16528
10162;-16597;-7800;2156;-15166;5519
9404;-4270;-6383
-17253;-3914;4015;11807
16594;-3477;-9819;13805;-15854
-4226;-17507
-10578;-12263;13127;267
6306;-4521;7864;12091
-1263
-9467
-13154;-6499;-16339;-5017;-7358;-14350
10000;18266;-14060;-640
10930;7715;3227;3983
-5862;5928;5243;-4028
13571
11713;-9780;-15255;-15531;2989
4656;17168;-5131;-3118
14806;-1229
5629;-7295;558;2398
-6227;-5127;15256;-10171;-11406
14069;-7258;-2955;12350;-13903;11279
3168;-12658
-14659;-6469;-12999;8790;15847
8244;-17735
9456;-6138;-12811
3095;11768;-716;-7294;-1455
-1303
1309
-4305;-5166;14878
-16006;1739;-15725
-1668;7084
-14066;3062;-4891;17772;-15487
1953;1542;11689;14811
17058;-16454;-5928;10215;-6217
17709
12419;-17844
-13045;-13741;-11407
-4994;9364;-10654;15805
2499;14900;12603
9524
9857;9924;-17414;-16314;-7868
-16068;16804;-14582;-3802;-5772;-14782
16340;-3366;-12726;12965;5383;-4971
-8265;-9305;-7404;-13229
10593;-8755;13509;-5816
-5444
-10150;-2730;-11228;-5405;-8701
-435;5218;4082;-6679;15881;-8526
12336;-12200;-1488
-5449
12626;-10712;-8168;-7388
-13347;-16423;-4312;-4136
-9841;10832;3969;-10264;3097;-11438
-2228;-3227
7676;-3342;-5006;-4784
-13657
5466
-10842;1274
1379
13641;8218
-4049;1842;5543;15516;-9280
-17156;2981;-1864;-18111
9392;1093;-6284;9470
-1539;-3942
16724;1046
11538;-4613;-16998;-15910;4111
7364;-2438;-3533
-13682
-13683
-9588
-16513;17910
-6883;-5268;-13824
-13510;10934;1177
13689
9107;16182;2598;-14987;15515;9853
11909;-6407
-4049;8898;8324;-3565
-6468;11982
5515
325;5191
-5889;-2107;6575
17283;-15606;-5127;14538;14910
7715;-14677;-10396;3646
9281;-5971;5318;13276
-7223;-2398
16933;9071
-3773;-1759
-14084;7672;4974
8114;1518
-3430;8967
-15683;-14109;7870
-4504;-17423
11572;-15062;-2150;17930;-17836
9138;3831;-17784;10361
-10753;-15276
4340;16510;1086
13746
9654
14209;13683;-2807;-16856;13720
8017;4541;-7135;-15088
13846;12204
17045;-9084;-9439
-5174;6059;-14654
4464;9329;-16647;-2792;11227
13076;13269;18293;-14479
-13776
-11137;-14927
-699;14475
-6994;5618;-2388;10217;8858;-13820
2202;-11887
-7626;6121;9977;17227;-7823
2068;-8041;16092;7759
-2262;16044
11218;-11348;1625
-18114;759;7594;-6843;-13021;-544
-2813;-10974
-10903;-5978;-17390
-3843;5348
-2353;12053
-6161;6386;795;-1020;-1518
-9953;-18197;18311;4219
17008;-10599;6102;15801;1147;-15647
-17911
4192;10390;-13056
16048;2584;-3483;18282;-3230
3313;14601
-9672;-4153
-3170;-470;10198;-1047;-11144
17923
-10609;6001;1015;17403;-8175
15943;-6568;9496;3150
16740;-13434;2331
17927
-10241;8697
13835
-5645
-10440;-7500
5840;3914
17947
10673;15564;12190
14610;8792;-15626;1979
17952
-15798;-16391;1947
5666
18166;13598;2575
7296;18097;-8740;-2790
-16898;-16724;-5062;5880;1880;-15710
11145;6842;12218;12335
18258;14824;-10187;-8702;3773
-15473;1601
9649;7096;-16201;-9644;5245;9534
-8625;-1153;-7858;-16676;17291;7244
8755;-5878;1597;-6766;-7488
2346;15628
16197;-12856;-5625;-14604;7103
13882
513;-3507;2550;15821;6302;-15984
-8130;13827
-15793;-10385
-12067;-983;8014;10735
-14626;-16147;8708;-3238;2889;8521
11345;-9379;-7047;3446;11432
7920;-546;17746;-11785;12153;-7498
5705
-9889;7378;-14900;-10277;18411;-8720
12818;-14431
18332;-4432
13902
11621;-12044;-5964;-3421
657;-11236;4819;-1503;8878
5713
-18002
16880;-12662;-10775;11304;4699;16748
-5635;4014
-2420;-3222;-17416;9150;12287
-5826;15576;-4250;17292;15693
-13914
5728
2049;11874
-3555;-11782;-6779
13925
-15240;9502
7442;-1686;8805;13545;-10078
-10691;-10917;-2298;-301;2909;11455
7092;-11673;1241;-955;-5550
11296;-1448
14626;-4102;6373;13353;-10845;-17744
-10176;-7872
-5553;11312
-9380;17733;-5591;6233;-10383;15343
9861
-11108;15993;-12059;3308;-5999
-14203;-9742;5886
404;14388;2229;5133
-6771;-15813;-13847;-2699;-1500;-6110
10257;402;-4875
18073
-3585;10080;-9923;5118
-9729;-15701;13892;-2443
3903;18271
13983
-11569;-402;-15278;17357
-12886;-14023;2503;-4540;2669
-7347;-16038;-1176;-1723
-9905
-14513;-13780;-6541;5630;-17568
12721;-7027;-6773;2797
-514;13960;-3533
15604;-12935;17452;-10208
9568;-11291
5825
-18116
-14839;-10647;-16312;-16108;7022
-18231;13398;648;3418;-8187;-971
5715;12405
-6995;-4601;-18284;17548;-3534;5935
11411;12582;7641;11322;12031
1059;-9782;-27;-1228;11196;8718
7856;-5665;-8033
1064;8874
-5847
4433;4244;8645;821
-17092;-13341
661;2694;16295;-9438;17055;-5024
18147
14052
-4533;-5446;14358;6572;3101
1425;16723;-1429;17818
7424;-16051;18245;345
-14551;491
14063
-3689;9259;16687
18164
8595;2040;15721
-9111;7527;5431;-7338;9370
16672;17270;-7582
8602;5471
-15092;-15366
-11797;-6376
-1790
-6882;8211;4451;7381;13305;12188
10400;3749;18331;10270
-9781;-16590
8872;17502
-15314;-7091;10227;-4900;4329;-5437
14089
-2067;-983;14985;2155
-15330;3653;-13159;-6391;11320;-2378
-4449;6695;5641;2110
-263;-5640
9059;-10869;12120;3227;-9518;14175
-12339;18246
8213;-13356;-11263;-18175
16786;17511;-5944;-7084;-14623;11551
2592;-5987;-8069;12726;-1979;-9292
-787;-3493;15877;12053;3610;3230
-6390;-9911;-13163;10090;10604;-17629
-8577;-8180;14932
15114;-16942
10131;-3816;12796;15485
4851;-3019
15057;1185;-14408
5930
14274;-8341
2544;-4385
17600;-7567
-14517;-14907;3006
-1730;3734;8030
14131
8582;12263;15081;2781
-5941
-15921;17937;-8004;262;3910;7759
1854
37;-12872;-13257;-2217;13609;4649
14146
-18244
-9749;-13493;3255;16743;-6363;-12733
11189;-2810;5771
-424;-16110;14671
-3185;-6871
5027;-920;4183;-14140;-4398;8381
4986;-5132;14301
18252
15827;3795;-14548;17275
1363;4086;-17561;7176;-5129
8016;-5318;5125;12807;-10557
8246;16360;-4764;14815
1890
1894
-1906
10097
-12673;-3155;-9902;-17136
-3714;10948;-11415;-14109
7137;995;-6911;12974
-916;-8294;-4987
-9873;11265;-7406
-13684;3605;-18424;-1692;-4492
-14132;17364;10975
-3406;13519
-12392;14315
-4308;-7478;-2426
-3683;6359;-10383;9631
-1926
1730;-4243;16618;8878;11711
-15907;-6503
10756;521;-2427;-15420;7723;-15373
439;-11288;12782
4517;12693;11557;-6349
6656;6209;17906;-155
9922;-5188;4118;14855;2815
-14801;-657;-14279;-7992;9241;6060
2384;6149;-12871;-18092
17335;17384
-3377;2993;6433
5321;17818;-12188;11487
-5041;805;7624;1435;-13900;15132
17379;12355;10771;-4990;14655;17327
-9985;-7349;-181;13061;10511
12704;-6855;-7383;-5224;1943;14968
13637;16536;3785;-11516
-2750;783
10226;-10230;14824;-15065;4280;14316
-1969
1074;5013;4873;-8986
-17061;6893
13703;-14415;-17648
-8609;10308;-7775
-14484;-6196;-18026;-10332;-10287
-16744;13625;9199
7569;14895
-11380;-6989
18368
-3141;-3078;299;4364;-12718
6148;15637;14472;-13466;16060
-6211;11398;-1739;18220;-3296
-16228;-7111;-2871;6919;-3181
-1995
-10189
16882;5974;-12927;-12832;-15488
-16756;-14054;7466;4524;1101;-17056
10199
-4385;-9173;12133;-8410;-9038;16863
-15121;13046;-16012;3789
-9410;7398
756;22;17624
12322;-11380;1204;-7623;-167;3612
6352;8707;10327;6490;2925
-15781;-7782;-11240
17923;3540;10724;13638;-3497;12955
8992;16977;4721;9141;663;-9786
10626;-9286;-1675;7994;6092;-15790
5971;12388;7833;-7770
-10233
12676;-4171;-17086;10621
-13669;-12056;-13181
8928;-7878;-14423;-7383;-7687;10010
18049;5217;-12108;8236;-1054;12382
5523;4213;-4166;-1769;-18141
-9283;12786;-13877;-12537;-16043;-8158
-4513;-3860;-17887;14398;9806
-17489;3316;8012
16916;13861;4085;-3544;-16959
-1638;7807
-650;10617;4972;-12864
6275;-2645;10734
-12819;-7219;1877;15846;237
-6884;4677;-11097;-3513;-18032
2085
-15894;-11959;5286
-16402;10218
-14377
6187
-10150;-135
-17138;-10450;-15468
-6195
-6196
-11861;948;4038;5416;380;-9214
10294
16629;-16294;-11100;12203;15788;13549
-7554;2617;-5372
-11464;1151
14130;-981;15863;-8936;2526
-1940;-9254;9070
-4723;6217;-7562;-12442
14413
14417
-6819;9975;7608;2488;7739;-14766
10661;16551;7687
4449;-16855;-13725;3518
8224;-1989;-12464
15554;-9075;-13611;-14412;-14190;-15551
2136
-8562;-4612;-14309;6740;14510
-18355;10806;-13369;9545;-4155;1103
16114;14697
5657;-1004;-2511
-8801;10197;13173;17913;2540;-12400
1314;13510;16343;-4444
4646;2218;-16347;-13820;-3421
-6179;3625;4701
1187;6851;-9623;-17914;-11326
12962;5123;9571;-8104;13756;1613
6484;-6395;5786;17195;-5053;12813
-16978;17314;-13156;18167;9100
-1063;6999;16703
6247;-13112;12392;7578;10124;-16973
-11932;18190
12552;14189
7960;15613;-9120
-3912;16312;-6138
10867;-3317;15099
-16833;-14209;18211;-15517;10701;-17294
-9300;14823;1704;-9422;13103;-544
-6273
-13921;3174;-10103;-5806;10991;-6992
-10375
-10983;15642;-2477
49;13380;8119;-8856;-11197;-15967
-10384
-9666;-13013
8596;2692;-6172;15374;6030;8446
-18201;3711
-6388;-8104
6561;11409;-2870;-15610;15001
-5617;-17067
12680;-11354;13167
-3281;15667;18347;-8910;4958
166;-3495;-2927;-4143
2208
3009;-2265;-6171;-13167
11088;8995;-3268;-2155;-13115;-11950
-16406;-14154;11881;5342;11118
10580;-169
5767;-7481;8809;-1658;-3215
-6081;12401
-15252;7323;10158
-13361;14704;-17259;-2700
-5651;-8441;-16813
16852;-14981;9995;-1436
13216;-9346;13960;16842;14783;6031
-17523;853;14270;-3568;-8560
-10209;17156;15821;8143
-2243
-14321;12077
11254;15565
10436
14705;-4269
-6342
-2087;7193;-4620;-3788;3692;-10830
-6294;8411;-8461
-2253
15763;18346;-3183
12482;-10216
-12354;13320;-15806;4381
14555
10400;11245;13390
15281;-4467;7839
4514;17140;-13142;-10783
2384;-1958;-10890
7843;134;-7530;-6816
11736;-5197;-8813
-17907;-17135
9554;9378;-3364;6804;8574
-2276
6691;744;15644;16669;-16991
-6709;13577;-4027;15614;8399
-194;-7074;-7302
8226;-16900;-18186
-5090;12646;13278;12846;-320;5791
3825;17592;-4443;-14686
-16196;-9641;-5179;-12235
-2292
11173;15094;5304;-607
-10786;-17672;11384;13050;-16396;9933
3408;17497;-2222
15618;3070
-14194;5505;14709;-7704;167;16110
14598
-14599
-18057;7551
-4596;13141;-13406;3294;3886
-289;10794;-12827
8193;-10979;12949;-13238;-3399;8797
-10517
-4722;10994;18419;-7611;4813;-15472
10652;16255
2109;8415
14289;8241;2661;-6474
17733;10121;-16476;11437
-2337
-4577;14518;-7495;-12188;3308
15176;7641
-15652;17990
16993;-12373;919;-5610;10602
-10532
10532
-7522;-5634;-18082;-12063
14632
-14636
-12602;10361;6969;12573;5533
9714;13190;12219
10549
13219;-12822;11244;7102
-18337;8513;-8923
308;13685;-10153;14906
-3350;-10201;3592;4234;17692;-18431
-6007;16566
12900;-2426;1309;17197;1838;8414
-10929;-11924
-7139;4758
4386;1733;6679;6871;-2475;-10718
17268;14524;11550
-12515;-11669;13606
-12418;17251;-2202;3850
3744;7681;10277;-13931;-10284;127
10896;9874;-2141;12430
-1532;-5917;18028
-16806;4758;-17307;-11966;-18416
17637;-7052
4131;14038;15467;16155;9948
2034;363
-14142;-4640
2856;-5257
-12626;-5865;17064;8137;7980
-13777;-15046;-16807;11352;-13183
-17145;10638
9013;17978
7105;6151;16491;17885;-8352
15776;10741;-1866;-4394;-8812;3261
2421
9957;-6984;11740
-8884;6329;-2699;7679
-16229;15417;15418;12396
-10995;8566
-13777;-8371;-7928;-5528;-6555;-1230
-17938;-14955;6076;-16189;15999
14718
-15750;-3067
-14353;16957;-17328
-15635;908
13076;-12518;3734;-5019;13054;-5792
-2440
14732
13929;9881;3212
-13602;-2580;-14939
7201;-7078;1354;18061;-17087
2482;14197;733;-14959
12225;12755;11734;6701
-10653
6558
10194;4558
-18361;2601;9386;3902
-15379;-3482
-17780;-12487;2926;16670
16579;13722;-3724;5372;-13454;-11920
14098;7289;-9564;-5245
5779;9315;14627;-10855
13905;-16900;8599;-1068;2045
-7396;809
-13317;-9065;-12877
17488;11658;-6174
14782
-9889;2313;-11306
5888;16273;-11471
-10049;5297;-12499;-8620;15179
17440;-14936
-1938;-13411;8153;6781;-6192
-3113;9594;-4556;13214;17423;-17760
-17923;13971;7031;3531
-6257;12868
4785;-17829;13909;2921;6922
8052;-13975;-16199;1191;6232;17224
-15924;7908;10980;17735;873;1434
-2530
-4408;11035
-16707;5983
-10725
-2535
-341;-5047;6876;4429;8911
-15715;877
16988;6957;7278
11696;2497;-2178;4965;-10333
2551
9041;-3059;-5704;14743;8011
10753;5508;-3271;10042
6577;4251;12205
-3907;10066;-1253;-12046;17885
5617;-16627;-3834
6708;-5992;-4683;-14973
-4545;737;2983;1128;-11053
-6656
11091;3699;-11991;-8713;16202;-3632
642;-485;-16074;7165;6190
-15954;13236;-1769;-2172
482;6021;11639;-7386
3920;9478;-10832
-2573
384;17847;10650;10557
13747;-16917;-2888;-17003
7107;3269;-14502;-14952;1240;7065
6677
17411;-10886;8344
-17426;4697;-2143
10290;-12874
2586
-13842;16429
2832;15748;5399;-15276;-11294
-282;2874
4104;2584
16291;-952;-5496;7532;-12205;13807
12999;14172
-17778;17317;-14424
6693
2599
-5127;3645;-17503
14889
-7542;12809;6970;10845
-9446;-4380;13198;15518
6594;4905;-8894
-15460;13027;-11749;-17104
-10808;-8192
-10808
-6273;-13958;-13848;-5117;16095
-465;-8260;9815;-13051;4939;303
6721
-2500;1171;-17494;-7611;3326
-17347;-13956
12384;-5106;-1257;-4154;17148
-12610;-10963;-7415;-17817;17501
-8497;-12025;-10782
10211;1908;-9478
-12754;-5016;-5533;-559;-7456
-15141;-4584;11961;14506
-2264;17198
13862;-15575;12552
9541;-12190
-12903;1086;-11312
-3365;-2655;18031;-9360
-4605;-6239
7746;11333;-7511;11901;3759
-10451;-1193;9821;4478
8960;18116;-8533;-662;-4359;-6765
-420;-15511;-6796;-12704
9636;16743;11064;-18396
-15111;9210;-863
-6771
7152;-3907;-9288;10007;14024;13358
1328;-15619;-10373;3622;10174
-10872
15026;4706;11620
11026;10038;15880;10797
-10883
8646;-17431;4681;10892
1202;17586;-12533;-6906;-14186;17533
14986
11677;11502
-10895
2703
-10785;-9459;11172;-14198;-17194;9084
6804
-6325;3614
2834;5267;-11494;-11609
-6811
6811
6813
-8356;421;10662
2729
12053;-9319
-7761;9905;-14804;-8207;9935
10265;671
2224;-8897;-9723;-2651;4621;-608
-15665;-10179;-454;1704;-8346;-14862
547;14487
-3761;11236;6165;-2989;16671
-11937;13537;15045;-7114;1407
10940
-15037
-5972;-14694;1529
13281;-18364;413;3293;-9568
16048;2977;-5043;9203;9062;15564
-6854
-11012;15683;-9451;-4396;-5871
9507;5780;871;-13003;-4652;-9455
7056;-18004;4100;-16392
-6859
16033;104;7117
-14193;3226
3936;15536;4971;-16893;11614
-15162;18202;10157;-10415
-4531;-1716;2677;12214;2334
-10981
1937;17945;10830;8623;12607
13330;14038
15081
-8477;15517;-9839
11953;12455;8012;17116;15341;-17023
-6177;17440;-17240;8776
14928;2851;-13899;3290;7918
7570;2754;-9316;-12086;-14440;14523
-11170;-16342;-4744;8970
-4706;12226;-1286;3705;-13664;-7280
15958;16519;-17373
12210;-2564;-8325;12772;-5038;-6239
-6691;-12581;-16314
4192;-14855;-8539
-10627;-8576
10035;-15333;14342;13510;13197;12127
12517;-13977;808;-14460
9242;9965
-12483;3450;14554;877;-15102;11535
-6401;17697;-16580;-1654;-16378
14448;8085;-5098;9977
-7733;4892
18384;-3252
-9643;6798
1744;-16740;12148
-2852
1932;926
17555;18075
15925;10357;14406;5590;5739
-5041;9703;-15242;-12767
-7761;-15590
-6306;11201;3315;5703;-2843
15171
-2306;-8883;5234;17251;12068
-16113;9132
195;-9238;-10233
13622;15622;-18159
-6021;-7481;15870;12815
-9025;16019
4306;16580;-15705;-12176
5522;-4635;6108
13842;-11932;-17021;-16461
10241;2819;-11254;9294
-4406;-347;11759
8480;-14275;17431;8077;-16574;16158
11108
-12003;-3205
-14435;-2948;16613;-17609;-11598;-13904
-7041;-7940;188;7772
13394;-17620;4310;-1131;12171
15701;-6123;-12093;3500;14239
3506;3528
16965;6793;-8528
-10980;3605;-15965;8109
-15233
17041;-4563;-15423
-11466;-16059
13893;12885;5933;-6976;18175
-13098;-14432
-9666;12876;12031
16066;-2435;9475;-16927;-13231
11554;-13478;-13590;12558
-8177;12817;8801;-6534;-18250;-16190
-14457;-4745;-4236
-11151
-10789;16904;16589;13022
-13793;4785;12820;-10869
-17713;-11986;6140;-3981
-2310;13480;-12
-11163
-15377;8310
2972
14146;-7078
-3636;486;18415
-1945;-13323
855;-3836
5589;-15884;-13168
-548;8406;7209;10811;-2220;7998
16338;-13923;-13593
-13554;6582;-2936;12843;7149;-17166
-13858;8899;-6634;6523;16251
-9025;15169;790;1512;-11437
-9241;15994;8525
-5154;-7620;6388;-8390;-7593;-1104
7088
-918;3911
-929;4596;-13656;-11256;-6331
9152;-692;11863;12184;-2158;1325
-8070;-11322
-6161;6795;-7757
-10321;-10777;-14697
-4356;-13172;12275;-11798;-14648
298;15021
2673;-14722;-8101;17116
15345;-8694;-10459;-17694;-1294;15662
-7136
-4982;12122
530;-8387;-7476
1794;-12103;4605;-13728
11777;16323;9267;57;1211;-6912
4707;-15958
-15348
14945;-8935;5247
6339;1143;9512;6396;8685;7854
2261;14054;-10840;-10510;-2128
5984;14921;-3630;-6016
10214;-17383
13393;-13861;-263;-2648;-11983
11271
-3634;5585;11701;-6457;11354;-7277
-17747;-1380;1300;-16135;6302
7779;8660;15319
83;-15943;-7709
-11281
10290;12260;1019
-18018;5890;-10579;6120;-14845;11949
-5841;4451;-9835;8125
-4371;15955;12853;8405;-17483;12316
14932;-7737
691;4296;-4220;2333
-3104
7200
-7074;-6436;5252;-17022;5790
11107;-17062;6075;2348;17021
6229;11717;-2794;12781;-17184;-13856
8896;-1841;-10707;-4949;5493
10257;17001;8618
15401
4645;6661
-15408
-15137;17702;662;-5096;9087
-7224
10129;9043;8724;7999
807;-6809;-13149;-12350;-303
2323;676;-3943;1182;-6863;-12895
-3107;502;3753;10202;16413;-16432
-6865;-14498;3100;-1262
-17186;-16594;-440;-9883
3554;-6697
3144
8384;10225;5019
3160
-12444;-17117;14110
17136;6387;6451;964;-11392
6657;-9316;-16950;-16328
3172
15468
-2841;14586;3724
8183;-14428;-6333;-13727;-1456
-8946;2834;1971;-7237
-8164;15448
-9842;-18083;-868;16516;-7884;8780
-13761;-12484;-14180;-2238;-9679
10074;-14043;-17963;-17231;-9088
14336;-14838;-11447;18089;-11742;12895
-15489
-18273;-1320
18246;-18320;-11328
-15506
14069;-12007;-13096;-12669
10180;-11270;-4504;-15289;15355;-9983
-17265;-12452;-9274;10617;13404;-4639
5968;1696;16691;-12938
-13858;-7539;8323;-16484;7210;-17742
2880;5552;9124;10246
11858;7795;-4139
10620;17182
15515
7570;12434;1634;-13784;-11085
-14786;-546;15269;-11360
-11423
-12753;16022;-12473;-11563;1151
11426
9720;-15439;-9808
-593;-2651
7953;7580
-7344
-1292;-9582;3519
-11453
17245;-5790
-2436;-4925
-8978;-3699;-12836;-676;169;-1824
-3172;14949;-10634;2126
-7074;-13303;15063;11003;1677
-13319;4743;2455;5528;7961
-7370
1728;-1681;3313;8757;-7241;6590
-6493;11580;8141;-5856
14000;-6628
11468
2851;18196;14406;-279;-13017;-10686
12512;16616;-8377;-9613;12623
11478
9024;10933;-5708;5070;4447
4531;-16011
14216;14248;-14777;-10396
3293
3605;683;15389
-15584
-16049;-16994;-13976;17802;-6848
13249;12997;-2461
-8467;5346;12020;-12860;-11645
-545;3124;5845;-1006
9920;1596
-11521
-552;220;11406;8639
-2837;12059;14589
3334
14976;8867;6597;-3099;8763
-7189;-246
3440;-12342;-11480;12942
15634
17730;-10541;12541
-11825;14821;15225;17898
8054;-2201;-11610;-5791
11456;16476
14848;-17777;-10626;13604;9372;-6063
15646
-7767;14555;10108;2847
11874;6642;7636;18172
-4883;12116;-10598
-14901;-752
-673;4024;-14911
-626;-8787;-5158;2455;-17704;-10412
-16381;8911
-17634;-2322;16579
8265;794;10701
-8456;4040;6665;-17612;-238;8126
17489;7991;-14896;13279
11577
11583
-12515;13126;-16505;-10460;10671
-12824;5704;3420;-16079
-14741;-11430;2294
6762;-14256
-6681;-13101
15687
6680;-1660;14763
4273;-2886;2013
5507;-17100
9681;-16581;-4694
14448;-16116;-9931
-3266;2484;13767;18106;14828;-9744
-5345;16946
-6018;13528
9380;2517;-8616;7498;5707;-13072
18226;1573
-15704
9653;5113;6427;-13677
5474;-696;-15052;17791
-4322;12785;-6038;-10061;-3982
-99;-10531;4243;3814;-3066;17259
-465;-9832;-14921;13597
1393;2036
2954;-10480
-17524;-2294
-1220;5308;-5438;4783
11312;-16297;10618;-17260
18119;-18041;-6506;-2523;1420
-5187;-7539;-12727;-14846
-10552;-6041;-3230
15726
-2916;-13061;6663;-2320
7539
388;13528;-18331;-12732;-6700;-80
13411;-10949;2180;13764;-17101;6239
2610;-18347
4241;-9606;-2889;-7486
8065;-11518
-14404;-11014;5581
-1107;-10540
4905;-12458
-15746
-15189;3237;301
-8001;16594;-5235;-5030;17419
9692;16060;-18382;-14928
5104;-15729;13895;3896;-4477;4876
-3042;-8885;-16121
11665
-16754;-1995;9722;-18365;7532
-11672
-11748;4170
-17090;5415
-11107;-5653;988
-4322;11732;8361
-2145;-12930;7939;-14742;-4668;-1517
11570;-7239;-843
7587
-17379;5690
15785
-9553;4817;10246;6166;4328;-12505
3840;-17155;-14588;-17134;12863
-1716;-14078
-15795
14961;12804;8509
-10934;-766
-13396;3131;-9629
-4038;7622;-73
1910;-4936;-8681
12752;-9730;4588
-12424;4809
-3519
-7615
4434;6760;520
15784;12318
-1651;-12147;-6041;-12363
17425;-12052;-11652;2748
5568;964;14087;-7450;6750
-11281;7203;-11638;-10696;14681
12947;-10204;4893
5778;-10099;-12500;14745;-13227;-12815
-15922;355;1416;-9581;3806
3543
-561;3141;-10220
18226;2836;534;-18332;1212;15454
6028;9806
-3548
-12769;16316
291;3257
7762;-11861;9559;-1912
-15302;12536;-7947;7163
-4882;-10957
-18019;-12988;-1216
-16673;9025
3290;-6844
9658;6187
12962;11080
13680;10362
7658
-5457;6790;10424
-17413;5655
-15816;5914;2238
17620;18382;12623
8657;-17652;-7877;16772;-13702;-2056
-3574
6698;13260
14496;1366
6162;-14069;11797;-17079;2824;-17786
9520;-13466;-7823
-16435;-10150;15129;-16701
-14772;12247;7241;12025;7321
6112;-13792
6934;-6045;-989;11885
-7692
4113;15869
2259;9535
11797
12151;4631;3208
-16724;56;-1017;5961;17673;14041
-13096;-13757;15052
-3610
15903
7985;-14819;327;1832;-3038
-8134;1465;14938;15323;12798;12287
698;-4320
6327;-5214;10701
-15911
-467;8169;-11328
-14004;6281
6775;1049;8090
15926
16131;9382;973;-6463
13925;4470;-10824;-15310
-5266;7938;-17865;14858;-11501
5639;-1993
9191;14903;-4109;332;-13614;-3056
-9620;-13477;9591;7421;-1663
-14727;16519;1964;10396;-11966;-5840
-7752
4018;-15867
5441;1524;10261;-5372
7394;10227;5926;15926;167;-3209
-16514;-16726;-8346;-3039
15958
-3569;-4203
3058;726;14662;1518;16479
-10911;14174;414
-12962;-3284;9286;-2925;2109
-9921;-3762;-3621;5636;-16588
4593;36;3147
-17794;-6021;-346
3079;12891
-7782
7781
-3121;17200;15522;436;12297;10505
13812;10356
-14013;-10159
-64;3759
3793;-3378;14437;-11559;11111;13869
17792;-845;-5056
-6871;10571
11895
14082;12980;12597;8422;17191;16265
-7130;10844
6227;-2511
-7816
12308;3700
4969;4970;7402;15054
-7827
-16022
11929
18420;9893
16036
-11426;3812;13749;-215;-10426;-11532
-7847
-16042
17652;-6021;4213;10294;519;5768
-7851
-2516;-5336
880;-6643;7908;-13800;13768;13931
14513;-18271
16631;-12874
7362;-3782;-7417;73
-8236;-3726
-16437;2310;-6027
15346;-3814;4527
12475;-7404;-11855;-9279
-16063
10736;-3203;11188;-17047;-7593;9694
11967
3915;9099;11244
11973
-3313;-16855
11078;-12040;17193;-8351
2402;9227;-7840
15337;-11226;14557;-2590
-14033;-6052;-1848;5850
3328;5824;-17044
-6961;16720;-9096;200;3227;3805
-16090
-7409;-11074;8244;13495;2521;10313
-1261;12076;5279
12016;1330;-10167;-7278;-7903
-6581;-8069;-17835
6498;9603
11184;17206
8577;4081;-12740;-3860;11852
12007
5171;4486;-12473;-17387
-7697;15615
4021;3048;6731;16205;11518;-831
-12023
2561;-16582;-4332;3596;2732
5152;-9234;274;-26
3839
-6259;1991;16300
3842
7939
-8023;15575;15736;5533;11887
2128;-1954;16555;7596
-3507;-16723
-14347;-9819;7612;-17007;-3056
3849
-6902;12648;-13693
1313;-10835;16359;-3210;-11578
-1450;7771;-2462
-2036;17860;-10170;-9516
15601;1394;17829;-7895;-9820;-956
6610;5450
14778;-7566;-11086
16289;12163
6739;-6681;-10318;14270;-16079
-6471;10348
11730;-3754
-7984
-3879;-7133;-5166
-16642;-12423;12879
-15714;-7683;16421;-1020
-15297;6468;-11354;-3738;-8174;-4575
14929;-3203;15891;17244
1841;131;10773;-17675;4524;12509
823;-12927
-12034;-148;2169;-14380
-8978;-9267;17126;5032
3925;-3801;-3290;16745;-15391;13919
-7445;17032;16586;10510
-7026;-4692;-14070;2056;-4156;-16990
-13363;152;17130
3747;-12630;-11423
8768;13906;-2365
16213
3928
17664;12373;2567
6692;9319;-13692;1615
2451;13771
2317;-10351
12132
-3941
-522;-7516
8195;8280;12046
9970;10598;-6858;-5664
-14897;-12897;8274;-2634;8554;-2640
6089;14250
9456;13721;1262
5024;7264;-15894;-15975;-11417;2462
12914;18068;2197;-4636
11218;-17235;-9094;-13436
14048;-13542;-11607;-13115;-3131;6990
-8455;12429
-17153;-547;-1747;9587;-88;-2221
-16577;4919;-512
10709;7958;-14046;15741
-18003;-6165;3893;4680;-10251;13675
8992;14019;-2362;-16666
12176
-8435;-11012;3798;9719;-14762;318
-3156;-4932
3992
2562;13640;-17258;-11132
3996
13698;3449;17163;13164;1581
-1990;18278
689;-582;14440;1849;-11195;2895
4641;-13490;-1091;14267;-16525
11859;-300;14671;2351
7090;-3302;-6393;-17786
18006;-5805
11025;-14727;4728;12282;11181
-16481;14532;9300;14076;15389;16350
-5954;-13746;-8333;-12846
-13410;-13778;-9718;827;7486
9093;11307
2992;10416;-11234;-9080;-13497
16472;4634;12283;7502
13175;3147
-1298;17210;17883;-12032;10943
-15329;-15169;1200;-7460;-12213;16263
-17698;14709;-17432
-4039
3170;-14250;-5691;9483;-17231
5368;11784;8602;2861
16329
7585;-2691;16340;-5911;-14636;11550
-16334
-225;-8711;-13562;-7692;1567
7872;11120;17698;2835;-2709
-9141;-14695;7498
-13830;17880
-12501;-790;-3867;-7376
-2821;1446;-5400;-5692;16253;4366
11520;-3367
-12977;-4402;-11288;-15368;3111
-17861;-11751;-3947;17101;10142;-5936
-9985;12020;-4473;-9824
2912;-9698;2354;7380;-6378;11597
-9235;329;-3360
6848;-1809;6690;4633
15988;12664
5456;-6371;-7262
-18418;-14371;4994;-1181;8925;-414
-17365;-16152;-14938;-17069
-12296;-16365
14954;17802
-7569;11654
-5747;8531;-106;-6764
8664;4539;-3628;2157;-3550
-13171;-7302
-10129;6036
