32;14433;1919
17875;1220;-13689;-8265;-1242
-18257;5961
9974;-16860;6878
3046;11673;13965
13920;11858;-549;1734;14010
15610;-3308
-18257;8451;-14791
13664;-14787;-13604;6509;8238
-16406
14969;5532
-14169;-14526
-4570;-11246;3502
-26
-1460;-13972;12774;-1465
14418;-14390
-13271;13242
8102;12407
-31
17073;-12943
13252;-9383;15128;1517
10560;15457;-17788
-14579;-14132
10962;2452;6089;-13180;-10463
4816;16353;7547
-15477;-18375;-11597;8941;7790
-2549;11878;3644;-12797;-12512
1025;17729;8261;9900
-54
10513;-14708;11848;17033;-6938;-9498
11539;8249;751
8882;-16837;-12250;11951
-6237;6302
2353;15073;-15177;-6891;-5790;10365
-6739;16243;-8554;-2717;3260;2670
-820;-3344
-5927;14188
14691;-4373;14872;-13499;17051
13942;13642;-475;-6558
16458
8266
18033;9331;6997;-17462;-12727
-10305;-13971;1028;-7339;17964;-12030
16055;-16460;-8716;9199
2774;-12553;13963
11846;-17464;-14105;14426;9482
-11029;2234;-7680
-4626;2469;-7211;-18283;-4268;-17325
6178;8038;-1836
8285
4416;-16802;706;5064;-9753;-12398
-5478;5574
99
16486
10743;-6544
16488
-5745;10544;-1927;10599;-5610;-7968
8233;-11308;11375
3778;10070;-4681;7326
130;-240
4208
-1594;13995
1876;-11782;14422;16078
-16500
-13491;4360;-7370
8311
-16113;1061;-11934;-10000
-6129;10354;-1672;10424;-13100
-15142;10265;957;-13614;1023
-8786;6564;-9414;-13068
-8451;-13589;9623
2327;5323;17054
2869;17975;7355;28;8766
16017;2216;15821;15229
17315;6630;10744;-460;2766
-138
-4114;13956;4294;14315;-6541;-13581
8329
3250;2711;8599;1962
13301;1541;-2415
-12433
6400;16489;4716;13645;-4239
-13190;13338
9936;-10215;-12279;16183;622
2519;442;-7676;-7725
192;6485;-12775;-2248
-11572;15748;1494;9067;9999
-15891;-8900;8246
16547
4577;-3714;968;14719
5425;17542;-599;14663
-9297;11378;8837;-13911;4188;3068
-9188;-3844;13404;-16926
-11403;3036
-10261;-3912;2365;11631
7442;12916;16684
12471
-16417;-154
-13907;14094
2883;15333;6554
-12210;-3720;-17034
322;15714;-16232
13314;2082;9605;3513;-12477;543
-17009;-11346;-12804
-10593;-9187;-8247;-7419;14764
13142;7546
-8403
12404;6807;14620;17486;10334
-13762;-5187;-10840;2330;12700;10447
12928;3672
3116;5292
-13921;11955;17417;-9931;6991
-14902;15320;14078;-14272
8418
-1766;8549;-6871;-10108;-10512
12518
15314;1476;10006;2167;-15498;7246
7457;9159
-6866;6629
-4452;-11222;-9143
11552;15888;517;18279;-5034
3297;-6388;-1988;-8727;16808;17721
-13477;-14519;-824;728;12107;11643
17265;-13570;-6296;11038
-5652;5181;223
-4347
-5652;5397
-17012;-15783;1801;-18414
-8449
-4354
-6087;17213;13711
579;-5928;7022;-10127
11315;-2230;15083;4767
2881;-10979;4215;-9868;18111
-16758;8551;920;2922
93;-6607;6782
10928;18014
8463
10708;11739;-12639;-5440
-15682;7804;-16975
-17953;13913;7257;16347;12127;-10928
-11109;10825
5414;-7433;-14652
12574
16176;17555;-13956;-4426;7882;-10656
-6577;-13063;-9738;13069;-16751
17525;-4856;4713;189;-894
-15572;5084;-3214;-3263;8479
-11057;7585;7427;6068;-493;11244
-16865;-15492;13851;14012;1869;7022
4399
4615;3882
2215;8093;2285
18114;67;-10056;-8431
-3639;6792;-2894;14110;-1776
2867;13828
-2802;-5255;-12172;16237;-10239;9822
-313
1296;6401;-11843;-8133;-10954;-9850
12603
3396;5974;16038;525;3055
16700
15274;-1965;-14720;1727
3457;11366;-1096;2955;-8172
-17749;-8373;9417
-11041;-1571
7688;4906;-9884;13998
-13366;-3350;-6552;1375;-16736;1439
-1557;4102;-10167;7949
6033;16129;-10186;11518;-2207;-4576
1172;7671;17737;14218;492
6323;15366;-14423;-7609;9
-7507;2562;-13306;9579;17198
-2354;-3222;-1628;6861
116;-13669;14557;3438
1635;2811
-11505;15951
16734
-13588;10980;-1840
16252;-16608
14705;1730;-6485;-7896;7544;-5147
15377;8898;-8981;2004;-15815;-1840
-358
1617;-3493;2236
-15602;2982;-8455;1595;15019
13732;-17288;-14683;13775
1552;-16838;2630
6483;-8844;1022;16462;13583;-3760
-17009;16359;-13400;9582
-4468
-13720;18188
-1396;-9558;4776;1706
13732;-7862;-502;-13512;3672
14146;6586;12412
12664
15104;13793;17178;-640
8514;9637;-2923;-11324;4671
13106;-4519;-13800;729
-13284;11495;16522;7963;-15325;-11856
12179;10971;6348;11852
-4489
-8152;-15449;1897;831
-17635;-12948;17432;-3629
-16783
-12873;3544;-9628;9662;-3392
17927;-4184;-1049;10282;-6192
3379;-16841;-16122;15519;-6816
334;-8928
8595
8598
-16794
-16755;16344
-411
-2126;-10575
-18017;4289;15512;-14523;-10796;-13743
772;-16727;-9035
-2693;-2807;4972;13230
15561;-9820;-14349
-7332;-14807;5339
-5937;5910;-8199;-15995;5435;-14399
16802
-13074;-898;5797;8476;109;4110
16810
-7889;-10132;-2886
-4354;-171
-9731;-854;-17209;-18059;-1790;6253
-1058;1491
-14145;-14968
-10629;7753;1498;10013
-7299;-12870;7435
-10948;5477;-8655;13678
9090;-17736
14528;-6979;4406;-16059;-12734
-9593;943
13957;15989;-5339;4525
-4559
-13047;-16571;-7711
-17634;17777;7810;4566;8426
674;-6991;10879
10741;16934;10619;3132
467
76;-10349;5708
-5681;-10857;4602;1530;299;10575
11184;-15266;-18375;6073;8909;7005
-3746;-4916
13072;-12948;7059;-4011;10811;11069
9456;11744;-12120;504;15469
12765
5042;5268;-16327;8745;137;-7440
-12983;16855;14392;8363;16236;-5520
16145;-1357;10269
13312;-4071;11722
16868
12775
-6485;6808;13419;10076;9438
4584
656;9369;-13132;15884
15122;13639;-15081;-18268
14720;17986;-16420;-16934;-17734;-14878
8258;-7765
11843;9131
17376;15395;3543;-5529;235;-5950
2675;8180;-11001;4041;-16683
-5106;-5475;1834;-16336
12799
-15378;12564;16328;-8122;-1503;718
-14386;16904;18139;334
512
4795;-14670;5263
3555;-8169
4836;-5451;1133
-13720;18334
-4241;10577;2546;-2022;18122;-3983
7553;-2936
-17474;10242;7757
-6961;16689;-6630;5943;9966;6094
-3353;11067;-16432
-10706;14706;16036;5525;-1257;17183
9491;12602;-5181
-529
9040;-14791;14471
14003;2707;17716;-9014;1270;-17959
531
-4504;-8606;-1007;-4799;1999
12828
16924
-3894;-9544;-15776
1907;6835;-2086;-13198;1982;13294
-10100;-15021
-11811;-2567;7290;2446
-10982;-14141
8692;-4048
4644
5889;-2724;6004;-10760;2140
552
-4654
8751
-12503;-2328;12571;12047;-10352
-17381;12072;7722;4987;13261;-11903
11760;-8053;10853;-11816;-2176
13826;11396;17158;-7340;2365;-16351
14864;-8284;10381
3205;-11980
1888;3027;6291;-2406;4077
-3830;12454;5879;11335;-12960
-16241;4082;6325;8806;1720
11985;17283
596
-16577;-14498;17522;12428;527
-1274;14159
-8792;-4094
-4113;-8773
6469;-5870
6369;-4356;-14905
-4452;-1034;-15599
-3460;-15207;13962
-11027;-595;-17957;16677
-4714
12906
6352;3333;8331;-18399;-8431
-3601;-3412;6314;1324
-17015
-8824
17713;3393;10626;-1353;1913;-15277
8369;-16259;17716;-13063;10967;-16555
1764;-7126;14190
13334;3080;13336;16330;-7453;11164
-17024
14179;2008;-7354
-16337;12960;-8451;3523;8948
9833;15387
-9370;10014
12942
-3669;5239;11801;2649;5114
-10804;11779;-7129;5499
-18179;-7056
-7512;16363
-10195;16346;-15005
-12950
-2789;7547
-4147;3481
18048;-13282
8863
4773
-10226;-83;1554;13139;9078;-12784
-7377;-4561;-11077;16986;-11036
-6305;8676;16151;-4489;8890;6429
-10019;-11845;1077;18053;15320;-7803
536;8348
14082;13368;1914
16368;-1731;12037;-17789
5269;-5964
16258;-11467
11632;-2744
4794
5859;17252;-5294;-17119
-4673;-4851;-9075;-11000;-12061
9347;8036;-14005;17802
18229;3767;-18280;13368
9242;-4445
64;7632;-10742;7847
4003;-6458;-14636
1848;-10752
10341;8678;-6185;-4908;-9084;1871
-10259;10370;10260;3671;-3672;14923
13006
17102
16752;-5254;-503;-10;10955;3357
-3619;-9395
-8601;13423
-3217;12048;-16504;10876;-12125
-13747;17598;17359
-8923
-9773;-11439
-7844;14372;11240;-9707;-7340;-13742
15782;-16521;-15498;16974
8929
-7394;-8291;16068;12646
-17132
3890;3907;-9031;2265;-2139;18239
-7108;-10027
-14874;-17291;-1357
-13047
-10456;12857;12731;2013
-17511;10632;5708;18317
13924;-13159
-7508;3368;6936;-8236;-11404;17612
5496;15758
-16417;-17797;10407;-13837;-12285
776
-16738;5924;312;3068;-9727
3569;17287;15737;16731;-15679
-16689;2210;-8955;5227;12988;-3757
-13985;11239;5896;-10494;-9824
-4771;9506;899;-15833;-16425;17647
-17169
5475;-588
13085
-13841;6102;8538
13093
2609;4311;-13758;-3887;1727
10580;-2266;17068
-10386;-4630;-12263;17484;12668;18414
12897;7077;-17366;4648;14031
4708;-3898
12193;7350;9640;4396
8771;-8809;-7547;-6700;15163;16318
-15126;12903;13913;-13771;-6925
15150;6143
13569;-14804;3430;17579;-10766
5444;-7574;-12599;12073;9994;-16350
-1912;-2365;17390
17681;-1543;9688;12250;10941;-15424
4144;4691;-18267;8044;-11727
320;3620;-4773
4928
7444;10204;-5662;-11152
-3522;6427;2461;7757
-9028
10467;-13781;3048;5197
1810;-2648
13717;-13099;-5552
-10324;6890;-3886;-9903
4034;9650;6937;-9835;-5852
9033
13520;7803
-9682;10526
9938;15483
-3667;-15557;-14570;-14283;2173
-15009;10696;5161
-12867;17811
-1955;2809
16999;11239;13577
3409;-8361
-13144
1670;-2528
-5841;13282;14854;14377;17434
-15905;-12757;2037;-15196
13840;9538;4517;12838;-3005
3176;14473;-12684
16192;8579;17750;5080;-3162;13775
-4968
14592;-1718;-264;12844
-6451;-5222;-15191;-18013;12908;-13967
-14580;12364;-10959
-13155;-14983;-9706;8683;-12688
-3860;17038
15974;-14487;7447;-8442;-5100;-380
-5073;-13187;3479;-14699;-2331;-5949
6099;15278
-15957;-16165;-8918;1125;-1944
-900
-5636;-12053;-18102;-11199;-15360
5411;-17221;-13113;3533
-4549;3638
-5523;-6329;-331;-6941;-3421;17535
-882;-17638;16376;-3515;9582;17471
11784;15900;5998
13203
-4920;-3135;17166
832;802;18322;-3636;-7209
10626;10632;-17258;9209
14230;-11656;-15402;10378;-10765
5420;11900
17322
14854;-8216;2493
13281;2978;11462;-14493
-12718;-6655;14335
-15509;-18201
7073;13857;-3384;4426;-4636
-9963;-15567
-2931;6339;9974;-1191;17435
-6308;1254
11650;5364;-4790;4999;1706;2508
9150
-5296;-7952
16850;10088;-5499
-5908;-14662;9173;-4893;-14014;-3424
-961
4544;-11346;17351;6798
-14002;-6562;5666;-13461;-16918;-17128
5761;7498
-11331;-5000;14552;6954;6330;5851
-2215;-16344;15435;-13853;-2142;-6432
-9168
4320;10960;-12354;-15012;-13470
-501;17864
9173
-12964;11979
-6836;-5268;12004;-2587;14090;1871
-452;2499;9495;16216;2746;-13133
10344;9611;17900
17376
13282
-6771;-14704
9188
18232;16633;-9292
14273;12091;4173;7327
-17035;-16735
1002
-12246;906;-10144
-17389
8420;778
-4504;-6425;15821;-5902
-7877;-13740;12414
-13041;1779;-4293;4630;-8267;-10491
-7057;-6644;-11438;15934
-9207
4356;-17864;12970;-6798;16542
13303
13305
8485;3180;17773;8446
-6386;-16438;7480;6127
-15812;-17797;-6300;-2077
15910;-10783
2908;10412
-3258;-5968
-1445;13833;-17519
-1036
-17425
-15987;-13728
9203;-5641;-10174;5565
-315;-13437;-3679
-3971;14995;-3413;6454;7324;16526
-17604;168
-737;-10689;-4742;-7561;-14187
1056
-10618;-2731
-7649;2337;-12597;12429;4413
-2259;-8372;6792;8874;5613;-9582
13355
18320;-5768;17722;-8860;14780;14029
-5168
-5171
-14259;-16420;12472;4840;-16382
16898;-3812;2899;-3451;1098;-12556
12000;-13267;-99;17154;2612;3156
17738;3819
9272
5233;-10416
-9345;7417;4873;-7578;-7403;-9534
-2225;16828;-17805;-14272
-8165;7700;-8810;-12303
17457;17266;-13142
10929;4770;-6694;-16750;4975;7967
-2744;13192;5704;-10954
15042;14838;-18279;-12392;-11595;-17391
11728;6482;5368;10299
-8021;166;-5783;-12857;-12505;17402
4069;-8968;6280;-1193;15961;17737
13406
-2280;-7036
-14421;9190;-1129;-14379;11422
6304;160;-7507;3348;7015
16520;11881;8186;18252;-2813;-9936
-1131
-13420
-17517
-5229
8373;8775;-16410;10138;-14686;-9614
17141;4475
14082;-17317;-10840;1801;2940
16531;8901;15222;-6745
8645;-7501
-16754;-6134;8730;-7469
4928;7636;-1031;5886;16495
17533
-11896;17143
11780;10901;-5144
13441
-7124;3672;12798
18278;7453
6817;2805;7179;-17469;-8685
17408;2385;4022;-2174
245;5738;11563
13506;-8247
6129;3705;-8671
5169;-3191;-3019;2206
-13459
66;-14902;-6815
6563;5;17382;-6393
115;-9429;-12570;-12059
3552;11546;13484;-11022
11810;15110;-13453
12605;9054
-15506;-10148;1656;12157;17117
13471
17568
3367;10106
1680;-6102;5877;9399;-13610;16234
-1197
16488;-15291
-13319;9751;7112;-3114;5326;-11056
8620;4877
-6487;-16396;-12748;-14733
-14041;10968;12477
13744;632;-876
16196;-8104;4776;12924
12805;15254;-11095;16459;-15823
-4115;-17584
-13026;5593;-1405;3517
-17542;8135;-10089;5726;-10336;-13984
8417;-8098;-7027;-14038;-6599;-14844
-8012;9245
12480;-8871;1722
1236
1173;-2507;10762
6020;7510
-9317;-7790;18350
12848;-6259;-10981;-14373;-10935;7976
-9436
13532
-2162;14756;9132
6726;6810
13536
-14594;-8645;13494;4919;6077
5424;-2178;-12690
9542;15164;-2974
13544
-12306;5571;-7960;-15752;3400;1214
-13009;8208;-3177;-16809;-8586;-17037
2244;-12903;-15785;9068;11260;11471
13538;11794;-14565;-13849;16632
17936;-9013;13927;7087
-8539;-2893;9708;15278
-2852;4757;-637
7283;-16744
15011;5988;13038
-3812;16727;-18041;-875;11051;8510
15200;-12428;-15629;-17088
10820;-1353
-13587;-18023;-4793;-9930
-1940;-4536;-13002;330;1482
-10641;14822;14312;-828
13571
-5382
-10509;-11264
17672;-14682;2398
10432;2640;8565;-3960
-15093;523;9179;-8191
4321;-5624;-8890;-7903;-1872;-10000
1296
-8465;-1028
-5398
9493
-17427;-10341;17111;-7289;-14574;10735
5988;14132;9861
-11106;8628;-4998;-13389;-5023
-8838;1285;6235
-17816;-15625;7545
7089;8822;14087
-4820;6872;15661
7955;16265;8285;17981
5276;12447
-13298;4867;-18069;-6426;-4285;11295
5632;-7618;-11429;2438;-511;-6239
-4979;-18391;17929
-15169;14401;553;-5227
5105;-11078;11384;-6219;-14463;-14752
-5452
-11073;9635;7859;3898;7421
-12771;5;-12376;15593
5538;2628;3660;5917
-1360
-15521;-17412;6051;6244;8580;-1591
-17285;-8655
-14758;2985;-14171
-2052;15124;-14442
-7906;10089;-11995;-9084;17518
-6870;-10895
15600;5221;-1879;15462;-7560;7305
13648;-15576;-15839
-12338;-6772;9799;-1209;-7776;16911
13504;-3144;-7194;6411
-13836;-3213;15662
2816;9828;17332;-18332;-10254
371;-14836;13668;16378;-10094
13681
17136;-13506;-17078;9512;10041;-15692
-10434;-16612;14787;16348;-11837;-10031
-964;-10631;-636;7149;13678;-3103
-7940;-13941
-13689
13690
18130;12818;6658;7049;15085;-17376
13695
11206;5260;4237;-11103
-9106;17045;2028;-8557
-10823;-14313;3242
325;-9932
-9075;-3012;-3589;-14645;-6743;2878
12886;-4953;13965
-14617;6105;1405;-2510
-5192;14808
-12337;-5971;-6039;12040;-17791
5573;12236
-2660;-8389;264;10345;1867
-7714;-10068;5639;2523
7366;-16988
-13492;3957;4009
3475;-21;2373;7701;8969;-8780
4710;-14168;-5498;-17435;-14096
5252;-3822
-14785;-10599;7566
-8019;-10938;-347;-5245;5900;828
6736;-835;-6467;15252;-1439;-11808
-11128;5591
-11881;-18233
8476;-14014
5175;-1096;-13578;14926;-3984
-14196;-10214;-1612
-3784;-5854
-1442;11363;11348;-4650;1212
-4898;-4746
-8449;-11862;17162;-2523;5643;-17808
-7815;-5927
17969;-9957;2580;10007;18330;15774
-9801;153
5314;14595;2261;3862
9669;1433;7529;-16746;-15631
-8769;-5750;4503;17033;-18381;-2384
-9777;-9170;15031;-6601;-13038;17998
6064;17604;-2057;-12618;-15164;-15772
-1186;-8470
-14530;-11511
13754
-1443;17015;185;3852;-8158;-9983
5585;4738;9354;-5580;13870;10367
-9057;13577;17147;13245;3423
-2317;16078
50;-5174;-1006;-16384;559
-907;-15980;3740;-4718
3091;-3204;-7243;12474;16333;511
17867
-4834;-748
-1077;12261;10026;-9085;-2448
3907;8908;17487;-7296;-9232
12120;6299;3549
14788;630;-9753;-10137;-4011;-17583
-15140;13647
-13782
-10890;-1114;6412
13784
-1857;-11930
6881;1163;-5118;10862
21;13629;-15152
-6323;15669;4631;-4170;-15517;15404
3366;2734;7695
11336;-7081;4313;-4941;-9232
14146;18099;1892;2600;-10652
5889;884;-13112;10281;-5454
2981;4902;-10202;-12988;-8877;14478
17584;-4312;-3566
1515
-12964;7987;-3222;-185;16668;1423
15061;-8503;17771;-13980;7551
1520
-6961;18259;-9351;-7566
-15252;14661;9945;8554
-8549;-6171;-13259;-2220
-13770;-16398;12637;-4480
3493;1319;8201;18011;3262;-4079
9730
17096;13241;-8318
-4677;-11881;12906;15195;10479
1545
5345;13649;1019;18399
15937;8554;-2460
-17939
-14339;10500;5895;14733;-15230
6608;-1460;14452;2441
562;14182;-18106;-16092;-3421;-15552
-9185;-11233;-437;-5653;-11119;11487
-194;-16265;16169;11449;14234;-3344
-1091;15463;15672;-5069;-11117
-1571
-3921;13430;12541
-12177;-12628;-6422;-5436;14604
1579
-12443;13418;-10748
12936;-3164
-13972;7620;-1287;12088;-6030
-822;-13625;14859;-1181;14638
-13877
5690
1620;-4171;-7247
13895
-2146;-12325;-3655;-3963
-1615
-5716
17144;13148
8707;5155;5317;-10006;-3455
-16499;11365;2055;2297;-15901;-5421
9815
-8036;2806;6855
5249;16809;-9038;13182
-6595;-9142;-14680;8263;16428
12192;8456;1468
705;17891;-17480;-17579;14826
-5734
18017;-14052;-1894;-14217;-11962;-14398
-2170;-10060;2396
-881;-9298;-7851
243;-2197;9380;14701
-17511;6328;12584;18010;15005
5744
-13048;11658;-1806;10861;-6015
743;-16493;-2286
-1653
-1657
5041;-16979;2088
9850
-16802;-2419;-17704;4791;14088
-5759
12626;14857;14729;8603
-9188;-4765
13872;13156;11500
-3863;-14188
-8183;-5773
-18178;-2900;68;15845;18230;13181
-8756;3557;15064
-13964
4212;8136;4089;-14751
15921;6246
-9887
-1695
-8922;16298;6379;-15613;-16224
3440;-5512;3770
9891
-10517;-9502;10127
1895;16191
-5969;11184;-8947;-2068
1543;1960;-9305
16248;-17754;-7179;-4350;2095;9231
-8453;-4981;-13079;13881;6827
8257;7047;-1305
-1521;-200
-10148;17380;-1416
11217;8727;-6122;16843;3823
-16882;-1225
4165;-11959;14536;5290;1387;4687
-13239;3322
7912;-17836
-8753;-12218;-9438
-5835
11460;-17158;-3964;-270
-829;-912
-14031
-9936
-16035;9879;-17369;-3498;8892
1746
14853;12360;-2010;-7070
-1234;9042;12867;13843
-9105;-15667;7414;-14845;-2318
-151;17739;10269;10893;-12415
-15812;-12647;-8778;-5483
14050
-5985;7748
5530;8957;7758
-13466;-589
13010;9239
9961
11828;-2949;-15273;-9562;17725
-8273;18237
-5081;6857
1704;2328;-18187;15311;623
3873;3185;97;-13431;-8824;-3064
9972
2052;-268
9979
-11430;-4185;-6043;93;-4800
-1790
13860;4597;-11559;-3833;-17146
-12452;-5726
3378;-13365
-1797
-2516;4318
13746;-11061;-4069;11383
-4954;-7739;-1405
-6168;7977
9186;10132;-13405
-1818
-17537;-11221;-7707;-15164;-7421;8076
-10016
450;9555;-10488;-5438
4240;-375;-2618;13737;11418
-17010;-16856;17992;17530;16220;12623
-10437;16362
18214
7491;-17861;-13532;-7054;-15935
-9041;-5082
-12837;-1286
-14466;-3464;-4396
4755;8451;5287;14555;-2476;12236
9072;8289;-8068;-11062;-14859;14779
14164;-7640;11911;15417;13946;-4989
15874;-7877;-13595;-8543
3984;-2530;-7158;17526;2318
14140
-5905;-993;7251;501;-15958;-15422
6595;723;7592;-13053
-17029;-5589;16662
8096;10149
-5874;-16105;-8556
-15444;11555;18039
-7969;7889;-14074
15217;16972;2447
-17930;7868
2096;-7733;-15110;-16283;12603;6172
3123;6940
-16884;13701;-3784;-3099
17792;3427;-15076;-10388;-4710;-5208
-5973
-10071
7811;-13789
-6242;13858;-12150;16076;-5565
11424;196;-9738
-11874;-14586
-5982
12605;-6622
-3268;3448;13995
2742;11800;-3529;15452
-11701;6452;-13368;15710;12991
-13762;-16132;-7126;-8537;-5488
14182
-7971;9867
-7269;-7559;16726
14684;16943;11231
16128;-11962;-15962;-6491
17378;12726;4569
14641;-13397;11732;6327;9467;-2288
3896;-18092
6005
-8786;-4966;-7211;10859
-5299;11075;-16663;-5928;-9499;-12463
624;-16521;9887
-10098;-9587;-996;-6136;18297;2509
-6774;-11530
9344;-13106;7284;-17029;2342;17181
-4994;-7714;3653;4966;10105
-17846;-16824;488;-508
-15681;3921;-8996;14645;4187
10915;-15493;-17080;-4842
5161;-12254;-3023
-391;6415
1681;-10324;-17867
1934
17723;-3580;12367
-17076;-11223;12477;13887
-10134;2695;-5721;920;5883;-11967
8282;5789;4254
1632;9954;-4392;7095;5753;-5808
546;17395;10839;7657;3721;10943
-10144
-7090;15971;-12058;-6971
4160;14561;7860;2100;-1573;-8768
18210;-12155
-7386;-10379;7613
1960
5857;4301
-1400;-6858;-16989;15182;-16479
-11073;3241;-10859;-7855
-14770;14709;-7512;-15689;812
-10807;-11800;12443
15716;4565;-14204
15200;-2486;-15079;7832;-14428;-13501
10770;18244;5252;-15898
-14279
-9635;1765;8743;14456;12265;3069
5044;-17558;-15527;-17992;-7832;6813
6091
1997
9251;-3156
-18244;-2537;4313;-14189;-12303
-14065;-2098;11959;7145;-941
-14291
-10741;8734
-6109
10291;-3063;1767;-9578;969;1626
18399
2017
14311
-13618;-694
-9875;15027;-15369
10217
1280;8938
-7762;13886
6129
2313;-4349
15751;2669
6134
-17442;7211
-14334
6152
16643;-13221;-5482
16419;-14503;-9151;9294
-3187;-10163;15410
6950;150;-12314;17260;14591
2244;8012
2065
16425;5098;9214
8944;-10114;12791;18412;-16270;4687
10193;-6964;9653;1909;12525;-17056
-7987;5915
9627;17021
7523;6837
10561;-14771;-14166;8107
-5043;-2228;-18311;-9099;-7452;-9100
6176
-6178
-17937;4178;-12364;10411;5436
-14273;16945;9571;-10509;8541
12224;6244
16690;-11461;16774;-8091;8655
-4165;16326;-9016;11119;111
2088
-3362;-1974;-7469;-5678
-1130;-9164
-17782;14985;-7501
14396
16769;-15724;11565;-3519;13502
-13282;-7832;-1483
-16311;-13816;7737;-12495
-2529;6931;-582;-1703
5296;9110
-4676;2554
13728;-5042;-15974;10521;-13547
13521;-9700;10772;-1445;12886;664
-706;-14548;-11112;-14686;10254
-13921;16047
-15157;4837
-3559;-745;-15230;5118
14850;16116;-4262
7266;-17588
10885;8680;5433;13998
-5300;-13865;14153;18047;1391
-3170;1871;11631
-10334
-15409;-3685;-967;-9224;-5675;16427
-2673;-1844;-5461;-4462
-5842;-7108;10006;10774;-5528;-8555
2161
13874;582
2338;-11368;-6873;-2651
8977;-13701;-14550;17657;3788
-2181
-13989;8614;3192
3090;3347;-16812
-12529;-7270;-15161
-15361;-2391;-17210
-13299;-6645;2758;4828;-13678;-4832
13520;-8483;17351;-4522;5707;11391
10391
15346;-14739;-11623;7901;-11374
-14492
18082;-4743;3944;9501
-11141;-18087;586;-10431
-888;10844;-7743
5865;13945;-1548;-16414;12654
-6313
10545;1876;-9174;-4198;-6471;-11182
10945;-8716
7184;16209;6724;-2491;15566
6883;-18125;9007
-17179;2572;-16302
-16298;14060
6150;16374;4298
4114;5939;12676
10448
1354;-3613
-11156;-12252;8860
-11089;15362;18214;7959;-12314;-7679
14550
15443;-4984
-16035;-13546;2732
-11171;15751;-6104;-8943
11600;-16152;-8238;2574;12495
352;-5538;-5938;-16228;-13210;9609
-1569;16140
14571
-5032;-4714;-735
17923;5896;-11980;-17517;7596;-8303
6848;-14825;14361
-8258;-13827;66;8917;9322;-6701
6183;-8809;9243;-17100
8291;-2620;17103
6392
14740;3942
-9779;15666;-11526;-14071;-15128;7962
-18148;-6777;-1952
-9762;-5299;4565
-3841;-17796;2934;4110
18048;8836
-4595;-11526;-4667;10286
-14417;1395;2472;-4048
-1877;-10552;-10362
-3378;1830;9687;-3051;-12683;-15197
-3188;870
-12249;9929
-2343;3272;-9866;17531;-3613;1437
11285;-13613
8448;-2213;8022;12651
16032;3026;-7845;-10011;2236;-18061
-11363;-16917;-3128;2424;-12682;-9821
-12438;10103
-16710;-2010
-8773;12535;14958
-18273;-5603;13522;8340;8447
2464;-17094
3330;-9768
8101;-5759
-15171;6708;14904
-17252;-14165;3076;10629;-103;-13211
9394;-16823;3656;-9001;2223
-8851;-7683;-17014;10985;1052;2767
-10903;-1431;12329;-1386;2763;9181
12656;15489;14375;7032;12077;-6015
-11287;-3371
10354;116;-15259;16285;7262
8291;-12007;16763;-15422
-2381
-7666;-8236;14716;-13486
-6485
-6486
-2801;-389;7653;17430;-11311
10080;8997;-345;10350;10206;16351
2306;-14374;-1721;-4988
-10931;-14452;-3286;-6470;-16572;-3932
4501;6087
-1493;-908
-15137;-7682;-7097;-9194;-4253
-2403
14961;7073;6004;3621;-1338;-15631
-10595
849;13444;8228;-9813;-9559;11546
-11524;7607;12636;18268
17972;-3271
-6511
-6514
-10612
-1700;8105;-3210;16571;15423
9370;17630
-10625;4;13051
17410;7491;16135;696;10491;-12928
-5651;-16100;15220
-15826;2019;12501;7839
9088;5637
-10291;11093;18311;-122;16217
15013;17898;-1916;-17580;-6877
-9835;7391
5682;2932;2028
257;-2710
12019;-11787;-6781
11589;11414;4026
2874;7775
7010;378;11691;-236
-1507;4294;-5248
13488;-7927;-12120
-3785;12008;-10506;1851;-18415
-7891;-3813;-5207;17449;6026
-13812;-17221;-8363;2138;-14366
-371;14743;-7804
5907;-4472;17465;5898;-14127
1924;-16699
17379;-5335;10922
4563;-17014;1770
-7398;14540;-17823
-18067;3287
-7685;-13594;13098;3515;3724;-5646
-1473;-17407
-6593
-2499
14065;13013
130;-15433;4607
-17532;7308;-12270;-10142;1455
16785;-1624;-4460
9288;-2681
5171;7076;7483;-17216
4240;-16817;-11395;-10484;-13116
15170;-7717;-6440;9694
-16164;1356
-4179;11733;9244;13292;-7262;8366
-8900;15046;9480;-12255;-7168;14511
1810;-389;-11784;14040;-14395
-12244;2264;1880;-13068;-1838
5664;1062;2187;-6589;8397
3189;2774;-4648;2665;2653
-4371;-17235;1800;-15501
7427;-1797;10325;8424;-9551
-16225;-105;-3002;-3690
10733
18421;8697
10800;10650;-5020;-13888
-5348;17365;15102
-9521;-13028;3575;15353;17483;5068
12304;15412;-8615;-12458
277;6367
-13841;16390
6645
7968;-7447;-12045;8972
-2552
1555;-10132;-14550;-2471;-3127;9788
14841
13666;-6745;-10443;10171
-325;2248;-1419;-15358
15368;11578;-3901;-8190
10530;12520
9556;-12136
-585;5258;-4748;2654
9444;18343;-6570;13818;-1515;-2268
-6677
1601;5638;13495;10523
14876
-13925;-9702;9836;-13374
5280;-11493;-15702;17162;15534
-1299;-7411;13879;-17418;-6043;-12971
7326;-11823;11183
-10933;-1030;-1225;16728;889;-15216
-17233;14995;8661;-13115
-7530;3002;-2923;-3341
2401;11602;5333;7846
3700;-11751;-14572;7726
3825;-14905;4362
-11387;8765
8865;-15689;-12185
-1667;-13247
-6722
11715;-10942;1854
-11320;-3598
15586;16519;7390
15489;-7396;-15431;4953;-16638
14926
-2640
-14931
10835
-5737;-7437;-5854
-4482;-3109;-18061;10718
10839
6326;-17166
-10841
7892;13450;9980
4263;5993;14939;-6160
-13690;4601;9210;-10156;-94;16877
11136;7050;-3246
6749
14707;8276;-3654;-10541;6157
2545;16900;-4186;-15019;-3486;14095
8226;13030;2699;7375
-4068;10822
880;-15446;-383
-10856
-10857
-6762
-8296;3177;13227;13916;-6109;-13248
-4323;15542;14569;-14924
18336;-4292;-9867;-1504
15042;-16726;8358;-6763;15051
-7158;-11404;11790
1898;-16864
4401;-15122;-15767;-10537;14906;-13327
-1841;16068;9896;-4218;10729;8909
-14968
-14971
4800;-6589;-4990
-17321;-5978;-7354;7385;-12188
-2693
-14985
-15922;-15213;3854
-10757;-141
10386;-14310;11879;-8860;-12014;-10271
17900;15772;5902
-9585;-9107;-14771;6174
10001;-13909;11095;-13998
15004
-11249;-4803;1334;-288
-17830;-8631;-12631;7066;14250;-5423
-995;-13047;-13607;-12604;3804;-7230
7984;15223
6825
-8519;-9754;-9037
10930
-5382;-6216;10760;-14190
-17157;-8662;-1498
2199;-17232
15032
-3153;14089
3879;-14712;-8297
1824;15591;-14698;13485;-13456
-2756
-16788;903;15081;1709;-7758
16947;18295;6650;-10463
8888;2063
17715;3063;10655
-10958
12516;-15478;-9723;-5100;-11613;-10237
-17778;-7555;14437;8123
15061
2774
773;7591;2856;-13996
13344;-3410;-14643;1932
-7443;-3527
16400;-5429
-11012;-6040;15005;-14272;1247
1152;55;5672
15075
4131;-9927;9880;-9674;-13584
-12675;16708;-15589;-2379;-8444;-9088
-13544;-315;16654
4497;14683
-7577;-889;-14906;-716;1581;3325
6900
9161;14125
-530;5893;-2664;107
15096
4755;2151
-7123;-2660;10454;-717;-10958
6908
11938;-3926;6;-6696;-811;-15614
6912
3221;-14231
-16071;-7228
2418;-824;-6586;1034;-5196;2235
6368;-8499;12101;1045
-1912;17023
-6885;4438;169;9199
-7522;6965;8423;-3947;-1088
6930
2835
-17627;-17835;12143
-6449;-15046;555;-10573
3601;-760
5904;-1842;-10196;6947;2294;-264
6066;14085;-16410;-6587
-2421;-3221;12585
-14577;-10595;5940
15139
14073;17450
7129;-14077
14128;-7923;16870;-10777;13196;-14447
15810;5602;-15115;8847
-7957;6361;-13550
-11601;-3545
5778;-11017;2380
13781;17750
-9106;14020;-10118;-1755
6498;12599;1626;10814
-7844;-14020;-12326;-16071;-14682;17020
-16581;-14958
11234;-16150;4229;10794;-10543;-6528
10649;12698
-2869
15233;7350;-3194;2829;-2751;3886
16440;-9470
3459;-9845;14582;11062
5905;12466;17666;-16776
-9105;-14043;5003;-5213
4369;-7247
-16641;7783;16138;-11502;-6608;-240
-17426;-5934
11073
176;-4418;-14038;1032;10957;-17072
9670;13207;-9914;15594;-1595;-3600
-3220;6085;-12840;-5200
275;-17864;-7272;-10585;12078
-11082
17761;-10776
-18417;12323;118;3084
15181
12163;9367;3897;5130;-3087
-13476;-1079;5926;-16027;1279
-2901
-6689;5176;4413
9844;-4858;10204
-5825;17254;-7834;4826;-10796;-8720
-12310;-12887;-6201;8362;-8542;-4094
14467;3929;-15018;-12651;-108;6463
14195;-2315;12779;-17309;-2752;10607
11489;16005
-1300;11509;2454;-9743
-2924
-5108;7638;12687
-1026;1830;-16971;-7388;-12144
6560;278;-9769
-5592;-16505;15069
12705;9092;-5301;11014
-16788;-11910;-11103
-7037
-12642;-11010;-5282;-3668;17371
7039
10384;13040
-15746;10058;12731
-16581;-6185;11145;3802;10767
-9107;-9492;3012;1829;-17161;-704
-5683;16830
837;10311
12993;-5941
-13858;5186;2998;12650;-18126
9280;8627;8118;6041;15947
7053
-7055
-6388;6489;13194;-14336;-14208
-14466;-1619;4082;14794;16555
-16440;-2908
2963
10035;-2757;4932;12473;13930;13503
-9815;10296;-6684;-13152
9172;18376
9200;-85;-6138
9768;9598
-14516;14936;-16989;9486
17587;18174
4192;-13602;914;-14022;-18027;12974
-1953;1169;-12196;-2085;-1179;-11328
6241;-8102;1927;-14843;-4140;-16848
-3313;11114;15675
2051;-12023;4680;-18346;-11819;3787
-16338;13026;9174;-4109;1245
8896;3202;-3235;18197;518
-11196
6400;3460;-1754;-17869;12767
15296
-3025;-8017;9526;-9687
4000;1989;522;8077;-17599
3011
2240;-5035;-8412
7110
8448;-2694;-5946;-15120
11218
-14882;-9012;14541;-1870
-6836;-16677
11224
2627;-11637;-12808;4156;-8286;-9856
-4725;-6504
5037;-8079
7858;-4855;4137
7142
5297;5475;9749;7103
-10641;12241;3363;-15765;11589;2262
8337;7002
-4506;-3451;15116
10576;12354;-16823;18360;-3964;-5152
11426;5002;15547;-18190;17950
11621;-13174;-13656;-143
-2945;-4708;9326;9583
-4659;3109;6683;-8396;-12973;-15503
10688;-2810;-10186;-11147;5643;-11645
-17545;-17114;-17231;-16720
15364
11763;-8820;16003;13883;11965;3342
-14289;-1220;10708;-2380
-709;-6470;11879;-3341;9918
-15429;804;-14197;18198;17805
-7475;8883;-8591
9584;-3846;-1559;-8697;-14955
3095
-14194;6401;-11349;-14294;-14718
11290
-1009;-14050;-12259;3721;-4079
-14994;-15673;15278
1126;13305;-16269;4940
-11298
-3507;-15815;17254;-12607;11566
6630;-9739
-1570;16970
17921;12196;-13000;3897;-13930;125
-677;4948;1445;10247;7631
13458;-1508;-4838;6517;-12234;5817
-3269;-568;10907;16527
-6178;-2645;14665;-17152
4393;-2940;-11820;-7086;-9582;15725
-10823;4280;-672
4370;1362;-13796;16614;-15768
-15124;-12581
5681;-4530;-4469;2231;4221
-13604;-10011
-6322;-6036;-7912;8669;271
-10757;2502;-3946;-6158;7023
5523;314;11278;-13967
-3150
-14497;15236;10919;13496;14860
-3152
6098;-2724;-9007;-1615
6912;6465;-3418;-16492;15341;-5646
-15963;-6476;4299;159;10719
10212;-12103;8534;13434;-6222;1599
7264
-15458
15458
-10785;-17865;16089;875;-3774
-8497;9025;-15924;-12973;4717
-7268
15314;-2905;-10;5657;5599
1826;4665;-8955;5691;12239
-3184
-10785;-247;-3179;-9455
-14946;-15303;-698;15471
-421;13958;14518;16095
1456;11090;-17286;7930;-6381
14358;15399;5579;-3469
-3683;905;-14060;17164;1708;-5231
3104;-12470;2072
-13337;14937;9789
-18375;-8476;-10125;3837;-6910;16367
-1606;-1046;-8743
16240;11539
-7307
10676;-3369
15777;-11716;-11371
-353;13152;16212;10503;1480;3181
-10643;7423
-15509
-615;4459;-15261
10688;-15572;16308
-5639;-71;3435;-17967;-7568
-2708;14068;-6508;16588;15740;11117
-4621;-6815
12955;-17837;16318
11939;10357;-9673;7007
1935;13599
-5141;16165;-8855;-17704
10373;6901;-14027
8050;-8643;-12404;-17083;6351
7456;-4521;8505
16576;14020;7719;4938;5051
-6247;-1098
12437;15389
11455
-6355;12355;-18406;-7242
-2753;-3414;6967;-3790;14447
-7364
3220;16440
-14757;-8357;13910;3079;-14089;-3545
15699;13097;-7710;-17806
-15569
11477
1203;17589;-16847;-5232
-8817;-14995;-297;-6729;14553;-7483
-7681;18178;9175;-11480;2236;13343
-8297;5736;-733
2514;10408;-9626
-11496
2193;4419;9574;15837;-12335
48;-11547
-18038;-12172;-10653;-15663;-2096;-14320
8308;11387
11505
-15697;-8531;-4582;12919;-14377;-14009
2740;-10156
17553;2154
8145;3370
17768;18328
11282;11010;-10150;16520;14221;-2688
7428
-16169;-11914;8361
-7434
4545;6988
-17729;2090
10848;12949;8294;1352;-7022;-10783
-15041;4760;2830
7451
289;11259
14324;7685;12952;1164
-5649;1877;5687;-3498;-9786;8010
-15652
176;-3546
11564
17104;5729;-12117;12085;1051
-2325;-2314;-6927
-14020;-5032;16648;-17355
-15793;-2501;5783;-9337;10028;4348
2257;-4361;13674
13648;18403
1856;-14050;-824;-12905;6156
16596;-14695;9673
13602;2820;-4153;11594
-9969;6583
7073;7921;-180;2936;17338;1069
2448;-5110;3398;-9802;16521;16415
16145;226;14355;-214;9069;-3422
17252;6966;-9512;-11311
-12163;9443;11463;-2795;13454;8574
17826;-14423
-8018;-17576;-5545;-15100;-14511
10950;-6236;-16317
-5521;12914;-10068;-12068;-8678;11818
7058;15589;1565;11966
1045;10559
10611;-14283;7087
-6339;13109;-3354
-10049;5313;-16195;13912;-14351;13855
-14389;-635;7498
-9379;15317;17975
8337;10145;-6853
18288;-8177;8426;-4219;-30;9630
-10625;-9717;-7674
-15730
15783;18379;-6144
-4423;-3116
-7302;16587;-5837
3505;-8482;-6356;15111;-11324
-14257;-17304;-4668
-1201;-9379;771;11412;5688;16652
3464
16842;-1087
-6776;12280;10254
11665
2229;5342
-15427;13047;-12569;5932;1439
-14891;3211
-966;12646
11525;-16758;12997;-15351
11684
13843;2485;-15495;3416;11532
-14627;4389;1960;2745;-13067;-13566
4372;-15847;-6505;9258;1131
9217;14758
13975;13274;7836;17564
-9685;-4566;17258;-1645;-1294;-15855
7793;-11295
3503
4560;4753;14850;16994;-13077
-15796
13718;-14619;12603
-1906;-231;3897;3114;10927
7612
-15812
8608;1032;-13690;3785;-17836;-9999
8423;826;-13660;-4557;-16110;-3023
-15815
4867;11283;10933;17787;-4477
-1074;-6554
-10963;-678;-17128;-6635;-7359;6462
11491;-7958
4233;-18093;-6061
13410;16693;18277;214
-17652;-5158;-13499
-15058;-8972
3550
13025;11010
16865;14515;14967;-2873;-17323;1983
15616;132;9130;3564;7887
7661
14410;-15916;8719;-14880
15508;4166;-12008
15171;692
-1811;17034;-7551
4705;-12675;4556;-15182;6814
2874;-15356;4796
15879
17041;11554;7764
-10531;12163;-7832;13256;-6718;-12127
-13554;9956
-7185;3091;11789
18117;4316;-2607;16270;-7919
7702
10261;-15576;8927
-7682;16482;11830;16374;-8328;7707
-7171;-3911;-727
-9812;13733;16079
-15321;-16970
-17957;-13751;2040;10271;-8800
-5634;-3668;-13865;-15019;8026;18346
12098;-4486;12398
1061;12358;-12329;12313;-9450;3771
13890;14315
11822
6005;-9978;14874;28;4990
15927
3520;2980;-1502;-8640
11836
-10609;-9421
-1633;-10211
15160;11372;-3615;9407
-14673;-11249;13941;-2248;7615;-1136
-4763;-11180
3233;16904;8093
-3656
13015;-18220;17054
-11281;8596;-3718;-7897;15947;6109
-4018;-3511;18105;17663
-7394;-6370;-5080;203;14975
15696;11223;2360;13449;-11983;9790
-4275;-5991;-16663;8732;14525
6279;17886
3393;-6936;11327
5440;10321;-7974
-9985;-16459;14558
3702
7799
15217;13491;15460;501
-11906
14050;5062;13353;-11578;-4879
16568;-4654
-6819;-5097
3394;-6357;-14406;15366;11255;10857
7821
-8465;-5282;-4547;14568
12544;-626
10391;2442;-10111;9199
10912;-2131;4791;15479;-16456;-671
-11858;-2370;14657;2706;4694
6818;1107;-8134;-18264;-9114;15657
18408;-2383
-10931;-7657;-9562;-1868;-16012;5422
13253;-2759;-14411;-8941;15885;8911
1168;-13105;6641;9640;11691
6129;17201;8786;-11975
13573;11848;1161;-2027;-8510
13282;10955
16047
-14306;2193;-16551;-9050;1183
-3764
1728;-993;15321;-10763;14861
-899;694;5437;14926
10051;14204
6177;-692;-17455
6050;-6409;-11613
-10262;15225;-8748
-7882
-14097;-11465;14505;1595;-17837;-13359
-8981;12775
-18115;16116;-11718;-6111;16030
-14280;-1808
-18121;-10859;16235;-4703;13646
-11812;-15445;-6617;-10890
-2915;10815
-16093
-11999
8230;4586;13738;-17163;-13200
14849;11204;-9957
1235;18278;-17068;-6254
3809
-8097;-4949;-1943;-9002;-13690;5199
3811
-17267;-17607;-2903;9510;-17561;1048
8306;-4487
-6963;-13123;931;-10216;9167
4999;-14969;17880;16393
-11273;7448
-5269;14036;-6007;6455;-345;11338
7921
-3827
-11634;1578;-14252
12169;12139
-15729;-8580
-9570;-4227;3394;9083;13341
8560;11655
-18179;4499;-12949;11797;-5384
-7937;-9730;7205;-9757
-9633;-15201;1220;-3194;14780
14384;13699;16717
8985;14268;17949;7695
5761;16018;-16585;124;15341;15950
3842
-5108;-134;9086
6517;-2671
6017;-12374;-411;8188;6526
-12854;-6888;-10410;16506;-6589
-3852
932;-17072
-16034;14532;-2202;7660;3996
-3525;7382
16147
3864
-8445;478
13601;-9539;-191
-13766;-3083;4843;-16364;12206
-423;-7552
-8519;12551;18347;9996;782;-4703
10256;7797;14509
-7988
-17889;-13634;1998;-3040
2945;-1803;15039
-4921;-11263
13632;-11750;8313;5994
8263;14636;1484
-3911
16678;17526;6102;-4538;6586;14811
-16211
3923
-1236;5160
4737;-12759
9323;2796
-8420;-13317;-14960
16592;18230;2055;13003;-4992
11877;-16665;858
-12518;-12040;6459;4892;9277
-12122
16219
-1889;-11706;5098;16524
-8032
5808;-13090;-3365;-15035;-11372;16734
-3937
-1687;-14541
5760;-13362;-5698;7532;16782;13407
16231
3986;-7383;-9448;-9725;-12223;6270
-7174;18342;-1865;11033
66;-8328;1399;-392;15307
-7142;-13063;-9930;1599
15280;-10486;10743;13006
8416;11508;8621
-16261
2005;-5213;17101;6463
-5253;-18405;-8170;7870;-4592
13328;5254;-13480;2969
3976
16266
-16270
10128;-2449;-17251;-14890
-11074;-12117;-13562
-16212;-4805;1480;7359
-16340;8724;3289;12409
-4611;11619;-10998
13905;3415;15722;-16124;-8831
-15553;-17138;8060;8349
16580;9813;10245;-440;-13512;9982
12376;-9929;-6445
-12193
-14370;4945;-7266;-7792
-8099
-8402;16501
-16195;9449;-9482;8634;-4605
7218;-15620;-17368;12057;7370;-5856
-13366;-3142;9830;-7;-9676;4155
11921;-8020;7094;11225;-12237;-13998
-5187;-8692;-4778;-3147;7260;6430
-15619;2003;11477;5109;13942;-8795
2720;11482;10299
16710;-12684
3021;9199
-4024;-11513;-13069
-17428;-7790;701
8137
-13988;15779;2254
13734;12010;6973
18112;14609
-4289;14624;3890;-3080;17484
15233;7142;13287;15324;-13774;-383
10512;11187;10538;506
-16421;11578;-8844;11052;9309;-10751
4919;11449
13904;-15036;-2959
-13937;-4115;14995;-3482;1690;-3341
