17808;-17431;7816
18165;-11944;2921;-14909;-3167;-11551
-4403;-13446;-15273;12637
16391
-4104
-4531;-15299;-1897;-5118;-14128
12309
16407
12312
8217
-8005;8031
13364;-5143
8163;6660;-6600
-1351;1385
37
9714;-8666;-17472
16700;16109
-1393;3063;8761;9372;17102
338;16466;-12665
6946;-8259;3206;14535
-18214;-13401;-1200
-10349;10301
-196;-11403;-4524;16764;7021;-7711
10880;-14613;13274;14747;-11952
4340;12262;1737;10894;-9760;-3040
-11349;-11805;10815
8243
18016;15396;16885;-1161;6170;14378
12343
14064;14858;-4283
10800;-11331;-9018;18283;-16991
-4162
-4961;-6469;-5255;11674;-14287;2847
8261
17232;-11650;147;11508;-12854;-4455
-8264
-1251;-7016
3447;-1128;-5787;-4799
-3569;-4995;-6676;-5320
-10625;-3443;-13317;-5464
-13656;-8987;11579;17692;13932
1970;-12549;-14079
8276
-101;13276;7390
-8280
14833;-14823;-16680;-6859;-2144;-7184
4185
9136;-13458;3204;-8782;-2478
18177;18404;12666
-15110;5429;-9272;6904;-8299;7963
-3750;7307;-3452
-14311;11367;-13546
107
15107;1386
14017;17202;-6534
-12399
8302
-14460;12155;-14191
16497
-8308
-117
-1793;-17843;-17348
-4217
1970;-17941;324;-10700;-12492;1854
-11233;8515;15131
16511
-132
12083;-7855
-133
9041;-10515;-9844;8804;-2919;-6990
-9409;9400;-9146;13386
-5913;7657;3931;-7516;6078
12431
18;13378;16854;-7559;-2064
17477;-9310;-8319
-902;9245
-8345
13015;-17264
15440;6568;-17759
6916;8902;-17976;-12812;10717
2049;12518;7895;2168;-12186
7696;4748
-6546;11156;-10341;-6715
-4745;4585
-6818;16278;14317;6782;-1727
2754;-11109
-4262
-15809;-1703;11159;12410;10554;-12348
-15542;15373
15749;5194;-11355;-3214;4654;-11200
13811;-12428;-1212
-1028;6563;-6091;4831
-15204;-5016;585;9869;-10895
-8567;8748
-7938;-6132;5717;10374;-2204
-117;-12486;-8858;9404;-16799
11490;10115;-9222;-8103
-6098;4149;3765;18248;12268;12909
-187
13252;7414
12476
-12961;-11652;-15049;-17872
11539;-11061;-12959
1984;-6627;-18054;12406;-10383
-8489;12778
-17542;8009;9726
11170;-8501;13911
-201;1642;-11963;-3613;-15502;8959
-1492;1293
17600;-11234;-6167
-12834;2134;-4395;10797
6896;-16966;-3881;4873;15257;-10478
10593;-10387
-547;17140
-4547;10492;3837;15006
-14354;17609;-3469
-5569;-4524;-10172;-302;-12416
-3921;-2310;16445;-1807
-1683;-5733;-10325;-10087;5947;13470
-753;1009;4059
14700;6623;-17008
-16604
-4996;12213;-14427;6173;-11471
5856;12849;17538;7353;-17738;7131
18402;-6533;-11349;-742
-2722;-15493;-14773;-1116;18172;15709
-11857;-8163;3928;15051;-4013;9372
7460;-17382;12972;14460;11390
15249;-5546;-2398;5566;7839
18018;-9596
16616
233
18037;-9611
-10116;9880
-4332
14277;11192;-16393;-7757;8476;-10031
-145;-3334;-13144
-14805;15046
12413;-12656
-12531
-12532
9715;-17958;7481;-2844;3852
-14465;14217
8369;16450;-16377
-16638
-3141;16901;-6793;2715;15149
-725;-3627
-9156;-2951;16459
12544
-18262;-13510;15029;13126;-13055;12318
-8452
-17267;17007
5890;7971;-6552;1143
-14338;16597;-6152;5833;-4380;-1919
4365
11078;9673
1248;3456;7230;-3471
-15187;-9707;14667;-2335
-16661
-279
11824;-11546
9556;-5222;16199;-12059
286
-3075;-932;10982;17448;-14780;-1164
-2504;-14169
-9234;4844;-8190
292
9732;-14125
12585
-49;-2378;15385;3723
-8177;17520;11254;-16506;-14539;10749
-305
7803;-12206
-16697
9685;-1178
-2226;243;-14549;10455;8524;10157
-15361;-1342
15412;308;13273
12609
-16929;-6231;15655;17351;18430;4815
-11001;-1611
6050;17986;-3099;17915;-9853
-15236;17509;7194;15437
15153;1939;-15706;5881;-2842
-3164;-9455
-16037;16022;3645;4895
16212;-1274;1785
-403;-10228;2099
7947;-15568;-13200
4692;2261;13895;-27
12442;4284
14203;17453;1455
-5634;8998;15497;12574;18063
-16625;11233;-15204;12056
16732
3330;-7971;-11799;-9577;-17485;-18287
-4446
-12639
-12643
-15090;14467;1975;-16105;15114
12651
17902;-10832;-2608
-3141;3716;-6903;10791
-3106;7572
14432;12002;-9676
-6305;-10824;13211;-7279;-13760
3249;-63;-3567
15665;-10946;-1378;-14941;-8317;11341
-16771
16770
-15922;-11314;5635;-9317;-16846;-14063
-18178;260;13433
-4486
1062;14951;11979;5165
5250;1832;-7472
-16783
-5251;-10116;-10086;-3432;2393;5612
-9993;-5117;-8783;-10591;17695
-6407;-18379;12093
3107;1397
12822;-1817;15420;-1439
15692;13390
7824;-7714;-15911;7197
545;-421;-12830
2981;18311;15288;17688;-12891
-5139;7971;-15540
9618;14420;-1288;13674;9706;-17038
-4518
-16810
16809
-4785;8282;-3070
17424;9845;7782;-10047
9894;14891;-7968
-11650;922;11819;11631
2498;18180;14988;-14751
13168;-6456;1916
-8803;-12678;-3783;15720;-12845;13759
16821
11844;7622;11946;-14588
4538
5760;-17091;-16137;-13935
444
6745;-6299
-18107;-1340;10300;9597
-8646
10925;14125;18302;14446
11075;-11255;7578;-4575;-15568
-4131;-2149;1724
-4037;-522
18208;-1362
-16852
4563
7169;-6696
12766
16425;12732
18202;18141;17391
-8680
-18101;15398;3193
689;-8034;-12572;-6926;494;-6912
11168;13344;-8805;10345;12108;7391
17526;3451
2853;13366;12952
-501
-2090;-14588;-8399
10896;12228;-10335
2787;18198
-11589;-14168;-12286;12957
16913;16366
-4612
10832;7216;-17525;-9705;-10491;-9517
-12204;-12894
5139;13496;-10925;17389
8718
2384;16224;-8179;-12756;-1051;-1246
-4423;4954
-9842;-9859;-868;-3162;10908
-16274;17730;-10790;17269;5578;7502
4994;-9626
3364;18117;15929
433;5842;-7108;583;3546;-2750
-12837
304;4218;5563;17211;18236;12365
15994;-7244
6993;18148
4664
-13996;-11152
17124;12071;5528;10286;-16495;13022
-8916;12985;13900;-17392
-17383;17404;16941
17723;-18304
11618;-18155;11214
3059;-16437;-13862;902;15498;6157
3858;-8542
15168;9996
9856;-1076
-6679;3482;3659;12414
11480;-17755;-9659;-16878;11741
5345;-10032
-9761;-8615;-16216;3335;-14394
5216;17105;-12915;-15891;14398;-12608
-2087;16138;-14651
-1030;13495;-9261;-6335;3694;-9359
-4465;17955;17723;-14224
13473;7612
12530;-16470;11526;-1119;9599;-16672
10802;387;17591;-8344;11772;13454
-987;13884
16203;5548;3437
17745;-17133
-10689;17105;13554;7575;5839
3522;-8237
-1798;5656;6361;3259;-572
-14980;16216;5241;2333
-13346;-8276;4614;-3211;-5052;8267
8789;-6664;-6841
-2950;-24;17783;5449;16122;-7088
9954;-3267;-11636;-1165;-10893
-17008
-9635;5139;18181;3323
5107;-7341;6959
-12953;-16350
-7681;-2577;54;-16328;18249;-4637
-17797;-1049;9257;4075;782
10760;8200;13226;-9772;18061;-11168
-10136;7769;-10558
636
-12788;17524
-14083;-7335;14184;16074
-13988;-11942;-12584;14218;-2510;9773
-12705;11282;15833;10815
16404;-17623;18254
5237;-13128;-9146
-1953;-3541;-10346;-4938;7836
17039
8225;4718
14946;14156;-3871
6561;14355;9796;13880;-892;2012
8852
-373;16748;671
-8856
-8858
-12775;11559;5981
-12958
-18321;5359
11733;17614
4802;-30
12053;-12682;12425;12553;-204;-7084
4051;-15286;11912
4544;4807;8380;4765;5869;5087
14850;-12101;16500;7917;-6000
-16661;-414
3104;-2100;-4455;4599;11833
7717;-2925
17085
5269;15525;-13513;17194;-1918;-13663
13601;-4728;15754;8843
-6110;3485;-6272
8897
-14067;17098;-9772;-10350
-16232;-539;3066;8895
-9986;244;8250;15646;-1152
5840;11258
5922;3412;602;7163
17100
13409;36;13479;-1632
-9898;5083
13136;-5684;-6603;17740;-9679
-9962;1050
-8721;-10541;6252
-836;13849
13444;-3861;-10631;10553;11513;16573
-3889;3158
-18417;-10395;-16975
97;-7667;-3623;4171;-15821;1630
6855;-2026
733
4182;-13610;-9306;14668;3325
8595;-6616;616;1242;16683;700
-12674;-2775;744;-14714
17654;12491;7468
8943
-823;-8123
-8952
15136;4290;16211;14040;10602;-14460
-15123;-11804;-14797
10240;-16648;392;10877
8499;10950;-17050;14846;-8431;16527
11783;2153;8892;-1583
10823;-11353;-16621
5525;-9190;9749;-18218;-17309
12663;4040;8843;-13071;-17344
17314;-3414;3128;-3966
624;-897;14234;7294
17500;18030;-6080
13072
-4882
8244;13077;9465;1643;7547;14060
2711;13975;-6392;-1340;4126
-12980;-3349;-14907;1771
4894
7650;-11749;-10985;15883
4757;16299;-12061
-10098;-6674;-15818;-9179
4720;-15719;3979;6460;-12541
-1282;-2902;-4823
-1025;-6115;10770;-217;-2012;7611
15906;14994;-3763;2440;-80
1747;-6438;9612
14330;-1211
13119
-929;-2819;16546;4426
9670;489;-14187;-13197
-842
226;7957;-17336;-5482;-10783
-13133
-13195;5484;4029;8623
-4498;1942;-14408;-9820;-9901;11261
8507;-11148;-222;15999
-13138
-1361;-2228;4460;12271
-9047
-3733;-5302;14486;-919;-5388
14644;10261;12680;12425
-3841;-1478;-10822;-9223;-2363;-9997
818;13512;11178;12220
2608;-3474
3538;-2671
-7447;12412
4869;-3642;-10651;1370;8924
-2920;-10060;3725;5470;-17568
-9957;-3206
-14373;-902;2934;-5863;14649;4430
7107;9112;15098;9644;11517;1646
-3637;-17366;-491;-10284;2223
14785;-9042;15682;12292;12223
-14642;-10226;15646;-8048
4116;14742;-682;-6093;-3005
-5985;3697;-9700;1499;-7214;12717
14049;-11832;2633;11273;1151
-15409;10656;-2709;3444;-5071
-11794;12196;17879;10890;398
321;-13507
4352;-12947;-15412;195;-18048
-17522;3986;-16391;-442;13211;18062
-13193
-17292
-12881;7120;-13783;-14712;-15805
-17293
5006
-225;-18182;470;16214;11084;-10272
14721;-12370;-11456
9091;156;-142
6649;-11661
6456;10844
-5019
13212
-5938;17048;12811;14732;-11166;6207
-6950;6022
13778;-12569;-16525;-10782;16974
-13224
12752;-15236;-15738;-1819;-1376
9130
-10130;5621;10666;-13437;-15902;-14624
10331;-15372
197;4917;12218
7840;-12805;-7336;824;8792;-14651
-957
6884;16760;-6302
1640;14396;13596
16373;-14360;15339
-6585;-17552;-9600
-9162
-2483;8088;13707;4924;9503
17553;13283;2906
-11025;-10115;14535;12776;1384;-2480
4754;-13927
9409;-9868;-9580;3068;-10397
13153;-10387;-14040;13259;-15724;-15920
6435;6395;-17918
5298;-6003;7971;-8261
-7539;2446
-998
-2312;-6880
-4049;-11842;-7147;-10736
11332;17671;-3422
17747;-2597;-3718;16983;13551
5344;-16363;18172;6143
-8817;11314;12115;-8900;11109;573
-8615;-12878
2210;5443;15347;6022;10263;14975
-14274;1316;-5851;-2685
4468;-17771
6433;5265;-17955;-1852;-15023;-10655
-17336;4029
-9826;-15433;16539;-493
-4522;-6874;-1915
-9460;-13781;14661;-8828
17266;10659;18154
13585;-16773;-18389;14421;18309;2159
5110;4026;-13339;5229
16546;-9928;-14745;5945;-12543;-10880
538;491
-757;5653;-16375;-1214;8303;-8928
720;-17269;-15706;-443;11183
-16609;-14450;13043;14260;-9066;3595
-15205;6533;17898
-4657;-6981;2406
4022;17497
-16193;18035;-4906;-2810;-12234;4780
-4266;-17180;-10556;-750;7134
-5026;-15125;-15349;9879
-13665;10320;-12181;-15240;-7144
7284;-9084;-15632
5144
3104;-12451;-7637;-1630;10991;8671
13338
-9521;-804;-11972;9174;-14743;14526
5360;17922;7910;10121;701
1055
17440
-13345
12900;-13304;-17659;12908
-4358;-17351;-14890;-13613
1798;-2186;18057;-14138;8186;9822
-2641;-10739;17509;9193;29
17120;15130;12047;-12736;2271
-113;-3444;-18054;-12906;4779
-13355
14657;-13589
9526;4425;12890;-1196
1069
-1075
-12753;10882;14824;2265;-10046
1082
10945;-3741;13724;17022
7265;12465;7709;-14064
-14374;9851;17901
5189
16549;-16408;953
-17909;-7770
5200
-17893;-11656;40;-268
-9651;979;-18007;-9800;2604
8982;7592;-3180
-3473;6402;-11684;15448;8633;-10123
-17762;14388;7141;9629
14832;-1683;4346
18345;3247
13408
10284;-11407
-11418;-13178;-9738;13514;15599
12149;-13191;14457
-11954;-3650;3297;12610;-1431
17146;-13630;15773;-9966
6572;-15901
372;6950;18394
1830;-13195;16602
-5240
1143
15142;-2809;13371;16399
-11617;-15110;11789;9694
-17535
-643;-99;-412
2624;11977;-2940;-12815
5504;-9254;-18316;16939;14382;-10416
6475;2879
-9922;5891;-14153;4843;-12400
-10942;1583
7559;2120;-14942
-16615;14678;3992;13753;-16975
11296;-5539;9283;-3069;9676
-10979;5708
16018;9733
-9369
9122;9029;-13289;410
18336;-3986;7154;674;-12806
-10786;17970;-7016;-11755;12716;-6415
-9383
9383
4928;-3189;-8026;7068;4509
9732;10022;1718;5975;-5772
-15534;-14336
-8694;-697
13192;296
15074;-16276
6005;-7208
-4357;5562
14756;-12807;15640
-7849;-5646
-1208
5744;1904;7104;3648;-8999
17553;14194;4597;-10559
1031;4279
16402;6103;14280;9642;-16540
5313
-17394;4146;-5956;-14782
744;16857
-6;-13503
-17809;-14995;11102
11655;-10432
-10561;-3555;-16041;3289;15836;-14768
-1226
17857;-247
17408;-1170;-16132;1046;5512;-5438
-9419
-11617;-5783;4366;3614
5324
-13587;-12221
5362;2419;2045;15982
-14039;-15869
-12737;9783;-2248;-12331;8093
9439
4266;-5515
1823;-7168
547;-5063;-17214
1251
13539
-9861;17304;-3356;-5340
-4162;8258;10610;2868;-8374;8437
615;12926
8582;-16427;17292
6272;15286;-3245;-16575;7711
12663;-3213
16961;2290;14502;-15582;-527
-1262
17653
-17656
-3381;-6792;-5113;5822
-16579;4329;6411;-9165;-2655
-3698;-2210;-7507;6404;-14746
-17348;-4681;16654
-13571
14656;-14039;12954
10580;2598;16779
3816;13385;16889;10443;-4445;14446
-12789;3732;-14747;-1743;-8511
-10362;9468;-397
-17652;10709;11910;-6264
-2325;15909
6336;-16034;5654;17628
-5953;8336;9137;-14396;-157;8430
16965;-7127;-17847;-17869
-6274;-17878;-1692;12254
9498
2450;-10004;14542;2511
-4293;-18154;-18013;3436;-9341
-10674;11026;-13213;-8928
12384;14642;16454;-15047;5644
-9222;-12568
5406
4337;14499;9908;1238
8069;-10057;13352;126;15166;11519
-4530;-12485;13988;17525;5925;5465
10385;12774;2735
377;17325
1319
-3585;6739;-2860;-5712
17705
-5418
-13746;-3960
-11798;-15782;-14378;13210;-1248
2736;16771;-18183
-9905;388
-8707;13396;-5383;-12921
-6178;9573;17563;-15535
9519
5423
11713;-4931;10568;4459
4490;-5725;-96
12640;10852;15174;-14154;-2702
-5429
-13625
1344
-13636
15632;1882;14477;-14255
17170;3586;15894;-8633;1290;8910
8209;-1211;3498;-15836;11374;-7391
-13646
13650
5680;-9459;5142
12064;9780
-2744;4108
-7061;5694
-13236;8999;218;9483
-626;5131;-3136
-7921;9666;11956;965;5129;-14330
5468
12034;12697;-11071
5253;-1721;18328
9496;5979;-14765;-10287
9576
-9581
14817;11170;17683;16715;5755;-7408
-13678
-12961;-17654;11977;13147
-12231;15704;4776;3625;-10479
15306;858;-10877;1615;14975
12643;-1707;-7678;8223;9647;17135
-9592
3379;6214
-4133;12452;9467
-17803;15
3828;-10583;8158
5648;-7442;-1496;-12025;5711
13427;-5957;-6057
12691;9204
-5513
17801
-14321;-11620;-11574;-4864
-12295;-11879;-807;3080
3824;-13304;10903
16552;14840;-10107;12909
-3539;4460;16894
10185;-18031;13374
-9626
-13445;-11592;-9148;-8252;4139
2760;-1326
-17171;12455;-13754;4026;8139;-15614
-17558;-266
-15329;13889
-6945;12481
-15750;-9831;15945
-15129;-7723;10236;16606;-2544
17830
13360;1780;-3333;-743;13735;17608
-15634;-2199
-16420;17701;8360
-5768;16633;15161
-6865;12415
-1197;17933;5199
2356;11388
8675;-10500;-2118;-17994
16535;-10976
-3105;-14545;2726;-4775;9191;-3248
11281;15752;-2106;1117
-13761
6103;4040;10713;1837;14941;4799
-11879;7574;-200;10077
-2851;1371
4776;-6586;8458;-5168
-730;-4847
-3809;-14851;-3301
11061;-5389;270;-15615
9831;-5370;1116
17866
-11585;6133;-10791;-18012
-6823;-11740;-11600
-7847;-9914;16269
-7621;-2064
-5597
17386;-7694
13791
-6914;7521;-7755;-11963;-15164
-16281;-17995
5603
-1734;-12062
-5605
-7027;16729
-8019;9362;-6953
-9955;-1900;11997;17757
10534;-1031;206
-10660;-11340
-8161;-6020;1092;14612
7808;-11943;-10235;9195;6701
-1938;18147;13291;-11581
14128;14502;13132;8927
13074;11938;12875;-4015;-3663
17923
-1540
-9736
13907;9429;-14425;10329;2783
-10401;16010;15869;-3551
-2211;4948;-10165;6790;6774;-11776
8773;601;8559
9742
-4324;18072;90
-1359;2911
-10074;-2042;-18398;-7904
-3289;4843
-5473;86;-7321;2959
-6260;-17637;7125;11765;7750;-12494
17943
-12759;13832;18028;10029;17758;-4368
17957
-17540;17386;-5518
-5409;-1154;9348;-14613;13277;12415
5568;12392
5600;-15857;14514;-18379;8445
582;-3048;-15503
-7671;6078
-16817;-17549
-14121;-15162;3433;2637;1133
12755;-5033;1641;8621
1332;8116;11669;3381;4568;17593
4804;-18408;4423;-17002
-10210;7924;4772;10086;17707
-13896
-1609
-1610
10528;8723;-7525;-2151;-7966
-17283;-13555;-3542
13651;-10757;11007
-146;-9895;-2890;-9163
14321;-308;-667;-6364;2827
-11749;16294;8412;-7230
-12017;10383
-12005;-7627;14187;-12574
16944;17154;16691
-17505;1105;-11543;1726
14725;-4892
-13931
-12229;-10086;-16729;16186;4829
18082;-9564;6587;7023
-2581;4536;-3322;-4699;6410;-18381
12897;6722;-12836;17862;-8632;-14350
13952
6882;5523;14116;10549;14441;7501
-5768
-17720;5864;-17370;11165
18062
-13249;-14657;-2691;-7956
12144;-4600;4536;13723;12749
-785;13602;4243;16484;9111
1699
-1667;-7894;-16715
-10049;-12134
9897
1811;828;4685;-13935;12415
15264;11458;3150;-12208;16815
8982;8730;-8767;13247
-532;6341
4632;-10445
10048;-8329
-1635;8023;-18346;10237
6052;5416;-11452;-15934;5998
-18421;4404
-2593;-6565;-14222;-11119
-8690;-5331
-6978;-4364;-15788;-7375
3715;-12069;-9816;-8144
5835
-18287;-8031
-825;-6281;17039
-18294;-11002;7069
-885;-9054
4904;-10749
1748
-3752;-11897;10700;3197
1120;-14137;-5120
-2497;-15105;-17731;3349;-5830;7387
4979;12361;-7392
17319;-18329;-9726;-11503
6834;3191;-8265
-7425;17057;3735;17069
9959
11424;14922
13154;3509;-2604
-9906;3303;12473
13746;-6392;-11434;-9983
4000;8257;14147;7141;-17323;-10351
9971
242;6967;-9850;12619
-16229;-14871;854;16154;-16619;4347
16113;-17796;-4796;-11645;4047
-10017;3442;7557;8599;-7903;4207
-14084
-17921;8965;-10185;-13723;10587
10202;12075
-14097;9733;9928;8523
2688;15073;-3826;17778;2693;-12126
15969;4758;-14830
-7682;-6409
-13705;-7802;16541;-13232
-17332;-8934;-2058;11037;-9104
12514;14457;3516
-14355;17970;-9533
2704;-4529
5877;-8887;14087;-17003
12676;-16012;-2591
8899;16947;-10677;3000;6831;-14976
11505;-9300;-213;7654;13132;15918
16904;3786;9819
10406;5414;-10286;399
10030
14126
13218;-15880;4584;16300
-18225
5089;-6388;-7064;2424
-10918;-3286;6406;4631;1591;-4367
1851
14352;-2466;5479;-11769;-3744
-10048
13334;2918;-10952;4747
9408;-15187;-4270
14144
-6433;838;9801;-7562;13407
-18245
5960
14178;8167
16772;17876;-5109;18309;-8822;-296
-3585;-7027;-4550;5482;6989;815
-8004;9882
6592;-12801;-6582;-5353;-4223
10963;17539;14044;302
-3731;-2662;-4759;10861;-9790
4434;-14138;-4475
-17201;-2274;-4872;10159
-17347;-15049;14105
10098
-1842;-3285;-17884;4719
-826;10926
10088;-7101;-4896
-7409;-12150;-6928
7440;15769;12635;-11742;-9903
-18418;11428;972
-5681;861;-8255;12222;-1071
-11203;-789;-278;-1944
15395;1347;-2342;-16104;-4320
18312
10416;8802;-9239;9293;-5056
-12436;5524;12758;4280
17365;13982;8831;-9568
-10563;-17399;-14168;12440;-3290;14655
-10243;-9623;-7176;5851;-17616
-4790;11001;-2300;-799;-1168
10214;-10376;-9979
-11305;-9532;-15308;-15870;-3183
1233;4908;-205;-11982
-12379;14330
18337
-9857;-13442;9046;11496;-13613;10318
-17255;15992;11562;11803;16719
11746;-12998;-7688;16442;13436;13789
4085;-10144
3793;900;17752
1968
10485;16375;-4411
14257
-791;6856
1941;17894;2616
2960;-12819;-12234;5274;10750
18036;-14086;-17959;-56;-2041;-2256
-1983
17540;6134;-5305
-17633;8546;-17475
10848;-18021;-2568;9368;-12028;6316
-2865;-17652;13829;-1318;-14009;7738
-8967;123;-13630
-5457;-11988;-5032
-11601;-2686
-3333;10709;11128;-14185;-6848;12719
-15075;-4519;13496
-3860;9174;7608;-10921
-6103
9969;-2325;-12377;-13658
-2707;12905
-8595;-13877;-4848;4831
-3301;1291
18131;10165;-5741;-16448
-12033;5092;10053;-10026;17117
-13747;-8745
-15419;5213
9394;-12584;11593;14092
-1603;5816;1737;-3934
18402
-15586;16362;-15083
-18405
7025;9219;-14224
6288;-5416;5244
-18114;-15203;2622
-2023
-1393;610;7350;-4666;4223
17828;-3512
-16945;9218;11618;1938;4277;-12136
12980;12564;11511;18223
4753;5470
-1204;-6101;-9574;9527;219;5100
2691;-2300;492;13437
11944;-7818;-5914;-2127;-2223
6065;-16883;-17989;-11832;-11593;13326
14496;12949;-4923
-5397;-8937
6497;1497;-747;-12447;11343
14336
16916;13316;-3382;-4552;1255;-5118
18352;13252;-13167
4673;14918;-8937;5752;-13151;2895
-10482;15525;-16376;-12266;15931;17917
-14545;-4820;-15988;11031;15018;7244
-3780;5894;-13547;11883;-13520;-9472
12165;4056;-5963
-625;-5779;16277;-14951;-5183
-5046;7117
16577;1330;6004;-5079;-8568
3652;5270;-15818;13066
8705;11573;14572
2083
14770;-4491
-14853;6597;-7034;-17002;9724
-11203;-15464
6978;-3299;-12580;235;-767;3246
12480;1899
8791;-873;-10011
-12529;-11174;7078;-18301;1055;-5088
7026;-2537;17737;16733
8144;16675;-17781;3623;3709;12302
-15829;1607;14058;-1934
5024;-2925
5386;15339;14142
13953;5255;9577;-2106
-15900;-14877
6203
-6931;15827;11435;-7742;14095
260;17132;1101
3590;4602;15642;15146
-6218
4624;-8227;4109;-13152;14767
-16833;-13963
4614;2070;1687;8119;8776;17819
-8620;15149;-8655
-17393;-15446;4742;-6314;7981;-16656
2470;-16056;-10442;17804
12944;-15076
7472;-6085;17316;2087;5919
17909;-6599;9129;-15467;5356
-13315;11177
16619;14191
13092;16614;-14159;7071
737;9813;-8073;8698;-4668;-4368
10535;7786;12491
17040;6389;3351;-4158
-7831;-13146;-1648
-6618;-11916
2208;643;4229;-13328
6563;-16910
2793;-9052
16432;17665;-17620;-15558;17629
-10365
-8420;-16556;7771;-14284;15310;18351
14610;4147;-6773;-12791;-16313;6751
2405;16156
-10130;386;-14131;3546;14047
-11897;10601;11673
-10380
-834;-11932;2284;-5629;-14749
-14602;5306;17627;2429;-4464
-6977;-16356;15509;6138;5947;-6463
11889;-997;-6550;-15718;-3580;-15920
-3036;-3166;10685;1823
-10405
13061;-16202;16797;478;16751
12434;12104;2251
4787;1525
-5828;-16614;-8552;13208;-13104
-8131;-11493;10203;-5086
-14510
15299;11498
-5761;-11972;7223;4190
13041;2773;-4218;18298;17387
-289;-1129;-4910
17478;-2907;16333
17584;689;16344;6443;-18189;-16543
15489;-13140;-11733;-17434
-12872;-4348;6540;-16144
15079;-2073;-17884;-13532;-8416
6421;-4171
-38;-13947;1466;2075
12497;-12534;-6312
-10273;-12567;-8376;-16094
-4065;11793;-6427;12490;751
-5762;-589
-10449
-9493;-7415;2583;-8413
6061;7791;-16112
13073;-14487;15082;4975
6356
10452
-3363;1555;12775;-15912;11308
-15219;13604;-17078;-8156
-6371
-6373
-13905;-15682;13013;16519;6427
-5491;15746;-3883
-17684;2836;-9899;-6748;-15840
5072;-15077;8826;-1100
-11106;11993;2251;-17709
6379
9768;8553;17162;-16814
14675;11701;10870;-13498;7834;-624
2674;-13157
-5108;7815;13657;-1786
-9349;17885;-14926
17953;-17923;14674;-10471;-14959;-3856
-4661;-16694;2902;-14825;-14186;109
-231;3548;-9712
-9234;-11165;9901
8729;18154
-6406
15346;-13237;-2935;7231
-15282;9383;-8699
17194;17886
12538;2062
-14602
2315
16051;-15575;-6890
6413
6290;-17687;16184;-18363;-16108;-1310
12244;-8215;3354;3134
-9955;468;-13320
-5509;-17160;491;15755
-13459;-6905;2216;18414;2063
-3814;18431
-8529;-3217;-10810;14986;9899
13460;18022;7255;2520;13656;8858
10533
-14630
16312;10605
3380;15351
-4325;-2124
6450
4593;10050
-17522;5453;-6672
-8246;6555;-672
-1108;-11108;-1589;14548;-15402
-3733;14296
6160;16809;16268
-10569
-11992;4439;-10378;7359
11889;5076;-10486
5544;8104;15275;10332
314;2078
-15092;6003;-2809;16314;14363
-6493
1200;-930;4035;12750;9918
3539;-8533;-6061;-7727
-18161;-4934;-16842;5194;-16715;-93
4291;-15896;40;4190;13870
12660;11733;-17898
6496
-9478;-17501
-10097;736;-1221;4230;-10874;-13856
-10602
-12707;-12836;2809;-15422;-1119
-5937;-6456;-1866;-3435;923;6159
-6518
13124;-3127;-12216;-1228;5870
10622
11924;13173;9815;287
8096;11483;3323;12300
-6534
-18307;15865
14730
6609;-8964;-12709;-5753;-6202
14732
12593;13971;-682;-7054
-1314;-10309;7991;4920;-3739
-10497;-12436
-6549
-4644;15289
-10836;18068;-13559;-5274;14009;46
-16545;2688;16317
3920;-16168;1719;12991
-12753;-14288
-3443;-7077;12732;4350
-16033;3907;14597
16336;-3330;-12067;-11606
-8469;17334;14089
-3506;-8094;14077
14766
-4980;2212;15733;18070;-8076
-16454;14280;12846
7872;-14801;9413
-5771;-4910
-7146;13242;14652;2223
-1861;-12776;14539;-4301;-14480
1256;-12873;-3167
-17713;17234;15956;-889;-17086
-14787
-6180;-2254;558;-6912
16311;14862
-16274;7106;6501;-17880;7561;-9997
-4455;-15384;9576;9323;-1565
-12226;-5699;9848;-812;-1808
3698;16379;2909
-17546;1658;18397
2842;-10222;766
14805
11329;-2743;6058;-3405;1949;-6574
13921;6707;-340;7194;7931;-4223
17138;-5493;18293;-15128
10715
-2528
11700;-5687;-10215;9222;17990
4708;13572;11702;1734;12572;-8990
6631
14528;295
18117;805
2540
18401;-276;-14874;12124;-12832
-2004;-10324;7396;7625;-5662;5519
-16979;-1142;-8249;-1003;-13917;-2222
-631;-15289;-12185;975
3250;16851;-6580;-6868
-15418;14442;7630
-7345;4785
14847
-7169;-11729;6756;8500;-15302
-9959;-17177
4406;15050;-4608
7331;8200;-683
1601;13810;6483;12020;9607
15058;1429;10918;9287;15023
-12658;-2547;-14398;7279;15663
-15010;-7634;15402;-13517;1804
12695;-9288;16249;16762;-17454
17600;14403;3257;13433;-1054
2208;-340;12056;15370;14939;-688
-11204;-3670
9916;17246
-15500;-3472
15653;-13065
15769;-17099;-13645;95
2864;-321;482;9784;-15965;-3534
14881
1297;-10950;-8967;-10347;-6397
-1109;-13952;175
11659;6844;12766
-15846;13247
13124;14056;3544;-8093;-11840
-14888
1120;5760;12785;-6339;-10727
6699
-16258;-12636;-10574
8976;14150;13113;-13151
4644;-1931;15418;-3230
-18404;-10966;-1919
-6715
-5123;13320;8683;-15422;9358
-1891;-16070;6182;5055
13825;-1554;-5546
11385;-10538;7228;6845
866;17555;15461;-9128;-9833
6706;8216
16484;2536
6209;-10823;-5915;-11294;-1295
-2641
-8581;17832;-12639;14223
7904;-14755;12356;8536;4619;-7821
-13601;-9558;-2599;10295;527
-6138;4555;-5165
-7891;5237
1360;-11428;8439;17817;2459;8590
-17060;10230;-5387;10157;-16990
6882;15987;17572;-11519;-18064
12467;-14262;12759;-104
12739;-4933;16933;11061;-12652
11009;6902;-15241
-4802;16276;-18246
14964
2320;-3906;3207;-14810;2319
18362;4795
-5140;2461
-9874;-331;14075;11051;8239
-8341;1561
913;-7110;-8784
17347;4996;-6762;13852;-336;10463
-6667;-4222
5813;-16921;4234;-17579;139;9327
5200;-1955;10548;-2903
-15204;-13414;16061;-14720
-14990
-2702
6800
18256;16787;-11851
-15009
1568;-7464;3166
-14358;11494;9804;16269
790;-1049;18089;-15690;-5099;-16158
6008;-8751
-9969;-17350
-15106;-7160;-15357;-10176
-6945;15496;28;-3854;3054;-14623
-2369;14969;-8044;-11404
-3794;11121;13409;-13888
2755
5042;-10742;15895;4968;-17919
1937;-5464;12203;-16061;18335
8084;6949;15645;-16671;-16767
-4151;-10089;-13100
-8884;11092;-9093;-5084;-7180
12482;3177;-4703
-2706;-14027;18413;-12239;13327
-17014;-2311;-4298;-11916
5574;9487
2561;6999;2332;-9773;12942
-17300;-11062;3528;-11386;3289;5581
12309;4631;-1882;5468;2735
10032;10361;9005;13629;-17263;9790
242;-6505;13146
-1669;-13639;-11335;15662
-16100;-6838;-16374;14280;-922;2683
-613;12999;4474;6413
14548;1476;-12794;-13051;-17550
16293;-10726;7318;648;-16330
12100;15277
-13284;-14095
-2806
2068;-12733;-16719
14066;-9718;17111;10554;11755
-10866;-1970;11544;-5245;-8560
15073;851;5235;-12868;-3045;13950
-17029;-5478;-14231;-3403;-8607;4974
11347;18379;-6432
-9650;-10906;7102;1438;-15376
-9009;6357;18301;7646
15105
-11027;-5189;-3527;12822
-11017
-15377;-12868;10824;-13465;3483
14708;8777;-12464
15122
9139;-10617;7242;17551
-8770;14690;3202;-6776;12780
-2839
17776;2448;-10692;15320;-18154;8431
6938
4679;-1835
725;-8233;-11998;16655
2400;-9349
17968;2608;11363;-1415;13295
-6385;-2769;3833;2698;-238
-9053;2093
-3205;-11286;4284;13070
14363;13996;7276
4661;-5720;7192;-746;18186;-12509
11545;7711
13955;-14633;1690;-14749;111;-13824
8967;-6091
14146;1624;15033;8943
-14433;-7043;-1975;-11705;-8687
-2563;13396;16281;-16347;-3788
6162;14343;15404;-4352
5411;8229;-10071;-17353;2702
-15537;11221;-15497;4634
-2892
-11380;-11993
-15363;-9395;7282;-10632;638
10738;16733
15185
-13171;2035;4147;9886
13543;10169;-5468;17421;-16383
11429;-13273;5705;-14959
-18273;-7140;-16452;11045;-6936;-6112
7111;5815;-10396;-13632
4160;4628;-14342;-11095;18219;9533
9363;-12281
5415;-6477;7196;15981;-14718;-384
10128;12518;7673;10204;12380;11455
4149;9109;-4572;16573;1501;13022
-10369;-7969;-973
-12897;772;9368;-16560
4289;-4644;-7591;-11371
-15969;128;4928;-11930;-5901;-6960
-14354;-8437;-7113;12525;10334
-18371;-17353
-8326;-6921
10784;-3558;-4265
9523;-4934;4394;10367
-1843;12405;11768;5214
7066
-7110;4138
12917;-12135;17622;15239;-18383
6016;5203;14429;10093
-15761;13761;5208;-10286
10009;-7024
-8837;5850
-3686;-2776;7993;-2988;16733
-11650;-4;-2901;-7077;-245;-1592
15278
9994;5644;3740
-16546;-10774;12037
-2263;-616;-1098;15165
15288
8153;-1053
7104
16946;7267;11785;-16605
-4899;16103
7108
-650;-14653
11208
-15306
5973;-17184
6592;10802;14299
-18337;-4293;-874
-15314
1797;15944;10697;8025;-11531;-5519
-7129
16913;-12211;4117;-13133;-5903;7183
-7106;-12243;-3574;7598
-11230
2288;-9867;444
-1073;-15463;-3451;-7629
5378;-6542;14189;-5887
11370;-5005;-16656;3151
-7937;-8263;-9847;-5966;-7903
6;8710;-1610;5915;-10014;-6063
-11255
-3793;7274;12652;-4879
9861;-8601;18190
7747;18071;-12408;16697;-2463
3069
9328;-6259
-13112;-7113;17151
7368;-4283
6066;8715;-5645;-1263;-10959
16435;-14933;13183;-7504
-4165;-15898;15276;-11934;-10942
-16412;5132
7061;455;-17192;11918;9039
10449;16914;-632;-15449
5575;-4285;7389;2606
18376;15068;-18062
5537;-3460;12515;-6905;-1934;1438
-5765;14900;14440
-8985;8041;4041
9441;403;149;-8264;-13024
-16519;599;4793;8015
3115
15489;-12372
13875;6916;14952;8335
-9877;-15660;-10352
13027;11507;15670;10278;-3083;780
-5941;5205;3862
-11713;15155;17593;17853;-11184
-1844;1797;11816;-8985;16729
-17057;-13047;12728;16506;-8606;16702
3131
-6371;-17685;854;-11577;16906;-1645
-3135
15426
-1923;-5900;13916;-9232
8250;17691;9966
8720;1077;-5689;11321
-10802;-5;16618;-13195;4236
6355;17813;-7720;13646;14015
18177;2276;-12249;3739;8125;7663
-12129;-9490;-8283;-4988;-9231
-9331;12371;10612;-11845;-4969
16593;-13429
7511;-5321;-8092;13164
8528;-14259;4117;16072;-17631
-5409;183;1897;108;7485;-11535
-9430;5253;9655;-7694;-10063;911
4210;-15581
-5844;-12870;-13147
11233;-15540;11252;16729
2567;15210;5900
14071;-2122;-3084;10717
-13310;16510
5056;8403;16727;-10601
7298
-7302
12131;901;-16239
7477;3784;137
15496
14962;-677;5754;-8638
-11404
-5652;11030;-1495;918;2510
-7800;15112
10067;-14501;-13574;-16710;17453;9951
-13522;-215;-14060
15687;12109
12727;16937;2364;6174;14175
15584;-17541;-3081;8264
-3228
-6868;2499;13622;9753;2749;-14432
11271;14026;11498;-10748;14047
-1044;4276
1973;-17496
-3090;17877;-13834;14573
7781;9751;2506;-12702
4510;2831
-18098;-13830
-3261
-12386;-8966;-15369;-12780;17149;-11872
13056;-11842;-11908;-13189;15065;-14927
-11459
15840;3811
-16531;-7140;-7048;-5322
-17141;-14662;3720;8426
-15665;-17410;17826;17348;-9469
-13922;6550
-631;1366;11390;15727
1058;15254;-748
-3277
5815;-5689;-5449;16796
15808;11328;17219;7206;-15511
14805;12892;-8030
-3506;-7974
-6561;1922;-16852;-14086;-8672
-3292
15443;16646;-8856;539
11766;2599;-13883;-13166;6189;13886
11954;-11830;-18134;-16952;12056;3225
-5778;-14334;4045;12031;-8784;-2768
-17158;1567
3507;-10907
-5411;3125;-16199;-8489;9818;9756
4619;10973
4754;-5509;-10684;-16846;-15983
-17281;11760;-7953;-5362;-7428;2473
-15457;-5699;-5925;5477;-10826;8638
-7413
6889;4619
11509
-8546;-9028;-15287;3369;590;-3088
13456;3041;-2905;-10317;46
-12373;712;-6843;9933;1151
-12630;-3241;-4380;4638
7426
14066;-5060;-3866;-3549;3006;11023
-4081;-15641
11890;12311;-7115;-16812;-7709
3338
-15848;4311
-2200;9608;18232;6376
-12371;-11460
-13506;-13716;-8246;-14140;-127;13614
2674;8872
-17281;2897;-13191;-16967;-12063
10128;1893;-16636;7980
20;7173;-9112;-5452;10750
-15635;3810;-13252;-5894;-13371
-2184;8953;-8588;-17116;7359
-12066;-3289;15192;-17069;5724;14894
3386
6950;-3563
-6021;5030;14700;-6223
17888;422;10476;-12637;14622;-2800
-3400
10757;-10134;-8807;11452;-14863
-8793;-3001;-2938;13356;-3214;1183
12386;-6873;9305;-7311
9282;13828;-4902;-2506
-6935;10503;-12875;-10495
6661;-15319;16171
15924;12070
209;17889;-9303;-15390;18206
-3420
-7798;-16105
8306;-14438;7221;3308;-7822
11927;16073
5136;-17908;-11624;490
-18132;10606
7530
-15317;11476;-11990;12394
9135;6591
-11925;-9947;14330
15737
-16306;-1591;109;-5936;-8400
5394;-8627;9602;-6622;-8479;-11104
-11959;-3784
3458
-6146;-13701
9168;11186;11783
168;6761;-14316;-12910;446
-8291;-696;-15801;-1035;1869
10610;14356;7179
5705;1866
-7576
2577;5000
-3484
4560;6338;-551;4278;5243
-10642;1080;13050
7602;2901;3317;-1719;-12921;-14958
12306;13786;8139;6123
6278;-11496;1726
-5590;-13062;9943;-7453;4477
12291;11419;268
3499
4049;34;-10387;17284;-3383
1014;4904;1679
-11694
-7602
14802;5557;15915
-12213;-9319;-17639;11087
5571;-678;-16295;-14891;-9984
3509
-13498;-7325;17311
2384;-2145;16995;-13438;-11407
434;7180
-13652;-3125;13255
4628;13574;-6489
192;-6549;-873;17976;16905;16830
-680;11069;5421
15234;3221;16761;-3021
-3525
-16642;5493;14150;8715
5699;1316;11125;15691;-1630
-9890;-1154;-10098;-17060;16919;-6831
14849;13266
-11738
-15284;-553
-11138;-8119;-42;-15229;14591
-18145;-5460;-16008;-1402;-7773;-3918
8952;10363;8814
3993;3451;207
-12339;15897
-18154;-2988;7325;-10223
-10231;4349;2319
8995;-16655
-3565
-11250;-10034;-13350;14684
3393;-4130;113;5935;6447
12034;12004;14311;3288;7529;-543
11763
11042;15702;-8743;3209;-17631
-15873
11480;4393
8064;1379;17022;-2399
-8004;-18358;9301;3417;-251;17482
14834;2404;-17500;16139
-15586;5250;2162;17899;14347
-3595
-3772;-12112
12533;3353
11603;18052;-16712;8328;12075;11212
-13474;-14703
-7738;11340
14241;-1940;11784
4412;7391
6517;-13786;-3610;-5531;15869;-7167
-14019;-17669;3626;7386;-11613
-595;-2569;-7948;-12991
-15603;-2664;-7500;5757
7168;-15154;-6626;-836;14707;16654
12514;-12341;-6202;-4972;3277
17364;-6663;-8138;7869;9582
-4504;872
-8081;-9570;-15383;-5849;-2573;959
-3237;13095;-4811;8317;8782;10159
-11561;-12555
15824;18001;-15062;10940;16285;-1392
-11832
7736
-12273;3777;10995;806;1421;-8367
4081;-8387;3828;-69;12379
-13859;11410;-5293
-17138;-2428;-8656
-14513;-11697;11892;12376;-5802
-3650
-15077;16502;-4487;-584;8712;14975
-16770;-16323;-12389;15070;2175
-3664
-18376;-4794;-6250;12057;-17916;2943
-6116;-1518;3966
3671
5380;-17245
16867;2362;827
-3638;374;-5623;13673;15273
-5064;-14824;-13946;12907;-11421
-8341;-3033;-6271;-14703;16383
15696;11522;-15027;-13557;16491;4939
7778
-11875
-5490;9174
4117;-4647;16713;3999;-16496
5301;2487
-16147;9492;7285;11190;-12937;4810
658;-5416;-11225
15476;12798
7797
6002;-390;6875;10876;-16301;-14863
18401;-7109;-2599;-12412;-4782;16301
8577;-2803;-1956;9992;-5882;-4220
11897;7050;5243
10416;12800;1778;-12195;-9088
-6785;12785;3401;3593;7103
-4914;-8211;2967;18410;-16064
5281;-11042;3676;-13920
12103;-760;567
11552;4547;-1831;2781;15342
-8134;4413
18406;10108;-8400
12164;12047
7508;13156;-4219;4379;7483
-10273;18110
-18193;2162
-1083;8923
-15865;5037;14575
-1746;5724;-7727
-15202;11955;-1926;17114
17520;-9946;-15422
16598;18391;1530
8305;-6794;-9360
1472;-12395;9932;16316;719
-3745;6562;-341;-2653;3935
7859
13201;9283;-7052;8686;4223
3765
-2282;-1486
-12308;-7848
-11442;-1048;13815;14734
-8259;-15656;16094;-48
-16915;-7342
-11409;-8385;11919
-14342;11541;18231;5386;-4747
-12499;4621
17793;-15076;-16100;5096;12073
3074;4180;-3735;8471
3799
-4082;1059;10920
7898
15888;14521;1993;16414;4143
-8667;12475
-16546;-15843;4023;9374;2895
8401;-8679;8183
1632;-13547;-14942;-13824
15222;-8504;14168;-8106;15612
-2002;-18203
-3812;-6541;-18046
-14162;-1950
-5446;17513;-8238
1602;-6117;8597;-12010
16161;15026;-2964;-6132;4649;-6523
-3429;12836;-918;-9673;-10843
-15889;-12524
17012;11405
9912;2122
14465;-3076;-5515;3435;-17248
5456;10224;16835
3844
10849;1955;11523
14981;293;-4231;11770;5612
-12043
3649;6726;10138;-14349;-10015
-15985;-14663;-18152;18123;5884;8653
13834;-9983
13888;-10404;-15528
10624;-11649;-2828
-10740;14595
-17281;-68;-15180
16144
10466;12610;5356
-7957
-12578;15787;17035
-15314;14294;-2476;-15037;14670
-16802;3597;5246
-6356;-1604
-16482;151;-12111
-3992;1833;3131;-10078;17070
-83;-6794;-13376
12065
-6420;16004;-5708
-17667;5598
7584;-8644;7347;9736;-3177;3323
-3634;7523
-13937;-14533
-9994;-15230;-15536
-16737;-8306;4758
-15047;10103;-11247
-3904
-8132;-3965
-14697;-4107;-1485
-12033;-13301;1173;-17561;16860;476
16195
-3926;4933;13113;6891;-13004
16200
5488;-10677;-7756;16861
-11985;-12423;-16378
16195;-485;-11786
-8867;16887
12760;11646
-14038;13432;-7420
11457;-10195;17287;-6665;-1741;-2111
10279;-1481;-4861
-15955;-1865;-17402;12553;8541;1998
18390;11958;-5931
-8660;16695
5112;7022
7731;-13175;7129;12974;-15135;-15760
8465;-2373;-857;15096
-9425;-10890;10221;6141
-7045;84;13880;1132
-12587;-3660
-13860;5804
-15361;10481;13393;-9940;633;12953
12167
-16486;4317
-17650;14004;11165;558
-2804;-1511;8298
-11796;-4567;-12667;-7164;-1424;-11424
-7923;-7128;6968
-15893;16454;1655;14062
8672;14576;6810;10686;8302
-15652;12964;-4088;-17116;11709
12186
-6433;-979;-7579;1675;-15261
-3060;-1863;-13338;-813;-13599
14418;-11510;12790;1174;9897;-2288
12196
-9860;15589;-2617;18264;1609;13789
10354;10038
-7923;11203;2615;-6504;12810
4162;-4691;8635
7890;-10806;3958;1882;1087
7011;1102
-13522;12130;13000;16987
-12212
16308
10976;4289;17267;5380;15261
1714;6936;6538;-11165
15440;11585;-3606;3784;12491;17580
9057;-1299;967;15783
-17522;-8503;16856;-3052
4297;-12427
-13171;-10091;7674;-173;9165;-1536
-8913;7110;8214;9918
16330
-9653;488;7097;6110
-9963;8603;17691
5699;675;-6536;-9289;-4411;-2476
-6923;10972
-5596;16110;1727
-645;-14022;-8088;540;-5790;-8814
3907;6484;4583;-12649;5821
-4337;9543;2491;-10924;10335;1039
-18217;-17097;-8571;16378;366;2607
12247
-12251
-6706;3510;410;3469;-10270;13647
-12258
16354
-11186;5781;2823;-13774
5764;-16826;6991
-11058;-17590
-8170
16362
-5351;2295;1191;5944
2368;1105;9905;-9299
-12279
-16099;2931;-10857;-542
16375
-8289;-12548;1928;-1211;11935
