-12917;-16172;-1183;17983
10128;-14197;8168
13584;-4728;-8861
-7320;11543;16264
10245;5781;373;9465;-7755;2379
-1187;-6613;10791;-8570;-10814
7826;-16029
14913;-18052;7245
2434;-11077;4535
3716;-16021
-8534;10870;-7997;13870
7344;-18068;13733;13990;10042;-10638
10658;4771;974
9610;2698
224;11425;-4117;-14472;-9466
-7091;5203;10343;-8429
1895;-1869
12314
8961;-10146;-13830;14986
-17604;9382
12320
887;-5018
-17172;-11221;-16278;-17386;-11101;-16990
18309;6303
-11514;-7243;3740;-2831;11774;6111
10346;6078
-14025;-10592
-6945;4049;9970;10844;-17967
12346
-11862;7707
12349
3138;-2773;5270;2622
8261
-17170;13234;-15433;-16446;-15791;-18095
9232;98;5608;9707
3392;-15755
-11969;497;-13181
1427;10665;-13100;-3469;14079;-9680
-5893;2507;12363;-4800
16468
11185;-10857;-8702;-8096
2656;-15187;-1347;18026;-7003;-5424
-12802;977;-8743
6608;9554;17379;-13942;2008;-13328
1237;-680;11818
3936;1721;6719
8282
14066;-2424;10839;17591;-5115;1997
1476;-7806;2143
3088;4833;15715;-10749;6444;9436
-4192
-17411;10118;-1307;-284;-7600
-4328;-17100;846
12399
12085;-14010;-14379;7997
12896;-2706;-5301;2776;-10859;3070
7879;18071;-5417;11321;9231
-17979;-12539;-6475
7648;-13409;17370;-1468;-1820
7234;-1577;1162;-2591
12113;3939;-15926;12837;2632;5019
10882;14966;-9594;7195;16189;-2640
-8884;16179;-3062
-14198;8491;-15598;12797;-17375;-7024
16865;14162;2652;3326
16423;-8618;-8859;17565;-4079
12432
-7307;15646
14465;-3934;-6287
-17877;-2119;14393;9849
4868;-5020
13124;-14185;7914;-11103
12108;8527
8347
-15570;3827;5076;16404;-2422;1032
-13778;-6860
-1540;-8373;-14968;-5211;9452
-3090;-14053;-12886;4648;-8268;-15664
-8978;9428;17686;10358;-6060;14591
14674;-10414
6144;14404;4520;16057
-10226;-14517
177
-711;-14731;478;-5696
13265;5948;2780;4989;9934;16511
-15297;17217;5754;7642;-16878;1742
-14242;-6857;-365;-11487
10003;15560;2680;11449;17836
9872;-1495
12274;7944;-3647
-4284
-4285
-16576
-3687;10150;-828;7229;3711
5554;6442;-11804
17507;-5414;-16383
3840;-17158;11399;-9305;-1260
14176;6979;-18030;4078;-7008
-2422;-2886;-15369
-14565;17477;-6040;-9435;10171;-5998
-1109;5403
8394
-16588
4706;-8389;12212;-4199;-4904;8974
11602;16651;9739;11373
8465;-17895;1575;1913;-4749;2285
-14244;5795;12760
-1041;5097;-14973;2509
2724;9958;6201;-14571
16513;13108;-10715;5887
15025;5676
4317
-6951;-17852
-1953;3521;-1341
2890;-11310
5137;15366;2987;-10973
5238;-7022;-14831
-12774;4926;-575
231
4007;18295;6605
14109;10703
11809;-12536;8457;4011;-11980
6485;-6727
10704;8176;5969;-6053;-11754;-2699
-14690;2777;-11850;17659;15373;-17710
6432;-11073;912;17185;-13207
15683;1204;4695;15532
12360;2987;17099;11356;-2592
16417;16885;3641;16558
-10386;-2468;15447;14045
4351
-4353;-7505;15955;3302;13337
-18162;15537;-13332;6054;-4350;14510
-66;-2194;-13362;8066;16788;15604
-8453
-263
-264
-18068;13608;-13242;-9194;-10235
3456;14775;8201;2506
6029;-1663
-865;-2549;-9146
-8861;396
-2693;-13513;-12746
9857;-1690;-11084;3197
3828;6182;-17048;15511
-15746;10178;-14885;-4407
8476
10404;-15846;15317;6139;-16301
-11866;11290;874;-18076;-236;5439
8097;382
14246;9655;8665;11385;-6939;12429
1910;8059;-1488
11120;-10825
-15409;11016
-5891;5651;-14340;-10296
8642;-5454;-3488
-5234;13379;16920;-4285
18336;-18036
438;17191;7863;5591;-2364;16637
-820;-2548;3670
10580;16599;-2377;600;11242;12811
15570;9798;2023;18392;-5434;-3179
-4404
-1474;6370;-15498;-10093;12190
13873;-17221;16156;-4303
-8737;-3330;-3731;10869;13435
-12605
-8263;-12535
-2312;-14809;-6334;-2414;973
-17842;16502;-1671;-5631;-12159
321
-332
6432;-18229;-5980;-3038
8526
-12905;8473
1922;7287;11607
359;-12986
-5043;13574
10801;14386;4726;3195
-7476;-2452;8518;7960;1983
-6289;6630
-1329;-12024;10487;10297;18109;-17006
3015;6202;-15485;-16477;6015
-12390;11959;11544;-6270;3695
-8418;-17239;8925
18067;2644;15958;12831
10868;1541;-16857
-2978;7428
-10305;15506;-695;16328
18229;10349;-15936
7536;7111;-15002
-13297;17749
14961;-13124;12725;-15324;9311
-4456
-362
4003;6232;-1097;15805
-11601;-6062;18030
4919;5657;-14845;16877;62
9137;11725
-883;12691;-14790;11559
15313;-6166;-568
3025;16577;5814;11467;-10332;2509
163;-8822;314;-16621
-12532;8135;-7035;-9439
391
134;-16912
-10200;11896;-6234;14332;-14285
-1601;6092
-15325;2638
-1521;6017
12569;4218
10565;-3881;14202
7152;-13049;10399
-14626;15032
-9794;-14388;-2693;7240;4412;14815
-4166;-2345;13002;-14043;-6893;-14638
-4510
-8161;-14678;6039
-2117;-13720;-1961;-7196
-12054;-654
5318;15582
-3896;-8815
-16808
4389;8331
16040;-4204;13979;10507;-1309;6380
-4530
6244;7046;8967;-17727
-12436;7864;16873;13065;-5019;4667
2832;-2642;16019;-7579
13031;18200;14762;7694
4320;-13634;1626;-15067;11436;11759
12730
-321;-12803;17477;-4799
9651;17463;14426;459;-591
-4859;5309
499;-5046
12738
12562;-18377;-15117
-12452;7903
-5959;1405
-2850;-1705
-4556
-8497;17041;-13100
16848
-12250;10765;1951
-14930;17302;10383
17162;-17068;8940;-13599
1785;-10526;-15663;15742
15142;-14669
-4901;-983;-16747;5771
12764
10690;11794;13059;1802
-17169;12345;9402
18353;-5381;4677;-17642;-8684
-7585;-3596;-5696
17024;-1880;-12777;-11053
263;16505;8302
-3209;3709
-16627;6259;9318;-5931;-14000
-10659;-294;17864;1753;9947;-5821
-10561;-9510;17019;-13837
16896
-7863;8487;17223;10215;825;8491
-16900
8708
-12659;2292;9847
272;-12536;12783
4001;5137;18233;-13790;11518
-1399;-13611;-16717;14814
-2051;-17178;6813;11437;-7743
5861;2861
-12902;-8110
12819
13345;-16377;-9789
-8726
-7757;3119
-4638
-13682;14293;-6950;-14056;-15722;-9485
-7113;-8156;-1661
14342;5927;-585;-5420;10860
2809;-11550
4646
-8746
16938
15362;17963
-16818;-9797;-15574;-2332;3003
1748;-2902;-17259;17854
12467;1427;-14744;-7901
16943
288;-10658;3389;6415
-13478;-1210;11146;-6463;13582;1087
-4666
15414;-10748
15591;17752
-8611;-4521;8380;4174
10931;-1098;-10414
16966
583
-8778
-11286;6331;271
7728;-12417
2089;-6783
-17955;-3589;-5598;10159
3002;13981
6054;-17740;2893
-12514;2881;2871;-11817;9786
-7522;15892;424
8740;5736;-4812;3228
17735;9689;-6336
-5236;-4389;-3272
4707
-12885;12740;-4917;-11936
8826;16363
-3497;-1214
-12903
12016;16912;-16035;17110;-4811
-14514;1058;18171
-1222;-11687
-628;7270;2169;-6155;-15567
625
1477;-6027;-8766;12686
-4323;-6920;-4860;7277
12922
581;59
-14339;15287;-4058;-9116;-12349;7550
14689;-1604;15592;-13817;-14218
4256;-10212;-18265;11240;8238
4746
16691;14643;-16980;1109;6743;15310
12944
-657
-2338;7092
6514;8626;7268;5147;18159
-2356;11207
-4084;-1705;5129
-8855
11654;-7657;17148
-9108;17432;-444;-6653;-559
1667;-14759;13847;16299
5933;-6606
676
13735;7273;-17611;-3851;17515
12227;-8492;10542;-14959
9842;16295;-17261
8879
-10369;-6704
-690
5537;-2340;-14935;-5197;13292;8429
12563;-1208;17545;15738;-5612;-17853
-1988;17460;7140;-1022;10687;-11104
-9673;6217;-234;-12764;17150
97;-4503;-11607;1991;10088;16920
-3226;13868;13069;7325;10623
5665;18408;-10620;-4189;-4464
-1288;-3514
-8899
-17092
8899
11152;-6342
715
389;329
-10197;-16951;-16185;5163;3132;13839
12153;-12874
17105
12096;-10018;4343;-1962;-13373
-4680;13594
11284;-5401;-332;-2204;1471
-11283;4501;-7512;-7932;12077;5327
-15142;-521;10840
-9065;-13225;5178
-1698;-2270;5934;-6799
8600;-7593;-17882;-253
432;7732;588;9501;14061;13487
-9414;8667
2486;6455
13039
8943
2854;-11207;-2888;535;5854
-1377;8514;-7685;5403
16082;6339;-9012;7831
8225;4177;7986;-6099;-2359;13415
770
6387;-13783;-9543;9710;7999
-14827;13163;893
3859;-15368;12889;-1628;-8718
-4872
-779
6800;3928;-9949
-13069
10865;388;6775;-16826;11866
-15473;16770;5882;-15532;-6126;-2688
16577;2244;8772;15689;2559
-17171
13408;-12021;-18021;3559
-6153;6940
5163;14780;1324
-15990;-7111;-968;15086
-679;13759
12696;-3711
10080;5525;9832;-8012;-13308;-17200
-4081;10818;17331;18326;-17992;5065
4353;-14982;16438;-1640;-12619;13341
-10019;16823;1145;5134
801
10946;2819;-7013;5068;5262;4206
-17196
11852;-9197;12732;-5918;9917;-14479
12018;-18039;6411;8780;13340;2878
-10043;1035
5285;15286;728
-14322;1490;-12276;-17767;-569;13948
17209
-5441;-3091;13239;-6732;1197
-11889;-6834;-5446;6956
9025
-12756;16963;8917
16832;-1553;-5617;-9683;9052
7075;-5044;-6455;3581
3469;17855
13133
-15555;16516;-166;18088;14730
4943
16721;52;-17750;262;-8153;-4271
-2427;7374
10227;14980;11524;790;-13575;-14896
12614;198;-8119;-12904;17263
-13162
1266;9060;13671;1453
17259
11703;3993;-13738;15306
-5841;6722
6258;-2711;-2666
10660;5478;-14792;-15964;13723
-9088
-3158;7797;-13728
13186
9027;-9115;-9004
2496;17794;1010;11618;-1086;5934
2818;-15403;-14685;13069;-7183
-16121;-11898;10730
3043;-3949
10964;-13462;7877;18121;7436;-17743
13196
-13587;-11909
-7234;-5271;-12970;15401;61;4991
-13590;6741;17336;3465;-6671;1839
-7764;-4503;7784;-16927
-11541;10534;-11928;-284
12247;9165
5750;-10783
-15233;-13207;11118
13537;-4408
2555;6331;-13613;3789
-941
11857;16373;-13354;233;15822;6878
16065;-6927
1896;7964;-718
-12337;12468;-6395;17855;18031
3378;18052
17335
-17336
3782;-12927
-955
957
8736;-18197;16725;10077
13245
-10009;858
8514;5411;-17257;8730;4859;-1104
-8481;-15621;-11543;12621;15326;-1456
17346
-14277;18260;-1957;14342;-4907;14077
9158
-16466;16834;-502;8424;13051;110
8709;11222;11335;6570
9412;3851
3664;-13784;-14649;-783
4481;16738;-17061;-9909;12933;10188
-17371
-13826;14812
6962;-17045;-1798;2701
-883;7858;-10596;10212;2591
9187
-4113;16434;-17302;10074
15888;9686
-1001
7539;-6822;-13990;4668;-589
5664;17427;-502;9342;5935
6407;2553;8426
1376;-17873;12921;2570
17390
10917;-16346;10539
1023
11626;5789
-9329;-8089
-5460;14068;8630;-3917
12448;-5681;5200;15242;-14989;-7088
10867;-12072;-16218
-16786;-5430;3862;10647;-1528
-658;2120;15965
18137;-704
16971;12751
13124;-17670;13790
-8401;3082;5484;4988
-402;16714;8459;863
18160;-794;18107;-15213;17663
13687;7230;-7568
-16163;11002
-8037;-4650;-16124;-17310
12065;-16024;8648;-13241;5515;8206
1075
-6473;1294
-11169;10840;-9084;-16396;-7933;-12400
9825;15331;8701
18130;-5187;7859;17155
9921;-4834;17253;-2717;5292;-3341
1705;-11467;4570
-10433;6059;9565
8440;5210;-16701;-12798;6559
-5681;5252;1526
16944;-8456;-7391
13313;-7768;-6649
12369;16167;-18411;-16699;11982;16175
9296
1472;-16467;10741;-15065;-12508;-10239
8673;8341;-874;-15035
17490
-5205
6097;-12198;9911;-11209;29;12574
-14008;-12936;-6937
-5395;883;2963;6757
-2258;-11364;14735
-9105;-15974;3485
14800;17682;8954;5022;15935;12447
5213
-692;-8615;14890;-1228;862
-9314
3910;-9129
11397;-17703;7401;-6320
3001;10415
1137
-6401;15734
-14133;12989
-8459;12845;-15662;-14446
-2899;-2351
-9073;15828;-9688;455;7727
-8179;7023
-17334;13720;1144;-6170;1385;8413
14936;-16096
10098;-4221;-11998;-46;911
-2950;4109
9860;3268;17063;16664;-4733
-17548
3873;-7475;-8535;-14359;9225;16106
17548
-13455
12034;-3237;12853
7060;-6694;-4566;-7543;10572
9363
6375;2988
-6853;-17174;-18105
7571;-4156;-16876
16976;-3147;-15003
-9370
13793;17893;10710;11782;12536
15089;-2979;5757;-302
11605;-5526;-14282;6748;4687;18431
-13332;-6373;-3334;-16390;-6923;12397
3121;3474;5307;9355;4508
-6885;6365;-7823;-17424
-3026;7841;5043;-376;17820;-13824
-13483
15207;-1995;-17149;-9550
5297
-16050;-7716;-8490;15977;-9500
-5300
116;-7671;8760
11888;-9698;-2100;11560;-6347
-13498
-5308
-17605
-293;-4038;5384;-17593;-17451
11190;-12414
15184;4788;5829
15237;7125;14008;-7724;-4109;-11021
12547;9162
5072;17986;1351;-6794
16298;-13373;-5808;-2448
4994;-6964;15813;14350;9918
-3073;12400;-9334;9447
17120;-15860;9268;5141;-17400;7082
-7537;11344;-18075;-7484;15
-5570;4312
-10385;153;4877
13377;793;-12684;-1327;17487
5358
2416;11134
1042;14228;12245;840;9436;-7855
-17651
-8310;13673
1617;1714;7043;-11643
5382;-6652
-370;5735
-7410;-4964;11653;-8743
-17659
13988;-9080;-14380
-12307;3686;-4409;-8735
1527;-7866;15818
12536;7912;5417
-17676
17675
5634;-1701;16984;-2747;-4588
13600;-1601;7238;-905;-5566;-14064
-1588;3993;-299;-7501
-2947;-13512;-9482;-13454;9423
18018;12099;-533;-502;13435;-12544
-7804;-9884
-10330;-3262
15393;-8707;3747;2867;-9655;14045
-15188;-3497;7420;16671
5408
-17827;15555;18326;-17372
16464;13140;2281;14713;-4157;16222
13284;329
-5921;15313;-7571;-14995;9244;2604
-5201;4724;3177;-12221
13601;-13781;5609
-12916;-180;-12999;-8008
6754;-12191
-7635;-9398;8411;14699;3455
7831;-6490
-8469;4298;5324;-6592
4065;14355;-13222;299;-12476;-2557
-8033;8291;-1078;-4827;205
13168;11411;-3285;5417;15594
-17736
11379;-11002;13262
15339;-9886
-6289;15992;-4250
-15570;-5257;11276
5441;8207
9552
-1889;12337;17401;6285
-15345;-18055;-13112;-12106;-8285
-13736;12366
17756
-5959;11578;-6992
-11617;-17699;12662;11868;-4781
17082;107;4811;8047
5471
-4161;-2146;834
15830;7769;-14030
-10609;16083
9572
-275;2681;-12395;12986;-12669;15151
-9158;-4519
-15569;10643;7877;-18425;-3916;17999
2512;14082;7656;-14667
-6195;12361;17978;-14560
-18025;7883;-12797;15454;8879
-16931;-4950
-17618;6523;-16942;-16238;-6286
146;-8291;14018;15572;-11365;-4575
379;-15581;-2494;6846;-2848;8191
9605
5509
-5265;-2817;6009;4793;15082
11874;632;-13609;10714
-3701;3417;2861;-8096
-12033;5458;-8741;-17768;15272
17457;-14136;17308;-15104
-10789;2793;-4442;-3723;5708;9021
4886;8570;4218;16526
-4674;-15299;14290;4051;11053;12495
5472;4011;-15437;8829;-16798;-3904
-18401;12859
-14898;466;12168;3711
1448
13737
12144;16769;-17555;1492;6247;-1263
-10291;-16500;-12806;-1686;-13751;4428
-17641;7912;-3150;11423
9481;-10944
-9656
-2773;13845;-11704;-4137;14426
-7363;17618;-15819
1473
15154;-11525;14229
-13222;-8736
7032;-6348;6412;2575
6960;-14338;11176;8090;-17276;-16573
12963;18011;590;2687
-9676
-7412;-16484;-1941;7804;12286;15422
15059;-16544
17871
5557;4124
1360;-3723;-10620;14477
-11331;-15396;8644;16586
1377;15395;11859;-6108;7647
4692;-14383
8256;14694;-968
-3352;14651;4205;-10928;13311
-13797
1240;-17580;13915;13068;-3934;-5200
-7355;-2349
5608
-17897
-3063;135;8540
8621;17471
-9617;12560;18048;-16386;-9379;10389
4520;7785;-10783
-15921;9417;-4972;-2846;-9328;18031
-15494;-13942;-8955
-16421;17949
13817
10288;-9733;-5446;13543;-6890;-11487
9264;14033;15537;-4421;6566;13803
9727
5170;3267;-7622;4922;8091
-5643
3808;-12420;2679;-17145;15449;-6208
-4513;3938;-11494;-6744;8685;-11904
3173;-6776;6074;7486;2350;1535
13593;250
-16417;12118;-6506;-16687;1358
-2178;-15861;-8854;11080;7421;18143
9752
-2035;3573;10729;-15531;10523;14781
18277;-16715
9703;12779;13997;-3886;-10526;8174
7765;3607;3882;10894
8353;9654;-15673;4509;15485;7918
512;-4550;-935;15882;15212;4126
-9768
-10257;2424;-18320
-3971;-5447;-2383;-14352
838;-15368;-6523;15948;10782
1331;-8692;10249;3338;10765;975
3344;15014;-6249;13529;8796;-4174
1590
-17249;-15558;-13063;-17164
-14451;-5175;-6544
-9347;-2811;15402;3277;-4926
4790;-14105;10910
-5911;-3881
-17881;-14058;-8667;13114;-2783
5699
-17988
311;-1371;-544
-3121;-15635;4771;4773;16617;10586
1410;-4327;12716
-1697;2323;5078
4196;-6886;-14390;7303;-27
-16996;-17385
-17062;-13225
-12502;-12233;-8762;-15551;-14016
-4882;6507
1633
6929;13684;4901;12408;-12491;8971
-14588;-4365;12175;16607
16256;-5060;9208;-17338;-1424
737;-13412;-6954;11562;-4956;-13198
-1876;13957;-651;-4284;-1405
15603;6452;4167
7024;7124;-7239;-9528;969
2732;3022
14716;332;-1101
-8658;-11286;10920;-9020
-2610;7586;-15255;-13773;-17486;11199
1670
12243;2552;15551
8848;9892;1460;-15141;-12231;-14983
-15299;-12355;13171;-3533;17084;-8942
1683
9300;12863
-7121;4104;-12697;-522;-14955;-7359
-13975
-402;-5382
13976
16484;-2506
-5787
9072;13099
13699;-16759;-12984;-18072;-16889;12447
1104;17346;16213;-199
-293;11337;-9917;12733;-12159
13994
-14597;-3575;16463
7552;888;11134;9246;5663
14697;4957;-1550
-8680;-2395;16894
8192;612;-15689;-16141;9007
-5018;12141;-5056;16047
-1430;11354
-564;-7848;-9706
14024
-5400;3544;-8269;11871
11472;-6906;-10414;-12031;-1887;-2464
-10369;-1969;14089
-18137
-14044
-10374;12421;9530;-9822
-17937;-11797;8553;-12013;10957
-5476;1798;14263;-14013;5197
-18158
6227;-10792;-1992;12697;-14523;18349
-593;-13540;18179;6281;7833
-9042;-10120;11351;8455;7083;-5950
18192;7153;2468;-15254;17496;4491
10913;1624;13818
-14625;14694;1718;-11064;-4012;-17168
33;11779;10453
-18171
9568;1525;16184;9099;-14109
5217;7171;14235;3837
5884
14078
-3473;-1956;-8652
9984
-13073;-9389;9325;7247
-15156;-6601;7672
-5991;13928;17432;3545;5530;125
-1939;-14100;2282;-4429
-16483;15683;-9195
-14737;10200;8408;-15052;-11103
6806;-18410;-6588
-2010;-7994;4095
-3001;-7006
-4771;7555;-14396;-13837;-944
-15844;13144;1386;-16923;-14349;2093
-14113
14113
14896;8080;7377;12436
905;-10928
-7484;-14828
-12817;-7605;8396;10191
15841;11778;3333;-1671;13148;4461
-10828;8990
7360;-10227;-15125;12053
-7651;5806
-3745;-11094;14840;-3115;-9340;10606
-856;-1549;6348;-9887
-14137
-4051;11396;-5496
-3285;10631;-1401
-17490;8146;16787;-4980;-15142;10829
-6561;-14499;7172;-12998;4555
9984;-8152;-1496;-18330;7950
-16359;15642;17562;-5006;6398
14142
-15283;-2852;-4200
8433;-2066;6483;-7627;15035;-10206
9825;-11689;13145;-9418
3840;9444;868
-14843;-15694
4561;-6098;-17254;-11654;-5974;9976
18251
5967
-1873
-6417;688;3856
-4354;-8936;15166
18369;-12395
1329;9109;-12318
-1881
2224;-5234;18151;-13261
-14625;-16321;-9717;12973;-13359;10495
18266
10074
6785;13628;18334
-434;3988;-13480;2376;9436
-18134;-17241;17103
-14557;12413;-3840
-10084
-16901;-9575
1902
7223;2874
14197
-16486;-16365;14557
14199
-1912
-13878;3773
9904;4016;-11323;-8608
-7633;13200;-11334;-5737;-2700
13737;-11822
-3137;-10664;14251;-14173;7710
-17429;3222
12902;16713;11898;4875;16973
8224;-16962;3477;-10476;-16700;-14541
-14210
-2066;18049;-1557;18187;11279;-1008
1926
17793;7907;-6248;10727;-17964;1999
-12578;-9416;13096;10825
-15285;-14871;18344;14747;-17152
7603;-2198;4716
6064;-6595;-7652;-4843;6991
12912;11040;7109;13165;-4542;7310
-1942
13573;12184;2235;-5568
8551;-6606
4546;-740;2239
-6051
10368;-9025;13508;-12894
14247
5872;5563;-16716;-3484;-9581
-2051;6707;-9912;12072;-16971
10155
-7147;1087
8289;-17859;7971;15851
-4901;-17134;-12704
2480;-5956;14507;-11644;-9550
6775;-16942
9024;13313;3447;-10251;17819;-10896
-7303;-2842;17373;5262;5871
4550;-7224;6168;15321;7739
-1979
-11220;13318;-13854;-6608
14848;-8767
11665;2806;16187
1904;13013;-639
-3061;-17863;2583;16345
13168;-14900;-5271;910
-4849;-8565;-876
6100
-1314;-11140;727;14105;2091;13919
6101
3889;8977;-9368;6701
-8043;-2158
18392
10174;30
15222;3175
-3239;-14282;-17264
10691;-17513;4202;2203;3101;-12895
-16515;-7545;-2538
-18409
3587;2086;-13742;14189
6564;-18021;-8389;10052;-16808
-2027
-4210;17778;6778;-10127
-1170;-12393;10394;17166;-16736;12959
-1665;-6985;9804;13167
-15602;-14232;8408;10874;2699;18079
-11703;-12794;10173
2978;-17686;13752;-13244;-12415
-2373;15638;-3035
6770;-6148;5923;7791
881;-14531;-17418;11801;-15739;4283
8290;-6484;16901;10309;13995
12180;2159
1271;-7420
2266;14445;-9679;15502
-14343
-1204;-11446;-1694
17847;-12427;8923
2058
-7490;-14870;3916
-5626;1737;10045
3536;17233;10696;1818;9738
17928;-15866
-5457;6914;-9046;5717;3657;-12045
-12161;673;-13349;-17222;-3792;11007
15249;14101;17014;6509;-6030;-7904
1312;3092;-8966;5688;-10170;-13515
4979;9736;-779;16815
-16376;12986;5470
-2084
6049;16724;-2599;7981;6701
18274;-16185
4496;16961;-3397;-3431;11271;8957
6010;-12208
4710;-17645;12732;-4574;10975
-4514;14116;17076
736;13093;-5687;-5351;-8991
10296
18384;-16279
-10739;-4373;-8121;-7547
-16481;3906;5319;-11243
-18023;-9532;2014;-1152
14689;8130;-5814;1496
17282;7814;-14781
16;15937;13143;-2397
-2126
5875;8070;4075;4748;-8350
10323
-10433;8298
417;18106
-14429
17950;8382;-11903
-6945;8035;14693;-1755;-11885
-2856;14346;2943
-10724;17446;12710;11385
-1531;15965
-14564;9061;-5228;-253;9453;-4718
16716;14109
-4386;-16900;15771;-3884;7244
-5266;-5081
8131;16791;-2288
-15570;7459;-10005;6356;-17979;11198
17553;-1925;1780;4567;-3434
16068;2933;3638
7044;11501
-14597;1574;-16008;-15995;1903
-2020;16484;7756;2989;17918
-7217;-17425;-16098;13992
9441;-6820;-15785;2795
12755;-8949;-5992
10380
4884;9592
-12193;-15734;14550;-16872;5131;-13935
2626;627;1961;1820;-749
-2689;8930;-6373;18084;12910
-17810;-13054
4372;-6566
14483
-17650;11845;-1478;-17750;-13482;15838
6773;10681;18154;15741
-10395
-3969;16611;-12998;-14135
-11076;10136;-13916;363
5524;4874
11107;1605;12587;1483
14496
15250;-18230;3384;1804
-12353;259;17476;-17819;14651
-10407
-4145;-10978;10537;-7836;6111
12112;13378;-9894;15645;16031
240;-12901;10629;-4284
12976;-10470;-492;655;3647
-18406;16185
6386;16611;8348;-4543
10423
11683;-11415;12857;-16190;-15824;4367
6374;3182;-15887
-2897;-836;-10774;4089;-3547;-8751
-6151;9959;4829;1790
400;-3752;6136;7643
-6335
-16450;-11980;1615
17614;-15375
3894;-2730;6521;4922;-2174
-8231;16457;2505;1723;14363
18245;5893;14970
-12101;-7974;13734
-11649;14834;-2726;472;-3178
14099;15558;17646
2347;16287
2250
9764;3798;-2315;7388
15940;-3239;-11803;1359
-11561;-618;-15834;7129;-1854
-10451
2981;15752;4938;-5024
-2267
-4963;11326
-16660;-8471;-5815
-9049;-12009;6495
-6374
14570
3616;1905;4956
-7303;102;17679
9971;420;12308;71
-10485
-6392
-8755;12276;12582;-18408;-1707;-14669
2376;6184;-14954
7489;12003;16979;-11669;-14374;8255
-6951;-14167;10623
1728;-18401;10964;5419;-6112
8977;-3158;-16317
6912;5282;13173;-9499;-17407;-13056
-8037;-3157;13831;-329
5041;5621;16222
-12769;15650;-17064;-14587;14173
-10757;4351
2310
-15299;-15685
2314
5095;5578;17338;-5215
2317
6229;-6136;-17689;-5661;-7741
-10178;7315;9124;-604;765
-5106;-8037;-17856
12464;-8965;2923
-3287;14232;-14940;-6509;12830
6428
-6530;-6011;7965;-18239
14642;5655;17018;1869;16399
-7146;-7722;-6859;17003;6012;-3631
4512;1876;-2233;2124;-8224;4287
5299;-14390;1829;1517;-702
849;-6754;2340;10013
3168;10899;12679;-1945;-2832;863
2976;-15204;-1189;6855;-16749;4573
1464;13177
2241;739;14758;13288
-5138;13859;-2996;-5160;-9452;-9853
16833;-16499;-7978;-17691;-13885
-9633;-8868;16997;9628;17276;1533
12373;232;14334
-389;-6550;-11574;-14952;-2313;-11645
-11553;-4723;-5140;17815;1229
2371
-7633;-1027;-11123;7639;-18170;-17118
1185;11082;1967;4527
16608;-10066;5386;-9550
-16611;6291;4071;-2570;-1755
-4038;-696;8666;-6316
755;5765;-13354;8698;12812
4962;-16806;17287;9256;-14714;-10571
-15739;-3726;6319;-9728
15315;-8629;-7399;14328;17451
-17490;-12793;-15836;15228;-16560
17409;-9558;18279;16793;-5468;-14576
-14885;-5070;-2928
13170;9113;12892
15632;-4930;-8248;-5994;18236
-14138;266;-11405;-16494;-9791
-13521;10694;-17816;-15659;-7008;-16448
-8769;-17554;1476;12119;-395;-5680
13841;1765;-17782;-6071;2763;-5136
10240;-12235;-540;5579;3935;3647
17858;-12548;-2614;12650;-4651;8124
7361;-15462;8534;14583;-17456
-10632
-599;15327
13225;9695
4882;-2921;-5754;-6843
-2444
6540
-4851;4244;-13485;15901;9486;-656
-16408;3784;11177;-9210;15820;-15805
13841;-14630;3238
-10722;-7492;8307;-10141;9405
-7969;11427;-18202
-2785;10152;4505;6970
17936;5002
6557
-12225;-7174;4585;17278
-481;-2328;-4585;3225;-10588
-8520;13639;-15963;-8014
11713;-3555;-11876;9803;188;-8751
-16356;-14796
-14354;-2395;4909;9454;-16479
2919;3658
9856;-4785;-10947;-8895
-10181;-9864;-12347;-9419;6559
4353;-16148;11654;-13002;-12588;2765
-6584
7722;-927;-4303
-13416;-9273;-5691;5406
-11468;780
4537;2476;-9517
-15665;11819;1342
6690;-8708;6133;-1098;15871
-17131;-14909;797;12349
2517
-11314;2786;-5064;-1212;13340;-17438
-12131;-11785;-6555;-5964;13837;7790
10896;16201
15029;17655;14894
1927;-15705;15435;-8893;-4751;14510
12785;-5530;-636
-13635;802;-1980
14644;-5446;5615
4835;4653;2494;-1263
3041;-2084;-264;-16985;16362;-14894
-1590;-7787;16012
15669;3256
1953;-3554;5381;11051
10308;4764;16143
-7778;-11604;-8388;4213;-14105;2347
-6644
12065;-5371;-4557;7533;-12223
3456;5648;-17243;283;-2191;12607
13074;-9428;-6440;-14638;12974;-2207
-11057;-4230;8621
10560;-9068;76;13292
8611;-9095;-10903;10891;-2079
-5238;-284;-13438
-14897;-906;4425;-12171;4588
-8165;-2086;7672
176;-9265;-5864;-17948;-9342;2799
-10773
-12382;-2496
5747;1175;-9517
-2356;4951
5654;7928;-2783
17712;13447;10585;-429;18236;-7792
10674;6962;12745;-15484
-2610
-10804
-7539;-820;7686;2553;-16349;-16815
-13219;10605
10785;-9698;7722;10188
15894;-11932;10940
-10809
6865;8993;-18280;10793;6058;4571
14905
6714
-6716
-2621
-17075;-7811;-2311
-18389;-6773;9786;17998
-14052;11638;5575;-13977
6260;-4822;2040;-346;-9855
-5137;12577;6566;-4570;-16175;-4080
6724
10821
-4761;11486
-2631
13956;11429;10008;4104
-673;-3874;11277
-12258;12850;567;13770
6739
-7604;-3463;-2250;-14990;9278
12517;293;11546;-4831;11791
-7345;8811;17565
-7924;5651;-14487;14057;-10779;-1454
10840
-10935;8285
-6746
14937
10842
-14940
-70;-16727;4299;15151
10846
6751
16449;-5398;1704;12447;-2064
3300;6058;-7708;-10814;11823
-2661
2512;5073;-7575;2967;-314
5058;9893
9788;5613;-5776;-2864
16148;6997
8608;-8563;3914;-8348;-14672
-11288;-793;5080;13775
-5826;-5300;17901
12436;-5367;14634;-10830
-10372;4806;-14302;8989
6083;-4905;13467;781;-8334;16077
10880;-13571
-7889;3430;-14617
-10532;-15416;13288;4461;-14974
1540;-2797;8046
-11155;-17078;14933;3302;-13096;4014
-8355;15719;8392;9369;-6044
-5587;18018;2557
9637;-2698;-9645
5897;17291
18329;13053
-16420;13014;-3402
-9665;15281;5861;-11751;10221;9149
-10641;17476;-13510;9388
8865;-5733;-14150;8990;-8879
-6813
-3971;-3430;10121
-1251;16259
11896;-6957;14140;12317
8834;2082
8374;15694;-864
9312;10261;-4557
13136;-10250;-158
9792;-8386;-3336;-14602;1513
9745;5164;5470;-13551
-14326;14410;17210;-4637;-15391
-2705;7409;-16341;-12807;1998;3327
-8579;-6230;12073
-17101;10268
15943;3177
13376;-10639
-7425;18034;-17227;13452
-2149;8991
13447;-2505
-15039
-2755
-14069;-9947;-9757;9885;653
6689;3977;571;7902
6858
-3234;-5283;-16425;17736;-11853;-16477
12362;-1403
18241;-1608;11047;17754;10779;7996
2293;-6150;-7687;8438;5369;-17328
-18291;-870
-13747;13797;-3454;-7568
2384;4963;-15528;18185;14957;-13984
15697;-12909
-16403;-18231;-13216
-4065;-18069;9720;16410;11789;-8895
4438;8343;-5887
-7010;-14623;-13935
12228;599;12216;17835;-12335;-11359
-2804
14497;1492;-3658;12010;11230
-18353;7363;8182
12930;16821;-10554
-6679;13626;8156
-4182;-14135;-17464;-6767;15151
6917
10802;7061;-4540;13756;13916;-9501
720;10434;3957
11026
11697;8258;2210;3177;-18411
-6901;-4142
16656;3296;-16631;3625
-11042;14116;-224
7704;15628
15233;16293
-15149
9426;16571;-2655
6524;-3117;-16190;-15103;4542
6960
2868
-11065
-14971;-4288
-1524;548;-358;7685;-3820;-9503
8753;5522;-51;-12921;-11690;13263
-2645;2761;9901;-16991
-10915;2900;-14814;-10656;10047;16463
9205;8118;5367;-15660;10588;1646
-10324;4183;-6714;-5658;-5339;-15900
13521;4982;-17208;7497;7658;-9467
-6990
-9316;-10869;6299;6893
-13651;10276;14463
12401;-16966;14310;-2750
-6130;-10707;-10084;7636
-4961;-248;-18074;3996
-3173;10172
8868;14167;1881;-1532
-17411;-18264
-16712;9708
-2909
-3153;2592;2406;12264;-16396;-8814
10160;-10754;-2702;-11902
11088;-8769;2099;710;489;13677
4640;4994;17989;-5751;17912
15894;7190;7005;-10784
-2928
-11907;5182;-12592
-1924;17557;-2364;5900;-8045
-9971;12909
17265;-6135
-10301;-2558;5822
-13874;-9045;-4476;-8317
-8293;16406;14438;13160
-15237
-13929;13881;11194;7869;15487;-11072
15242
-15331;-3955;12919;-7674;2894
16049;-8999
13936;-14750;-14432
-9873;12803;12317
11889;14417;1928;8745;2844
-3298;8433;-8096
-15285;-12949;-16104;7288;9210;8495
14209;-14533;15575
-15333;9398;-3899;-13611
2392;-9453
9093;-6126
6533;-6519;5433;-16608
-15651;-16357;-4506;5146;3739;-4013
-3128;-14408;-3177;2089;-11452;10718
11172
-13193;16173
3283;-11764;17124;-3942;10582
14644;17033
11955;16116;-2075;13499;16765
-8597;2746;-17644
-3142;-1768;-264;16380
4576;-17512;-16521;-14526
11221
6611;4438;8364
8707;-12952;-1032;-8088;10335
-978;-7222;-6760;11930
-184;856;14654
14466;-7321
-11242
-3841;-6833;8260;17752
-5381;-5259;13692
-3055
17872;4871;17176
-4596;15462;17543;11659;12140
11971;4564;11098
-16561;13312;692;-16886
-3061
12816;-18102;-5968
-9251;-15845;-10508;2477;17775
5474;-7881;9567
11258
-3067
7166
-3072
-8643;3846;15163;-1516;-5885;16492
7170
-1222;-13769;-1369;-14443;15407;12319
-2567;-16462;-8624
3348;-2295;-14009;-17964;-13693;4671
6961;6697;13801;-7996
7808;-10889
3080
13824;-16188;-4814
3082
13222;8379;16588;9949
3084
5026;18214;12617
11282
-8305;-16610;1201;142
7188
-693;-10982;-3706
643;-4390;-2551;-10872;14075
1050;18429
-16228;-5446;4750;2046;1102;16879
-14194;-17830;6950;5583
1122;12710;-16939
403;-6469;-1990;-2615;7561
15399
-8806;2906;-5548;4973;-734
-2626;9810;9977;-7770;10109
-2801;-7929;14845;11293
-10546;-3047;2043;14670
11744;17299;10942
1177;-12493
-17511;13960;6745;16314
13169;11428;-17374
-213;-7013
-16705;-9661;15039
-3474;14532;269
64;-17480;-2104
11329
-15427
-13671;-15368;15192;16987
12082;6484;12932;13368;7994;15821
-17730;14584
-11091;-12538
15201;-6738;-6083;-13721
-9506;-12100;-6121
11776;-10772;-1689;-4443;-2555;-11855
-15443
-18055;7943;2712;10556
-11351
8738;-15235;13751
12497;-13012;6755;-9190;-890;15194
6368;-13174;-4233;-15775;3167
2193;4851;7253;1976;16684;-13407
13344;-6424;13880;13819;-15069
-10712;-649
2998;-1096;-9168
-15458
-17810;-155;10698
-7268
-13653;10614;-15547;9034;9115;-2736
8232;11147;2092;-14173;13197;3165
9408;-6324;13060;6422;9882;7598
-8596;1796;-8671
-12017;7491;-2372;6292;11980
15475
-13507;-1091;-11768;14985
14196;-14936;-15384;-17948;-11182;-7088
-7686;-9942;1478;-8809;-5835;-17455
164;8742;-10055;-13385;-9484;16717
2496;-9829;18309;-1879;6892;-4591
-7489;17783;-7353;-2250;-4156;-12032
4592;-18021;-13605;4583;5676;13566
8497;-4246;-10182;-7577;2090
7325
-4408;3401;8333
1712;18193;18143;14335
113;-3142;14456
-6885;17078;-7528;12858
-1653;-11879;-14041;-16574;16335
8515;10904;4297
-4225;15156;500
-15995;-3630
2932;-3285;11787
-2134;665;633;12270
-17245;5807
-17010;5446;12600;-4412;123
15542
15544
15547
-9841;18322;7156;9269;-7532;10462
1136;-2839;-17943
9348;6278;-16460;-6524
7358
1124;14427
1281;13650;8073;-11547
16113;-7762;-3384;1592;-3482;188
11430;13998;10606
8720;12307;-2183;-15577
2587;539;-13901;-4782
-12065;12416;-3379;-16838;6967;1437
-268;-11197
-8019;-2890;-4655
10897;8371;4487
3276
10225;-2038;11254;-9207;-15178;12319
-4421;-17336;-6842;-10283;-6079;-11568
-7011;-16751
-15571
-15650;13809;-9635
15702;-8317
-11075;-6228;9587;-5257;-10765;12255
-8923;-2560
-3357;63
-14355;-5327
10563;-5033;5962
8354;7621;-11306;10926
14404;1196
15603
16897;16919;9593;17257
-17288;9735;-8059
5232;-12653
389;-11674;-4333
-11525
-13155;11140;13413;2742;7387;-14093
11533
2164;-8856;-12366;-11391;-13856
14036;2653;-13344
-13204;5758
-1253;-9162;-9322
4434;17482;12987;-2877
-10945;6260;-6312;10075;10891;5675
-11549
-5895;4742;15209;9529;16638
-516;164;-13880;2679
-16694;-13288;-8522;-9916
-15657
-1527;14807;-1720
-38;6230;4795;8765
15297;15769;-11310
-3859;-9717;-14374
11565
14178;-1620;-7688;15399;-12797
16418;-16453;-17288;9849
15666
15091;6323;7212;-12958
1714;-9191
-2374;-13196;3214;783
-50;-5972;-693;-6797;-14031;-415
-15670
-5254;-16059;5228;11725;2110;-5232
7486
-917;-2475
16946;-2167;15910;6488;7177
7458;-8518;-2647;-6679;6990
-7493
-12212;4716
3405
4359;-3193;-4574
11601
-14338;-11458;13922;11364;-14398;18319
10406;17582
-3416
4773;-4955;15407;-7712
8450;3160
-14523;7005
11760;9511;6266;-8495;-7232;-15232
16119;-17513;-18413
-11617
9505;4466;-15748;-13936
15003;-18432
-2643;-8981
15675;8238
11203;-5525;15172;7960;5208;6287
11636
-8609;-8369;10880;17432;4399
-17573;11893;-3305;-2654
-3447
5925;-16263;424;-315;16250;-17660
5460;-17566;-7726
-16182;12615;15207
-8934;1705;8137;10732
-4834;8285
3121;-3592;3223;-1339;4782;-13744
-11879;8425
-1170;-11975;-6216;-12121;169;-13102
-4501;6201;1757
-11656
-18321;10757
5907;7875;-5109;-7133;10125
15762
8675;-4776;9690;-6015
-6836;16485;709;-6877
-5107;-9365;5975;-360;1722;-445
16280;3433;-4042;12393
16117;12293;-12631
16961;-920;16124
11686
64;-5762;-1240;-14155;5310
8976;-275;11939;-11204;-3035;-9903
6724;7156;488;13710
67;3437
-355;1618;13686;17230
3958;520;5261;-17742;4495
-9618;-12932;5396;-13765;13481;-6559
-3218;15429;11786
-569;7336;-15133;11933;-7087
2786;-5205;7062;-14264;-10284
5524;-17240
8404;-8310;-1047;-11672;780;-3967
-3077;10725;-11184
-8020;-14310;-18360;857;6203;1421
15828
-5816;-13885;12063
9429;14599
2625;13219
4904;-8461
-11233;-13489;14659;1155;16823;16125
-3561
1856;-15058;9189;11670
-15111;-4840
-15910;11013;-10960
-13793;13348;1670;2346
7367;-13177;-7787;-10461
-7678
-10817;-3156;2595;12564;4140;-1743
13696;-18263;-8510;14430;7950;-5712
3593
1090;10696
16685;3295
-7118;-576
-2657;12560;-7362;-2042;15658;-4367
11317;-17127;-18269
-7697
7892;16198
-15110;-6218;-2766
-12099;9942;10588;-717
11816
-2070;-5067;-8784
-13395;-6046;3519
-16705;-2339;-6425;9546
-11829
7120;12903
-15932
1442;-9183
-8974;7853;4766
-17813;-6313
325;4022;13768;17517;8974
8704;-7666;-14778;5995
9489;-6404;-2603;7263
3651
7795;-6359;14505
-17474;-14421;7253;8698
-15946
17189;-5340
3662
11448;-14826;-5851;-15723;9644;7549
7758
6672;8374;5001
3271;-5498;-4141;14127
16563;-16518;16121;17931;16492;-18253
-10354;-13444;-12636
9904;15939;-18076
-7774
-7775
-4979;-8933;-138;7897;13931
-3684
14438;-12311;-17178;8394;58;-13470
7176;9102;-12592
-178;12290;16153
-7788
7787
2545;4994;-15414;-13273;-5950;15213
-16819;13125
5240;-12073;14443;-9820;-1437;-8240
15731;-17899;-13821
2320;-10066;10564;2469;-11735;10153
-7782;1129;-1152
-10097;-17147;10926;-7872
-13569;14465;-11514;9641;-8782;13469
16001
-3554;-6627;18073;-6282;14398
-8401;5525;-6906;12476;-15135;-11760
-9718;5997
16208;7994
12320;9491;6328;-8031
-15346;14114;9055
7514;-11243
-2739;1460;-16694;-14984;8746
7827
-9592;17421
-10930;16693;-13595
-10005;-7895;-15609;12715;-3424
5984;11570;-5622
15779;-393;-14699;3054
3741
8499;-13908;9927;3368;-12285;652
-4625;-7027;-18012;13629
8457;-5549;-10752
-4210;18249;14285
-1265;4017;13285
14736;11637;7061;3574;23;7678
3401;-15344
-16045
-5459;-17942;-1798;10;-15435
-14581;9429;-11688;-17483;-9308;3007
-16977;14420;2340;-17996;-14222
-16915;10498;17667;-7278;7982
-4966;-8327;-13402;-18028
-12593;18247;-13273;3855
-10248;-6988;13470
-11075;-886
17381;-9516
-13515;-10736
18322;14920;-800
7872
8224;3700;-9701;12024;-12157;-5869
2291;-18361
-16070
-12897;280;-5323;15116;-17343
11212;6637;14605
12570;-5451;13371;7871
9652;7880;-12190;10735
576;-16707;-11049;13178;-16350;6079
13858;-5395;-15045;-2325;4613;12185
-8131;16023
-2392;15511;9530;9754;-12222
-7942;-6359;9849;6062;-17696
5442;3110;-15694;15037
-4897;-7124;8220
-913;12907
-1666;5988;-16024;266;2266;-2829
-5702;14949;-263;9226;6079
-1892;12787;10070;17164;-6798;5247
7907
12005
17925;-1591;-15656;-4093;-8592
3828
-3301;17461;-6235
-7428;15498;12652;-12797
16119
-13987;-2963;17748;15322
8145;-2101;16792;-3739;-14076;15197
-13431;3339;-6031
-10067;-6064
8977;-15765;-5287;-970;-11279
-12705;17109;-15174;-5927;-9083;-2640
-1063;8585;-3677
16226;14709;-7722;1114
-1148;-6799
-7948
2881;-1076;-3494;922;-15376
-1283;9282;-13332;17383
-16659;-2821;-9963;-3088
7200;-3108;-12376;-16059
7217;-11220;-12616;-16490;2062;-9680
15264;-3210
-14417;-1741
12063
7475;-8826;14634;15164
7971
9505;-2476;-16349;1343
-14501;7542;14295;-7006;11742
-7978
4673;-2194;13010;-5879;-1034;3498
-14244;9092;11046;3944;2237
13170;8067;-9162
12077
12085
2050;5943
16192
-11314;-11157;-5226;2522;13067
-7458;-15480;2637
8324;16074
17941;3532;-13631;174
2326;-3256;17144
6034;978;-15523;5970;-1578;-8000
16218
13905;-1145;-9387;8749
642;2309;-2023;15291
-9715;-6507
-4772;-17881;6521;-4191
8037
-598;5157;-4635;-16157
16232
-8626;-9011;-11321;15113;5804
-7841;16242;-10075;-12300;-6364
18281;14345
-3957;17591;11274;13227;14973
-3961
-10419;-3684;3670;-16584;14863
17232;-17812;134;-13741;6125
7953;-16024
-13714;-10500;16138
-15521;-17106;3379;691
16270
1777;11298;6947;-11944
432;12928;4337;-6886;-8653;-14336
-3753;13530;-1696
4898;-16997;-15592;3051;18171;-5709
15995;2524;-559;14703
5200;4785;225;-38;2013
-17122;14518;-13678
-17161;9070
12187
-17219;-2485;-17064
16736;2037;-13992;-7450;-8890;-635
12545;-12068;10583;7913;10553;15435
6707;11716;-10341;3800;-15885
8098
-4004
-8107
-7089;4930;-13372;1068;-14126
7890;-8709;-15484
11768;12698;4125
-16311
16930;6569;15434;-16779;6445
-8121
15857;-757;6341;9643;17999
8763;-4735
-15925;-11702;-6602;-2573
14215;-5801;7592;13098;-3259;15052
13049;-16059;7227;-12351
9888;-11011;409;-11790;-16111
4729;-5755;28;13229
10625;13895
-4041
-8139
-12794;4654
-1122;11763;-17644;-6528;1295
2609;8227;9593
-4046
8144
15507;-17206;-5439;-12527;-17152
-6436;-10485;580
2661;-11353;542
11733;-16936;-9643;-13789
-12256
6576;17687;16669
-4071
-3930;43;-7133;-16286;-17726
8169
-16367
7544;9673;3246
11789;-15871
15635;-10808;-745
-17221;-2283;11324
-4084
-12899;4718
-15058;7745;1379;-15558;6367;2847
-12280
-1779;11796;-5589;-8519
16378
-3778;-9939;-15673;-11568
