-2
-16817;-7542;-16607
6032;-6968;-15455
-12994;-14242;933;14773;-10618;1659
-2466;-980;7557
3091;-3076
2311;-18088;-9693;13164
-12385;76
3281;15270;-17031;-1544
-10098;-17959;-6379;1643
14130;-10051;-5080;1689;7535
-17686;13558
8466;15779;2635;-9982;-8719;8238
7029;7529;-10906;-5069;-6813
15317;-7087
-11254;-8390;-13852;686
-15538;-4989
12337
50
-6517;-1726
-16353;16737;457;3229;12398;-16416
11305;8555;-11933;17326;-12912
15587;-13207;9966
4144;-9480;9882;-13261;4701;-143
-62
-1778;17206;12779;-15853
-12162;-13973;-17894;-11114;-6365
-16454
-3877;-7670;-814
10884;14026;-7563;-14366;-15167;-175
-10130;-13129;15306;-6637;-18255
16873;13594;10075;-1005;4925;-3424
-4175
8272
-9012;6483;16932;-8122;-14555
1984;16371;-14378;12540;-47
-6006;17512;13162
-17826;-17912;6023;3655;10988;-5503
16964;15899
-9013;11112;6073;15417;5180
-14625;1044;4612;-7189;11959;8392
-4179;-9252;-2822;-4327
1842;-6842;17387
-4199
-4722;-16547;-1204;6597;13208;-17920
-131;-13414;5623;-18138;1375
-13461;149;11366;-3544;-5306;10905
-7586;-718
3698;-16100
-6084;15976;-10009
-9809;16339;-10746
-14419;-2089
-974;9293
-16513
-15602;18354;13091;-15974
7585;13430;15980
14833;-11763;-1047;-10347
7522;6356;-13770;18237;-10015
-8065;16135;-3034;7391
2386;10042
-10385;-9814;7770
-12017;10098;11604;-7062;5710
-6971;5437;1391
-148
-16677;17428;-12152;5485;10159
-4246
12438
-4249
-12442
15155;17769
16544
-6406;-16839;14316;4670
14600;6043
13889;-15667;-1205;13717;409;-15405
-8435;9813;-13836
10647;-11323;-6477;7324
-15361;-14322;-6885;11273;-9374;14014
-2418;6338;-15380;4985;10746
-4071;-16586
5345;4626;413;-2015
2603;-6880
13745;-9469
-9989;3124;8904;-14841;3565;17614
-6984;-13786;-8093
-15851;7466
16576
13604;7069
7264;9587;-11413;-12792;-8364;-9054
18401;11478;15373
13556;-5070;-96
-16584
3639;-3435
-14629;-10073;12235;15325;-2654
16590
6736;-15135
16595
1265;-18359;16299;6895;10495
4243;14373;2077
-5463;17660;-3791
12912;11878
-4312
4386;16791;-3038;-9728
6894;-6671
7603;-1702;-5675
8418
10306;-15876;1941;-15466;-18000
-5285;12376;281;14121;-14910;-10912
13955;-13925;-8456
17293;13453;-1838
-8977;9842;-2407;-10986
-7620;-13708;12478;-207;-7568
6566;-11851;-8269;-14784;-2704;10319
9536;-1100
9699;17685;2472;-15801;-10672;-3136
3427;13208
-254
-14103;-3719;17567
-16611;-7560;2201;-11056
8453
-16068;-12103;2119;9836;-12719
-12551
262
8881;6710;-18186;-2282;-3580
-16658
-6213;17945;-15131;14427;9372;-11933
14336;1504;-13282;5671;17016;11896
15505;6961;18322;16246;-17208;-10876
-4376
-1107;824
-5123;2723;1897;18345;18218;-3008
-16967;297
2880;-2595
-8482;13573;6361;-10397;3326
3024;7553;-6409;9707;1646;1151
8480
7482;12444;-14272;11023
-2913;-16836;-6852;9923
8488
13724;7054
12588
-11970;10981;408;-5771;6652
3504;-5586;14978;-15542;-10534;591
-16690
-16643;15877;2103;-1645
2785;12337;-5348;-9543;-12830
-12599
15492;-6069;-17256;10796;-7727;351
4164;14552;536;17930
-7707;3291
6041;1179;9484
-4433;15666;7750;4536;-6812
-2056;-15706;9245
-4421
-8521
-5172;-11542
-12621
-931;12902;-15082;-1083;-16619
-8527
-5624;-11097
3717;13005
13104;7480;7433;-12670;-2639;8111
1536;2899
4436
11474;-310;-13703;-590;2894;575
8534
-7378;15842;-17544;17614
-9234;14644;-16886;11130
7730;-7688;-12921;9499;16015
-4445
2509;14223
12639
1714;-14357
6578;-1379;4470;-9310
-2121;12905;-2028;-17308
-4457
-3921;3082;3564;-11280
-14745;-409;-5692
3016;17833
7329;-14323;-2409;125;-1039;14783
-16530;9218;962;-10920;-14798;-5168
-13330;9074;5353;-5819;10220;-5871
-3636;8308;7990
6252;10509
-9590;8136;-9567;5598;-2847;3791
-1170;5651
-3955;14210;10613
7457;16836;-13048;2903;-13757
-1748;-5479;-8969;-15081;-5981
-17561;-10142;15021
-12683
5522;4533;-3238;13350;-4680;1291
17249;3285;-1112;-10347;11707;93
8545;9345;-11507;-5610;6939;-8110
404
-17430;-6220;10957
-4326;-1161;-15291;-109
-4197;-311
-12360;-970;17837
-4511
-7576;-14412;-3598;-7278;-16704
11482;-15996
2864;8357;10567;7304
16805
-4725;13338
-548;-7461;16623
7305;9502
-5539;17638;8041;6556;-9888
7219;10116;-558;15118;-10991
3566;-8655;-11728
2836;-14663;-1657;6955;1996
10257;-4690;343;-4057;2680
8632
4659;8069
-1269;-1514;15435;-12208
-4098;8386;13397;11436
-4546
15411;17806
-5169;-16438;-5930;2509
-8645
16073;-16528
9936;2807
7877;-3323
-3252;3711
-15782;11222
14000;6130;-9875;-2228;-1191;10011
-7457;6812;-7102;-910
-465
10853;-3015;8182;5566;7551
1745;6913
-11347;-12277;-5517
-8662
15457;-7958;-9608;2887;-15148;13899
-4049;3874;3562;17563
16497;-6910;-3342;-10816
15536;2881;9604;-2970
9681;-5699;7075;5613;-3904
-2084;15443;-8599;-17783;13001;-4554
17873;-17391
8674
7507;-7991
-16868
11313;-7331;-12919;13518
1079;-10088;-17945;-4906;17756;-10959
-12776
-16873
-4546;-12261;8122;-12287
-8686
4288;14788;10090
-13650;-3467;16621
-12784
10884;18198;4186
-17569;-14274;-11364;-2282;8123
-3208;7807
16258;-7077;902;-2091;-3392
-12794
8120;-15081;-9931
8699
508
-15608;10361;5759
-12803
12775;27
14395;10699
16977;1253;-3462;-10151
-11510;-4680;-16878;-222
-12765;-16813;4479
-2916;3439
11252;168;-14126;9742;18063
14592;4761;-12698;332;-6464
-18227;-5254;11269;-8795
4627
9187;-17912
-12822
-4633
-18354;13106;12537;-2655
-12827
-865;-11845;-1031;-7280
12829
-8735
16996;8125
9299;7631
-8740
-17814;-15831;14473;-14144
6675;5254;6647;-3082;-14939
-12465;-9316;8435;-15883
-14805;1960
556
13440;-8787
15329;4497;-14725;-12967;14329;2287
-10570;-17836;-9022
1927;-14780
15044;9558;-10712;-9227
-12866
7892;-8351;17935;-4608
8773
-3345;3932
5878;-8632;-16298;10270
9106;2823;5066;4349;-8463
-9377;5057;-373
10690;18355;-7350;-11049;-5949
-17590;18191
-5589;4854;4141;10382;-4992
6576;12845;5759
-614
5666;-16854;9274;14815
9328;-1651;14869;-1451
-14292;13675
15474;730;-11487
11156;9948
13648;-12164;11429
18433;13714;-4997;14794;3742;8190
13105;-9431;1115;-13612
8824
17017
10915;8676;17589;-15239;-360;11820
-12065;17125;15685;-9230;2286;-9071
-15137;10257;15924;-15776
-13078;-8040
-14361;6348;12749
-11893;6970;17853
7714;-13861;4616;14463
-3827;14213;-4634;11531;-254
-8470;-889;410;9597
11462;-2620
5205;17864;399;-14624
-6722;6803;15365;-10697
-17038
9697;-17938;403;8340;-6085;6237
14067;16583;15064
8184;8859
9707;4717;-15088
667
-12309;-4744
14963;3318;-13517
11187;-10518
-17054
16263;6650;2332
-17429;15956;-8630;-2393;-8655
10603;-5837
-16286;15613
18323;-17880;3161;-764;11773;-5744
-4778
16736;-3766
-12972
4499;5510;-1130;-8192
117;-4173;-13023
-12817;-11352;-4491;16476;-11840;-1248
-7201;2978;-501;-8629;-12599;679
-14465;-13686;3816;-1674;2189;14926
-17088
-16359;-13292;-12015
11152;6898;7231
-12995
-3321;4028
-8113;5555;-12710;-7930;4539;13854
17094
-7057;-6391;-13400;17945
739;4999;3067;3579;6796;6109
-8915
722
13234;-220
-15794;-2021;-2838;-8747
-9442;-9431;-15609;15067;2301
-13020
-12894;-12415
-8130;-13416;14717;-16479;14383
-5010;5140;5078;8087;9738;-18204
14057;10362;891
3173;16269;1775
963;-13989
-1863;3786;10170;8922;203
-3785;12718
4417;-13897;16942;1471
8692;-7949
17127
-3905;-8086;-9738;-2268;-1324
17131
17574;13787;10349
-17729;15521;-7718;17926;-16944
-17348;-11913;15818;-12764;-4112;9087
-17138
4945;5142;-4920;-17962;17230;12703
1744;-580;-1920
2385;4113;-12132;13034;-398;-7758
848;-2391;10490
11168;-16171;18047
-9017;-12798;-11711
16001;-10918;12182;-11256;2942
-9540;-6183;5146;15437
-12094;29;-9199;-16368
-17649;7889;-16813;5548;-4320
-6630;3096;8398
8802;-17156;-11805;6414;-3424;-16368
17829;17577;-11691;5726
13986;-5023
-13429;-13157;-892;-1968
13063
11009;14344
11680;-4403;-9719;13703;1805
-16888;-8284;-2476;-5904
4448;674;-1399;-6761;15422;-11600
-609;-18295;8838;14955
-5235;345
14324;16215;10104;14538;-15725;6396
-10226;-5721;2861
-9140;2712;2700;-5264
9600;-4702
-12486;-5545;4937
8309;-2103;4103;-10809;8235;-2832
-1697;-16312;812
8306;-3032;-8745;16572
-817
-9393;-4229;13770;8862
-9012
1222;-14331
5363;-5768;-3561;12218;13051
-17239;-11068;2907
-826
-835
7941;-2172;4108;7341
10698;2428
8768;-14874;-4203;12782;-11504
16387;9187;-17916;17757
6674;13848;797
4937
17698;-11945;6189;-12784
14871;13947;17084
-1057;9665;13670;-6824;-10512
12257;-13910;5980;12797;509;-4495
-8468;-12863
16400;-17752;-10601;7609;4860;335
-9046
5144;9898;-10092
1586;15332;-6810;15325
-9396;6457;14108;-12032
-886;-17338;15130;-10061
13158
9063
-13161
-4969
-876
-5736;-13578;-10235
-878
2132;12261;-1225
-7986;-15012;-11926;9467
562;-5541
-13172
1347;15974;15032;-2795
5413;-14234;17899
12754;-3363;6117;-13047;1257;-8703
17273
-6883;-14487
4321;-16738;-13205;16794;-12236;11982
11649;-15683;15432;7193;9788;5279
-893
-12100;1818;-5836;-18332;-16686;9279
17746;-16503;-345
11512;-3885;7500;1998;12447
-11633;15473;-1396;677;-2220
-10275;5158;-17369;1101
-8661;9914;-348
-1863;-13495;-12764;-13247;-7120;2527
905
17696;-15718;-12235;-11132
12867;341
-11508;10948;-2950;-1511
5680;-1585;-6596;5525;-16238
-930
-6468;12314;-17310;-4160;-9888
13226
-6935;10039;4537;-2574;4063
-499;-17895;2698;-781;15533
-949
17684;9270;-3673;12570;-2557;8620
9147
-12071;-5271
1507;10803;-9989;-13609;11933;4415
17868;-12799
3681;-14550;-17256;10364;4495
-5075
-17363
981
9174
299;686
988
-3351;12535
-5845;15733;-4800
-3323;12508
17377
17026;-11973;-1392;-12848
10337;-9342
-8599;9595
-10599;-18026;-6379;-11051
-15634;3541;-4614;4794;18396;-15678
12881;-5491;-12475;-7230;-9168
-5103
6724;-9077;-6455;11673;-3371;13806
-3125;10645;517;-17243
8032;-6440;-2266;746;17327
-17402
965;-12375;-15324;-7054
12658;246;-7786
10704;-10410;186;-5180;-285;-141
-919;3163;17004;6365
17716;3805
11649;1014;-16490;11274;5883
7763;-12902
12755;-1126;-983;12775;6296
-103;2920;-13770;4106;14106;14267
-5922;-16088;153;-508;-11852;4494
13881;-8734
-5149
8276;-12421;8197;-9273;14536;4027
-6677;-6182;-11995;15595
-7553;17162;-9548;-14364;-11342
9261
6580;17174;-4424;4489;14122
11731;16484;13822
-15393;8864;-11622;-6714;-11467;-17996
5089;5412;15157
-6489;6600;4344;-347;10011;-749
7267;-4724;16004;7718;17079;10991
-15057;-5268;-5018;8171;-12589
9442;5529;-11306;-6922;8443
516;3829;3109;4810;7722;-14796
-18289;2040;2859
-12386;15969;-31;1647
-15014;4648;-1116;16683
-8081;6971
-18257;7380;-14810
1111
14768;-7763;9218;-3348;-13990
-898;-4315
-11713;18023;15289
-13989;5353;-6236;-15006;-9551;-14943
4679;-5146;506;-10844;5579
-6706;13733;-12256
16608;8642;-6389;-13927;-6873;-11485
-13427
-17525
-1141
8416;-3180
-9905;12676;1413;-5327
5320;-6464
9946;11678
15066;6558
960;-17734;14406;14028;8926;-3055
-9341
-1149
10828;-9680
-17489;-3747;6884;-11703;16713
6421;2603;-14271
-15682;17842;6324;9051
-10261;-1850;11033;10426
15314;2227
5256
-9819;8138;2847
6667;-1436;-13423;3983;-2528;1471
11859;2726;11177;-1324;14413;11470
1866;-3036
1171
-2374;-17051;10538;-4576
-14259;-17109;13803
16993;-17061;9062;4475
6616;-9916;-10174
11909;-7964;12412;17597
9147;-14431
13987;710;4648;15113;15887
-2769;-10714
-11041;-12228;13881
1195
-9138;9652;16902;-7176;3436;-4286
385;-17100;476;220;-13853
9393
6389;-17177;-10541;7839
9458;-5428;2931;-471;-1192
-17588
17461;-7079;-11591
8996;13944;6943
9412
2372;-17062;8731;7180
10705;-17555;4245;9846;-16656
-16291;8834;14168;13098;-7355;-13678
-1265;14782
528;-13695;-352
7506;18434;2965;5096
17649;1844;14509
-16296;-1226;7145;-1292;3596;9309
-7990;-16236;6541;-8128
-15058;1530
2379;10572;-7614
-13532
-9438
-5329;3569;-397;11597
-8808;7559
1249
5346
14898;11717;-2695;16776;6125;-8703
13543
5355
-10293;-7352
17396;-2934;8758;14904
-13551
-5910;7477;-18055;15287;5529;-13786
4208;5261
-4963;6266;-12237;-7181;4670;-128
-5202;-12467
7297;-200;5783;-11193;-18236;2972
-4388;12454;-9959;603
16145;307;-7510;8073;-7532
-449;-6481;8417;9890;2203
5509;-121
-5955;1155;-5813;17016;-13211;1419
13990;-15400;-12172
-627;3876;2142
9488
13588
1779;1477;12137;-14092
5405
-11105;3745;4291;-5028;-14470;-11512
-12488;4455;-10959;13583
5410
1314
2993;10436;9735;8599;-16074;6106
3429;-10713;2712;-2283;-13068;14508
-2851;-2440;-4605;-2685;13902
-8434;7732;-9705;4989
9508;15771;4719
-6897;-2692;-1768;2205;-17967;9407
17827;14918;-10937
6164;-10565;-10197;10918;11831;17756
7257;7101;-4831
1635;-15260
9530
-9533
10016;-14449;15783;-5914
12325;-11656;-17660;-12909;3980
-9539
-5442;4935;-16810;-17547;15003;-6063
-2420;11080;-8697;15227;16605;-1776
-4467;4099;-9176
17665;-4137;-6911;-1168
13644
1360
-134;12837;-15801;4299;-11152;11311
-13842;-7763;-5395;-2036;12583;-5392
-13700;17337;-13200
8771;-12568;6488;-11995;14778;12285
15360;-3714;-1348;15031;8843;-16400
14472;-13084
3988;16422;-13079;-10892;4959
1399
18273;4690;-16436;2932;-17196;-18240
-14523;-15550
2177;132;4517;6392;12510;-7936
-18023;18409;16249;14268;18220;-10846
2899;9077;16359;-5561;-10701;5725
-2418;12193;6610;-9755;-13420;1279
-17794;4090
-13027;16525;6078;-15088
-17249;9138;6693
13705
4019;14517;-4826
13712
5889;15846;11676;4878
5378;12626;13933;-12911;-9407
-137;-9070;-414
11683;-2133;8265
6577;13755;17436;-3568
-18261;-17270;-2767
-14038;-327;12927
12784;5040
1442
2945;4627;10870;-12903
-13698;-14067;-7128;-3049;-12655
-9304;-10554;-2955;-17932;-13948
6546;14185;17580
-17458;9626;6715;-7292;-5327
-13713;-7539;-3606;-9358
4098;-13743
-10641;3732;7284;17445;4360;12043
-1458
-15458;-9446;1769;1324;-11166;2846
12754;-3082;4074
9936;13552;-2641;3696;-7108;12696
10307;-15561;-303
5559
-13875;11347;3992
-11137;-14936;30
-9986;-9484;-15564;797
2384;-274;-11778
10692;12711;-5802;2155;2027;-16207
-18289;7336;10666;15338;11007
14838;11225
5139;-10724
-12675;9221;-3899;17419;-8576
-17601;1953;3927;13213
5588
6182;-15871
-11650;-15763;-3573;14748;-18030
1043;16151;-7503
3377;-11351;7336;-17756;16333;-7632
17884
-3444;-17838;-17086
-13795
2325;7176;9662;2830
9330;-6692;3476;-2791;13432;17530
-625;-10998;-14472
17760;4786;-15268;-8619;6956
-16353;14658;5510;-9691;-12031
-15058;-2851
12515;-18137
7600;-9126
-13749;582;3448
4528;-13291;3135
-9383;2535;-17296;-1968
9650;12642;12014
4264;12568;-15211;4015
2513;17956;-18263;-13336;-14298;7502
3305;9514;-3085
-1235;-11861;11547
-2473;16634;2365;-2688
8640;6649;5321;3948;-8895;-1823
-5075;997;2523
-3653;13404
-2868;4428
-10996;12557
5680;-15435
-10421;-15702;-6006;1894
-14375;-156;-16940;-6957
1540;13766;10839
-17444;-3317;3080;-2795;14810
393;-12734;-13807
-17964
8232;-6652
6418;-10613;-2540;15836;-14783
-8593;10529;-15700;-629;15979
887;-14764
-16962;2561;9560;-14956;1823
4618;17455
-7201;-9302;-7000;8685;16414
-1603
-3458;4003;10681;2666
-422;6124
6628;9430;3592;7709;-17552
-10292;10743;-12264;5032;16590
-1619
11059;-4906;13211;10926
-5089;3080;17705;12394;11292;15485
13909
5265;-12680;-6495
-17217;2086;-15164
-5154;-6773;18116;4069;7749
13592;-7532;9675;-15404;17676
-3842;4298;-13136;-5328
-13913
14560;-6470;9919
9184;635
-8929;4961;-7765;6009
6500;15077;16233;6508;-12094;2173
-3267;17346;-5604;-10103;3260;-11455
-5727
14820;13973;-15608;-3902;-990;1535
1638
4787;949;12614;-17128;7358;-10223
17090;4852;9734;15260;-6493;-10128
-2379;4027
11009;8291;3221;9591;-4686;15182
-6883;426;-15675
-13521;1041;1690;16538
12097;-12188;-9756
12951;12216;6891;15916;-6159;-7392
-5753
12497;-8130;15970;17127;-7135
13948
5360;-16487;-3211;-3708
-17601;-279;-11356;-1100
-3626;2139;3150
-8819;1272;8190;10318;-1104
13954
-8849;-1746;12888;-16251
-10885;5116
-18305;4322;12835;4663;14542
-7607;-14280;1034;6891
9217;-2228;3447;-9145;-8939;-2220
14059;-8287
9870
848;8289;9442;-6872;-10029
17488;-6018;-17220;-10009;17613;-3535
-10209;-2722;1717;5512;-4175
-12359;14951;11993;-16270
6769;9970;12437;1181
12566;5369;5338;-9292
12596;1385
4944;11814;-2010;-8955
10690;9895;14360;-13438;-15760;4143
-1393;-8001;16405;11287;-4312
18145;11686;-12649;-7289
14355;-4462
13992
-7389;-10703
4547;-8148;5310
-11713;-8845;-18016
-5682;-1988;1719;14109;-46;-18015
14386;-8883;13892;14614;-15913
-15122;-1619;-2379;-398;13709
-5812
5816
-18355;14867;10419;-11529;-5694;16110
2723;2068;17414
-17566;11069;-11615
10770;7341
4120;-9946
-1089;-7507;-17284;-15144;10621
-18179;12505;-2907;-6236;5307;11245
-9929
3899;5708;-9790;3341;-17183
14185;-12447
7937;17507;9493;-428
-9936
2256;-18019;-4868;-1595
-15380;-2501;-3397;3143
8321;7884;14222
-6006;16905;11114;-1470;-10592
-9955
10048;-8210;-13859;-10222
14050;-12729;16827
-3896;-10157
3988;-7880;5657
4160;1593;8303
-860;-5007
832;-6703
-11977;2010
-16211;14435;9317;5609;-11375
2899;-16868;12169;11772
-1783
-3012;1540;-15065;-9822
-12118;4906;-15052
-17841;-16691;5143;-1068
-4065;7669;-5544;7821
-14162;-3827;9300;4760;-14716;12763
-16657;5684;-3912;-7386;-4093
-4967;17830;1213
15300;11064
-4514;-13656;151;-11579;-6861;10093
-3442;5269;-3113;-3883;-2685;1965
11237;15337;-2621;-1679
-9988
14083
12560;5009;-8550;4183;4983
-15805;-2383
-2484;-10742;7207;-12171
11638;17112;-13167;-5584
8644;5799;8025;17180;-5072
14096
-13107;-17877;311;-8527;4623
17142;17067;-6622;6991
18263;2039;-3197;-3005
-11314;13683;-16313;-13388;17326
-3252;9717;11733
212;-536;12124;-6814;3166;-2240
-753;6666
5915
-4693;5479;-14894
-1820
14465;16325;2022;-4446;-4494;6621
5157;8955
-5921;7057;12516;9016;4393;7532
18193;417;-4616;12408
5876;7866;-17949;-5821
10029
10644;-615
-9445;-15239;6461
7313;9634;13771;-4846;4639
7829;16920;1945;-9802;-10955
-1843
4281;-18414
3731;15930;14954
17762;16105;-1403;14443
-1852
-10233;7900;3548;17020
1906;8137;-10796;9806;5087
-11553;4484;7765;-6647
11216;-2225;15158;6381
7683;16182;12007;15768;1625;-14540
-10060
-15665;5169;-10102;952;-9261;14749
11536;-14350;943
323;2004;-9015;-14923;17179;14495
-10066
16531;-10343;17974;-10000
14167
1284;-10822;7658
-4353;-18008
-11473;5494
-6380;-3696
-11720;5739
5676;-11662
13569;2021;16279;3815;-8666;15835
-11237;-5029;13477;-14726;1880;17534
18293
-2833;66;-15528
-16547;-10579;4838;17430;-1150
-6011
-5917;-15311;-13839;-3712
-7105;-3003
18336;-34
-14802;-16371;-16263;1132;-17055
18303
-5814;7286;-12441;-7342
1928
10124
17156;1303;-13273;-12413;9404;16140
7491;-9543;-4828;15148;-6334
-1925;7478;-5144;-7737;-2041;7433
6867;-12487;-4030;-479
14225
4614;-10651
-10977;2404;8229;-10551;4856
9824;-14450;-1687;-1244;18012;-16496
14578;3559;-14861;15052
5969;4740;11718
-12785;-11733;1031;3913;13529
-6045
-3463;-5643;-10205;17359
-6178;11173;5148
18132;5622;12506;13373;-14912
12979;-5831;2999
-7574;15542;5430;14412;-17662
-16018;17977
-5682;13298;14826
-6060
14688;13991;-9371;-12028;-14909;5662
-4113;-6185;3881;-11934
-1505;-4794;-15868;-6542;-5264;-4864
11972;-2570;17947;-13085
14601;-12623
-1604;-14917;581;5766
-209;10020;3642;-908;1724
-8515;-5423;-335
-7430;18149;4041;11803
9930;12541
5143;16105;13517
13315;9162
14001;2657;-5572;-5333;17125;-4495
-13458;6193;-17209;10827;893;2557
12736;-2538
4128;-12370;-8279;10920;-505
-14301
18081;-16064
-2073;11740;16927
-1461;-14826;17673;-2715;-4908;-16269
-6129
13027;15907;-16392;-10969;-9307;-6590
-15634;-2788
-10459;-3982;8302
10234
-14438;-2604;-3468;-10208
-6144
7441;322;-6036;-16064
11606;2730
-370;-1545;11369;-14298;-7117;18111
13923;1416;12539;-9439
14083;14644;-16267;10078
14346
16021;11210;-8784
-1590;15943
12133;-56;6809;1774;1967;-8272
-8018;-11399;-12489;18205;-656
15536;-11716;-85;-10812;9149
10265
12734;13919
-8145;16450;-2127
-4696;14955;-4077
2090
-18145;5442;6451;16840;-3417;-17454
-14381
-16212;-9332;14648;-3485
1095;1223;6792;14235;12427;-5007
12416;15245;-5087
11856;2448;6369;-13270;6362;17003
9781;-17642;14618;7628
2358;10583;-3321;-1530;-16367;-18399
-10293
-11449;-17213;-10304
2106
5137;7908;1701;-12640
-17647;11439
15829;1980;7151;9919
6354;12450;-5813;-4488;16888;-6894
-1400;3212;9390;-14735;9742
16547;16296;10427;13263;-13456
13410;8934;-8554;-12075;-16124
13344;-3317;9430;7241
-7874;-2442
12897;-6692;-5270;12631;-14991;-703
-17969;-5;18298;-5147;-13691
-7985;-15905;15509;9381;13417
5322;5004
-17506;-18025;15770;9434
-14424
388;-14841;-2345;15897;3038
17409;16177;16487;-14668;12573;15599
1125;9975;-763
-5891;-4991;-9839;9454;5023
2288;-17365;-8839;-9449;-11385;13928
3907;-10153
-10344
-5138;-14121;-7470
-2381;223
-11875;-6668
13937;10613;-16792;-1500
6288;-11654;-4990
16453;-5654;11846
2309;-9005;17005;-8142
-2170
-11709;1341
-2213;5691;-12492;-5454
-7538;-2563;-16656
-14924;-13260;-14960
10129;-37;69;6843;17230;-3375
13149;9518
14475
3440;-14258;3748;13357
-6290
1520;-193;5905;13946;-13804;-1085
-14485
6297
-14491
-2113;14834;4887;-8344;6299;-5166
-1062;-12283;-10286;17325
-7340;13645
14258;9122;17235;-9734
10403
2214
11473;11122;-15671;958;2527
-14134;-4631;-3895;-17547;-2972
4689;5481;7146;-17501;16813;-2112
-3206;9530
848;6097;-15555;1490;9594;7948
-14098;2034;14213;-16671
10594;-9543;17127;-13291;2587;-13806
-10434
-115;16246;-3288;-15086
15632;-1090;-8244;-13494;6693;-5836
5380;1877;11370
-8402;-5589;-8733
-14534
-8775;-8440;-4057;-5552
37;13094;-3561;9064
-16146;9797
2254
-8022;-14470;-16998;-792;-7034
-16482;14213
-10146;15589;-14791;14361;1229;-12608
-6368
-9479;3111
13623;-14973;-10733;-6573
-17252;13801;8156;18047
15202;3460
-17873;7401
9300;-1528;-809;-17005;-12718
16880;-5027;-14088;9994;15002
7456;2836;-12576
-11539;-17621;-9733;-16646;12293
-6385;-9992;9129;-7213;3982
7385;9290;3181;15199
-12945;-7875;2147
-12294;-3175;-15912;-15786;8010
4338;10244
-16199;-6238;7853
-12610;-11881;-2383
14450;16520
12113;11318;4102;-6600;-1627;-17007
14339;16633
-2302
7952;-10257
-14501;13176;15918
2768;-17525;-17303;5178
-10247;12086;7353;-15595
16565;-14254
7208;-800
-1749;-9317;2821;-9335;-25;-9291
-402;10099;-7573;8584;10957;1135
2320
7633;17464;1804
10522
-12514;-15885;-14926;-10735;14863
1056;-723;7125;14427;12444;-11517
3184;11025;7799;4904
4420;6324;11893;12519;761;-17196
11398;-13981;-7952
5536;-12546;6321;18244;1177
3777;9991;-8568;1246
12112;-12993;8565;15147
-10546
10549
1159;-8140;13436
4130;-4756;-9908;9109;6798;9279
15233;17598;17886;-7392
18230;12811
6468
-9281;-1287
-10577
18129;-18141;6493
-3433;18110
14768;-12870;16876
17233;-2819;-14054;-9654;-5388
-6491
2277;-8392;-4473
-16484;17657;9418
10593
-16322;15489;1012;10712;-8490
-11073;8667
10356;3716;-11663
14640;5926;11880;3481;-2284;9726
-8348;-10447
13124;9768
15683;17160;-9674;13947;-9566;7630
-7016;1868;6348;-3614
-3413;-11291
-11879;14872;6030;-11439
13463;17627
-10066;1490;-6489;-14154;5180;1133
18065;-11541
6369;7156;-14741;-7516;2204
11840;5377;-17108;11333;-16505;11592
-13834;-891
-6542
6993;-12420;-2221;10094
-2455
7226;3420
-5462;3273;-11740;-7164;6732;-383
10647
-6553
-3315;8963;15651;-16793;3419;-14480
-16642;11122;-3212;-18303
4452;-6936;13134
-14752
-10657
5538;16696;-15453;-9247
-17317;-9728
11985;-16004;17160;-4475;-14171;12076
14856;6680;6778;-5357
-6575
-3507;1155;5016;-4794;-4445
-8678;-16599;-9038;-13231
-2494
-1174;-9513
-14784
13938;13133
-13201;-4178;4053;15852;-5022
17826;1173;3977
2148;10341;-7400;6823;15161
6544;10642;15509;13237;-14760
88;10606
-3169;1137;16825
12913;3972;-13320;4457;-5515
13158;-1031;13255;-7113;-9036;17851
-14594;17102
12545;12258;-821;-9184
2872;11929;-2427;6524
15493;3407
15649;3492;-17050;16492;-7872
16965;-6253
-2645;-5319;700;-415;-3040
4242;18227;-13349;-3302;8231;13053
14036;-16230;-909;13821
-2849;17540;6268;-6143
15121;-16582;7384;-10620;-16206;18365
-14827
6611;-16584;7434
4432;1072;14869;18315;-15662
-6241;3693
-2049;1605;15206;-7113;-2827;-2271
11783;9464;15339;-16573;10061;1149
-9797;-38;8696;16682;-14220;5324
-9249;13602;-1331;-14073;-3791
7954;-14359;982;-17468;12748;-4703
-2257;-7010;10295;-14073;16344;7451
5815;2584;2778;-17836
15685;-12503;-15913;-2122
4579;16039;5176;-6844
11425;-6196;-2296;-17754;8157
5558;3686;10105;-7787;7390
-4132;6115;1910;-10559
10076;4781
17216;12139;-10399
-15923;6965;4553;-12523;-2029
13873;6739;-2245;-17829;8265;6061
-5941;-12854;-7048;-718;-12880
15124;2456;-15003
-3217;-12546;15750;-7927;-15120
2582
2583
-4530;13924;2615;17000;11962;2573
897;1693
-14084;15815;9591;-13918
1840;-10730;-5995
-10792
17937;11347;16501;18254
3875;6917
-17473;-14978;3810;-5939;3306
13152;13139;-15498
-13665;10513;-5956;4343;9961;5599
-6702
17280;-8662;17590;-4074;11003;6332
14777;-12171
14016;-16410;17292
-10803
112;-10393;-17212;8028;-16158;-7952
3776;-17457;11024;-15921;507;7263
5766;-12479
-5410;13218;9716;-1047;-12985;-6112
-949;116;-7157;11126;3581
15986;-1988;-16622
5664;3460;16874;-15035;11244;-3199
-14913
17840;-9238;4761;17151;-3312
3509;12822;-2666;-13003;10156
-7802;14526
16100;693;-16423;13178;1371
-10825
9842;8262;-15471
-10085;-8037;-14720;10207;7711
-14927
-6736
-2277;-2982;16091
-5291;12028
1619;14904;-3001;-14570;-6397;-7485
-14055;-4972
8852;-15594
-6630;3981
4117;-4063;-14992
7042;-16327;6631
-913;4776;1289;-11903
8730;-4572;-557;7245
6751
-11827;-13990;-2743;-6873
-12190;-2768
17240;18074;4221
6210;9092;5847;-7419;-5408;10735
-4140;15310;-4400
10336;6161;8099;1540;15963;-6652
-10465;15249;-13507;15499
-13457;11931;16622;-127
-2867;-17320;3610;-13931;-17231
15250;-2611;-9653;-13862
-161;14497;-12339;12981
-695;-14287
-14984
15734;-18345;-17579;-14797;-12767
12752;1064;3976;9481
-7650;7714;-10955
-6796
-7349;-7639
-6800
-4354;4450;-470;410;4974;14078
6917;-12486;12909;-10046
13719;-16425
17312;-2598;284
10904
4913;9345;-17667;-12585;-13917;14909
8261;-7497;4685;-2735
15004
13539;-13703;2886
3419;-14334
528;8849;11481;2346
5185;9827
9009;1636;1735;14920
-329;3053
15017
9890;6227;-15927;-7017
-17201;11474;7763;7525;-8375;1546
-14618;11884
-162;-7111;8841;-556;14012
18098;-11988;4825
4032;2993;6342;3676;-4445;-15343
-14130;625;8081;12264
2853;10343;-2255
3025;-1095;4024;-4031;7102;-15872
-6244;-18410;-9035;-3726;-10399
-8130;13652;14437;2566;-15671
12785;-10250;-8715;-3709;16078;8863
14752;3155;-13044;-9797;2168
11238;12007
-13442;-5318;8182;3711
-17172;8019;-18070;2198;16711;15180
4208;-5907;-1076
-12770;-9940;-15589;3092;5797;6152
6086;12712;-11916
-6884
6886
-2796
-17458;-18109
10996
-4258;1129;10030
-1158;-5659;-8300;-3917;-4256
-3191;-9113;-5977;7277
-11122;-13310;-2958
8882;-14293;-5401;3901
12003;11502;14702;-5215;10783
-13813;16634
-15682;-17754;1374;3054;-2495
-6928
528;-9176;12056;3835;-2685;-1726
-15121
-8931;5012;-3941;-8522;5356
2833
-15909;4879
-6934
15125
-11032
15128
3459;16233;3629
4947;6087
2000;2049;18180;-7098
13620;357;-7447;1530;-17355;-5837
-2845
11037
17232;10192
17671;13852
17540;-14686
15143
6691;6104;13324;-2784
12051;5333;7064;15273
-18225;-675;-4676;12526
-10902;524;-1502;830
-6955
11052
13589;-7702;-13517;-3424
5957;1001
5041;4499;17899
15151
-3766;2746;16173
-15843;-8340;-13416;1964
2868
-1316;9444;13285;-11462;13399
-16119;7719;13467;5995
15088;14835;-6572
-16065;-15482
-15634;6451;-16164;10403;-16101;11781
9473;-3209;16378;4636;-3918
8322;-17231;-6223;18015
-8966;11851
-3122;2596;-6153;17758
11083
17267;-2087
12578;-14806;-9864;5101
-1794;-8963;9128;16811
896;9428;10119;-10509;-12831
1906;1490;5779;-16170
6994
721;-2868;3731;1830;-6955;14636
9431;-2106;16875;-12958;12143
-14292;12455;11129;1806
13633;1564
-5523;17956;14788;16123;-7662
-4678;-7254;9014
8692;-14362;8588
14468;-17399
13248;-2689;8741;-16781;3725;13070
-7027
10403;-7868;12683
-14984;-17416;12984;-8362;8462
7028
13730;-6888;8264;-9499;17805
-6947;7045;1606;5325
9731;15572;6281;650;3468
80;9971;17627;16220
14713;-11772
1714;-727;-6156;12207
16581;-3079;-13721;11355
14019;17598
877;4607;-12528
14603;12924
15243
-9283;-4213;7402;-959
17537;-17555;-6312;-14185;8376;989
-10406;-745
7056
15250
3824;13059;10822;873;-9230
-7115;-12239
11161
-5050;2078
11164
-7070
15830;15819
-15729;2452;-14278
-11174
-11175
4130;3507;-5158;4601
7093;-18271
6304;13915;-7727;-1312
11060;4228
-6099;14195;7082;-3983
-1091;7541;17286;-16858;-14203;4318
11202
-1483;-5627
-5777;2133;-1960;5642;16638;-13663
-4692;4678;-1578;16894
17952;5248;-7541;-17703;-5067
13080;-6445;10572;-14190
-8642;6037;11929;14174
16836;-1340;-4588;7023;1471
1078;14890;13868;-2384;12431
-1572;611;15895;12362;-8716;9021
-11604;-10598;-9501
-12115;15146
-8337;-4775;-1275;17418
4292;-7325
-3034
4578;-8233;-12265;-15786
3037
-15330
-3043
-14515;-15123;11731;16103;-12541;17389
13605;-3206;-5404;-4126;2175
-5319;14441;-6076
9121;-6706;-5611;-8045
15960;-3612;2988
3286;-17688;-14555;-14843;3519;4463
1524;-16862
-7089;4325;8539;-12927
-4641;10290;13791
17649;-14588
9827;-2669
8930;6424
17367;-2875;-14270;2847
-16674;7250;-17300;-9116
9394;4247;9912
-14645;-7046;11977;-13738;6970;5212
15366
1298;17173;-17727;-12015
14016;8811;4942;-8304
15061;15958;11208;15069;-2303;1342
11284
9744;18225;-7043;-100;14019;5111
-7810;3335;12088;11869
7194
10912;5013;9814;13512;17101
7205
-15460;10138;-1886
-11306
3202;13059;11429
-15404
15410
17762;3590;10343;-8510;-7775
-7542;-18265;763;13916;-16574
13304;3496;7547;15643
11323
5157;-2024
-12824;-13787;5709;-10158;6190;-2848
6744;494
-3831;680
12416;-12019;6595;-17111;17366
-3766;6919
-15446
838;-9416;-616;-9770;8813;-17583
18017;-4594;-3107;-13486
12103;15642
-14693;-6619;9949
15459
11364
11794;14536;2826;-17790
5404;3372;-16047
-17157;2326;-16279;11755;-2686;-9807
-1825;-9550
14709;-17900
6512;6951;1466;15739;17579
12182;-9255;-18412
-4645;3575;-10319
-7294
10818;18261;2106;-5420;18268;4220
5873;12674;-12900;5742
-13873;-6503;-15593
9442;-718;10861
-15490
15491
7304
15498
1824;1164;4319
-4294;-8552;-6750
-7765;16582;2586
-2917;17398;7433;15437;15021
-17169;-7194;16314;18412;9245
2385;12490;-7549
-1455;-14064
-13057;-9634;12861;-12734;-13438
3234
9605;16776;10443;13901;-6528
-10036;-292;-3765;3239;-6829;10348
6456;17305;-16347;-10656
-11826;11827;11512;-8718;12734
11436
18357;4553;13103
-609;-10277;15398;2830
16096;-7057;6600;7277;3022;14175
-16179;8292;-2808;-703;-16431
-6291;-14117;-7422
11478;15643;13275;12013
-15551
-7746;11380;-12024;-10380;16427;-927
3272
3429;-6703
9457;-6550;9813;-16588;-12958;-2832
-4182;-3191
-13474;-9530;1257;-6107
-16563;5876;-7015;17019;3851;8301
-13843;5122;10596;-5126;-8224
-5122;5749;17914;7373;-8815;10766
-3474;-8008
-1237;12149;-16746;4955;-6509
-10038;-7178;-3949;-6703
-16305;6115;4691;17930;-5677;17023
10803;17070
-14577;-10261;-11229
-1266;-8098;-13429;-13276
-3302
1312;-10882;7750;3734;-13416
17216;6575
-11504
15936;-4279;-2248;-6096
-9514;12126;4798
-15281;10036;-13336;-1118
-5941;-9662
-14676;14199;-1592;5385
-9281;-10420
6259;-6872;-17628;17884;7772
7537;-10859
-14500;17822
-15825;-10378;11994;10879
-1095;8525
11395;13641;6971
-2754;-4744;4155
17283;-9845
13584;3314;-12135;-2026;5965;-5358
1525;-13067
1476;2199;9097;-1949;718
-14804;6707;-8646;-15532;1133;11407
-6548;-7734;10927
-11547
1247;6207
6626;-13380;2919;-13400;-10701
17557;7020;-8927
-15217;-5797;-7689;-1149;-6288
5649;-2440;-9624;17978
-3122;9844;-16645;-18028
11566
3586;8597;9996;9405;-11822
14161;-14045;15551
9458;-5076;-5434;-18251;15919
5153;12807;18191
-7345;-2400;-10032
17057;-9568
11812;7671;4396
1344;-11970;3255;-4781;557
-3929;-15865
4245;3261
1798;4634;-7165;8239
3411
7472;-16932;13129;9211;-9469
-12771;5402;-4526;271
11625
433;4962;14059;3790;15614;-6751
12243;-17911;7211;-8557;-12815
15089;5617;5848;1469
16996;11462;-3757;11516
9281;16705;12149;-9161;15436
9200;86;4060;-16798
3527;12219
12437;-5350;9190;-10142;11981;-14656
3462
-15752
-2027;13227;16189;13709;-11520;-13824
-3618;9845;10715;-10172;4893
11495;-9900;-12204;-1055
11665
11056;-10322;471;-10873;-16426;14427
-7572
10406;17647
3479
-15848;8271
17072;-6404;15740;-14733
-17172;5496
-16182;-4982;6908;-3118;-4352;-6336
-13569;-5622;-2092;-11517;4734
3492
3201;13682;-5199
7589
-9749;12916;-11270;-1095;4200;-14880
-2385;-4579;-4725
13664;12689;-12438;1782;18380;-5998
-2;-2535;-5064
-1891;-1610;-12300
-5013;8525
-4152;-4073;-6810;-8624;7855
-8115;-3594
2595;-5174;-2391;1513;-16445
10990;-12208;17023
-18001;8034;5367;-11448;7148;-11006
2003;-6534;214;-5901;-3037;-14845
8870;-12969;2619;-7164;1022
11568;17107;5765;14073;14892;13855
6752;8021;-15398;-5275;6779;6750
-2289;-4466;5045;-3339;795;7788
7635
-17809;-2124
2822;-2332;-8141
2595;-10250
13937;-5563;-16219;-14460;1612;8942
-12913;16933;-15238;16774;-12445;-4864
-16337;3585;-7194
-11444;8997;-7481;18075;-2380;-2205
17063;-6474;-15867;17034
15852
4275;-10263;-1800;11500;3951
-15857
1252;-17769;-410;11051;-14078
16145;-2012;13051;-7229
-10547;10042;-7163
5890;-9467
-10306;2210;-15963
1107;12115;17576;17838
-1027;8213;-14535;11212;10652;1357
-2020;17897
-14305;-8433;6017;12405;8985;3020
3596
-2150;-1451
14057;10074;17181;-847
-15894
-10689;14037;9034;12363;10541;9279
-10657;8631;-17967
7706
3610
-8452;14264;-17980;1564;-9392
-7873;11484
14066;-3589;17711
3664;-12946;-5251;13595;13163;-15840
-14485;-8885;7015;-12457;16281;-15662
-3618
-14338;-15287;-6761
-3382;15194
-15909
-2721;-17094;-1034;16490;7980
15909
231;1000;-11774;-17664
-6073;13800
15925
-14052;-11207;-7577;8717
7120;7538;11314;-18237
11347;3334;-8935;15864;2510
-3645
-1761;-4968;13914;556
-15122;-15095;1081;4491;-2142;-13727
11843
-6865;5136;1130;16540
-1073;14953;-2015;1518;10751
13315;-1406;-9807;-18016;4063
18353;-10181;16681;11577
5203;10748
-11856
3762;10804;-12409;8538;9358
4193;3178;396
3269;-1035;5534
-15313;-12274;8024;-495
6704;14976;3666;10851;-5910;-2038
-11713;4114;4051;-12415
-14530;4725;-16633;-521;-1294
11634;10021;11733;9640;-7561;-11310
-3539;7476;-4632;15192;13982;7967
-15698;-1180;13196
15833;8332
-11506;-1191;16383
-963;-10917;-16538;-5884;-447;-13999
5762;15458;-15957;-17151
12528;-8536;7895
-15985
7031;17403;-8446
18298;-8797;7020;-15311;-4912
-6113;4965;-17661;-13567
9445;-17248
-3707
-12689;-10230;-16604;11580;12045;3998
8177;9093;15354;6430;-10944;175
10550;14315;4140;-17102
-16371;13096;2730;5854;-13120
704;-16887;-15063;2951
3015;-11688;12940;15839
18370;5719;-15673;2877;4719
15699;-4599;13320;-5723;-9419;10831
18347;-5821;11694
12616;18201;17980
16031
7697;-1001;2712;-10221;8653
2657;15399;9914;7434;-11180
11939
-7846
14467;4726;13228
-1545;17119;-3632
10228;-14695;-8760;-11006
2016;3893;3480;14845
-6546;-15654;-10086;-17402;17514;-16637
12849;-14773;-13622;-16791;11130;-3036
-9575;13340
-8195;4429
-6770;17681;11075;-11909;-17944
881;-17320;12668
-12980;9156;13830;17607;10810;-18268
-4401;15673;-8174;-1327;-9648
5024;-1244
-13907;10122
7139;8390;4639
1074;17042;38;12023;-14458;-11934
832;-10419;-9150;-13728
3825;370;-437;-3946;8077
-7891
3456;-13585;-4562;-17653;9686;14761
13507;-2197;6953;-9166;-12350;15245
14086;14295
8883;-10009;-6379;11310
1329;-11029;1238;9032;-4251;11583
-866;8051;7798;9309
3698;2996;12152;2604;5261;5774
2673;-6489
2466;15788;1949
15921;16337;2930;-10883
5312;-1156;-13369;1291
7925
-12299;-3820
7926
13412;18150;-7248
-10482;15558;-1241
13232;-16003;967;10313;-5262;4685
-230;-7703
16128
-6773;1895;12814
13297;6244;17029;17352;-17086;12063
16227;16291
-1396;11113;-14603;2015;-976
-305;-16996;13453
12652;11679
-16163;-14439;10366
-15458;10034;-17273;10652
-10931;-17499
-15425;-10575;1663
-16148
16288;10920;11369;602;17530;399
-11874;-6979;12564;6344;-12111
16155
17572;6778
835;7134
-2200;17672;8313;12109;15374;5854
14757;-10880
-9297;-6890;-16365
-7108;-16726;11718;4152;-14845;-17936
-3160;-698;-10508;-2078;-10368;-18032
-7685;-5290;-7294
-11233;-1993;18217;-12846;-16511
7983
-4594;17146;-3275;-17264
13264;-2882;17251;-14172;-4429;3053
13814;-11836;4573;13726
3424;-15015;3599
-9875;15125;9462;-7287;566
7994
16188
1441;-9154;1221;17020;9759
14787;-16086;10533;-1496;18056;2686
-16194
1411;13635;-12071;9321;7996
-52;-11813;-2905;-5529
8010
-12107
-5079;-2935
12112
2626;11416;5128;16683;-7356
-8020
11088;2643;6582
-7027;-4389;15541;-13335;-11104
10048;4257;-2214;-12744;12777
-3937
1122;-15176;-10364
-4474;781;15822
6451;-2824;-12680;-13626;-9932
87;-12221
-3947
3947
-14325;-6008
11264;-3334;-14829;-1151
7427;-7434;-12140
8166;1798;9607;-5403;5482;-11597
9696;13080;17311;-7456
8373;15865;8394
8056
9283;14313;12635;-3597
-13634;1474;-16379
11888;4264;-7865;3868
-913;13873;-8989
-7540;-11606;-14998;10774;-1085
-7395;-10963;-5525;-11502;-4238;-17600
16768;-9426;4008;-8634;13246;8494
17744;-3973;10037;11973;6870;-14096
8288;-11827;12486;-14071;1831;-12976
1248;6900;8121
-658;-981;8872;8062;5071
-15366;-910
-13841;17830
-14321;-10150
8800;3520;17126;-8283;11501
15457;4922
769;-9650;12434;-7551
-66;10999;5374;12271
-13554;14869;6520;10954;5693
12312;-16316
-8707;16807
4134;-8139
-12325;8251;16270
11680;14568;40;-5897
-8453;2757;-16310;-7195;10330;14858
-8110
8111
-3427;15667;-1083;13372;-12320
-4082;-9893;13397;13703;13359;-10176
-16981;-8022;-15886
-12946;-14648;6248;-16010;-5118;9774
-546;882;-16654
-11324;-9102
-8273;2628;-6591
-8146
3873;-8982;15510;-15214;8862
-5986;13782;-15949
-17386;-6109;3437;11902
8434;8713;-4895
-5364;-10986
10275;14267
3712;-8481;17025
6538;-14699
12596;3556;12118;-14711;10985
8257;-2418;-18103
15979;12670
-15987;-17478;-11062;17274;5885;5005
8768;7397;6731;18046
16371
