18034;2447
6544;-6390;-17287;3159;-4701;-1808
-2325;10522
-4103
-18115;7559;-2380;-7552
-7074;3398;-11433;-14618;-15338
13201;-420;-1573;2173;-16383;-17488
13120;15564
-16399
-17671;1559;-6971;3467;-9072
5616;6689
-6258;-994;-17385;15819;14191;-9488
6160;-12453;1609;-11242;-4573
3852;-16160
8435;-1157;7270;-14569
-9173;807;-8042
-14277;18397
13009;12994;9174;-13023;6543
-1347;-9731;1219;16310;1767
259;7830;18119;14013;7870;-11200
1536;-13852
16017;-2212;10282;-15868
-1825;7316;-6088;-5146;-6574
-12319
10832;-10724;5030;3594;-510
4127
14017;4354;-15192;-3146
16737;3777
-2803;2766
10963;-15100
-6609;-10755;3842;5861;7704
-45
-15444;-4600;3612
-11701;-9749;-11368
-4673;-11762
-2068;-5528;-4747
9282;-13940;-10180;-18090;-12188
16849;-16911
10641;-4474;-4795;-15435;-973;6780
3073;16389;745;-10366;10702
-8259
4163
6469;5574;16090;-15774
-14885;14958
14489;-17995;11771
8266
15241;-3371;16877
-5809;13920;12236;-16176
-6937;2764
4418;-2383;-10304
8835;-293;-8905;3915;7821;991
17492;-9080;-9176;6330;-1392
2933;13531
14937;-5180;-16191;-14128
16048;-260;17139;7898;4314
10210;6261
12592;14802;7795;14052
-15957;-2389;-5749;-6650;-13147;-9451
10705;16658;1404
-14693;-18173
4755;1895;1640
-10642;17683;14726;-9194;11529;16957
-11796;-8792
-3425;9974;4363;-11516;494
-13170;2754;13892;-18423;-5644
7607;12985
16817;2997;-15590;-14855;15530;15693
4214
3488;-12994;17250;-11960
15875;4996;-14758;-6236
-6610;2391
-17750;3480;-10432
17749;-8361;-15067;-17726;109;-9600
1841;14670
17345;9617;4805;-15818;2668;6093
15781;11879;-17101;1871
10597;-4919;-2378;-13931;-2717;-3182
-10529;12448;-6161
7778;7865;2698;-1808
-4247
-3665;14111;6095
-5217;-12053;17030;-10090;5691;382
963;5669;1725
18371;598;-12952;-1756
17093;1318;14524
15870;687
4080;7696;-9731;10723;-4399
-8371
-16564
9940;-11638;1515
17142;-7752;11547;-5709;9532
11841;-2297;-15758;701;-15152
-13073;-1543;-18346
-57;-6635;-1696
3730;-8262;-2311;-2541;-11296
11639;16584;-4186;-16587;-7248
2967;10024;-7487;-13903
-11524;15831
7925;-15416;3181
14176;5344;1174
-15707;-3262;-14015
5346;13941;485;-9690;-5771
1105;646;6793;-4269;-8591
-2550;-9640;18103;-11225;9627
-2322;-15933;-15998;-6927
4317
-222
-2485;5211;1598
8052;-7823
-234
7248;8163;11861;17718;15560;-7068
-10037;-1287;9031;8393;15741;7071
-11636;13334;-135;7446;11612;-16285
-7619;-9008
3706;4732
64;8374
-13505;-18185;2056;17098
-13505;664;17449;-12861;-12479
-8445
17056;5542;11658;2860
-10102;9321;-3568
-15575;15497;3215;-11584
8452
8674;-11065;6748
-15093;-18022;-1960;14330
996;-9094;3563;15260;-15088
-8218;6507;-10846
-14870;10744;-6734;2399
4370
-7062;15530
146;13259;15547
5601;-14075
10541;2031
-2882;-14540;11389;16670;18319
16669
-3730;16179;11443;17685;-17528;4909
3921;-18373;4293;-2424
995;10245;-10941
8144;-11636;-6285;-7455;-3552
-1331;9459;7192;-10010;-268;3453
16688
8104;4489
-10418;-10368
8753;2291;-9670;-18064
-4917;13415
-10866;14977;-3161;4904;-10268
-16703
5442;8883;-5959;4646;17417;-17823
-163;-2967;-18202;-5244;7035;-17645
9425;-15443;14531
-18306;4773;15995;9628;7645;-7120
-2321;-10404;16536;2362;-11163;4651
2467;15638;16571;14815
834;-2213;9911
9025;10530;-9319;10585
12630
2467;-4681;14846
-12634
-6022;-6518;3511;-3626;-17051;4782
2384;-11355;431
-3491;7459;-8950;-5129;6428;-17152
-4454
-4962;17608
-141;1117;-1342
-4462
4340;17686;8746;14650
-12655
-8563
-16885;-16255
-14593;11985;-15346;5963;1502;10863
-12549;-8581;4812;-5790;17631
11872;-3298
8577
-4724;6665;6637
3378;11686;3960;14553;16795;11455
-16386;-855;-3627
4433;14002;8120;-8090;-12763;-6091
4320;3480;-13805;1517
11024;-9027;-11894;1528;-12506
9123;-16581;17773;10559
9522;11780;-12712
13345;17758;-15551;-15168;8207
65;-3253;-1610;9034;-8735
10899;-10185;11961;-12272
-9170;8042;14814;15390
-9989;-14905;-6076;-15470;-11087;3871
16793
-10161;-1572;16239
-12885;16472;13209
-5938;16852;1787
18434;9814;1606;-13056
414
-12001;-6629;5925
17728;-17606;4393
-7153;6210;10131;9747;2940;-17359
-12241;11819
16806
9127;15002;-11419
1936;12662;-2599;6935;-2639;-7680
-8618
-14291;5671
-15330;17075;10975
14112;356;17630;-2992
7274;-8891;12300;18430
16807;6663;2669;7630;-4655
-11560;3785;8220
183;-3226;-7034;233;-2892
13136;15033;2234;6909
-17379;-5064;2297;17210;-13901
10864;8567;-15758;17757;-12784
-15220;-9812
16161;1586;-11717;-10551;-4128
-5603;-2310;5176;-7628;5807
4307;-12964
16850
16289;13842;16946;-8420;-16197;2585
14039;3049;-90;-10474;17755;8958
14706;-4259;-17412;17263;6559
4802;-9866;4586
12870;-16602;2523;-17709;-13293;-1039
-3393;9168;12247;249;-9595
-42;-15594;-5338
-12516;4824;6251;-14671;-4864
1850;-14636
8438;-6713;17689;5918;-8448
-804;8918;-5130;-15774
-3718;-17676;8604
-3362;14506;1645
-3224;-13662
8256;-8775;-12381;12397
11206;-5131;11899;-5181
-5812;-2887
13760;-12994;16293;3928
-6577;-6882;12915;15767;-5641;7309
-16893
-8754;8100;17547
13972;-3819;14986;-14812;6572
-14119;-15072
3828;-11577;15739;-12701;9325
10329;7019;-17870
16910
4917;16092
16918;-73;1337;-9691;8427
534
16577;-1172;7942;-6664;1367;-9323
7286;7990;18027
6705;13912;-7790
-16925
4637
7286;4682;4959
-11535;6895
1778;-5187;12146
8242;17603;-8911
7106;9434;16843;-8255
-3377;16192;14340;2072
1104;17776;-11269;-12824;9868
15056;13440;-5218;10052
1652;16580;-17670
-14772;-1688;7705
-12007;15175;13981;7999
-16137;6858;8703
-12868
13623;-6585;12748;2302;-9216
-16970
4682
13606;15655
-4613;-7559;-13368;-16014
5892;-11334;14632;7788
-6970;6367
-607
-8213;3509
8325;-473;2073;15258
6753;1829;-14076;-7404
16993
803;16191
12178;-4903;-9513;-4379;-14478
7058;9942
-13479;16360;-12858;2826;-18285;-7951
6641;3780;2789;7608;4380
-16651;6796;16924;-7693
17007
-12914
-629
16170;4940
-8824
-10866;2261;-3655;16987
-17841;-13331;37;13929;8381
-16146;-4517;10102;-6199;7934
-11601;14864;-15604;12975
638
1045;-8823;-12679;-663
-16994;17640
-8841
17426;-12936;1178;-6318
8843
4913;-14244;-633;-14732;10796;-15424
17040
-4755
12949
4547;13574;-7176;12537;18141
-8326;9833;-6270
-10923;6157
-11667;3604;-4681;8379;17804;-14110
-14359;15416;-7594;12811;2492;-17630
-14546;-3238;8917
-838;4681;-3962;10794;-5904
4833;14353;-2531;-2117;4357;10455
8979;14597;-5368;12793;9676;-7230
4580;5478;-9208;14393;7162;-5339
9889;8884;-17527;3352;12777;-4400
-12980
-8913;-1096;3511;1707
10001;2073;-11374
1778;-18038;-832
-6353;-5862;2806;-12536;8943
-17781;11524;7303;10170;5883
-12611;-15399;-5480
3301;1517
14789;-14063
9059;-422;-18092;-11757
-2177;7006
13139;2900;-3018
-13023
2034;4340;6650
-7902;16831
13027
13029
-8935
-8069;-15816;3913;6940
-1154;-952;3866;10923;764;-8608
10464;16087;506;-17372;-8941
-16803;2917;-2282;11326
3635;9768;-2059;-3244;9804;-13056
16737;291;7427;15059;2839;3455
-14338;-14584;-8696
-4486;-17655;13334;-12430
13010;-10504;-7436;4171
-3254;8111
-12006;-9400;11930;8714
11152;14977;-9682;18116;10778;4573
1408;-12195;-5829;18172;-4271;-10336
6352;579;11013;-13446;361
-17364;-2517;-1080;3015;13081
-6514;16366;-10624
13873;7378
16304;-10663;-1127;2937;17899
-15428;7595;-13423
17684;16408;8680;-9228
10133;7688;12828;-11085;5789
453;12410;1212;-1006
-4209;-11394;-13924;-1014;-23;-2989
4938;-5726
-7905;3017
-13715;5340;13263
-13858;14679;6697;5563
-15797;-6744;-6928
-5992;-17289;-7419;15499;10303
8743;-17740
4901
8451;-5254;14329;-16716;12219;-17933
13283;-5191;16328;89;-9435;-15884
-516;9335;-3913
8740;1082;11917;-448
3938;12772;-15899
-8545;15144;15385;-10091;5309
-11731;-15397;-16199;-17913;-17404
14069;2246;888
4369;546
17204
9013
1156;16054
18160;16226;-9429;4543
-12641;6705;-13348;3577;16542
4659;18291;-7877;-12005;-17547;9547
-16856;11918
18376;-12298;-15118
-17235
4950
2273;-5172;-2053
-305;3713;-3475;-13078
-15543;2397
17585;-12790;9958;2489
-9330;7137;-7146;1308;16222;863
-2369;10112;2544;-13841;8721;-10127
9696;10168;5576
18033;-467;11876;15117;-2734
984;3978
5846;-18009;-992
9059
4967
6466;13366;-6104;-3354;-1310
-15265;2103
11779;-11225;10136;10667
1846;16043;3468
14262;-1545;-9979;-13612;1500;4398
-14052;11301;16311;6360;13727
2930;-6486;7000;-5210;-15499
9987;17781;1786
17268
8977;-8934;1033;-18350
-10721;-9681;-4643;-13317;16990
5431;10171;10637;-14158;6943;6447
-13926;15829;8455;-11256
-2051;-2944
-900
18320;-10084;4933;-9878;13993
14426;11051
13192
1171;-11284;6470;1800;10362;-7614
5003
-9202;7159;13353;-16315
2152;-7675;-365;-11406
-9521;273;-9556;-8117;13723
-15009;11845;12267
1925;-11033
16545;9749;-9704;10138;6955
13204
-12804;11319;-8139;11469;-4574;-10479
-17377;-9396;-2615;-17576;-9898;-1407
-6633;5707
49;10450;-17191;11863;16236
7136;-548;-1871;-17936
4323;-17542
-2248;-14249;11467
-10961;10026
-13228
-481;-753;416;1523;8426
-12532;8167;16780;-11472
-14872;-15896;-12505;17753
17152;-5025;-14165;15274
14401;1027;-2191
-14662;8428;11279
3585;-4819;-16233;-7786;3823
-6964;-16871;8137;9881;-12955;9629
3298;-13781;18309;9785;16108
-3491;14451;-15592;-10683;10266
11257;7321;16361;2734;-16239
11200;-6167;-10268;10285
-956
-10769;1753;-10044;-15854;-8783;9966
-17781;5992;-13114;-12928
3060;-12221
972
18434;8643;-3397;14157
11104;1545;-123;735
15188;2668;15886
13262
-1186;-13956;5931;4140
1057;16303
8320;-10661;-8231;5498
977
13266
3491;-614;10390
2480;-12890;-11054
14496;-11467;-8843;732
10544;16481;-9652
2402;12437;-16774;-15466;7450;-15615
12149;-3927;-7511;7638;-7359
17008;17027;-517;-17607;6648;-13375
880;-10757;5869;9103
-9194
11746;-10659;-1372;17678
-2465;1297;16964;13493;8486;-8093
13527;-7914;12297;16285;-8608
9780;-17654;6861
-13282;15188;1481;18107
8160;900;-14270;-2303;-1695
10791;-8730;3051
18083;2740;-2343;9020;-14191
-6401;13604;13689;10009;3177;-12576
17406
9600;14594;13695
6822;-5792
18344;-14937;-18122;-3293;590
-5468;-16047
-355;15495;-5913
-6181;-8374;-15162
1525;7159;552
-6357;-16615;-6093;-8847
3072;-11618;8941;17037
-2610;-5155;-485;14556;-12767;-2784
11571;15683;10662
-4162;-13278
8968;-10031
-12915;2052;-727;-4744;-16521;11311
13426;4024
-9474;-995;-3322;-3148;-13391;8783
-6307;-602;-13372;15116
-16465;-12296;2137;-7216
-8054;-760;9886
-9202;18073;8588
16693;17150
9268
-4177;16757;5849;11707;14652;-2751
18347;3212
-9461;616;-9739;13406
8194;14618;14491;13293;5214;10815
-10852;-5317;-10122;14553;-14253;8510
-7442;-11716;-14261;15935
-5313;17188;-279;-7931;-6109;7644
12148;-11769;4827
11029;-12142
-930;5330;11270;-10459
1117
-5215
-11857;-325;10310;-11466;8811;-12976
-5364;-12986;-16746;-14316;-9052
-13105;-8495
-423;-8412;3614
12264;2056;-2682;7402;4827;1835
7819;9693
13489;6202;1918
-9323
-18084;13727;9583
-16738;-876;2236;16509
-5231
15328;-5731;5235;15993;4713;10653
-16274;10696;17385;-2477
14244;16804;-17622
12070;-13215
-6435;-16467;-11910;4990
15345;18292;-12711;18391;-5400
14645;972;-6751;-8096;-14208
1150
-8113;-6756;-1846;-18295;1544;11833
-17911;3898;11245;1615
-17571;-8163
5478;-10733
-1716;-3543
-7576;3323;-13295
4544;13007
-11730;-10770;-3570;12483;-18328;-6120
-13800;10247;11228;9885
4245;645;-7128;-5530;603;-6302
-3884;-4926;6862;-15615
-13604;-7687;-6634;-1210;-13005
-18115;10214;-4620;3148
9345;15282;9669;-5418;-16604;1196
5878;-15161;-8285
13472
-9379
9381
-7345;-2849;-6281;-13418;12315
-14513;2503;-8104;9161;5662
-5569;3300;3465
9391
-2051;-13908;9225;5193;-16043
1200
5299
723;-17976;-12624
11792;-1962;11854
-16201;-17772
-5601;3186;-10134;13849;-94
-14811;-10780;7998
16818;11156;-8394;-10427;12539
-2210;-3444;11875;12549;-9366
-17636;16422
-17600
-3318;4805;-14711;-4379
17920;5877;11262;-17455
-2369;18288;-9397;2891
10594;-16747;7375
5680;5426;-5785
9744;3772
7334;-5545;-3020
17072;12832
-8181;-13534
9569;7636;3860;-14568;-8507;11438
13525
9429
-10584;15918
15666;-16153;1257;-2014
2576;-11480;-11226;-17979
13321;7627;8971
16707;-13703;582;2152;-395
6833;4349;-2910;-17712
2435;14212;5081
3858;5582
-17637
9846;11886
2016;7429
2437;-11673;4393;-8702
-3073;14564;-10235
9448
16818;4953;6827;-9981;-17358
-7108;-14632
9453
-16006;6537
-8087;6231;-11178;12301;-17774;17229
-11572;4872;-16748;4492;7165;6414
-13573
-11828;1839;-7680
12336;10090;17722;-1999
10757;-8218;4923;-14911;8735
-9717;5017;-9978;-6957;8060
-17672
-16801;-6868;-3060;-5417;9914;4557
15345;11629;7087
16145;-10771;-2936;1753;1198
12898;-17109;-8030;-5439
-16850;2595;10057;-9389
-3315;8008;13960;8665;-331;7083
-6305;1761;-10963;8485;16330;-3904
-423;13815;-8008;-14892
-17795;18009;14490;-5195
4833;17221;17990;4343;2314;11962
-3221;1901
-13609
13612
-11185;1666
-7826;3237;-18103;15576;12543
2931;-15657;14061
-1345
12994;-7318;16151
-17739
17740
-9550
3066;-12621
-17753
8306;-755;3219;-15914;7213;-11632
9072;-8644;-5639;8922;-17374
16960;-18353
-2401;9153;8744;-249;-9755
17718;16446
-12579;11181
11156;-2346;9691;-10222;1311
-7749;-6376;-11851
11969;-13373
-212;4664;11305;-524;10109;639
-197;-3893;-7047;-6654
-9045;-3511;18059
-439;-8122;-1039
-2303;11903
9666;-7108;17315;5353;13052
5940;-7360
-16405;2169;8719
-16146;-14502;-11705;-9295;9263
16675;-15492;16628
-17814;-8191
12832;10608;15601;2355;-8088;4984
-14481;-3571;1413;-5529;2074;-5916
-3429;-7817;-5818;7437
14853;10742;-13096;18311;-16521;-15725
2868;16036;-11865;-16668
-3011;9810;14230;6044;-5149
1477;-11932;4911
17833
-5548
-9732;-15334;5813;-15020;-12236
-4913;18276;-7815
-417;-9752;13096;-1470
17856;-1317;-1031;813;-2575
3392;13184;-11939;6039;1000;-6121
10876;2879
17854
-17857
6754;14788;15590;-11082
-8757;4004;-6791;17116
12465;14244;12792;-18202;-4367;-15456
5904;-15580
-2840;-6858;-8171
-12757;-17400
9504;16556
448;-17123;-11876;11431;-4846
-727;-15015;9638;16392;-8640;-3136
-13777
-2017;-2370;-16918;15718
-15443;5075;4779
6576;-5012;-11814;-4011;12316;-11837
-17922;-3330;-9878;-16518;-11001;-4285
17208;17100;-9997;18143
-8664;-2382;15663;14191;7263
-9695
-15185;-2158;-8736
-16833;-5253;-2872;11166
-11427;-2365
9457;6563;14856;888;14799
6945;3524;-15691;14923
15867;8031;-1904
-13811;14389;17110;13768;-2809;-10749
8241;8641;16931;2390;6271
-14004;12489
9709
1278;8431
3833;-17642
-84;13892
15797;5420;-11504
-515;-13368;72
-1785;11501
-12507;-10845;-10944
-4722;-11283;-6982;8197;10585;-17805
-5628
-12953;17834;-8828;2415
-12516;-13275;11967
-11208;3515;6046;11375
-13315;3403;15244;4398
12385;-13925
-4417;577;-12517;-3871;14591
-10739;-3093
17930
12914;9114
-16561;15889;12579;1715;-11447;-16013
12960;10865;-10739;-4536;-7273;-15118
16324;8215;-2476;-8621;-11886
-18330;-7803
4848;11635;867;16983
-8834;-16274;3062
-7442;1716;3093;1637;-16955
-11379;2899;-2185;3546;1453
14576;11810;548;-4568;-1051;-7456
10833;-15029;-10135;-3627
-15268;12811;-3215
16672;4749;17023
13601;-18355;-5024
7537;-15591;13742
12096;-15737;5097;-3056
-9366;15063
-7553;15860;8341;5433
11810;-7802;2282;-591
10033;10467;12819;-15327
13897
8421;6967;-17416;2824;12379;-3373
-13901
-3971;-4;-17733;6509;-10991
-10706;-4499;-4132;-5349;2970;-384
9664;8342;13895;-5722;-4079
-38;11365;16172;4924;17437;-7278
1941;72;3710
4769;-9955;7815;5851;-18300
-9108;6172;-6896
5681;4151
1643
561;-6802;-3255;-6696;-5933
5522;7914;-11791
5600;-3747;-7958;1608;-9438
2004;10309;11784;10574;-8752;-7888
-3;-15110;1176
11617;-17206;-6822;2569
-3067;8812
155;9692
10880;8640;9461;-14983;-12343
-3381;16569;-142;-5552;-13248
-14961;2928;-7426;-762;15466;10509
1168;-9972;-10971;-2367
-12758;-1191;5175;-7177;17613
-9859
1873;8038;-15675
7841;2353;5707;14445
-11748;15573;15078;12617;7022
-10387;-6487;906;-11084;14846;17982
6261;917;8378;-1583
-1694
14131;1420;-5664
9890
4324;9801;-12427
2966;-15129;6365
3248;-15490;16321;13317;-9530;18412
14865;2225;7654;-6142;3583
-7681;-15377;-5636;13619;9271
85;5723
-6018;-14037;14245
-14003
-11635;-15782;-15258
-1720
12867;-15143;-6759;-9070
14009
-16343;1670;15641;1018;-15997
-8545;-17656;-5337;-12122;8251;-3182
-12244;6948;11017;-474;8767
4424;-6154
13767;-15501
449;-10376
11234;-12971
-6900;-16760;-9884;-6557;9692
3046;-1978;4765
-7121;-9397;-4776;16698;4318;6111
-14027
-18321;339;-8336
14035
-14038
-10418;4178;16483;-9419;-3326;12445
-7142;-17559;-4456;9258;-14622
-14902;13143
-15110;-11229
5859
-11994;-2064
1769
-5867
7492;15894;-8268;-5821;4765
-8129;10642;-13973;-14892
8331;-10109
-9974
4706;436;-15289;11001;-2636
-3397;-13479;-7100;-10574
-7554;13432
14074
-4353;-2385;11170;-7274;2763;1868
14077
-6369;7483;-7006
-5893
12536;-9578;8298;-13053
-10561;35;-16844;-2237;-13150
7717;-16570;7053
6241;-2964;15465;-8957;207
5655;-15648
1808;3408;-3414
17236;9223;-5546;2203;11454
-1808
1810
1811
10003
3252;-15997;-17741
-17121;11401;15915;-11404;15311
-15811;2037;-4427
5651;-16964;-6221;17805;11646;10382
-15957;-7973;10695;119;3103
-18210
-12418;-13984
18209
9377;260;4519;17643;10764;16607
-441;-1390
2097;-2953;-17360
2217;-74;1483;10493
5939;-8268;6187;1085;16477;17278
2784;14738;-7125;1461;-13694
8786;-15177;-9210;-11596;-4397;17470
-10031
698;-14828
-1957;17557;10120;3225;-6623
17315;1030;-2439;-1776
14132
-3300;820;4328
-1732;12648;3226
-18245
-12354;7779;-2406;-12765;1500
1864
3893;-14023;4169
-6754;7861;17147
8498;-6884;8212;-13864;10007
18259;15848;-1194;-2686;-11967
-6069;-3190;-13096;16380
12176;-6714;-3296;-288
14170
-84;-1799
6677;-1287;-2775;2522;4940
-10079
6512;4246;3417
14183
2181;10358;7671;14409;12333
-12673;-10932;8933;7895;11322;-10541
-16978;11346;-1924;-18260;14860;862
5184;-10541;3452
15268;-70;-9815;-15482
-994;-7570;14548;12934;4879;14975
6008
-10105
-3545;16936;16125;13358
-16466;15390;7086
-6014
-4532;-5013;16874;2783
-5898;13373;-1455
-11297;14291;-3207;-600;10888;41
18309
369;979;-15562
18311
-18145;-306;-660;17956;-776
6324;-12062;3807
-5959;-5947;-14475;-16511
-2865;-17586;-18350
12486;8614;-2779
-5750;839;2954;12682;-12685;-8173
-15107;10117;-9244
-17405;15454
-9909;-13752;18043;-12718
-4885;15690;15723
9921;13635;-10421;-11515;12620
3734;2316
-12306;1508;-2902;-220;11963
4328;-14477
-1958
-10150
5328;-3748;10524;10638;-4400
-12868;15781;7702;-10430;-2144
-2724;2119;-17741
7973;6280
-7650;-1955;12468;7295
1967
8234;-14301
-11797;5725
1137;-10051;-5351
-14899;10710;-5483;3599
-14305;-16193;10449;-1428;9;-17374
12833;-3363;-12089;-14319;10862
1686;18326;10472;4907;4573;-17503
-16211;-56;5804;-7903
7258;-1179
67;6983;9512;18315;-16510
-17489;11406
-13207;-1069
4917;-15097
-13206;11389;7903
-5478;-9958;12266;-10781;-9262;17118
6192;10709;-1799;-18219;17404
-18387
-16002;-16996;12278;-17431;-3049;2331
5786;8507
-18391
-10498;-11923;-662;3883;636;4268
-13250;12646;-6074;-2656;11343
-577;-12679;-2810;-8668;-18236
18396
15473;-13461
-6113
2200;8009
4739;-4953;1547;-2861;11933;-4288
11136;-16281;9433;16922;13581
-8674;4642;-14378
-15733;7785;16236;-10877;557
-10236
-17569;-863
-9347;818;-14150;-4329;-1167;5647
3345;-10021;5781;7718;6169;-10944
14338
-2051
-2065;7426;-8827;-300;-10620;12333
10247
2833;15609
-17905;10229;16952;9625;14986;5036
15443;5563;-4638;10270
-13649;12929;-6453;-5495;14759;16360
9684;-9868;14540
14310;4143
5590;15753;5305
11013;10406;2249;-5212
3939;2230
-14084;-1301;11860;14565;7418
-859;-11774;10557
15384;-5116
-16034;-10483;-10358;11222;7191
-883;-18084;-7687
10270
-10274
10276
-13555;7863;14377;11609;-6109;-16272
6695;15336;-2716;16875;4412;14734
-10867;583
-6057;-16522
18354;-3351;16761;-5933;4941
7497;-1294
12608;-11169;-7643
8118;-13944;-7849;5962;-2606;-16368
-10514;13858;-14187;-5372;-5389;-9183
11925;6919;16042
6785;6629;17606;11436;4719
10176;3793;12425;8495
-10997;8217;4906
6222
-10785;-15704;4552;7917;-4496
1155;-2007;-2632;-5067;-14063
8576;-14114;12258;-16707;1496;-10028
-14340;15479;-17675;-15148;15613;5743
10033;-15688;13049;17262;11278;15358
6832;8555;-18301;-1135;6190
3177;9913;-6848
17906;8691;8005;8152;12842;12093
2154
16053;-14199;8120;-9626;-1914;16011
6264
6019;-1414;13079;-11418
-7171;-14408;-6216;-17849;16089;-13579
-2337;12881;7314;-14025;-14201
-4390;17158;-6496
-11471;13647
-10563;12741
-12594;-15779;-16245;17125;-11560
14478
13392;454;5447;13529;3754;2479
-18339;16309;12414
6004;-12550;-247;6861;14413
4945;11697;-4674;-18306;-8149
10395
640;-424;12456;15850;-1740
-4305;-6094
-3887;-14704
9221;13467
8848;-12946;-16357;-9272;5337;5791
18256;5766;-5422
-18081;8659;16855;9930;17627
-14805;1093;-16423;15255;9852;-13581
-17970;3454
-10420
12194;-9964
-13267;-5060;-6942;14846
-2417;15034;1902
-11234;17411;-8315;-11629;11535
6503;16201;-3595;-2027;9726
-12234;-11691;14330;-832
11507;-9510;-8877;13215
-1861;3813;17918;-17631
-10850;14120;7161
13364;-11975;-7464;16507
9340;-12462;-7311
-13911;-17007
10293;7493;5670;-13019
-3361;-15271
8649;14809;18203;8476;-11022
-4801;16545;-11414;-16440;16015;10543
-5937;14852;8903;17127;-4747;17115
-13474;-8132;-5317;-8358;16165;-7722
13552;3971;12360;17100;-10528;2671
11014;-295;-10071;-6217;15257;-11951
10456
-8067;-10504;40;3976
13258;-2795;6619;-2526
8290;7621;1657;17469
8288;12513;9707;-5708;12828;-6686
-3458;-11311;-16175
-15634;-8363;11709;-14560
-4500;7992;-10412;-3757;-3983;-12191
1111;-3389
6288;-9430;-8263;-12156;-6141;15135
12337;3153;1938;5495;1485;14734
5777;15562;10827;-5405;-4000
-3235;-3653;3700;-1863;9688;14030
-8826;156;-10000
-6386
11745;-6883;8215;17337;-7643
6387
-3524;14726;16311;-4571;10186;-6254
-12450;10148
10096;-3167;-17424
12177;-14231;5734;-10382;303
4197;-16601;-11453;-15310
976;-15606;-12006;7945
8437;-1099;3163
-2318
-10321;10293;-15446;-5579;2347
-6737;14576;13313;16482;-8052;9604
15058;-7507;-13446;12316
8848;-18355;7156;9596;12652;-17566
-7195;17402;16219;-17102;-8159;5263
-15843;9862;-6808;-8313;-11168;17647
-5301;13270;-2764;5324
-1509;-1384;2600;-6143
18226;695;-7816;-13242;4476
10531
10535
18005;22;-13241;-2443
10536
15172;-17520
17697;10405;16105;-1370;7164;13790
-14498;7699;-8805;4453;13502
4708;-14966;15325;3887;-800;14687
-12386;-17796;-12823;-906;588
2498;-4746;6042;10862
6465
10073;4076;-7679
-14406;12430;16639
3349;-18071;-8136
1538;-7188;-10308;-4212;-7397;12900
1795;-791;-3434;14554;-1551
2382
-15488;-15296;-16656
16901;6374;-412
5621;4389;-16702;-13711;9823
2390
4212;6373
3925;-6320
755;-7248
-18070;-4808
-14689
-2139;4542
-258;12266;2686
-1955;-455
2065;-12668
-5697;8107
-12306;2835;-10105;9499;-16912
2577;3828;10068;-2806;13339;16366
-14703
-14130;-7621;10757;-3062;-12939
7671;11132
-6577;17106;1317;4422;5830;-3287
-8099;-15083;12559
-8545;-14370
14723
-14724
14725
12083;15605;10230;17773
5585;-12126
-14733
17680;4065;1181
5848;-18348;-6336
14739
-6753;15060;-1575;11260;10876;-5936
4339;-1014;15558;-4139
-6554
-6556
-17698;-14587;-2944
4242;-308;7893;15211
-5797;-13053
14757
-5026;-5285;12780
8497;2165
11345;9010;12279;7418;-717
-11298;-258;14030
-2273;8850;-9030;4729;5979;2412
-4340;-2566;17573
14763
-13306;6730
-7043;2116;2446
-2482
-11650;-15685;10936;13916
-4529;-14258;15467;4044;14047
-6357;-16347;16123
-6850;-7925
-10065;-12658;16521;-16767
14777
3328;-1461;14968;14332
4148;15492;7432
7494;15486
8978;7380;5476;-4454;-9963;-9918
5285;-6952;12361
-16055;-11024
-3171;-10215;-18409;3449;7790;-10624
-5898;7321;-8030
3898;2714
85;2662;11037;1022
14807
-20;-14791
-9118;-17983
6621
10718
-17519;2703
16595;-17189;9048;14521;6521;9897
10724
-6629
17328;580;6439;15052
6632
-14226;17989;14997;-14599;-12922;6221
14833
-17105;-262;-13855
-3729;13776;5494;-4573;-17615
-15748;-3194
-15826;17826;-8068;5093;-17967
17418;-16539;-15726
-3763;-9460;-16391;7272;-10009;5212
3185;-11509;2056;-12731;7628;-7582
14633;-12782;14927;6271
12305;17721;-11596;-14381;15021;12174
6670
-5894;-15513;14735
7072;15986
1427;-7045;8808;17391;6575
-3186;2148;-5639
7041;8069;7083;-11421
-6678
-10933;11132;-13085;-10176
11458;15236;9479;11467
4689;10262;15991;12602
6257;-9429;-7607
8924;-12958;6622
10663;9530;11514;-16830
16432;4563;7356;-13470
-7494;-3293
-4227;-12420;17277;10158
5127;5662
16096;-5381;-10617;11355;3435
-12370;9763
-16002;3526;14023;-4155
9188;1054;4655
18387;8166;-3146;-12604
10486;361;-5372;-4703;10031
17665;3778;1605;17258;-7149;2223
-3990;16810;-3244;13516
2826;-5452;12
8802;1860;149
6561;18004;4372;-3357;13903
-12946;9316;-6281;15016;-17647;9918
-1068;3692
3383;15481;-16239
14504;8602
1184;-7909
-10825
-11076;247
-5317;-5519
17235;-6400
17936;16755;11496;9707
10258;5492;-13973;-12617
-8107;-16189;13455
6547;-4214;-4519;7318;-7787
-883;3539
11302;2663;13113;4252
14370;3572;-11270;-15656;6319
-16344;9401;-12860;751
14964
-9539;4151;-5034;14010;-12110;11199
-10978;15940;15831;6460
-2963;282
-12434;-10730
-8289;12465;14892
-13249;15936
-6784
-17618;10579;5013;7430;2952;6621
14978
-677;1675;-748;-7039
-12241;-16882;15634;10794
10388;12056;8925
5128;-3497;1470;7790
-10895
-6437;6884;-3311;159
-14994
15000
-7138;11217;-1364;5286;11097
-15006
10708;4870;-3629;-157;-878
-10531;7802
6064;-16836;-14393;-10332
9923;-2967;13868;-1711
11936;-1011
-9394;17953;13095;1563
5061;18157
10930
-17572;6631;-16382
10394;-7644
-15352;-5865;6345;5321;17323;-925
8086;7;10104;939
6792;6844;-9407;6719
1366;14846;-5263
3202;-5363;-13397;549;-11111;-5319
16784;-4436;6805
-356;-9252;2183;9672;7962;-3343
17249;-15828;16852;-16695;9384
9251;-4777;-15437
-16290;-5251;10948;8676;3848;13128
-7384;-11517;-8448
-7457;12578;-15907;2055;-2235
-9361;7057;14199;-6776;18135
-421;14807;-3420
17924;16009;17998
-2782
-16033;-7617;16770
-10977
6129;-10934;-10761;5370;-13070
-2066;18185;15386;-16430
613;-7499
9140;-15289;4025;-6298;9164;-3533
15079
-14644;16395;-16831
-10987
8497;-1843;14364;-525;-5408
-9106;11905
-15573;11206;1096;-7723
-6899
-6694;9497
16209;5953;-4851;-14503
13443;-15158;-15735;-2184;15288;-14848
5488;-12561;-8780;-17998;-9919
327;-17466;-14346
2163;3398;-860;-2670;17167
-17954;10498;-9013;4293;-11798;-3418
-4503;7319
15115
-17313;10977;227;17128
2827
-16705;-6232;3723
-15120
2323;6330;17562;15932;16381;-2447
11027
-9777;12594;14310;11274;-11227;18430
-14689;-6804;5895;-17130;-2878
12064;4690;2437;3478;954;3791
-3955;4680;-8509;-7344
-9383;-12216;-16715;-1054;-16720
11987;-11620;245;14134;4486
-11521;6130;13395;16325;5098;-6096
-15204;62
7056;-6520;-7487
-1265;8215
-7556;-11063;-13752;13131
1792;-16165;-4360;5737;8588;11359
8442;10798
3700;-11813;-6156;-9068
2857
18417;826
896;-1528;18217;-14698;-27
-8963;-10283
12832;-5156;-16373;-14520;-4221
3440;2467;3257;-16122
2849;5635;9078;18071
-15159
1544;4394;-8811
-6049;12021;-14983;-11816;-13129;-18073
-6976
-11430;-7142;-14104;17502
2886
-14469;12325;17319
4642;-11626
-14038;215;-412;-17327
11411;4615;-13049;9498;8299;-13789
14561;545;-12356;-1142;-11894;-13085
8929;-14439;-4905;-669
3251;10132;-5592;-4825;4440;11870
16754;-9111;-10536
3091;-5097;3546;8971;14572;-5806
-8728;56;-13450;11034
18256;-14803;8244;3487
13298;-8805;11973;6911
-11091
11091
8104;7084
16738;2245;-13175;-392;5676
14128;4790;9783;3880;-7497;2393
-2903
11729;11460;-12094
-12185;-11200
7002
12558;-5551
11104
-632;-11050;11561;15321
-438;7446
-2545;5336;15000;7129;2572
112;5337;17561;-10109;-9984
7249;3859;-9382;-3078;4556;-10222
2922
-13698;4244;14597;-12153;-15
11121
-10868;7829;-1480;-7193;8781
-5348;-4423;6855;11114;14251;-3133
5954;11850;5611
-11130
15315;16294
5249;-6142;7934
8200;-11483;-11951
-17265;14319
7095;2024;-15547;13470
17683;-18137;15688
-11140
-11143
10593;-17330;-483;4268
-3959;11006
-12441;7625;14234;-13899;15631
3057;-15078;16121;-1136
7459;-399
13200;-14328;11178;-15629;-1358;18095
13954;17652;3205;13214
-16945;-693;6348;126
-4563;-14793
-11522;5411;-12698;15836
-6523;3549
11166
5091;-5320;15385;17098;-8797
-7075
-7974;-3199
-5257;-18207
-15273
-17138;17382;-8392;6248;-11178;10091
-10243;16995;16715
-547;-4611;-14215
14211;-5687;-17180;10444;-2542;7838
7086
-532;-1303;6584;2472;16860;-4703
-7092
-2997
10065;3079;-15449;-699;-5757;-14718
11190
8642;15332;3899;1851;-15325;13182
-7103
5719;7386;-3163;1259
1781;12092;-2672
5156;6293;-14459
-5652;1155;9013;16262;-17768
-452;-11828;3557;117;-8168;-6717
10629;16059;-11389
13380;3030;11178
-8036;11051
-1044;8628;-1638;13454
-13849;-8954;-11820;-9360
-14321;-1059;-2869;6678;12423;14460
10768;4373;1686;8455;11338;-17212
-7129
16692;-6505;17421
8484;-11520
7138
-16073;-2297;11225
-17641;8365;-14255
-50;-5285;3669;-5482
-3052
-14889;15961;3994;-13;6191
7150
15189;8345
-6709;17784;8683;-4814;-16542;12845
-17330;993;10997;-2871;-2512;-528
6960;5923;-18376;-8575;254;-17920
1957;-16812;-17101;4317
11923;4215;3547;-13725;-4542;18030
17985;-17752;-2873;6650;8394;-15470
14977;-18043
15354
11266
7522;-13222;-3102;5727
-2721;-14998;12423;12281;-14157
-14440;-441;9994;-10478
182;-17672;167;16138;3306;-9294
14482;-16308;-17479;7207;-13739;-10011
-12084;-14324;-5344
15384
3097
-7797;602
10497;-3300
-4018;-6547;-13478;4556
7056;1160;14489;-3213
9856;-14343;-2719
-3987;13620;-10456;-316;16540
-16946;-10746
3009;8099;-14224
-3117
-3118
14009;9915;3772
-2149;16905;13628;-973;8477
-4786;4471;14297;-6335;-10768
4980;6334
3776;2196;-17142;3950
10578;-5096;16920;-4634;2829;-9280
3127
12658;-10245;17098
-16673;1255
-10673;14161;8503;-4763
-11891;13989;-13423
8705;2621
-15233;-3939;-8539
338;-2740;7959;13964
12944;-10562;-9236;-11175;-14283;-3595
3140
17411;6212
3552;14882;2114;4052;-6044;-15407
-11344
9537;-8886;-2812;-16110;2831
3080;-13294;2959
17344;4162;-3188;7833;-14798
17863;-10104;-10921
-7258
-1415;4295;17006;14158;14174
-14129;-10242;13014
-13937;-10354;-17362;13911
-4324;-4041;15631
-5873;17237
-5574;-1446;13942;-10781;3070;-14672
-10769;5264;1110;-11068
-15414;-17367;10086;439;6793
-7815;11050;4267;11083;-7214
-11204;6292;10681;2521;7178
7521;-5661;8525;-17664
-3798;9916;5261
-11922;-7285;-12656
-8489;1197
-18353;-12580;11350
14272;11796;15022;11263
-4723;-5769;-17289
9363;-11782;-5689;-3290
14400;6480;-11731;-249;-15642;14044
17908;9879
1012;9306;1085
-15503
12515;9813;-7894;-1095;-16554
6368;-13619;7162;-2204;-17308
-5537;-16371;-5684;-8135;-18296;-10640
15516
17664;-8008;-10986;-3579;-2416
-8354;-2487;-17464;-10698;3003
15526
13557;-2127
15527
9707;18109
12699;15119
7090;7509;11190;10221
9442;-2742;1030;-10973
2592;-8721;17567
13195;-5853
4327;-1801;9641;1882;17871
11552;15714;4707;-10505;-1836
5394;-13755;-2075;7182
15544
11451
8539;-5279
-13201;2244;2813;783
11457
-5540;3011;-5044;-16967;-3737;-3663
3271
-9273;-6287
13842;-9493;7117
6272;-16930;4453;-14951;2378;3213
17760;-16258;13811;5461;-6054;-17997
-2163;-5212
1883;-9264
13600;-17353;-6763;13802
-14705;3223
6565;-9207;-4744
14641;-5582;-11455;-9087
11485
-17847;-5928
7393
14850;-2944;-4512
-13841;2021;-16920;-4077;5645;3390
-14291;-10916;11381;-9958
-1733;-13864
5363;-17552;687
9505;13267;14151;7081;301;16350
10280;13514
-5587;-3896;7214;9679
-6195;-17335;-3324;-13084;16781;7550
18243;1238;-18283;14891;1389;-1870
-7714;-7901
17938;-2324
1141;14474
-5459;-15557;5400
-10824;2839;618;-8251
18112;-6690;5380;-9371
-11265;-5299;8677;-4071;-7769
-11537
14017;5719
15938;16094
12741;15162;-12255
-11564
-12115;-10979;11652;13653;17546
-5123;-5204;-1240
-11347;9363;7987;-735;6303
16000;6905;-13018;9721;17275;-4831
-15089;994;5686;-9307;10238
-16738;421;-15737
7483
3390
-11584
5250;-18156;10236;10157
13492;18229;5173;-17118
2161;5683;16292;1716;9669;-11648
-3395
5111;-16701
-15692
11952;-754;-3693
-5162;12670
14146;13746;5475;-1604;-14202;14525
15426;-18387;-3226;2765
5888;10802;-5077
14212;1499
-6772;-17012;16263
15265;-3604;14776;-15419;-14444
-2426;-1003
12019;5305;-11658;18393;12138
2196;-15606;9979
-518;14056;-6010
8994;16426;10781
9108;13433;-14493;14365;5597
-15730;-17653;18284;-12912
668;10959
17830;6918;-9020
-8118;-12311;-15784
-18211;8148;-13947;-8108
17187;-440;-9787;-17244;-5454
-1954;-5609
15072;8984;-16492
-9345;18243;15523;-16855
17315;-7783;-5854;-14576;-4864
9571;-6094
7368;-3627;12027
-4644;17030;4087;17608;2168
946;9411;8775;733
-17009;-2857
-14588;1950;-11760;12719
14212;15994;-6589;12639
14288;-16244;-12540;11006
16577;8420;7165
3793;-6648;7338;-9323;8333
-15427;3732
-10546;-12915;4071;3838;-240
-3732;2980;5686;-6637;-1806
11701;-13915;18014
5680;421;12295;17887
-15315;13203;996;3613;13311
5779;13067;-2653;-8576
3522
1617;-8884;-518;-5352;1420
11411;1018;5932;11309;-10622;-11423
3184;8839;-3194;11085
-465;17778;3893;-17675
1986;5644
-17396;-3610;17469
-10546;14945;-16128
-11732
3541
7091;16228;-13627;2042
18314;16446;9743
8256;-14210;12625;-6019;-17610;-15261
14321;15923;4852;14568;3034
579;11163
7648
-6471;-14856;12856;815
-12561;-16482;7267;-8936;2575
-10292;-5819;-8061;-9008;943
-7891;706;-13206;16572;253
-17602;-13315;8227;12558;-1632
-3556;-11316;-6411;10043;-16910
6753;4737;14025;6732
14150;-6477
-7675
-3410;-9026;-6563;1795;-3911;-15232
16263;14953;9230
178;-14643;-13706
-1683;-4100;85;4518;12392;-3519
11791
-5555;17828;-8181;14377;7978;-14654
5184;-13510;13096;-11485;14412
7697
-7107;9464;-14154
17960;14318
-3531;-16460
5217;11076;-14647;8088;6250;16299
-11697;-11654;9814;9223;700
-13777;-2866;-13304;-8410;-10381;-4031
61;-7776
-15913
-1746;-11668;16453;586
16480;-1619;8947;-14074;-843;2927
8834;-3859;-7204;5610;9246;-16256
7760;10657;5693
-11828
13369;13052;-10496
-11330;17906;-2938
-9602;18147;15576
5892;-17033;-698
3538;-14887;-9768;-8425;-15069
9882;11243;8539;-9629
-465;15193;-13166;-5216
7218;13077;-16568;-16746;5258
-15140;1911;4955;4604
-14226;837;-13033;-5370;-17434;-11789
-15049;-314;7596
16438;-1980;5599
-18257;6610;3974;17224;-17321
-15316;-8839
7605;11482;5067
2593;10773;-16614;15117
7520;-14694;8826;12666;18031
17285;-5638;7016;14154;11821
-405;16374
-10053;10;-16379;-1838
-11876
-3685
10471;5501
-7874;-3189;-118;-5526;731
-10097;18337;-16803;3720;-6717;7869
-3692
-15349;1403;2638;-4672
5104;-13460;11411;17021
-7789
-9362;17089;2531;-695;-11563;13886
8162;17299;12790;-5848;7371;-15597
6947;4708;3687;4906;-17181;17022
-17250;-5862;-12103;-7452;14382
-13909;2857;6716;-8302;-11551
5012;-12809;14890;2187;6719
17250;2540;-6861;-1023
10658;11671;-16591;-5199;-4256
17377;8710;5854;-11840
-3844;11012;12469;12327;16809
5971;2628;4902;2534;12267
7120;10037;5623;16745;1068
11264;-14098;10660
-11926
4658;6629;3541;15830;-2346
-14817;7686;5482;5387
-16998;-7226
-3912;3083;4573
7841
-8370;-450;-16979;-6619
2032;10805;15487
-16038
-6897;8009;10831
-15442;-8852;13158;-4905
5217;14919
15844;16869;-14247;16358;-6494
13392;4144;354;-5942
14678;9558
14675;9562
11951
7875;-8884;8387;-6972;7452
-11682;-13829;14148;3163;-3757
-1475;-12323;1836
-3860;15141;681
-7868
-4481;-17469;-10494
4832;7135
-15649;-1539;15798;2761;-9245
8433;15829
8456;-4682;4140;12255
-3788
-3790
7886
-15845;-10157;-13486;-17552
15985;2841;7801;-1851;3597
14594;7123;7959;7159;-13517;5055
3797
1697;10293
-2018;9913
-7904
12355;-16166
-16602;-5866;-6142;8414
-4996;16999
8485;10310;-14154;-6395;5566
13479;2622
-13010;1001
-14838;-9080;-8669;-16286
-8982;12798
14323;6712;-108;17036;15005
-6153;-95;2430
-14152;2141
438;14360;6793;-3325;-2159
3280;8643;-15413;15502
-16164;-6212;16666;-14496
-10276;1928;18360;-6574;-7263
7509;-12343;-15481;16490
-3828;-16100;-17038;-7822
2560;-2372;18268;14046
-12025
3833
-12869;2620;2318
7931
-10660;6824
7124;-18086;-1067
12028
-17267;9059;-13704;15802;-18208
3184;13635;11189;-10104;9883;-11661
2528;-15922;11799;-15897;-11417;12782
-8804;15779;-8333;3708;-14862;8669
9013;4171;-17980;-3150
-17089;-8648;14586;-10909;-13182;10911
7951
2147;9947;-8238
3412;5701;-11912;1367;13481
-3256;11211
9846;2727;14074;18173
10721;-1592;3063;-5274;-14875
17986;-2966;7719;-2220;12015
7088;2295;-3002;6107;-4526
-3869
12062
-3873
5284;-11417;5034;-8828;-1644;-495
-913;13521;-9284;892;16285;3855
8832;11432
-11922;2740;13721;15726
11200;-883;-18296
-3883
16978;-14228;-17415;10650;-3964
-12938;-16843;11884;14013
-4644;-5752;5866;12510
-16837;-7677;17967;14527
-12826;4842
-5123;-14868;14710;-7623;-15560
16870;-12282;-2250;1549
14035;-15626;-16491;-6288
-12382;16271
-8593;2069;7766;6746
-16181
1937;14050;16953;16010
-15234;13378;-12344;-13759;3486;-4000
3105;14822;-9935
9585;-15188;14828;-8287;7055
-8135;-8056
-4537;13769;-4235;5404;-8045;9741
7538;-16119;15383;1199
3906
-12860;16767
-3911
4385;4707;741;5493;-520;-6800
8007
-5137;-7609;4377;-2828;-912
-2195;18278;2760;-18201;9737;-18394
-12112
-8001;1713;-3380;-10789;-3862;12198
-14035;-950;-13062;-12746
8440;-1593;6364;4621;-5711
-2531;-8579;-14772;-9670;-5895;4748
12416;-10147;-7322;14060;12062;11535
2368;-15688;-4777;-1118;-5199
1510;-10391;-3246
6705;4867;16940
3938
-16239
3957
-7877;13974;10150
14179;-9349;3223;6522;13965
-15235;-15716;-2724;235;6367;-17856
-11059;16018;-13915;18364;-13613;12270
4946;9878;15659;14447
-14339;2170
5011;5974;-15992;-3070
4850;12601;-9261;-11934;15918
2490;-4028;-7951;-2688
-15507;-4862
1204;-9286
-17077;17893;9143;-3163;-10783
16275
8613;-10312;6440;7624;8010
14616;18047
-1729;9939;-17416;-11913;-14442;11085
6313;-10044;11822
-3219;-2890;-10176
13268;8536;17177;1887
8100
-11190;12022;-4846
9125;11274
-4018;-11106;5650;14566;7117
-6149;-15708;8317;1326
2370;-14584
17930;9420;-1661;11102
2380;1646
16480;-11451;-1003
-10102;-11754;14715;-17372
7217;9256;7305;9870;-9136
5250;-9285
9041;17577;10186
13409;12869;13848;-11437;-8270;-16382
4045
-8759;11898;9101
-13721;-2623
11232;8547;662
-12250
-14854;-9687
2018;-6871;-11498
13652;14986
-16357
-1178;-2894
3158;10295;7006
-4337;-9093;-6714;-8270;13230;-1183
17569;6994
-16373
-3287;10614;-2984;232;-3658;-5002
-6644;16819;8454;10662;-12793;-126
17856;-5314;3466;10014;11310;-480
11153;-4499;-821;-10200;-18219;-18364
-12770;2738;6983;-1037
15136;2020;12086;7612
10133;-14457;665;-16813
-3827;12011
