-4722;-11663
-2340;10533
16274;4323;13229;-14144;-15584
10850;-3448;4888
-6516;-4469;-8043;-1455
7771;-15967
15124;-2446;11903
-14787;-1605
9252;13415;3385;-17852
-9946;5837
-1297;16326;-14280;-6474;1615
4109
17
3191;-15499
8211
-16689;-16630;3318;14187;3503
-24
-12315
9730;-3000;7255;18344;-5145;9706
-28
-13873;-9811;11336;-13629;1372
18261;-11960;15783;12248;-17920
6577;-11204;-15883
-16803;16773
-3458;-15412;10820;-17854;13582
-15011;-13380;16068
15522;13188
8233
898;-17942;15289;8345;16123;-14480
-13733;8276;-6966;13687;-3787;-17999
3808;-15111;-6234;17578
-15409;2518;4651
-11813;7669
-6306;-4826;11084
-2391;-14043
-13521;-5812;18186;10205;-4911
3555;4358;5833;-9596
4867;-9942;70;-7101;-4016;-12608
57
-6706;-5644
6325;-15463;-18152;17837;17710
5427;-6070;-16518;11868;9454
-4215;-12009;13209;-13437
-9252;1571;7613
438;5737;-10443;-6124;-14253
16598;-7720;-16890;-12538
10500;9477;16956
10820;-7868;-15311
70
71
12360
16457
3776;-5522;10866;-707;7737;-3787
-10482;-8877;-13485
16088;-9900;-17212;-1344
-14211;-8837;13368;-8411;4348;17918
-14023;-2444
11075;-13;-2782
92
4194
7586;-8728;-13625;3482;8939;14734
-4197
15040;16147;11508;-10727;903
848;16987;701;-8974;15118
13984;-5042;16036;4745;8766;14863
-16490
13877;-15770;2969;16939;6667
-10932;-8310;-8331;-2028;-15885;-11966
-7185;-1665;11012;-9158;15542;12041
16736;11333;2327;-10910;1103
-16495
-13347;947
-4961;11378;-11180;4651
5396;-10920;4265;9563
-10328;-56;17353;17726
18405;17318;3560;1020;7100;5965
-15665;-161;-2755;-6119
6657;14182;16150
-1267;5674;13660;11404;-12958
1792;-11289;-15212
-14600;15854;11166
17349;16934;-9194;17210;16331;2943
-10194;-14227;-5958;-15435;2268;10639
-2268;8443;14445
14707;-17240;1367;-15168;13087;-5088
-16527
-9186;8609;-11539;-13444;10324;15093
-16581;14021;-2317;5020
2896;3499;-6542
-9363;-8611;9829;8294
8261;-16346;3838
-12443
-14339;-916;18116;-10261;-7669;-9662
-14769;-3238;2198;-17578;8654
-5299;-16811;8684;13583
-18103;3208;10637
8082;5000;-17340
-5217;-14225;-7832;-17868;-16461
5153;2961;5828;-5580
-16556
12323;11912;-3584
-3415;-13144
16289;-5771;10140
-8374
7644;10492;6622
-1954;-8211;-17796;17461;18187;-3408
-16268;-8493
-13240;4472;4477
-3874;987;-5503
-15443;16453;-12571;11759
-16918;2138;-5904
196;-17749;9047;12844;-16832
-8225;4055;9948;-18272
15408;-4129;-12475;8170;-16316;13644
3687;-6648;6583;-3832
-16596
8345;-12653
12164;-8053;-4951;9110;4471;-4335
14772;-2501;-12057
2768;-15253;6552;-10475;10763;-2767
-14570;5021;-6880;12111
-14418;-5828;10924;5004
16914;4227;2499;12068;-2717
1116;-17726
6520;-10848
13956;-14188
8426
-12524
14756;-2072;9112;12842;-1632
-13379;-15432;10042;2143
3169;-3412
309;-1303;-7415;16072;-7419
1730;-3171;-3927;9710
-8442
-2177;388;4036;-4629;-10157
12160;-7609;-4301
8962;-17541;-16248
-4348
-8444
2242;-8339;14660;-12774;16965;12077
3555;16824;1048;7501
-258
8787;12900;18188;-13311;2366
4354
6544;1666;12484;-4727;-11613
-13912;18266
-17703;-3127;10423;6940;-9085
12554
-4165;-4302
6265;5786;-17163;13579
16662
5558;-9513;-1434;-7179
10112;14560;-16201
9222;-8939
4912;-15554;-18314
-16833;-15121;6932;155
18401;10570
-693;18212;14150;1399
1472;-4146;-4267;-1552
-5368;5065
373;1260;6862
-8081;-8117;3606
-12817;-14308;-5604;8618;7421
8500
-1156;-3254
15005;18079
15769;18187;3228
-12610
18291;5814;7419;5662
16709
-5752;-3643;12604;-15823
16098;-7580
-14046;-10862
-10344;7245;15725
-18258;9725
11621;-1142;-13894;17094;-1047
16698;4127
-7314;2419;9340
-6964;4534;-9849;11929
-10626;6453;15753;-11228
10932;-1159;18345;907
-8547
-2899;15541
-4789;3925;11158;6447
-5637;15702;10827;509;4957;-1424
16743
9287;-15679;14943
-1016;-14906;17770;-17356;2859
16747
-12561;-8734;-7744
-8559
366
6721;14126
9220;2199;-9420;-1632
-12261;-8570;16363
8664;8328;-11595;-926
-4083;-3619;16357;15975;-2635;2956
16130;-2875;-18045;3294;-11056;8079
-16763
-7713;12881;7474;7540;1861;-13471
-2180;16983;-11529;-585;-17692;14622
14801;2172;-8400
382
5728;2885;647;-3579;5919;13359
16767
3095;1385
-10257;5774
3633;-6339;9490;1795
9304;10120;17657;6285;-10206
-3639;11624;-12476
8589
-11489;8800;8983;-5468;-17615
-9698;4312;-410;-12830;9214;9006
11473;-8232;17647
-13308;8798
6066;14658;-6937;-1081
14806;2329;-4426
897;2550;-14087;11062
-16810
12387;334
13269;16092;-8446
1619;-11141;-13465;7930;-9964
12592;-16873;-12556
6530;18146;-424;15465;-6494
3937;-5319;14138
8066;-7529;8126
-18025;1166
9860;-11415;11962;11452;15485
-4580
485
7745;-3106;4040
16875
5913;4971;-11376
-15123;-7912;14349
494
12783
2934;11049;11801;14620;1757;7487
-13798;-7179
-16882
13762;-16618;8218;3327
-12770;-6643;-13855
10579;-10079
6226;-5726
12113;1617;4930;-5191;8683;11118
-12643;9690;-8030;15582
357;3478;-9387;10155
-1667;9124;13435;-13614;1421
-6834;18307;7705;7610;14122;16942
-17730;-4067;-3157;6084;10168
-18228;-17957;2907
10774;7382;-9454
-8703
-150;-368
-1539;-7767;3512;6313
-16501;11882
-2455;-7018;-10478;-5454;8495
9633;8120;-12011;-6892;622
15442;-15971
13568;-750
-4580;-2278;-10063
-13057;-16155
-14774;-17703;-12874;-3884;-460
-6786;-10146
15345;15354;10941;8062
7265;-10116;-18182
15345;17491;16869
-16756;-11285;-1190
8753
1184;7842;-8461
12855
2848;13424;-6882;-5333;18164;-13462
-5537;11031;16505;9884;-10832
-2987;8972;10973
6464;16035;-9540;3333;-11622
6229;1849;-828;13805
15282;7956;-15385;11033;-6123;-8091
-2056;-8457;-15133;7997;-15696
8304;-12980
12871
4096;-13985;1141;-15014;-5495
5718;4040;3001;15931;-15791;-13488
1280;-690
13282;3862;16856;-10092;1262
-16677;-16829;16527
16344;10940;-11421;5215
-599
18177;-15506;10629;-12701
-603
10931;-15631
-16002;7587;13114
-15172;6374
-5079;-2524;-14461;-8158;13231
13233;-4424
8839;9786;-2718;7245;16478;18334
10439;-5464;3837
621
15968;-4018;-5107;-1068;-14590
12385;11732;-16887;-16046
-1540;5860;9813;6933;2469;-10624
4720
17525;-7484;-9855;-5056;-16240
-15651;11795;-9063
8596;10661;-11147;1978;973;-2238
9015;-6616;-9450;-14511;11855;-7312
-2291;-4275;-11799;4982;4552
-17029
-17037
11865;-15403;-1326;17806
-17699;-9118;-2511
4195;11395;10743;-9289
-6820;-16612;-7124;-11031;-16424
-2322;-13811;9465;-10539;12443
17053
-8083;-8867;-15060;18247;4777;124
-8661;3894
9889;10497;8130;16325;-9435;-18351
1361;4245;-14472
-11201;6426
-14225;-8757;3467;-5741
-12969
-8195;15574;5436;4109;12431
-9093;18198;-14696;74;10302
-7412;-18411;16940
9856;2788;-17433
5296;13268;6036;-9981;3469;-5103
13312;8405;-6841;10397
13523;-18106;-3388;6541;10319
-13272;7753;6218
-13845;-12581;-1494;-8460;-5280
6656;7507;-13460
-2114;9057;725;4661;7195;-2428
11296;2241;12689;-14130;9098
1748;-11623;-793;6377;13198
-4596;-3060;8374
-9656;4714;12989;-9311;-7648
-16945;10071;58;7611;-5613
10848;7430;-137;-9227
-14646;13784;-6921;-3323;6286
-11201;3332;-11607;-18112
-14708;-11512;1000;-17051;8778
-1590;-16855;12439;6221;5950;-1344
-17112
-5047;-11241;14235;9836;-16703
-8923
3874;11325;6013
16080;-12577;1378;3347;-452;13439
13536;-9635;-5540;12952;-10575
14342;-9501
-7057;6416;17873;-2616;14505;-7884
4853
-5906;10498;3141;6345;12844;14796
13048;-3243;-6143;5950;3439
-11587;-18055;2504;-2301
8691;-9495;-12255
-5158;-15878;8536;6842;-7403
9089;-2547;14708;-9993;15724;14751
-8966
-4657;-11700;16956;-9567
-1521;2257;-2498;-17816;9639;-11322
17665;3617;-10356;10334
2819;11752;-9694
17200;-11108;-17399;2332
691;-18008;10313;2587;13391
-15478;-13979
-14890;-7003;8815
-10146;822;-11336;-12904
798
-17185
15620;6324;1064;-9930;11055;-6944
10979;10315
2416;-2501;13190
-14406;17753;-4300;13276;17167
7986;-4908;-7997
-17207
-4498;2227;15381
9200;-5587;-14712;-7164;9564;17725
13954;3783;16343;13177;6716;109
997;-16475;-15885;5951
13124
14995;-17910;16405;12328;3690
17077;15174;17447;747;4315;7519
-17285;-5995;-14427
9538;-8501;-14650;15675;11886;7375
-2434;9345;-4946;6018;-14053;5223
-17221;17254;14173;-15054
15761;-16682;3549;-11599;13918
6390;-15435
5026;-16869;6165;-15656
17011;16758;16236
13141
-14961;2592;16433;-13236;-9685;-6574
15410;-10900;15572;9496;4046
17241
-17242
9522;-2435;-2133
-5237;13992;16685;7391;17183
12036;9308
-3508;-9324;7868
6528;4247;3689;-5405
-13825;1424;6979;-17638;3895;-14475
13161
-12745;10265;11547
-3539;1044;-14926;159
17264
16981;13353;-13070
-11705;-13754
4978
2997;-12072
-11782;14344;8456;17820;17102
-15059;-10403
-15578;-14894;13197
4032;-4627;-3798;-4167;-8716
2530;6086;-6712;15371
1761;-616;13290;-17419;4106;-10207
-2838;-8203;-10333
2530;12773;3931;6235
17584;16112;8160
16145;-17509;14550
3637;15159;-10713;-7184
-4197;-5303;17830;8957
-5001
-15843;5893;-3416;8439;-12365
-17512;12842;5578
5136;-14242
-16132;-2107;6269;-5535;16591
17313;9106;-4979;12136;8489;-4284
-2129;-12915;-7350;-7197
17303
-6161;-11907;13558;17719
2740;3204;7271
8539;-12588;-13264
6961;-13602;10274;14362;9372;-14142
-9135
-3208;-9016;7178
13377;-3491;-6601;-2555;18379;-5869
6467;-1415
-9150
-9151
2913;14722;-12579
962
-13490;-5831;-10617;-12927;12238;-7200
14641;-14500;-8661;12510;17455
5680;-2020;-13076;-16840;-3385
9872;-2897;3281;-2838;-16583
-10500;18122;1548
-17363
-5077
-17365
6345;11020
-12401;15220;-11994
3578;13598;-18160
-13274
-3361;17905;4084;15125
-2919;4583;-10169;13018;8762
-2625;1137;2834;6291;7358;-15984
9667;-4103;15942;8157
4260;-9224;-12413
10103;-9642;-17838
-17384
13288
-12195;13444;13116;14093;17599
1062;-15033;14558;12702
-17386
18083;-11743;-11440
-13298
-7125;12233
-2775;-2359;25;3836;6381
-1186;6099;8902;-13768;1084;8078
-1019
-7476;-14025
-3393;4464;-2514;2310;154
-2853;3877
-10563;-2932;18118;-7673;10731;-2560
5125
10917;-5791
5128
7652;-4218;799;895
-1035
2208;-6147;-8749;16637;5278
-5159;4457;18091;-4621;557
-12677;12279;9631
16788;-12391;16714;5741;11053
7187;14335
-15554;-2324;-15333;6518;-3708;683
5283;-17066;6041;-11695
9245
9247
-2271;15615
-9250
9442;16245;-9160;-10715;7533
-6977;-10468
-5905;17733;8277;-7916;8763;12876
1061
-11202;5477;10885
17603;-15511;-3127;1399;-5529
-2338;8451;13418;-10271
-15942;15767;3129;-11535;-5759;9167
3796;-17545;11673;-10875;-4510
-10049;-3190;-390;-3629;-16589
6741;-6536;15433;-16365;-4448
10806;14391;-7996;-8460;-13917
-18001;-5973;-10807;7064;14346
17281;8379
-2947;-8551;-8217;-1850
-5181
4144;17423
17475
-14913;8057;17418;-15436;18255
-5192
3936;-14643;5651;-8332
-9293
1101
11049;2345
11392;14052;17399;15607
-13811;8607
-12801;16473;9723
8565;17398;7916
-788;9443;-103;7528;-1674;-13294
14466;-15581
-16321;-2568;1388
-13174;-17496;3787;-2912
-2714;-10702
14547;10981;-10570;2572;-16398
-4087;887;14311;5240;-17486
-14497;10033;-13925;2004;-5231
-13430
14761;2765
14208;16115;-12795
-13729;-3803
-13071;14223
16385;-17540
560;12662;5016;15913;17773;10671
17541
16549;15192;-15386;15498;6349;12109
11691;-493;14540
13452
-18131;-13012;-10986
-5429;-7852;8013
-1175
2528;-14499;-12183;2487
-8103;-17661
-4291;3098
-2211;-10341;1678;-3151;4639
-4209;5873;-14068;2350;15343
16336;-12562;-2806;-1514;9932
-8722;-4764
9560;-4267
-6577;-5795;-5210
-5212;14604
3859;4440;-3277;-8078;12717;-14959
15792;3906;3012;-4520;-14809;18300
-7921;-2691;5511;13003;-6399;11999
-11505;-16785;11217;-6439;-11851;5471
17605
-4403;-1226;-3787
9415
-17667;17284;-7832;-15945;14266;11118
-9419
-9420
11553;10134;-8171
1231
192;-6636;14014;18238
-16449;-516;-9493;-16871;17518
6164;391;3547;11612
-15255;18311;-13977;-10795
14358;2441;4361;-7632
-16920;8072;10091
14512;-11396;9029;3527;-4681;6638
-17127;3640;11660;-15805
4368;-4994;9480;-10105
14688;4950;-16590;-12496
-9450
2864;14305;-3623
2789;9130;1629
-9454
-16454;-17577
-10404;949
1408;-18018;-13778;-16707;10372;-13692
-13553
6932;3205;-5175;16782
1266
18048;-8931;-10643;5686;13495
6117;-7392
7072;-3074;-13467
-12198;151;17420
-8834;-9186;12689;8930;-13072
11555;3541;-4152;-1469
-3266;-2900;-3310
18136;-5178;7915;-9774;14349;8607
15277;-1695
353;-68;16595;7779;-4181;17684
-721;-7809;-4689;14276;-8680;-5964
5426;-15396;11255;-7321;15528
3985;-5286
8640;10214;14541;-3423
-4186;9583
-3738;-13949
-2420;-2566;-9191;6745;10906;-2172
-6082;7386
-10563;-18188;-9420
12403;9384
15330;12983;5767
1313
664;-17819;-7342;4270;2527
-1316
-6674;9115;-3759
-5301;3817;7817;9917;1455
12918;-18336
6848;-16367
-8115;-7268;1816;9519;-5472
-16097;-5556;-17591;7561;-6511
10849;-4067;12547;-5780;-12886;12954
-13987;1458;-12053;2766
1336
5312;-13588;7099;5149;-17390;-207
3458;-14116;7259;-3645;8381
5434
-11606;-1287;14951;5465;-4463;-8496
-11571;-1620;8232;-8505;409;-12861
-12385;-5339
4912;11187;13241;8863
17936;2707;-856;1991;42
5436
-12152;762;-10431
-10850;12946;1541;-13174
5184;-9235;-15621;1941
13635
17044;-1211;13754;-7757
-14452;-4341;9289;10987;8060
-9544
-1353
-4049;11011;4643;-5353;10557;-3167
-337;18080
-5093;10004;10666;-16940
16770;18003;10639;5103
15808;12388;-10448
-12929;-6566;-4984;1865;12894;11087
9376;-2347;-1564
-12052;-17992
-454;9271;13929;-9086
-17105;-2417;1235;-1830;15176;10412
13668
-17765
-5477
6162;-4780
9576
-4074;-13259;-13196;2219;2349
-10210;11397;-1194;6074;-7453
9489;-16602;2414;-4880
-4677;12181;7004;-13120
9648;-10947;6871;7754;-13856;-17248
11443;-3716;7034;-17371;1983;-4864
-10577;-3506;-8196;-15157;-4922
5495
-17644;-12428
3361;-1962;-3404;-1918;-3422;16942
-9600
13922;7965
1363;8921;6042;13757
16003;15571;-9680
13705
-10550;15654;-6523
-10289;2371;-3142;10613;-13374;-16271
-2225;3283;-16519;-17228;-13789
-9619
15616;16488;9962;10234;2379
-12625;9954;8662;3527;12393
-449;-12538;-13023
16787;11597;9277;17021
10096;9238;13286;7639;-9146;-9198
15524;3784;-5578
8345;16763;-3183
-1476;-10901;-17384;7834
3296;18404;-10600;6731
6770;-16884;-17332;9294;-16064
13736
-16118;6475
-2755;9122;11468
3886;13951
-9394;-15546;7292;3903
12086;-17641
274;-14025
-9659
-7681;-7138;-1428;-6549;-9527;-10104
15634;-14167
5446;286;-7200
16192;-7795;-5944;14155;2459;-1215
-9869;8398
2801;7204;-9356;-4415;-1807
12500;-9029;4519;-5885;4604;2959
-1481
1440;7555;2398;-6623;815
15506;-3332;9044;-1164;11788;-5776
-5845;-2614;-8152;-9897;-3661
-6433;-721;-16535;-8925;6540
3122;1382;7978;4139;-11023
16553;-9852;-8205
10454;1160;13529;-17835;-5805
14791;18169;9503
6305;-4067;-12934;-11289
-9121;-15108;-5460;4374;-4863
7810;12658;-4104;-2569
7913;1786
-7202;8371;8537;3577;-7678
-16817;-11986;6524;8476
9708
-11429;-10570
5416;-15129
11734;2074
-2785;-4631;-664;18296;3596
15488;-17014
-15607;-344;10328
12131;7398;2782;-4400
3713;1916;798;7391
13819
-17202;15923;-5157;14424;6568;-8927
-3060;4595
-4250;2713
17923
10160;-5586;305;14518;-1687;-7979
15392;-1942;967;-11244;6558
9953;-9286;6776;-1807
12785;6118;-2445;3261;-14079
-5462;-6185;2794;7002;-3792
3349;-15735;-7146;13450;-7755
-8545;-11943;-1543
16946;-16452;10281;14746;16991
-16947;3103
17940
15591;-17149
1559
5656
6737;-13337;-10505;-13757;16974;8223
-4241;4283;-5709;7581;-11679
-5860;9994;-652;10380
11284;-10822;18310;7831;7741
-17873;7427;8325;-3623;-9127;5102
15235;5253;-14815
-14197;277;56;5277;7007
-978;-3091;13971;12158
-163;83;-11525;-902;8266;5822
16289;13964
14322;11783;-4044
-11185;10531;14808;-12475;-15551
8356;15428;16103;13677;-6912
-9906;3457;15123;11877;-10762
9218;9910;-13207;662;15065;8621
-14098;3218;-14891;14538;-10571;7918
15747;-5141;-6678;-12359;-17744
-17988
-7432;9433;-5402;-11500;-7183
1111;-7115;-7888
-1620;3224
-15176;-6910
-10123;-16716;-3439
9024;-8066;4237;511
17889;-5107;-2948;-18121;9898
9154;8333;511
-15137;-12665;17994
13248;-18210;2051;-10599;13756;1375
-12811;-9292
13072;-11445
11360;-15289;-347;11324;-5181;-3504
-15348;4052;16152;16536;-15658
9367;12751
-13267;7095;12551;10523;-2972
7927;-2188
-1645
9505;-4325;-16572;-3134;-12831;5231
-817;883;-18199;102
15854;-1920
-3937;-6241;-3758
15556;69;-5174;10422;11480;2062
16402;15893;-14312;-12239
7975;14156
13216;9714;12546;3044
-13946
13928;-4380;-3757;8156
14800;7921;-1317;-3927;8759
11232;-2354;5070
11373;14863
-13601;14032;-1620;2821;16058;-16029
8242;-6580
9854
-5569;-2242;1896;11673
14357;17898;-18304
-4593;551;13047;-11881;16348;-7710
-12744;-13500
17378;10518;10636
-10308;-1493;-151;12070;17935
2115;7478;-8791;-9706;10574
-2979;2280;-9165
-17203;2277;4661;8342;3480;-7327
-5170;-5203;8306;16726;-12985
6625;16550;4122;18013;9614
-7578;9260
-7493;-9900;11645;-17854;-11872;17407
-2785;-16282;-15386
-18070
-146;-8243;-4277;-9501
18112;-16082;13270;-14860;-6479;-3840
8948;-7261
18072
-5787
13924;-3413;3469
-13985
8563;-16713;7308;15389;10957;-3326
2017;13062;263;13691;16268;9647
-9896
-18089
14032;7905;12708;-13702;13532
13999
1759;-7568
13668;5851;-2604;9375
5248;-83;10728;-18171;-3580;46
-13944;-16446
17991;16495
-14009
11753;-5936
-9915
8864;-14405;5717;-14188
928;4050;-10804
-8273;-18033
2264;-16286
8753;9364
5829
-15063;6999;-13977;-8172;7998
11539;-9318;600;-12749
-4402;-17442;-2922;-15323;7148;-1565
-5986;-15047;2039;-4586;11130;14190
9933
16949;-3674;-15019
-261;2006
17240;4985
-6996;-13320;-9978;-7947;7820
-5636;-13607;-14574;7485
-422;-17719
12482;-10724
-5856
695;5162
5181;-11040
-17381;17076;-13018;1098;14587;-8221
10129;3793;13394;-10601;-11676;-3276
50;-5910
-4724;17545;-15773;-1200;-9904
-6501;-12102;-11274;-7357;7532;15645
5698;6211;13813;1607;8135;-13214
10820;17128;2952;-17834;-12412;9310
-16521;9836;4911
-12754;-11234;17561;10508;14079
5786;17117;7549
-12611;-8805;12888;4312;14191
-7621;-16920;-7547;2159;-528
9976
-8546;-11858;-12899;-2186;-18396;-5247
-17302;-3383;-8831;15439
-16274;-9348;13990;-3035;12876
-9537;17568;-13730;-771;-16420;617
9991
18186
8825;13466
-18199
10485;-6423;-12616;-13743
10008
2179;7831
14467;-6667;-1886
1314;-9812;-2485;-2135;-5087
-8308;-36;5303;-15167
14112
4929;891;-13468;5822
-2822;12741;10983;13694
14096;-10675;-164;14956
4961;-14989
960;7728;-2630;-9399;17575;-4207
12850;4825;-186;13021
-6866;-5323;6254
-482;9714;17173;12299
-10996;9638;3414;-7994
-16580;-6070;-9641;14601;-4954;-16062
-14135
-5943
-2050;17699;-17496
7875;2246;-3384;7831;-17962;5244
13475;5801;-13328
15142;5286;-14478
11040;-15031;-4992;3023
-14154
-10058
-17431;3272
1873
13188;-7214
-18265
9584;16689;-1106;-6902
12577;-8115;12006;13273;17530;-333
1886
-18276
14182
18278
-11489;-6388;12826;411;-17292;-444
-2417;13987;10533;14920;9758;12463
-7377;14903;-6890;-6204;10190;13663
10690;7012;12872;-9580;7517;14351
-10099
7943;-13947
18242;59
11072;-17570;17669;9768;-12252;5519
-16883;3829;-1066;5722;12878;13823
5376;5510;15129;-15904
-16306;-15422;5229
5872;11668;-15175;-9304;13343;3711
17377;-1459;17943;-4827;16397;17935
-17906;7814;-16347;10748;-2621
10124
7568;-18388;-3408
-9047;11112;-9833;-11929;5468
10937;3294
7873;-1688;-144
4404;10726;-9087
-1949
6051
11364;-17686;7413;-3048
14566;-10877;-1728
-9160;-8841;-4395;12239
-16712;10650
2150;16201
16337;-1908;-12459
-11697;-14851
-2674;8853;-5464;3225;-10492;-3615
-6033;-5385;15417;1499;4668
886;-15324;12462
3476;17941;-968;10200
4145;-6788;196;5493;-10135;-7178
3538;-2020;-7593
15024;-6375;-2575
-9382;3305
10630;7736
14004;-4501;4599;18248;-1817;125
13136;5235
-6676;11718;14775;18428;1277;-8862
4247;9495;-7658
-1365;13018;-5568
9843;12615;153;12299;12143
6095
9108;13373
14544;-11976;-8811;-4270;4415
-2609;15699;1204
12227;-3188;-17109;11860;9901;16989
1749;12326;-8488;-11529;13581;-5631
5633;6338;-5865
689;16898;17683;374;-10408;9544
3092;14632;-5322;18285
-5698;2172;8286;17742
-13880;3657
7083;-13213
-12546;-5754;-13739;-2763
12753;-6311;-441;9464;8362;6878
10097;67;10653;-10591
-18420
1889;8978;6151;-13833;3899;-13216
3296;17570;-11336;-73;-938;1709
-6931;-16997;-7960;9305;905;-17230
15475;16467;-1669;-3654
14337
-817;8705;6017;-5247;-6608
-7588;9639
-14344
9474;-18036;15783;15319
-9560;10777;4941
2193;14280;16379;6076
2416;-1591;5336
15730;-15685;6377;3658;-13564;5550
-305;17730;10178;-16489;15529
-12390;-14254
-12803;9253;-2615
1763;-5446;4965;4710;174
-9112;13259;1660;12652
14364
-3074;-7544;1226;-10670;5695
-2081
-9411;-16598;17768;-1513;11834
-1429;-4749
9280;995
-15857;11876;-13846;7551
5737;16830
-6184
6185
-14354;-12316
-10286
10916;-17111
-16070;693;989
10291
17285;11638;15960;-8121;6299
1058;-6091;-5263
18033;5523;5379;-2342;693;-602
-18190;-4400
-14610;-9814;-3591;-4087;12840;-7424
13473;2195;6924
-5649;-4836;-7576;-3737;-5563;8859
12224;-13714;-4170;-4655
11312;3580;-7775;-896
12149;3385;-13406
-4213;8822;-156;14060
-3329;9387;-16380
9939;9091;17844;4951;-16079;-3135
-4977;-6900;9013;12119;-11388
12112;4916;-10799
16818;4837;6904;3624;-10749;13469
-10335
-8002;-12191;-10624
13462;-15613
13329;-15483
-6250
-3633;7862;-16171;5691
-8515;3592;-9274;-4347
14448
2915;-7037;718;13759
-4339;9928;-16457;8700
14457
1824;-3517;-10718;-9774;15918
17027;16217;-1821;3709;16190
11588;-14614;-9288;6714;13370;-5599
3316;-1193;-5882;10026
-6273
14977;-5641;-11515
-1190;18044;1710
-11366;10743;2810
-253;2446
-8477;10670
-10389
9889;-1606;5702;9255;15820
-8041;16057;42;13547;-11212
2205
11825;15684;-4823
-2114;12526
13831;2171;3676;6716;-11886
-9789;3468
-14260;13273;1852;2828;-14110
-5270;-5149
-2785;4678;-17963;-2543
-14519
-193;-14326
-15297;-5043;-983;17463;6090
9668;-7611;7322;15259;6267
4321;14298
-16263;1336;-3695
-6145;11696;-11800;-3000;-17566
14537
17591;-13981;-4591;3231
-10446
-6355
3377;-14970;-15242
-6357
9078;13662
-16307;16819;-8517;-7094;-11836;-16287
-2263
14035;5558;-14590;17566;4271
2265
-10775;4413
12161;-2498;11030;-10088;-142
14560
3760;10356;-13417;-11165
-14453;-109
-2275
17043;-7787;-11534
13032;11950;-6320
-3458;-15207
-7331;6594;15158;-8171;16511
18225;-15942
-14001;-4669
3846;-13256;-13357
8720;-8709;-14587
-16967;2521;4842;-13166
-11284;17673
2301
1350;7335;-8220;-4447;1679
14590
-14595
15699;-13978;-12221
2313
-13844;-7591;-11095;13688;12431
2387;8122
14966;12216;11434;12860
-5377;-12275;5011;2123
14707;15927;15483;-6928
-10612;-5367;-7176;348
742;13368;-6425;-16331;15071
10522
7328;11669;3035;14028;11326
-2930;-17924;73;-3773;2637;15487
-5187;-6004;4567;-13775;7598;-14111
-8738;-9987
-10449;16340;3956;5768;16042;7548
-16661;-12600;2615;3823
-4212;-2921;-491;-2912
-1057;-8378;-9295
-18417;8562;11417;-3115;7996
-6419;-8899;1138;15045;5579
-15333;-17034;-10942
-5003;15546
-5657;-14825;14025
-8097;10460
-9045;14200;777;-7930;-16750
-10449;3987
1152;11191;14600
-14934;-13447;5387;-8046
-887;-13770
12804;-13367;3143;-17245
6473
5840;52;-12712;15420;-13677;11550
11058;-15973;-1565;12797;9102;-13040
6476
18387;-17590;18087;4777;-800
-2033;-7368;15879
-14672
-4689;6849;11730;691;17461;-13274
-10964;-11958;8249
12547;-8009;8268;4893;-15807;4590
-14677
13777;7281;1810
-12374;934;855
6495
-17443;-7753;6682;-8476
10770;-15781;-5597
-3301;17893;111
17337;-16363;-7486
-11080;4428;11437;18110
13401;-15821
6384;-12900
-16978;-2343;-5019;15579;11950;7423
-6521
-17137;6610;11273;-11402;13081
15685;89;17066;9274;5375
14723
15555;3129;5739;-1504
2864;-725;301
6656;6148;-8757;-10585
2325;-15832;-17609
3590;7048
16352;6954;-16764
2420;28
6547
-1698;12344
-5095;7549
-2456
6309;-3081;-6254;-15823
-2065;14674;-8295;14376;-3933
12514;3603;8948;14271
6113;-7717;-7733;-4053;-5470
6573
-5636;9331;-3285;10260
-8306;9209;17835;12414
3185;11237;8949;-6967;12220;-13855
-6582
-14162;8675;-8452;2394;-14927;3503
7826;6954
14901;6107;1965
7412;5238;-7224;13912;-4701;-3951
3105;11677
15875;11708;-8703
-11394;-17300;-7190;-636;-13372;-5853
-12757;916;2933;-14080
15233;2930;-11560
-10700
-13460;-15527;7687;-15324;-10941
10701
5848;-5994;-14653
-12306;-10686
14353;-1555;-166;-1928
769;6857;15372
4800;16635;1452;12399
-2169;-8544
-12225;11553;-18237
-18284;16237;-8672
-7506;3825;6517;-12488;-5163
6916;-8982;12999;-17432;17227
-2538
12384;11488;-9045
-11222;11831;16776;-5276;18348;8957
-13377;6729
-16295;8199;4731;813
-4531;-6355;-10969;11546;16957
-2555
-5176;-729;-8938
-2002;-14579;-1675;-17069
14530;13401;10075;15101;14990
1384;13466
-8052;7018;4559;-960
-17251;1379;-13403;-1965
-7105;7760;-10884;5575;-5417;16734
12880;-14299;-5247
17995;-12109;13068
6688;14115;6071;-1385;1931;-12557
-13384;-1481
13603;-13655;-3626;-5195;11452
11319;15838
15271;-17853
-13026;-887;-23;-5883;3324;-14765
-15311;-3664
3573;-10263
-6676;4579;-12523;-16652
14897;11980;2588;-14576
-6702
7973;3768;-7433;-14299;3787;3597
11377;11202;-356;4264;-11593
1186;16083;9927;-13739;12108;-10670
-6709
-7745;-11075;10151;-8985;14254;-7408
-8632;11247
-14908
-13219;-6246;-11831;11575;14330;-5422
-8451;-10900;-14443;-5308;-8575
17458;-10740
17909;1548;3855;7983
-10817
6097;13018;-16491
17152;11921;-14155
724;-3356
7696;-1068;7659;-8029;-12990
14924
-1683;7656;4857
-6738
7684;1700;-12261;-3862
451;6287
-15239;303
-6562;-4644;-5749;-10893;8815
-3825;-15214
-14944
-18225;17850;-2287
-16373;15397;15927
-14956
-11604;-9926;7127;5368;-13065;-1051
6157;-3487
-13015;-10138
5766;18073;11371;11100;-6927;12447
4961;3574;10527
15291;11964
-4369;-16398;-14686
6402;920;-18205
2194;-6391;-14042;-8730;-8491
-11636;11534;-2592
-16834;-7223;3335;1610;-16926;575
6791
-5697;-3765;-3478;9079;1164
10179;7418;9611;-16317
-2369;-13602;-16344;3753;-14474;3471
-7532;734
-6799
-12849;2774;16731;-17551
-7107;-16079
-5186;11990
-10901
6806
6807
-1873;-12450;-2376;6776;12635
1793;17385;-79
-13510;-11302;-13658;-13407
14939;12363
-15400;-15998;8191
1808;2115;17765;-18055;6859;12716
2072;-1389;2045
-10926
9399;9719
2434;14102;16828;2140
-2370;2212;-2262;2777;9899;-3422
-6517;-16774;15782;14344
10195;4835
14752;286
16164;-6758;-5783;-12025;-10736
7809;-10565
8450;7829;1191;1147;4396;-3870
-5156;-9860;14819;-14165;-684;4094
-12801;-16643;-17859;9733;-13720;-4719
2305;4530;613;-9448;17053
6034;14083;-14566;4230;10842;-1468
13665;-14084;10116;7238;4748;-14814
-7246;-3727
15264;-8644;3527;9019
6183;701
6358;-1385;16473;-1627;6780;-15615
-4264;6471;16974
-8769;5792;-4036;-12485;-14827;-13531
-1300;8195
14562;4622
-12465;6515;-8377;-14381;-2767
18001;-7003
-8226;2793;7561;-9036
14000;6164;-18007;3465;1292
-1041;-7991;-1979
-17221;-7797;-4775;6807;-318
13362;-2344
15115
-2829
-565;469;7021
14721;5557;-13351
15363;7948
16785;3249;-11942;-472;7003;-3600
7379;-12069;-2240
12081;-3828;6938;8125
3000;8346;-318
15126
-6937
15539;2307;17763
5506;16277;1591;4045
15884;-10944;18383
-9857;4914;-3172;5620;10189;-750
17361;10708;9444;-4038;2190;12239
-12307;213;-7142
-11767;-7469
-6950
3824;-6547;-12419
10241;-2230;15322
6946;12729;-7755;9963;4363;-11102
258;-15404
5508;11161;16732;-5967
3649;7634;12061
15153
-4931;-11846;-3991;12268;5628
8556;17836;-7950;-7376
-5309;11868;1966;2366;-8016
-14808;2124;-10685
2890
-8257;-1090;-17906;-14920;-2348;8861
-6994
-10363;-14941;-15469;-15373
-11095
2721;-8386;-16387;-1924;4685
15194
5059;6748;-702
15204
11118
12583;15050;-128
-12423;1294
16034;13657;-16347;10364;9389;-13776
4305;-12617;-1978;-17226
5687;17736
-15235
-3489;16568;-16313;-13739;-10556
-10500;10823;3848;12269;-9375
11164
17325;-6159
7073
-1995;17262
-11174
-7082
-2989
10705;-1572;-5030;15270
-3233;-8521;8761
5692;-11887;6127;-11120
-17012;-12836;15123;17722
-3001
-51;9413;-11788;-16238;11565
-18113;5232;-13020;-5005;10620;-3197
12241;307;2135;-12233;4649
7585;9612;-17965;3775
-3410;-18131;-1948
-14945;3729;-8664;-17790;-11232;17215
5184;-16392
8549;11866;15370
15311
12128;7843;5219;4563;-9895;11839
17408;-98;16306;-15950;1743
-17699;1557;-4313;6553;1691;-11296
14228;-9766;14858;16474
-10817;16672;12050;7926;-14119;-4590
-3716;2100;6598;-10744;17434;3644
-8071;-3150
15569;-7707;-14988
17888;5153;13672;7278
-4385;-530;9578;1610;-14955;-2544
-8388;1940;-11211;-12;3419;-5168
-1285;5781;-16105;2747;-2367
-891;16218
-11234
3593;-14831
7143
15336
10208;-17459;104
-850;-2516;756;9758
3052
-13268;-9959;9754;-5966
14168;-14537;-10878
7150
-11493;6150;13655;-12377;-7183
14688;-8882;-2747
566;-10427;17722;7486
-11497;-3854
11060;204
13203;-10919;6455;-10894;5230
-10005;5527;-1688;7500;18125
-4628;-18391;8200;10185;15902
15843;3752;10378;14063
7842;14965;14119;3611;15788
1985;17477
-17905;10729
17649;10758;-8877;-12351
-9521;-4409;7114;-5021;4526;-12159
9028;-16038;-8364
-3489;9555;13605;17333;-9343
11570;-14645;-14326;-14296;-12360
721;9415;-2637;16079
-484;17961;746;5358
-16883;-13556;-13624
11488;6690;-9270;2537;12137
16049;7534
-15266;10451;14245;-6138;-971;782
689;-6421;4366;-9936
3313;10388;-10359;-18137;9482;8428
-3009;-3907;7860;5960;-15113;-3100
-14904;858;-13087;7631
930;4718;9759
14463;-7248
-2517;-16455;4844;6910
7013;-3947;-16027;9838
3124
305;-8777;12393;-2812;-16525
10067;8004;1529;14778;-9855;15470
2948;-14272
18279;-7305;4446
-11169;-648;11177;3773
14848;-6930;-1690;1001
-3136
-7028;3176;-11834;-10842;15675;-479
-15620;-16644;1796;6327;5815;-17582
-15428
1297;5941
-4961;-2285
11344
-4439;-6909
9303;-18026;10699;-5182;-8144
11736;15998
4994;2297;6859;-6895
-6931;532;-858
-14532;-6501;17319;-11738
4016;2868;-13719;7129;12538;6719
10483;11573;13880
-11882;-7674
4226;-13284;-14535;2198;893;-7247
11366
-10497;-13829;669
14042;17807
13808;-178;13495;12279;-14557;-17568
7283
12611;6707;15124;16006;10089
-10578;-9001
-6216;10343;15452
-11379;10563;11079;-7609;-6121;6666
-2641;15171;-4645;6742;11830;-10960
3215
15360;4806;-5672;-11278
-17219;15475;-17866
-9603;2387;-11735;-10376;-14863
12048;6547;-8122;953
17123;11514;11610;4123;-8368
10225;3892;-11351;475
18304;11175;-9852
5250;12917;5557
3476;-4438;-14572
6117;-6407;-1336;9800;-11421
-2774;15894;1416;-7194
16673;1123;-3069;12220;4974
-3492;-14293;6342
14456;9277
4417;-12876;-7085
18149;10519;-9080;9160;13065;-5790
15547
-3260
-13779;-3973;16759;-17067;2510
16048;-8690
12529;1061;-13707;-7246
8214;-4942
1617;-13084
11469
-3656;-16108;-655;4846
16080;3589
7730;3750
-10801;13298;4856;-3466;7068;8719
7387
-11486
3294
4295;17591;-6302
17187;15877;-9287
-15587
-7796;-4522;14235;15435;14620
-10754;5953;-13513;-5470
-17123;-7914;-15133
-7406
2707;-18314
17442;4580;-6413
-7424
-3892;3604;-12598;-15018
-17621;1301;-10729;-8618;-17083;268
-7426
-9272;-10027;-15996;11483
-6742;-15160;10649;-4367
2420;16740;-11399;7767;2111;14367
802;18050;-15513
-11533
4291;3766;-2759;5734;-8522;-9947
11059;-3671;6967;-9210;11833;6843
-3139;16338;15304;11289;-11872
2020;4390;14119;10328;1163
9100;12268;2461
1057;4264;-12285;2685;-11360
-9345;-9342;15327
9223;2506;-12767;4399
-859;-10699
-17914;-5934
11156;4884;3480;-14505;-5631;-6848
-1732;-13062;12553;-13819;-3693
10036;14693;-5115;12431
-6071;-5495
-8411;11786
-13752;-10108
3481;8092
13412;3524;-9454
10835;-10932;-3700;-13786;-2189
3536;12390;-10489;-8813;-16030;-16752
6449;15218;6724;-13288;7880;891
-15699;-13959;4296;6331;-17135
-17239;9766;14967
-14885;4394;3339;-8044;-2237;5839
-7499
15691
15692
16531;-1128;17239;-12186;-5052;-7903
-6529;-4579;-8587;15900;-7805
-15362;4546;-5509;-665;6092;-702
3412
-50;9795;17704;-5354;18188
9287;10519
17361;17121;-5;-16343;13963
11619
16146;11859
4314;-2271;13679
-10897;11537;-4598;-1836;-5836
757;-8296
8914;-3734;-2967;5974;3447
-10961;-14259;12131;2326;14215
-1938;-13805
15743
659;10148;4939
15779;-15900;-11532
10299;-13760
-12946;17893;-6060;12767
3395;6246;7400;9368;-15579;827
3469
-6037;-12539;-5374
17793;-7414;-13242;-8800
5249;-7128;17160;4506;-12926;-14432
-6833;-4838
13317;14710;16411
-4098;11649;2004;10938;15759
2943;12831
-3171;10711;-3577;-11549
-11685
7395;-14987
9840;-3314;-9106;-4440;-12860
16721;-9890;-8805;5046;17975;-9359
9472;6313
15788
15729;10900;-9109;-16182;-8697;-240
-8929;-12135;-7017
3504
17168;-15604;-6133;16266
-3507
12482;8083;-5494;-12296;13020
-16483;-3208;-1656;14588;-15647;-9776
-17143;9535
-10161;642;17126
-7611
17063;-1260
-13700;-3412;-17478;-5302;-4585
-14822;12892;10716;10157;17341
-10993;12855;15272;-5423
-1112;-14696
-17270;-17036;6207
-3524
-15815
-3527
3528
-14817;-6291;1732;15847
11721
-9602;-13026;-4195;2100;18279;-13471
6144;12785;-645;14980;11563;-8528
6272;-15316;-15781;14939;15981;-9631
7633
3623;-9901;-9709;-8032
2220;6749;-7070;-4239;-13488
-7639
7094;8630;-6247;-9144;4621;14974
-10506;-6141;4895;15
9456;13329;-6741;14228;-10777;-7758
-14945;3905;-4533;-16583;10807;-14969
-8153;6123;17868
7990;7849
-370;3924
-13409;-7364;-13495;-1275;-8316;11630
11750
12416;11624
-11754
-12036;9399;-13216
6502;13448
7235;12716
-2145;-5405;2477;-2591
740;6924
-2886;-12972
-14273;-3522;-6197;-8246;-2314;-18171
-18227;7474;-13014;-9910;-9069;-9984
16992;7065
-9106;15314;14297;-7950;11503
12245;14181;7786;14491;12220
-7569;-15430;-10043;-10779;-8912
3794;-5110;-8394;-10256
18276;16070;4842;-8460;5244;12671
-7857;-5908;-5382;11271;-15484;11580
10004;-6746;-10943
3589
3591
-417;16147;3800;446
-17891;16227;5258
3185;4951;11739;8203;16479
2018;16037;16613;-10583
5029;-5738;-1325;5644
-6423;2731;79
7568;16114;12275;8616
14754;-8900;-9469
15363;-3557
2709;-823;11703;15369;-766
-5858;4227;-8392;4954;16878
10948;9055
8513;4146;-8202;3259
8768;-4353;15458;12418;-8181
14334;-6607
-2644;-4836;296;-18010;3530;5741
18293;13177;8970;8255
-9665;-2169
-3218;6833;13941;-16471;-8826
3647
-16567;9017;3899
-14067;-10064
7920;16676;-4742;-3256;17148;-17807
3651
14821;9311
-11394;-16837
8096;-1331;-10883;-7433;10269;9039
-3426;-237
-3685;-3575;-8089;3002;10315;5695
18338;16036;-12805;-1942;4731;12075
2824;4938
8961;13985;-4851;-14429
6528;-4244;14725;11386;1565;2382
-145;15285;-1134;-17680
-3137;-3187;-3140;14806;14716
-13476;1609
11382;14187;14971
3676
-7730;1701;13802
-4689;-14790;-5674;-2555;8703;7135
15967
3681
6356;-1305;6826
-11894;4110
15977
-13138;1256
-11649;1575;-14505;1579;7019
5885;18287
-10869;13701;9213;-8352
11189;-649;-14026;15373
6076;-13872
13268;-5050;3677
-2098;10324;-342;-4550;8566
-15998
5459;-15222;12985;4590
-10455;11198;15263
2913;-10178;2133;-14971
-9253;17069
-8116;2982;-6887;4503;3784
-3744
13381;-12826;-9146;15916;-11070
6130;9574;-10172;-16719;7438
-3751
4275;3267;-15637;9193;14943
8354;-12115
3729;17319;13339;10334
-16101;-16335
-6932;-14111;894
-6772;293;-14135;-7728
13857;14487
4269;15886
8240;-13827;-7492;8180;6438;10424
-16436;-16774;8824;-16251
8536;-9337;15946;-7276
12064;-99
18326;7510;-8250;-13626;12107
-12836;11991;8682;2379;-15166;-7022
3781
-14534;-745;8186;1275;-14349
16065;7825;12740;-14234;14557;-4496
-13441;-11414;3094;-9959;3868;15869
17168;904;6504;-14444;1532;319
-9809;8917;-2902
10919;17852;15983
-17845;-12422;-10393
10341;12198;4808;-683;9900
3802
-1843;18195;-3158;2343;413;-12144
18003;-1909
-8180;11988
-8913;18004;15262;-12352
-7912
6000;-16072;-152;18138
-900;1044;-8827;4863
14481;2834;16342;-17480;9294;7023
3822
3823
16113
4711;-5964;-14863
18416;16293;10078
12023
-10916;-1605;1880;7336;18009;17801
-3836
-6850;-694;-3656;-9021
-5985;16150;-2508;5901;-1518
5668;-10012;14700;12764;-8718;-6447
-8753;-5317;-9932;14957;-3008
-12003;-7971;3823
-7959
7595;4462
16889;3833;5081;-7277;9630;16671
1251;-12244;-16341;15035;4604;-4368
12070
12272;-1266;12690;-2297;-17611;8282
17203;2359;-5067;-15212;-15405;-8239
5154;-12271;3231
7008;-15714;418;-7179;4780;6799
7219;17150
11080;-13611;-9552
11779;-15302;-15367;-5867;-7807
-15048;-17518
-6963;14788;-17783;14231;-8169
17428;-4358;-983
1829;8470;-3001;6298;6733;4046
-7992
-2545;-16179;13;9694;-7168
-7181;-9005
8333;16045
15049;-10667;15900
-10372;4020;14350
4498;-9814;-11608;2634;8222;-1935
-16196
7472;-11653;5942;1351;-5581;-1439
-15767;-12478;-16623
8005
16737;-16039;-4608
7184;-11380;3944;-7834;16093
-1909;-469;15285;1768;-10761
-14760;2652
10403;-7786;-9803;17982;13599
1286;14600;8510
-4181;14597;13150;13038;-16303
-16918;-6765;3374
11783;-7390;-16512
8241;14538;13915
15716;-3598
3367;-4264;-2220;7308;14814;17695
14097;8115;-4358;2933;14635;5375
17457;-8226;-17801;-5930;-9915
-1672;-14555
-1138;-7618;7795;-4052;-11214
-12489;16429
-16231
18129;3106;15252;9926;-8649;-5149
2981;4535;-17834;-1819
9809;12145;-15769;6877;-926
4359;11832;12334
9190;13527;295;11417;-3147;17725
-15553;6770;1652;-13209
-4834;-16936;-4872;-14185
6177;17944;8922;7786
4281;9579;1611;-8079;8862
2881;-15267;-7968
1489;6451;12199;426;16173
-5258;-15101
-12836;921;-8447
-3981
2533;16697;5230
3013;1655;8425;14636;828
8082
5120;-5251;18361;-10445;-11775
-10225;-14786;7460;-15112
-11128;-1056
7602;-17064;-1192;16346;14684
3992
6497;10307;7882;14363;9999
-13429;9927;14136;3754;-14735;-11840
-16867;12870
11843;17895;-1165
-7361;-9700;-9317;3157;-5353
-11026;-17539;-4471;-11389;14428;13711
-4001
-2313;-13978
-12374;-14728;-2552;14119;3339
-5153;-12531;17060;-17288;-14591;3919
1168;2321;4770;15380;-7343
-14354;4147;-6092
-10177;-3425;-917;-14891;-8317;-15438
-8244;8915;8888;1483;13454
7986;15139;-2719
17536;-1224
-6156;-1359;-16992
14017;-3133;-14911
9120;-16372;-9588;-970;-17307;-13967
13952;15473;-821
-10660;-10773;-4134;-1741;6894
3584;-13612;14062
3303;17307;-12478
-17553;3021;6398
-8456;14247;908;2332;-13070
-14961;-3874;13282;2948;16198;6831
-6434;11188;-16141;-847
-14913;9767;7879;5404
-12419;6054;10407
14436;-8181;16587;-3997;9773
-1330;11042;-9301;9220;17093;5991
11472;-1138;-1122;-17353
7830;12604
395;-12639
-3921;-4291;9267;4456;2637
8858;7482
16949;-13319;-1448;5966
10738;17466;12716
7600;-8311;183;12569;-7980
1702;-7499;-4861;-1598
-16354
-2466;-16599;18183;1080;-3087;6959
948;-11881;6861
2352;-9910;-5784;-11211
-12271
16947;15465;-16045
4081
-11522;11178;-11932
-14770;-7509;-6743;-14071;4167;-14318
3233;-9698;3286;-5769;3146;1709
15952;-11873;8205
