11827;-7978;8570;8061
8193
-10035;1837
14769;15697;4849;11722;14414
10211;14116;-5963;-11996;-10479
5968;13299;8534;9769;7500
2453;6184;-15788;-13344
4113
-14833;14642;-9177;-7035
17169;-17160;-32
6740;17865
-8866;-11798;11205;-2861
-9239;16876;4685
8464;-237
12325
13846;-11502;-2302
12331
3872;-5288;17847
14273;10351
-13447;-1389;14783
14804;-17894;10107;-6958
12933;11707
-595;-12406;647
-9057;12561;-17253;16699;-1373;-9839
-14727;6998;14646;8488;1050
73
-78
-9523;-3883;5133
4179
-4183
18056;12313;-17453;-10718;-6382
10993;-11876;-4260;-10672;-14496;1551
14320;17862;14088;7310;6302;-2448
7041;-1459;3365;5755;1773
-1;-2899;-9751;16840
16480
-9369;-3515;-7694
98
-16929;14274;18243;17279
-12389
-16487
-8296
-16489
-8299
-8300
3440;-12646;-10600;14792;13769;11837
-4220
-14577;14701
127
-14418;-14871;-9645;12413;-14576
15970;-6742;-3819;9131;1983
12430
-16528
-386;-17459;-15540;13750;17896;1885
-12065;3914;2250;-8526;17358;1311
147
12435
7354;-171;8396;17980;3452
18227;-10765;13436;-8463
-2050;14485
12116;-10711;-924;-332
-9734;-2710
12448
4256
-2017;-18006;10630;9231
8362
-16674;-15380;11957;-4654
-7428;883;2268
5585;-5845;-17079;766
-5205;5012
3474;16870;4310;-360;3578;-11295
9216;-12308;11845;7063;-7468;-16736
11666;-17396;13293;-7760
-197
4448;-17506;-11842;424;-17706;-7167
-3113;15598
-4294
-8390
-8226;-6853;12438;2839
17872;8039;15480;16157
1360;1076;10506;11839
-2643;7351;-5017;-1773;-11629;1215
-11828;-12957
-6225;10533
15235;-17307;14574
-5634;-18232;-5024
16603
2516;13066;-7916;13036
4865;14466;-16118;8120;15257;-5884
-6329;510;18335
-10006;16796;-7021
3488;-18;1940;8923;6379
7078;4120;1323
-13842;-1410;6825
15665;-11731;398
917;14359;18391;-18394;-10940
359;6618;6636;-5421;-16623
3057;2196;-7061;18431
-241
-16673;-850;5945;8141;7775
4338
-13274;-3357
17328;13938;11286;-17099;7563
-2226;-15925;12086;-14201;-16847
-2723;-10054;-12056;2874;15884;1727
15460;-1464;-17260;-5870;-7503;16382
12752;-2258;-6694;-5676;-14764
1415;-1672
10162;11525;-5355;-16591
3282;8082;-15396;-12789;6885;5580
4356
-16245;17675;-9885
-10677;-7830;14070;6781;14303
1104;-5464
6388;-14846
-12556
192;16881;-16035;-15469;-10416
14019;14630;-13338;15310;-18063
-16655
433;-17272;-16203
274
-10401;18058;13098
17221;15822
-16663
6704;-1060;-5366
-4459;17004;-15997;-5023
-1041;16900;-3288
-8481;-4874;15228;7885;6910
-4053;-14902;10476
-17171;2996;-17013;-1868
-3505;-6597;11094;8584;16109;3277
-2467;7395;3588;4070
-8492
-7512;10588;-11568
-5171;-13748;2710;17613;15279
835;2693;6956;8076;-14158
-8500
10758;15627;-17709;-17741;-7629
16694
311
6179;-6492
-8506
-10629;4884;8533;-1343;-9952
1938;-4563;2940
13457;212;-4678;16662;-6395;-6655
-15475;-10891;-2624
-10356;-18425;7499;-3277;-16719
-7541;-971
-321
15249;-15445;-4221
-8522
14934;3357;-3902;-14720
-13265;15344;-14698
-9235;12661;-12875;-17227;-14619
-15137;-17966
6867;8324;-5099;-14750;-8191;222
-14948;12648;-10329
10418;-7941;18347
-6369;-6244;-2890;-12362;2938
-4641;-12948;-7338
-6838;11494;3833;12763;3675
2326;17896;-6555;15356
-978;9522
8561;10066;7837;-13824
8307;5284;-951
14000;11810;18005;5959;-270
8947;5675;-15981;7053;-10143
-1768;13914;8687
-12690;8239
-3505;-4699;16750
16739
-4401;-12276;-9336;10441;-7503;6334
18298;2543
3697;-12844;-7600
5776;-10236
17570;13973;11611;15179;-12912
12592;1024;13863;908;-15728
11186;5571
-14409;-6446
18261;-2842;8076;17839
-2001;15891;-4716;-15021;-3823;1103
5200;-3493;6501;-1865;-1870
18178;11299;-12824;16493
-8899;-4598;-6790;10214;8344;-10938
378
-12961;7209;14778;-17599
-9218;643
-14081;17682;14101;-935
5409;3167
7747;-12229
-15762;-6580;2887;-1258;-4554;-3791
-180;12855
-16773
12680
3888;-18371;12355;-16791;267;-6317
14802;8072;17770;3706;17486
396
18355;-15589;13338;12235;9500;3518
8873;-283
9461;5687;17287;-7224;15736;8606
4800;-8389;-13398;905;-2240;-6656
-8599
8353;-7944
10326;120;121;-12714;-11418;-3229
-18418;5987;-7611;-4316;3468
-8103;18167;-10479
11882;-16877;-7710
2452;2062
10529;10710;2218;-6655
-1607;-7005
12160;-2547;967;-2408;4537
-14273;-14823
4525
4420;3541;-11514;16271
9654;-3975;-10699;492
12593;-6556;5820;13151
-3377;-9142;-12493
-4581;10636;6669
-437
4536
440
-17476;-16278;7205;1531
-6242;-16754;6567;-1673;18250;-4686
-16417;16225;-16893;-7934
-17703;9068
-11220;3099;7675
10049;10877
-12470;3830
-14708;13288;-8057;-17562;13726;8766
8642
801;-14115;11187;9239;1533
8739;-6405;-4664;9336;9259;8767
-9701;14725;12855;-8478;-2734;6078
457
3920;-12571
11173;10645;3687;-18008;4263;-16315
17872;3793;-13190;-1612;-15725;-12079
11109;-14410;-12922;-6014;17679
-836;11977;877;735
-16851
-6514;6259;2393;11355;6335;13407
14020;-599;13016;-2666;-8303;-15936
8857;10026;-16267;10141
8774;-9244
-16855
-12759
13191;-17290;8044;622
12759
-473
-6949;-3321;14843
13616;1622;-10663
16867
-4946;364
-490
1890;-14672
4340;16635
12547;-18293;4758;9341;12622
-16018;-1141;4373
-13561;-6077;-9536
-4598
-7874;-5620;-5204;1786;17419
-12916;-1399;-15112;426;8442;15948
3590;12537;-6876;-8589;11342;13087
-16082;-819
12804
-17586;5754;6750;5598
-15906;-18242;-8438;-10471;1302;2078
-17841;17698;10710;10438
-529
7729;-727;16088;15209;-15530;2335
2867;1699;-17385
-17604;18138
6481;-18338;18018;-5957;-17222;4191
7890;8834;8390
-12827
-13089;6864;16210;2841
-15284;-40;-6028;13419;7391
17872;-17328
-3042;-9872;4175
-16932
11170;3412;2350
-3683;-3144;-15099;9085
-8745
17828;12197;1989;12069;13817
7619;12119;-13660;-15007;-16208
5219;-12398;7743
8757
-2577;-1157;9958;-17480;6591
1009;-14872;9404;6590;-10895
-9713;-8406;-13002;-2222;-8191
-9234;-13320;12329;-11260;5292;-17151
-311;13176
-5285;5128;10185;6810;8315
10786;-11621;-3840
-2563;-10304
-580
-4677
581
-4678
-12132;-13750;4645;4040;18378;11690
-3524;-1161
-4686
16351;4719
-15218;4119;11690
-12881
12384;7908;-5097;-13881;-717
9925;6504;7546;5517;-2623;-1696
-14257;3265;6291
-8659;-8165;-10311;-10336
-3329;15683;3109;5625
-12899
17105;8083
-12902
11619;-3860;-13589;445;10095
-5378;12727;-16394;17693;-9264
-16104;15800;921
5155;-8405;845;3023
6021;17850;-2414;9549;2542;8031
9472;-16665;6633;13471
1009;7684;4891;-12960
-15825;2911
-7954;-1077;-3884
3856;-7026;1619;1558;6092;-5471
-18194;5276
-12919
14712;-15481;-859;-3103
3750;-1529;7883;-5229;-5182;9134
-14724;8075;-2717;-4079;-11776
16408;-7565
6432;1956;2662;-890;16379;-17693
-12996;3491;6931;628;1290
-3107;8067;-7929;3625
9880;15356
-4762
7379;10435;-12446;-4702
10422;15674;-11963;8283;2830
-4433;12676;9431;5625;18335
13856;-10618;-8016
-16419;-8101;-15688;-17052;11518
13008;337;-10230;-5868;-14207;12175
-17073
7137;15235;10;13163;2012
1190;3495;10315;-14941;-16990;8045
-17094;18005;-7226;-17819;15246
-1254;17582;-3343
-12039;3146
2658;-6166;-1181;17678
2992;11042;6294;-15530
16224;-3861;7079;2587;-13134
-12594;-1282;11364;10868;-12507;-12942
-711
-2521;-364;1276;-7295
11168;-9905;-16038;14062
-12185;3278
-18359;-1802;-5131
11605;1401
-8911
-17297;15667;14246;16298;16861
-113;-9961;13850;14618;-6523;-7055
-13009
-4450;6949;10511
-4915;11284;-1550
-17971;1418;17277
-6484;-15862;-18423;4236;15327
9351;-2088;331;-6864
1120;15745;-13444;-5704;8986;10411
-16705;147;-17942;-17575;17289;-11003
-7378;-3831;10921;-12734
-10417;16115;-11845;5413
-13107;4173
15250;-9012;14984
4448;5490;3094
-5153;16101;-1272;-6733;18284
-10451;-11077;297
4113;-17090;-15283;7078;-9081;-7356
-757
-13054
-20;13604;10998;-7656;-6014;2142
-8963
17460;-7623;-9801;15113;-2091
-4871
-822;47
8968
17161
-9972;8245;949
13330;-12550
-13072
-9349;-6037;-9287;13035;-5532
13076
-609;-7778;7876;17685
-12754;-11059;-5539;9721;-18026
11008;16625;-16132;-3995;12186;13869
-8067;8958;16287
-8990
17760;8608;-993
4561;-15652;15763;1050;11292;16556
197;7270;6711;14056;2107;11421
-10306;-17957;4788;-15229;15661;14046
17843;1995;1547;15499;-4589;9469
-291;7298;-7812;15531;-461;2925
-12034;-11210;-6106;-7547;13708;14188
-15732;-7861;-9271;-13004
5650;9587;6055
12784;-146;11287;-4025;-14991
-9219;-14259;2020;-2285;-6863;17503
12753;-7840
-15089;-5378;13300;1470;782
-6609;-7236;1432;5576;-6272
4916
8218;7754;-4093;5325
825
2273;11379;-14598;-8857;-1402;16127
-3051;-3660;5883
10838;15095;-16906
6920;16490;-10285
-10550;1519
-5395;4505;-4972;11518;-719
-9065;6859;15675;3869;-111
3621;-13030;-8924;-15280
13136
-4945
1122;5413;-2153;-3532
-9156;-4998;-7623;-3656
-4953
9052
8690;13282;-13348;16484;-6661;-5295
-1060;10119
8368;12980
16691;16948
-8978;-4183
10404;15556;-16896
-232;7223;-8445;-9293;-14704
10243;5433;-9371;12943;-10176
10052;17478;11702;-14410;-13306;-12400
4929;456;-6105;-11355;-10894;5695
-16055;-6395;15371;10139;9003;13404
11061;14408
4113;7110;1371;8783
-8231;-6763;-7022;8829
12992;-7777;15737;14364;-18271;-7952
6710;5143;1673;1274;4411;10364
-8506;-4688
8832;-4835;16659;-4905;-14713;-6046
14290;-13376
-15734;2565;12250
-14993;-4677;7398;-13224
-15717;-1589
-1944;2458;4170;8526
-18408;5194
6514;8472;-14061
-17489;2161;-17615;-752
13217
-1714;-17588;-9733;-16295;16731;-1008
-17321
-15105;-15331;13478;-6681;15164;-4751
17322
-5037
11760;10794;-1132
9045;3830;-18044;2526;-6495
17330
-3641;-16493;-16942;-736
-18001;-17688;-3053;-10894;11823
-5297;3584;2337;9396;5307;2012
12114;-13447;-16583;4669
17342
3696;7393;14763;-16701
-16467;3219
-4259;2450;-6759;-16973
7489;6423;-4751
969
-2050;15308
498;16858
13280;6256;18059;-7951
16325;9224
18353;-11410;132;6187
-4295;5128;3500;-5309
9093;-14171
12129;14901;-17560;18311;-10794;16763
14164;-13178
14260;-439;11741
5084
-17820;-16350;13245;-12832
6306;18147;-5671;5111;10792;-13216
-17376
16576;-65;-13157;3177;1195;-8720
10996;-18118;4438;1687
-12695;17788
-18244;-10426;6425;6298;-13725
-14777;16186;7403;4477
-13564;4367
-10033;-16918;9290;1084;8990;16783
5101
-13457;-13062;-9368;-18367
-13297
9539;-11236;-1800;-10474;669
2881;18337;-7911
11392;-2179
946;1940;-16311;-12176
3842;15683;17829;-7658
-5126
9223
9650;899;-10261;8885;1640;14795
4978;-16793;10781
6880;12817;-10722;-13588;-11280;16927
-2566;11804
-1283;-6820;-10425;8058;876;-7838
14659;-13861;-10041
5151
-1625;14969
-15441;13107;-5977;9370
-13793;-13682;8835;-14183;-1006
-18003;15334;-8967;13031;-333
-11850;-9179;6491;-11101
17920;12788;15145;4362
17449
7031;14520
5106;14939;-8780;-7005;910
739;6613;-16054;-8330;-16813
17460
13029;12663;-4986;-7342
5091;-2263;8891;14046;-112
2640;7848;11071
-4825;-15609;-11210;-14475;8174
-11988;-11492;11358;11038
-15042;-8675;-17156;-6775;9881;16202
9253;18295;-14776;8793
982;4203
8754;-2564;5251;-12134;18214;-45
12179;-12150;17447
1092
13282;12390
6135;-1305;-14123
9360;-17731;6243;6983;-13834;-4413
-3461;-12838;11061;-1752;5884
-2988;8190
-17890;-5557;-5176;2940
-17265;2753;-7445;-11973;-16329
168;16731;-18012
1113
14066;15723
17506
-10212;5388;3695
7506;9971;8232
4451;1373;15791
-1146
16419;-13594;-8075
17543
-5345;-8647;-17193;-15035
4771;8682
-5863;16153;7260
16930;-7892;-3772
17555
-5269
7522;806;-13403;5051;-17534
10530;2691;12051;-14875;7389;16159
9370
17490;15460;549;14809;-10266
17235;-11960
-6521;2296;-16250;2909
-7075;-6395
12021;17839
5840;7526;-5240;-3689;-16685;-13520
3314;-8731;-2351;17151
9323;16446
13680;10737;9545
-17237;13173;12310;1691;10540;-11085
-17941;3909;-15562;-8478
7638;-1528;-11416
5000;6314;13722;17134
9407
-18077;8668
-13505
-15362;15875;-6356;11164
8274;9055;16671
1814;-3055
-2579;16941;3262
-13458;-13972;12165;6726;7580;2204
-2035;-12547;-13142;-13592;-17279
14528;16362;-15852;14893
7540;18297
4037;1292;16413
15008;10830
-1505;-12202;15820;7997;-11375
5365
-1572;5864;-13756
9464
-11259;-6942;-3552
17161;-3600
16656;593;10235;5739;-7373
-15235;7010;-4787;-18166;5414;-88
10435;11321
6272;9413;9638;-5449;15578;-9597
15968;1697
-5128;10505
17561;1595;-12588;-7853
-12617;-5053
-18019;-17955;-2278;15688;16362;-15565
-9617;-12626;-7718
-18386;14548;17415
17799;4536;-490;17258;11339
4432;7764;17767
9484
-13441;11880;267
17677
-14835;-11366;15849;15741
14753;-2003;8627;12598;5499;2782
-15461;-12935;10714
15730;1219;13161;-4716;16863
1800;8649;-6282;4138;-7007
-7761;11027;2403;-4367
-8721;3318
-13701;-4486;8687
-13895;4392
12564;-3655;-12620;18398;-13375
14200;4299;7391
15378;-1775
8583;10046;15455
2296;-7710
17702
11914;-2397
10193;-16450;6769;-10571;4636
-13615
4173;-2846
-17712
-15846;-9239;9770;-6044;15934
9520
-13713;-10755;11813;3131
10051;-15914;-7758
17719
16487;1240
14848;14992;5696;2369;302
13395;4332
-16452;-9469
9733;-7194;-11243;14730;-11468
1729;7362;9446;15579
8195;-14901;-10617;-8603
-7537;8886
-7130;13449;5674;17901;-16415;-12128
9065;13273;-13981;-13806
16164;6453;-783
12442;-3531;8831
8461;-7103
5457
-16289;7410;-109;-8701;14444;16895
-16573;-13472
3137;-8899;-8261;11687;-5273;2139
-13665
13104;-7937;-7593;3802
-17763
16976;1105;-16702
11506;2290;-11459;-3797;79
-9224;-4446
18017;-15306;-5116;1580;-16941
9575
-5155;-8905;-4507;798
-7091;-10869;8503;3228;4956;-8304
3200;11363;-678;2972;-8799;9711
-9583
-11201;6848;2005;3741
17393;-13319;-13664
1573;-15321;7804;-1118;5663
3010;-16298;-3438;3038
8993;-3497
938;5083;-15616
10097;4164;-15546;-6382;-6031
14308;-4600;6760;9529
14100;-1244;7596;9406;4334
-15014;-12377;7130;-1645
-12913;-805
13041;10563;-1694
-9631
-13426;12836;7720;-12971;7279
13121;-213;-14438;91
401;-18265;-8153
2005;8326;-8953;-14365;17821;4798
14080;7841
5574;17399;7095;8936;-6205;-6781
-15762;10082;-13702;-200;1753
13712;-7686;-15664
12217;10782;-1072
-9687;11134
-6979;970;460
4656;-6306;-7171;6723;7468;16573
17847
12161;-15676;-14334
17540;-842;-7039
9040;18247;-9497;4159
7779;-16759;-16298;13930;7371;17742
5776;11040;17431
-11908;-4181;8359;13310
-12562;1458;15911;-3321
13775
-1107;-11349;-9641;-9215;10159;11471
-18342;5719;11133
16305;3954;14675;6581;-15448
10800;6940;-17952;-13568
5588
-657;10449;10231;6075;-16413
9477;-7982
-5593
-13787
13205;-17975;-9019;-8192
-17411;11875;7891;7337
13041;-16499;-4629;-2188;-3519
12145;13765;-13238;-3495;9018;-303
2759;10893;-4430;15295;-14816
17895
6529;-14340;3305;7465;14938
1300;-11006
11075;18054;-14732;7597
-4721;-5431;13638;-14729;5386;11470
-10231;519
1360;8353
10244;16012;-4255
-13460;-1925;-2524
833;-17667;7523;-410
929;-454;-14088;-3006;2799
4565;17721;3821
1638;3720;14442;-14172
12468;13644
10296;-16218;-9387;-8619;3451;14844
-4241;-12395;-13275;-8492
-129;12987;5069
-7371;-10557
17003;925
9621;14949;14731;-17900;4719
-7733;13375
-15490;13858;-13813;10299;3597
9448;-90;-17580;17964
-1490;6244;14648;-15706;-2144
-8348;-5501
9753
-13603;6921;8412;-7389
-7768;1369;16970;-9387;4475
-15650;6657;6531;-17796;-14077
15201;10943
-15559;-2394
-2129;-8116;16855;-9864;-10606
5668
5089;13828;-8698;6394;-18189
12596;-9899;3498;-17308;-6847
3841;10023
8474;-2799
-1580
-16197;2329
-8675;-3093;1705;9774;18255
11969;13207;1431;-4541
-6123;-3662
1596
9788
-13558;3766
17984
9794
5635;1092;-373;7301;-7966;-15487
-1202;-1030;1225;-6411;-6477
-14417;8710
7539;12230;-18158
-13026;6563;324;-6743;-17407
11075;-17045;486;2045;13247
-9812
-14034;-3364;6451;5577;-731;-3711
16006;-14922;-2955;251
2181;15159;8857
8336;-10499;-14388;-13744
-5722
-17649;4049;3781
3456;7944;2044;-16079;-9375;6287
1627
-2498;-2281;-8841;-13436;1775;-13216
-18018
-41;-13883
-10563;16295
5960;11902;16543
15332;-8413;-16749
96;-9768;4939;-1008
-18216;4283
-11889;-7383;11111;17374;12911
-11890;8660;13067
8359;-202;-9803
-13509;14331;11996;9308
-1701;-18167;17927;17353;2621
-4332;16781;-6704
18034
4912;13105;-2867;-9864;12748
10256;-6273;-6534;-12086;-7496
-5750
-13942
16402;12132;-7399;-9978;-2172;-14735
1397;8071;11673;-15391
-3846;-12329;13049;-7530;15739;-3423
4592;16405;17862;12871;11370
-10962;6806;-3544;5785;2285;1295
-4235;-13819
13970;12276
7751;-8457;10571
-9867
-1250;-18022;-10905;3915
9153;11089;-16828;-9198
-6919;-10411;-10573;-4829;-1726
-7473;-12774;14460
-4513;945;-16003;2120;-6283;5659
-6065;-3819
11909;-10135;-3709;-7950
2677;12872;-14457;12893
8467;2407;15401
-9553;17553;-13234;14948;-11421
17698;10931;13701;-10811;-5232
-5808
4212;5191;-15212
14261;-135;7607;2250;-13694;7807
1712
5809
-18100
13034;-14750
3729;3170;-14683;17723;-4127
-3460;-533;4965;17129
4326;-16680;15113;-17855;1087
10113;8292;-17349;6903;18151;12477
17333;-10696;-12459
-14641;3990;-5943;-11641;1933
15154;2955
-17665;8532;-14841;-5322;2987
-13426;-17973;-3103
6167;8808;-5050
6928;-1746;17623;233;7369
-10226;-10068;-6990;1949;13775;13295
17793;-7012;8550;-6620;-2784
9169;4341;4790;-12184;3817
-3425;-10606
931;-868;-2758;16725
5840
8817;1119
1719;-17945;10383
-5493;-2454;-10184
-9940
18400;15656;16664;-16585;1566;15199
8818;-2406;781;17613;-14863
-10740;795
5441;10515;452;6168;3755
721;-13619;-7094;18234
-13026;-4934;13417;5578;16570;4639
14055
3427;6424;15576;-7454;-10094;-6112
11386;10862
-18153
5264;-8024;990
9859;-4537;-3549
13104;5055
-13045;16004;7270;12026
-14066
12537;17913
2659;9174;-12127;-17872
-9297;-17066
-18174
-11138;-3701;18230;-1737;8889;-12334
9984
-3800;11452;14621
18416;-16247;-3965
-5892
1552;-4931;7587;7751;10319
-14092
16562;9818
18146;-10500;-1744
-10177;16672;-593
-1914;3949;16159
-15234;17045
-12804;-3701;13143;5465;17821;-9920
-5909
-673;14402;-3907;18387;18122;8731
9722;-3709;14780;13790
-14257;-251;17914;6604
13521;-11657;1036;3021
-10546;7369;16410;-3214
-10017;5285;16903;6044
18113;3896;303
2299;3629
1832
-4161;-13076;-13477;-11862;12071
9062;-11771;9098;-4556
10660;15750
2016;7376;-5395;4821;1209
-8675;-16521;2878
-17905;-16931;3142;3438;10031
-10721;2384;-17589;10821;971
409;17626;-5932;-13952
6656;-14531;-17446;15365;12791;-12879
16374;5960
-16833;14621;-8399;-15824
-11633;-14451;16023
-18018;15841;-16076
10061
-2278;-13625;-6761;7945;5066;7774
14168
18264
5712;-17457;-10617
14016;-6530;10933;-16537
-2216;-8010;-12141
-2785;-13979;-5980;13868;10764
-3074;1179
11250;-8423;-839;-16665;-7596;-109
14515;16182;3208;10938;-6077
-9058;7151
15840;12562;-85;5813;-11740
7302;-9215
1913
17396;-1098;-5419;11516
2962;11491;6120;-3324;17180;-12031
-6951;-3161
8586;-10507
3040;-10243;-4761;-10826;-4829;13406
8404;-8173;-2159
-14322;-242;11586;3878;-2830
14330;-111
-14658;-2422;-16205;-17806
1940
16369;-3091;-14870;-13289;6717;2127
-4593;18404;-11865
-15313;-16913;4180;12886;1661;11549
1188;363;-15150;-640
8402;419;3237;13079;11903;18159
-1860;-93
18338
7576;9277;-14896
17495;-7932;14780;6286
-10152
9412;4551;16670
15207;-9819;8862
12113;-1318;8886;2763
12179;-5241;1017;556;-2301;-8176
1729;10802;297;-3660;6943;10431
-3237;-1573;17529;-6315;16043
-16290;-3460;9589
-8209;499;1642
-8017;-12356;-10919;-17113;13688;-28
14267
-13813;-6311;5854
-6498;-15965
16785;-10755;18276;12278;4571;9981
-5953;-5846;3737;14142
-1926;3883;10669;18031
4034;9187;1462;13497;2478
6082
12994;14475;939;6348
16081;-14887;-14464;-17392
354;-3187;-17588;8007;1385;843
-12421;-14152
7294;-17487
-17555;9222;-15016;-7416;91
15126;16776;-12012;6687
13232;4704;4851;3534;-16127
4528;-4679;-10046
9683;2519;6809;-4718
16232;15116;-669
-11460;-6693;-1541;-15797;5514;7487
-12969;6859
8136;-10729;-15805
-10207
-10210
11446;-14283;15019;10316
15366;3324;-4382
-16386;14365
2049;-16818;3973;-11994;-11999
17558;-7625;-4185;-7770
-15527;11318;2187
7776;-3956;-10744;-15581
-9812;8040;-15390;-9440
-6148;-5686;10726;-1194;1290;3039
6832;13888;-7528;-7069
-17681;2625;-99;17939;18075;-2445
8434;-9174;9285;9869
-15019;13067;-654;16126;17182
-14973;4749
5712;2439;10265
10770;5731;6011
-4213;-9173;-5031
13253;14727;14968;8238
-6133
1252;7541;-11512;6200;10844
-2039
-10233
6098;3862;-7319;-18183;12295;5289
2096;17316;-986
18428
14100;-5702;7918;-6080
-1529;-8907;-1883;-4062;2047
8116;389;-12743;14475
10100;-5593;-10650
7091;11388;-8240
7949;-5902
-13702;15752
-10308;-17462;-15243
8391;-16429;-10400
-9606;11662
-10081;-11816;9866;3261;14926
434;11906;-16679;-7243;17741
5489;12409;11739;9293
-5843;4990;-1215
-9857;-11812;17640;8665;18235;-4416
-15716;1354
2996;-17399;6507;5821
256;-16268;-2448
-4497;-5011;16741;13962;-10926
14896;-9410;11362;-8794;15274;11517
-8654;-13904
-10273
-6178
7425;-4965;18262;-13307;6955
-4087;8231;11628;7534;-17119
-2962;-6069;-3512;6351
12968;-15068
-10645;350
-16535;-1952
-2904;-249;1049
-389;14783
-15713;-1059;-5757;14973;17854
9265;-1123;-15801;12794;-7243
16491;-14383
-14398
-8369;-17701;3253;5707;-5485
4210;-3622;17911
7489;1651;-3485;16941
-3018;-12335;8078;-7136
-6968;9655;16344;-7052;-1662
2576;8147;-3285;278;3914;-17852
18132;-17927;6473;-16650;-1340;13438
10319
16708;15972;10215;-5114;17594
11700;1653;-9387;-6096
1847;8475
2130
11654;10956
17771;13069;-10014;6718;10798;17039
1714;-3508;-1060;14170;-16492;-17438
2898;-14261;1686;-15961;7963;3245
13744;9284;-16789
-11057;-10339;15032;13480;-9261
41;6205
11731;2163;-16645;-14006;10508
10115;7444;-12794;-15114
12384;-16011;8395;-14413;3390
-15942;13782
-6261
13046;758;4749
-16006;3197;10639
-11235;-99;12151;13304;-11561;-4733
11712;10943
-9478;-6182;551;16889;4491
816;13938;-6746;-15836;-14830
-3363;-212;-2685;-16398
6426;-8606
2530;17448;-17789
-9761;3619;11878;7082;16159;10079
-2005;-4285
-15817;-10746;-15630;3134
-16162;-6516
7862;-10064
15608;504;5547;13311
-3605;-17656;10155;13309
-10396
16592;3224;-9418
2210
-10405
-469;10874
4240;-7874;7284;13172;-1500;7372
15600;17649;1924;-2920;9245;-10608
16965;13193;13021
14507
-307;-16548;-5847
-18104;-8698
13782;-10700;-9357;-8240
15024;-11203;-1595
3045;15567
-16034;2018;-1210;12490;-7693
6333
-17745;-11448;-1721
4105;2234
-9620;-5503;8783
15265;-13832;-175;-7600
-6258;-4920;-3357
-17140;-2024;527
1266;-13832;14474;4442
-17859;-3683;4098;-5284;-4105
5525;15047;3543;6156;-8382;-15534
-13207;-8905;15755
14553
835;17477;-3755
-17252;9912;970
8706;-8151;15559;-15963;-14715
16304;2449;15893;-15981
9792;6818;-9126;17097;-13565;-8734
12880;-14194;-1525;4155;-16382;12781
-6382
15104;18422;-16073;-6974
-16801;-5842;-16509
10481
-2770;6501;10846
-14581
-14583
-6178;-1827;-14725;-10632;6490
-2296
9233;13543
-1637;8122;-14031;17135;-11888
-2097;-10056;1662
-8820;6518
11975;13354;-16588;11997;6141
-4401;8438;14905;-4350
10499
10500
12866;-6458
-14901;-9495;1497;-14682;-3949;14639
-3766;-104;18170;-17086;878;4222
11507;13539;-5306;-11181;1951
10511
-6868;4547
10514
14720;10402;-8456;6954;15567
-5915;-8702
16384;-2723;-9399;-5501;18111;-2256
-4132;-2760;-2120;13995;-11408
-16195;5620;-4045
1985;-16102;1270;-12619;5774;5071
-2743;9496;1773;1999
-8743;-14072
14623
1088;-7219;-11188;13047;-13773;7516
3488;15232
-9281;15313;-5460;-6244;3333
-12926;-9903
13921;-8293;-18185;2377;-16748
-1036;11580
-16513;12849;-10151;-8732;-16847;-16208
-6451
2355
-2356
-14645
9616;13220
-7217;17543;-205;-8512;751
9924;-10007;-888;-4568;11998
10556
10548;-6405;-4925;9469;-2224
14655
-11255;-8953;-2603;7484;8861
-7969;-13923;-11786;-7322;-6427
13250;5206;6438;9080;842;4427
-2163;579;-150;11371;9132
6544;3779;7620;-6300;-18125
-14450;3867
-9881;14504;14411;9278;10943
-12308;10901;-7817;-18105;5498;7150
-17943;7000;-7837
5817;-16411
5504;-8628;-3849;-7725
14914;-1107;472;12280;4412;8303
2413
-10065;15035;13437;12685
3745;-13751;8350;8174
-14713
2428
7713;8706;-7189;-13146;11401;-14010
-11266;-18424;-14762;-2668;16509;-495
11461;-15162;7993;10430
10393;16622;-12287
2440
14730
-5217;-13615
18032;10833;-3490;-137;9983
15394;-12515;-15627;6190
-1140;14132;-10860;6685;14126
2147;-219;-8491
-10373;-15032;7433;15502
-4546;-9701;-16895
-6356;-8405
14760
-13627;2956
6574
-16834;3891;16371;13165;6366
-9382;4779;-1983
10681
13617;-7031
6587
-82;-9011;-14012;-3967
5057;9829;2310;-4329;16058;-10045
-15490;-14010;1676;4847
9808;11411;11524;-5670
10694
-13190;-17384;-8795
10700
7024;13091;15892;-730
9008;16531;16867;-17254;-4952;-1305
8065;12244;-2201;794
8787;12774;-10375;11814
-14810
17968;3380;1428;-7287;16505;-17183
-16147;-11301;10036;17397;6636
14993;-9908;-2551
-14849;22
-2899;14059;-429
-7885;5341
-11587;-4947;-11880;16639;1023
14496;-9912;-7145
13431;7756;18237
12212;15519;-4688
12290;14819;30
-7458;-15587
-18321;-14820;10095
11284;-18010;-17055;17119
-8770;17698;1834
2570
13653;-17110;-11408
-15043;10933;-10777;-8175
6538;16527
6352;8675;-10212;-16968;15563;11471
13554;9958;10973;17262
-8442;-13102;-9727
14071;-16670
13204;-15807
-7929;2875;7659
-2177;-16818
10264;17704;1561;5850
2613
2614
-6711
-15585;-12036;7433;-7003
5169;14568;15647
10810
1459;-2151;-5051;-973
-4457;1835
10981;8024
-15841;8401;4817
17088;-1877;2406;12567;-2985
2993;-4740;743;6328;-16143
9553;18337;5206;-9993;-2030;-6159
-17013;17397;-15308
-4323;-3973;7161;-17885
10420;5512;-1197;4285
14925
6735
16385;18291;-13035;1099;-352;4831
-3845;10586
-15058;-12341;12459
16113;15213
2467;-1301;3429;17784;-157;-15471
9606;-17307;-13214;-9470;-9135
6994;-1638;5705;-4106;-2779;-15037
-14804;6629;-10825;12235
-4609;7014;8327;-3968
3701;-2407;-13225;-3035
1233;5540
-6578;13316;-6250;10383
-12594;-10693;-13765;-13846;3161
4971;18191
5938;11106;747;7647;5919
-5025;-6725;14442
9937;1508;-12378;4059;15951
-16801;12404;9911;3310;-13600;11567
-7621;15797;10903
-18338;2243;17555;-790;18411
5424;4116;-2746
961;2744;-7578;-6572;16379;17244
4306;8711;18364
-10902
854;-13048;4377;14623
-11972;14918;2247;18055;1899;14431
10628;-6858;-5179;-13596
-8795;8170;-2094
2;9813;-7320;14712;-9549;-10383
5657;11740;-2383
-1942;-4582;-16686
-6305;3378;16594;5451
-1617;-3030;-9574;-2073;-3513;-15696
-13073;7873;14440;-2410
15025
-17109;12680;1802;-9548;5340
-454;-7463;-8621;-10781
8951;8635;-7373;-3598;-17550
-15593;9337;-8780
10092;-4302;-10495;1438;6015
-11347;-17339;-14140;-894
-4977;4292;-2375;1006;13007
144;7308;7598
1970;-2585;7656;9979;-9743;15967
-12785;2625;-13555;-12744;-10776;-8780
9844;-5065;169;2045;3967
-2769
-10963
1200;-34;69;-4011
15266;663;-2506;5739
-10977
-12129;14914
-4922;15902
4659;-1870
-14662;16047;-12368
-15083
-13521;-17952
-12531;5558;13871
1633;8337;2946;4643;5727
3383;-17194;10522;-17691;14077
-2833;2948;10884
11225;-4314;-17771;-4237
-2978;-14998;15166
18152;-9803;2653
-15099
10018;994
12887;-6142;-9567
4933;-5418;11498
14227;-14293;-14039;-15197;5996
-3474;-3203;-18089;16905;14783
12497;-15326
-18211;-7083;-6208
-5624;7275;5277
3920;-5938;-6675;-14574;-48
2840
-12930;2900;7188
15603;107;11710
-16994;-1874;-4821;14957;9709;10062
7106;-3814;-8605;2463
10305;14340;-4953;-11113;-1834;4298
12019;-10903;9035;-7296
-7894;3612;-6767
4784;-17444;1610
-11056
13857;-791;2087
-5625;-2747;15003;16715
-1080;-824;14216;15131
15492;8438;-4672
-15165
5381;-7830;6998;10616
6973
-3587;14898;9626;-1676
-4994;-13171;9604;-6541;-7455;7391
-17732;-13819
18320;-8376;4474;13038
7161;-10044
-10370;-707
14776;4492
-3022;-12158
9296;4007;-2219
-6990
-1796;-16230;8634;-13984
13760;9618
-6995
12138;-6767;-12368
12482;13735;15337;-5885
-5617;7574;-8958
-15195
-16822;-10670
18305;-7197
15905;6930;17366;5931;-14543
7315;-4841;1278;7358
-1253;-8231;14486;6109
-11114
7153;13842;4868;10969;13771;13759
13537;9362;-15796;-18223
2498;-17716;2646;-17369;2248;8380
-16433;324;2956;-2064
10855;14702;18334
13169;-12900;3660;13998;5486
-12913;17655;2287
7030
-3829;16823;7128;11545;6778;5451
12731;-14430;10318;14799
-16452;1225
5793;-6194;5094;14630
-11400;-7930
10049;13707;-7820;5630;-16768;-11840
15604;16729;8138;15725
-6393;17535
-17057;-8852;16598;2263
-2957
-11151
-6231;13287
1849;-8908
2962
-12243;6722;947;5783;-462;-3712
7222;-15421;-7056
-2968
-4425;-7407;8862
13171;16053;14665;10505;9418;12891
-4410;5562;-9184;959
2416;12136;13002
-7078
3842;7332
-18;-8355;5545;-16539
-3305;18266;460;16238
-3239;6234
-15287
9570;16482;2969;10843
336;-4947;-13658;-5215
-1636;1060;10901;4972
-6770;11970;3925;10269
15299
13072;6324
6067;-12024;13066
-6533;9510;16422
7137;2978;11686;-7351;855
-147;-5461;10971;-12478
9168;-16258;-9639;-3431;-12124;-11696
-15309
17748;17030;-11275
-18148;776;6233;-6736;-13824
-4833;16052
-15589;2068;2853;5511;16632;-8447
7127
-12721;6867;-14071;-7545;-12427
-15905;-3451;-4157
-2549;5582
-16403;-5875;-9;-5323
-17191;-4503;-16552;9181;1453
-1873;-595;-10106;1693;11198;6814
-578;6855;4953
1060;268;-12559
-11410;114;-9845;-10573
-3045
15777;258;10628;-825;-6410
7794;14517;17598
8759;1468;-6206;-1902;-13359
3171;16757;-11256;-11720
9435;1807
-4091;9531;16316;1775
15072;16659
-5448;8507
14051;-12442;-16957
-3121;-3061;5223;12601;11898
-5300;-5765;14125
6547;8154;2541;15757;11023
-5889;-6118;11974;-6375;-1272;-7674
-7748;-9205;-8119;1559;-6233;-14283
12341;4937;-1920
-16931;-1316;15176
-11992;-4681;2571;-17645
-5573;12292;-10405;-10685;11294
17536;690;-13975;9063;15641;15082
14022;-17102
6340;-13880;14716
-7098;-8271
-6626;11554;4747;13887
9393;-3398;18071;-8297;-18298;17899
-5540;-14228;17589;18102;10285;1455
9232;6145
-3092
-15380
-5265;-13446;-16284;2749;-11983;-16207
6208;-5893;4934;-4585;-12763;9006
-13157;11481;-9610
-16402;9212
180;-11467
8832;-5652;-9400;-5068
3681;15988;-15238;15052
15389
-7202
9808;-9542;7143;13401;10970
10466;-10057;14730;-4619;4878
-2099;13814;-413
9329;-420;8168;-1678
-11305
9889;14034;9675;12683;1887
8592;-15806
7954;2212;6454;-13768;4312;-14380
2644;12765
-161;3251;-12423;-6079
11321
11324
7228
1123;6742;-9864;-9328
-3136
9697;7170;2653
4730;-16060
-852;2068;10117
13969;-18132;-3653;7819;-2333;-13103
-996;-6245
10868;-8470;13932;7295
7242
10784;12844
-2709;-18040;13501
593;-11940
7251
-7713;-13298;-3210;-4734;-11071
-12290;3587;-10487;13735;8617
16944;-6545;-15778;-16228;-10552;12607
-11682;13461;2117;-7066
11363
-3172
9729;1636
8593;-11303;10697;-875;16542
3249;129;-1955;2757;-11453
-481;-2338;-17204;-11014;-3692;-5312
13640;-4236;1965
-11587;-17797;4740;982
14529;9460;-11207;-11273;4508;5358
15478
-1091;12755;7107;-13830;-10968;-9455
-11603;-9654;3129;-9323;10028;14223
17428;14445
-9658;12861
8576;-13401;-14858;16478
-17528;-6029;16255
2340;-11270;12455;-14924
-11403
16257;-6882;3526;-5354;-240
12288;-7011;17161;-8810;-5850;7725
-8354;4613;1771;5213;-10558
-15128;-11928;-2169;-10859
12968;10731
6800;5072;-11842;-3254
-9857;-15717;-3302;-15312
-7326
16448;12052;11594
-3377;10241;-18340;15509;-17911;-18028
-13521;-13288;841;14537
15862;1558;890;-10976
6181;6328;-13163;14586;18045;16317
15530
-3429;-18231;-10924;8861
15531
12405;10118;-14926;7935
11437
-3170;274;14454;5495;-959;7631
7345
6544;-7446;9738;-6160;8767
7351
-14885;11628
-7358
3514;4171;-15054
7370
-3275
-205;-13902;-1456
-13447;-2122
1894;7530;-12363;-12639
-15580
-4482;-5715;2805
225;2727;-2424;-6313;-4537;7021
6456;17326
-17697;-8370;8124;7262;-9008
-17623;-8409;-1850
-7405
-9025;-2577;14514;-16429;1101;-11375
4358;-14410;-16763;11215
-14898;-13480;-15481;-9932;17711
-7554;16517;-3049;5290;7180;-2783
5377;10978;-17997;877;9438;-5360
2401;7802;-3838;-17872
-6334;-5183
14691;-14837;-4022;17493;-2109;-14541
-5284;-4812;-9629;-7360;-13104
3325
-13383;5516;445
-3329;15604;9414;-10171
-10523;3340;14606
-12482;13746;-2900;-12505;-8649;-1022
-1025;-4386;-3541;16381
12280;-748
15629
-16018;12951;-824;937;12972;17900
-5941;149;-15703;-14393;-12095;-8608
16108;-478
-17889;-16051;-6268
1648;-725;10471;-16904;8859
-8817;-15015
-11028;-8586;-12412
4913;-7380;-16875;-4493
18049;11673;-12860;6543;12719
-12885;16248
-15729;13601;18308;-1655;-10810;-351
3041;2355;-9829;36;8980;-12055
-7473
6209;-6580;6939;-4908;-5038
13843;7797;10826;-12702
6848;-11969;964;-11307;16267;-4190
-2021;8133;-13600
-15681
112;15499;8315;4045
-12675;5178
-15689
6243;-1706;-1136
5561;-6476;4317
2914;-10413
-1042;98;-5925;-9307;-7612;8094
-16531;-3971;-7414;823;-13049;16249
-7510
-1426;9380;-10309;886;-15322;1086
6048;-10487;17449;-5356;-4237
-5491;12805;17514;-11691;6667
-10569;3051
-16662;-10188;-8975;-12656
-11637;4422;-7306;13130;6427;-8462
16961;18085;1147
-11604;-7525;5913;5693
12192;-11059;-16179;-6679;-8680;-1695
-3429
-15720
11092;-3045;-16217;9980;1631
10019;-13367;14984
-15734
-3329;289;12981;-1935;11823
5461;6183
12336;-2437;-11623;4700;-10527
5282;-6055;-2060;-17007
10053;9654;-3962
10865;-4725;1413
12306;422;150;5000;18349
-660;5190;-2009;553;-8362;12843
13687;-7709;-17632
14643;4870;-8201;-9819;10570;-15534
-7441;-8354;-6004;3588;-18029
-11431;155;4252;3549
9701;16438;1145;-8159;12862;159
-6057;-17038;-17247
4550;10281;13226
-18019;-2406;-5079;-1196;15022
-16626;3702;13176;-7804;-12319
11679
16087;14490;-10012;9852;-10543
-13010;13585;-10083;-3495;13606;-16383
2288;16544;13331
-4419;-11188;1512;13993;15883
15782
-2024;-2233;-15849;-3871
-16596;15286;-2877;-11600
-7347;-457;10346;13244
-15665;-4220
13126;9737;4937;17915;2844
-15794
15777;-4418;-16387;18037;-17703;-2911
-10517;10478;11743
16490;11599
-10583;472;13627
-7940;-9015;-1192;-2477;-7470
13408;16847;6031
-7615
15808
7620
7621
-7347;1267;2550
-5816;11641;1802
3535
-11683;-14984;15016;8107
-3545
-11268;-15386;9418;13434;-13886;10046
-16866;-8211;15591;-3514;1259
-14006;14826;2730
13569;7473;15396;5604;4407;6254
-6353;-2647;-6585;9981;-17279;-5248
15843
7652
-11447;-14251;18045
15457;10706;-4660;9846;-6635;11611
12576;7432;-7259;4202;7086
-2386;2052;-4138;-9933;6750
15851
4372;-1223;-6715
-3567
-1282;7330;-949;-12765
7665
-721;-1122;9511
-2632;6204
-7062;1067;-18064
-7678
-10722;-4467;16052;-2567;11815;9855
15986;2756;7319;9943;-2362;-5483
7681
2448;647;-17066;-1904
-11667;15975;-12155;-8028
11784
12225;10002;15592;13291;-2462
14325;5718;-12668;12603
-6273;-16900;-17286
-15714;-12167;-17048;-16072;16442
-5858;-17509;-1190;16861
-5976;9579
14834;-4407;6583;-10124;813
14850;12594;8941
-17601;-2919;-16871;5101
-6532;10153
14306;-7604;-6695;-15002;16364;2254
-11351;12888;-11546;9850;3788
-17889;15717;-13751
11829
-1831;9564
769;15563;-14173;17868
-15934
11331;4602
-7744
-11160;-5593;-5132;-12588;-18333
-14595;12424;-13565;-8398
-15943
-3658
3137;-4361;9448;3626
11648;2930;-18239
3660
-11895;-4058
-294;-8808;10120;-15230;10542
7767
-11869
-10801;3027
-17121;-12732;1596
12851;16838;16602;3133;-17070
-11655;15341
15976
15046;-3803;17021
-7786
-7788
-15622;-8140;-12300;-4494
10913;17890;15852
7795
1734;-7325;-2206
773;-12667
-13892;-12389;-1993;12281
11328;-7621
-14356;-9834
7809
13856;6865;-5111;11993;-14799;-4991
-14520;-11609;489;-10847
7506;14180;-184;10601;-7899
-14777;-13529
-16021
-3410;-10004;-6635;-16459
-3744
-5985;-7413;-853;-7143;-11625;4699
-7843
11939
15857;-6532;-2294;16391;6632;14653
-9938;-14931;16515;-16038;14310;-1865
6049;-15910;-1740;-13852;17598
10897;-3526;-17837;-5582
2566;-7514;-5772;12525;-5568
2624;1089;-15130;11673;3518
-15870;3902
-10358;-9190;-10294;-17415;-6184;-15870
-11265;-4805
-10517;5190;8904;204
18193;-10964;16835;9162;3324
-14067;-2373;-15574;-4556;-17103;-15647
16073
-13590;9803
-7380;15268
-16962;8419;-13030;-12762;-2237
-10225;5411;5012;12261;3691;-4144
-18136;10472;-5866;-6671
-9348;5412;-12682;8701
-3822
7917
12128;-4210
13501;-9679
-6273;18288
-12021
9480;10732
-3833
12025
-8193;-15185;4311;-395;14891;-11552
-3846
8038;4134;15705;-3547
-611;6019;-503;-16955
3127;-6987
-12707;9842;9139;13975
5041;3706;-14779;-18316
-16158
3871
-7922;-17955;17415;-17915;-6172
12769;10290;-8118;12910;607
17984;1778;-7687
-15937;-16620
-113;-2641;5624;-13450;-13787
-7993
-9473;12294;875;8413;-15
18369;6662;8232;13519;-6016
5383;15835;-16494;1581;5791
-13219;4008;-13865;-13632;-16352
10336;5714;14770;15491;520;-14250
3911
-14839;10696;10107;14333
1715;7108;-437;9893;2023
-3923
-882;-2119;-17308
4532;-10405;10505;8492;-17055
11873;14675;-15477;-5494;711;5835
12531;6709;17605;8397;-8543
3936
-258;-9363;1955;6345;9356
-145;1953;14423
-3154;15292
16482;-2277;6197;-12360
6131;-2294;-3339;3451
-8549;-2200;-17209;11720
10099;14668;-9037;508
-7345;17360;-3079;-460;-2526
3761;17665;7730;7567
-7665;10225;14769;-3357;6367
16084;-3934
17330;2132;-7311
-16248
3966
2481;3781;-5174;2879
3968
-15633;6583;-5453;-3773;-6174
17160;7290
13732;11653;3977;-13103
-14706;882;-1687;-17135
-9346;-1666;-15765;-4758;-13401
16266
-4819;-12308;6935;-12492;-4734;7054
3504;-17267;-12436;-16693;-9702;-16924
-3984
-8082
2372;-17688;-6811;3563;-16685;2591
-4997;-7181
-7452;15535
3153;-11237
-6084;-10192
12641;-17623;-2024;-1083
15099;11870;-6592
-10765;-17807
1616;-10898;-11101
9910;6378
-5176;15849;-15547;9643;7423
10121;17564;17277
-10450;-12930;-6952;-14636
-13201;6033;15285
7105;-3829;17913;-9915;-11086;16127
15785;-5211;-5645;-17152
9335;4348;2637
-6757;-7926;6887;14457;10814;7039
-4037
-17428;11149;-1856
-16335
10080;10581;7399;8359;17641;-13147
-10135;8743;-2253;11790
12197;10166;6265
1409;-17754
11222;-13209;14238
8157
15523;-11461
11666;-15862;4069;-12903;8967
-5156;-16425;1133
2887;17560
6897;7909;-10743
4066
-11602;5173;-5085;-7149;18284;16749
-2184;-15917;14428;11853
8115;-15147;11117
8181
7232;4284;-3328
10241;-6834;12975
-2;9347;8808;-9962
7024;11584;-6457;11529;6332;-1341
