16388
12548;-16654
11189;-11200
-11366;12119;-6696;11499;-17856
17952;7793;17028;-9977;-3021;3007
6851;15924;17305;-623;1518
9572;-16949;5383;6108
-16791;-18392;-6634;-11454
-8482;-12022
-14638;-9966
8708;-13261;4924;-399
8224
9122;13442;-12087;-10104;-5785;-15102
-8227
-8545;16773
16422
2065;-5347;6242;8090;810;-11901
-17629;-2894
12334
14224;-5986
5572;3446;-105;489;6713;316
4471;1048;-5568
833;-951;8359
4306;-565;-17896;13624;7929;13133
4148
8577;-899;3989;14247;6431;479
834;11557;1322;-13773
18177;1451;-11372
15630;-15039;-17040
8707;15960;-11211;-13390
16176;-13113;17484
-8263
-5492;7656;-1675;1357;-14207
-1941;-3594;13899;12188
5242;-5168
-6858;5117;-16015;1295
1832;2088;12540
9443;-9367
5394;3464;-13037
1003;-6014;831
-18406;-5737;7675
12375
9098;15565
-15170;-264;7224;8233;-17659;17725
16247;-3870
-16513;9955;11331;17749;-8766;-5472
18224;-6947;-7087
6963;13611
-1521;13648;5589;3514;-8844
-7186;-339;-4863
-8292
8742;7743
9776;7653;683;14763
12398
16000;18322;15299;7879;17335;-17374
-119
-6161;-13889;15833
2417;16290;11670;-17720;-13583;-15584
4262;-8330;-13996;-3375;-11456
1106;-8195;16770;-14293;-1637;6376
-8321
15812;10508;-5711
-12418
-136
-16214;-7449;6969;16877;-16703
3554;-12117;2614;-12589;-2079
9841;-7478;9592;11852;2540;6558
-15060;8435;9766;8263;-7164
3472;-13428;-13591;-18232;17054
11175;-17080;11113;-13549
5616;-17972;18116;10278;9015;7864
16280;-17388;9435;-12431;-16527
-12773;17606;-4105;7615
-548;-10456;-1437
-6707;2722;-5351;-7114;16603
-11185;-15218;-17818;-5291;206
6336;-682;-10346;-17003;-8460;13612
159
16543
-15298;9339;16987;5516
16549
-7796;7962
7603;8949
-10488;-4155;14811
-3026;-7667;-18218;-12219
6896;6274;15748;5060;-5134
-17143;-13995;-18188
8367
12001;-10680;-5595
-7249;-837;8264
-2664;-9807
-1922;10034;4901;-8734
16567
9393;-17414;7479;-6251;6606
-9539;-869;-18184;-16653
8383
7138;13511;-12009;-2282;14314
8389
-6258;9590;-16505;6220;-9630
13480;3820;-17502
7985;-3410;12914;-7541;-8886;3237
14608;9681;-14934;8359;7066
6624;-15399;903;-16912
-5554;11957;16345;8666;9754
7635;-16040
10481;-10269
1427;-13932
-16723;-3975
-16602
1042;-9940;9115
-14557;-10238
3203;13399
-4532;2933;-6816
17546;-17772
-2097;2325
230
-133;15389;13646
-4327
17522;819;-11147;6492;-9360
-1095;7271;8554;5981
12519
-8426
-1617;-6993;-18066;4826;13422
-9363;-4330;17402;623
12526
738;1626;-2605
-16625
13140;-7222;57;15148;7789
7379;-14091;-13660;-10412;1870
-631;-14058;6253
-2289;18262;-15182;11741
18434;-13834;-8942
-3660;-8876
-4838;18426;202;6940
-8456
-12577;18144;7236;16184;4824;-4875
-2474;-16683;5773;1789;-959
-13610;12875;-5918;-18190
2722;-18375;2793;-13486;15422;-13920
17190;-12376;-10266;5051;11068;-10398
-275
277
3350;-3630
15702;-3133
-12549;16927
-7314;2933
-16670
287
-930;-12802;7413;310;5004;13581
10784;12353;-17894;7333
16776;8808;-17082;-667;10842;14382
-14178;6443;17627;2687
-3668;-17104
-8052;-15077;-16664;11224;-16783
-17857;-7015
4396
16304;13841;203;-9568
-10395;10091
-2174;-6287;5134;3631
6885;-8038;-13816;4200;-7740;14108
4161;-8569
-1927;-6269;7310;18030;-12736
18433;-8951;15719;11975
4410
6743;-793;13420;-2669
-2915;-6821;-7067;-16288
-17144;-1611;14333
-11416;6989
15234;-2614
16716
17523;8493;2990
3652;-12534;17046;8556
8705;-7819;5101;11421;-7279;-9791
-6647;-2345;7162;-2606
-12739;11044;-7029;-7678;207;7663
-4438
13507;-3305;-10544
-4371;17001
-12577;-3948;-4302
-4455;-2791;16939;-1678;12815
-13572;11909;-16278;13782;-11968;3487
4447
-12025;-15305;6493
8343;8398
10290;8546;13990;13817;-5325
-363
-3009;4163;-2104;11897;5050;4846
-16226;-3661;-9152
-12644;2167;14761;-14635;-10496
-16932;-17606;12748;-10384;11327
-15490;14114;1931;-9116
7456;12595;12022;17979;-4621
8567
15495;-8047;9311
-17222;16845
8568
-4476
10020;14170;-9661;-10048
-16777
9557;5177;15258;-3131;2207
15332;-14935
-8592
5523;3685;-6071;1359
-3644;8142
12693
-12066;1797;-2426
11608;-12121;-16601;-10188;11453;-17327
-408
4164;8535
7283;-11792
11605;-15927;-2168;15320;3871
12736;-5398;13109;12735
-16306;1236;-5830
-3921;1507;1993
-14977;15362;6378;3197;-14479
-17459;-11940;-14390;-8698;15197
-18067;13545
8618
14179;-3255;-5369;-14174
-11541;5334;38;1803;-11870;-576
-16967;154
-14838;-829;-5245
9220;10905;-6653;11535
3556;-2423;15111;18398;10847
-8626
-7833;-13081
-8629
9680;-15766;11513;-12010;15213
12851;14275;-10302
13568;-4934
7778;-2195;5415;16952;13453
-3203;12995;8661;-13913
14216;2968;7837
11842;-17656;7656;10893
-9764;-14637;3471
6770;11701;8662;13256;1020
18373;9493;9448
16034;-4039;12026;-14158;-10318
12749
1410;-14485;-4054;-584;-18297;10972
-8658
-9874;-11078
7593;4204;-4365;-1023;2254
-477
4575
2484;16855;7049;2763
-8086;13483;11469
12773
-2358;-14512
-486
-8194;-6724;-6298;-13051;-3084
11458;-2293;-13686;-7981;12990
9894;6983
-12782
1285;11497
-10057;-7471;12927
10304;-2725;8422;9079
-17223;-13689;-2827;-3632
-4625;3136;-11122;10612;2505
3443;-2934
13145;7162;17069
-13937;-16869;13525;10887;14903;-7994
-6694;18330;-7024
10560;-4899;3154;-17940;411
-786;-3837
-15828;-8628;-17525;6858;9659;-7837
13254;-13064;16728
9654;-9119
-7746;6881;12050;-10854;207
-15217;15104;6332;-1550;16351
-14225;16708;6343;-13467
-8744
-5329;8194;14099;8163
-4691;1688;-13936
4176;-3703;14999;-15375;-9231;-15999
17842;10009;-6813
4643;11285;-4646;13853
15202;-8805;11350;-9531;-1564;-7212
16817;3123;17133;8542
-6513;15314;11443;17182
8758
12288;15961;-16555;13035;7983;8815
8519;18427;-3228;-5085;10606
-2103;1532
15553;-14982
16992;7237;-7494;-2683;8955;14429
-17043;-16303
6746;-6237;-15887;14799
-16966
-12913;4683;-2508;11419;-17648
-3465;-7661;5276;-3934;-3088
784;1297;2402;-8312;6058;-1645
1301;-18271
-4130;5604;7305
-4908;-12064
-17972;13926;11607;2473;-10624
-8801;5297;2910
8740;15049;17770
11152;5796;-11756;-6108;9708
-615;17599
12544;-17907;-3430
-14155;7099;12891;2124;-3263
13728;12672;5587;3461;-13903;-8656
12689;-11986;-13267;17261
-15681;9431;9735;-7834;-1919;-2528
-8342;18072;-14875;4540
12577;-1780;3863;-2233;104;12650
11937;17302;4135
15937;-11972;-4573
3745;13330;-10484;13011;-12648;5944
6468;-4552;5240;13935
4707
-11761;11148
17233;705;14836;-9896;7164;7436
-10513;-10040;9960;-2314
-4717
15520;-5348;8198;-12121;-1531
-15221;-1531;17374
15857;16119;12297;17791
17009
13249;-3862;15174;-3735;8472
-931;16692;12935;1896;-5915;-3565
17857;4164;-17291
16956;-16319
-9910;-3018
17220;-11062;6475;-15677;-16349;-5824
17123;18079;15247;-656
7619;-11079;7304;17277
12939
9809;17764;1945;1339;-1532
7744;-17454;4958
-4354;15809;18245;10472;7849;-10493
-18085;5140;-11271;15359
666
18023;-9897;781;-5870;14430;-12703
354;8579;-14268;14780;3517
-9635;-5595;16107;3499;12684
10432;-17651;15739;351
12970
-6969;-17501;13452;-17039;6222;4767
-11096;12427;-2015
12977
2968;-2910;-17134
-7457;-7057;-10501;-5638;13557;-4076
-12484;15591;-3803
-697
-10563;5188;12389;-2221
-699
-16267;-13344;8431
706
-18019;5022
7008;10088
1538;15714;-14023;6173;7695
-16886;16171
-14850;-5702;-7241;-12797;15293
18121;3083
4828
4504;16715
-4837
-6091;-6939
-17129
-5795;-16045;8798
8926;-17872
3683;13350;15671;-11373;-16479
16417;11569;-8500;15652;-13895
-764
-4866
13060
-16743;8648;-4970
-1204;16948;6025;-13103;12590
-8631;10631;15162
17163
6528;16627;13482;5518;-16799
12323;17129
-783
2930;-229;-11719;9803
-13076
-14389;-12952;-11561;-1037;14572
-4995;-16276
9763;-13771;13916;-5021
3705;667;-17453
-8724;-13941;-6806
5586;6760;-16203;-1086;9839
-13091
-11937;-3410;-11371;9530
13091
-8339;1892;-3031;10939;7535
-12308;7812;-344;-64
5879;-16858;3386;2686
-817
-14785;15234;9107;3448;-14173;350
13235;-3765;-699;-3629;-2574;14637
-10691;-13079;7898;15706;989
-4920
-4330;-5677;18078;-8896
832;-2771;-11875;4422;-3980;-16127
-15586;4801;12482;6389;-7260
16401;-6535;-13051;-1740
673;-5842;-7606;4731;1628;11341
-7252;-9444;-8330;-925;9806;11215
11185;-3162;-8906;5562;8444
3584;2710;15022
4231;4568;-2443;-3422;1999
839
1302;9628;-4046;-7728
-8754;3702;111
12265;11547;13902
13140
12867;-17894;14392;-4415
3477;-16620
-4952
-10962;9524;-13354;1258;-16268;-16110
-4417;-7891;17955;17752;-6160
-4641;17234;15978;5052
17240
12950;-201;3709;2493;-9902
-4956
-6484;-2569
-10098;-820;11206;-7352;1962;5963
-8578;-677;-6854;2959
-7827;-1228
6737;-1512;-1897;18014
-5555;10515;16357;-6470;-13164;3278
2612;14506;-17984
-4965
-14642;-14899
16772;-17642
-7364;-6410;10841;-4363;1515;815
-3281;7762;10213;-1535
13159
-8899;69;-13319;9658;-4767
3908;14166;-696;6648;-10781;12205
-9457;388
272;-16015;-17904
1425;-17062;2583;8490;-16795
7873;-16950
13174
6211;16407;-11256;-12441;-8000
-7909;-11207;-8172;-14559
-5027;5917
-11798;8311;16670
-15307;-6079
-17412;1783;6525
17297
119;-1034
16800;6690;-15061;-7239;6761;-7037
17302
-9113
5888;-15587;4681
17524;-3016;-11432;9911;-12139;75
597;12615
-2305;13812;13994
-18197;-18329;6927
-17312
13186;-5699;-1732;5207;9854;-11696
-6804;6406;-12825
936
8721;-10102;-183;-15513;7947
-3715;5141;-17206;5148;1501
-1062;7608;13001;-17275;-3613;-7791
-467;5503
288;275;-3145;-4348;-10399
-13236
-16627;11483;-7358;-6463;5727
-16594;8099;-663;11179;-5454;-13903
5049
16723;-12167;4534;56
-5540;-12213;-16039;3094;856;-12073
-14323;5174
-13248
-10099;15447;8845;11343
-4901;-12445
3889;9574;-4617;536;13706;-9839
12274;5368;-9993;-12237;13742
-3524;-10885;-10102;-5126
13025;7511;13198
968
-11508;-5847
-8068;12884;13431;-891
5070
981
-17367
17366
-4162;13812;-475
1013;-10856;776;2699;-3340;-11758
-12995;-1541;5556;-4054;-240
-10966;7718;-14281;12442
-9540;-7838
17189;12478
-2245;7337
-9362;13029;9418;-11916;-5308;-13244
-1060;2058
-7349;15080;-12831
13293
-9198
-12898;-14837;14439
-14741;15748
-1706;15002
8401;-9415
-13308
15818;4698;-2955;-4364;110
-16386;1617;-5528;11085
16528;12003;3187;7733;-4567;-5192
10836;15980;9132;-14446
-1691;-11407;4670;13551
13793;-8668
-17415
16016;17296;8967;-10152;-8971;-13932
17586;-1127;15223;-3578;-14078;15679
-13990;-14599;14727;1399;13496
5133
-13202;-16531;5719;1400;-15290
-14518;-8845;-6350
3219;-1515;5148;10573
1042
17428
4902;966;2983;-2027;-7870
16643;-17366;-1528;-2894
6994;14886;-15034;-5786
-5157
17447
-900;5688;2745;17177;6442;14975
1071
-9267
-17464
-3251;15463;-4989;-2047
930;-14325;26
1080
579;-7160;11243;-13936
692;9846;-4042;-11676
5180
-15962;14875
16401;13492;5960;-18380
-13700;-3493;-4166;1830;-18427
593;-2917;12701;3917;-5007
-13286;-3478;17894;-10125;10093
1057;-17763;-10101;-10235;-9116
-15379;185;7821;-14928;8911
-1108
13459;-11148;-15340;7823
13400
450;-5661
6274;8694;-2682;-6206;7054;12559
-11443;-16725;17093;-8150;18106
-14069;-10280;9225;7884;-925;-5245
-12471;17689
5221
5937;-15494;14778
10308;11530;15211;5038
9323
13422
16099;-6148;9350;8717;5886
18310;-4874
-6033;-4954;9836
-10209;3088;5122;-12501;-3038
768;12678
-9351
7781;-8954;13
8166;-5002;12173;2206
9206;-1080;-17481
5046;12504
-10055;-5050;-107;17370;-10797;7470
13538;-17012;-17563;10971;10796;-5999
5729;-10835;243;261;-12845;-12399
-13557;16602;-16507
-6209;7162;6301;-1983
-13465
9381;357;5033;11338;13804;-14160
6338;1561;-4266;7451;9180;-10895
9371
-13475
1281;-16133;12614;-361;3787
-1009;12211;-4310;9671;-7182
-14996;15002;9375
-9383
9383
12106;13499;-14495;-16399
6736;8193;-16616;14237;-3166
-1586;-1379;9037;-2511;9919
12742;24;2220;-13694;8094
-10308;-15463
3476;-38;-5245;-11679
-1236;-12805;8747
-4913;-6231;6729;9709
17995;-8605
-7425;-12135;18360
-7203;18434;-5935
2373;-15862
-17073;7860;-185
-1428;14693;-1035;15130;-5069;-605
10912;-9506;-4359;3080;1081
17592
1209
3157;18284;254
17604
-9413
-3382;2159
-9397;-9896;394;4173;15949
-8309;1366;15335;17917;-4238;-8559
-11817;6494
8505;-3181
17617
-11010;10214;7;4280;5935
-10806;15964;4271
12112;-16061;-13054;9774;-2207
-16558;17805
-17634
-2660;-16436;9653
17265;-2898;6870;16271;-15776
11316;-9430;12326;-8296;-3691;-973
10761;699;-2014
-6626;-8757;10030
-14857;13599
3942;-17096;-394
-9454
753;-10579;-920;6538;7930;9837
-13566
-14197;3492;17798;6475
-1265;3659;-11870
-10385;5095;-4794;-6399;958;-10336
15122;15637;3270;-8167
-11793;-8310;10623
12512;5160
15782;-6302
-3748;-14005;8267
4666;-13405;-15821;-15277;5775
6434;-7728
8272;7521;15228;-9245
17680
-17779;17954;2067;-10364;-15788;-1964
-7363;5339;-2478;-4992
1680;-3105;10371;16935
2628;3691;-15821
13598
16497;16517;17948;9390;10591
-2689;-12948;-2517;-15386;-8731
17138;-10726;10267;1901;7470;16223
-6146;16933;4229;-6296;-7406
9715;-15143;6987;-1453;-18032;-16160
8576;-10930;3093;-4091;-6160
-4549;5492;14582;-6011
4753;-1314;-16312;-857;-9035;9148
2870;9337;-13536
11840;-8695;10474
-209;2193;-6022;-16522;890;-2143
5428
-9527
-17012;-18309;4278;-12826;-6620
10128;7633;11973;10568;17289;-11198
-7682;17995;-16382;7407
7476;9883;7581;17359
8352;-14917;-614;-7948;5595
3206;-5308;15885;18222;-1984
-18274;535
8005;-16743;-599;3880
-15270;-6393;14238;6062
9563
6037;-570
4394;-9676;14845
1373
-17760
16104;11545;-8253;6558
4691;7411;-3322;17676;-4576;12271
-9112;5644;-13183;-1120
-14650;9595;-8622
13677
14850;-13508;-9562;12028;10381;-4607
1391
1396
10512;6979;-17401;-1487
609;-2724;-9188;-5494;-43;-13230
14118;247;7080;-9818;17129;-15071
-17544;-1820;3373;-18175
-4979;778;-5390
-833;15232;5784;13130;6955;-1999
-7250;-15237;-11690
5893;3243;-3632
9601
1413
5250;-11760;7935
-5523
-15476;17706;1867;-2669
211;-1645
2933;1979;1356;8239;-784
3729;8756;-4775;14183;18345;-14221
1441
15569;4978;-15321;10936;-2429
4832;-15657;-267;14157;6270;8494
9638
18084;-649;-14617;10538;16763
9152;-13523;-5273
-499;8756;7572;-4135;-10238
13917;-15376
10499;-13014;-16246;3913;8716;4671
-9925;9736;7450;9963;17004
-17522;-4419
1523;-14616;4377;-13951;8911
8273;-10483;-9607;-10143
5537;4136
10213;3384;3147;-7070
-9987;1587;4857;-779;18094
8368;-1778;-17020;8942
11602;-13203;-8084
9506;12501;10341;1623;-8587;686
17879
-4129;10705;-18248;18138;2971;8443
3349;-9543;-14906;-4976
10996;-6311;-17274;-1200
7778;5794;-16448;1375
6369;-16695;-15752
-12069;3337;4266;-1134
-9697
-2178;7778
5600
-14353;-5780;10067;5545;11723;6591
112;-18003
-5943;11002;16927
-10903;17367;-859
9282;-10101;-14410;14121;15019;-12400
4069;17958;12046;-3887
-6834;1955;-9109;-6741;-8170;-9482
-16294;-8393;-5503
15430;-9816
76;-17984
5907;8163;-5140;10854;6315
10000;17879;16777;-683;6703
13814
-14837;2342;6872
-13783;-13834;14521;13198;-9823
17938;17764;-13592;7242;-8381;5133
-5627
5872;-15599
-1537
2370;11454
-5105;-4633
13156;8438;2614;-7017;-17964;6415
-2945;-17075;1748;1109;3323
14050;-12488;-3756;5869;-5232
6742;-16873;8573
-15046;16605
-1442;6418;1429;-745
13815;-8154
-3409;-5906;1364;-5960;10520;9052
-215;-10026;3020;5645
-16755;-5126;16206
-8082;-1154;-466;-9075;3300;1608
1846;-7271;-728;7655;-13165;17343
-4581;10981;-13592;12874
-11673;-6301
-6066;-10039;-10062
14835;-13991;-12697;14681;13213;18319
-6981;-3722;-3184
9712;-2242;15206;1437;2063
17986
-9377;-11620;3989;15030;17495;-9819
-11861;-6128
-567;-4104;6711;11100;-11536
13425;9265;805;-15723;5470;-14848
13895
-9425;7361;6290;2837;5014;18202
9801
-14881;-6423;15597
-3873;-1722;10843;4557
7824;14346;-3484;-13694;-6606
5908;9574;-9773
-16706;-2963;-15124;-3686
5810;7523;4668
-9349;-15725;2975
12151;-18299;4525
-9815
310;-14222
-8850;485;14566;17447;2552
6912;13810;-11589;11093;-1595;-8814
-14515;-7188;12988;-18029;4637
-13585;580;-1784;5803;7357
245;1384
-1186;-7945;11689;-11932;11007
-2436;12262
-15971;-12519;-1419;-8333;3838
-132;-14088;-4810;5982;-8399;7519
-2772;8510
-14935;10525;2766
-2801;12637
-9141;-12393;11405;-3807
-18033;13682;8803;12072;-6684
-8052;-2533;-4202;-1371;11743;18351
1682;-29
-16197;-18231
-12098;17854
2851;-14934;-18255
1553;-866;-7043;12693;-14600;-5694
-3953;1907;-4486;8970;-17885;9677
15216;11035
-3425;11120;13201;-12630;-2494
-2023;-7644;-10284;-2317;110
-1678
3009;-7458;7497;1513;13502
-7528;4089;1756
-12427;18205
3339;-5022
16341;-7434;-10591
5168;16997
-15861;-10277;2168;-13033;-17933
-1688
4281;-10874;5563;15007
-11425;9732
13252;-11512;-9005;-2622
10002;-14149;-18247;219
-1698
-11842;16053;17967
-6471;12266
-17189;11893;11094
5802
-981;-8919
-17377;209;9028;-7750;-2204
-11731;9634;-16835;837
4865;-11699;5171;3375
-5063;18173;4989
12985;1018
10516;-8799
-14008
11120;-15908;-14805;16261;13244
14241;9908;-1948
-10074;444;-11598;-15487;-7391;13711
-9915
-17141;15750;-14365;-14639
210;-12148;6649;-7946;-8814;-8350
15089;-13363
14592;99;-1157;-16406;-6904;15598
-13509;-12025;11517
-18115
-3618;-17539;2905;5161;7263
14021
-11939;17523;-3850
13842;-13259;-8075;1660
-3954;3617;16389;-12808;14875
-15619;11063;-2027;-3551;15967
6449;-15123;2839
5836
-1749
-7557;16535;13736;3611
6449;-5218;6466;-2280;8622
12017;9459;52;12991
7339;6703
-12530;4888;-17743;9390;-10336
18138
-7509;-2439
1764
-16226;10541;3919
-5478;-1128;2090;3610;6767
-9777;-12452;9750;-5930;-7019;7278
-9251;-16310;647;10856
-1525;2279;-6620
5868
13984;-12549;-7305
14062
5952;10573;-10654
5491;12263;-1321;-11229;8863
2195;-9288;5310
18170
-1790
3552;3856;-2178;7641;185;5118
-11378;16371;-10880
2592;17745;-3031;-18378;-3691;2972
-11169;15057;-11940;17050;14810;6655
-14082
-9988
5892
11184;15363;16311;16238;12335
-12707;-3011;4198;12150;-1881;3051
11634;-6810;9401;9820;-18144
1287;16904
7126;3657;-8975
18193
-7089;10921;-2589;-12701;-2640
87;876;846
-5907
-14775;16586
-10962;-12986;3482;17518;1135
16657;-11785;15229;-17502;-12606
5913
13488;11908;-12777;-8528;18207
-2988;-17516;14588
-1681;-15331;-5646;-8174;-3758
752;4439;-16264;-3039
1824
16164;5941;-12729;-17071;9519
-6562;2193;-13110;-16632;11802
-7911;-7946;9932
-2979;-11607;8635;9870;18399
-10034
-3589;13625
-10040
4821;-15998;-15248
-13332;-13128;-9035;17259
12915;-13960;-559;3455
-15331;13395;-18412;-7838;18141
-18242
1348;-5515;-9629;-4447
-15333;8824;15322;1068;-15311;-4623
6192;-12150
-1122;5698;10073;18073;-11356;-3118
8784;11957;1317;-17929;10027
-14159
14177;-7466;-3597;-3645;-17725
-1176;15336
-12177;4594;9455
18262
-2773;12844
9506;-12835;-3878;8182;-11770;-3373
9744;14290;2676;2069;5870
7265;12164;3623;3564;-157
-12788;-3812;4051;11464;14988;269
-3507;5558;9449;-6990;9663
3973;3480;-11309;18030
17009;-16276;-16407;15323;2237
17138;-12712;-7673;9230
4977;8514;17874;17139;-1528;-16416
-88;14266
11954;-5964
17872;-5927;-18283;-18046;18382
1009;16914;-11447;-3193;-12107;14829
11232;-18309;18374;15017;16687;-4224
11986;-10211;-10245;16565;-18203
-3057;11473;18076
13121;-13650;-14678;-3095
9749;-12745;-6507;-13374;4574
-10116
-10098;14370;2644;2404;-15101;-16623
5621;615;12554;-13164;396
18320;-9017;-17050;17866
-4481;-9411;-7541;7799;3514
-10227;11284;17974;13479;17324;-2847
-14221
5459;11717;4134;15879;17991
14225
18322
-8977;-1316;5704;-2542;9070
16929;8405;17567
17510;-3127;-12439
10138
-18336
456;-2411
2197;3928;-4477;685;-4288
12599;-3004;-11552
3104;-11554;12732;5870
-10356;200
-11769;970;-10476;-9838;5773;-13488
18357
-993;6421;5461;15661
14573;-4400
-6914;-5513;2253
11699;-18022;-15703;-11451;-9595;-3967
14273
13988;-1358;-10640
8070;-12345;-13707;-16783
-1314;3042;-7823
8240;15330;3005
-13778;12499;4374;7099
-2551;6935;13479;5719;-16329;15230
17624;840;-12364
-5010;11110
-6629;-12760;-16250;-8910;-2512
-6103
3404;6799
8998;12086;-2695;15575;-7375
-15444;-14902;6967;5001;15242;9246
-8466;9635;-4136;-15435
2661;-13351;12390;9322;1405;-14447
181;5935
10640;14513;8486;16711;4154;13055
-18053;3212;-1197;5822
-2034;-3956;-15978;-4637
14318
2034
16266;10350
12806;4086;17919
15093;-8391;13414;-4344;-13468;-8447
10238
-343;2391
-1394;14674;-2292;11547
6465;1745;10887;13577;15082;15740
10248
-3793;9951
-14351
-8130;-3890;4837;-15019;-3997;-4542
-3739;-6528
13973;-8873;-17914;-12346;7484;15599
16385;-3231;9407
-5546;-17024
18306;-3349;7613
-4757;-13383;4200;-6076;-10749
-7829;1640
-10287
7041;17462;13032;17819
6203
6192;-15334;-12554;-9085
16481;4933;-2730;-16576
10302
10880;-577
-15138;6246;6779
-10305
-8581;2596;14328;-9657;-11198;6303
8529;-1156;1893;-11382
-13206;11087
14409
4401;9395;8456;16735
7360;3669;-712
-6241;8965;13686;-14663;12668
12116;3964;-1661
-6229
12474;-14608
-2135
-11191;-3305;13386;7517;-174
15339;-5008
9298;18220;-7181;-10063;-14079;-10624
7793;3523;10088;-15293;8108;-12078
5266;5070
9476;-2040;124;17854;17695
-7620;17967
15662;-9408
14658;1315;8686;-18400
12483;-5637;9079;-18091
5632;2418;-13173;15846;-11115;-1775
6131;-16492
15475;4393;6877
-10385;12340;13384;-6299;18045;11949
8962;-13110;-2119
17409;-6039;1463;8039;-8906;14782
-3267;17732
9556;-15831
6704;1361;6277;-9655;-5560;3053
15953;-4237;-13949;12606
-11089;10962;-4902;-1496;-10633;-17792
14242;4354;10293;742;-16985;-6366
-8803;12053;3030
1595;-1981;10766
4419;15043;-7397;-10823;-14856;-864
9156;15293;6414
-7084;17407;8255
6290;-13973;-7606;-1385;15929;-17837
-786;-17844;-1863;-10539;8349
-14491
6298
-17398;10809;-2766;3055
-1513;13193;2812
-16190;-6496
-6450;7397;-2439;10710;1179
7420;7087
-14508
4131;10633;3978;12890;10491;-3037
-17396;-17127;2311;1035;-12014
6434;-8644;4858;-11740;10315;-15744
10435;17576;15181
17450;-15583;16751
-6802;17228
-4440;11242;15229;12623;351
-12052;-13720;1224;-14795;12683;-4253
2241
5952;6002;-1520
9670;17151
-16036;-10439;-9323;17166
6864;7674
691;5655
-13254;15301;-17431;2333;6702
115;14474;7163;-11308
7425;-9680
-4929;11281;-947;3784;6781;-13712
14181;10283;-1725
4673;-12008;-16812;17790
17938;-9273;13482;-11982;-3182;15758
16599;10238
1570;16616;16590;255
-14931;5676;-1229;16845
6690;-4424
14556
9712;-15441;12294;-10167;-4985;14954
-1251;-14244;-12949;8630;-7037
14961;7619;-16207
10470
-9870;-8800
-8083;17650;263;-12824;-2541;7821
17538;15283;6330
-7730;8953;11306;-10240
7866;-18350
-6259;13334;12809;956;-17135;-6000
-6392
4202;10382
14081;-11781
10644;-8344
17425;-16534;16326;-1866;-13082;-16860
6723;17027;696;17721;1097
-12806;-16202;-7562;16825;4843;-3789
-15015;-8571;-16844;-9788;-10350;909
1696;2435;-5302;-15945;-9776
-11028;13685;-14983;13864;8970
8944;17313;15671;10137;4847;-17728
11056;11744
-18232;-12761
2552;14584;10844;-10317;-11838;-3504
-18049;11626
18342;-7822
-11587;7126;16167;11306;-16588
15555;14698;-15308;2924;846
6431
10645;3979
-17867;-1515;8845
-6444
9602;-14707;-5444
-15701;-15;9263
-8293;10653
14648
-9922;-9417;12792;13004
-9778;-17161
6577;9346;-6115;-4758;-7414
-10148;3524;13894;12201;-16874;16153
14869;16172
-15943;-2955;-5085;13421
5472;6840;6441
5434;-15996
-8324;5604;470;-5079;862
2690;12327;16571;3550
3224;-5597
-2545;-13554;9419;6141;-14126
15969;-5492;-5622;-10359;10830;17535
-2551;4711;-299;5674;3039
10574
-16594;12258;-18278;4842;8763;2527
2388
14676
6585;5274;-15243;-15392
12260;14711
2738;3754
8048;9532;-15182
-12396;1804
-18068;6699;15244;10813
1344;-9255;-14976
11781;-11356;14270
-6510
17443;3661;14078
-13800;17016;12443;-7260;-14911
-533;-10079
9394;-16357;13179;10605;17053;-2783
10070;10552;-8299;-5932;127
3683;-12381;6271
-17122;16019;-17710
8257;-3122;16308;-14908
17012;8822;-15000;-636;-3661
13328;7881;-2620;-2766;1773;17614
11142;15879
-6551
5232;13490;-7204;-804;4037
-9847;-810
-14758
1333;-11998
-10931;12633;5034;9419;-12973;-9759
2483
-15186;12310;-4445;-10541;15229;5118
18101;-13722;6299
-2210;2056;-6432
10753;14819;-6696
15713;-3416;8378;13211;14557;-894
12720;-9926;7897
-17908;16276;-1947;-1131;-14140;4062
13495;10508;-335;-12976
-17475;-4693;-11595;10782
5754;4940
10695
6034;11366;16536;-17051;-107;-6080
15345;-2793;17320;15784;-6202;16301
-13554;6826;123
3478;15355;61
9688;-2617;-9583
10707
-11465;-4233;894
-12978;10497;-15241;-2909;14013
-8197;-1145;-9564
7972;7573;5943;5612
10716
-15908;-4822;-14569
10722
11059;-17191;8662
-1618;-4867;-18069;15526;-5801
-18097;-6691;5655;205
-17304;-922;-17088
2547
-14403;-10614;-17052;17533;-12846;-10223
13474;5459
14837
-17239;1414;13274
14337;16243;12454;12774
10753
-5909;-8566;14266;9725;-16174
2563
3573;-3535;-2607
-9348;2682
-15629;-7422
16823;-10155
-580;-6773;4779
-8647;16730;6783
12279;2588
-6680
5585;11204;614;-8542;12046;10351
10818;-10054;-3352
1971;-18054;-536;14232;17262
8597;6280
17906;-7018;-8299
8224;18416;-6470;-1196
7877;8118;-10905;17982
9984;-7243;-11291;-6333
-145;-9986;-2483;8418;-3111;-3484
484;-9838;-1440
-3522;18413
-3378;10053;-17319;-3515;-13023
18272;3749;6365;318;4079;-1504
15697;7299;-5417;11961;-6943;8686
10032;11635;-16872;17768;-16330;8667
-11041;2049;12117;-14359;17949
-14369;-3489;-5236;4086
-17426;-4931;-3156;-16678;7703;11384
14911
14913
6737;-17810;-16407;16123;2011;-17856
13954;-1251;-4105;-1051;-14271
496;-13361;16562;-5091;-12519;-13296
4627;14537;8044
-2634
-10360;-6088;12585;9241;9771;3869
-17043;10312
-2636
-16689;-9688;15549
-11884;-11232
12032;-312;-1433;7465;10649;2907
4833;12115;5540;-2508;-6748;9884
10032;-6249;7961;11839;-8656
10528;-8035;-5091;18029;11790
-15763;-15555
10838
14936
5220;-18303;-14144
-14257;7572;9336
-1969;15027;16084;-17734;16502;-12969
-17329;-5808
-6754
-6226;-16504;-8602
-15124;-5957;14517;11723;13886
-10859
-3426;2002;4090
11952;15169;-10771;-13684
10863
-11748;-11404
225;6533;-18054;8623
6769
14705;-10227;-12441;-10330;11322;9647
17331;12916;8222;-15312
14556;3853;17038
-2681
4343;-1660
-12691;-16259;-15527;4495;12719
4514;6644;-8711;-8247;-5080
-5352;-9625
-3124;-3661
-11381;-13733;-941;-14925;5519
13585;-14821;10744;-17835;-6655
-2696
-10889
3184;17922;-4115;16039;-2842;13469
18176;-4978;358;-14904;16333
6768;-3592;-732;15517;-15264
17654;-2668
16578;-17731;15415;8923
14720;676;779;-1181
-18326;-17223;-16312
10149;751
-5348;-14902;-7240;4301
-2711
-4579;15621;-15066;-3643;4954
-3381;18381
-14646;-5881;-7386;10427;-13822;4015
2193;19;-11892;16853;-4904;-9083
-8037;-6971
-6359;9078
18100;-1638;-13113;2761;8750;16542
-11298;-16726;14502;13881;6474
-726;-2015
-6841
-2748
4165;14969
15268;-4278;-17837
16915;-10010;-9659
3876;-6873;-441;14841;-14157
-18263;-17260
-6855
-7506;14053;-12502;-17672;12670
4551;4584;13146;-11324
6129;8147;7780;5801;11773
12643;-12599;17976;2796;6526
-1506;-9558;3607;12044;-15550
15058
-7650;-583;15192;15545;-3342
-1011;-9963
12983;18012;5932;-5472
-2785
-16950;15671;-809;-17082
-3043;5828
-12550;233;15102
11314;-12631;7303;3479;10523;-17199
-16323;9907;11496;-11967
-16259;-17541;1653;-10843;-1948;1183
-16602;1519
18229;-11337
10251;-10525;11262
-12585;5611;-16303
-1970;-515;-315
-6908
13249;10754;-6968;6858;2891;-7582
-6183;-11516;2590
-11320;-3791
9376;13221;-18151;-10137;-3690;6557
3137;-14157
-14164;17507;-16885;-14598;16551;-15817
-12114;7665;-11773;13389
6800;-9574;-4633;-10954;11722;3803
10580;-7743
-17;8929;-16050;-4194;13624;-9226
-9223;14710;12838;1815;5102;6271
-11035
4740;3574;13319;9881;-17932;5645
901;-2582;-4201;11900;14717;2589
10466;6787;-10068;-9158;-1879;10792
-14338;7389
1680;-6650;-14283;5996;16110
9344;-982;-5479;-2760;10925
11052
10070;-5144;-15150;13821;11551
-971;5098;2829
10737;6085;-9863
3011;-14071
-8273;-8070;9814;-5433;-5386;2189
-2550;16617;-3003
6389;5689;11277
-7124;-6806;5564;11917;-2671;-11952
-17794;-13010;-10146;5302
3264;3717
10071;-6575;13423;14639
11809;6497;13306;-43
9362;17874;7844;17771;-9261;270
11296;8032;3897;4255
-14371;7370
11097
-13334;13211;5019;-15997
15585;11958;-17804;17579;16556
-2918
8896;9234;6275;17895;-14797
15636;-17589;8839;700;-5918;9453
4465;-10998;6791;10536;334
9154;14662;-360;12472;-8413
10034;227;-6069;14601;-13770;10207
11135
996;15558;15273;-8748;-3582;12126
-17395;1531;171;-11839
-3380;5539;14547;7627;-13184
10432;-7380;18184;3740;-1534
-1785;-5274
3317;17030;3096
-7171;14076;-18063
-17046;7301;-7019;-8125;-6750
16432;-7941;16743;-8840;10571;-7612
-15260
15027;-18084;2628;16601;3183
-14292;-9461;18020;901;-168;2025
10392;-4826;-11531;2989
-13282;-4820;2295;2110;-5664
-16183;-16968;3945;5178;-11708;12269
8128;-1045
-658;-13028;-17764;-696;-15902
2640;-5632
-3329;14849;10867;14819;9044;18182
-4884;-11110;13000
-15619;12018;-10851;11846;6647;11245
10970;222
9652;-3493;-6763;-14686
12561;2729
-17013;-9420;-13180;-12544
16978;-5775
2568;-8476;-16429;11133
11203
-11210
5670;-2649
11249;11430;-15576;12249;16447
-6597;1018;-14636;13087
-12755;-10195;5598;6127
11472;-16726;17158;-682;-14048;-8400
10957;16653
4451;11939;-16488;-2937
14273;5569;4295;-3151;-13856
-18356;10070;-12863;1583;-560;4799
17044;-13998
10226;-3082
-7746;5409;11526;14343
2308;-16006;-13932
11247
-11252
6915;-14080
-6869;7173;13052;-6191
-274;-14690;1218;7353;-4301;-12864
-16097;7104;-10548;1893;-5914
11274
-15745;-8729;5004
13328;-865;15766;7626
-11891;-17773;-2096
11073;6822;7148;10813
-10954;826;2939
5171;-11399;3135
-12754;13908;-16251;-2717;14718
-8722;13379;5094;-3033;4571
-7203
15617;12358;10430;5663
7207
9889;-13002
-7048;9033;9322
-4257;1715;-4672
15408
11991;-15113
6599;15960;-2156;-5325;-3759
3129
-4974;-2256
-14386;14499;14198;-17594;-12140
15426
-3140
13546;10524;3645
-10198;-7336;-6636;-6224;6767
10192;5242
3315;3931
-9779;-10743;17371
2224;14533;-13599
-15455
-15458
8977;10597;-7994;-3052;18155;13357
15467
-15472
3238;-12776;9129;7691
1205;5432;9210;16011
-11217;-1912;-10328;4632;-13289;8443
7287
-8209;-17938;-4838;15503
10000;-13196
-5059;8254
7292
-6403;11701;-12592
-15313;17320;1197
8466;15218;-7164;7165
3205
5320;3609;10345;8508
18209;-3170;8437;-268;12766
-1538;12937
-3215
11408
7312
-9185;-15316;-18345;10649;-7885
4280;-15691
-11411
5417;10909;7374
5988;16024;9882
-7319
3984;-15889;-17212;-11676;8895
-14882;-3156;723;10679;-8925;47
-3233
-6598;-1367;7994;-11454
10354;-492;-13104
-8053;-4389;-5624;-5704;5368;-9417
11435
5762;17626;-3759
8530;-5094;12108
2774;15977;13178
5232;3029;807;-11389;-16749;-16957
769;-10917;-17687
-1697;-2018;5974;9196
1172;16453;-11287;6326;-5305
-3876;-7222;-16328;-2269;5950
-3266
14548;8487;-15466;-14331;16843;-2719
9986;8788;-9397;12230;4057;-6014
11569;-293;-9301;-809;7340;11149
16844;15103
-9396;-2072
-15169;7829;14714
7381
-14228;2515;5799;-17854
-4546;17698;-2019;-7227;9274;2395
-7388
-15581
-10885;-2187;-14798
3412;4349;7821
-13526;-2269;-3886
16180;15791
13537;-9700;5460;-5688;-18040;-1165
-9046;4279;10762;-1900;-5438;-14255
-17602;18338;18181;13064
15761;17157;-2424;-2607
-11895;2539;16764
13904;-7778;15026;18373;3063;5783
14683;-18000
1696;-12321;-1937;13443;6532
-11512
-7417
4929;14777
8067;1223;-10841;6697;-332;2604
-2710;-8438;18281;5083;-4797
17921;-9013;16980;11077;-4968
5975;1484;16349
12082;10173;-10735
11088;-8293;8916;10853;5343
11253;1607;1513;8494;-3151
7430
15624
-13493;18372;18358;2793;17996;16655
-15425;-14194;-3209;9147;-8336
18264;1466
5185;7960;7852;-2605;14654;-17408
16;-8516;-13269;6117
8772;-15372;-4958
-8660;-15703;-14955;-7292;6380
13778;10340;-4151;16071;12088;8491
-11563
-15659
6451;15748;16053;-13983;-16543;16127
-7235;6802;-12391;14666;17642;-3823
11125;14808;-2078
-11362;3250;4734
5680;13171;2916;12533;-3113;862
10835;-14901;-10887;-8909
11288;12575
-6774;-8489;-17661;13054;-16288
-13313;9168;-16691;18023;-14585;-6479
13475;14499
7602;6455;18014
4688;-12146;-3320;-13103
-4474;-15311
10817;6369;-17623;4775;12716;10924
-9473;7478;-15783;12854;4278;16346
-12293;1029;17067;17260;9023
-16343;4735
-12817;-418;-18278;955;-9405;-4414
3421
-644;5027;17273;-5947
5205;-13006;2910;13582;-2911;9934
3428
3674;12042
450;5382;12344;-3035;17834;3228
18176;-1810;-2196;-860;14703
5683;8805;14072;7646
13777;5205;11381;-14635
5537;-17243;-16316
11639
-7545
-12870;15526;4891
-8212;-12598;972
7953;9250;3276;-640
-4418;-3107;-3461;-7224;-3417;-10508
-3464
-3443;16387;-6426;7017;10410
-13527;-3001;-9081;14041;17804;9517
7565
-7569
-11251;8020;-822;3064;3051;-9631
-2086;15462;-3690;13993;-12012
18272;-12995;5031;-17882
-3487
-2865;-17412;15465;16491
-4440;6936;-15546;1370
13492;-1465;681;-2890;5965
10337;10532;-17374
411;15373
-1249;10054;474;14703
14322;12981;17166
7605
-17618;-16934;-10727;-15581
-11708
-791;-16251;-17260;-18366
4402;13266;2694;-12220;3565
-15809
13382;10620
12528;-10090;-5964
3527
-10322;-5495
-5234;8679;-11071
-15819
-2420;-8346;-12734;334;-13136
-1317;-4024;3835;-10204;11308;-7229
15096;8921
-6647;-5085
-8689;16619;7899
-9299;1669;-7958;3854
14465;6529;3636;-607
11736
7020;4717
12848;15274
-2502;-5142
-12616;4970
-10127;13678
10402;-14902;15158;16619;-7341
7043;-11781;-6717;2157;12862
-10705;-12597;-10549;17998
-14679;-1175;15290;-11357;-16222
15861
11767
-16803;1570;18149;-14423;-12553
-11713;-4156
-1491;-14378
-9235;104;8665;-3117
6659;1019
-9474;7142;-17642
-8466;-15382;-16616;-17353;-9199;1983
-18230;-17463;-5944;-12970;-13261;-17646
5457;-15691;6638
-10670;-9312
1409;15783;-13593
11791
7511;4283
9458;13704;5017
17027;11511;17353;-7870;2446
-17785;-16489;1997
6340;5461
5136;-8749
3615
-3429;14902;5594;6123;13197
-6577;17653;-17936;14575
-8020;15108;12710;11353;-2954
-5381;4997;-10633;-987;13516;14399
-2513;4675;13752
3288;1804;-2269;15309;14174
15861;-7096;15944;11050;-3451
-14034;-13316;12827;-10141;-3552
-4849;15220;6188;14893;6382;-1423
-10098;6947;-5829;5333
-8387;-4133;-3176;4792;-3641;10891
5184;14854
13179;15627;-8685;-1584;-14880
8336;14017;7863;-14270
-9398;6011;4061;-12527
-3661
-16132;-7593;18202;-6332
-16558;607
-3333;12661;-5692;9229;7183
-1895;-14059
-9058;1332;5049;-13279
-2806;-17465;2490;-2271
-11861
-4963;14820;-9670;2902;8774
-17137;-9893;6101;8232;16942;-12015
-17805;-10446
4393;-17339;4682;1773;-13568
-12945;9474;-16984;-18329;12521;6202
-15966
-11443;11523;-10900;-12764;-574
2853;-13495;-9421
-8390;-5927;-18074;-5339;-14444;7535
-3025;16630;17272;-14909
3712;-10077;18239
-17667;17626;-7790;-12238
7457;10388;-421;16341;-5504
11622;-776;-5305;-8572;-8848
-9329;3862;-5016;-1081;-4411
1265;16897;9425;17111;-1869;18207
-102;2008;-13610;-9883;-14701;-4270
-16851;-4086;16650;334;-16128
-10869;-5319;9529;-13424
-16823;-6891;5900;6092;-3773;3598
7800
-15998
-10116;-12857;13083;17695
6400;-17382;-300;-1583;-11328
15399;4697
11265;-11283;3734
16005
-17704;-14687
5763;1254;7832;5289;8157
-3972;7191;15896;-11296
16375;3735
3729
-1640;17658
1943;8606;5471
2512;7905;-8375;7051;-1870;606
-533;10984;-16731;14699;-4686
8578;-6900;-7492;-1992;-18412;-14384
-850;10401;18339;491;8124
14918;6712;16765;-18272
-11933
3889;-14466;9315;-15484;16187;-11374
-1287;-10650
10359;13865
7560;17820;2941
16580;-15287;-15912;6776
-6099;-10549;-2664;5357;-14368
9587;4088;-10238;-7184
-13089;-7047
-3756
4897;8305;14917;-4584;13434;-8637
-9198;-10943
-14710;-1336
7853
-11797;-16538
-11970;2675;8159;-10816
1235;2931;7786
-8498;-6166;18424
-5234;-4292;17942;-391;2185;9935
3824;-15784
2947;-17897;11992;5165;9758
-6393;-2842;-797;-6032
13266;3652;-16341;-8456
12912;12306;-10391;-12536;-2701;-3375
14625;-6180;3427;3831;-3723
-371;-13925;2312
-4820;-15796;-3657
11859;8318
-14566;-1516
4802;-4132;5574;18029
12977;-4355;-12422
-3801
-16481;11489;5745;5685;-18432
850;-18420;-18084;-6170;-15227
5569;2333
11999
5253;-13159
-12003
14576;-6669
-18332;-3486;-10671
18211;10182
-6756;8307;9284;5239;13095;3327
13442;17910;17530
-17430;-2781
-7923
-2450;14436;11095;5326
-17670;9741
-12027
16125
6114;15779;-7862;-17872
-3237;7079
1194;-2923;1498;16362
-10881;-13446;-1718;10568;3439
-4949;5188;-14021;3527;2312
16135
-6225;-5820
9845;-1897
9921;-7890;9159;10268;-16176;-9136
3856
4643;15861;-4359
-1460;18036;15032;9114
16147
-1554;18183;-5912;-14985;17688;15018
-16917;13510;8727;-8491;7196;12126
-8643;-14631;-8972;3803
9680;-1316;-16328
12918;-9048
12065
15139;1022
4712;12141;15694
-978;1714;13730;4586;1211
-16175
3887
16178
7995
8579;-6537;-8460;-13630;-238
16019;-6632;-283;-5200
16336;-6643;-6693;4326;-15327
17570;-163;16390;18407;-7306;16351
-6869;-17036;-14924;2876;15661
-17873;5772
-13398;13740;7663
17558;-14110;-11022;15582
4724;8234;17164;-1630
-9111;7576;-3774;16413;17389
17169;-10597;15126;2312;-14700;-1294
12117
4481;-11461;5718;-16135;908;-12014
-437;-10087;-13275;-608
3792;-3713;81;3738;16412
-565;-11559
-9761;14994;15084
16951;-6507;-2415
-15265;5406;-15375;-7376
784;2548;-16137;-143;-15568
9606;-17647
9349;-8328;-14138;-15647;-7952
-1559;5511
2598;-12761;1962;-1707;-16124;17983
7200;2250;-17499
15858;2387;11435;-17536
-17716;-10596;-15517;-7022;-6351
8867;13653;-16906;-18075;315
-6193;5653;9864;-1274
-12148
-5187;-10739;-3284;-9413;4666;15903
816;9189;3737;3209;-8896
-10947;-9753;-16029
9555;-12917;-10277;16171;-10591
-17773;13807
15923;-5140;-12356;7511;10316
3521;16829
2404;-7469;-2461;-7853;-4976
-17841;13395;3379;-13804;-13680
16262
-16269
13576;-12826;-4731
-11813;16342;-6873;-3961;-1773
-7185;-9093
12146;15011;12426;-2251;-14316;13742
-16355;-8119
9488;-7988;-12218;-1468
3714;-1349;-5925;-14888;-2587;655
17268;-13846;-14523;845;-14222
-4000
-16871;-3515
-3636;16051;-6647;9181;-6848
-1176;-13675;10845
3712;17348;-12958
16296
4017
16259;1028;14581;9017
14760;17935
-17586;-5879;15335
-7137;9428;18127
14019;-5883
11696;9308;8285;-672
16332
-16336
6129;-17268;1044;10409;-12560
-8153
-61;-8094
-16340;-4870;-11529
-17700;9535
11874;-17660;-6476
2464;6696;-12026;15130
-16561;8006;14966;-13133;14894
15973;-10920;9399;-5465;-7996;-17358
5280;-14203;747
10432;-9570;-4530;-16614;-4281
-4084
10274;16692;11830;12188;8573;-2223
-7172;16613;-14615;-1319;-1693
-13699;5512
3489;13946;-5294;4238
-18002;-14765
