13495;-5019;-16669
9541;-8425;-17504
-5489;-8628;11128;-1113
8199
-2113;-3748;5176;5691;3197
13248;-7332;-2858;14443;13147;-14253
10544;-5156;-5302;-5175;1047;16345
8883;15700;-8184
-8209
10865;17657;15035;13807
16342;-6423;18118;-9352;18205
-13253;8326;13148
9137;8006;9384;-3548;1631
738;-11719;5241;18062
12325
-17992;-13343;-13759
739;18122;4794;7963;1197
-16993;7280;-1924;-10730;5934
5352;-13599
-1659;1598
-7426;10482;-18069;16965;842;-2734
2467;917;-12762;-13227;13485;-11422
4159
7266;-759;18410;16106
-12785;1572;-17525
4217;-12476
-4834;-13702;-18397
8260
-948;-3112;11945;8060;8702
-5289;1119
12362
9429;-1162
5968;-9089;8144;8035;-13135
16368;12383
14352;-9238;-8744;16140;-6094;-2240
17664;-17064;10284;-6703
992;8978;-7324;-15021
8279
-3698;7637;6437;-10653;10686;-10320
-9410;-1510;-16454;-17705;-79
-8946;-3890;-2627;-4100;3145;4028
-14137;-10987;7243;-10893
-6695;10894
-16488
-1797;10095
-7665;11584;-11827;3074;18215;-986
-7075;6248;939
-17463;-2168;10844;-15902
12403
-10963;-5141;-13209;1995;-1471
7698;-6871;14007;-9675;15438
-16145;14634;-6812;6397;2222;12110
-13300;13239;-4217;3624;776
3860;-12176
-7445;-13127;-1162;-17852;-9692
-12417
15170;11844;1787
16517
4231
-4199;1158;3177
16522
-7876;-10301;-12478;-14543
4129;-4410;-1643;-14605
8807;7722
-14826;14971
14257;1254;1023
-2801;-5545
-8347
9682;-12838;-17482
18340;-12458;-605;-7535;2095
-3797;-14858;6203
52;7144;7576;-11261;16045;-15296
16800;-16635
2214;-17639;17932;12492;-10846;12399
5508;-14662;14599;7368;3742
2612;-14149;-1357;17164
5815;-9897;2953;5787;8172;-367
-16308;10835;12085;-17080;-238;-18142
-8978;-10537;236;6814
12464
14832;17394;-8597;-7397;18377;-5760
-3526;15996
14000;529;14058;268
12402;-10869;-1161;-12846
928;2547;-4473;811
6375;-6988;-7311;16303
15589;9320;-4238
-10674;-4004;-9772;-3533;11311;-16288
-430;17006
-10737;18244;-7312
-16584
4322;3459;-12485;-15799;9836;-5918
-17825;-11050
9176;6793;-12412;4843
-1641;5946
-17129;-15850
6912;17429;7770;6284;-4111;10990
6291;17798;-12362;17164
4820;13253;-13111;-10503;-12792;-2367
-13345;8992;-12773;9079;8267
-3190;2501;10070;-4312;-10445;13789
-3125;-9510;12859
12516
-12518
-134;-11355;3931;-864
-7876;-12452;15925;8733
-6598;-12203;-17166;-17519
16401;3651;-9674;4953;17674
4480;-11222;74;462;-2224
-13058;6259;-199;-18170;-16031
1872;-10211;-409;8509
17910;6762;16527
15746;-6181;6424;-17692;-3950;5407
-16631
12560;-5064;-5801;18328;8895
-18113;18259;4548;-9039
4349
962;15225;-3646
16642
10855;-17807;11310
3889;-10531;3907;-5814;17003
6899;-18105;-17898;-18363;-10094;-16432
-9685;14047
-6772;4924;4845;-15552
16848;-11346;2749;207
-930;9574;-6392;-6828;-15949;-12510
6052;-5353;-14588;-10956
-12557
-6935;5435;6492;-11263;-14479
12129;5124;-14469;16698;-15116
-1156;-15173;8071;-206
1418;-13980
4736;-6835;3427;2502;-2955;-13437
-15112;-794;12076;-910;-4126;-3696
16816;-12919;-16462
4373
11843;-2937;2441;-3467;-8158
14592;-2026
-16666
-2197;1912
285
-4673;-17734;-2860;-3693
-10852;-3316;-5973;-6119;-8702;-14479
-10899;6183;-5482;-6475
-12580
-4306;-2278;15274;-4302
833;-540
16680
-10373;1574;-17240;16824;-7471
-1066;17834;16303
-643;11158;9335;-185;-15264
16882;-6883;-12486;-1191;9240;2939
10176;-789;16245;14714;9116
-312
17953;11735;-8895
8506
8508
-145;-9907;-4135;5678
-18001;5285;13033
-16632;4025
-7622;17337;1822;9263
-2651;2973
-10919;-1118;-8767
6817;10713;7370
8517
-756;5179
7010;-6680
-440;11528;-17610;6191
-14198;4534;-5039;-12368;14447
11329;9492
-3413;-13552;-14432;6479
-11505;18242;7171;-4708;10043;13870
-10596;10249
16731
16732
-8886;-9639;9982
4449
8547
-14244;3108;6389;6952;12428;-14271
21;9159;8888;4281;2591
-12914;14113;-628;-202
9857;-9988;-240
5928;6731
-2513;-6055
-8066;-6008;11575;-841;-1884;-7440
1661;2205;4703
-6550;3145;-9264
-4343;-8568;-17592;-13161;-5419;11837
9836;-5358
10514;18372;12456
-12113;747;-9132;-12524;16252
-6801;9649;10033;-7973;15399;12846
-16771
12674
-82;-12980;-13967;10255
10001;-1944;13135;11967
16775
4491
1315;-3112;-1787;3980
-13944;-15530;16783
-18353;-5554;4213;13290;1901
11633;-1847;-1184
-14037;13622
17169;834;-4584;12217;3450
8608
-1845;12903;-15835;1995;-1420;16910
4996;-5419
5442;10613;5655;3288
8617
-16810
8623
-14229;-10536;-17290;12521;4829;16079
-12705;-466;-10232;5355;9420
787;-10758;-6825;7945;4317
10837;-12718;-14943
17396;15829;16488;-17052;-11869;-3968
3464;-7070;16335
12732
-12949;7401;-9515;9004;5614
-12241;7699
-17553;-13685;3668;-17933
1512;3322;-332;8235
12439;-16987
-15078;15533
456
-14439;16519;-4795;-1840
-8653
13601;324;-5271
-7239;6775
4213;-15686;7799;-9080
-4563
5715;-3446;2459;-17069;-2127;-2384
-5991;17974;10662;4312;12266;10396
-1347;1816
-6563;12100;8261;-6456;15959;-10544
9237;-4670
-9639;9167
-18278;12807;13880;12543
-4185;-16283;-4956;-3725
15093;-10521
5153;-5631
-16067;9734;3975;16567;14943
-1894;10567
11840;-536;10682;-6928;5903
-3361;9123;17219;-18233;8027
-4584
12100;-5399;-5384;3897;16894;-9328
12912;13776;15607;-4939;-7455;-8927
-7074;2882;-772;-10294;-13740;-8364
-4801;-11897;-2604;-1676
-7745;9586;-2342
9811;-4424;11498;-16110;-8414;3038
7586;13403
9787;-5181
-16898
9633;15682;13315;16855;8376;10382
-12803
-15329;15864;-13645;7005;5949;4766
-10867;-17972;-16552;14876;17293;8607
-8712
3111;-7727
-7890;16069;4631
9363;1860;2219;-13967
-8433;-13653;-6536;-18074;13402
-15749;16628;-17789
10162;-9060;-5389;-4432
-8323;11382;9320;1704;9326;9886
-16241;2049;9716;16871;-8906;1135
-14433;14772;-5381;-15967
-6932;10248;11342;14543
14257;8770;10436;-12135;-62;-16640
-16915
-4627
-9297;4945;17171
-9363;16338;-2053;-17743
9162;15947
-5561;-7261
2178;-18135;-6300;5339
-8481;181;4230;-11015;-1768;17387
-17782;4958
11864;10987;-9084;-13231
4250;-3340;16012
-6722;-15704;-13069;16893;3791;6079
11380;-7721;-8701;13775
4640
17218;16504;-11977;2188;-15582;-3711
8355;-4312;7496;9485
-8737
10486;17213;-2576
9221;17354;9004;1836
-5956;661;4743
-1559;8311;2872;-877
6499;17413;-10077;-4637;-448
-178;-14276;-16966;-6999;-9356;-1936
-10675;-12166;-2295
-17202;11475;8955;-16078
12851;-4372;-3819
-8369;7265;-1865;11726
12947;4019;-16662;10456;4600;-2505
16960;11417;9055
13746;-14318
768;15187;3180;6014
4640;-9311
-12070;-13082
8721;4143
-12708;12744;-4266;6571;-3982;6319
3686;-3104
8135;-3358;12190
8780
-12146;15506;18196;7546;-3936
-16977
594
-3057;-15186;-7090;12446
1379;-1099;318
-1154;-7010;13028;-13659
12890
946;-11206;17048;4860;-10366;-1886
15408;6233;-4652
12895
-6069;14853;1718;5033;-2254;3710
8802
-4929;-4979;-3155;-17780;-8345;-6480
-613
8913;-4134;17659;-15472;18223
12341;-18326;-16327;6744;-13722
13444;7221;-9063;6583;-1182
-12911
-6210;3988;10821;11446;-7133
3472;9764;-17958
10755;6255
3440;-11896;13178
626
-11219;15943
4729
17023
-11426;1541;14086;-7675;-13551
4370;12659;4439;-5595;-7038
-9003;-10044;-6173
-17029
2695;14295;9816;6606
12358;-7150;15918
-12452;-2405;4792;-6298;-5244;12766
12092;9037
11905;13325
4885;13724;2526
655
-657
17041
-11956;1316;-7368;18333;4430
-5368;18317
-5876;4012;-15183
-2550;4039;9739;9915
-9221;10245;-11831;6009;-4062
16;2275;-3304;-11355;-589
-12957
3489;-10324;-5301;4552;-191;-1087
16035;4685;8623
-1210;15529;-9104;-5888
-12961
-1665;6563;-13141;17110
4688;-5592;1583
-1349;-14455;-13167;-13999;17711
7747;8266;17438
1973;11304;-6733;-7231
17360;-18136;-16296
17843;2232;-11370;13690;-17117;-495
17071
-15009;1601;14098
-15458;7573;-9191;11465;-11467
-696
9793;-8738;-17270;17768;-2249
-1538;9714;-3382
-108;-4688
-8481;17762;-2868;2478
2192;10033;274;17959;-1611;16911
-5973;-7019
-17089
17203;-12053;-14048
15058;-6584;-17373
14848;-7986;10231
3538;-8452;-14971;-5404
1637;-6447
-11459;-4966;15945;6493;16589;6783
18051;-8824;-16217;15467;12717
-3652;12559
3249;-2426;2218;14059
-17107
-725
4032;-8232;-11834;11210
8418;1443;3430;-14025
-6024;-12329;6473;-7579;-349;2686
15955;17654;13784;16587;-7916;-10269
-10770;3891;-6150
5537;11587
-450;-295
1920;9379;-12104;-15150;14910;18174
9350;1015;10599;-12025
749
3090;-2217;-18298;-8891;14956;-5775
5248;-18052;14422;5947;-8542;-12062
8048;-17553;-1170;6472;-11114;-10012
7714;-14452;6920;-10172;-3053
-15763;2746;17868
2418;14906;-5389;10685;9198;13999
2005;-2768
764
-1620;15156;-12725;695;16218;-8766
17346;-13684;-4925;-15888
-16581;7956;-8248;-12537;-1727;-2400
-5185;-14673;3744;13016;-15291;-11054
-10742;18088;-2477
-4877
-5938;11220;4825;-13116;-10061
11649;-452;-16548;8523;6652;3246
-5201;16320;565;12775;-17340;-11999
-13526;-4968;-10202;-14204;-8365;9519
8961;9074;3977;-18427;11851;18124
792
10866;-10073
-2097;12466;13738;-13564;2541
16270;5007
4452;14821;-6504;5769;-1979;622
10157;-5263
-10580;-11637;8198;-17671;-14171
13200;4594;-16328;-10464
14577;-10071;12749;12223
807
8999
7856;5882;3454
15571;3878;9000;1037
7910;13385
6535;2233;4335
-13105
-17940;-877;17997
12001;16644;-7341
-10164;13849;3453;-7967
1664;-6295;3911;5644
12887;-3867
7328;7880;-7881;13982
-3161;3994
10017;13171;18067;3365;-9271;-1739
-177;-18387;-7623;767
10721;15831;-17517
13133
1906;13589;-1385;-5436;-13631
-5300;-10150;13022;11486
4963
13156
-8467;11000;-16077;12671
-343;2248;-10970
12337;-2500;-14810
7552;-12726;11835;8060;12302;-13856
7959;17418;8271
7881;-8767
-14083;-1812;12540;-18013
8660;10521;-8810;-9259;-8798;16767
-10099;-13000;12919;5192
13179
-894
-12950;-4279;11755;-93;-11711
-11685;2852;18277;17894;4632;9887
452;-8789;6118;-15099;-10683;2525
15041;-5819;-8363;-18143
13945;16987;-17743
-6545;9556;1398;11417;-14925
-9097
3221;9765;-13994;-12186
1008;3544;-11226;-15034;-11437;3567
15344;18330
908
-17293
9102
-14493;9708;5695
17331;-2901;-17992;16761
13203
17301
-10514;-5524;-12734;3278
13056;2692;-17573;-18102;-5514;16331
-13207
8035;-15308;-11982;10143
18388;-1085
5297;-6936;1479;-17737;-12588;4988
13138;-8122
12742;-15751;16281;-12349
-13746;7177;8874;-4861;15772
15461;-16521;-14265;-11867;-6507
3093;10582;-1243;-7403
7746;-15701;2925
9986;16053;-14911;6190
14242;-14778;-10748;14349;17247;5199
-5304;-9337;15578
-12321;-11462;-10856;6202;2923
12608;3072;-12277;-9176;-2218;2955
-13230
-9253;2936;5246;2014
-18145;-13526;6921;1386;-10701;8543
-4449;3512;6857;-5787;14637;10751
-1638;16297;-8651;8700;15406;-4591
-9146
2770;-11916
-17339
-9147
-957
-17113;3868
-17342
6288;-13796;105;5354;-8685;-2512
5053
15344;1999
18145;-13559;-17898;-16383;16447
-12545;-8406;-12665;14520;-10543
13256
-971
-6450;11523
3600;-6626;2881;-12898;-16608
6153;-15325
981
-12169;17246
15076;-14095
-16225;-3492;-17381;-2395;9836
12515;-17597
5082
-2806;-14566
8214;-7226
-6250;9481;-18414;-14479
1778;11942;7767;13128;5916;1421
-10516;-15054
-6355;7349
3347;56;-6445;-15455;17502
-1960;2955
17649;-14579;9253;-13320
3857;5332
17984;-12868;-13111;-746;11897;-12347
18400;7175
-6177;5466;9770;-10062
16888;-1454;-6238
2322;-9029;-7703;1115
15672;-14666
5106
6499;-13958;8997;-7244;6717
-10680;-3421;10445;12862
-9441;11137;4644;14294;13148
-898;-2083;-5268;-3119;-10128
-17404
-1619;10837
-16710;17610;8319
2545;1926;-17019;13469;-5087;-17343
5124
-15706;16747
-10744;316;11469
6196;458;1387;-11341;-10031
17427
13334
-14145;13301;-16312;12010
-12373;13301;-15213;-3151
-15827;-9796;17016;17851
1794;-2372;-12890;6874;-2654
530;2516;-441;11804;-16013;-7646
-15703;-16170;17930;-15789
9253
14672;10968
-1067
-5249;-2573;12428;16941
3456;11986;-6533;-5915;14459
13358
10592;5555;2709;-14378;-3407
-9265
1072
5750;14266;6604;-2558;-14798
-17505;7825;-4787;-12006;-5319;6143
6947;1348;-17564
-1078
-17466
6662;16731;8971;17871
10983;10056;-8489;-282;-14940;3756
-5183
-1087
-17608;13593;7754;-13024
4544;12273;12132;-7374
-17482
4566;-4327;9052
-1100
15154;8227;-17448;-11391;14750
-7652;-8086;2454;-16489
9292
-6195;-13846;-5638
-15060;7094;-14782;6462;15183
-17490
225;-9459;-10996;-5454
13395
-1109
-9989;11098
10051;3347
5212
5543;-330
14295;-889
7825;-11012;179;4004;11319;-11196
-13408
-9956;-12229;3541;10779;4811;12366
-14339;7960;1162
2056;11354
-15384;1912;-11690;-12827
-17939;-15943;2553;13819
-17749;-1983;6318
17509
-9144;5656;12811
-2897;-14104;-4617
17523
-3011;13380;17253;-8237;-10046
1147
5860;5652;-16758
14020;-15158;-5271;15798;-11100;6958
-12835;4134;-9384;12696;2890;-15038
10563;12339;15749;1352;-1981
17456;4244;-5640;14873;-2860;18141
11175;-876;17613;1919
-17546
2100;2517;-1464;-14378;-14190;-12624
-4070;-16346;-10092;-7709;8366
-7770;6590
-7521;8898;13916;-5919
-5779;918;-12264;-2220;-10510
-4518;14249;3853;-4207
-4776;-12794
-15172;-16036;16213;-10768
17571
2864;2441;-5262;1150
-9392
-10436;-5254;-583;-2009;2522;-5920
-14819;-15414;-3736
-12657;8547;-7242;2650;13999
13489
484;-1690
9555;-1012;-11702;3270;1096
-12387;-788;-15128;-17961
-18232;17023
-7489;-1746;1220;-13157;10998;-7422
-11732;6710;-8478
2786;1916;-7982;-14319
-17600
-7777;4036;10054;15769;3710
1216
-10069;2086;-1431
-7299;6077
1632;12490;7579
18307;-12252;-15472
-10433;-7204;16516;-12301;-12381
-7345;-2723;11302
-12453;-1207;4233
2432;13504;6913;11699;4214;11627
1240
-9438
1245
7619;16327;-2221
4616;-3370
13844;-3802;7737;12140
-4913;-14423;15691;13085
-4722;5973
5351
-5355
1259
-407;4283;-5136
-1263
13336;2889;7515;-10189
-11935;10670
-10262;-15080;-6650;2299;7947
9463
13633;-4181;1546;-12270
8467;10243;-7367;6027;4382
18355;-17082
17658
14275;-13864;-8633;14173;15805
-13566
12171;-14381;-7261
-691;-8550;14618
-13058;-11097;-10059;-16221
-9188;-14117;-2557
11553;17083;636;-11599
12448;-12066;3317;-5462;11244
-10196;11485
16914;-1876;18294;-7036;-12719
-10375;4983
16353;5423
11616;-17011
15895;18173
13589
9457;14257;-2932;-7191
2448;15620;-5337;-3231
-14033;-13975;1911;-16282;16494
11684;-14791;8727;7020;13247
15553;8689;-15476;8136;8985
16755;-14119;4712;14445
-13604
-7109;15193;1423
-1317
9396;2885;-17705
3360;-11458;-3589;10358
14054;7767;-8953;2713;-2940;975
5426
-2461;7887
1331
8210;17698
-10935;13095;5479;-13469;-14911;11215
7376;14438
-2001;-17538;10009
6899;-7860;-379
6816;18037;6469;9430;9898;-8348
-3794;-3227;1580
-13138;9620;-3770;-10443
2161;4321;-2264;-8461;-10079;8879
18083;17189;1590;-7991;15036;-1600
5300;5702;14923
5445
-5301;-9302;-7228
-9173;1577;-12380;-5951
-5451
-9252;8435;3043;17879;10343;11867
3348;5940;16358;-15660;-11694;350
3258;-15307;18395;17324;9804;12942
-17750
9558
-15265;9186;6022;-6152;1129;6446
13670;-2809;-12218;-16699;12589
9872;-14920;-1659;17549;-17454;12078
17754
14193;-15565
-4212;17871
-5793;14006;5447
-5205;7972;12854;-1960
-14052;4483
-1380
-11268;11815;-18315
17334;-18073;2125
-4279;2891
-16067;10582
-2003;-15636;12436;4772;-1991;-7160
-2898;-14877
-3570;15634;8965;9034
307;8107;-7023
-13211;10171;-8589;13022
-13139;-15100;16204;-9840
17782
-8466;4068;-216;5783;-14857
7157;-1850;8382
-14722;-14643;-15173;261;-1782;-16784
-14807;-10410;-8522;11853
7441;-17042
1425;-6901;4516;10566
3659;18237
3906;-13517
8274;-1523;7203;11863;18409;2250
-6499;-12697;-10617;-16667
1881;-458
-6501;13192;-1995;5290;8910;-1088
-9617
7856;9858;14314;13723;734
5526
-5059;4567;-638;-11679;3183
-17174;-4742
8483;-2709;1862;6090
-10094;8654
9136;-8249;-9659;-9053
2020;-7559
10549;-7593;-8969;-7723
13743
-9813;3063;-14090;5387;1534;174
17845
-12287;-17855
17394;-5288;10552;-10940;10235
5591;4075
15973;-4920;-7545;424;-13599
17152;-12248;-7832;-11772;16175
13764
9489;1479;16487;10891
13770
-12313;-2185;7178;9660;-16111
-8354;16499;579;9148
10848;11122
-2022;3515
-4651;-941
-16985;7295
5596
3750;1847
9968;12618;-605
-9695
5600
-5602
6787;-10262;12089;-5356;-17055
12633;3772;-6704
16706;7317;4070;10284
-9706
-13586;-16601
-8193;9710
-5889;-8658;-17939;-14091
5618
-7233;-5075;-6903;15255;5479
-2020;-13237;13002;-2157;28;2860
4725;-1846;-17241;-15497;-6650;-1882
-13569;11636;-11883;-11405;15500
17915
-7010;16734
-12621;11086
-615;-2936;-15547;13467
-17972;3877;-809;1081
13823
4997;4734
13831
17932
8324;4813;9741;6591;8943
5168;-1074;10226;-14310;-6332;7870
17877;-10072;-13176;11420;11885
7363;-6983;8647;7182;9967;-4144
8002;5368;-14284;-13997;13357
9745
-1617;698;-8829
-17957;9749;17322;3084;-6544
8226;-3482;-11647;-15136
9753
16583;-12473;5032;14732;5660;8894
-5661
-14814;13247
1568
9761
7608;10349
8932;-6794;-16061;47
-4643;3013;13036;6236;3901;16909
-17362;15714;-8712;-7128;10859;942
12497;8851;-15653
-17985
1441;11433;9211
1605
9301;-5659;14349
-14652;-11533
-9801
-5706
-11079;-15115
1842;4307;-7353;-8607
3635;2079
4870;3958;-10697;-5661;-14574
3233;3381;-8240
-7494;3241;14075
-5728
17046;15590;-8237;-6382
-2853;10232;1656;17178
18021
-8321;-13799
-9835
-9827;4788;15412;15798;-18106;-17901
16785;1243
1441;-15698;11;11598;12494
6721;2130;-18346;7837
-15540;13880
-12530;-17571;4007;-6824;7128;-4543
-18047
154;-5915
-4328;-2552;-11833;-3305;-1803;9868
18181;12158
9168;-6801;3750;-15002;10554
4869;-7367;-16729;-13180;6158
5812;-42
3141;1672;-6605;-8782;-7487
-14900;-16087;12553;-7823
12592;3366;-903;-13368
3601;11317;3157
-15747;12662;6300;-12800;-8496
5668;-17750;4459;17515
8699;13484
-9899
1707
-6145;15072;-8117;3654;-2809;4152
9903
15700;17125;358;-7959;1068
11417;10779
-8773;7053
5817
-7906;-6105
-866;-13147
-1748;-12695;3768;-7435
-16381;2367
-8257;-1128;-7675;-8780;-463
-18115
7729;-8132;2135
-16182;16198;2825;-16862
-1734
-8233;-5792
5833
2224;-3010;2754;-1753;12557;-14511
14417;-4487
-9932
10201;7309;17007
-1754
8276;361;-9246;3166;1950;1343
-14437;4490
-17418;11566
-10200;3207;-9785;2537;-3901
-10374;-2858;-16495;3390
-16547;6246;12666;-16414
9953
-17185;-5299;-3158;-17334;17068;-4528
12947;-9510;5466;-3039
14060
146;14164;-8855;8607
5870
9968
-9667;15559;13961;-10347;-3533;8094
16290;-5492;-3178;-8682;-13006
14228;967;-8521;-364;11244;-7582
-13346;4594;6693;-12409;12686
16374;13462;-18184;-17533
-1653;-17736;-8587;17997
-18173
7652;-15478;-13942;9337;-9839
-9983
9982
9983
5888
18183
14087
-4257;1868;588
-2756;15219;-3335;-10568;-2270;-10382
-5900
14805;-13640;13496;14236;1580
-5910
-7218;1386;-4861;9836;-5311;12079
-13527;-16584;-920;542
9971;39
14802;15285;10439;6350
-12850;-5358
-2338;8258
17392;9012
5925
1830
688;4916;-2501;2839;-2014;-13951
12051;-15380;-10792
-18385;-12310;17565;-5087
10024
-163;-5427;5813;5111;-8987;13679
-18224
-16641;-1244;7853
640;6564;-7157;1800
-15588;-1844;-4182;-13640;2861;-14511
-4215;14255
14136
17651;1587;5588;12821;8089;-11116
-8450;1475;-13319;-10236
10050
-8121;14075
12307;-2256
10052
-5959
10864;-17221;-11959;7195;1659;11325
18255
6538;-16603
2977;-12567;-479
2130;7939
17681;14465;-9787
-5481;-8687
-930;4657;10532;10453;-2351
1882
15953;-1731;-15672;-10088;-13354;6622
-4952;-13320
-15122;11569;9537
6357;11592;780;7740
-9336;17433;16666;13533;4558
14971;10076;-6767
-6289;100;8389;-11208;16731;-1727
6482;-8789;-6535;-16839;-8988
1904
-1250;-15492;-13837
-10100
8259;-14264
-1331;-11668;-11764;11674;2332;653
-961;-6931;7476;16955;8861;-15296
-1915
-7541;-12589;-10461
-12837;7081;5738;-6000
-834;2755
-6022
-12612;1510;-5388;-5916
-12342;-10214;12431
2739;10599;17289;9243;-1502;429
-13115;15642;10587;-7085
17652;12956
18324
17874;-3237;-4502
-6818;-8195;-12232;-9709;-11405;13645
18331
-1925;-8216
2550;13318;-1630
-15641;16811;11037;14319
641;-10643;-4841;-6731;13403;10125
9968;5233;15973;14694;16648;-3215
6227;-9559;-12442;-10764
-11202;-16219;-17739;13611;-11133;7950
17568;13393;7537;16713
18350
-2087;-10344;14398
13442;-8404;-12166;-14636;-688
-10802;-3219;-18247;278;7032;14794
18115;261;-1784;-6427
10166
11152;-3553;10306;-12920;4456;13016
-17059;-5401
15705;-7228;1695
-14270
6604;-527
6640;197;4732;15948;-13247
6820;-11545;9977;9085;8126
-6089;16269
9360;9686;17098;10666;10267;-14128
1989
15283;-17078;-598;13642;5659;1470
10500;-12262;16294;12042
1080;921
8768;8353;16694;-14760;8427;15484
-748;-9452
-15844;10965;-9418
-2009
2009
8000;-14107
2208;3831;-4360;-6217;12062;-17728
-14391;16118;12572
-12217;-13881;9340;-5744
4944;1267;-16795;-3595;16203
-7233;-14739;16323;3622
-10220
-532;11400;2777;-8715;-10399;-656
-10221
-14439;-10698;-17405;-16831
6125
5893;5045;4905;10763
7203;-13334
-17970;-8164;9076;5604;-3514;-7547
6131
2036
-11525;2070;5560;12878;17630
-17561;-4958
-9254;7996;-783
-17858;-1159;-11207;7609;3258;-7260
-4978;10664;-3645
4914;393;-3262
10239
7697;14830
-15090;6583;10555
-6148
17;6328;8328;-10554;-6173
-6151
-17681;15025;16999
1025;-11972;-8457;11513;764;5069
-13362;1713;-14985;-5388;18012;-336
-8210;3554;6071;9611;-17182
1633;17879;-9260
-10069;13591;15687;15192;16812
-9347;15511
15666;-9046;3788;-12528;-16336
2;-2507;-11084;15661
-6172
14366
-7089;16529;4926
13969;11908;-13910;-8471;2679
-16900;4964;828;830
-6322;532;-12473;12078
17955;7315;-17848;6877;-12208
-6471;16764
-6611;1817;-5502
17187;1305
12246;-10138
-6214
7689;-9807
17728;-10098;-5525;-8319
12665;14347;-4413
13864;12937;3993
2547;18084;1382;-15248;15839
16594;-14469
-16321;-1624;15818
11656;17512;-4426;-17339;-5276
9017;-2892;-16446
-4;9621;-3392
-5173;13782;-809;-18123
-6231
-5363;-10019;13958;-4808
-16595;-5878;14043;-18285
-1611;9198;-9727
-11924;-15414;-6841;-8172;-6559;-6480
3650;-14243;11443;-15284
11714;-9049;-1726;-7182
9776;5381;-11974;11769;-17099
-2410;14767;14367
16294;-6027;4171
10321;1425;9780;-16022;-2088;15119
8453;16422;7160;-17469;-11774;3455
-17959;-5850;4329;11066;4939;13821
-18115;8421;18165;2901;11469;-8399
-49;7058;5298;16409;-10175
10771;-10932;-1476;-17642;-4671;5407
2159
-7045;-7222;12486;17354;15260
5842;8728;3913;8254
1798;363
-8945;-9604
-4241;4788;2455;-17899;443
5424;-4625;9156;-7974;14267;-9981
6271
17346;-6310;-668
-3618;-10244;-16989
-10372
-2122;12495
-11444;-13657;1033;14667;-17360
-9954;-424
-14474
-2513;-10903;-9261
-14486
14490
-15705;18344;1277;-16559;14846
10395
7864;4568;14351
-9521;6791;-5758;10702
16128;-9817
13572;1751;9609;17050;13483
-1094;10918;-10055;9223;7117;14781
15587;14035;-15116
2220
723;18405;13258;-11133;1453
3136;-13555
-9075;-1159;12792;-329
-3173;-14841;10200;14141
2347;3981
129;12533;7270;3911;-1131
-14523
-14822;1158;-860
-16002;6726;-5464;-9194;15725;14543
-17042;10702
-8613;-14112
18001;-805;-10854
7120;-4851;-10388;-5928;16697;11886
6344
10177;14010;10830
17683;9145
-2900;11189;1800;-7837
-12369;-4676;-14836;-3141
-8258;15254;9659;-10862;8750
17616;-9430;-2535;-3241;16122;8302
7367;12364;-5182
6643;-12709;-152;-986;13562
-4036;-10521
14564
-6374
-15650;13371
9937;-12261;-7047;5880;1212
2279
9116;5452
9349;-2858;-8780
3190;-5481
9809;10710;-11311;-11504
14899;16665;-12588;18188;-13743;-17024
11425;-11091;-14925
-2551;4006;-16047
7191;-792
2401;6674;2358;-17528;-1307;13803
-17862;-9021
-18067;-18198;-15196
-9958;5430;10934
15506;3196
6421
-9908;2311;18055;-15129;13307;10076
15153;9528;-10062
-14833;1264;-17435
12421;14501;16326;-15962;-6733;-10029
-6432
-17924;15418;17131
-15971;5081;11917;13599
2608;-7410;-12516;3352;18377;-14943
-11765;18202
-14634
-869;-1110;11766;-16764;13421
14636
15738;18122;7772;-2416
6450
-2357
-2359
-15201;-5715;-14212
1092;9468
-14741;16036;-16583;-5114;1275;-16012
-5013;-9046;-9565;-15615
8851;17333;11958;8728;-14891;3165
4259;-8534;-10400
3137;-6181;-6888;713;-1360
5812;17031;8216
9729;-1538;11674;-17182;-8895;-8464
6721;-5635;-7573
7937;15122;-16570
6340;-3947
17060;9402;14490;-1691
1970;12717
9224;9561
15201;-9971;1782;-16713;-13951;8959
9333;-459;1723
-18003;2004;17833;7789;5071
-405;5125;-17979;-1213;-4320
7820;14700;-7823
12400;16857;-10463
-6511
-10613
-15425;2647;-17855;3630
17024;-230;-11544;6186;-14460;-7596
17044;16710;2503;-5151
-11639;14653;11710
8640;1991
4595;5555;-14935;-1754
-16003;-8819;4805;-5227;15980;-13661
-853;-17976
-14820;-12909;-7486
9332;12489;5084;4222
14748
18316;-11760
-1412;15988;-10504;17002;18139;-16272
12406;15494;-842;12268
14199;2345;17722;-13885;-1534
5550;-12112
2522;15578;-11535
-18404;-9316;14197;251;-11615;1935
-5537;10962;17528
15328;7630
-1347;-5299;-8456;-15742;7901;-8208
13009;-15493
9770;907
13188;-11720;8791;-3915;9342;-912
-14961;-8197;-18407;8727;13963
-11351;16711;-2300;14907;18174;15503
-18040;16297;-18302;5263
6590
6224;-17862;12088;11480;15722;3516
10884;3901
-2499
-14785;-5578;-6364;-8543
5344;-13844;6277;-12633;-5405;9567
129;8793;-2320
-2579;5092
6612
14807
-17667;-9431
-16809;6094
485;2038
-17569;-14241;1992;2715
466;16901;7417;-1738;4059
-7411;-8261;4133;17143;-9104;14223
10725
10727
3761;5539;6618;3643;11646
4626;-4612;13879;2825;14173;-7872
16396;-5663
8322;-8790;-8119;6042
14834
10741
2550
8936;-681;-5229;-13774
8898;-15221;17239;18167;-6043
10753
-4961;-1015;-859;13517;-9247
16336;-15716;14232
5043;-2585;-13354;138
-16225;1371
15056;-202
2573
13777;5714;12629;11416
5702;2679;-10958
6370;-1979;-14108;-2014;13166;-4015
1089;-7768
18103;-7326
-11045;-10985;-11066;18218
17362;-2478
-4481;-12121;-4858;17212;-6909;4462
-6196;-4596
14890
-7399;441;-205;-6704;-1024
-6597;-8775;11611;-3869;-8447;-15199
3930;-13629;16399
-10649;-3787;-16846
-14898
14898
-14675;-16583;-8221
11108;-4246;8041
6242;16547;4068;-16047
7744;-8948;-5514
-4053;6679
-6082;15077;4665;11819;16349;-2334
-17651;5410;-6775
-7570;7317;-1594;-1002;5482
7186;17881;6317;-15663;-13088
-15860;3732;9735;3352;9867
6004;-2342;7165
16209;9282;16503;-13070;6479
2970;16810;15627
-5606;2966
-14932
-12673;-14165;-15701;-588;-14060;1293
-10675;-9350;-729;10473;-12716;12158
-11985;11765;6967
-10845
-45;-6704
-10310;-11814;-4807;2760;6907;-9967
-1843;-1446;-299;927
-8241;-12197;8102;2826;-1344
13349;-1964;-4623
-6764
14929;-6162;-6149;16773;6165;-6505
14956
14544;4516
-6779
-407;-16103;-10751
-6785
10881
-1620;-15590;-14457;12616;-555;-3567
10098;-7404
8961;-4103;1833;-1802;-8203;14203
6795
10891
1393;12243;807;-7648
-15251;8454
-12470;12760;15274;-12863
10896
6808
4133;-7463;4776;-4842;18396
-882;14594;11397;17093;10072;11884
-2774;-7846;11384;-3485
5156;-11975
-7618;18419;15625;-8106;-15597
-16769;-2210;-9651;18008;-3227;2927
6033;-1204;7043;-13669;11799;9112
-15377;-15955;8121
3592;-90;-15531;-11645;1566;-9296
-8338;14196;4727;-13529;12814;1054
8803;-5013;3657;14873;10315;-5327
-13140;-7159;780;-15982
-5122;3809;2145;-2868;-4796
5217;-17047;-1803;16779;13067;15197
1925;-379;-8572;187
-8853;-2106;-8768;8783
-2562;-7061;12375
14323;-9893;-2120;-4586;-4576
-7777;-17396;4487;1980;5277;-17999
1543;10728;11195;12061
15218;-9512;13080;-10428;-14478;-8928
-15378;13378;-613;-12728;18105
-13781;17045;5639;9241;5754;-8844
2933;3415;12295;511
4388;-4170;-7088
13463;-15788;-12752
-13298;-14067
2052;-17130
15082
-16501;-14968
2798
4262;-15575;-9901;18413
17543;5737
-6900
13153;-7530;-12527
-8386;15011;1763;6581;126
14672;16811
13090;4276;14117
-4340;12775;-11247
-15105;-8034;17379;10949;14013
-9394;-16676;-6548;17508
13840;-2050;4307;-11733;13832;9210
2832
-13041;-7235;10056;17149
-17649;14814
-1269;-9273;-9178;-16012;-1855;10175
15584;-12610;-2210;-3668;18035;-7
12566;16777;5482;13676;-12895
304;-9379;-9924;-16663;-12233
-10168;12648;-12572;12941
-16289;-8602;185;5469
18208;3897;13515
9058;6085
-11825;-8644;14917;-16699;7101
15186;-7752;-6506;-7886
784;-5382;17496;-15259;16939;16957
4786;6275
10502;17142;-8391
15649;1361;-12806;8487;-2126;-3599
-13878;12886;12056
7036;4031
-3045;8597;790;11785;318;13103
2546;4824;3656;46
4976;7987;1060;7430;-6858;4669
17696;11923;7620;9992;7738;17546
-1877;13894;11526;15703;-282;-7405
-11377;12016;-5266;-5332;-2327;-2894
-18242;6755;7907;-14374;-10471;9148
-439;-14745
-10104;-17995;-15760
-2901
5898;8908;-7806
5329;2401;12787;-15273;1759
-13553;-152;-12940;4172;3181
-11101
-5253;-7781;18214;-16282
13072;-6501;-11214;-6463
-7891;-14054;-4780;-7984;-13264
5399;2522;-908
6179;16899;3144;13564
15214
10817;4404
4961;12561;-6611;-1076;397;17278
13303;-16240
10615;-16074;16588
3910;861;-7712
10872;-15163;-6843
-6966;3302;16716;-6014
-3301;-3741
-1602;-13908;-7920
3216;16832;13205;-18014
-11144
-951;-13389;17295
15243
-14455;-5464;6295;11305;-2427;1790
-2957
12561;-8499;-8902;1173;-9497;6108
-6386;9666;11967
-17962;5930;15547;-14672
14597;5462;9078;-7207;12967;-11452
-2129;-7302;3301;3690;13597
-11085;-7374;-9088
-2663;-16055;3288;15273;-10159;-9039
-11165
9798;17751
2609;-4003;-15863;6090
13744;-6672
14453;11624;-4587;-2123
-5362;-12886;-13419
9088;2110
-2565;-11624;-5721;-1129;13935
-3559;-11738
67;-6844;557;9230
-4404;-10341;-12534;-16024;-8862
-14515;-70;-18029;-8543;-2816
15543;16142
12800;-5618;13028;-1622;11611;-14896
7116
2146;12979;12565;-16473
16704;-761;11663
-9186;-5364;-17114;-8236
11234
3046
-7782;9046;5879
-11241
15337
-11635;-138;11610;15677;-175
-7135;-16399
-7150
18153;1068;-7965
11259
-7171
-4273;18257;-1893;15049;16894
1428;-8105;11611;-1856
-968;-14399
-12244;-11945;-10477;-1182
9922;-3668;12922;-6495;-5504
4603;10767
-326;3976;11705;8207
-16755;-5594;-5358;12334
-7182
11277
-7184
1232;5952
2278;9003
16705;16851;-12232;-18235
-10808;-12768
11313;18234;-12588;-1567
11057;-10567;-15884
-9665;-15175;-11271;4333
-17781;-8889;-1945;5305;-16667
3114
4695;11289;15097;11306;-9067;-17917
-11309
6564;-4135;-15130;5482
12121;3611;-16221;3613
3127
-1442;-5226;2793;11099
-16897;16516;-8822;-12023;9159;8937
9506;-1830;-14907
-11330
-3139
9616;12658;-17726;2687
-16499;16169;3290;6282;14380
3145
-5938;2790
15445
1655;1503
11353
3161
898;-7894;-7370;-5181
14946;3386;-6972
-16561;-8026;938
13219;-16007;12742;-8057;1278
6385;15987;1305;-12301
-14530;-5618;-15807
10565;-13756
-15684;-3302;6934;-3435
12631;4314;-5548
-17457;10211;-2404;10099;-18295;2351
13536;-13750;16377;2539;13181
-11404
-4625;-1970;-14204;-6990
11005;4495
-10557;11916;10607;7631
-6324;8564;-17742
1703;-8636;10159
-18226;6129;-7273;3853
-4162;-8151;-10666;-4828
7326
7329
17941;18062
17504;14405
5650;5781
-7107;10872;-4316;16078
8225;7971;-17861;-7879;4711;-6603
2817;-18434;85
-3411;1319;-5146;2042;12541
-15827;-2181;523;16683;-12206;1566
6068;-8282;9882;-5387;-286;-17535
12115;8757;-13544;15995;414
11452
-11336;6667;-14976
-18003;10679;13228;5549
-15636;85
9477;-2112
-16147;-4580;18247;-16011;-5598;8526
13920;-421;-8138;8058;-15151;5007
7375
-17249;12819;3128;8684
-15969;-17170;-2420;-16887
-2786;-12215;-4680
114;11910;7846;-7528;-14810;-831
5024;2344;16411
3064;-17071;-17967
-1747;16243;1317;-8416
17026;2665
-15600
-11810;16501;2906;-13855;-13440
-7418
347;7070
-7420
-13533;-6176
12618;14811;14475;9500;-11214
-14001;-17998
-15616
-8757;16853;-14154;5691;3695
-7543;-15257;17643;-2269
11524
6176;-9027;16499;-13271;11148
-8577;8804;11238;13847;15559;11615
-9801;-3691;6060
5755;13966
15627
-7811;10455;-11339;-3708;-11325;-8285
1376;-6774;6;-1479;13207;17485
3342
-16705;15059;-9895
1938;5511
-5493;8847
13680;-3187;17890;-4548
7452
8130;13332;-886;-13120
10608;4384;3508;-4695;-11208;-5965
15367;951;-6714;-3261;-2976
-4641;-7938;-5732;-4518;-4135;7210
-10068;-5593
16133;-12759
-3375
-6487;-8568;3703;-2857;-17262;7614
3386
2770;-14020;10757;7495;808;3770
-7485
231;7258
-7491
-7461;14697;-588;4939
-3297;10790
12480;-1236;-9174;2983;-1800;-10748
-3548;-8046
-3794;-4066;-18115;-4436;-13807;8047
755;-3061;-9291
16050;4692;8056;-12797;7839;16431
14229;2294;-13113
-3251;-15316;-18087;8491;-17901;-6509
7598;-11024
3651;-12484;-711;-6170
-4898;11059;13656
-14523;-4543;-17136
15154;-3304;-15145;-4236
-7906;17746;-8519;-14088;6798;9407
-7539
15576;16538
-3448
-7960;413
1699;16105;-8991;6927
-11649
-4834;16722;-3300;9317;-14448
15764;-13909;-5784;17591;2279;-12479
4496;7556;-13193;10570;6331
3473
-4162;-13171;1570
-10389;1237;-16840;-637;-13711
13650;899;13670;16217
5409;14453
-3482
-6002;-12644;1690;16107;8429
-7316;-17270;1190;15815
-7140;-5613;-2174;-13135
11677
13447;6426
16896;9745;-14959
-10785;7906;7250;-10794;-9360
-13313;13488;-2131;1368;-10729;7820
8452;15525
-12906;9230;-14751;2639
-12788;-14360;-15945;-7228;14046
4164;11631
-16664;-15517
-2818;-8613;-8463
3344;8358
7987;-6405;16549;18155
-13591;-6314
-12547;-16233;11145;-9372;3005
49;-6466;-1608;-11884
15815
11722
15906;-12374
-1778;18260;3436
-15824
-611;-6872;-12442
-8037;-9349;9749
-13379;10092;3165;-2128;5791
3541
7571;-4965;5031
3546
-7646
-12862;-7088
-1090;-2482
-16407;-14908;15452
14874;5085
-3579
-16114;243
-12709;709;-7967
4768;13208;-7659;-13904
18385;-5941;9221;-11319;-12183;-9943
-15881
-6178;-825;-10458;5673
15884
14432;3766;-14172;-15822
17025;10950;4303
-16611;538;-4127;4303
4849;7460;-4075;-17118;-11120
4352;-14449;-13761;7949
16068;1111;-2393;-5610;-8767;-4032
17762;-17107;-4181;10730;-797;-2782
-7724
-14966;-327;16327;-16953
-17143;13510
-1156;5081;3803
4916;10420;586
15924
16599;-13976;-2521;-7836
5541;-1903
13584;11250;-2759;-5385;-1053;-3806
10027;16221;6063
-12673;-3261
-9061;-11191;3562;751
13376;17089;5049;11310;-14496
-3366;-10426;11738;13903
-6195;-16616;2553;13977;11721;2316
11853
3664
1683;-5348
14486;9659
7762
51;8469;11941;3690
14512;464;-16721;5574;-7502
-14017;-8200;2140;14
-7777
2721;14450;-261;-13398;11772;-11599
9491;15382;2966;11992;-11228;16044
17716;9125;-12007;12333;17485
-16228;-4043;2395;-11708;-10974
-3695
12596;-10391;8791;15644;17837;-3918
9778;11556;17837;9582
6688;16102;-1625;2824;190
3753;13180;-5039
3705
8867;7130
15999
3890;12156;-8239
-16005
2896;13112
7601;4311
11601;-13378;-18242;5783;-5871
11915
-14097;12501;14280;-5129;267
15200;6560;-18387;4451
-10626;6519;-11561;-12640
1873;13346;7558;-13167;-13343
-16022
6784;13651;8292;7252;6756;18343
-16024
16024
-3194;15465;3756
490;-9035;-15677
-18417;9616;-12017;-5250;-5221;7065
6368;-14210
-6135;16152;-11723;-2044
13504;2940;14940;13327
14608;-6393;4793;15325
9076;-4326;-12605
5776;16330;-1964
11951
14299;-4910;-17248
4838;14537;-3323
-16947;4989
7864
15744;-13969;16546;5523;2805;-10584
13824;14609;-18094;1631
-2101;7541;14855;-9404;-16559;-10399
-14403;10623
-7505;3777;2310;-10558
-11979
1169;4354;13731;9109
-1204;-3669;8661
11981
-13347;-211;-2520
-9069;15852;17487
-10455;6664
-16676;-8374;-2104;2879
2256;9873;-5891;-1925;-507
2820;-14358;6454;17899;3279
-772;-18421;-3084;-6108
-3816
16106
12802;3907;11687
10983;9223
16996;-9621;-12967;9991;8552;7260
13649;2470
7082;-16668;8587;7084;-2254
5522;-12314;-14910;9678
-8385;9844;11226;-14779;5933
-12032
-16738;9734;-7640;-14937;5259
-12034
2480;10097;-18178;-213;-7293;-11216
5904;-16625;8946;-3287;-1769;2987
4500;-4984;8971;-7248;10799
5812;-17853
3849
-17538;-10472;-13678;9165
1796;-8149;1525;10263;-1583
-6984;17850;4780;16879
14617;16971;13228
-11682;-11196;10828
-7959
-10691;361;-6444;1292;-11934;-1023
2560;10736;14496;-5697;5536;-11472
1698;-17258;-11228;4091;-3709;-10239
-9684;15575;-5435;-16621
-15173;-13493;-13462;8843;9054;-128
-5428;9308
-354;17507;-11627;9116;-16829;-9888
6452;-1382;-728;-3658;-6251;-6508
4741;-15974;15119
-5682;-7987;-9428;6921
995;-1415;-7934;-11086;15551
-13557;17450
-7332;10915;9403;4027;-4928
4547;-15750;9943;-11705;9065
2096;-12040;-7562;-7213;-16048
-2067;16356;9845;747;3599
-12098
-15428;4885;507;11277;-13343
6150;-10073
7282;6307;-13646;18349;6111
-12117
-11841;6611;-6889
-10625;-13282;5844;16278;-2143
-1957;-13272;12826;-4171;-1455
-9617;16259;17771
12128
8036
12133
-3058;-2755;17687;16139;12972;16205
-1138;-15315;10118;-18329;-3855
-3233;-6305;9831;6151;446;1151
6324;5815
-18337;2097
-8549;-15884
13008;1219;13892;-3687
2676;231;-1914;-4926;16079
-17778;12457;-10927
8579;10917;-10919;11771
-11619;2472;11613;6543;11343
-5842;-2224
-6106;14761;-12634
13300;11164
6624;-15540;-14292;-17644
3590;-11676
14387;-1685;15864
-13874;-4325;745;-2476;-4542
18277;12470;-9625;-204;-541
-13555;-6825
4984;5305;858;-7151
-13857;10225;-6518;-6074;-64
-500;-15792
8100
-11524;-5371;602
-5239;17438
-4009
15184;12096;2312;-1002
-15458;-9039
-16834;1634;2502;-13336;-14169;11608
4913;-17171;7452;-8207;-3295
6704;16536;13339;-7982
-14705;13540;-2858
12216
-8107;4078
-3921;-11010;-11831;214;-14350
6433;-9827;-16902;12165
10178;-14213
11223;5737;-17995;-13532;-11918;-6224
13994;14620
-4043
-1091;15718;-2392
16211;7723;-15792
17217;-15916;6845
-4614;-15823
16351
2881;7089;4548;5931
-12277;1797;-16440;-9914
1571;-1271;-9368;-11385
-9380;1213
-12049;-223
-8180
-13523;17607
9330;8900;-22;-10026
16375
-7124;-18186;9708;10637;-5888;14943
-14193;-2186
