13003;542;-9440
-2908;-3740;203;6430
12697;7804
-6163;-2051
-8218
2067;4389;-7929;-7340;-15020;15614
12066;-2101;9275;-14669;11839
12022;-15048;3055
5315;-5284
10721;10689;-13187
-4018;-2483;644;-7257;-16650;-7136
-4086;-10423;17721;922
-11140;-5284
3760;-18050;16820;16997;-6812;7806
-10850;13413;-4830;-1871
-8238
962;1602;307;-1080;-3738;1900
7832;-9818;-6605;16829
14289;-10873;4314;6733;-6223
9381;15244
3673;-5643;4090;-16011;1547
18258;-117;-2890;1659;-13327;12863
-4161
-11091;4307;-13878;-2135;18363;-7919
1761;-2613;999;8111
1388;-5552
9042;-1501;-11709
16068;15190;-649;-14905;13039
10641;5521;-16296;2189;-6223
-7793;16059
76
7570;9187;-12583;-4251
11648;14211;-1530;-16059
12368
-2642;-15077;-11653;15636;14197;-16926
-5581;5663
-15895;-2809;14122;18171;-17774
3984;-12290;14936;-1466;7213
6417;-16292;-14795
-10262;9080;3084;-10191
-98
5385;15689;-14443;17740;8494
12386
-3778;-2996;13894;3080;-10300
3049;-11341
-12389
5458;11027
-15349;-8167;-13452
7441;-7940;3028;-10828
-8301
15768;-14363;-13804
209;17513;-9420
6867;-15877;7396;17783;-18091;-6381
7059;-12228;-11326
-14439;10299;15116;-3614;13231
-7969;464;10481;7889;-12749;1997
-14962;-7124;-7876;6246;11309
-16690;-17747;-9860;-8808;8713;11502
5450;-5325
4996;16746;-5150;-8271
12419
8881;-11316;811;-14893
14450;-14318
-135
10532;14965;-8297;8394;11404
9808;9361;8363;4014;17742
3216;-5237;-2216
2929;-5896;4603;14348;8735
-4676;4820
-8754;-10550;14120;1480;-15276;6542
9057;-17404
8563;-3295;-9520
-16998;2680;-9050;15018
-7457;11710
8350
2757;17883
-14278;-1341;-5023
4259
-17777;8395;-3071
13252;-8991
-169
17890;-17786;2125;-6494
5952;16596;-10090
8366
8147;484;-16039;-5866;16314;-7312
12463
-16561
4834;11961;-4331
-12466
5779;-14360;8760
-5060;5239
720;-5206;9273;-4572;10382;14159
-9108;-4676;18062
-11603;16375;-9053
9889;4066;3987;-14379;8909
-8706;17086
16930;3412;4876;4940;11037;-16430
-8385
-8346;11049;-11018;15165;13822
8386
-2547;-8260;-677;-1001
11601;12739;-4054;-11898
10358;4665;-1579;-9152
-16582
-6727;-9657;16185
3920;-4038;-11531;-17228
9296;-2418;15592;-5065;12473;15387
-16100;-2905;-8667;-1212
17920;-6721;8630;17247
11184;-11889;9435;16157;-6208;18399
-17652;-9700;-13911;-8408;-3792
3888;-7299;10180;-17511;-17369;-4879
224;-3969;15268;5590;344;7340
-15316;871;10125
-8609;-15318;7318
7360;-6514;-16105;-16602;-13421
-17793;-3078;-13934;14094
-18068;-6886;18277;17110;17898;16957
-16620
7891;-15525;-16615;5166;14751
12816;3601;-10964;-7962;6847
10610;-773;-4791;15678
244
-15249;10289;4714
-14966;-11174;14072;-13306;-3547
-16065;17348;-8359;-7102;14429
-16637
-11010;-9725
-1878;-14778;16910
-4519;-8024
259
-8456
-4362
6436;-2071
16228;-16359;14775;-7994;12250;1850
-16657
-13283;2598;10411
17650;-5316;-14230;-14764
1491;-11703;11196;-9453
-17137;4869;-16682
-5841;12496;13349;-15725;-16846
1040;5042;392;-14954;4298;3902
6889;13642;-17948;-2864
1836;6636
-16279;-14424;-14634
-14845;-9934;-80
11264;-10981
-8478
-5137;-11945;18074;3390
10465;14231;8365
5299;-17883
17331;-4745
13412;6390;-8106;11754;-10862
-12590
6896;-2739;-18174;-6767
11042;-12915;14135;8525
12962;11923
-12604
2231;9048;-14650;3417;12558
-14322;-6098;5861;2550;6620;972
-2422;-14362;-12298;-8107
2192;993;4021;-7994;7946;5455
-12099;1768;-6380
-6054;-2844;9229
545;-13315;10387;-7703;-11817;-15296
-8529
-754;14790;-4202;-10174
-10997;-2918;16613;1622;1112;-9870
-12580;17017
10084;-3118;-5039;10703
15984;13032
7632;-3828;-8249
2464;-1219;9907;9677
15405;-10960
-12642
-10389;16184;7325;-8671
-11876;10726;-18024;11450;8079
16740
-3458;7912
8555
15827;-14261;15957;282;-17147;-13311
-14908;10445
-3122;7430;-18249;-17627;10207;-15872
-5540;10006
-14513;-475;-9403;14574;9950;4334
-17351;-11097;11691
-16657;-17330;18215;-986
-1349;17592;10666;2140;8189
-7105;-11171;15043;15896
11558;10183;-11240;7225;7226
-1737;-301;2414
-17861;-12246;1054
-9844;11957;16982;5863
12455;8409
-10938;-5837
11637;18343;15468
-8849;-3926;-17287;1353;16028
10235;-2909;1724;15918
-7123;4150;10502;8328;8252;13149
7152;52;-3594;-8283;10236;-1072
403
-1028;1701;16405;-16670
-12681;-1487;5566
17285;-13095;-15355;10750
13456;15632
-14066;-11948;17403
4529;16642;16562;2806;10219;7005
6883;-6464
-12938;-3870
9334;-3210;5529;-3036
1169;13700;-1783;-1850;-2619
-7628;-2045;9246
-1078;-4391;939
-6475;-14443
-16564;12268;17022
16824
1969;-15621;-11925;16943
-445
-14458;14364;-1645;1294
7713;-8158
-7365;17942;13277;5263
12736
1298;-12565;-11704;-10441;-11147;15438
-18305;11240;-1738;-3935
-450
4368;-438;7545;-8667;18251;-8318
13441;15685
-4802;-12515;-7715
674;4949;-2696;-17596;-13085;2719
-459
-4559
-1894;16520;7672;12939;-18381
-473
-476
-4574
-7201;17234;10925
-5307;5150;17022
-1186;-503;6271
12774
8678
-14258;11827;-4902;8188;-5438
-10466;-7203;-9894;7;15770;-13278
-15745;-10451;-11158
2406;5275;-8174
10917;2764;7294
10820;16933;1705;-9532;13340
-12789
-16887
-2806;5063;12682;14235
-1745;4581;15063;1144;17258;1070
2578;787;15317;-17021;-7040;9983
-7859;-14280;-18376;-3483;-1568
16898
9046;-1263;4943;-17344
14120;-5403
15539;4602;-11421
4625
6498;-860;11276
14324;9524;14325;2504;18317;-1120
-951;-16201;236
-5969;-2962;-12037;-7626;4893;2685
-9233;-16007;121
4544;-9183
8200;14347;14860
-2994;-6718;-7216
-183;8857;11821;-14272;-3616;-15440
5553;-14852;264;14473;2937;8555
17634;6322;3830;1437
11429;-234;14633;-700
-7633;-15818;-1679
18002;114;-14518;12901;6456;-6016
-13315;-7723
-559
17074;-123
-3933;3359
-6166;-604;-3148;5247
-7138;2580;-8552;11288;6493
-1731;12500;7844;-2204;-16988
-5316;-7552
5129;-14250;8569;-16414
2357;-1150;-18174
16650;10957;18031
16776;16574
4678
-10615;10055;5245
12877
4686
18176;16081;-6775;-13178;-4128;-5488
8361;16810
-18050;7157;-14502;11591;1640;-17114
4496;-10162;14008;5692;15247
4710
-804;-9463;1767;2008;-6416
-16492;3582
-17010
9220;16348;-4462
-6167;-12503;9851
-673;-10697;16093
17590;3518
5106;4915;3368;11498;4414
-13139;-4488;9594;10043;10910
-5889;-10194;-16244;-2567;1487
-4736
9073;5510;3382;5495;13947;-12191
16162;2391;-3627;-6093
-4741
6578;-15683;-17972;2137;-16667
-4033;3522;-16524
11736;13000;3580;13295
4750
-17040
-8291;18276;6772;15973;-7222;-4368
-5187;-16468;-6310;-16887;8202;-877
-17620;16683;-16110
14836;-15499
12801;-13266;-16585
-3185;7949
2145;-17126;14199;6366;-8847;-17887
-12958
8531;-9205
-12728;-11263;-9456
14494;1822;-3344
2853;9575;-3546
-1575;13450;-10732;11838
-17080
-18219;-8030;-15407
8889
17083
6934;-6220
15186;18298
-4965;14295;7289;-7819;9006;15679
-1877;-8806;-15495;6359;10907
-7554;-1359
-14914;-12611;-9179;11871;3631
13013
-289;2034;13284;4346;-396;-5966
728
12614;-3694
-8929;-15444;-15910;15701;18264;15242
17543;15977;8175
14144;-16774;-13708;-17166
2360;5165;13693
-6186;-10698;6698;7070;-5824
10896;18258;13363;-12311;-3371;2587
-4418;15187;5076;4804;-790;13659
8948
1189;-11448;-14505;1384;-6826;-11518
-10980;-14364
8358;137;-9264
-6323;11188
5124;-9895;13738
5073;8881;6291;12406;10920;-5931
4046;13119
17167
-13858;18359;379
15601;15953;13272;780;237
5524;-4373;-6056;4110
3137;-8029
-8337;-8948;6550;5325;-11775
4896
8075;-17069
18193;14788;1124;-12698;-3005;-9405
-3820;-4012;16830
-13099
-812
-5781;4964;9821
4911
-13763;2291;-10584;-12765;-2861
15507;-9720;17642;-11292;9165
-6661;12421;-8552;3883;-18300
9019
-12902;13367;7752;-1772;-2445;-17118
831
-9027
16449;-7876;8438;-46;4350
-17873;-6759;15725;13839
-1074;17507;-15019;-8764;-9871
-14759;-14936;-14171;-2031
-842
13130
1232;11899
1349;-506
8274;-12218;-12718;-574
9048
-15313;-12419;-4180;15307;-12765;-12448
-8082;9876;15448
-17245
-179;-3893;10231;14575;-11680
-5187;3625;10618
10897;11602;7038
-14610;4498;-17221;-13991;-3275;-9515
-16594;17746;13878;16249;10137;12701
-6904;17007;-15072
9520;1064;-7978;-3484
18337;6436;-6039;5434;3547;-14543
1377;1489;-16035;9514;-13616
-9905;-7368
-890
-4035;-12563;8332;-13104
-17650;6417;2150
-4993
-17793;1440;-1731;-4540;2268;-5117
15443;5933
17824;3730;10007;10296
-2405;-2437;727;-4976
-15605;11286;7896;6587;15311
994;-8985;11275;-4541;14445
-13330;-18325;-2015
-4776;10665;-16907;-2173
-6737;-13765;11407
-7697;8914;3874;13826;-9817
16148;15973;-2537
-13634;1430;-11080;14985;-9002
9108
11010;8887;4188;13695
-4513;-5716;952;-16698;-2491;2973
10932;10422;-1576;11112;1144;-2445
-5014
17938;-2039;2728;10812;4252
9654;12601;12714;2378;8635
5698;-16055;-1016;1080;-2925
9122
16464;-12470;-4935
400;3334;-9400;14799
3714;-10373;-14764
1872;15456
-14168;4072;13563;-15501;5262;-10559
-12786;-8946;-1870;10367
-12337;-11074;11477;1656;-10922;3869
5049
17340
-17351
2320;-2785;18035;-16604
-11603;-13555;-10966;-4822;6969;239
13259
4596;-13174;-13750;9067
9164
-17393;12296;3548;14814
5522;-14363;7437;14670
370;-17734
-2196;16697;15151
11380;-1445;-10697;-10492;-16142;1839
-16769;3079;-346;10011;-5149
-129;-14898;6180;-12617
5812;11620;-4160
-10097;-10675;14053;-15866;9307
-12611;-5077;5770;4174;6751
-4011;17293
-5094
-4659;-9047;1431;8509;2141;6719
-13265;-4290;-1992;-17369;11339
9194
-7956;-13477;12028;10413
9200
-17141;-17414;17160
4128;13332;-5737;13386;2348;-5966
-3236;-14966;-11485
10784;13236;-14809
-10403;-11097
-9214
1681;11628
-11794;-7700;8678;-15624;-3256
14563;2484;-3641;1064;6667;16751
6248;-15466
11315;-13802;14985;-3279
947;-5048;-13312
16967;-15935
6333;6989
2788;-12550;-4375;12252;17980;-10959
13330
17427
1443;-397
-13337
1954;-6968;10159
-13338
17664;-7569;-3763;14229;9162
6128;-7849;14313;7211;-14654
9246
2001;-1458;-2867;14870;-2456;-11147
-9249
-11129;-10410
10096;-3253;13366;13643;6155;10204
13617;-13526;-9344
17488;4057
14096;18241;-5653;11245
-9489;10559
-5168
578;-5676;-16460
-3143;-6329;14654
17248;-17493;-9244;-15404;10334;15647
-17189;-12573
1253;-18376;-2331;6844;-4864
-14817;8919;-3737;4447
1744;3203;2500;-16923;190
-15581;-18286
-1099
-3524;680;-3151;-16096;12799
-1861;-7832;-10538;10939
-16689;-17091;13749;15736;-7514;-9772
1102
-11098;10874;-17759;-3600
-1874;-9459;-16532;-15204;17389
-6403;-1678;-17600
6560;-7572;-7622;-665
8960;8753;337;-2824;-9977;-45
-4865;2675;-13589;14665
-18241;2816;12196;-13912;16026
-8858;1290;-16352;-14064
18040;12440;-13018;-18011;-8285;-16862
-15042;12581;8199;-10957
1123
-18049;-2436;18131;13126;-6939;9579
-9521;-4163;-5204;-14278;3368
-13000;14126
-17511
9299;101;10774;13720
-4163;-16809;8104;-9465;-14573;3006
-81;-241;-9003
-8662;-17048
-16085;-17817
-11250;-804;3029;17863;-9977
-16307;5159;-1179;4683;16974
1910;5179;-5951
3817;11630;7278;15278
1633;-149;-10825
4112;16658;7012;12133;-5998
-12147;-10772;11368;-10079
10692;-5445
17376;-13170;-13492;-13723;-15008
-10613;11765
11264;-8323;10502
-4867;-8579
-1159
-15442;2755;10662;-7883;11066
6880;6568;4095
-1971;8691;18340;-251;-15453
5075;17449;-878
10402;-4938;-16973;-10142
4528;8931
13904;-8636
12566;-4954;14042
16641;2584;6526
4261;-15814;12731
14689;-1139;-8596;4084;14571;-14236
15137;18194;-17463;-17593;2620;286
-11890;-17965
-1184
-13473
-84;6231;13256;-15193;17454
-13205;-8924;-11840
-13491
9394
-15592;-6094
17591
-9513;-16272
15812;18164
17986;11832;-6254;-17294;-960
-15802;-8251;-9934
-8305;-14819;4194;17177;-15854
-2483;-15125
-13427;18292;15692;14029;-12880
5325
-6161;-5857;-5603
5333
-7748;-18116;-12565;90;8429
-4999;1704;13081;16028
6533;11093
-18083;8537;3993;10234;4924;-14944
-11989;-6550;13198
-9329;8770;-11252;-6564;-9429;1982
-1;-11668;10246;10824;13401;15311
16848;4947;-8006;-5751;-17482
16920;-17098;17818
-15987;-16948;8243;-3756;16667;13038
-9234;-14278;6006;-1705;5663
-2040;-13864;-7065;5325
-13550
-12270;-6927;1550
-16786;-2365;-14384;11791
12200;522;-7661;301
8545;8531;1608;11256
482;-12342;3420;-9215
1272
-17223;9738;-6077
-6397;14781;-17007;13999
15632;-16499;-5508;-4153;5149
8218;5354
13572
11956;9558;12105;-4203;6698;-14349
-8709;-13065
13025;10754;2861;3326
1361;9046;11370
17682
-5399
-2024;-12572;5116;4079
-6962;17223;-892;-1964;-4125;14415
-4902;-4605
10176;-14834;9495;1642;-3085;-2079
272;308;9238;12343;-13580;17311
2768;-17779;12179;-10086;-777;15017
5421
1331
17717
-697;-11390;2559
10245;-3449;15789;-5982;14926;10767
5320;-5228;5341
-947;-12683
10341;14742;-16264;4815
-7238;14362;14702
1380;8159
9248;-18257;16682;5963
17561;-12463;-10544
5505;12791;7630
10816;1288;-2559
8033;-1172;-17430;-16038;17061
17738
-2258;12970;-9357
-2883;-3627;-10942;-8480
15107;-1031;-6968;12219;10702
5456
4420;15501;-10368
14320;11620
-15224;-7065;8473;-2670;2831
4284;17564
2896;-7633;-17898;-4766;5551
-5931;-13325;5293;-4608;-3280
-9906;-1860;5574;-7319;2348;-14784
4656;4643;-9397;9545;76;-14991
12795;-4940;11022;15263
-6725;8885;-13194;-13470;6365;382
-11970;6596;-3211;3115
1376
-6211;-7456
-5538;-10937;-13739;-8363;4429
-14403;2718;-10176
-6804;1588;10266;427
-7921;6536
8756;17205
1809;6692;-6726;-15452
-4963;-6841;6318
5485
-16755;-12025;15100
-12453;5098;170;-4412;10204
-7091;-17400;16793;-16394;-18267
-10201;-15775
-17788
-14946;8196;7398;13046
-10673;-3023
-17922;10244;-5592;-16618;-10426;10234
-4981;-2537;7129;9035;5052
-4946;8540;14204
12418;6390;10904;8824;-16640
-11654;-13225;7066;11418;-3214
-8257;-6984;10617;-891
17802
-14593;5348;7546;15406
-8541;9117;847
14612;10795;-7600
-5522
2160;-3601;-12773;-238;-5023;13951
14786;-6363;14093;-16991
-9115;1679;-14480
-10946;-6810;6937;12255
3011;6620
-6897;-731;17259
-9634
-1446
8017;-3788;-4814;-9055
4256;6673;2809
-628;4825;8235;-6880
16673;13461
3497;7484;-5422
-18329;13502;-4831
-4929;13398;2040;-11978
6513;-14132;-12122;-16394;18282
-2840;11320;7804;-17406;-8974;-11855
-5573
5268;8501
13769
-17638;-8429
4531;-454;11976;-4475;6298
1716;2132;-17702;16453;2990
6624;-833;2961;-14233;-2158;2046
-17540;-16728
-10372;13507;-16927
-882;1731;9064;-16300;-15151;-16831
14081;-5202;-11404;-14892;-478
-11830;17437
-17898
-1516
7453;2255
-9224;2412;16525
-18003;-1509;-7494;-1048;-10334
16901;-7258;14826;-3292;10891;2223
-3703;-14921;8907
-17912
17522;-3706
-11689;-10329
-2370;2388;-5658
-10711;8534;-9881;-6141;4365
-16005;13942;-3580
1546
2177;-12653;-672;-6784
8338;198;1207
6788;-16022;-12838;11126;-13692;6701
-1555
9752
-13057;-12386;-6931;8756;7269;17909
4240;-4385;-6613;-3381;15304;491
2865;-7958;-6360;12904;6956;-6846
17954;-7289;-13194;4093
-7425;-13427;-5289
-11445;10183;-8334;3935
-10914;-6340;-17752;17051
15875;8915;16441;-15083
-3829;8981;2998;-17916
1844;-11593;13464;5964;7836;12733
3541;-11014;-1208;-7224;-1242;15567
9771
1840;-7297;-11413;16265;14475
13870
-17967
13874
10017;-6548;12279;-14155
-1595
11120;15051
-10754;10377;2939;-4159
9296;6355;7592;15706;15900
1602
3713;3367;10058;-7343
1329;5234;17652;15317;-4903;3839
5715;-15723;206
1610
-9803
-1611
-17153;-2820;-6293;4173
1613
-536;10025;316
16432;15138;-18373;-4638;-14271
-6102;6793;9116
17352;17032
-16563;14518;7759
-18003
-2468;11077;-13133;18431
18003
5716
2529;-16199;16892;-12525;16158;11151
9924;-3672;-5560;9626;3594
4450;7237;1532;-1470;-13375
-17425;6819;4244;8565;15807
-5943;4316
3041;-12565;-390;-16218;10731;5582
15146;-5327
6691;-15460;-17435
1629
-1235;4373;508;-3230;5311
9077;8939
5684;16428
2919;-14393;12569;1802;-9613;12444
-3124;-14821;1477;-14263;8618
783;-14704
6147;9846;-15144;-6591;15567
-18018
-4627;-14709;9466;8234
-1637
-2642;18113;7734;925;-430;-17967
10480;11746;-15242;-12587;16794;15022
194;-5636;7080
-13928
14403;-6935;-16791;8335;-656
-12581;-5449;11081;10682;15179;7309
-18177;-15153;-13123;-11529;11277
-2161;15315;-10036;-5833;-13739;-17964
7443;-12731;-8655
12337;-866;16356;-17980
-1659
3698;-5357
8627;-10287
10749;3199
11394;-10356;11878;5130
-18355;-10133;-7814;-5052;15484;7822
-6833;-5974;-2204;-3038
6232;7721
12579;-2720
320;-14309;757;2937;-3664
13966
-372;-8075;2523;7644;11789;4558
-18069
-1686
5782
560;15235;342;12364;-10429
-3169;-642;-15828;-2533
-1971;-18155;-6000;-16528
-14177;-7763;-10086;13286;-12859;13519
5791
-339;-7301;-15609;-4268;6812;10813
-9892
-16545;-5638
9570;15033;3339;-5760
6449;-11206;11557;-13095;-12569;-7420
9236;-4293;-15271;16136
-9748;9366;10286
18097
-33;5841;10578;10500;3501
-5076;-485;-254
-5820
6345;-8078
4624;-11331;-15255;-3385;11326
-2450;-3380
-7409;13652;-17158;-3117
5842
5843
18133
-5848
-5851
-8821;-5526;-16233;-10588;-1548
-4641;8993;12150;18022
11921;10247;11881;17579;-6398;13871
-7777;17620;2776;-14378
14441;-16203
14050
-16841;16875;-10844;13469;-896
15537;13347;-7460;18324;18310;17432
-17713;8517;-16092;-8719;13966;18271
-15891;-18390;11125;13193
8530;228;16581;-15917;-3247;11982
14062
-8323;-9142;-11655;1932;-4062;-15583
9971
18164
5908;-12118;10761;-12415;-10304
9314;-18249;7147
6720;-8866;12125
10241;-17923;6613;-1048;-7403;15407
14504;-16298
9991
16203;6077
-18186
-81;-2130;4945;6611;17035
15440;-14101;-2808;-17263;12831
-17796;-11098;-1738;9658;-13600
-14353;15443;15581;17599;-16080
1988;-902;599;12409
-531;-460;-13248;4239
14193;10359;16299;14204
-1808
1584;3540;1336;3549
6337;9250;-4902;-12908;399
-306;15441;-15499;10383
17696;7698;-1155;7432;15212
-4449;-17762;15898;3610;875
2022;-3852
8483;-1912;9431;-1884
481;-10259;15685;-874;13182
9220;15662;1535
-15041;-15991;4039;12863
-8564;-17855
-5940
-6326;12269
4161;14073
2224;12560;-3268;-6328;4858
11617;-5826;8643;12181;-7529;-9039
-657;9205;-4008;-11674;-5163;18251
-14148
11393;6851
-2625;11009;3463;10472;-4074
10055
-11121;13110;-12348;12222
3425;15505;-7445;14797;12447
15592;-5532
-12131;-10222
16752;-17780;16292;13076;1415;8983
-14853;11013;16213;-6174;7965
-1938;-4936;-8539;17290
5974
5981
14173
3712;13201;13526;16506
-1513;4345;-13915;-15390
8481;-963;7833;-7035;2891;-5212
-13811;500;6741;10986;5677
-6170;1786;10383
-14435;-8326;13002;-12861;17390;15327
9825;-1731;1769;12522
2936;17609;-14330;-5516;-6702
-8696;14700
-13476;6997;-873;-4191;13454
-13035;-13455
5633;-16180;2709;13019;-3263
586;-13789;-13294
18305
-2337;8323;3254;-605;-12496;-10352
11186;-13112
11264;5457;-2764;-3532;-16447
897;-4235;-10877
10118
-14211;-12293
7505;-16116;10516;15723;684
-13124;11988;-17669;-13595;-14588
8401;7863;10283;4061
-7350;9286
10067;-15749;5788;11692;-11182;-6654
-9943;-6392;14280;12825;-636
14850;-5539;-11048;-3673;9915;-2558
5493;4647
12432;10689;-15636;2868;-3077;-5323
10148
5333;-15482
5073;-7033
-3157;-487;-6511
-3702;-13391;-1263
1972
16643;7587;3508;-9381
-13908;-4085;11317;10182;-5485
272;5808
4065;-9790;14301;-2496
-8369;2467;4067;13384;-1373
-6563;5780;-18262;8072;4889
-9556;-6581;-9432;11288
15171;-2075;-2912
-15941;-1030;-16358;14951
-10577;14851;-1461;-1589;3382;5579
-6092
-5971;-17588;-9861;17944;17471
18096;3767;5161;7882;-8331
5730;10371;-7959;-263;-13977
9142;-15242
5796;12591
18390
14296
17875;-3579
12480;18202
-7190;14775;1624;-7340;-8301;8444
16771;18010
15863;-9754
-6118
16289;2117
-6124
13788;6093;-5566
-10430;-3887
-16339;4644;-6623;-95
-482;14799
18414
11700;-7932;17483;6860;-13792
-6129
-4403;-14015
14322
-6133
8082;6248
4999;-12649;-7739;-15327
10235
-9203;12835;-17965
-1575;4008;11901
14833;7693
-11141;17078;18185;-6061;-16014
13818;6972;14031
-7730;3733;1526;-13048;1177
17923;2374;-10590;541
6378;3870
-4721;-17824
-3457;16978;-3284;-9956;-6442
-10019;2195;9607;18072;-1406
10515;-14917;6027;-3692
-15747;6922;-1436
-9265;8194;10793;1226;-4784
14365
2049;15039;5471
832;18103;3624
-12482;-10078
13155;1380;12732;18286;-6608
-14371
-6148;-15605;18056;-16524;-10733;-12094
7370;16380;-1183
-2842;12188;5038
-4934;-6055;-9770;-5964;16429
-15762;4020;13844
2103
-12945;1989;-13545;16747;-14832
-7875;6584;-10878;10062
-469;-10133;-5655;-5336;11017;-12013
-17985;-11492;8998;-3050;13227
-17881;11675
14976;-7956;5780;10182;-15305;-17983
-11241;17628;8015
12416;-11443;-7912;8474;10523;6443
-16530;-3063;-11197
10352;-8882;-11564;-12957;-7741
-5700;-12916;6772;5078;5884;7101
14577;8227;-18377;-5468;-1085
8930;-996;-6329;-3085;2204;13692
11824;2129;-8915;10024;7308;16623
-12418;8898;2071;-10108;9423
-500;-10431;2302;2399
14432
11378;291;8580;10471;-16285
7728;-9877
-14881;8904;12222
-3674;-2574
-16870;728;-9739;-6542;13887
14835;12924;11612;16030
15221;-8474;14764;-15726;-3631
16353;12582;-14492
-4614;10869
-10323;-16426
6269
14463
15409;-3205;10457
-11428;-1993;-5147
8259;14404
-11617;-15146
15648;-17748;-16477
2353;-9956;2612;-5721;-11962
12976;17893
-6753;8018;-2613;11934;17230;15343
6626;-17020
12896;5206;-12651;17231
10340;-15733;-9643;-4013;12749
-6303
8705;5847;-12346
17216;9089;-1221;-2078;-8511
-16917;8794;10333
2210
-16577;16136;-5866
5107;-8134;-7376
-12631;18392;-6507;-13755
11764;-11432;14311;-16860
-12675;-17891;13816;-8540;-4348;2844
-6315
-14162;-12639
9377;7475;-11593;-8841;-13019;-14300
-2230
-14020;11140;-15735
12801;14006
14525
9602;-12311;-2060;-9757
-17219;9940;-11344
3552;6771;-1817;-14846
10436
-16294;394;-13307;-18095
-16323;-5027;13654;-2744
-2251
-6147;16052;16941
10579;11891;283
-8339;-12027;3051;10942
-14568
-16754;-4522;-1484
-10433;18423;-5678;-32
1909;4470
10479
3923;16596;5574;-2951;3721
-2963;-4980;-7195;-3535
10672;5384;-18347
4886;9693
-10563;-17363;5414;12027
-15745;-15366;3448;13081
12259;1624;1080;-12;-9085;4621
12531;9540;-3961;14043;-9374
-17687;1274;-14559
9008;13200;-5778;-14117;-13
3382;8486;-10220;-5518;-6624
-10897;7106;12418;-3252;-7445;-4332
801;17474;15763;16692;17113
5968;4417;5977;6028;4973;-16863
-4184;-2968;2987;16253;-11087;1310
-3321;-923;-8908;-13743;-12287
-18195;-7736;17177;-18144
1910;4509
-11703;3304;12873;-12141;5343
12038;2575
2326
-11473;-12564;13060;-5275;-13005;-18127
4336;10851;-17518
11025;1029;6662
-16646;-1274;-11406;9885;-11726;-16224
9938;-10068;-6301
-10884;15347;9749;410
17385;13629
-10934;-7801
14802;3932
-6448
-7426;-12355;-2598;-5002;-11837
6294;-12746
-14648
15921;405;8312;-14538;-10298;14846
5840;-14981;-5512
-10557
-5879;12010;12618
13860;-14934;-5389
11025;-15110;-1228;-5246
-13075;10388;8760;10266;6509
16404;-9527;15579;1372;892;-5967
5381;-15945
-18068;-8119;15622
12262;14055;4728
16529;5666;11332;-15765;1000
-14668
-6478
-14670
13111;-15530;-2731;-2892;5660
-6193;-6148;14280;15032;-589;-1712
16946;-9622;8040;16809;-16716;-784
7458;-16631;6983;-5961;17820;9101
-1189;-11447;-17370;-15498;10349
-6770;-100;-11904
4547;15753;14860
12452;6279;12334
10548;1273;2862
-787;-5957;3462;-8284;-7775;8750
-10592
17223;11098;-507;-17693;4572
-13813;-7525;-13836
16145;13223;9902
-8611;7702;-17709;-12463
7063;-559
-10777;172
3651;16675;-13061;-9317;-7774;-8974
-6146;-18229;-11977;10252;-893
5474;-12564;-11254;-6363;-1100;2908
2419
17556;-2848
-16995;-18406;-7981
-10433;-5371;-3420;-9183;-10880
4690;-17748;-7669;12980;-9127;-1934
-2210;2803;8568;-15692
-16212;-2357;-8442
4104;6888;3754;4749;3422
2756;-9294
14734
14069;-10408;-7291;18364
-13010;9524;-15334;-12300
4800;17873;-10788;15846;-8896
12596;-9734;15974
16586;2253
-10650
-2834;-1781;-9177;9594;1739
-10472;3917
-14097;9313;-7221;9670;-7933;7806
-11621;-3622;-4361;-7434
-6558
-13265;-2305;819
8594;-12021;757;2572;-10557
-14752
7147;-9612
14752
4673;-12953;-10572
-4721;18291;102;13371
9298;-1987;-1224;16744;3721;8685
-10664
13794;-1125;14969;1066;10202;430
14854;11929;16649
14762
-7202;-5448;14649;-4476
-8324;4179;-4935;7222;-7838;16271
-17205;5783;-18378;-1355
-14465;947;-789;375;-4937
-4257;-3489;13971;-557;-142;-12111
-5618;-6322;15891;-3639;16776;5882
6569;5481;14251;13053
16017;9244;-16687;14398
-14946;8356
-2390;17174
6368;4777;3641
8497;1349;-3258;4107
-6607
-6562;-48
-6611
10696;8203
10580;4229
12769;-16118;-15144;-12014;-4784
-17027;9219;-2907
8533;-2955;-3051
-6624
-5841;3811;9795;11751;-1560;17340
-13236;-7305;8587;-2864
4179;5494;13336
15632;-4084;15561
-14353;11431;-2953;4906;-9758
-8211;-8681;1816;-18394;-5931
17713;-15833;3467;3628;18301;8031
-10735
7251;-6566;-4326;-3000
6641
16433;-3138;-5843;-810
-14513;-13859;18308;4185;8425
-1291;-5437;4175
-13313;-10918;-3366;-14887;11258
-17249;422;-10600;-13754;-14623
-14808;15241;-11183
6676;-10712;7671;11212
5842;4911
-6658
2629;5578;11115;15099;9101
-3336;9995
7350;5238;5062;-13146;8878;1471
-3985;14593;6649;11274;-13676
14856
-6219;14588;-10943
786;4524;-7918;-11615;-640
13969;15027;13459;-13228;5356;765
224;-7128;15163;-1582
1088;-13794;-16691;6311;-12266
14873
13363;17894
-11409;6194;6388;13034;-5295;5967
6987;9742;14543
5381;-10041;15914;-1980;9711
-1590;-16138;-17644
6707
5047;-11755
2613
-6259;13907;-5035
-4819;-17719;-10921;2715;-4640
-7378;10481;837;-7737;361;-7373
13219;7940;17527;-12009;13049;16140
12595;2311
-6718
18412;-6590;-9200
-2623
-15799;-17964;-5727
-2922;9644
-6389;-8294;969;16333;-9342
-5689;-606;-12718
2786;3939
3744;-6375
6728
7763;-5128
-17769;3674;-17676;1854;-5488
-14930
-14019;-12277;7269
-14931
5729;9203
6740
7443;1272;6223
-5141;7796
-3796;-2164;-13082
6101;654
14448;1539;3063;-2057;-2045
14480;5826;-9160;-18424;-3577
-8594;-6357
-10859
-15169;18001;16218
-6765
10176;10758;17735;11047;14394
18432;12198;17607;-9819;13870;-12752
12951;6110
-6612;8419;-1244;-12973;-8766;-10175
17186;-1622;12012;-159;16222
6775
13746;6623;-17680
13633;-1490;8213;13547;-2988;8639
-3363;13158;11705;9867
-13987;-13288
16438;-13161;-16364;-14479;-16096
-15737;8939
-8740;2680;3357
2404;16683
2703
10768;5043;11221;15180;5549
2706
357;-7164
15002
15955;7467;16157
-16150;13434
-438;7256
1223;16012;-10416
11505;-15912;1559;9754;-4175
11107;483;1960;-16282
-7923;14751
13025;9141;-2775;-16655
9781;13990;-9352;-13499;-6428;-1326
-3588;-9972;1237;9879;-10938;-5741
10512;-9400;-3855
17861;-15117
-2977;6835;-13163;-5728
17522;-12760;10270
-10940
10951
-16802;5827;10854;-2890;9819;-4046
15052
-3894;-2972
14851;10006;-12215;-9739;-3646;11709
1298;11635;12774;-15033;8488
6790;2841;9533
6877
-15071
-16017;-5681;18310;8250;-16911;-7120
-17923;8803;-11926;-919;10987
-13863;14680;-12921;-2972
-74;6957
20;13925;14726;10982
-13841;2647;1577;8331;12269
1843;16724;1365;7436
9703;-11994;-14188;-14990
13040;-9698;2626;17324;-14
8645;14726;-4316;-10846;15070
-10997
11777;-15955;2120;-7194;2350
16177;-12531;4403;-10858
12596;-8805;-2152;-12640
2811
16487;-1290;-17483;-9614;6286;-9487
2724;-8471;14150;6699
-18081;4625;-13939
-15110
-6161;5445;-5498;7965;1070
-16472;12751;6543
8163;-10966;9722
86;-14782;-8608
15660;3549
13984;12553;-17932;2415
-15117
-2338;2121;13834;17883
5557;7255;11225;-459;-8461
-15125;-4901;3194;-16894;14621;16271
6930
5559;13661
15125
3397;-109;-18414
-9571;-16007;16311;-8602;-16651;11194
11041
-339;7285
13478;-3064;-3913;16830
1250;3333;-633;-1097
6954
-2562;9519
13699;-8484;15285;-856;-10413;18206
-10651;1610;-14302
-14723;-1414;982
15159
13008;17794;5159;-1547;16716;-15488
-6973
-663;-5241;13784;14265;5308
13908;9450
7536;-16545;4201;16777;9466;-6269
-15841;16705;2017
-18084;4084;9190;-13739;-8911
17719;1549
5881;9294
-11082
-2891
-3809;15617;3586;15715;-11834
9018;-7916;14079
-5169;-13747;-2807;-14363;-7774
-4322;15878;-17131;540;12030
17065;17083;-749;2269
4208;4513;-17892;1429;10645
-11713;-17153;4184;-7723;829
-8823;-4360;-13836;-461
2401;-12419;-3557;-2471;-362;9406
-7003
12546;-1429;-3499;-606
-15208
17905;-6596;-7545;-2713;18348;-16479
4245;-15360
11117
10613;12797
-417;11606;-8253
-8595;-5829;-17944;-11534
-5027;-14599;-18266;-10107
-8914;-2339;14195
12228;6567;13144;-4251;2811;9309
10713;16811
-13914;-5421
10491;8703;-16240
10704;4907;11919
-206;3165
18177;-9139;-5544;1576;8729;5546
14403;7027;-10426;9117;15613
9808;10833;-11224;3929;17500;13084
837;-8103;-12503;6220;16524
14950;13639;8759;1097;10940;6845
14080;-12385;1432;-2080;6031
7921;11925;-10958;8271;10399
-8754;-6389;15301;3564;15646
4529;-13148;5630
8001;-5012
15042;9735;5417;-2458;9147;2973
7088
-6775;-11655;-249;-17083
-5874;2729;14605;7918
-13510;-6439;7783;10472;-7291;11980
9184;17392;3587;1336;8362
-9674;-13819
-7113
10950;13436;10190;3582;14014
-15309
18035;-4359;5097;-2427;-9228
-12785;8802;4425;-16460;-15678
3023
14070;-17096
4515;-15733
14177;15857;-11701;16071;16313;-6732
6612;12798
-16625;-1219;-1910;-17996;-12830;-1600
15905;-14419;3875;10725;7945;-16908
-9281;2000;10311
11632;14136;14456;5385;-8765;15341
11299;-12888;-361;-1087
-3793;-8673;13193;-10124;-16733;-13774
-8926;11966
16456;-9115;-14479
-6850;13992
6618;526
-17732;6934;-17400;11497;-15024
-15343
-9154;14789;-8919;10153;-3258;-10763
1314;4963;9772;7487
-3928;-3563;12556;-16319
7492;-7145;2714
627;2437
-9794;-15570;-1636;6532;7380;-2268
7016;12441
2584;8681
6192;-12232;-17515
15312;3573;573
97;13700;-5960;7256;-12013
-16408;-17033;-13242;-14844;5196
1395;4954;831
11152;13494;14779;-3567
-23;3113
-12327;-11246
15380
-1130;-14251
10467;-8793;13708
-1298;309;-6204
-17212;10014
-1388;12060;8814
-207;11502
8706;-729;3323
10674;-16678;1365;-12489;-14158;-495
-17078;-4937;18426;10795
-8514;9763;13844;8566;-4155
12610;-4413;11309
3123
353;-18171;-13979
-8324;12436;-6410;-2507;2203;-16912
7056;6406;-3927;-1800;-9723;17406
-18073;14941
1604;-18118;-1789;-9405
16923;10796;220;11693;-11567;-12640
7233
9562;17068;-7104
17651;7318;-12263;12666;11835;15087
-1105;-9834;-9021;4525
6161;6517;-3561;-11001;-5360
3904;-11447;4393
11253;90
12353;-7469;10559
11928;-4941;6972;17870
-1878;17974;4936;-11886;-1887
-3715;11492;7675
3165
-3169
-14375;-14632;9453
3169
-16977;-3685;5396;7993
-7277
11377
-15175;3791
-8851;-16277;5608;12075;10639
-11390
2320;-3042;-11734;-7912;-1951;-9552
13266;17125;-17206;3541;14536;-11679
-8497;-481;14627;2089;3403;16637
7298
10836;16943
16865;4052;6952;-89
1843;11683;9893;857;-4686
-17185;8741;-7052
-7042;10609;8401;-12068;7405
4725;-7416;-12633;10574;-10751
-2679;2407;-8649;15242;9629;11838
-11394;-8205
-14259;-6484;-7850;8990
-11447;16234;6623
11410
-11415
16192;-6666;-14765;2013
-14546;-17907;-17412;-16036;-9350;-13995
7330
5105;-1865
-8214;-890;-16299;-14704
-8820;-2623
18369;1251;-16549;-14519
17690;10142
17441;9108;6551;10830;4382
15875;8469;-5590;-4695;5687;-4201
-1148;-14400
-7358
-13907;3843;6855;-5930;-4669;10540
-3268
-9268;1899
-16563;-11286
3274
14356;13685;-13015;12103;1896;15209
-16354;16617;9673;-17308
7289;-9642;-6778;3981;-9166;11039
-16508;17965;16893;1310
-6385;13759
468;15173;18167;-1856
9458;-3430;13479;9406;15327
-5529;-8490;-319;-5328
6803;15526;-9598;-10334;-17967
-15570
-11476
10978;-1683;995;-17990;-5801;6121
6304;11920;-12759;8744;-6827
16914;-1253;11945;-845;17485
11479
15576
15577
8369;-15865;-12538;-5898;-14224
-11486
15586
-17426;3349;-1274;-16621
-11546;-16331
15652;6121;5565;4638
-14306;-16628;-7655;-11288;9704
-18391;-1310
-9682;-8213;-12197;-1960;8251
7876;11831
-6739;-12280;-11371;13562;1915;-12988
12049;241;802;-9225;7656
-4018;5701;13734;-10329;-137;6573
18115;-294;-12441;-8719
-7436
14301;-10959
-10887;7543
-13507;10162
6833;-93;11613;-2719
-15761;-12162
-2502;-15351;-3529;5340;-11326;-12846
-6530;-5493;14904;-14425
-8385;9860;-3944;5821
-15444;-8390
1250;17570;4083;-13578;-16779
-6481;10016;-7175;-12008
-9195;12555
15667;-14
7466
3372
-8965;-14245;-10921;-6108
-1317;-10437;4569;-5968;1583
-8306;-8900;-5975;-681
624;-10835;13592
-9249;10048;7403;7469
-3362;-12311
-9997;-5679
-11583
-5683;17236;4900;15611
-834;-13395;-9644
-10389;13791
11509;152;-9065;14696;-11534;14030
-17414;28;5788
13009;-12914;-12744;7418;12732
-11825;-2226;15410;15269;7258
15989;-12711;15879;17019
7506
-10475;13886
-500;12107
-15704
17250;-7012;11100;-7326;14590;7582
-13865;-4462;6717
3427
-2261;-17781;229
16865;-17029;15141;-11547
16009;-5626;1513;3823
-4739;1305
11632
-5919;13455
-11585;-2596;10613;-5974;13676;7500
4369;17203;-2280;-15848
2129;13460;-4247;-4538;-1739;14766
-15892;-4075;12875;10539
-14545;15389;14047;17311;-16464
-10449;8673;-2211;2579;13050
-16387;-9411;-13210;-18330;-10683;-17355
-17651;12469;6615;10891;-10173;13596
-12434;5846;-13354;-9231;17519
-9425;-16626;10963;-8521;-4432
-1153;-15362;11237;13593;7438
-2370;498;92;8686;4751
11876;3559;-347;17051
-15764
-3476
-2834;-4212;6771;16041
4417;-9324;-11503;12926
-17922;9827;10457;10969;-15436;-17773
-13794;-10566;-9751;10136
15075;18101;-7255;-18331
4003;13306;15738;-13167
3648;-2245;-13094
-3588;17318;5129;-17082;4989;-14368
-13811;-702;11006
-1075;16147;-842;4158;8702;-15391
15201;-12611;-5784;-10174;16877
16688;-16467;-7428;-400
3347;-8186;12446
-6707;13892;-14717;-1582;-8735;2046
2000;-5518
17296;13412;13769
-15538;16194;-18275;10003
-12595;-7748;12725
7618
-3526
3397;-4647;4776
-15816
-853;-10487;-247;8058
-3876;-15012;18025;8489
9078;-5721;16557
15442;-10264;-10683;-6219
-9633;-12596;10057;14330;-13883
7630
15823
-15824
2321;2659;17635;4620;879
6951;12973
13909;14218
-14516;-9641;-9290;-12284;-6975
-3556
-18434;15602;7753;-16670
10938;-3280
-3564
11755
10977;1350;2939;588
12550;2109;5295
-11929;-6733;-16286;2703
-888;12379;6924;-10736
-13890;5431;16139
2240;-14018
467;-5768;12267;4812
7682
-5524;10867;-4325;17319;-15913;5259
-7685
12450;-11862;15290
7010;11687;5375
1506;-7128;-8746;-1514
11785
-18242;-4211;-7688;-10319
-14449;-2532;6393;-8655;13454;-14192
15426;402;13645;7741;3247
16581;18262;-12620;-14525
7703
13301;14727;16540
-6776;-7208;-16633;-18048
-7706
7044;-8134;1158;-11872
17369;14345;-14346;-17675;-16411;-11471
7397;-12566;-13902;-7663;6735
-14390;-5862;15253;-4190;1470
-17057;13430
-5427;-15866;5515;-4237
-13766;-5259;-9183
7584;-13843;-11190;13817
11824
-2033;11458;-15142;-16075;4827;-3052
3634
3639
3640
15928
402;6083;2117;-13862;-13832;3160
16828;-4991
11313;-15811;-2729;1770;1803
-7633;-5682;1990;-522
15945
-3665
-977;-13196;4396;-12302;10222
12674;-15094;-18150;11788;1020
-3320;-3401;11513;-8460
-6085;13958;-4520;12602
16834;-11635;-5210;7775
6068;1111;-14944
17536;-2002;-15412;10261;-13944;7230
-9766;4186;-2187
8983;6975
17059;-1100
-10118;-5847
-15091;10530;-11262;3567;-3712
16464;13617;6529;11686;9369;-8926
13717;-11959;17254;2472;6316;461
-11882
-13079;119;-10682;11759
-8262;-2646;-2042;10697;-10557;5022
-3203;18132;13205;-15594;-2827;-17502
16129;3955;-12295
-11697;3907
-673;8463
-5560;1865
-3266;-2195;-2184;-4249
5329;-4614;9478;4683;10764;-1453
-3713
6240;-12899;13238;-5785;12346;6956
3715
-14817;6209;5381;17707;5628
14017;-6196
-16396;4476
-17521;10595;-8678;-7321;3289;-4573
18117;18381
7828
7829
3735
-6932;-13268;4167
-3745
13459;-9960;-3848;16381
-15875;-4255
-16658;14567;8951;4634;-7742
-5458;13154;-11093;-5029;-11711
-11951
17712;9677;-3151
18416;-13685;3124
-8499;17016;3438
11955
-13139;9372
-7863
-11960
4;2405;17464;10121;-14976;5135
693;-16839;-2807;12711;18205
2369;-1940;12643;17061;16422;-5918
6293;-10377;-3788
-2657;-17137;-8271;-1647;-2736
11186;-166;-11912;5564;1726;-10175
-16066
-16722;-2677;-4861
-3015;6921;2874;5198
-4515;18294;10490
7887
-11985
-9313;-17219;-18166;-8251
-18225;-4518;10751
3800
-16296;3594;-7485
-3314;-8405;-7429;3046
2164;-8103;825;-523;-3580;13038
16935;3018;1722;-1469
16372;16663;11752
9013;-6216;12647;-3424
-3831
16698;11709
-5460;17901;11871
7929
594;-10558;-6159
-17665;-15380;-8745;-15836;12830
16641;1143;6542
15962;-3919
-5451;-3645;1148
-10146;4705;2659;-629;-896;8159
15465;-11613
-15634;-5236;-9177;-10670
-393;-1673;10015
-261;12310
-3928;-1707;4444;6237;-1184
18256;-7830;10423;-8793
-11591;412;-880
-9772;5903
15587;5415;-4846
-386;13255;16951;-1050;7867
-3320;11287
2693;17178;-11903
9489;16723;-12101;-10237
-5314;-9142;7271;-13225;-1805;18333
3891;4118;-4127
-514;17701;15370
-17801;1403;17902;-1039;3423
-9572;10998;13319;5310;-12064
-7993
12089
-968;5436;-10878;-10463;687
9056;-7953;1218;18282;-16703
-13346;17247
-1826;10423;15787
-16194
-13332;724;-7685
-11507;-8837;11637;8894;-8192
-3971;6714;-6654
17384;-9376
-1253;9349;17674;-6349;877
-17650;-2949;-12823;16406;17143;16075
-12108
-18341;-9782;-15080;9321;2604;6877
16276;10132;6186
-2262;-7625;3419;14492
5316;18182;18167;5741;14862;7199
-3934
3934
17472;-6839;3289;14588
6513;-17416;-5480;13690;-333;-9101
737;-1939;-2456;7594
-4054;6506;17869
-13911;5480;4491
16162;6725;9959;5785;217;-10332
4403;-16536;-5930;-1915;-12637
10613;-5206;-13447
10982;7095;-13931;-9548;-6736
-11313;11618;15928
-7396;1368;18170
-5169;-12756;16808;670;1070;-12768
-4761;-4314;-13516;6349
12252;-16206
6144;-16211;10334;11887
10864;2310;15065;-2682;3179;-8380
-16338;1298;-18406;16023;-2938
18145;-745;-2621;7343;6431
16116;14581;-8363;14606;-12479
-9028;7734;-14923;3580;4558
15202;7347;-6133;3951
10592;-14004;13688;14189
7728;-14298;8924;-10750;17022;7647
8560;-1426;-13395;14279;6650;1613
16723;1669;17574;9197;-15952;7551
-3058;-1043;-4723;-13224;10072;-218
-8099
-11346;-2787;-891;-5627;16718;12031
17249;-4950;10728;-2638
16295
-8105
-12674;-3572;5477;10406;15496;13454
-17923;371;-10108;11356
-12258;-7733;1380;-5885
-997;-7031;12044
18346;-16477;-5886
9554;12050;15182
1474;3364;7373
11379;2264;18107;-7247
6328;17706;476
3424;-6578;-8438;-17019
18260;-15686;6559;-17264
2049;-10054;8358;-16683
15681;10675;1892;-16617;-15678
9045;-15817;-1371
-5350;-10986
-17541;1199
-11907;-5690;-3883;13804;17868;-14255
8163
8147;-12215
-4978;8308;6552;16795;-10319
-8155;-14
-12824;1451;-17279
-7330;-724;-12808;-4106;10428;-1824
3808;2584;18168
4082
8178
-4087
-4275;-12712;-10440;6954
-6276;-3752;-12777;18365;13502;-17248
