-8195
-8570;12669
-2850;9907;12917;-11367;14953;9215
14529;8613;-3833;13466
3026;-11227
-13701;7589;-2360;-6415;10782
3872;-16513;15793;-13748;-9894
4106
2944;-10882;12047
18
-10220;11916;812;-16334;13806
18432;-17348;-5406;573;3727
17024;-518;-14618;4203;14415
5299;-14844;1660;-8527
-17444;-4326;1262
9971;8117;-8295;6438;-4136;221
9169;-1732;9430;11834
-17444;5764;-15096;-17309;-4014;-17470
4130
12324
-8231
-8233
5944;17660;4300;6092;2798;16495
-12330
7217;-12921;-18362;-2573;10205;16478
-2789;11476;10324;-14841;13498;15147
-8599;18153;10588;-15997
-4147
-1922;-7096;-11466;17195;-8160;11503
-11426;1156;14429
-15814;-10312;-7530;-3275
-6833;-17109;-17769;14392;-17610;7998
631;-8922;-10044;1435;12861;-4222
-12689;3123;-14856;-8416
-673;16866;-1721;-6208
10098;-8613;16568;-4255;-13872
-7957;-2152;-8699;15003;-1053;-11600
-3137;-13841;8532;-16207
-15985;16081;-10070;11064;-7135;-6320
-16462
-16867;-5991;-5319;-574
-12367
-14228;-13368;2551;-7805
-13075;962;-9910;-10828
-15972;-7892;10140;13806
6560;16881;5315
2865;6502;-9453
-10594;-12487;11449;7450
4721;-4636
8180;-8442;4443
11105;6852;-4342;-1241
7746;-6152;6685
11201;-2917
-2033;-11219;12531;9005
-4192
529;17649;6494
8290
3768;10026;-13963;-16318
4071;-10585;10713
-7732;-5930;-15114
-2;109
4120;5370;11099
17456;10757;-9851;14187;8523
4993;914;-1635;-15126;15062
16497
-17922;8482;9923;-2420;9513;-15885
3603;7412;-13094;-11287;-3135
12484;-11416;7242
-12411
-18184;18311
14361;-14605;-8077
2722;-6692;10057;5499;-2748;3579
12420
9154;12227;5188;16425;-3227;1325
-18257;-11800;2075;4715;17100;-2160
-16386;-7203;-16980;12328;9292;6526
-14423;1996
-14914;8131;11860;-839
-12431
-16529
-12762;17004
-147
-466;17219;-8414
13698;3509;16652;-5039
11652;-6413;15390
-14435;-17126;6901;10362;-6333
16542
-10579;-14439;15527;7642;13531;4861
7815;16924
6656;-14018;12214;-15754;-9744
-11201;2843
-8358
-16051;-499
15377;1179
6999;-13819;-17932
-9889;15928;5450;13263
113;7446;13387;-2240;6047
5504;-13875
-4849;16630;934;3862;-2153;10332
-2385;-6801;1045;-5288;5055
3506;-13578;10255
-3522;11941;12230;17464;15324
8737;3990;-616;-7819
-9602;-11080
202
-12721;13936;-1910;-12039;11900;1037
-10653;2254
737;-17732;4499
8400
-10130;-6882;-10364;17804;-9103;-18400
-9921;2498;14164;15965;-10208
15842;-2838;15880
9924;16469;-8455;-16103;-9127;-5210
4313
6624;-14897;3862;-568;-3432
-17892;-17989;1707;-8989;-11183;879
4482;-13686;-11769;-3566;12350;16511
-4834;-15957;15063;-10552;11951
3842;4536;-8144
8427
-17268;6552;15048
-3810;-6164;-14841
-12394;-7067;5706;5644;3774
1585;-7284;-8438;-4615;13111;5883
9552;11267;6868;15527;-18286;-8302
-8435
1074;3539;14899;-11300;6916;-14885
11879;-5322;12747;4718;4895
-10787;-771;4487;-14523;-7325
10802;-11049
-10977;-9330;17025;7522;-18247;13758
15536;14848;-14355;-3492
-11811;2983;15049;6397;-4176
7601;-17202;13077;11788;1373
16638
12098;9397;-14408;1359
-7208;11342;222
-7316;15771
-4362
-17649;6370;-11011;5301;18377;-1662
-276
12566
15424;14194;5603;-4709;-16220;-14013
-10307;17639;-8040;16312;-7133
16768;-6182;-5708;17774;-16016;1839
-8480
-16104;-14040;13016;-10489;10943
-4035;-13173;-2327;15866;-13006
971;-9455
16675
11253;-13990;3559;17836;-15967;-2400
14370;5620;17166
4912;435;-2045;-11789
-6596;-14180
7783;-2777;11673
3825;567
-13941;10229;-17783;11755;-2847
-2258;-11459;7318;-4412;2319
9047;-14570;-17118;-2238
-8496
-6546;-6046
-9142;3304;5533
-8393;-8297
-4774;-18154;6236
-1948;10924;-477
2433;14260
-15814;16126
-17010;-16583;13231;11855
11841;11667;-8344;-18168;8983;-5664
-15010;15268;-1607;-6091;-1503;17454
-8514;-1303;-8743;15962;-14540;-7759
4418;-16228;-6041;2716;6622
4643;17908;-9943;-16729;-9116;-7565
3458;5055
16896;-6690;-17989;-12229;-8983
12583;13979;-18045
-2899;17014;-9694
18272;6729;8092
-13557;9192;10793;13021;17182;12847
10161;-17763;-18356;16484;-5352;-5981
-4997;-7466;3994;-1421;2508;7709
-841;-11775
14677;16181;15741;-8767;-12928
-13237;-11670
3265;11091;-17413;-1369;4094
14465;16453;-8184;-11224;-7082
-7506;16030
-8527
16720
-3923;-4748;-16252
-16433;-2313;16589;-6383
13186;-12899;-8827
-8540
5570;-4344;-1578
8545
7063;17866
-7289;-142;-13408
14657;-9097;11183
-16748
10897;-2342
-8556
13510;15526
11794;10594;-14740;12825;-4955;-2863
-11731;-3397;9128;1535
8561
17045;488;-4876
16757
-17633;-7139;11907;13245
6805;-935;18279;808
-17833;5162
13360;3905;11789
-12593;-7618;-14202;10701;-4447;7295
3313;15298;1972;15212;5550
10274;9750;9039
-16779
-12688
6536;-13565;-5662
4500
-15761;11250;-12284
12698
8581;-8171
5416;-910
3424;13605;-234
-2706;-2644;6328;-5488
4801;5337;-11372;-3278
-14972;6363
2720;290;-17562;-702;-1728;-3920
-11749;9176;14073;13500
-12714
-2753;11649;-10941;-6574
-12718
16816
-9386;13917
3441;-8408;14008;-4510
12726
15523;13587
-16417;-11298;-10867;14211;6166;-2714
-15473;-1714;15233;-883;10026;-7629
-15553;-2964;-11707;12716;17068
-13719;-11896;-15785
-15236;-1049;15838
10078;-14623
-822;8006;-13;1470
-8643
-3269;7388;16812
4548
7973;-3094;-8748;12525
-16851
13893;-5144;-1465;-17963;-6172
-4567
-15010;-3859;11556;635;10606;4735
-4193;-12211;-16677;13479;1559;5279
-8625;-16429
-4872;15720;6617;-12891
2307;13989;16950
-12484;15876;-3784;-16952;-11752;-12344
-7426;-1075;11314;11305;-6826;-2716
4576
14752;12946;7636;18039;7816;732
3036;-15806
-13653;5833;-11082;14059;1755;2606
11994;12380;17070
-17781;12600;3912;5645;12494
3282;-3770
-9233;6106;11357;-16910
-10696;10207
-8685
-2322;6911
-12133;-18344;5406
17159;-15994;-17693;-5438;9181
-14407;-11882;889;-4554;-11966;8654
6304;-8733;-2783;-3488
2020;16150;-17688;-16;-9168
8701
12799
513
8705
3586;-2860;12079
14056;6941
-523
12811
-16909;12287
-16964;2598;-17372;6636
16910
-8724
-16773;-16528
4579;-4043
10340;1308;1181
-6325;-10604
10914;6452;-6069;1769;-13613
-1554;-3090
-8725;-8207
6961;-2114;-1689;9677
9242;-4654;-7487;-2944;1199
1509;2102;13320
-18097;-2901;8085;13461
8258;-9492;9978
-3112;-11051;15933;11071
14979;-17710;-1920
-13283;-11850
-1056;4479;17615
-1416;6057;-4876;13086
-8757
-568
17152;2995;10645;-13757;174;16127
354;12084;-17142;-1513;1242;13739
-11732;7062
-10681;14617;-13549;10732;-5792
-16642;11843;-12164
-1816;-17661;-17966
8772
-585
-15282;-5434;-11628;3086
-1283;-14234;-1341;8079
8778
753;-10771;5334
17700;-12806;-5674;-8000
-1506;4209;-11015;17368;3820
4686
-16975
-8134;-17336;8729;17337
-7141;2582;3958
-11337;10735
-9460;15301;13527;-2380
-4634;4029
-2723;12484;1416;-3483;-8157;13357
-8962;-16223
-9602;-18074;6586
4944;8705;17955;1802;-1004;-7216
-8261;-10702;17150;13502;13711;7983
-11443;-5844;3353;-15356
4384;753;12369;6452;15880;18124
8814
18374;7736;-3582;14959
3441;13250;-1574;16581;-9416;-9371
8179;12547;-11911
-4627;15699;3780;10350
-12289;9426;569;-10622
15208;18190
-632
-16483;-2344;5960;-3018;-13982;-7630
1;4212;16900
17623;-13547;4751
-12053;-14600;3033;-7245;11756;-2014
-3937;-2707;14857;12910
257;-15061;-10182;9269;18268;14479
6289;4050;-1492
10149;1510;3160;-5098;6971;12635
4880;-17825
12944
14610;6244;9861;9943;13247
13155;-13814
8850
-6209;9024;-16231;14075
11234;-9431;-6560
-15025;-2020
-10727;-5687;-8826
-3186;3716;-11669;-6982;-3023
-4763
13408;-1970;2625;15980;-704
5798;-4297;15551
3376;4001;13733;-15785;3356;-3917
2433;2744;-412
12957
2641;-17893;296;-5625;8489;16858
-14017;2236;-15534;10255
-17061
3447;-13820;5598
11376;7970;12787;-17429;-8183;-5840
13625;-8846
-8929;967;9354;-2079
8878
8880
-5777;-963;5928;10649;-5051
-693
700
17242;-158
-15473;6578
-5601;-5841;-14755;-15155;12582;-8799
-12995
16612;479
4304;13465;3373;46
3280;16576;-9506;11397;-7542;11085
-16241;13954;7099
-12262;6920;-9933;8078;-4480;10959
-17107
-15930;16653
17989;-9071
14560;-14978;7235;10294
-14113;16017;-4580;6118;17766
12626;1956;-1565
17696;2205;-10976
-12370;-4917;7990;-10698;16938;7886
16883;3020;9503
15379;1741
-5665;3376;-5690;-1500;10220
-11889;-10741;15734;2682;9052
-4931;-11305;14075;6427;16959
12976;6197;77;-2702;-11695
4216;8829
5681;-17379;12457
215;18407;10809
102;-9769;4809
10149;-9387
4804;11060;-16614;9529;16281;16667
14899;1811;16825
-691;2516;11093;-7978;-9805
-7240;-14010
13058
-16806;-9416;-698;-9578;2937;12300
15987;10023;16185;2028;-10816;12431
-4880
-9970;14263;4683
-13073
-12961;16769;-7307;12478
-5844;12388;16327;10685
-16341;-11798;-9515
17176
-626;2308;-6476;17181;14159;11119
1985;4449;13959;889
13091
-7656;-15518;-3407;-15184
12707;-7035;15613
11880;5311
-2178;6033;-11541;-15829;-6999;17417
11046;-13033;-15213
8352;4753
-4885;-8224
17204
13268;-3382;13319;-18288
-12385;-6774;-2143
-531;4214;-13768;697;-11918
-9635;13014;11223;-13771
4611;-14149;11079;-16267;-14747;-8223
3685;17630
-15233;9108;-17753;4920;9929
-9988;3093;2502;-5479;-16617;-7117
17363;-2774;-1225;-16666;2461
-1588;7239;-13502;10829;-16110
-17230
8176;11894;2119;-4361;1289;-14176
17924;-5736;17161;171
11700;5484;-4047
12417;-17366
8704;-9123;17123;-3561
-17059;8007
-13151
5184;16643;16613;-17566;8670
-17250;9057;-17739;-7710
15188;-6119
9236;3428;1847;-5438
-12771;7331;-14682;4874;6172
-17201;8865;13851;4285;-8912
-6099;12690;1923;2054;-7177;-4281
11793;-12687
7413;-10523;-4716;-9455
3204;-12583;-13098;9290
-3201;15224;-5963;-15151
-18257;4211;518;-4056;10872;-10572
-11859;-11059;13907;6851;-6678;-8448
6692;-7578;1787
-15692;-12732;7039
-2628;6499;16281;-2587;16107
4547;-13644
-7397;2390
-4741;-6854;12121;-5660;18332
9168;15505;11670;-8042;-15103
17226;-13260;-8974
11650;-9283;408;16603;2013
15986;-14548;6295;18234;-7646;-9216
9202;13300;14596;-18390;10439;16825
-13841;6676;9238;14358;11099;10254
-2363;-10846
-3377;12992;-16932;-12500;-4421;-17644
-3719;13560;-12746;-1002;-14059;-3436
15174;-3881;10109
5019
6276;-16549;-2943
10548;-12906;554;874
15970;-17478;-9174;18025;7579;-15853
5732;3390
8986;12428
935
6677;-4406;-3208
-10197;1064
-963;-10819;-14392;-1608;16937;11786
17327
-179;-1446;-3415
5762;5603;2022;-18427
-4118;-17462;4248
-950
-11300;7385;-7914;-17388;-4509
11955;9101;8574
-4515;-12851;-16135;778;-1005
13795;-884;17225;-10587;-16028;5631
1536;-3314;12757;17998;8847
-11554;-6200;4504
-118;13784;-8603
-15044;-4839;-1831;-8715;-15259;7854
4018;13330;12295
11025;-6007;-14120;-8365;621;-4606
3554;7603;5878;-7872
-6565;1496
-8712;14058;14477;-12047;-8752
8864;9959;16521;-1756;12446
-4060;-3932;-13469
7713;17844
9220;12363;11676;8685
14289;16324;470;16015;-1056
-9179
9362;-180
-8498;-15706;3098;-16749
5435;-17916;11486
17379
-4036;-12471;-10089;-16378;5114
17381
13672;12744;-4938
-10613;5518
-17841;-16882;15586;-14634
13895;-5113;5052;-9742;9199
13292
13474;12106
2033;12678;-5513
-12443;16636;5007
-3267;-1157;17381;-7853
-244;-17149
8340;2469;1465;3823;-15088
-2913;-4522;890;5515;-13807;-10751
2593;16819;9752;-7482;-8286;16287
1922;-17732;16826
-3108;2090
801;11652;-2742;-10027;17675;-18380
5117
-1030
-5128
7638;-7018;-778;4252;1038
-13326
8484;4841
-13345;-2163;2180
-9717;10106;17758;8623;-9344
16148;5374
-11684;-11668;-6364
5043;-5702;5803
1169;-4293;-13228;17404
-6258;-16852;9142;-15758
-11937;5569;15991;1256;2012;-3646
16452;2708;-1721
7735;-9819;5434;2748;15439
-2913;-6073;-2573;-4429;-1455
-2984;-5305;4889;8557
9255
13353
-2934;8664;-18249;-845
16658;16151;-10396;-1868;-7181
-5891;437;8677;-9003;11407;-6704
1701;-2587;-16575
17465
1083
9275
-18417;1189;5435;-5677
14916;-12965;16326;11483
3523;13950
-14932;13837
-10913;-3154;15409;13530;-236;-13535
-12051;8866;16356;17659;11231
9108;16574
-16259;-14452;-12053;326;-14825;7003
-12630;-7078;15465;3135
-17493
-13267;-9238;-8152;10091;540;-1566
12933;-5063;-11543;-809;-15595;-1520
12721;-12760;1111;12333
14368;4179;-4296;-2972;-5277;11501
-11411;13812;16871;14617
-17442;809;15723;6127
8336;-17654;-12860;573
7878;-14776;1818;10301
6565;-1344
-13415
10816;5810;13181
-5793;-1180;1917;-176
5060;-2919;11002;-18381
1142
-6051;811
-15176;9934
-15239;6187;-286
-1146
-11873;-4054;-12376;-11869;2157
-5247
5865;-11275;348;1373;-17952
12944;-6449;6417;-13659;654;-5168
9356
-15490;-3555;-15733;2455;-15578;5775
16048;9695
12900;12844
-10407;1038
10487;-9305
7830;6876;2862
-17569
-1196
-14277;-4551;1246
-14498;4137;-9322;-5324;-8959
14672;15954;-11908;13207;2792;-748
-10573;15871
1121;4181
411;7758;5327
5304
18368;-13826;-13946
-7441;-1960;-1609;-12955;2492;-4319
-5312
-13505
-13509
-1332;2552
4675;5669;9672;-218;-10189;7997
13952;-14562;10233;-208
5043;-6118;10493
11809;16581;-5623;15261;16783;16047
-10642;-14804;7834
-6216;4987
3603;18106
-14693;-3272;-3400;-8537
12755;1189;-8743;3126;-9563
-12563;17896
5265;-14696
9431
-11298;-2861;-11661
8898;11059;12541;7246;2462
4400;-5649
-14770;16406;14622;-10912
-83;7763;15769;2378
12304;-3154;-12118;-953;155;-1583
16322;-14709;3591;-5644;-10285;-6912
16916;-11566
-5354
17643
-17796;-13173;3781;-12684;-14637
-2135;-3226
7956;-3431;15960;5449;-4526;-3760
-13554
-2210;-11346
-7268;-17719;18087;7705;8654
14658;6643;8638
11282;-16102;16055;-17995;14077;10335
15062;-16316;-18429;2029
13558
14944;18374;2904;3497;6607
7555;9893;1003;-797
17491;-14285;-1935
7029;-17383;-16712;17753;-4251
-4282;-3163;-14317
6097;4040;-4624;-10896
13984;-14100;-11636;6437;11660;-11728
-17843;13354;-9087
6227;-789;-14247;13238;955
1292
6466;550;7302;-15833;-7978
4707;13032;12235
3301;487;15853;2141
-6628;-7995;-3068
11024;2573
17696
-15409;-13365;8839;-17259;10698;16990
-16561;16082;15250;-9893;-3564
4914;-10565;-167;-15978
9797;-17862;-3960;-8571;-1200
15063;-8808;12683;2862
-7138;-118;1836
14566;3146
-4984;-4538
12769;9428;1476;9286;-540;-14704
18082;-4459
-5768;335
-13073;-4650
9126;14919;-16588;-8796
4197;6089;-8943
5581;-11230;15038;-14832
9312;9041;-619
13642
-7521;-15699;6403;-12021;-5686;16782
13653
-1;14325;-17286;8615;-1385;13486
-305;-4145;10065;10947;13481
-4482;-1299;-17013;4779;4350
-1266;-5398;-6295;-3018;11001;3599
-6913;-15313;994;15587;-3928
13232;-7752
-6904;104;9914;10559
-3553;-9729;2646;-16686;17743
10771;1781;3909;9501
13677
17773
9360;-14211;-8827
1391
4289;13487
-5490
-13526;406;12942;-5312
-5492
-17785
468;-15566;-6784
-12881;-754;-3187;11802;-4574
-12997;-4800
-2151;3335;-14937;-16090;7949
17312;2640;-13395;-7107;-2512;-6544
-12673;6384;-7416
-14401;696
17013;-17223;-13389;-6318;2111
-4709;-13098
1423
-1424
-13713
-820;17159;12056;-2395
17809
-5523
1434
-3685;-1926;-2278;10694;-9193;-11435
6080;2005;-3063;8138;15884;13357
17670;4255
7242;14685
12032;9568;-3768
530;12867;5573;-8408;7272
17619;-3880
5548
6261;15671
-6723;-2924
3698;9973;12617;-397;-7677;11916
698;667;8287
-5281;-3498;-16620;7964;-8605
-9660
1468
-13479;-16663
-5041;6912;-5479;4568;-2430
-10289;14680;-13834;7966
3281;965;18328;-7386;-5519
9168;6601;-17247
-13769
-8451;14070;1879;11050;-13902;-14319
-15842;833;18434;10612;12920;7294
8406;1704;-15691
400;-24;1111
13782
16841;-15343
-9409;-12562;6034;-5092;-2633;9871
15636;-17141
-7181;5612;-12224
5600
2498;-16300
12897;-3997;-14512
-1233;6785;-13542;4043;2430
-18273;-8983;9257;-8540;8638
16034;1867
13806
-16355;-14199;10218;10622
-5793;10210;-15763;-6294;3064;13053
18312;3017;-15710
-16310;8533;-17513;-9003
-2568;16381
4779;9038
17917
-13441;2912;-564;-11161;4335
21;-7463;15239;6027
-12433;-3074;16549;-2584
-8644;15095;-11903;-16575
8692;-4197;10457;-14109;-623;17710
6657;-1539;13532;-8910
17934
15784;12218;7675;-9551
-5285;2886;-9129;9966
272;2293;-2854;-12919;7547
-9758
-5665
17944;10364;10125
-17622;-8526
-355;-10779;-14155;-1822;-7232
-8721;-8501;-3133;11933;527;17663
11441;2549;-10907;14877
7200;15121;-8659;-1370;-4235;9903
-1761;9891;-6550
-1584
-3349;-4678;12085;9274;1935;-1392
-17652;17077;-12906;17741;17807
-8629;2631;6778;9003
14769;1603;-9271;11655;-2765;-6206
9059;14841;-2443;-13582;-17663
11473;8386;-3523;-2949;-5386;14076
17936;-2933;-11046;12154;-2221
2436;-9993;-10431
7632;14547;-10806;-14887;-12013;9821
-5708
755;-12511;-14432
4336;9906;-11339;-1292
-1613
-1491;18300;-2909
9680;-6772;17301;5157;18011;15581
-13971;5960;9626
-18002
56;6971;2782
1623
5985;-10243;11826;18259;5781;-17694
11751;13145;14637;397;-9631
16400;15233;-2517;2679;5464;-6957
-6643;5011
4416;-8338;-7299;13146;11995
-11794;10518;8294;5559;-6843
5739
-18028
-1647
-1891;15396;13476;8469;-10716;-14892
-16035;10286
-4611;14456
-16107;-16895;-13712
-13948
5549;12495
-18046
14118;8030
-4753;4;-13372;13358;6431
1772;1886;10303
-5795;-10611;8149;2487
7924;2726;-2201;-14221
-14849;-1826;13907;1924;7468;3244
2224;2864;4781
16677;-13593;-16813;-238
12181;4347;-15341;4444;-11408
-8198;9879
-7393;-4774;17335;6297;-16442;3294
15745;7425;-9251;-8661;-18109;11164
-15187;15701;-10187;3871
-14446;-11839
1710
14788;-8598;2537;-5212;-5232
-1718
13680;-15667;-8934;7239;4043;-6176
-9242;-8411;7659;-18126;14110
1297;-16549;-17867;-3067;18079
469;12168;14938;-10812;5739;-4396
-12673;17424;3137;-1765;-12905;-3135
-7761;13582
13011;12997;8487
-7156;12981
-1730
-10869;15607;4263;-9;10585;14927
6164;8411;6812;-2718;877;14959
17248;16949;-16072
-10484;-15834
-1747
16994;-16261;-3783;-2796
-5853
-17348;-11687;-2921;-8490;-14560
-15419;5468
13346;-6297;-1194
-8565;-5485
7360;-12466;15063
-8738;5073;738;10066;-8906
6800;7206;-15773
9961
5072;5809;-7734;-4120;-8990
-8373;-6007;6743;5004;7052;-14383
17232;4402;-8038;13174;4459;11502
-9233;-10867;14230
-6977;2531;-17751;-12347
9967
2290;-5495;743;-7178;2761;1005
-5862;-12086;11336;-7002;910;6830
-4417;-17366;-18183;10215;-8714;12111
-1779
-14661;17909;-2603;-10620
15979;-5518;-4576
-7782;-1211;-16237;-9711;8574
-3571;-15272;-922;-491;-2015
6872;-12766
15878;-5787;5533;6653
-691;-855;-2455;14760;-8431;-8223
-13506;14341;11414;10030
9234;-1172;-13959
-12468;5268;1173;-10713;16447;14383
-18187
16498;-15021;11581;-14863
-14082;4085
5902
17699;4410;-13964;-16397;2348
3968;-10858;16892
-11635;-8709;2692;15097;-3019;-4432
-10328;1435;7071
-13765;7846
1537;-6405;16392;-3226;-2378
-820;-17684;-7899
4409;17898
3781;-11353;-6544
5424;-2917;-17900;13565
-1834
-7441;1510
17092;-10600;12297;17962;18335
12209;-11989;11444;17064;-10749;8445
5944
12148;15557;14967;139
18239
-9219;-2533;-14184;-13549;8956
626;-15174;-14937;60;-5200
-11476;-14958
-16050;-2834;9080;11662
1669;-12587;-10957;-10478;18221;8174
1862
-15682;7301;-18059
15204;-16982;-89
14154
8992;4896;10613;-6251
18250
-17042;11078
-16631;8284;9820;-16654;16239;-7024
-15042;5394;3803;-8316
-9825;-12528
10067
8182;14935;7435
18307;7865;4074;-3788
13453;8910
-10078
-11521;6128;-6519;-13929;-13610;4794
7747;14623
10082
-1542;4437;2040;-17808;-17696
-16148;15705;-18010;12458
5845;4248
12613;13864
-15814;-6573
10592;-4590
-3009;6905;2107
-3913;-235;-4972;3084;4125
-17329;6210;4968;8061
-6017
-10117
-4049;-6072
-13138;1380;-7670;10473;2926
-18317
-10126
-753;8594;-13872
-10132
-14386;16020;-5611;6171;-9692;-10828
-2676;11796;-11065
10755;1898;18091;-8557;238
-14235
-2963;6212;8712;-1823
6144;8098;3733;4455
-18335
-4184;-18076;-5789;-6671
-1953
6244;-2087;215;2814;11151
-10756;-18182;14687
-6413;-3742
-9794;-8550;16380
8163;-13909;15350;9274;7551;-3984
-2049;1650;-3315;-2773;-3531;-12430
-11430;9719;3623;-3641;-13663;9327
8418;2935;2910
-6930;5889;-14722;4405;-7002
16664;14681;7497
7009;16714;-1264
-10769;15417;5689;-13421;1102
-10175
-13870;11837;-12239
-11682;1501
8613;-12714;302;9886
-6965;-6678;-17021
-515;-5387;-5181;-7294
-10113;8336;17937;-18153
6915;5352;-4841;-9421
18225;-17815;-6510
137;10062
-2009
2008
16183;-648;11050
2011
17506;-17860;6461
7317;2887
2013
-2018
-6306;17762;12213;-2150;10648;14908
16080;418;14066;195;10892;-10958
-18406
-11585;-2162;-9672;-11003;3727
6387;-15461;9611;9679
-3523;5267;-3770
3093;11223
-5606;125;7517
4000;-10133
5254;-7324;16396
-15910;12541;-6863
5825;2170;10428
16416;-9218;-3685;5013;1707
-13156;-9050;-15228;6717
-8741;-14360;12857
17328;-9386;2302
-6291;11545;-7307
-5714;-17396;-5254;-14650
14837;-15286;15974;-9373
-14420;1384;15097
-4337;-12466;-3723;6171
6064;2228;-6487;668;-12736
-6833;11969;10664;10810;-4060
-10900;-16406;17641;-10186;15098;-1420
-9893;-12666
-562;6226;13187;3708
3376;16689;7474;7830;11767
737;-6915
-6179
6432;-12611;16850;-14485;18184
-2084
7221;13287;16426;-10892;3163;-6640
12080;-8506;15530;-4571;-15837;3390
-4648;-10957;17694
14377
14929;-16102;9734;1723
-12915;-14345;3832;17818;11979;-8464
-2264;11;2507;-3502;5343
8826;8346;13599
-3795;18372;6101;-8829;780;18143
2801;-9638;-7495;11544;685
-5346;1826;1414
5922;13798;-17615
-13797;13991;14200
8342;-17256;15116
-3834;9209;4236;-4493;11774;-6592
-7396;5750;11949
6212
-6215
-8133;-11767;-15965;-11310
14408
-11602;17457;839;216;4988;-9776
3057;15451
-6221
9492;-11861;2375;-13641;-13069
-10320
-7046;-11466
7618;3283;13335;2968;18334;5743
-1602;-11718;15449
-2321;-7522;2964;17222;-12473
-1802;-8527
10176;7025;-17893;-8059;-17964
-13057;-1299;6003;-3766;-6182;-8416
-5553;15907;18068;4969;1519
14431
16610;-11238;552;4414
1138;-17924;3942;16822;6360
-802;13378;4053;8537;-14827
12114;-9962
1013;3990;-5293;-10063
-14449
-3059;5319;-4296;-8504;11054;18031
14278;172
-10356
13108;-16245;-13094;-6680;4362
1600;9893;-8184;17959;-10906
17582;5071
10819;17732;-16406;2317
-12164;-3066;-16603;16378;13279
8327;8263;-14410
-12726;-17545;15802
-15239;408;9338;6621;5149
-6417;15632;7145;-4251;-18398
11590;7162;-173
17640;-8442;12587;892
-13527;310;4151;-1326
-10164;-10682;-14954;9082;-12348
-15271;-11210;-5979;13869
2928;-5251;-3983
-15090;16738;-2393;-5562
-2354;-6005;7415;10938;14172;-5565
-10413
-1854;16990;-4720
-12306;-2087;11689;-779;5708
7207;-15771;-14702;-11728
4292;-10138;12426;6861;-11216
2227
6325
-8936;6234;-7728
-7693;-2479;7934
14993;7725
-4102;18072;4653
-11767;-18075;-6669;1501
14114;-17573;11764;933;-15579
-4035;-12739;1751;5131;8891;7342
-16051;18296
8642;14084
-14538
-14354;-16570
-2791;12438;9850;-17246
-6290;-8308;-1175;-9640;-13704
14542
-16579;-11236;4245;278;11005;10031
15060;-17721;11290;18205
660;15748;8421;13900;-7791
-14995;17125;16521
10461
-1269;-9095;-15048;2761;11067;9310
-6871;2937;1660
14916;-2278;3573;-647;-9195
12884;9869
-4243;-12899;-9513;4904;-13533;-16143
17607;13959;3480
2341;-7511;15800;-7439;-9568
15936;-7299;-18150;5318;-10379
-14580
-8225;6931;5467;9835;8766
1364;-9290;1534
-10603;-8077
5147;13535
1649;-14924;6876
6399
896;-18338;16497;-8789;-18232;5182
11792;9600;17780
-12625;-14936;-1660;2604;-12557
14112;-11314;16444;14254;2270;-687
-11617;-5785;15752;-4156;-12894
10509
-16531;-6269
-11070;8749
-2498;-3385;17721;7610;12364;15564
-2610;9027
-69;-5525;-15623;-8377;714;6076
9747;8099;6356;17688;-2714;4110
-15138;9237;-15480;17803;1149;-16287
-16947;10740;10713;-2173
-18003;-13437;12719
-15395;8530;-1635;-2693;7704;1149
-8101;4442;18286
-1139;4947;3048;3676
10042;380;-7870;-8990
-6017;-17511;-15354;17084;-9262;8238
6440
-3747;-8247;423;-3243;-6687;6863
15099;-4557
4881;-8642;-533;2582;-5130;4491
5713;-10872;12296;3115;-12604
16100;2197;6039;-5211;7803
-12325;-7094;-7515
-5793;-691;16146;-17718;-16711;6024
-7733;-9770;-17628
-5235;11701
-7330;-15735;12088;12314;13326
-5795;-6307;-10758
18052;-8200;-3372
-11700;12467;-10360;-13464;8381
3578;2909
7600;-3;-5203
13716;3527;-3387;3180;14078;-16431
-14513;15617;-3796;-10830;-9359
-10598
-14695
15408;-376;-336
547;-6761;3802
-2292;-8389;4309;10791;6186
6509
10020;14761;-11323;2219;-799;8015
-2417
15928;2877
9634;-2296;4811;-1534
10545;11540;-15289;-14224;12543;1407
465;-6979;6103;10473;557
16340;1301;-3208;-10602;9052;-2256
-5177;14648;-3597;-11085;15839
6535
-5493;13863;-10828;14
-4433;-15330;12310;-10109;10605;-11872
16691;-14238
16935;3352;-220;1277;-10686
2468
-1089;-18082;-11973
-16876;-6078
4066;2503
-16211;16488;12507;7790;-656;3039
14788;-2773;6120;16475;13838;-912
13667;-6621;7726
-5363;995;16584;6653
6336;17799;8282;-2812;-6636
17978;-11390
14780
6589
-1573;4069
5575;5118
11077;-12428;5148;-9469;2142;18319
-14628;4389;-9416;7195;-15342;17102
-12677;-9526;3927;-12906
-6947;-10724;8772;14917;8780
-10232;-8665
15208;15977
-10707
-9985;4482;-2951;4999;-13913;-13822
-10147;7475;-14406;16151;7545
13185;-10485;5847;-11209;8328;17340
11569;-12876;-17614
15664;-9058;14291;8247;-18409
11906;-2487;-11968
-1385;-9360
-18119;-6330;4217;12603;-3119
-5332;-12760;-4634;-4411
11009;13297;8594;-14054;-8093
725;-15575
6218;-12876
-9492;-1190;4022
9683;5716;-7305;-4203;-15068;13741
2213;-5879;11687;-8169;5691;-12206
-12785;-12996;-13654
-6668
-6099;-6148;-1046;5529;1085
232;15388;-4846
-7713;13745;-2835;13640;-14253
681;-14650;6521;4862
-15722;6365;-17807
6656;10433;16132;11412;-1082
-6257;12323;-14916;8733;12317;-9600
11351;-11883;-7243;16748;18204;8191
17073;5281;-1320;-10141;15260;-11263
13282;-8388;-7499
17523;-4042;4795;8908
-17845;7669;10438;16872;-11386;17343
-1073;15057;-179;5191
14951;13800;-1947;13978;1451;13629
-16930;-16501;-13141;15368;8108
2436;-7126;13880;-6574
6161;-9987;-1860;11064;-2761
-7539;5266;13755;-8862
2622
-15777;-7985;-54;-16811;-2959
10657;-11893;15014;-6490;-12235;-18159
-16342;9079;-9993;-2573;-11774;16687
9331;-9357;10846
-5025;13062;-1312
1845;-16763
16354;14534;-7771
8771;14348
-11026;-12084;-4107
10851;-16
6369;14183;-16315;4283;10412;-4000
-16133;-11863;-4777;17833
4784;13266;-10676;-8438;1193;6621
18146;-6376;-9114
678;-14264;7160;17274
-8884;4995;-4135;9816;-17500;-7440
6341;10428;1998;16670
4800;-1793;3859;-10395;3643;6651
-10981;-12491;18026;-11340;-6365
11574;-8903
17696;-17285;4408;-2142
17840;13618;17091;-2859;14334
10873
11552;131;-18057;-17113;-18316;10446
-4022;1337
-3185;-17288;-17402;-9866
11556;17653;16106;13566;3422;-14560
9298;-14697;-1386
1521;17554
14982
116;8086;-7608;-8651;10751
5440;-15778;7187;7254;-743;-6057
14988
9249;13012;7719;-12415;5615
13810;17563
-11879;9175
-1109;-13886
-6467;3717;-12256
-13715;10743;13884
6819
9571;-13017;12777;-158;14031
-17857;-9955;11348;4294;-14906;7967
-9027;-1379;-12200;-8795
-5809;-13107;13251;-17611;12348
-5313;16833;18418;-1914;7486
18369;8963;-12404;16853;-12651
6371;-6583;2959
-4898;8994;15036
-15457;2194;-4629;-6343;13294
-6967;-4247;-13753;17451;17645;-12879
-7777;-2162;-17522;-25;9439;-9280
-4897;11746
-2755
16849;-14089
15048
2760
2516;13707;2923
14051;-438;-6750
-10962
-33;2321;3969;-13451;-16059
6869
10969
-4147;12789;1350;6824;-9930
10982
-16433;13638
-10601;4043;-8528
-2805
-9843;-15094;-6783;-14032;-6208
7936;12963;9251;-10958
-17986;163;15927;7593;17595
-8611;9206;-5596;2188
2193;-9103
-2816
-11223;-16539;-16016
7651;17540;9662;735
12705;-7942;10347
-10225;13345;14155;-8862;16157;15118
9424;6593;11899;3311;8943;7711
9829;4925;-17584
-7891;18323;-5575;-10043;5839;-15776
13987;7796;13671;-3562;11903
7973;6601;-2923;-6302;5679
-17682;10472;-11615;-8591
-1441;-5498
-12993;-15778;13910;-14587;9051;-7023
3062;5324;-10990;5453
6948
-11048
15144
17185;6155
14257;-9107;-13257;-10171;-4779;-4384
-5219;-16693;-1496;-14253;11805;10701
13041;-13171;17699;-2407
10546;2409;-891;15390
-13065;7500;2684
12244;-937;171;1357;2750;-4512
5760;-15384;-1451
-10308;7078;14712;-15293;-15456
15171
-6984
-978;-981;-4133;4761;4219
17457;-9812;15399;4426
18241;-7539;-18197;3718;-7312
-8499;-645;-15112;12712;-13932;-14287
-6481;-13682;17458;13139;4743;8204
12416;258;-1580
16800;-929;14339;-15927;15561;-6460
-5014;12840;4073;-17598;16799
2913
11876;11517
-4631;-10951;4475
1396;-7894;-8712
-11114
-2179;6850;-15786
-11115
-18417;-12700;-16862
-7020
-3169;-11981;4031
1745;13470
-15201;6227;3993;16521;3677
-2723;8245;-7932;5342
-3538;-8882;1985;13995;7567
11988;-18424;13469
-11960;12265;-3245
12273;11149
-10898;12516;13001;15914;5228;-16431
9617;17906
14065;-5339;14701
-2888;-12954;4701
-5913;4651;-17038;-5136
12657;-935;-13003;-1934;14366
-4666;14073;-11211;4764
-15250
-2963
-11299;10147;5523;-1401
4325;6951;-11769;-6575
9312;8898;6775;-14094;-3823
-13190;13817;2346
4784;-4664;14712;-3660
8880;-12475;-2364;8939
-11173
-4738;12417;10837;-15720;18427;-10046
-9813;-13656
-11352;8360
-4406;-7255;3351;18392;-3627;635
1622;10758;2910
11197
-1031;-17418;-4363;15706
7107
-4465;18016;1749
-15302
14112;8053;-2088;3421
16337;12275;15688;-5258;17226
16992;-17537;-18164;1190;-8104;-10171
-2178;-8932;-5767;5658
3474;-15700;-14043;-9532
-18225;-10837;8583;-10955;15162;-11340
5238;4459;-15390;-1440
17729;5797
-7146
9475;4310;-10734
-129;-12643;1813;12838;-11209;2175
7238;17402;-17486
3060
5104;14341
6476;2814;10159
5912;7880;-7834;-17216
4980;-16727;3454;15454
2306;16007;16360;9307;8239
15058;11109;-398;-3710;-2607
-5571;8386;10381;-10128
10561;10066;-13461
3169;8689;-9075;-1544;-602;-11901
-1074;1188;15247
-4630;15639;17383;12443;11391
12115;15535
-3077
-13219;4741;939;6333;-10064
-180;12093;-4736
-18194;-17290;-12655
3432;5769;-10059;14748;3724;-6333
-18309;-5261
-12835;-16020;6584;10986
7008;14626;5909;-18077;1821
17729;-13123;13878;15146;-10045
-1329;12628
-10259;-16390;16940;-5517;-7966;-4496
-775;16175
4082;-11443;-16491;-10605;-1424
4192;12297;-4779;11886
11825;7676
2240;15690;-14813
15405
-4500;-2716
15409
10851;15736;-17131;12971;-12830;-12720
-11317
-9347;-18356
7225
-1061;16357;10392;-6495;-7871
1922;-17860;11674;939;191
-11326
-10115;7523;4293;11702;-16539
-5494;-11031;2697;-6171;479
-11802;5081;5482;4379
18258;10727;15115
-4129;-7528;-16060
-2049;-11156;-4181;4549;-10332;15931
-13730;14115;-6390;7242;-4576;-16192
-7244
-14689;11539
17744;-14595
899;-14040;-17113;-5147;7674
-14977;3632
-16740;8998;15721;-6540;-8688
15443
-4177;5637;-10493;-6415
-2292;11827;-17989;-2263;585;-1226
-3171
-5395;6868;10341;9005;7823;-4992
-17761;10514;-9540;-4660;-2207
1237;-2983;-891;9914
-7925;-15926;7335;8858;379
-16338;-11421
14549;13397;8007
10976;8226;-16148;-10336
-3187
-16465;833;18010;-17853
2324;15077;-6062;-960;-17664
11329;866;7381
-10083;17461;15397;-15660;6413;-2144
244;-8774;-810;-6141
16758;-1278
8914;7511;-11849;6809
12292;3564;7820
-7294
-10578;2353;14899;8812
-6519;4022;-4376;-12713
7297
17446;6238
-11846;-17978;-9676;-108;-5583;-15360
15782;-5518;17518
12137;18347;-11997;9295
15616;-15345;2816;3075;-2953
-3211
-18417;7027;16281;14703
-15330;-8644;-12821;-7032;-2073;-10559
-866;16337;15619;-15591
8970;-12237;-5024;15599
-14500;5957;-8663;-17033;-9855;-16464
3890;-13380;-6488;13767;6266;11450
3218
-10165;-18133;502
698;2523
-7299;-3606;17817;-3691
13504;-6518;-16135;-9066;-16141;2462
9554;-12776
11941;2518;18088;-7821;-1023
12036;7573
-11483;-8128
-2369;9446;-10173;7661;-7792
-11420
6562;-7812;16313;12746
13520;5858;11877;-17112;2844;6732
7335
16187;3436
16176;-4740
-13122;-10663;-8140
4209;7589;8728;-13178
-10578;-17986;16499;-3716;-17096;9143
5665;13974
11447
-5261;-17918;-4655
-4932;-14021;3207;-17114;17311
11458
1328;-10054;-10567;7831
-15559
15362;10916;-3206;-4636;-2878
13392;-3427;13795;16375
12288;-8210;-9590;10870;-7612;-1021
-15399;-17545;-11292
144;16274;5923;1416
-11470
10192;7315;4408;-10444
8417;-9844;-16888;11786;-13135
-12114;15602;-16853;-1205;-6695;13887
4291;-2792;1789
-5522;-7635;9990;-4089;5114;-13440
1799;18247;-12655
2248;13336
-17287;-9450;-9328
5351;2458;3679
144;-1250;-10390
-5596;-14094
-11499
15596
-10690;904;13274;16205
-11513
-15651;-4454;8040;9032;-288
4545;-6692;14739;5579;-6656
-3326
9169;15477;-201;-16779;-15088
-18054;-5272;3613
-5526;-10267;175
-561;3344;12931;-13518;1135
-4660;17988;693;14389;-8360;-4431
-15160;-10012;14749;-13390
15458;-249;-8943;-13695
-15621
-455;-2840;-4233;10861
7437
-15169;10245;-9627;-16875;-12796;4015
-15395;-4333
7314;10786;12998;-12812;-14943
-4356;17496;-7803;10298
6640;14114;15362
8720;-5563;-10604
7398;-13256;-5688
-3356
11548
-11549
-4275;-10931;14661;-13065;15147;-13086
-10291;-1175;9416;-5406
-15651
-16994;-4739;17044;-9254;6119;4458
-10023;-13823
-2939;-12716
14853;16540;-12542;-5374;-6014
-14901;3625;16443;-4461;-8176
-17476;1236;-407;12473;11647
-7478
-5362;14677;-2924;9278
-8282;-3295
-9859;15240;-6923;-7243;16269
-7485
15378;13826;14660;8326;9199;11631
13988;-983;-16397
11583
-10924;-3246;5661;15022;13262
-11201;-1617;-17764;2613
-3393
3841;-979;-5318;13005;-4878;10014
11592
15520;-7345;754;2664
-13305;17114;-398
-10084;17844;13799;-2809;-3050
8277;-17512;12647
2644;9800;1850;-7168;11343;17711
14098;8650;11740;18079
13424;5443;-3160
2849;-16597;14599;17271;-3466;-18077
15233;194;2674;11255;-15741;6190
3649;-4468;-7158;7517;12413;16046
4449;7167
-14642;11211
5030;-13194;7210;-11948;9469
14976;15108;15110;5740;-2542;-12191
-9041;-18106;8937;-3452;-4652;-9888
16416;-4;11598
9568;-4658;-14739;-3081;-15102
-931;-10791;-15257;619;-3421;-14622
-9170;-12176;17903
10408;16473;-958;-18352;-4128
4819;-14852;5683;-11211;3918
-744;-6810
8883;14648;-3690
3458
9335;9192;17705
11662
-1697;14136;-2122;-8954;14396
15765
18288;-4039;13431;12664
-4258;6870;-8281;14719;-1472
-8250;-12797;15244;12812;-15567;-15408
-9622;-14347
-15729;-14834;-7779;-5350;-760
11684
-7590
-5889;-6565;16186;-16973;-10734
-3496
17813;-14310
-15793
6980;-5397;15157;-8054;6760;346
1766;-1082;7721;-2524;13740;268
15666;-9079;13786;-11103;1438;5087
10976;177;16164;-5527;-18280
18352;9307;1613;-7534;2254
17667;2238
14067;-2348
12468;4420;-14697;-18012
17506;7412;17269;-1385;15517;4557
5776;-10283;6622;-17936
11725
-11585;-12371;10953;12138;-14957
10647;17463
12064;4832;15310
12226;15885
3537
1991;-5531
13688;-6202;-1034;-9994
13813;-2079
-8050;-18164;11077;-8070;2217;-3037
15837
-2630;-9114
-5051;8605
-17777;15893;-5658;-13466;17451
17556;-16741;-13833;-2831
-7729;5315;12279;13225;14699;10830
-540;-14237;18348
-7780;-16614;15305;3817;-11771;1183
-11764
-2433;-5016;18359;-7337
-4709;2037;8822;-14619;3325;12815
8928;16432;3781;8968;4553;-10415
12307;-13940;13349;-7416;15659
-12594;-3272
-3894;12313;316;-11918;13837;13406
-17225;8859;-4044;635
6919;13048
12791;11274
3586
-308;12087
11781
-7617;-4981;6791;11959;5917;-288
-17506;-1075;-16055;-1288;12653;15583
-8198;-4586;8634;15935
7693
2133;16503;-12046;-6046;-16432
-7699
-15893
-3605
4722;15347;-14725;11269;-17388;-11023
-4739;820;15717
-5905;6754;10360;-17035;13532
8345;12427;-13837;18028;15517
-11814
18020;-5146;-1402;9690;7038
-12049;-3090;-13066
9508;-15531;8346;5403
-7729
-12600;-3322
17994;6349;12063
114;-16471;11417;-13804;15102
-147;-15686;-1291;-15196
-12453;-4091;4699
16642;-8893
7754
4228;7701;-15294;-302
-15955
7282;-17671;-12682;11212
-7106;-9204;1284;-11354;10811;7804
-15957
-17222;13381;7514
12932;-118;15438
15967
16197;-7867;9946;236;-2544
18004;1044;15284;-18364
11872
17857;9493;17291
11875
-8010;-5613;-14639
3689
-16978;-13930;-1454
-14577;9188;-16182;-2809;-8077;95
-3698
704;-3831;15287;12505;1257;-5837
1184;6018;597
14482;6902;-3706;9547;13691;-348
3109;-10189;3374
-7805
7806
-18305;-10595;12211;-8744;-11049
-5306;9019
-6212;15958;7111;4823;-12056;-13339
-3490;-229;-4204;-11581;7596
-14145;10757;4039;-555;9578;-13390
7041;-100;15749;6955;2750
3872;17392;-14004;-3830;7386;1099
6227;9692;12381
-17553;14615;18233;17103
-12977;15042;-3175;-6908;-3903
-291;-4708;17669;-8678;9576;-9837
-3734
7600;-563;9618;9348;378;18316
11104;11908;7941;-10039;-13080
18037;10730;11837
5251;10783
11938
-6930;2452;7061;-6331
-13026;-3018
-8157;4399
10818;-5782;-7659;6380
-13409;-5316;12597;8742;15766;-2334
-2178;-5686;-3656;-12720
-13937;-13510;3206
-8945;12707
-8820;1932;1181;9471
-3765
3345;-8650;9070
16054
16055
-9398;-5784;7725;15326
11967
-7875
10279;9885
-6065;9264;-17604;-14745;3371;13805
12161;-10852;3303;-16589
9137;-84;-12297;-17182;11086;-10832
3790
16721;-1961;11578;-10256
-9366;-18215;-216;-15692;1405;-2671
4080;-2130;-9141;10985
-17418;-10335;7566
-9729;-2270
-2021;-15541;6182;6568;8618
2140;-14142
135;-7194;-17232
13105;-5050;-7418;-4448
-11793;3883
-11586;13492;-12184;5036;13151
12005
-11281;-12563;-15462;-15543;12679;-2607
16108
-4050;-7410;-12116;-3734;7099
12196;6058;-6236
9458;10997;-1565;-1136;10655
4053;7975
17921;11767;-5371
17925;4101;5241;1147
-16433;-3798
6562;-10324;-13691;-10971
3856
-10597;-13741
8832;5097;12315;-5999
5690;18427;-7966
7960
3058;-7541;-11670
-3867
-1729;-10827;5212;11148;15484;-15421
2434;12197;-3351;17144;10616;13983
-12692;-9974;-10663;4423;-1625;-10207
12260;16190
-14533;-13920
7974
5329;-13125;-1318;966;-16219
-13331;17220
16180
13970;13891;-10136;-5641
-9299;-9924;-7894;17098;9626;-3500
17653;-13067;701;-17376
-13499;-14974
-4801;-2977;15728;8234
-10718;-13663
-1105;-13372;844;17533
-7572;-10472;14143
11648;-5240;-12185;-6317
-12095
-13011;-3184
5232;-3397;933;-16551;-10215;7802
-5873;4642;14995;2431
7238;-9687;-15130;-3117;-3695
8007
8931;14822;4745
8912;-1886;-9262;12702;-2735;16671
-3859;15974
-14888;2761
16464;3415;7704;13944;3356;14
2677;-2540;-8173
5041;10418;15592;9758
17321;-10443;17551
-10867;-1285
-12156
8060
8061
12434;-9207;2712;10318
4057;11946;16638
13106;7282;3300;-15002;-619
-9297;-13077;-16172;18188
14226;-18202
3976
6884;3685;13800;93
13041;-3539;-17610;-12202;-4156
-14034;-15752;-12744;-13961;-10346;5503
10262;-9192;7564;-3870;7421
993;15288
-8091
-5946;16107;6475;18239;14175
-401;10978;3060;13541;-2704
-13699;17125;11017;-18300;-9390;-15327
4182;-185
-13762;-2527
8104
17412;9590;15414;14841
-6920;13736;1294
12785;-18374;-10718
6836;-14997;11117;1070
8124
-8069;-1067;-3087
-4408;12796;-254
2272;12647;-3323;17019
2753;13044;12982;11275;-12206;-15616
4040
12112;-8069
804;4390;-5594;8540
-16333
18160;-7220;-1625;7017
-6370;-16388;-9752;12968;-7516;-9757
11665;-1826;7222;4294;-924
6881;7815;8794;15918;5599
15395;2164;-3273;-3466;4606;5007
-2533;4708;8471;11212;-17808
-12248
-4064
-12260
16363
-5717;-6054;-4202;6459;5437
14387;3446;12136;2780
-4498;7345;-968;10393
4000;-4946;-17043;4356;-6181;-652
-7563;11644
-13026;-8345;6442;4124;14300;4687
6275;-9;-16205;18124
17552;5266;195;16869;-8569;1449
-11388;-17822;4317;318
