-12289
-14401;18329;-8220;-3903
17827;-11749;-13253;-9900;8878
2834;-8756;87;11784;14539
-9153;6631;-13872
12912;-12923
-16400
-5953;14162
-4145;-3363;18243;-15819;-941;10140
-16161;4662;-7992;3085
-18130;-7092;13235;16106
-16727;7608;4877;8365
-12319
-8225
-6024;855;4472;10541;10669
-3971;-14006;2729;7645;-17007
1733;-5865
-11831;-16712;3930
-12387;-14694;-18013
-13703;-10267;14074;-7164;12924
674;-9846;12137;-11197
14688;1737
12330
17690;-9099;3739
-11202;10081;-12771;4132;5615
49
-12342
-54
4369;8418;-4535
9529;-14202;-7820;8335
-4159
14586;-3420;-8348;1340
13751;14984
1981;-18432
6832;-16338;1653;-7628;-13262
10997;920;-11995
-4417;3586;-14750;8589;782;-6160
-5955;-6099;-7267;533;-16029;10157
-18137;-14717
9845;-1565
-9873;-726;3062;-12555;-478
-12228;-17014;9221;1418;10316
9810;10590;-8016
18311;-7291;17755
13375;-17584
-8306
-16376;1529;-13642;-8491
-1446;17341;605
-14482;-836;-5279
-8311
8992;-12806;16957;-8928
120
-5841;7682;-14333;-4126;-8079
14928;-5475;4986;-10223
15152;4342;-2776;5528;-18192;-8272
886;9945;-9627;-6814;510;-7311
833;13957;5291;527
133
18282;5708;-14798;-9326
137
3123;-13336;-4938;-12877;9996;-2592
4239
-2164;14598
12245;-1709;1901
-17207;-15711
14416;8225;-10150;16437;-4203
13026;7603
710;11992;4251;12782;-5008
16536
-17859;15030;-10056;13449;-17102
-14132;-3448;-11945;-4108;3707;9292
9556;-6679;14249;-5371;12974
-10357;10202
-17739;-14668;15469;16782
9107;-7525;12360;13353;13743;4175
-468;8147;-14729;-957;9133;11326
12452
-8358
15172;7733;7977;-10235
14741;-2284
4266
9617;-3411;15785;6859
-2006;16826;-5488;11327
8265;12399
-14017;-7638;-1591;5482;5291
-18305;7409;5689;5021
1360;-5643
-5092;2518;-2887;-11113
-360;-3164;-13053
8001;15522;-4868;18327;8266
3748;7084;-8110;13854
18291;13223;13512;4319
10161;4995;-6088;-680
11360;-15266;-16618;8345;3787
16211;-7305;-3082;-12155;-13532;11470
16588
5940;6555
-6388;5523;-15960;-13595;-14845
-17747;-10966;6936;13374
11889;4131;12500;8555
211
13636;-12075;15038
-219
-14898;-9046;17225;6939
-4322
4946;-11893;-1415;18390;-1609
10896;18004
17152;-10722;6086
8420
16832;-5682;10131;7619
914;-2857;4429;-158;-13854;-5088
9186;15621
-3505;-18250;-7151
-14806;17451;17564;8140;16942
1184;-8374;6950
-4691;13609;8573;9310;3503;2703
2608;8533;9583
8437
-247
-16487;8540;3599
305;-10747;1998
11504;-10531;17046;13767;-12762;5804
12544
-9553;1100
8866;2547;-15005;-4864
-2520;8553;12777;4013;-2079
386;16530;9395;-13752
290;1221;-18025;14473;-924;-13696
-10506;-13323;-4223;7294
7264;145;-8546;-4755;-10776
-8849;-3890;-10322;16871;13641;-3069
-8482
-9446;-13288;-6552;-4718;13231
-16679
-14177;1593
9169;15880;8014
-5249;-7335
16684
-14517;9193;393;-7645;-12303
3552;5858;-550;11943;4076
4449;16337
-8082;11318;15069;-5710
-8504
18273;2371;-11893;-7973;7653;73
5875;-17780;-12651;-8527
18418;-14008
-4130;15477;7173;375;1560;-11945
14433;-15140;7830;4489;-1997;-5198
-16454;-14905;1817;-4746;18077;-496
4817;-2822;9271;-6665;-17370;157
2563;-11320;10842;6430
4419
326
-5762;-11129;16617;16989
-15062;12453;2940
17555;-10889;-2239
10100;14808
18338;-13726;-16847;7806
-3846;5637;-2126
14945;9985;5923;-14133
-340
-17731;3828;-11158;-2440;15369;7695
-15297;-6150;12582;4600;12958;8031
-8536
-347
7747;792
-8541
-12869;-16153
-12211;15814;17273;-12334
-10393;14281;-17550;5119
2292;6254
7009;-17460;8133;-16330;10524;8479
8113;4532
-10423;10781
-12647
14882;-8925;-14512
4272;13332;1241;2906;-7597;-5600
-14632;4333;-14640
-6470;-11226;6829;15326
-7297;-3186;-9897;-8656
9923;5909;6422;-9599
-13655;-16104;5047;-13737;18361;-13050
11108;-2544
5752;15100
5393;-17862;6106;-12109;-6478
12662
3955;-16743;-14568;-9884
5488;3224;5067;-3821;-9583
-14165;-7338;-11642
16760
4472
-12131;14515;-2789;-13207;14575;-1344
18213;14936
8037;13674;15534
-4483
-17362;11298;14644
-14341;15509;9414;-3132;-11935
-17890;-15268
17893;-18287
-8355;12835;-11451;-1615
4562;-15037;2716;-17503;-16095
3121;5777;730;-5134
-1219;-981;16441;2542
-5213;717
-15811;-17358
-13700;-5573;10678
-4113;-7009;6181;-15943
-16791
-13905;17334;-6536;-8233;-1469;4207
12699
411
-12700
13380;-14149;-7837
12515;12474
-5441;4642;5619;7881
-14388;12030;-17759;-4880
-12534;-12464
-14072;-2344;-8589
1141;-13863
3406;-16128
-4689;4017;15810;-4615;14571;8108
-6120;-7501;-13806;-9872
-16514;11828;-13737;-11502;-15567
-438
15008;1371;16829
-12737;-12997;-4950;-14813
-2466;-13683;-1094;4511
5783;9736;-2784
-14578;7366;-9623
82;7315;-12581;-3512;-8140
8227;7654;954
12753;-3093;11274
13825;-8965;7783;-8092
12748
467
-983;11609;-507;-1455
-12001;-232;12583;-8749;-8463
-15649;16258;-132
-14865;-8307;2213
-12771
14242;-18131;4373
16241;-15497;-10446;5119
7572;-9320;-3628;16076;-6205;95
-15236;-18332;4398
-10611;2595;8724;9029;9612;5725
-3433;16220
-15955;17851;3214;7678
-9092;10969;-10572
12436;-17037
6999;-6491
-9318;-5401;8681;3562;5787;5390
-2388;-9051;-10702;13438
644;13686;-13820
-15624;-5368
13072;-7862;16120;-4144;-16672
13169;16043;2507;13852
10050;-9531
14305;-3812;6536;9561;17113;10074
8369;-8962;17026;17524;15220;504
6214;-6748
12822
11154;-2997;8997;4059;431;-12912
-12818;8181
877;11951
14417;-2803;-12156
4641
-12708;8934;6455;18346
5401;7434
14499;-15223;-6537;6712
1828;4053;-9590;-7162;6222
16307;-17977;11064;-11673;10057;-12428
11170;5769
12844
-4805;10853;1882;-1116;18319
-12846
18244;-13591
4208;-16712;-17739;-11995;-12623;-11232
15011;-233;-18234;8699;-4109;-13981
15131;-2285
-5062;-1096;-474;-12828;-5676
3373;9487
16957
13362;7027;-4325;7623;14314;7631
16481;4578
17156;4569;15035;-6462;11245
-1147;-3534
11012;-6329
16972
4531;5828;-4614;17830;-12184;13773
12879
8783
8257;324;11639;3815;9325
13989;8694;3319;-7113;3852;14716
1827;-5446;15654;-5625;-11104
-599
3233;1462
8210;-8488;15133;-14254
11109;10293;-4414
5140;-888;-18330;-1424;16111
-8803
4709
18337;-617;7470
-2210;14898;1813;-2619;13309
18416;8884;-10045;-4351
-4901;16039;14056
15316;-16855;-137;-13321;-6107
-5562;-17212;-14716
8818
-6214;6829;15
-3235;-9691
-8135;-8889
1139;15483;-4940;17468;-12127
17024
-12618;-16701
-16002;14369;5398;-12605
8844
11760;-13649;-14586;17129
-3154;2405;-4918;-10557;-816
-15041;-17573;16420;-5705;8250;12991
-8675;-4271
226;-885
-14742;-10494
12817;-4934;11129;-6063
2208;-10100;8554
-2577;13025;215;-12061;733
4763
17051
2476;-1886;4175
4765
13825;14726;13962;11405
-12959
-6996;-3813;-10344
-17793;17119
-1745;-16645;-10960
-7089;15674;4298;-13565
17066
-11313;-16419;-1700;7916;-3744
-8081;-2882;3330;-10152;-12296;-7468
-11409;-5662
17075
8884
2551;-14123;10876
16120;6761;15931;8189;-13536
-9075;9772
13718;-11305;-7210
-4999;17479;233;-2715;-14798
4799
-10497;10935;-16857;-17162;106
4674;-7828;-11958;9400;5002
8256;-3449
712
-11554;13410;10996;-17661
-16929;17643
8770;-2580;-16105;-3088
-15812;6900
-13009
15696;-4820;-1964
11425;7140;13051;-1230;11295
4161;6697;16698;18223
-10790;11516
15746;8331;18380;-4864
-5075;-15802;-9739;17597
-4501;12598;13115
-4946;12961;4178;-4872;16138;1854
17735;6488;-4490;-10347;-14223
-12945;8769;11541;-11623;-17880;-7275
-6874;-14348
9622;-6553;1769
-7090;7832
966;1321;5822;5982;3038
13044
-13345;-10306;-9641;-15433;-1184
3521;-6824;12251
-12545;2532;-8630;8091;-3742;-11040
-3490;15621;9749;7533;-15359;-5103
-12743;-6056;-5994;7645
-5345;-1462;6166;5502
12435;17571;16681;2447;-7408
-8405;-3669;11018;13163;-16973
16385;1670;18071;-11033;14142;6590
15584;1579
-7655;10007;-7228
6833;4724;13865;4030
9937;15489;16024;43;4076;-7918
6152;-17228;972;10893
790
-798
4581;8790;-14169
2259;10828
5043;-17545;14731;10476;-3712
4898
-7012;6430;-8703;8479
12644;-2442;9963;-11167
7026;-13124;15944;-10655
-6290;5480
-3365;17519;-5152
-12482;15633;1652;15862;-3471
-3491;14306;12563;10247;-1340;9486
7345;-12254
-17198
813
814
11120;13842;-12393;-12442;12975
7328;4501;-11270;-15437;14061
-16529;-7397;-4908;9294;-16671;-17855
6673;14627
-7505;-9701
4917
17171;17300;-5625;13482;15837
9971;-10133;22;8312;8509;8718
17209
5312;9537;-11589;11748;10393
-3985;14224;14456;-14106;-1564
-522;-3868;-16924
836
17015;-18154;1978
16516;-4198;14869;4650;7483;-18000
843
-4941
16230;1001
-2193;2049;10162;5860;9547
-16710;-11974;-2903;-1453;15805
-14034;-3204
-12469;13578;-572;-4144;-1344
15905;15418;9418;-11213
16482;-4068;-3365
-10113;11459;424;-1321;12697
-8241;15206;328;-6431
-7713;-6881;13684;-10745;17772;-5247
1441;-9831;-14104;-8809;18143
15043;698;16988;9373;-8463
13160
17795;3565
-7218;10837;-12201;-13821;-15344
9076
12993;-7109;-5051;-6605;-13070;1567
10226;15241
17276
10801;16146;-15555;9980
-4994
-2276;-6404;-3111;2391;-7883
-12196;-992
-723;1512;-12217;16426
-5955;17187;13608;8831
6930;11608;126;-13344;11967
5665;11625
-4289;-15260;-14128
3044;18348
10098;-4980;-7445;-3068;-3711
-13204
-323;3509;-12889;-11695
6817;-898;-11156;-15997;12124
17306
923
-7704;16823
14192;13043;-15806;18174
17714;-8858;17164;7679
-9125
-12099;2995;-1061;1038
-7890;-6722;-4503;-2666;4457
-18388;-15322
-18012;685
-2356;-11546;666
-7958;16025;698;11835;13116
-9148
-1476;-2965;7591;-714;5977;-13467
15058;-15315;17145;-13309;-2621
-17345
5056
-12385;9729;-13299;1500;9964;5455
-11749;11221;14921;11147
3602;-14699;-3278;-7070
9528;-6734;-3760
-3013;15285;-16538;-8989
8337;1975;471;-9226;-6622
-973
15589;12842;-2879
-11574;620;4060;-1869;11325;10703
5479;8972;7007
-6949;4709;153;10813;445
-15281;-2706;10933;-14409
5187;-8869;-1736;-3758
-13794;9858;13111
-17369
-13319;-8154
-4581;6214;4151;-7963;-2911
4151;-8587;-17040
-4997;13046;-2313;-6734
3928;17550
5095
5099
7665;10387;-7851;-5100
4259;13113;-16367
832;-3254;-5371;12062;-3263
-17841;17971;16661;8172;621
-12673;-11909;7188
-9203
-17397
-17916;-1788;-5885
-16034;1556;-854;-13831;-523
-1857;3012;17322;15306
14288;-7865;14603;4573
9125;4934;15130;12795
-16410;17436
-5041;-12371
-18037;8745;14415
17825;-15609;11103
14000;11608
5362;-6398
-1524;-3748;4234
13330
-17432
-1586;-6643;-16294;-15737;3753;-13696
4963;-3912
5955;3288
-10038;6325;-1436
12194;3351;-922;2814
-13348;-16379
15188;2005;-4968;205;-3184
-14929;-8021;17989;7976;-3897;-174
13345
-884;-4980;9431;10987;-11309;-12496
12498;5223;-9034;3161;2363;-9054
-1066
-7069;-14543;-12223
-13355
10018;-12297;1211
160;-17893;1573;15382;10043
-18419;-17111;1018;9373;3583
1602;2567;-9916;5422;-17136
-9442;13549;-18383;13199
4292;11864;9499
182;-5360
15266;-1286;-8230;11305;8605
12242;-8548;3555;-10942;2607
-16177;-17635;16681;-15708;-2653;-10654
-16660;18291;-5813;-11815;6714
-1154;6343
5197
-14343;-10092;-17614;-4110
5344;-10330;-2189;2348;3724
3689;5615
14435;3062
-3377;2258
13406
13572;16308;16295
5217
9317
3667;-8309;-165;-12134;15814
1127
5968;17046;-17790
18320;-2465;1538;5608;-8301;15101
9569;1857;8963;-15062;-6457
-7334;18028;-13134;1310
-18177;6529;9444;11526
-2902;10294;-775;-5146;-2878;-7918
9909;-7817;-11978;-5084;13837
18320;13378;14491
2711;-7640;-12589
-8227;-56;-2440;-9772;7819;-749
12560;-4897;-2162;6310;1211;-7789
-6710;6665;-13388
15184;15782;7272;-1373;12188;9438
-17910;1591;-5466;3339;18076;9710
-13011;-426
-2721;3857;-14680;8055;-6544;17279
3616;-7346;10745;26;17883;-15582
11392;11568;-2714;5485
-13450
4988;-6160
-13778;2486;10424;11081;-9038
15019;6638
1553;-6563;13385;-10077;-557;11628
14032;9265;4962;14821;11350
18258;-691
-8115;-10982;2471;14361;-15309
1393;16184
-1635;12883;13716;10004;-17390
4721;7541;17605
1196
16307;9189;-4999;4968;15400;9483
15874;-17072
-12867;-1431;616;-9164;16445;5199
-8690;12322;4157;-8991
13492
11281;2211
3216;-11985;-12917
8579;-15062;-2599;-443;125
13498
-9405
-13503
16993;15394;-17620;-16662;7207
5313
13857;2770;11803;-2637
32;8953;8617
14566;7132
17605
-15162;-10638
13633;-12823;-4120;-1306;-8896
5244;8271
10624;16550;-1369
-5326
-12748;7421
-6690;-14677;1524;18152;-15932
468;-11174;-2825
-11089;5713;-7763;-16783
14352;-16977;3876
-16602;-17708;15900;-3328
9600;12405;-7944;11774
-9586;8325
-18194;13826;4675;10547;-9594
17645
8160;-9424
16312;1337
-8758;10582;-17064;-15082;-7325;15900
14721;11126
3239;15883;12171;10943
15531;-14255
13566
2673;17784;-15082
-13569
7142;648;-747;3691;-1181;4015
6278;13161;-282;2605
17668
-293;972;-14253
9484
-13581
-8111;-1375
17541;-8056
-11697;-17553;-1451;2844;6077
15376;-16677
-15686;-17240;-11128;-6399
-5403
5403
8515;-4996;10077
-5406
-8724;-1638;2779;-14208
5521;3941;-15158;2999;16296
15875;-17099;8875;10047
1409;11288;9102
3612;9998
13509;-8091
-1811;3058;327;11884;-14783
1620;9944;-12348;2111
9668;-17909;-13567
-14021;-3622;2166;-444;2303
-881;6580;-15334;-3984
1330
17716
3536;257;-2457
14381;-4848
-9171;6473;14361;6062
8736;-10080
-611;8132;-6173
13907;-12557
-1014;-9656;-11163
-6834;8114;7571;-1254;16988;-10944
-13646
9551
-12533;-9501;-8000
-12995;7535
2592;9473;-17181;-4448
-17093;839;16551;-3304;8474
13660
17296;-12774;17336
13459;8180;-7158;-15864
1267;18260;-10234;286
12275;-13664
-7491;9107;-1237;-18153
-1392
15178;-16572
5138;-15654;11910
2101;5191;6396
64;-1469
4080;12964;17221;-10920;-1454
-1415
-13705
-929;-8774;905;-9901;17279
-16627;-569;-8800
-9062;17589;-15565;16654
4518;-3755;-12827;2445
4660;16006;9432
-17170;-16628;6005;-13706;-4986
14598;11816;2425;-11822;799
12181;-15752;9646;12686;-944
16592;17729;-15094;-1407
-11346;-6150;13580;2317;-16223
7299;11642;-14653;5343
14066;-708;15891;-17478;-2139
18147;-17144;2215;15096;10762;5133
-609;-435;5426;-15734;1717
13138;-14409;-2235;2063
-16054;-886;-6454;3590;-12983;-17808
18338;-16894
-13185;-8178;1124;-5787
-7925;8773;-10495
-17634;-370;-14855;11880;-13294;-12240
7509;-8967
5554
5555
-1460
-2522;-15323
-9653
6529;-15653;17674;9295
6304;-747
-16615;-9146;13498;10799
-15622;-7770;14684;397;6845
-12755;-1004
-13547;3884
-7490;-15971;13094;14251;-17644
11584;1617;-11728
-6052;-17035;9947;-622
-1459;6852;-17814;17990
1040;-6663;3082;12879;15711
-8149;5542;-7240;-5518;-2494
-16517;-7257;1818
-4883;2307;-7092
15639;15159;-12936
-15482;9903
2786;8388;-16392;9739;10747;6699
9601;-3172;-5974;199;4823;106
2018;3567
1538;-14259;-8211;5162;-12109;-14574
18403;5925;-10391;17334;10887;8490
-12673;-935;10889;12412
-1502
-8040;11194;-1647
-14594;-16664;10440;7019
4433;102;-15896;12873
-6177;13122;-14100;8668
1813;8094;-9375;-3360;1311
-10620;2413;2591
-4453;10153;4235;-222
14688;1045;-17261
8864;-17447;-7193;11818;13679
-8877;15726;-12479
16257;-10105;15803;16444
-6049;-12628;16119;8279;-1304;13502
-13842;5922;17364;16669
10641;-13380;-1078;-8936;-4761;-409
1616;8979;14346;17565
-529;-9061;-11158;-9471
-14151;5658;-17054;3519
17931
1425;17352;-938;-18414;-17359
4337;-11542;9867;-7853;12893;18430
-12282;-15276;-13696;-1264
-13847
16921;17405
13849
-7254;-12326;-4838;11527;231;-13482
-17952
9762
2513;15826;-2820;10054;-6814;7390
-15203;2588;-17632
-8197;7725;6143
3814;1194;-4555;-16574;-15151;1023
-15828;-11191;1976;15273
-10385;-7650;-4094;4159
8420;-13897;9005;-1935
-7635;-11284;-11942;-7406;-1584;13679
-689;12196;16108;14941
11892;-2104
-5694
1600
-9940;-15127;7082
13937;17812;-14886;3448;17693;462
13891
8036;15114;13595;-14655
3280;14450;-8899;3429;13930
-3082;4698
-13089;15633;-6474;-12954;-17502
-4089;-11323;8778;12348
8720;7722;17947
-5718
-12803;-9290;18218;17788
13913
8710;-2989
5909;-13275;5739
-18012
9822
5727
3216;2323;-1431;13910
-1249;-12675
9617;13286;3063;-681;-13898;-13024
-10867;-10709;-9517;-15600
-14433;-15812;-16489;12587;7933
13929
-1642
-17185;13570;180;-10504
13939
4914;-10667
15842;15058;-16900;8138
4977;-3207;-1898;1789
15718;2503;-16559
16484;4950;-7273;10265;-7915;-2560
10784;10754;-17011;-5173;1159;17535
18096;-48
17921;-3225;-13657;7129;3739;18430
-7797;15046;17434;5211;-18045;14397
-1057;2578;-13011;-4135;13944;-16378
5772
-10434;-16660;-7412;2756;-2345;-8542
6080;12419;-16886;-747;1259;-11997
18163;-10324;-13615
-2951;503;10360;-17786
-14680;16362
18067
8327;1550
18070
12498;5573
-4129;9764;-9352;16265;15401;-1677
18086
4225;-16116;-5721;-2955;14766
-5377;-6212;-347;-10251
-7541;-12538;-12109;-14575
13574;-7770
3734;-3719;-8410;10110
9909
-8100;17798;-13703;5755;-3471
16487;-5468;14427;-15533
-14013
-7425;-8612;7236;-1116
-1727
16534;10539;2140;-7006
9922
5827
-10021;-8096
-15154;15977;910
-4577;8672;-2824;-3008
13444;-15816;-5147;-2414
-13713;806;15991;10584;2537;-14464
-5141;-2903;2294;-4570;-11903
10405;-5591;-12110;-7503;-1568;2335
1410;11475;5923;-4184;-7948;15548
-5844
-5846
14038
-18401;13498;-1357;-14317;6124;8605
2033;-2475;-5408
-5855
-996;-17147
13767;16522;142
-9875;2148;-9831;-12876
-8821;13351;7434;10283
16496;-1345;2268;-5295;3102;11118
-1773
-16551;-9803
11280;-14084;-15414;-2086;1293;-15535
7058;-12933
-18136;-12320
3989;-18063
6833;-12716
-13414;-17050
4721;-15650;-4915;15443;-919;-473
-727;10712
805;2862;10414
14904;9064;-14074;16479
11686;-15288;10043;-16431
1859;7430;-11088
-1801
-1298;-9202;6801;9750;-154
-17826;17334;-16088;-5163;-16718;-12494
1632;-9298;-10660;16522
-18190
-15722;6426;15198
6723;-9844;17064;-4810;-4858;13917
6888;-9467;-16267;651
5429;-11338
-13073;-9158;-8089;8024
4881;12200;5214
-7841;-7314;-8329;-3069;-10559;-17952
13218;888
-4241;-9866
-10620;-3488
-16139;6126
-11288;-11017
-9985;-16661;8436
13696;3684;10172;-9343
-18211
-14598;-14326;-72;16408;10632;11978
-7617;18037;215;11678
530;-13669;261;-13534
-5935
-10183;-15867;-155;3885
17289;16682;12268;-18175;-13935
-14131
-15831;6855;3036
10039
-16265;2123
-13463;-680
-49;12338;5951
-10422;3529;12266;-1503;-9823
-2772;15382;-1545;6220;17341
13392;-1971;-4420;-12956
-4821;-1136
-14385;-6084;4951;-12506;635;-3149
-897;5923;-8116;11797;7356;-5998
17603;6083;-2533;-11087
-14564;-7792
-6295;-8088;8408
8229;-14616;8265
11969;11415;-9216
-1825;-9899;-14735
-9458;-4306;12584;8713;-5405;-16301
-14584;4505
10080
-17107;227;-262;-15324;14191
-4658;-5468;43
-10086
-3378;11628;5934
8421;1670
-8933;-9461;3639;-10041;8683;1918
3922;-15271;-6943
-1908
12576;-6610;14049;12211;12069;14958
-18295
6707;-1337;1529;5899;5499
5509;-8391;-6058;-1422;-2559;6911
-15605;-14981
-3668;-7755;-3997;13502
-4764;5965;-7215
-1922
-17060;-15620;1781;-15270;-812
8800;-5777;3000
1929
2501;1174;13255;-13931;-11165;6236
16517;17686;-9833;2137
-16497;2737;-6247;443;13356;-3919
-14223
-6033
14326;17002;-6080;-6928
3605;14716
-6037
-18326
7217;15938;-16436;-12600;-18328;9977
4232;-10272
-5603;-12727
-3219;-15896;16471;-2971;-62;-8559
8322;-5348;-5397;-7717
-11961;18009
-14870;-9053;1487
-14529;10563;2009
2483;-522
17031;-1691;6140;-8734;5599
-11352;16300;-11008
7379;-9344
12915;-10950
3498;6202;3306;-10764;14684;-14959
-13761;-3335;-16159;-1487
-2470;6125;-9727
11746;-13251;566;-5912;6411;-17920
-1202;-11492;-5317;-4709;-3245;-8782
1412;14604;-17998
-18389;7527;-3408
-17766;-4696
-7058;-11309
-6083
-6529;14050;10213;-10489;2826;16491
-11058;-15509
10739;-7272;-11848;18008;1051;-495
-5954;13267;11063
15862;-17856
5442;-15653;1143;11144;-16364
8272;10661;12798;3039
-6101
11904;10294;18007;-7209;4233;5739
-9589;5813;-5624;-3226;-9866
16193;14180;9975;8474;13691;17323
-10737;10372;4842;-3695;5327
4976;1995;-17181
-1703;3722
16081;15281;11618
-15189;15001;-6986;-4140;11532;-14528
-13142;-17558
6672;17090;-16388;-17756;-8030
-7187;5748;-17885;13199
-11923;18047
18414
-16484;10851;4151;5368;-10013
-3063;7786;1403
20;-2741;-7942;16315;4572
-9122;4212;-4296;-5116
-3249;659;-7992;-3740
3031;2023;2780;2574;11454;4751
13489;7509;-15162;-7883
6152
-8039;-11449;-14302;11245
14357
-6166
16339;11348;18133;-7052;15435;17500
-5105;-4625;-7602;-10136;-8554;5273
-338;-16357;-12429;-1071;3534
-6866;11972;1334;-4762;12703
-17026;-1507;17957;9976;12505;4767
14483;-11464;-17405
-9939;5030;-745;-12829
8546;-2934;-6889;-14970;-5834;11789
-2100
-1811;-7829;11739
-9605;14036;-9241;-15405;-7933;17854
562;-10857
-1121;9925;-16777;-4893;14973
11409;-5205
10866;548;14728;-7648
-11284;-868;6934;-3417;14843
6832;-6178;2933;-11850;13402;9261
14402
10307
-14882;2194;-6825;-7180
-5910;-9769;6552;5258;-10539
-3716;5835
-12753;-676;11309
15905;16547;-12677;-15561;-13790;-8928
17810;17011;2695;-18249;-13051
-12049;2901;-3133;1967
-11809;13187;3203;12471;2007;7641
14416
308;14376;-16813
-12850;10642;-14581;14725;825;-892
-15713;2004;10969;3034;-14044;-17054
-1025;12515;9846;1275
6229
14145;16225;4902;13277;-1359
466;-1875;-9317;-2453;-1179;4031
17458;-13365;-7398;17224;16888
6817;7267;-1732;8265;6095
-5378;-611;-9443;11069;-14111;-16432
2849;-4931;-3428;-10596;6279;3592
9441;-16663;10682;-13792
-10817;-10625;2099;14916;9961;-11771
2140
6704;-8846
-13125;-13596
-4627;-13902
-10338
9537;18322;7879;-13113
-16193;-2347
18194;17507;-4920;15336;-3001
17089;7457;17015;-11149;-3679
2158
-16339;-4797;-13792
-14135;17303;15831;-14040;-541;5933
17968;14083;8601;-9820
6258
-10356
-10241;2738;4534;8087;-7048;12286
-7170;6610;16727;6200;-12009
-4610;2803;-16761
13506;-8997;-11461;17557;-4318
-10899;-8950;-17080;3917;-6047
-6258;-38
-4450;-1855
13906;-9941;-6506;-8651;17499
9402;7644;16925;-3088
-14501
-5266;2433;682;-4160
18272;-16058
-5749;-12855
4531;-12374;-13467;11005;-12398
5026;4981;-16328
-15553;17224;-7884;-12349;-4144
-14514
4053;9317;14761;-13997;-13662;9950
18069;7386;6573;12447;11007
-6332
12468;-16758;8489;9243;12555;4911
3043;14548;-13916;8604;6237;4207
1684;-4741;6824;-4605;-11918;2319
16132;5575;7271;-14446
-13207;-17711
-2246
-11665;14051;10309;10030
-10583;-14475;3451;-8463;-13136
-11862;-2679
12434;10302
17265;10403;3262
-17621;-4822;11992
-2260
10628;-3674;-6202;15337;-18350
-42;6399
-11411;17634;15639;-15851;16731
-5332;-10164;-11302;12245
3286;-5552
3953;-14917;53;-14761;4105;-9371
-6364
10460
-18194;9400;-11242;-6812
-12949;-18374;4214;-15608;-12073;-13021
12071;17978;-3197
5440;3864;-9596;6027;639
10474
-16817;-5950
-12290;5426;-10179;-9821
753;-2051;12550;3325
18105;16955
17813;-11974;16534;15817;-6922;-303
16032;-18327
17249;17698;-3973
-16465;835;-4054;-6616;14204;9788
-3121;15617;-6090
-10503
8192;-6505;-16287
3680;-6549;5703;-8140;-1104
3842;1251;9704;16378;8010
-2324
-1450;-13164
10518
11120;-13195;-16637
-306;-11394;13506;-6761;6458;4925
4724;1708
13600;-9907;13925;-4920;-105;-6158
-6529;-740;16493;10013;-511
-15014;381
4929;4105;17886
-849;18278;8872;6077;6831
9923;-7355;5518;-14528
6444
5947;-9213;17902
14229;8790;12539;14619;2173;-17230
-15813;6775;-15033;-16461;-3341;8750
-14354;-16531;-4573;12639;12271
-8564;13046;13624;8826
2356
-9399;15853
-5818;-5627;13804
4835;-12662;5464
1635;17770;-9550;8894
14773;8073
6463
9010;4132;16343;-6637
13088;-2869;11321;-17707;6732
-14664
4599;-2346;15162;-10944
16852;-13705;-17817
14670
-10387;-9672;10011;-10176;5551
9696;-14984;-17513;2061;-688;10847
-3861;6315;-4847
2394
-10588
8493;2095
2502;16279
17654;-8824;16377;8059;10093
-6629;17222
-10596
1014;17773
2407
-1316;-1095
-6507
-10310;12151;12859
-6511
2899;1875;-11285
14386;10210;5149;13631
2418
2420
12552;15069;-4720
14275;-12923;-1324;5566;-8016
-8020;-853;-5838
14176;-1395;-15924;-14375;10999
14980;-12557
-3633;-11027;-3479;4443;6972;13245
1107;9612;10925;13549
6525
-16244;4261;-14470;-12728;13225;-17435
6526
-275;-3190;9494;-17691;11806;-10768
12930;-11027;2340;6510;-4224
-11668;-3404;-16573;2732;10094
-10629
2208;-8052;-15204;14507
3824;-9740;4653;-1183
18149;-584;-13675;7674;-927
-16567;-18407;-17079;-184;638
-1585;-863
-11105;9601;2871;13373
7184;18249;1982;-383
12657;16133;4441;16057;-8525;14942
-5;-14533;-4304
8130;5971;-17542;18187
14748
5684;12327;-9002;-15567
14750
2950;-17320;-5274;345;-11837
-7585;-11602;13962;5083;10798
13036;-15504
18257;15044;308;6325;-22;11710
9829;3318;9807
6571
-12227;-6635
-17843;17319;5932;-5376;6543
-393;13019;-10142
-5303;14184;3963;16782;17919
2490
7123;-9205;16860
13682;-9015;2072;-16607;3279
-8582;3686;4521;4939;18411
-3201;-15653;-13048;13015
9698;5687;11694
-7432;10872;15036;4508
-14548;16461;12879
-2506
14795
-8801;5938;-6339;15806
1011;13461;-2491;-13198;11919
2355;16650;-14811;14701
6018;4179;506
13728;-9207;3259;4013;3039;-4128
-5560;-13337
-6129;-4280;-12072;-4608
-1850;4367
-18424;-479
17028;-11082;-14906;8522;11150
3044;-17855
-11688;5370;13484;3551
7093;3625
2465;-4325;-5625;-13178;16554;10731
-3729;-12981;1894
-8180;11577;7323
11761;17026;-18067
-1671;-3784;7480;-12749
-15089;8460
12032;-14565
-2538
-15108;2999;-16394;-6810
13827;-549;5652
15653;1934;13631
9060;-3451;1035
-2324;-18231;-2474
8353;11155;-12862
4273;-5636;3914
4067;-14814
-6529;10595;6954;6571;-749;-6094
-9171;-6521;18250
2563
-6293;-15574;-5276
3747;-4588;-1727
10114;12934
-9318;1688;-3513;8572
10764
3902;-6480
14916;-5159;5239;12158
-12774;16878;-6688
451;-17641;6411
18209;13537;15723;18046;-13776
-4529;-17218;-17706
17504;2981;10917;-5993;-16842;-5979
2128;-630;11484;15758;2526
6692
15368;15900
-258;2098;-11379;8914;-14215;-46
8088;6798
-9562;-11114;-8123;-12156;-14893
-5972;-2100;-3686;-1017;6076
-1821;-17168
-9814;-4695;-14922;-15418;-15102
14895
-12898;-13412;-1242;16057;-16190;-15887
2616
-10179;16568;10376;7513;-9372
5911;968;15403;-5533;10447
-1845;2069;-1975;-5898;2734;2287
-14097;-4916
-17122;14486
-14011;-5227;11963;541
-14930
-7288;-13978;-18240
-12386;-10738
6750
-4690;-13684;-12774;13754;-12219;10573
14944
2657
-18150;-4990
2484;-15707;-18109
-14950
-8945;11576;603;7629
2077;-17039
-6838;-12220
18368;9091;-4756;-8542;-11487
-14966
14032;-16710
6773
-322;8341;-11031;7655;5112;17501
-8113;14936;-12185;16235
34;8426;3115;-702
-13363;5570;-1941;-17718;-4189;16670
10878
-9411;16194
5382;-747;-11419
10893
8816;11906;13542;9398
-2865;-11378;-3290;14829
-3043;4325;-11383;14118;-1312
3034;-5741
8325;5478;16298;-6912
-11906;14621
-2642;9379;-13562;17897;4186;-254
15005
-14680;17403
5606;-648;1864
-10920
18416;4801
-7169;3779;-1573;-7351;-6816
-6843
11862;-922
4480;-1730
-4851;15797
5158;-2615;-2812;-7309;-15039;-4720
2640;-5172;-15189;15980;-9216
14224;-7058;15010;5276;-16495
-2767
12758;7965;-9760
15060
2772
14497;1879;15069
692;14230;7863;12760
-17169;3393;-15438;-3519;-1743;-13359
-8743;-10426
11113;8060
2794
6895
1130;-2158;-9967
6902
-8917;7481;-9565
-12804;-14694;111
1795;6884;-5868
-13650;-4786;-13315;17638;-13279
-15169;-9857;14594;17989;-14470
14577;1698;15860;6025;-16221;17742
7874;-10198;5143
-11063;-1527;-2524
-5029;-14630;-17110;17590;-11385;11353
4628;-7384;-2155;15931
-9265;-296;-12075;-13275;-4784
773;-16871;-10136;11114
-6939
-6835;-16489
9493;9734
5123;-9288;1321
-2846
-2580;-8326;-13415;13278
3382;15852
52;-5397;12170;16508
-9345;16386;3461;8745
6962
-7442;5206;5113
-2883
-8065;6419;15512;13592
8352;-12213;3829;13882;17707
2921;12254
-9989;-13206;11734;-7577;-7947;15900
-15911;-12631;4777;-3706
15182
369;1986;3811;259;-15637;2220
-16850;38;5723
-15026;3841;11667;14372;3546;-7311
-15191
-466;-13890;-13900;-2477;3247
14688;-11778
-17091;-9030;8757;-3338;13692
11265;-7764;4662;-16136;-14013;6781
-930;-6675;8772;-13033;-11533
15208
-132;-4037;1245
4418;-1493
-5126;8054
-18195;-13406
8147;-15175
-8772;-17733;-16346;11243
-261;-10757;-16494
-15684;10420;6072;-11340;13805;7855
2433;1111;-9705;-12874;-14205;18012
7297;17474;12597;-9852
-3953;-13362;-17107;11001
-13105;5670;5931;-13728
9121;-2964;-168;1015;7177;-11232
15238
1234;16727;-18030;13246;10255
-15242
-8019;-17542;2359;17388;-798;17758
18285;5150
-5203;-4184;2334
-8594;3143;2493
6898;12805;-15910;14725;-6536;-14941
354;17480;-6681
416;-4227;6053;-6728;15639
-3370;1225;4301;-13311
16307;-17351;17686;-16218;-15837;-16222
-3074;-16275
11168
-16436;-7190;-12120
6980;5255;12328;-13341;4046
-5546;-7547;16074
-6547;5401;-10907;13340;18079
-5509;-3079;-4637;6142
11520;-7554;2131;986
-13332;8965;4502;-2521;-7295;6687
2993
-13459;8579;9719;6346
-16003;-869;11752;7016;-17178
15393;2023;-9738;-18315;16908;-3278
14241;-626;-16996;13466;17485
7092
-11194
11197
8080;-17905;-7875;18371;-18141;6271
-7404;4396
-7138;28
17090;-5704;15545;-15902;-8016
-10420;17748;3717;-18160
17836;-17920;15391
17125;-16903;-4985;14360;-14218;-10688
-4756;8183;12615;-11354;-9499;1790
15089;-9031;-11212;-14253
11215
16642;15075;9878;5591;9896;-4906
-16712;16202;-10715
-3716;14980;12248
-15322
15370;17071;-736
15555;-8424
16145;-18152;16970;8908;-8543
-2370;-14594;-12227;-212;10307;-12617
1488;-12723
13536;-1745;-4789;10070;-9932
-7111;-3656;-12764
1106;-2263;-5976;-63;2030;-10176
7152
4496;2660
16132;-6424;5641
17555;2933;-15118;-16351;3823
-7168
10180;-11948;17132
1658;1419
14981;-14106;4638;7086;10959
14784;2848;-5138;-2564;-3903;13439
-7250;-10540;-9870
8608;14955
-7181
-3086
2336;11698;-15139;7983;-3792
-3218;3858;11080;713;-5246
11968;819;14837;-2297;9960;16958
13322;-8139;9596;16991
10384;13858;-12951
3888;3307
-11294
-2883;14180
-15395
-1701;-17792
-4865;7923;-936;17929;-8751
-2406;17637;-2615;-2955;1644
14768;6947;14727;7225;-5034;-2750
10914;-3702
3117
15920;7664;12788;3610
-2854;17512;13036
-2017;14116;-11433;-16074
12292;-12585;3208;3081;-12718;-495
-4705;2915;3347;17949
-17441;-1481;-203;7806
12565;17061;10366
13009;5730;-11892;-14072
6609;9250;5186;2677;7546;-15851
5521;-2152;3035;-9709;174
-2850;-12571
-10293;-12453;-15142;13207;-8473;-2750
579;1366;8823;12855
-3144
3435;18414;5871
11334;5624;8317;-2751;606;495
-15687;6054;10471;-3563;-7184;17151
-8497;-7525;10164;-12678;16805;13071
15438
-14380;7133
-1447;-18091
-7253
5078;6270
-4865;-15617;16992;8914;-4393;10318
6944;18344;3209;-13291;-3855
15744;-739;-10090;18010;8907
-4950;8202;4014
-6833;8659;-9096
16128;6016;8756;13529;9802;2206
-10658;-13047;9111;3211
15250;6852;-2527
-12039;-8044;5949;17326
3197
7297
-15492
-15493
11397
-1090;10804;9476;11526;-10968;-8350
13708;5886
-18131;-9660
-8633;5994;15900;-16479
-13729;9876;-16407;-18059;6428
-17924;-6836;-15324
13893;-8201;18010
8704;14227;-6805;7578
12628;16536;16841;-7946;16333;-18398
-16875;9547
12994;-854;17959;8281;10187;7915
-4531;-14981;1930;-8555;12878;16494
11428
-1122;4295;-10968;5419;13805
5233;2612;8070;4746;-13328
18240;1905;16642;12370;-12857;11997
15532
15826;15397;694
-7092;12469;-18008;6824;9055
15972;11852
6808;8730
-3255
-17704;-10617;5354;-17152
3255
17296;11894;7370;8811;-17726;16573
-6843;1388;-1902
-1221;6149;13781;13192;-12255
13202;9548;-15391
-6449;-1144;17288;-17056
16055;1159;9288;3066;-14014
6064;-17525
-4954;-7899;16124
-14354;-7010;3476;18277;2887
-6945;14320
11456;-11107;7452;-6477;-15967;-928
-8311;-7289;15592;11482
-3285
-15587;3749;16485;-13053;-7168
1160;6222
7104;-258;16438;-3614
-5619;11379;-13129;5658;-3100;-14862
2071;14376;11420
5248;-12885;12309;2631;-4009
-4322;12690;-5831;8951
16403;14579;10931;100;10438
9827;-12507;-8814
-15600
11503
-16401;-3003;1515;-14096
2195;-13704
-11943;15260
11516
8723;15877;-8986;-9499;9339;12447
-18164;3028;-480
10978;-6553;-18043;2378;-10763;-5902
2533;17788;-8800
7427
15827;-8395
-4562;-5795;-4549;16244;14286
-10337;11394;14567
-15713;-3122;-13411;-6650;-1325;12302
-17044;8453;-10247;14443;12444;15775
-5875;6854;1832;-12910;2655
-8067;-18277;-5677
9829;11175;11016
8720;5211;1707
-5938;-13591;1065;-12890;18330;-6718
12794;-1243
-8817;777;-11708
196;23;-3929;9594;16731;17612
17669;-16169;14153
-15657
3371
16128;6470;-15833;-14235
1409;16726;5449;-2314;-13792
3383
5602;-7427;182;-16327;-18184
3393
-18355;5970;5242;-16829;-6909;2910
11872;-705;481;16327
3402
-10694;-11274;1817;-16026
-3698;14836;875;-15422
-7506
-16003;-1672;-4809;-2523;17500
-868;12694;-18215;10361;-1066;-14510
15706
-13367;5852
-17332;-2472
5053;-16782;4269;10879
-1641;-8522;-5546
-9731;-6900;-8842;-7452;-7102;12029
16711;-2235;-11053
16645;15452
3425
6440;17469
-15720
3077;-6600;17338;-6286
17457;16817;-12854;9449;-15148
9590;-7176;-10526;-15806
7540
13559;-6016
-13137;6354;-11733;7813;-5740;-7487
7077;15623;-7403;13580;5325;2015
12433;4050;7186;-9571;-10308;-7243
-7551
4452;-17511;-345;17963;6859;-7951
15826;13042;-2852;-2358;-11998
-2355;14019
7762;-16101;-1447;-16585;12108;6686
5792;-5302;-16344;-3384;-8829
15541;3213;-15263
14007;14061
-4550;8043
2304;1993;12346;-859
13160;-10986;7530;-16814;11005;-7392
11691
-5083;-8589;1180;-14030;6637
8903;-428;-876
-7600
-9445;6454;-5211;-15790
14371;9624
-7685;-11750;-710;11847;684
1050;-462;-12303
14547;-5448;-12585;-4717;-3517
13321;10687
-15607;16343;-8362
17494;16555;5195;9342
-3532
4355;-11738;2761;1087
1667;-12920;-7244;-9614
-14684;11148
6755;16280;-18362;15246
-3538
8058;-11597
17044;-13503
9377;1826;17219;7847;2924;-2880
6276;-8821;-12454;1717;-10747
-2521;10170
-15413;12232;-10730;6255
16897;1528;-6572;12523;-16720
-9073;11443;-16426;2443;-8286;-12335
-14642;6980
-11760
-7937;9288;-3916;-17391
-15863
8469;-4265;-7791
-7684
-9875;-883;-11397;1460;10076;-13456
-503;17816;-6908;6476;11293
12468;3828;9493;-11287;9577
-5772;9371
-3605
-16291;-406;10041;10268
-10901;-10598;-7783;14646;-5727;8558
-2260;11142;11117
5473;-338;11043;12148;-8326
17680;-12069;-16942;-8672
-13522;-14675
-2226;10914;-6152;17468
4324;3160;16619
-12330;-7680
-8369;-866;2517;-10918;7199;18159
-13155;-15797;2677;2278;-8303
-16660;-645;14920;-7679;-5856
16433;9809;-7415;12122;17740
4145;4357;-11661;-9181;-7679
-14385;18052;4857;14793;17182
-10297;-9722;8170;15485
-16866;5317;-6;523;-11165;-14208
-10033;7910;10632;12221;17485;10478
-8129;-9410;-10675
-1109;18344;-12013;-12957
2624;13302
-17857;-3642;-6719
-7331;-15465;12826;-16893;-17741
-3644
17800;5066;-5628;15003;16461
-3526;15372
-2274;16663;3257;-1695
6705;-7572;12420;18422;-9928
610;17623;14105
13488;5011;8771;-10487;1450;14106
-5425;15169;-11892;-17256;3465;4078
10819;-2616;-4012;5549;2237;-15647
-16853;13179
-16631;3687;-7118
13524;9333;-775;-13017;2812
11444;-16376;-5897;-14538;5292
-9043;-8582;17144;-17578;14362
-14116;4983;14233;6506;3533;13135
2178;1529
-6964;-841
7602;-342;-8539;4989
-2164;-4168;-4713;-12602;3551
4979;11544;-523
-17239;-11736;8872
-851;-5908;16760;-6282
-17877;-3832;-2984;4584
-16014
-10319;6591
15705;12458;4412;-175
16978;-5054
4129;9539;-13316;7591;-15773
10880;10293;-6763;9804
7376;11778;10243;-6773;13881
-10037;8724;-14134;11709
15458;-7064;-8170;-15371;-14831;1663
14155;2843;-5068
11931
-17522;5432;2969;-14908;-3311;-13264
10658;-15781;-10917;-8183
18272;-12066;804;-5383;-17658
-14749;6908
8480;6499;-11701;-14248;-17355
-15493;7141;4598
8771;-17031;-13723;-6349
11948
2641;1116
-16005;-1495;9646
1781;16821;-5334;-6119;-15310;302
7861
16848;18048;14497;-16955
-7863
7202;15880;5263
-2215;3177;-17021
-8171;16603;15822
-12546;-4634;9308
10547;13303;7914;4780
6836;-3145;-15021;-16078;11342
-771;-7763;-7534
-12244;-3832
16076
1808;12902;5464
-2545;-13058;17142;-17240;-8748;-3919
11169;-14694;5590;11401;-5578
-4529;3954;14617;-7870;-9966
1579;-9472
11507;17621;8421;2054;17608;3931
12858;-2893;18413
1937;-3428;2729;2572
-2293;-11209;9690
-13524;6182;16152;7289
1425;7171;-8180;-15254;7865;-5037
-16107
16001;-10917;-8282;17548;7710;6335
-4067;15348;-7190;-5734;-13001;-9658
-12241;8835;-18233;17816
18258;6645;-16715;-8029;-12176
16120
-11990;-16265;-8589;9677;-1248
1956;7864;-1886
3839
9570;-17509
-16132
-8628;17029;-11958;-12171;8685;3199
-3681;9058;10755
-3191;-13306;1802;-8012;14766
-14129;-4019;17652;5414;-12152;3386
-12497;3815;4637;-16191
-8370;-5170;-14793;-13834;1451
4289;15251;8244;16361;8862
-1939;15765;2807;18217;13933;-12159
7952
-16146
-14609;4129;-3844;-13348;-14359;-15081
2294;-5162;7389;-11583;10927
16737;14531;-6922
-14804;16307;-10606;-15247
-16471;8503
-11655;-12697
3871
6608;-15010;12284
-13809;13874;-15445;-17177
-12065;15155;-10309;11103
-7986
3891
-11830;9418;-13133;9342;-14080
-5281;-9736;71;-10750;-2782
-16261;1412;-12550;-13367
13395;-17254;-4760;615
7367;-11978;-17610;-540;-9820
-8006
36;-4549;5476;-13066
16932;13701;-4967;-14359;8988
-17172;-3530;-15979
7491;2918;-6008;-12731;-14431;6559
-9817;8093;-6286
-2754;-5257
16193;2805;-4123;-8475;-14411
7494;4616
-2354;10501;-1382;-10423;7583
16215
-8754;1205;-15175;2409
-8180;-756;12020;-4710;18344;3597
-14437;-1943;-7848;12344;3854
-7902;-128
13872;4769;9427;12532;-3899
-6593;-16737;2258;-6516;-9822;-15680
3121;13816;-4799
-8274;-8330;9643;8877;14319
-8946;15020;16732;-14752
-17989;2313;-16093;-16063;-4335;3151
8838;3319
6022;10877;7551
449;11956;-1845;-6590
7905;15747;-13577;462;18015
12417;-10132;4532;11243;-13564;7676
-16691;-11573;-8344;7049;9226;-12320
-7419;11642;3854
-7107;-13319;9878;-3448;5915
-2243;5443;-3959;-8990;-6528
6629;5551
7958;8318
-17586;-5492;18022;1227;16252;-16413
-6626;1155;-2621
8194;-4198
16786;5436;-5454;7374;12622
-16946;17780;5380;-15735;-8507;1740
-11633;12848;12674;804;13884
-4004
-17185;3048;-10349
16297
2192;-14394
-14568;-18153;-9435;17661
-131;2086;-6952;971
15236;-11210
3744;12018;-3542
-12229
-2195;1107;7619;12583;17694
17045;7483
16754;-2245;1496;-14777;1498;17707
-4054
14497;18229
4432;12920;11279
12706;-16536;6890;-7117
16344
-17814;17990;-16522
-16351
16350
-8168
9024;10178;1618;-9896;5438
7537;17203;9146;14494;13039
5776;1365;17414
4529;6532;-6373;3093;-14567;-9578
-17219;-14045;-15070;-6894
-14578;3364;3036
16375
-11794;-9076;8585
9745;11637;-5065;-12011;16237;16317
-11123;10836;11157;-330;-1997;16031
16383
