-15186;-16162;-260;-9353
-5729;9369;7084;13855
-16353;4061
-12292
3997;1614;-17904
4101
-2754;6835;-4214;230;-12392
4102
-17426;16883;8741
7632;14913;-3834;-2061;8765;-831
8469;-2598;16726;-15832;16168;-2444
-3538;-9974;6122;-17198
433;8580;11557;-13337;-11343
-15542;11430
7657;-10060;-5805
-15681;-8911
8122;-8107
-8996;12503;604
12500;2295;-5083;-13054;7454
15716;-8599;6486;-12283;4572;2318
4880;-16040;-17531
-12311
-11015;-506;3305
16114;-2420;1989;3898;5020
4336;-7331;-5723;-15885
-13038;-15663
994;-17407
29
11376;14372;-9320;16087;18073;-17789
13744;-2401;13266
-3270;-4139;7375
-12690;-16022
-13993;12121;4634;-2235;-76;-4590
8237
-1591;-14844
10693;3965;-10512
16066;-16118
-53
9889;-10115;2085;2213;-8223
13058;-3062;14520;-3982
-14849;-13878
-146;12932;-16552;3711
-723;5301;-6440;16666;4458;13567
8257
12896;11092;-1702;17722;1259;-16621
-12359
-18049;-2504
-76
11360;-11128;-157
18080;13878;13175
12098;-12920;-1786;7385;-2364;-14783
-3314;-1141;-12014
16912;-17715;13177
-10747;6091;5675;15453
-193;2722;6674;1355;5917
12000;2467;8372;-14555
11600;8934;-17992;12698;-572;-2287
-15106;12386;-11925;-1833
-14817;3474;15619;15043;-3276;-16142
-6985;-9501
8385;-3971;-6628;-8534;-3342;-2398
677;17145;8844;10301
14369;-5363;-2564;-7861;-10976
-13234;13395;14918;-7769;-15610
15140;-4970;-1868
12770;-10532;-10543
6387;-18376;-9837;-3215;4447
-15540;-14405;2020;3229
12769;13284;-6838;14540;15470;12335
11377;12003;5976;13787;-6158
6672;3010;6829
18209;10590
18241;-1283;-4998;-9208;3655;6009
12903;-5096;-1453;10159
-2550;-3431;12183;-618;-5454
131
-8325
-4693;13108;-16646;-11833;11738
12609;16929;-2820;-14394;-4590;591
134
7832;-9466;9964
14282;-5951
8331
305;7553;-8364;8427;2331;-10109
17488;-3397;6251;-7389;1516;-6126
10999;-4184;-12219;-7037
-16557;-16368
4256
-7523;-5235;-12916;5525;15033;17565
421;-12874
12842;-4480
-15208;10940
5569;820;16679;5754;-14364;-10189
-10510;2143
-715;891
-15445;-6537;11050;-797;3359
-16996;-11189;3430
-8372
-10417;14693
18017;-16534;15976;10314;-8155;-15342
-8374
13988;-15995;6236;-4414
7635;772;-8220
-192
-13762;7651;-15048;-7706
-12705;17751;5737;12106;-1211;-17389
6919;-16648;8844;-11597
-1858;3190;8360;-8076;5483;-7294
13473;-991
-6098;1100;-17726;-6144
199
13339;16619;-5181
-8405
849;6818;-7882
453;-14503;9734;5143;15773
2800;11664;-7539;7412;6359
15380;12981;-3568
10385;-10789;-17621;-12205;18349;3469
6210;-14624
-8020;-17413;-7240;-319
-13698;883;17511;16007
-4325
6385;14419;-150;-16327
13288;-6761;18281
-4333
16528;-2497;-12980;16788;12596;-5623
-11337;3320;-7738;11419
8324;8806;-1721;-12415;16814;17295
-3076;-17645
4384;7042;-15768
8438
4810;7724
2870;1482
-3827;-3719;2729;10441;15116
8455
-2539;-700;3503
-4365
-11377;-11860;8564;-10699;7773;-3151
8462
-6808;-5752
2033;3174;3256
3494;17258
-17101;8623
14851;-3733;2276;-8391;-619
-16673
-788;5173
4160;-9253;-7486
16288;11081;9786
1856;-5941;13228;7532
-4389
-296
-5906;17572;-3015;-11242;11595;11771
14469;-6679;3559;-6954
12091;18011;17341;-2079
-310
-4407
-8503
312
17073;-13011;-6374;10120;-18109;-2301
-12602
-8509
-14054;-4537;-14495
-4867;4147;-13336;5543
-18417;10240;-2948;-5583
-14257;3488;-11109;1068
836;-3830;-17817
-331
17392;-8549;-4428;-17038
-8157;1613;1486;-15760
-12920;17358
4440
-12636
16733
2131;-7289;-5148;14751
14882;14140
-10247;4392;733;-7520
-3093;618;10906;-15885;3004
-354
-356
-17572;-2095;15215
-16465;-5045;2869;-13479;-11551;-14031
-356;715
-865;-1351;-14248;-16664
-3475;8421;-2941;-9454;2991
-16834;-16387;16475
-383;12670;-11920
7072;-13193;-14730
-16482;-5187;5557;9545;-10189
-15730;8643;1626;3962;-15260
5833;10926
-5841;12644;-17782;-5847;-663;-11561
-8026;3549
-5473;-16065;6647;-1613;17820;11359
-13961;-2813
208;-3458;13559;-5824
15043;1877;-10902;-3948;-13504;-17632
128;1585;9078;-16327;-15341
-8940;348
-7813;-781
-16435;-12676;4133
-6261;-5590;6485;17754;16687
7344;850;1507;1335;13945
-8598
16597;-2857;6202;10746;5274;5404
8624;-14020;-15383;12139;16443;17181
-3618;691;-1367;-2524;3421;7902
-4391;-3672;-13544;-15673
12624;-9322;-16011
5520;-14484;12101;3606;-11050;3884
-8294;3774
-7745;-9921;4449;-11123;-665
8723;1651;-1941;4149;134
-430
-4753;-7965
-8624
-12802;852;-15578;-9405;-4477;-8176
136;-574
-16824
-11985;-11958;15310
-12577;-9659;13599
2225;10197;-221;6668;17325;9309
-2113;-578;-10180;-3316;-17031
14432;-12195;10511
-13346;-7596
5218;-1958;-18125;-4493;5597;-15375
11446;5401
16853
5431;3231
14203;1644;-95;9294
-3138;-1385;10249;10522;6942;-10432
1653;1321;17977
13505;2212;-6167;-13931;-12476
-13656;17724;-4543
3496;10154;-8460;16492;-9887;17358
6769;-6288
-15041;-17458;17635;-10196
9121;-9606
-11157;1813;5109;2405;1343
-4276;-10086;2743;1373;1565
-10874;797;10575
-4513;581;-7734;13286;-9706;12682
12788
6690;14467;-8365
-2947;13499;-13742;7790
1072;5785;-2475;16539;-8127
-13058;-771;7798;-2427;-255;4110
-14917;-18359
-8703
5490;-9493;10281;3549;9118;2046
-4674;-3064;8249
-16259;-17540;8710
9944;8795;14542
-4888;-9455;-10751
4617
-11542;16159
8662;5914;6428
-10041;4632;10030
3987;15290;-2367
-7850;12474
9120;8150;5783;-14320
2753;12723;5976;2408;9455
-4374;-1079;9958;-17625;-749;9214
4657
13121;-13683
-4417;3854
-7137;-9218;-4134;-1338;-7408
-5617;17185;-1626;7005
-16952
11462;538;9051
-6169;5144;4285;5503
-11780;5227;-5068;-5629;17822
-8769
15264;11077;7431;-6235;1711
9193;-13867
8771
-3153;-16802;630;-15256;1231
15075;-24;14983;-16364;-4896
11028;-3830;-16680;-7488
-16369;-8436;-4200;13213;-13807;-11952
821;7962
-11299;-4342;-13369;-255
13282;15076;2940;6158
8642;-7305;-14922;7069;-14559
16961;-11403;7325
850;-9641
-12887
4209;12707;5450;11007
-8113;-7042;-4694;-5881;-1692;6334
-11528;10442;478
-1378;-7423
-13747;-17208;9866
8803
-10178;-2119;11241;17371;3836;5036
15392;-6584
17089;1155;-2981;5975;-1675;-2558
17108;11208;-15407
2354;8580;-2647;1542;3082
-14771;-6573;8972;-12830
-10593;16673;-16278;6998;-8440;-5371
9584;-15234;-17700;-14278;16520
-13905;1057;3873;4249
14577;5364;-382;13838
-17762;-2517;-10469;-10845
396;12524
-12927
9393;-13462;2535;-17769;-1820
12164;14695;-7993;-18223
-8837
-11589;-2678;-17865;8765;6333
6049;-10155;3995;-4639
-8420;5220;-600;-2474;-16190;1326
-8469;5445;15877;-14679;13255;-2576
-2567;-9191;-5291
-10371;-10600;-15722;7356
12256;4259;-15849
14999;-10236
9040;8775;4024;-4314;7035;12972
-12959
9057;-12692;-16549;-7493;8933;9880
-10643;-6435;5891;-1227;13087
-1219;-13940;2196
11282;9876
-10820;9316;-3785;18255
-12967
-2827;205;-6254
11379;-11352;-7514;-1390
4780
-10525;1646
-7686;9498;-11403;-7485
-8885
8890
699
12987
5192;427;-14512
-17170;-7797;3786
8892
-702
11937;14902;-5656
4673;13650;17076;12680;-14602
-721;-11571;12167;10632;12585;-14191
-17098
-13105;1045;-15597;2367
9541;17530;17036;-18174;7550
-35;12980;-4805;-221;17374
-8912
13299;-12437;-8365;8223
-4817
-6355;13991;1277
13698;-5556;4871
1418;12331;-8924
4468;16743
733
-9028;-4245;-12039
15493;-8522;-2138
-2370;11074;-5972;-10727;16924
-8354;5618;1996
9460;-4621
3072;-14169;-2874;15326;15774
-8941
16369;764
11353;14809;6204;-12415;-4320;17887
13689;4684;11820;7423
4923;-17965
754
-17144
15521;-14761
-16837;-5579;-15197;-4110
16840;-3789
-10402;17395;1653;-537;-6108;-10957
7870;5182
11824;17985;-8563
-2629;-6331
767
15297;7557;6167;11835;9067
6249;15006
6337;2634
17180;-16
5300;17974;-9436;3327
-8976
17167
13760;1410;-4167;-8232;10302
12401;-3422
-14530;13539;-3371;13342
4872;17723;-9517
-4626;4455;-2921;3882
8983
-794
-7382;-9801
15624;10936;16235;-5133
16053;-7750;12327;1707;3038
-9923;10069;12942
4612;-17705
-15937;16744
6657;1;-1835;-4013
2781;14414
3808;6740;16215;-5465
7654;8615;938
-10929;-600;-3897;6409
578;-5028;14931;4632;-15371;-4669
9059;16349
7857;-1766;-3494;14620
2564;-11590
-12978;7191;-14457;-1915;1213;3726
5142;-5657;-12697;14047
-2162;-11286;14284
-838
152;-13279
-17225
-17525;-11994
-7963;811;-8045;1022;13327
-5335;6541;13325;2702
851
-14694;2712;2937
-14865;-11537;2611;6554
549;14198;18380;-15807;8110
13143
256;-4360;4959
8673;-18391;11129;-2268
-8945;13378;-12611;-4971
11024;18208;-8086;-9003;1005
-862
-3512;-15624;1897;-4110
9060
-881;13185;-16499;-6820;17295;15071
10371;-7636;-12966;2061;-9088
-5397;-4918;-4231;-10905
-14676;-2589
884
-8579;3592
891
-4989
6084;-7080;-16281
-7362;-3351;9449;14446
11491;5091;13637;15623;10093;-14079
-17269;-7737;282;15930;9691
9152;-15489;-15315;-244;18220;4574
9297;-16041;13308;-9983;16606
-1336;-3662
-13925;5780;613;-1179;-1470;1087
17671;-541;1437;-13567
-8641;-1876;3048;-14009;17131;-17039
-9099
-13446;-822;-2313;13834;14315;1627
17364;-5862;-12985;4152;18363;-11933
-16792;15881
5360;-13942;-3373;29;-5214;18062
-487;17175;12650;-3277;11726
-17889;-15803
-1188;-12027
10739;-15897;-12156
-17315
-4088;5020
-8097;-11348;-7879;1814
720;-14675;730
5032
17716;-392
12230;-14872;-16538;12313;-15067;-7679
-18081;8947
2867;-17958;4858;5420;17020;-13150
15972;9018;-7662
8241;-13283
-9138
-16403;7367;8169;1114;12734;8447
17334
6978;-17811;3587;-3178;-15104
-10449;-17682;5684;2037;-2618;5691
688;-15090;2982;10823;9743
-12101;7813;11557;-16416
16704;11148;-10510
-5973;11445;9446;10619
11236;-8565;9304;17404;-17774;18031
13443;-14416
9793;1940;4376;13114;2301;-18255
-657;-14742;8998;-8760;-6954;12938
-3076;9139;4985;7049;-17104
3872;5315
2984;2107
546;12435;-9094;16038;15006;-5264
-9283;-8484;10743;-14425;-30
-4193;-3158;11672;-3323
9877;-12824;1756;14478
3450;-16365;18013
14821;-6870;5414;16106;11231;13551
13570;13192;-8732;-8832
3121;-7367;824;11;-18269;-8000
5106
15158;7864;-7882;-14127
-8771;13784;16632;808;-13900;17037
14275;9411;-14479
17808;8853;-2487;39;7737;18221
16544;15137;3117;15375
8551;16536;16895
15026;3687;4363;9612;1103
-8113;4003;-15846;-2395;845
-3730;-5492
15735;9886;-12303
-7362;-856;3481;18060
-4229;12071;13674
-179;17599
3142;-2103
-14945;-1297;15178;10300
16001;16532;-2815
5621;-8759;4190
8796;-7742
13344
-13510;214;-2874;-10509;-7086;4031
-14868;6396;17727
882;-14037;-9350;1014;17272;-5039
-5186;-16596;6665;13819;11229;11615
-417;-2197;8648;76;11213;4223
17451
13357
9262
-17601;-10237;14477
-9650;-8806;9191
17;15336;6202
-10995;13492;-10683;2634;379
9842;-7062;12982;-1260;-3644;10700
17465
-5180
-9283
-8963;8326;12217;4798;15982;-2591
17485
-17488
17493
-9393;11925;15351;7818;-12301
16656;9034
-5211
-12529;-13148;16366
-3610;12924
9314
-16450;-13346
-13636;4344;-9424;-2896
5377;12836;7496
9328
5188;15156;17323;8526
14112;8917;17431;-10649;-2685;14973
-13430
5237
8053;-12059;-2619;1387
9632;-10775
9493;-18251;7612
8856;-11289;15867
-10609;-14324;-12250;-17214
18046;3583
-10225;8243;12467;1243;4347;-6734
132;-4682;-61;-4734
9815;10267;1551
-12691;3341
-1158
-17061;15899
-5266
-16843;8875;6798
-17555
14064;-4963;261
15306;-16478
17555
-8693;-9672;5212;8525;-1583;942
17863;-7113;-1769;15065;18090
2131;-18039;17085
5275
-9001;-5115;15295
14451;17078;-5434;6254;17983
-15617;-13716;-6775;5734;4617
-855;2471;-6234;8763;7117;-1887
-1252;17908;-16888;-13642;-17296;-6880
-644;14118
10563;-7942;-12343;-14650;2703
-1191
209;16388;2232;-6185;-3259
13481
-16339;-1827;-15797
4644;-5840
15042;-1619;-18420;-4391
-7379;-1860;8038;822;17967
-8386;2967;13416;6841;2751
-4087;-1216
-17591
9399
9632;9329;4490;14620
6771;11333;-511
-18193;16982
17532;-4030
656;-12481;4468;-7113;-7227
5318
7721;-2399
-1658;6844;8334
-5846;-13113;9533
-4996;-12622
13527
5697;12595;4052;8852;17510;-2411
-13618;12375
-13685;8346
-15219;-15685;988
-13715;-9892;-15061;-1882;6538
-11672;6332
-3717;-1623
-16030;-5696
8768;2809;9226;8988;-47;175
-9450
-16338;5394;17895;11690;6252;13229
13378;-12039;-3994;-6798
-9009;-10666;7260;-5294;-8128
16481;-9748;9610;5404
-1269
1553;-2522;-12589
11954;7844;-3406;-15120
9142;-3770
-5398;-4536;-7727
-7925;-10790;1544;-17914;13324
-5377
3732;2872;-1227
11814;18140
16793;17258
12676;-7296
-9217;213;14021;8859;-303
15958;-14671
8788;-695;168;-5436;9548;-6989
-6572;-445;-15312;4655
9482
-5388
6371;17238;15694;2958
9494
14576;-15266;18193;-8009
9495
11287;-5885
-3250;2083;-741;4811;1019;-5231
-13603
17700
1319
5416
6241;3271
2651;14748;-7886
-14851;9427
13536;-1540;-2476
-5426
15600;8485;-15560;2937;6251
-11297;1779;12903;-17003
1634;-9331;17220
17904;18403;-8857;14842
-4183;-16537;-13403;-10875;-1391
6376;1836;-9549
8016;1698;7842;-8452;-10907;-15920
11573;-712;2765
17724
-7043;3299;-123;7563;-5039
-5747;13604;14075;-12317;12207
6374;15542;-9544;-12111;14478;2991
-10540;11887
-10789;-3067;4315
1352;-9723;1836;-8382;-7407;494
-5447
4337;13954;10404;-11926;-18121
2081;-2021;1291
17736
12966;-6858;7533
-9345;4936;-3773;4973;10398;-12640
18276;7189;-7723
7898;9852
-6899;-565;1765;-10395;-8990;-4958
-8788;12565;7350;7800;2925
4417;1053
-3413;8250;-3788;12621
3584;6002
1394
13504;3522;-3340
1184;18387;-11165;-13901
14867;14613;14535;2444
-9596
3888;-5132;10075;765
11242;-16828;-4014
7249;10543
4615;-18312
8740;7641;-12287;-17792
3858;8377;5788;-13325;9421;7775
-8531;14041
9606
-2131;10706;2419;-4904;-4456;-11241
-6322;15931
2915;4;-5304;18349;14126
7811;14456;5692;-10157
16394;-14974
-8338;-11979;6607
14049;-6679;-5949
-17809
-5524
-9625
-4770;10301
-9628
17985;12132;-12216;-8440;810;-11708
-14817;-3589;-15799
9889;6350;-16512;-1168
3681;2325;-3387;-16349
-1450
-1452
5548
11265;15213;15935
486;-10136
12897;18178;-15827;16037;8470;6760
73;-17917
8099;17572;-3398;-15784;3657;-4588
9655
-17852
16390;5784;-4317
12112;4081;9828;16412
6071;-7355;13980;15758;18078
-17089;6258;6890;17706
-4337;15121;2981
12801;-6644;4597;15141;-17927;13990
9745;-2115;-17460;5638;9767
-5575;7800;-7963;4254
-13927;12440
-4;-7078;3463;-6492;15693
11009;1485;-11008
6705;7071
-16465;9335;-2681;-11101;15438;-16496
-1491
2505;7183
-17881
-14150;8246;-11977
13298;7746;-17000;-1081;-17130;4476
-8357;-9527
17445;10566;-6264;10044;10671
7728;6081;10771;15877;-14379
-1503
-3077;7750;-8139;1691;269
-9937;9088;-7607;14199;-7929;11887
-9704
-515;-10777;-2508
-7937;1281;16263;1626;2570
10417;-6724;12983;-12762;-2396
2564;7146
-4136;-17868
8065;-12771;15332;-5198;-3904
-353;10071
-5729;15448
-10961;-6857;-17230;751
7332;-4629;-8330
-13379;14573;-4574;4910
-13825
-1730;-5177;16635
6978;2750
11952;-14931;-8181;10085;10814
13761;-8135;-1080;12487;15322;1963
8738;-2744;-15742
1859;1813;14269
-14918;16476
-1559
17764;11445;5385;-268
-14561;14160;5459;8789
-9755
17948
15092;869;-7386;-6096;15471
707;-10868;-4503;6074;15310;15327
9393;182;17016;-8287;-4448
13072;13731;2776;-15722
12952;-14527
1890;-315
-13186;18387;10051;-5484
-12677;-1192
-6961;16352;1526;12233;-9279
-9041;-13489;-3368;-4366
15889;-7235;4450;8821;-3947
13883
7638;1913;-15243
-16690;-13768;-3279;10015;10751;7279
9788
-13585;6482;8699
-17762;-5132;-11472
3349;10540
-1603
16038;-616;-1529
3604;-13408
-1615
18002
-15909;-6054;15430;-5127;17374
-14342;-10230;-1625
9814
2194;15251;-17387;2779;-16175;7615
-9822
8217;-6588
10209;10754;1928;-13964;17279
4693;-535;-12747;5402;-14159;-671
-2689;1;437;-7575
-11233;5500
16406;-15720;5463;-5818;9499
3748;-9484
1681;15137;-13781;14989
-962;-8233;14270;-14912
-7737;13480
-1649
8435;-14187
-1797;4935;2554;10909;-2655
8002;-17914;4156
-18046
9220;14453;3589;-16615;7399
432;-8470;2279
12921;9226
-13445;7514;14522;2203;16876;-17807
-13427;-14852;14318
-1377;1505;1075;5956;8312;6681
11656;-5888
2976;7621;-15976;16951;-9899
-9702;16760;6909
-9873
-1857;5920;-2382
-5778
-13185;4416;12146;2405
10961;4178;-2779;-16591;18207
-9105;-8968
-3860;5548
-14153;175
-13187;-10646;4044;-14671
-5791
13779;16923;-4429
-18088
-13993
-11163;8427;7420;5389;-176
3141;5335;1591;-11775
6160;17473;9749;-3001
6402;7651;5981;-14222
2771;-15831;14777
-1721
4448;9057;16887
-644;-17462
-1733
-3347;-2537;-7276;-11102;-6143
-3125;10888;17433;13401
12292;18120
-1741
-9681;15524
-18134
15200;-8899;-9462;1672;3946;15678
12094;14238
-17603;53;-8438;11942
4625;1811;-13733;-12219;11130;-13853
3314;14831
4260;10260;-838;-5212;1484
-12290;13765;17388;-5581;-7262;3934
546;5207;-15822;-5936;1951
-18151
-18152
4560;7973;17064;9034
960;-17611;-10942;-18190;3053
-18154
-15460;3607;-6304
3969;-9839
7489;-13299;-5911;-3896;-8733;6191
6053;-3979;-299
-3220;-10844
-2594;5497;7929;-9918;-15151;16014
11395;-9782;4028;1917;5165;5439
-1826;-9015;-17308;5887
4104;1774
16307;12375;14062
15793;-16588;-5087
5248;-17398;2172
-11602;-14761
640;-15542;9145;-13695;-2815
-5894;5015;11576;11387;10555;10108
-7862;2357;-15241;-10185;-11147;-8862
-14077
5886
10224;16148
1042;-9225;-8827;16714;-17886
11809;-14804;-6873;-2683;-5727;12383
-8298;-7162;5116;4447
17276;-3182
-13461;7557
-8902;-7831;10827
15616;-3239;-14188
-18197
5446;6278;-16890;-5180;-269;-3488
-15922;17618;-11796;4950;-8744;12077
-14107
6179;11347;-9846;15484;-4960
13376;17305;-16572
960;-8666;2953;-18013;15390;13294
9015;3095;8263;4029;10190
17105;1103
6619;-8701;3597;-7439
2449;-7931;-15293;-13823
4433;-6306;16422;7641;18059;-13837
-1649;6242;-10528
-8644;17763;-10605;7773;16031
6627;4903;5787;5004
11059;5903;-2832
-4167;2318
14819;-17989;-4925;-1950
-11473;-3409;-18011;8699;-6333
-7157;-3531;12543
-16290;9572;-341;18309;18046;-11056
1859
-12481;9874;746
-16689;-8312;-9370;11854;12462
11009;1234;10659;10435;8611;-3221
16944;5602;4164;-4362
10065
8512;10241;-14916;-14105;12141
5216;-18040;14698
12288;-18387;16434;1604;-10062
6537;11724
4688;-9238;7606;11112
-18265
7108;3400;1273;-4028;-1776
5952;7857;363
-14175
-4337;7174;15559;12760;11690
18273
-6884;14101;1354;8987;716
-1893
15128;2172;-3118
-15143;17037
5408;4164;17353;1149;11326;-640
-14187
18055;-3869
962;-6957
1902
-14167;10297;13964
848;-18131;-16580;15989;-12701
-6000
-3393;4027;6268;3517;7869
-13890;1272;-5674
-5082;-15900;11068;11823
289;12962;-17541;6199
18295
-14202
5331;17352;-9337;16361;13167
10107
-18301
4258;17635;12278;-792;7017;-9808
6346;-7563;3133
3747;-436;-9101;-11165;14173;12893
-6016
-14801;-10225;-3250;-2723;-17348;9561
-10629;-3464;12171
9632;15511;-13228;17596;9405;3966
16960;-16997;-14176
-17073;5744;-12294;-4619;5835
-12233;-9839;-16720
-7140;13163
-7730;-8041;-5376;2831
1795;-11078;9958;9351;-17804;-14637
16818;10604;-9103
6036
-12531;-14069;-2205;-14096
769;17557
14082;-16026
6993;12598;-16041;9705;-11311
9075;-7130
-881;-9259
-547;-12198;-775;10617;-3803;16846
-16113;-6892;8766
12722;5827;393;-5820;5213
37;3303;7115;-9213;-7295
-17780;14397;13534
-12390;774;1463
-16534;17609;-15324
-18258;1953;-8436;-2283;-11693;-12399
11680;14862
-17641;5468;7004;-13983;4895
13845;-16138;-11965
-17681;12113;-18294;136;5370
-6529;9330;-14075;-14348;-12480;-13024
-3187;5166
10171
-2289;-6821;12426;2428;-7726
-8823;120;6985;-6347;18238
16646;-2375
-16319;1022;9214
10914;-13349;-15943
-4002;-17173;-14406;-1222;-2058;12287
10083;4206
14295
-6105
4652;13742
-18397
-3443;8547;-553;5500;18300;14621
-453;-9753
18405
-7361;-12113;6215;3944;2636;8700
-5330;1876;17772
5943;4279
-14170;5881;-1935
23;18392
-2913;-12829;1421
2035
-6037;17797;-1533
-13554;-17428;-6245;18199;-15776
138;-16652;2651;-8656
6385;7946
-14333
-13730;2807;15944;-7067
17761;18355;-14630;-15343
-5522;-947;17236;-8715
-17602;-9746;-18003;-4406;10839
629;-762;-11003;10250;-9360
-13106;15409;-2388;2140
14347
-11757;1502
4868;-7158;-7868;-2829;15053
-6166
10419;12137
-14275;-4100;-11286;5480;-2477
8849;-10935
12480;14561;11778;-16244;-4106
-561;-17911
14466;-5635;14994;14972;-14287;14446
-5683;-9355;7723;-10093;-13357
-5649;-11717;-3318;6301
-10007;-5660;-2812
-2096
-14961;-7159;184;11647
-17681;-10441;-10845
14081;4485;-12376;3464;-16683;4926
5813;-14679;-12522;-9691;-336;17023
2108
7057;5281;1237;-17336;-9131;2590
-12916;15029
12119;-18333
-3025;11538;-11623;-7117;8108
-6455;-3856
11381;-15594;-4427;-1676
-16068;-6539
9191;4089;14330;-18220;-7261
14420
10609;10851;5255;8186
-1906;10374;13464;1673;-13280
-15298;10806;-15913;8649;-7276;-7679
-16356;-8294;3637;5434;-11133
-2070;12397
5013;-9783;4073;1514;-6507;-16926
10333
-14324;-9029;-9930;-4413;-1311
-14674;-2806;-1958;3101;-14720;239
15333;-17927;-7337;-9866;9455
-13700;14052;18184
-14023;8585;-8043;7231
10290;15508;-18181;-6325;-8330;-3312
17718;11080;2031
13537;3505;2689;-10835;5447;4203
-7784;5479;695;15340;-11567
9972;2617;15402;-9500;-12221
-7865;-10969;-12557;8735
2176
16561;-10069;6404;7063;6793
12083;1334;-10219;-6496;-2976
11536;3538;3749;552;-9005
14630;3559;3080;17773
12930;-6655
10247;-17997;-6718
17974;-3759;4351
16192;6471
2115;-8357;-12329;-8191
-10384
-2192
14479
-16626;16214;-5178;7786
-10391
2982;-9277
-13272;-1216
16519;-6126
-10395
-15536;-3056
13826;-9701;15878;-10647;12954;4475
2213
-10409
8853;-6105;7742;-8272
13473;4130;-5155;4237;14206
-6817;-1297;8130;7635;16681;-1627
12194;12834;-11063;-9049;18236;-16829
-9284;16843;15151
-11830;16855;-137;17823
1538;15780;13028;1832;15115
-2305;16820;14742;-6538
-11987;3701;10855;-8907
-11748;-6879
-2754;5079;-8669
-17858;-775
-8196;1830;-9243;-9919;6895
8451;6089
6752;-13154;-387;12409;3404;-2672
-6510;12927;4031
3120;3281;12648;3689
11497;-17644;12508
15664;90;-12731;-4237;3244;16621
-16708;2775;11288;-16747;-9039;-2512
2276
16582;17416;8427;10140;-5232
11686;2879
-11553;-13634;7619;17172;-4165;6838
-6488;-7870;8894;18095;6031
-14567
12656;14204
-3572;6084;-455;4025;4397
17920;18099;18339;-11110
1814;13256;-17360
-14004;-10776;-2089
-1441;-9719;-9191;-6251;-8460
-14584
17320;-15021
11781;2808
-1221;-10251;-15406
-6399
-4834;8721;8659;-14853
-15208;18248;1033;10521
5650;7716;2981;-15512;-9595;15164
13285;-7047;-1513;-7036
15924;-18237
15960;-844;7676
2315
9298;4131;14483;-17404
8852;1448;5325;11278
-7713;-12805;-14581
-5826;-2005;-2694
7409;-4632;9721;-6063
14075;9740;17612;-6269;-18430;18381
-970;-734;-4736
6444
-2351
-1955;9763;-7433;-6826
8018;-3427;15271;-9310
-10075;-12767
-2362
-3059;-13304;-9869;11581
17402;-10943
-12763;15454;-9152
3392;-7411;6805;15963
-14654
8416;-8083;18419
5844;8813
-12001;9688;17946;-15788;2525
11843;-12395;-18203
-7543;9579;335
6888;-13359
10678;17334;3037
7444;-6566;-13049;715;13838
-14671
2101;-8727;-15278;7231
-15283;1426;4472;-1165;-30
4278;-14733;-127
4802;-8789;6277;-15256;18381;9262
-2593;-4180;388;-17208;-15663
688;18090
16224;8310;-14743;7388;-2496
6099;5213;3373
5170;5635;-6084;16759;-7882;-7102
-17105;-8035;-16334;-4239;14639
-3090;-15157;4788;-15688;8056;2301
-4065;10237;4430
-11380;12051;-14792;16536
4768;9636;-7675;-8477;-8862
4769;14055;13544;-5438;383;-8512
6518
-10620
-8434;-5027;16212;12587;-14333;1423
-18053;-4856
4689;-10167;3048
-9318;-13895;8348;-8046
14729
-12173;927;-11680
-9222;15319;-9116;9452;12399
-18034;9995;-17964;-17662;16639
4770;4530;15141;-16358;3226;-17856
-6549
-6552
-13586;-13448
-5957;-12890
-14243;-16893
17776;468;-6775;-4281;-6844;14411
-13255;-1501
11411;-15590;11191;287;-736
17474;17763
-11889;6561;-7268;3741;-9022;7214
17298;2802;-6040;3994;-15584
6150;-16816
4309;-1382;-9498
-12824;-4731;-4861;15839
14769
12353;17817;17406;2366;13983
9912;-16494
18307;-10728;2859;239
-5907;14899;-1975;-6168;5145;589
-12182;10236;-544
-13284;9300;14407;15400;15147;14767
17059;-18264;3448;12537
-631;3335;2888;-1579;-14078;12557
6200;3225;9674;-9853;1439
12019;17700;12436;-13531;6639
6593
-201;-2331;-16350
15664;-15276;14398
-2305;-82;-16505
-1044;5316;-15546;5755;-4703;-12768
-3540;-11260
2513
-2321;12709;4413
18064;-2692;-4406;14918;17868;-12560
10717
9894;-2573;9405;2190
12849;1268;-2214;14649;750;-12480
11425;8610;-5930;11086;-6271
10208;-17843;-8937;-4507;3068;11375
-8861;-14160
12258;-11206;-11815;-16362
-10088;-12637;16079
13458;3416;-11354;7770;5643
-14275;120;-12973
-15021;-3917
-10018;-116;-5173;17860
-6931;4376
13938;-9829;11412;7513
-2559
-6595;17346
-10295;16957
15669;538;10938
8784;-10626;-376;8346;-16892
5569;-6723;15907;5990;-5815;-17500
-17157;10489
10726;-13719;-7564;-13821;17180;-3566
8080;10512;-4091;11901;17135
2578
-10438;-10471;-6026;-17562;5050
-9942;-4935
-11031;250
-7877;-10182;-1307;17594;16125;4623
-15351;-5865;11322;-4989
-2547;-48
13520;-7623;9112;-7338;11340;-8224
8133;6751
3316;-5914
14482;-2011;-9868
-8964;-16373;13927;10519;15785
4704;-11654;-809;-6154;2348;14173
-4787;5682;2376;-5068;13468;7325
-4113;-4372;12632;-1535
-10194;-6325;-18086;11244;7213;5343
16677;-15720;16937;-17182;14191
-10643;17357
-5204;-4969;5466;-301;7628
-16371;-14924
-14915
-15271;-9178;3146;-3340;5631
15028;14806;1543;11176;-4191;13422
-17009;13617;-10533;-12757;-16966;-8137
3186;-1334;17222;-6382;-14351;-17360
-3462;-13047;1820;5870;15550
-4280;1479;-18203;427;-2543
-14929
-4562;3175;-13544
15633;11122;-15509;-412
-4273;6516;-8743;-12430;9693;2495
928;-6785;-12092;6332;-7422
-16450;14034;-12324;17396
-17315;-1732;13060;-7702;16348
6758
10370;-4547;7164;10158
3144;15608;4393
-15428;17124;-18118;-265;13481;539
-6305;16006;-7272;3463;-8920;17982
-5602;10403;-8726;-1064;-9966
6132;-5365;5995
1969;-17204;279
-10860
-14968
7362;3400;16494
-9060;18357;4486;9592;11496;-11710
-12042;9358
2686
801;626;-17481;-5530;-15182;1311
-11229;349
1266;-9127;-7115
14241;4831
-12009;-15258
-14360;-624
-16369;-17435;-13949
6596;-13559;5366;16583
9296;16206;18158
-7883;11358;2334;-12608
6464;4431
-2705
-14994
-11730;-9752;-17514;3518
-3413;-2614;9112;11917
18418;-9652;-17447;-15000;6680;10184
10913
-6299;6350;6767
-4563;15797;8776;7099;12478
2723
7986;-4951;3786
-10804;-12890;1530;7148
2641;15653;-9835;14750
-2731
6144;-12020;-4982;7641;-17726;-2272
-8550;9063;10414
1284;-8138;-17884;-2576
-6836
14675;1845;13319;-2522
5057;18165
-7586;-12292;749
-13094;10348
-18036;-13385
-2131;1539;10389;-13606;17215;18015
-6177;6082;-1414;-13532
-15042
1651;14699;-9500
2760
14001;5143
-8593;5831
-13240;3512;16586
17257;-4171;6061
10958
4768;3064;-970
-6865
15059
-15570;-1876;-491;-11147;-3467;-15278
16963;-18407;10635;-9453;-6607
-6871
-14818;-7154;12964;12388;3496
-7638;-15627
5275;-7805;-12543
-11301;10294;310;-6185
-16869;13542;-15850
6722;-12501;11385;-8400
-2795
-4147;15989;4923;14702
13027;10250
7187;15050;4730;1099;7499
11959;-10201;-13339;-5532;-10269
-10017;6953;2282;10810;17357
-18227;3931;11483
3812;-8151;11247
10372;12708;-16152;7996;-8015
-10503;-3033;-1567
6912
-2818
2819
-14659;-11240;-16985;7294
-15113
-17431;9611;-7293
8587;14717
-15803;-11532;10555;-7982;5550
-15122
-2834
11338;-14173
12025;4730;14751
-97;-1655;-4892;17676
10330;11802;-15196
9204;-13894;-17288;-13371;12027
338;-10595;-3899;18125;-8831;-6176
11687;-649
-10337;-3765;1654;-8075;1291
752;15137;-3049;-17948;-13757;-12655
-6950
-14019;4313;6748;-16285
2860
14884;2444;14207
15861;1382;-5930;-14684;-11790
-13764;-17782
-6257;-1204;-11797
-15985;-1863;6972;-6128;5935
9124;-17689;-4123;11163;-8863;-688
-15688;-7677
3765;-4024;12557;15166
4080;-4274;-13814;10651;-15917
-12933;-9350;11720;7658
-676;-16359;15449;3229;17645
12656;-5653
2368;4268;-13549;15949;10255
10306;-7560;-7690;11948
18339;-5302;-1547;-14399
-7361;-9731;-11001;-3596;3581;622
15857;-4756
7281;-12467;9780;-11593;-4329;14238
-17762;-17510;-12700
9161;16476;10047
3042;15158;-8777;13770;10588;-10383
16355;-10808;9659
-2930;12450;10178;917;13750;17707
17824;4001;-1622;7512;-2765;-9742
3347;5724;-17022;-7263
-11108;-11
12497;13944;5801;7549
7141;-7497;-3566;-11535;239
13586;1058;4387;1431;-8586;3343
10437;-16328;17241;-3757;8508;-9070
10067;8534;-8393;-3084;-18253
13264;304;-15252;-1254
-7363;-17096;14040;6489;988
2949
-33;988;2925;-9007;16271
-4581;-14758
6288;5095;-233
2958
-15266;-196;806;-13719;4935
-13985;-16724;-17309
7060
8950;2207
-3636;10697
8869;9157;9516
-8948;11916
15730;17722;10139;-12159;-7983
-2139;-832
7029;-7944;13447;16472;14173;-15631
16354;-9284
-15974;-7974;9625;13562;-6892;4671
-13444;4787;7429;15322;9370
17360;-12554;10474
15856;-4915;-11284;-14525;-16798
10424;-12574;17439
-479;-6624
3007
-7191;12071;-2746;9066
6297;-17504
-21;11229
5314;-8934;-7591
-3019
7116
-13258;17050;15614
-13605;6485
-14225;17254
10161;7921;163;-2927
5588;8982;16761;10969;-10591
7399;-4362
6961;-850;3029;10587;-4400
-4453;11589
11232
11233
7138
-15335
-9458;15621;-2438;5672;3241;10890
7845;5785;9902
-11246
12144;-1256;-6216;9660;-3086
3376;-10531
13170;-6015
9032;9257;-15227
-12611;2455;-5196
-15352
-17603;-1847
-16201;13134
-11987;-17493;1833
450;16122;-10732;13614
-8609;-8953;9834;10799
-4114;-6507;13694
5139;17209;13245;8446
-18114;-828;-3436;-1183
-3082
10461;17198
-15372
1854;9422
11281
3091
17058;-1676
4424;-1947;7692;9309
13635;6868;-1021
-14327;8007;13816;-5644;1246
4323;16964;8405;-11711;9535;12447
12946;-9845
-2865;-5344;7199;16399
16945;15585;7436
-15391
7200
15312;15219;-12196;17547
6416;4640;-17586;-12898;-71
5649;17073;-7078;-8429
-13939;9763;-7136
-2753;-4785;16385;3121;-656
10089;9420
15793;11681;231
-15815;-2440;-13551
15421
-11331
3539;15992
7245
14640;-16913;7920;-16055;17656
-2378;5534
996;5125;12327;-11194
-355;14230;5880;-17179;-16203;-18205
-3164
-13124;18296;6185
11810;-8580;16664;1723;1628;8604
11370
-11375
6421;-13706
14819;-6152;8301;2607
-8785;1853;12751;9663
-14578;5638;5143;-4524;-15437;-4013
-16854;165;7478;14605;1902
-14852;-7272;6940;7885
-15496
3616;-4817;-9589;404;-5112
13670;-12025;-4861
15507
-10609;-5489;12125;-4256;-3184
-11414
-7322
1522;5300;-2399;495;-8144
-11442;8947;-18184;-15769;-3643
-6611;13763;6548;12933;-16318;5199
-9426;-196;14179;-7786
-8435;13621;9814;-5227;-6542
-3043;15346;-17319;-10504
3233
-2625;2976;-11878;-7816;-17244;-11709
-15532
-4257;7872;6705;4963;14292;-18137
11441
5845;4582;13302
7345
4296;13899;-7821;5949;3311
4629;3271;-8906;-13418;-9307
8336;14757;-10763;3210
-7105;5972;-4376;16953
-3253
16593;-947;4348;7838
-2369;-6519;8041;-11435;-7791;-3664
-13988;15462;5878
-16817;10470;13703
8544;15145;-16332
3105;3650;6825;-16220;-12910
-7173;-12745;5561;-4906;-11132;6652
3275
10305;-14238;4365;8941;14383
15074;-12787;2438;12264;-5981;12749
7216;-5717;-17065
-15566
4920;5544;11822;-14912
-115;-12468;2389;-18119;14795;10238
-1058;13905;17154;16124;-13278;-9088
1302;-1191;-9112;1624
17270;10587
-15574
-16740;-437;-10750;-12224
15234;17964;-9422
1296;-16883
4352;-2779;282;1389;-6544
9315;-72;-2424;-3515
-16194;-11688
11499
-18391;-13596
7910;3606
-11521
9504;976;11652;18062
-13558;-13773;11709
13457;-15716;824;-9817;-1231;15822
6817;918;12535;-12571;16124
14404;5927;-9193;2729;-2331
-1995;14730;5611;14476;11485
-7446
16147;10787;-12024;10729;2287
-6756;-6869;6407;10569
13874;13078;10457;12731;2365
-7450
-7451
1523;10581;6486;17534
-3015;13080;1483
9702;-5770;-17707;17947;-4653;12031
-11552
11552
7233;-14106;-5710;12798;3151
-3369
-3971;-6921;-13676;718
-3889;-15106;17570;14406;-14135;-2218
12409;-9037
11168;-4647;5047
-18210;3153;1739;-6444
11336;11883;-3454
14982;-9847;-3128;1676;-5869;17855
6247;13519
-7173;13256;-1983;-16479;-7391
13493;3893;4439;10233
-17459;9411;-3979;4542
-12271;686
4883;10819;7655;-313;4779;-12140
8872;-16281;14954;13851;-16572;-8224
-5208;-2288
3401
-3408
8864;-1271;-16472;16616;-4329
16738;15955;7588
-6788;-10612;14344;6473
13376;-6070;-12714;10638;-1808
-10131;13427;-7845;-7771;-2859;7660
3430
9905;12612;6197;13658;-14203;8031
11808;-7365;13365;18397
-17307;8300;1469
17445;486;-3225;6248;17835;1519
2896;-17218;-15559;-10431
1395;-8829;-16495
7544
-2629;7524;-12441
-11643
-13987;17859;5659;-1630;11933
12856;11082
-7560
14177;13619;-10100;11095;-17135
9810;14135
-14142;-5711
11664
10818;9768;-7773;-5245
7573
-5382;-5259;-11979;4171;13739;8190
12737;10141;-15887;16975
8901;12246;5706;-15166
-15785
-14698;-13376
-242;-7353
13825;-6231
-7409;2632;-10009;-381;-9197;4478
-10004;-9885
-2836;-16900;9269;-1639;-3689
-16226;10164;15399;-16941
8224;-10338;13814
-17201;-10885
-11620;-85
-15796;-6116;9700;16138;-7440
16400;5746;8643;4567;6471;-5544
15806
-9921;18353;5974;-11065;-3388;15853
-4323;15365;3513;-18077
11153;13254;2390;-8744;5948
11714
-17705;-6298
-17539;12933;-888;14920;-1807
-13012;-15509;8597;-7737;16201;-8448
2071;-17884
15813;-342;-12136;-10956
-7625
-12978;10691;-15357;-3822;-1983;3534
-3532
7633
-5705;9243
5907;-11291;-6347
-7458;6674;11576;17326
15029;-18390;-9354;377;5979;9903
-8920;-12524;13836;16749;-16784
-12867;16340;14215;-5513;7758
-1906;1201;-13460;-2298;-11663
-1658;12539;13149
-10769;6272;6305;-6295;16230
3553
-1618;1170;-9315;-9940;-13341;-7374
13634;-8969;9194;14271
-14872;-440;11755
-15126;-5561;-15881;-5840;11727;-17936
-4611;-11242
-2041;121;15786;-14188;12079
11762
721;-3399;15658;11070
-1642;-14218
-11768
-1617;7633;-14052;-1000;-6843;8203
-16170;4396
-5570;9521;10450;-2628
-1314;-1413;8874;13822
-4644;-11156;2888;-7530;-3181;-16832
-17027;9971;-17524;-9893;12853;-6550
-8487;10232;13819;-10317;16253;10767
-8722;9474;15925;-12599;-15130;7454
-14689;-6853;-10933;1482;-5376
4800;2002;-12470;9272
12378;3516
-6679;-11063;-15418;-3216
11800
-3;10213;15352;2011;-18284;-5676
14021;-5783;11767
12247;-6299;2106;16047
14272;-15126;-17514;2457
-5251;6887;-3720;1192;16777;16411
7412;14889;14093
4541;15470
7168;-7669;3958;17978;-17807
978;-11804;-5100
18193;1899;12221
-585;17050;12109;3743
5601;-8918;-17382;603;-10813;2684
-14738;-15716;15733;2879
644;15864;15481;333
11843
11305;15580;-7230;16782;8175
-7156;-16980
-18313;-3962;-410;1212;1421
-5387;-6477
-3029;10887;-5032;16567;8859
14625;-17122;4392;14073
-7682;-6819;4215;10089;5050;7020
-3684
11970;-7882;-16636;15468;-10701
-3689
-17157;12379;-17518;10415
15976
-3692
3691
16498;17767;-6248;536;-286
17061;14152;-15228
-14148;16647;-12012;11277;11166;-1039
114;8550;16631;5322;9898;-8144
-1937;9733
9146;2715;31
17973;-4606;-17086
-1577;17583
9200;-16165;-9046
16656;12050;2167;1290;16620
16613;10780;-5038;5950
3730
3188;-1083;-9932
13987;-6392;-15422
-1297;1474;-15748;5556;-3607;-6495
4530;1669;-2374;3754;8445
-9669;-2267
-7842
12977;-9675;-3548;8108;4079
-11943
11233;8145;17622;-4573
-8259;8387;3627
-2817;-13230
2929;830
-17013;964
3633;1124;-6038;17207;11950;4559
16058
-13074;-7365;12889;13259;10349
1157;1257;-8539;2671;-16704
2114;16851;-9020;6127
-16076
3789
-8913;-12802;-14845
13762;-1776
-676;-10360;-5053
13616;14760
-17730;-15747;13292
-163;-11637;-9527;13430
-1565;-6333
-5892;7670;4633;-6764;-13196;-10734
6082;-437;2253
18163;2020;-2967;-6455;-14299;-16656
-2834;-14166;1125;12060
7911
2323;3305;-10539;1085
17584;14915
14263;-10432
8384;9825;374;-4504;14281;-4042
7249;-3408
-5126;-11359;-7840
-12037
16225;-7956;-10040;-14366
11473;-11278;-4047
3509;-14135;2678
5573;-8616;4057;11098;6523;-6590
-16142
14768;-6817
12944;-9087
8948;-551;8586;11455
3866
5010;12116;14153;10957;-4750;7342
-3869
3765;7606;1192;3594
18416;-9292;-687;15919
15141;12953;-5116;-6413;14334;-14735
-13795;14566;-7148;14351
7978
7159;-12825;-13802;-4896
-11313;-15703;-16647;4855;6250
15668;-3403;16990;15598
5490;-2868;-6501;7386;3514;17372
-6181;-12614;-7974;-9159;11335;-12089
-8149;14278;-14590;-10175;-5760
-8164;13348;2919;8103
6417;-17716;17683;-411;-17372;-13005
-16212
-11649;10400;18402;9780;-6622
13659;2558
3552;-9270;13815;6221;-6288
-6081;-3570;-4582;-1992
9344;10646;-7851
-4132;16628;1965;1774
-13992;1851
-37;-4486;16683;12125;4239
16501;7670;10379;6285;6462;18094
-15478;-14972;1918
-4338;13703;1655;14108;13293;-9887
-17207;-974;4221;9998
-11860;3798
-6963;15638;5734;-11816;-6924;365
-17042;-11219;17314;2882
-5905;-12482;-500;-8582;7113
8120;-1627;15803;14443
16308;4521;18266;9099;-5980;-13664
-3233;-3475;7337;-5020;-4621;941
15860;12586;8190;8302
-16268
1921;2803;-13590;-5366;18214
16673;13782;-10087
6864;5937;8386;6996;16762
-16995;6002;-3289;-6988;-14622;-13150
-16545;-3836
291;-8493;15132;-14158;7693;-16751
13783;10872;12189;-4175
16642;2571;13196;-9647;-11663;-15104
17813;-8026;13803;13293;-12399
2602;8619;-15229
-6712;-6588;1099
8107
146;7274;687
15411;-11400
418;5611;6175
-3345;-1509;8677;17934;2735
81;15543;-14746;-13087
-13285;-2314;5835;8045;17886;12431
-13187;5065
-4029
-3034;15290;-16285
-4291;-15828;4710;5926;-1945;-17180
-13731;-10650;14187;4638;-13231;-1631
15651;-17357;9711;16511
4038
12003;2919;-12749;5966
-8898;-18263;8550;-5915
1844;2202
16513;12454;7736;-14492;10510
12242
-5203;4515;5847;11256;-6572;-5792
11747;-10343;-6231;5847;-13264
882;13626;11786;-3052;5387
16209;17842;4707;15621;-4713;-4652
16343
-9619;11942;-14572
37;18310;14383
-4060
1399;-6794;9455
6594;-4372;-17879;16263;-15419;6655
-3271;11977;3550
-3234;-7941;12681;17260;-6510
8193;2489;6220;6910;-7456
-7793;-13490;-3266
-12807;11214;12671;17567
-18145;-6936;-3049;-526
6496;8291;10147;-16712;18170;14554
9584;1841;5606;-14186;3965;1373
-4088
12080;4179;3239;974
6482;11738;-17404;-9008
11936;4567;16264
