-17921;1253;-17880;-1902;-7967;-4736
-17945;-2537
2608;-8969;-3727;18286
-9
-15270;4967;-9915;-272
2224;1883
-679;-1516;6303
-2867;1428;-8151;-3576;-11625;4296
-3926;-8745;-2618;6057;9247
-16050;-5053;8797
-14149;-15623;-6663;17768;2265
18
19
-15147;-9451
12310
-17425;3121;-15975;6726;-17977;-3549
-5553;7290;7788;-13646
-7442;-10149;-8487;-10813
8219
-18280;10776;1307;-10223
-13479;9341
15910;-17721;-11801;13085;-2014;10782
-514;14973;-14511
8243
-12743;12798
3360;1687;-2312;2457;-13440
-5490;-7146;-10155;7614;-13552
-57
5106;-3637;-3350;-13654;8597;2781
17164;-4815
-5961;7529;633;-13786;-4861
-4706;9107;-15259;10796
8254
-707;16069;5705;-524
-3249;-12641;-12351;-8752;-12224
-8837;7820;13916;15839
8801;-6645;12823;-10814
-6050;1633;6405;14950;16940;-5134
13829;5110;9806
-9922;-6538
7905;-681;6665;6670
2899;-1752;-1227
13333;-2470;-15208;-12314;-12877;783
-615;-3691;123
-17651;5574;-8491
-6771;-2771;6259;-5000
-180;11381;9373
11537;6388;-9676;-557;-13694;5902
-8294
8295
-12394
-121;1149;-1134
-10376;6170
-9989;-10603
-16582;-16588;-11999
-6504;-10858;18410;15450
15413;-15296
9488;-1400;4318
-119
2304;18034;11717;-7596;-16144
-2851;17909;5547
14358;14440
-675;-3549
293;8027
12428
-4237
-16082;-4712;12458
-8582;-16140
-5057;-4391;13689
8339
12416;9078;7326
9200;-13016;-15581;-1519;12574
13508;-3413;10681;17769;-17915
-13395;-8949;-2384
-2258;-17954;9969;-387;6380
-154
154
7697;13813;-17062;7998
6489;-14155;-17071
-5795;-2558
-1058;-16116;-7237;3563;4302
16691;5448;15227;11947
-165
16551
10387;-2028
5027;-13931;4639
17168;-17985;12774;-11787
-7954;-16185;921;217;8460;-6111
-4323;-362;13051
-4275
-13304;-3260
10802;7314;-8053;-1689
-15073;-15538;9948
2947;-2804;-10725;709;1497
11076;8661;-2796;7819
-7412;-15450;-18283
-14323;-10261;16205
-1649;14082;4968;-17596
-2263;-10222
2400;-2691;90
8397
9813;-1415
8399
5491;8069;15320
5445;-16040;2183
11745;-13378;-12168;5387
10693;-16376;-7032;-9658;-7371;-7343
10700;-15021
13072;-994;-11668;3911
9921;-13222;4806;-3354;10267
-228
900;-6554;5423
8101;8983;-13819;-18365;-1518
236
-2213;-6359;4238
-16195;8114;-16486;-247
12640;-8304
-1042;9521;-234;-17914;9963;4043
14441;14474
-244
-16451;-1834;-2044;-9245;-7536
16629
3936;12696
-13186;-17046;-10153;-12971;-12429
9190;6729;716
8447
-1192;-11357
-3570;16118
18242;-1046;2379;9087;8463
4048;-4315
-2625;2217;7914;12556;4780
-18179;2346;10346;-7068
16721;-2567;-1598
10950;10474;11613
18420;-8648;-7805;10590
3744;-14078;5966
-10097;-5957;1753;4587;9437
-11689;-1628;14285;-13536
7202;-5734;12728;-2365;-11551
16203;8653
12568
16673;11723;-17919;6191
-6470;-777;-12;10286;1358
-2067;3778;9667;-11669
15812;2133;-17654
-8803;-14084;13444;2281;-11053;-14847
9590;-15196;1215
6353;7396;-14048
-11009;-5889;14402;-9864;11289;766
-14305;5808
12323;16654
-18177;-1651;-9285;69;16445
-9911;9599
-17474;338;15543;-7307;7658;-3167
-14290;-17396;15353;-12491;-1134;973
-16217;16536
-12609
8721;-7398;16501;-3610;-14538
-8054;-2951;6583
5734;14615;-10811;-14667;-15679
-16307;-9782;-7008
5536;-10389;13911;9129;13310;-6592
-5831;9718;4635
-8233;17289;3564
14617;-4828;15119
1250;4115;-9077;-13006
2691;-7739;2588;15084
3441;4162;-17571;14402
9753;11066
-10593;-15650;-5093;-9967
3008;9625
10992;1506;-7655;1192;-6383
17651;15444;7686;-9658;6267;-16560
3601;-11778;11329;7992;17881
17266;-14571;8796;-9150;13470;13215
10390;11466;-1022
15744;-3075;-13028
-1001;4009;-3258;-10699;15403
-18354;7762;-15603;5715;3736
16600;-16240
-2018;5548;13214
4546;-16077;9036;15149
6279;-585;6601;4828;2494;9422
16753
-2246;17720;-17050;13052;8637;-11551
-5361;-15492
-16757
12660
8320;-13587;10406;6104;3737;-14605
-376
5558;14055;-4041;4234;2876;14559
4474
-12025;3451
2080;-7206;-11436;-16591
-9490;-2980;-13845;9637;-95
389
-17906;7225;16441;491;10524
9072;-13491;-11989;12629;4173
-470;4694;16652
14021;-6647;-345;-1451;-1084
-15660;9869;9087;-3696
-7413;11911
7412;4772;15268;15045;-1420;4383
2416;15667;4404;10134;8424;-11968
-14001;4405;9398;12892
-18098;-5940;-325;-11336;12794;-10271
-5028;6068;-8380;-17647
-4486;-5705;-426;4718;1391
12267;-3660
-4291;-8249;8027
-3246;3663
-12355;-8543
-418
-7809;-5204;11684;1483;-12864
-14755;4694;7197;3295
2688;-2530;-11219;-3753;15245
8968;7854
-17281;4931;1447;-11064;17431
10336;-17092;12906;-6591
10385;-14922
15666;-15012;-10790;-5287;16075;16172
11250;-17684;-7573;5159;-3884
-16830
8272;1664;8322;3109;3655
1087;-13824
8601;11388;5037
-10533;725;-15383;-1399;-5960;11614
4552
8653
-14355;6515;-4574;16973
-12754
16771;6952;8217;-15088
14080;898;-1447;-4999;-17194
-14417;10019;12133;11753;6651;11197
-9618;5670;6535;1983
8513;406;-1303;3752;-10892
-3266;-7107;9895
14722;18178;-2917;-6491;12813;-7151
14322;-15881;13384;17161;3244;17406
-14066;-18244;6045;9391
-494
-12099;-3263;-1520
-12789
-7009;-6050;-18216;-16302;-1327;-13040
7280;4267;11435;-6093
-2963;-17412;-3688;2298;778
-13683;14430;7951
12258;-12773
-17969;5163
-4391;-9480;-2939;-92
-12808
15379;13108;-7990;-11786
12145;-930;-10151;7993;11260;685
-8982;-4486;-16925;77;-2975
2402;3915;-2029;14941;18158
10672;15658;-9422
4627;15227;17535
-6316;1693
528
11569;-9300;10676;1911;3292;2860
-5073;-4404;-8697;9451
530
-4630
-14753;-2243;-6598;-10599;-11112;-8480
16921
13813;-12230;-8748;13387;6253;351
-12833
-7745;-15627;7867;6252;-18126;-5934
13232;5988;10139;-16527
11008;1824
-4644
552
14323;9813;-6622;15806
10370;7443;11893;7113;-4892;-14990
8641;3910;-10091;14478
-12749;-12784;4495
-6482;1828
-10850;9284;17317;-8423;3867;-6541
8486;-13145
10880;-4618;2862;-8560
8756
-16247;-12991
564;-14967;2666;-9068;16142
-15229;-1727
-8766
-11892;16533;10170;-15996;-7581
17058;4376;-3371;2990
-4676
288;-394;11039;14223
4273;16977;14389;-14576
6576;-7571;4131;14746;-911
-5335;14776;3438
8608;1412;-8088;-1341
3410;16934;-3277;-17661
16582;-7792
12736;-8853;2010;-3246;-3247
600
-7380;-9924;12170;-11856
6738;-1015;10534;14312;15096
4552;-8699;-1039;-3616
4706
-16996
-4137;11064;-13083;-14942
10755;-17094;-3400;-13209;-6349
-10038;4010;5403
4928;5489;-10018;-5125
629
4293;-15435;14284;13871
14241;-13611
10611;83;5268;-11430;-13358
-11239;10605
-8145;-4978;-8356;-408;-14507;2989
-17057;-7987;-17668;7818;6799;-1216
-8020;-6871;4092;11438
-8869;-12510;-3838
274;-14680;-6716
-4738
-15955;2246;13066
-13164;-12063
6737;2108
-2935;-14106
-8849
419;5399;-4379;13162;6764;12061
-305;-8868;8511
-7189;17462;10183;-3849;11867;4957
-17496;-5049;665;13023
-16786;-4359
8858
5170;-8326;-15067;9357
-6151;5466
4513;4657;8501;14202;10909;7055
16597;12762
-8498;15844;17928
13656;-14202;-15403;2958
703
17744;-12597;11557;-7864;297;7951
17089
13730;-3187;10868;-7621;-3626;11021
4802
9344;2709;-8185;-3162
-1944;-1773;-9280
-1460;14262;-4393;11694;17470
4811
-14916;9620;10116;16376
-16017;-66;17558;-759
-17102
17413;-5399;-12732
-7937;-117;3063;-15096;-7532;-5870
-7539;14803;-6855;-5227
-18226;-15204;-16500;4693;-17000;12361
16464;-10871;-16199;7638;-18238
17488;18417;-4563;15318;-18039;8971
14512;17283;-2212;-12469
8925
-8801;-16512
2919;-16056;7399;-2892;-18396;9903
12273;10005;13799;-2569
11123;8983;16249;-11035
-16689;5829;13306;14687
10440;-14507;-781
9348;3693
-2248;15275;-478;4590
-7254;-5790
-17106;4405;15161;6492
760
8344;-8141;559
13053
-7078;15480;-14380;-9021;-6255
-6177;11048
-17684;9973;15433;-2701;8044
13066
8883;88
-1617;12326;14646
12227;4359;-13401;8846;5135
4579;12590
8983
16472;-8170;17067
-15058;17590;16295;-9132;-11133;-7552
16827;-9164;-11824;13151
14218;-13420
-11457;-2;-5732
-9330;-16373;-3819;8170;12349
-2611;-11812;-309;2436;15162;-15966
17813;11674
13686;15801
-6019;6836
-8882;17509;16326;-7743
12769;345
15780;8904;-3375
9023
-4929
-12078;7149
13555;5171;-17460;2150;5610
3392;162;-15142;6133;-3450;17932
-17223
-8518;-16392;7944;3849;-8700;-11791
1366;-12968;16538
9075;12247
14769;-11843;-7108;-7784;-13453
4940
3779;-2534;-5499;13293
-9345;15681;8194;10805;12377
2819;18086;231;-2779;11164
-13191;16135;8522;-16414
17236
-13149
2032;-8370;-14982;-10746;-13852
-11720;11576;10634;-5355;-4955;8877
-13154
6563;-15625
4966
-531;-15832;-3023;-14256
17795;9077;-14312;13483;-4688
-10052;-11305
18230;11127;-5114;-731;-3197;-7150
9069
-3910;6006;-4104;728;-15261;7471
-13168
12697;-17676
-1204;16196;9206;5357
9078
14870;-9607;16651;4829;-9472
-17273
-890
17273
17104;-17995
-12099;1492;-8265;16776;-18091;7005
13201;7329;56;-14556;-15120
-353;-1702;-6120;314;-17614
-4582;9581
6308;-6967;17950
8624;12763
-16585;1594;15899
16023;-17419;12122;843;12028;-6301
-9939;-15551
-4386;1682;-12550;4725;1422
-14946;-15254;-1707;59;-18047;-16559
-11479;-9920
-8500;17203;17750;-5054
4770;4437;17305;4125;7151
-926
15137;-10115
7633;8164;9707
6551;-6074;13977;15148
9122
10564;-12441;11000
5684;-656
-17062;16127
14124;3197
-11595;-4620;5196;-6304
10737;-6774;-1707;-7886;-1887;-18000
-5361;2033;-14772;17158
-14472;-3881;11289;-4218;-14843;16989
10753;10673
-12898;-15272;-1449
-9043;14086
-17619;-3079;-15884;-17615
11552;14002;-12474;14601;-12445;-14287
8887;10520;-5113;18107;-10972
-17335
-6294;-17207;-8712;10778
-9147
-14451;15688;9593;-17932;-6142
6432;6037;-3318
6500;-8712;-10410;7564
-18306;4665;13227;13663
16481;-3227
8183;-4249;16508;-14192;2911
-13258
-18049;-3405
6757;2392;3241;15690;9758
2002;-13975;-17674
9168
15072;2293
-2648;-12233;-7434;-15563;-2380;-18078
5089
17130;-4398;-5806;-16112
-197;-2918;-17032;-9630;4206
-9;13291
17126;-16127
7432;5855
-6385;5383
7538;5753
15984;1422;-16400
14627;-2646;-9626;6844
2339;15572;-2395;-14507
-13479;-3918
-644;2484;-14985;-8348
-3833;-1278
17398
4128;-1555;-5157;-13878;4873;6475
-9905;11330;-8424;6747;-768
-100;-17311
12724;1255;-15803;1452;-8848
-5642;-5038;-6734
-7027;14903;-4443;-16942;12477
2772;-7901
5095;-14320
-7089;10645;12887;17358
386;7588;17639
1605;1975;-12092;-4111;-704
-17424
3106;-13258;-6108;-13456
14288;16023;6398;17583
-3013;-17287;11111;-48
8306;-17350;17323;-13421
13384;-14730;-5018;-6971
-8867;16805;-8038;17687;-5453;-11086
5237;-10382
14369;15352
-9922;15071
11642;12795;16299;7454;7711;-5696
-17762;321
-15185;-11089;9943;15757;1630
6243;11198
5913;-12780;1710
12033;-15369;17627;-9135
2980;-10806;988;8271;-10688
17425;-3155;3178
10869;-2328;-16441;14745;14701
15056;3794;-4406;-17752;15976;687
11922;1437
-8145;7300;-5189;-3515;4379
-2548;-6718
9266
10246;1982;5231
14019;-12940
3540;-10042;1659;-4431
-11848;4730;16219;16557
1086
7201;-1690;6362;17887
-13665;-12625;9008;-10308;-16119;5755
-8529;15017;-15533;-4335
-17201;-5672;-7453;-11727
9122;-15620;-4233;-14299;-14910;6078
12193;9381
674;16806
-15283;-2199
9290
11138;12963;-2148;-368
311;-5516
-7060;-216;-2377;15115;-15229;-15919
4053;-17455
11586;-7686;-3482;18092;5342;10031
7850;-7452;4813
5861;-18070;-18135;8745
-4643;-16958
13410
2313;15198
-11985;13559;-5340;16910;-7920
-15732;12807;-14588
-9378;5985;4973;3645
-4740;-7766;7278
-9306;17371;-13294
-10369;-1809;-643;712;13242
15876;3972;-14617
-13732;-11158;-9015
-5234
-1985;3129
-2611;-457;13194;-15373
11826;-17861;11962;-5980;-9294
8032;-15588;10516;-16297;-16492
-5253
10144;17137;-1442;-8293
17700;12134
17548
8120;17593;28
13027;-292;3844;9162
9359
-5521;11588;5321;-13610;-6028;-1116
-5272
-11191;-5130;17785;7903
11285;10374
17564
12861;-11680
14212;-7978;-12491;-16860;14493;3342
13970;-682;12891;9453;-9871
-7349;-15558;-9435;-5710
-13477
1393;5060;4586;-876;-10140;9358
-13155;14351
-4876;8460;3807;-7728;9727
-9397
-17658;3083;-11213
16549;5144
10785;-14164;-2282;6876
-11025;17190;-14890;-17070
-10201;11420
10504;7146;-12335
5315
16705;10227;-2824;9881
-9985;-7626
-16435;2918
11235;10934;-6839;247;-1481;-15325
1312;-5795;8679;-13707;11131;15996
1240
-15443;-5699;4148;-4811;-16301
-3768;9660;-15773;-2928;7471
13529
5869;3566
-12678;-523;3758
15264;9841;13427;-6677;2165
-13604;14345;-14284
4900;6681;14252
13491;1076;7173
-9454
-4851;-16964;-17589;-842;15083;11611
11649;-17828;-13626;2157
-14945;17232;-7651
-1985;738;-8214
9463
2404;2758;4681;-11116
-11922;-13930
-9474
-12481;11193
-6419;12663;7480;-11514;-15786
8561;12645;7078;-11880;5369
-11299;10002
1601;-15192
5910;16298;3002;16815;8431
16777;911
-15106;9347;16228;6439;781
9499
5937;-18260;14821;13350;1399;4542
-5407
9092;8603
-6803;4165;5335;-1386
-2417;18182;8697;-6525;3647;-12080
9504
12946;-2212;1909;14005;14317;9503
10770;12325;6894
-3618;-14585;-11515;-8123;12268;7871
13219;8564;2967;9132;15198;9582
-3797;-16165;-5933
-11814;-6715;4428;8685
-17708
16018;-10260;-6998;-3494;10154
-17506;-9453;9756;-4607
-13554;1443;-1512
-15284;8154;-6496
7776;10737;8786;-8198;10911
-866;-5483;-13469;2333;-4014;11966
4898;-17288;-18168;4637
-14785;8369;5067
5445
100;2693;2984;6425;-10848
-9953;8291;-6245;5478;10343;-6558
-3160;16107;1421;3375
-9552
16454;17674
969;8589
-5471
2418;14011;-6863
6338;16868;1500;2637;2703
-6754;9465;1322;1439
-436;10005
-10129;4035;2920;-6399
-18421;17039
3937;-7987;-10918;9990;-14247;1455
10147;10836;-14646;-855
18065;11252;-7450
-4519;-17033;-1657;17725
5184;-12125;9885;8525;13086;-14976
2737;16722;-2483;-4278;-9800;6683
-14289;-17398;16426;-9375;15054
-5491
2656;15780;-17038
7714;6914;-1013;6679;-10704
13008;-10723;12130;11560
-737;-4547;12052;2826
-4594;5187;13100
-17927;571;7757
-9600
-10801;1795;-10871;-6108
-5986;11922;16407;-4921;-892;-6928
-1825;16711;-4954;6556;6174;15614
-5032;15930;-1325;8223
-13441;4037;2712;568;-3482
-14146;-11849
5009;12795
6928;-1652;17814;-4665;-1035;-3677
9617
-8898;5465;3481;11885;-13359
-14809;-9818;-7339;13723;430
3137;389;-202;17785;-4347;13339
11285;-1662
3784;-2908;6251;-1600
18358;-541
-7826;18363;-9102
-7683;-17325;-5104
13728
-11842;-12293;-1887
3542;-7688;23;-17805
15952;-6055;1656;-3674;-6428
15010;16598;7194;7710
-1175;-12573
17847
-11282;13303;-11678
5104;-15093;8518
-5463;12891;2237
11888;-601;6571
-15106;-8962;2134;7190;-8313;1100
-14923;-2939
-6610;178;15386;4815
-16948;11419;-16622;4285
13769
-7125;2328;4378;1901
-3521;-9316;-3287;13048;-14793
-8690;18366
-1487
-12994;-16869;18118;6295;-4235
1986;-17515;-14637
-1495
-9690
6240;5137;-1797;-3982
-9651;-12335
-4996;-3832;13081;-13952
-15729;14091;-8061
-11034;12541
17986;-4189
800;14480;-18355;12986;-11901;15790
7300;8634;14251
-10562;7777;-7890;10226;-15288;17256
8342;5465
-17904
-4802;-16388;-8262;13239;-17097;7213
444;-10158
18228;-4760;1022;-16016
17208;8763;-8061
-5402;-4941;4718
3121;-405;4789;14508
18296;9867;-16045;1854;-12431
-17907;-4262;4238
7956;16760;-14976
15685;10439
-2903;-11689;-4458;9306
15783;14444
13844
9748
-8293;-3861;2423;11289
-6745;-6011;11196
6872;-7867;14844
-12156;6494
5970;-10998;-17019
-12852;-4427;-17056
-7689;4970;-13708;14859
5232;5185;-408;4856;-5196;92
-17957
1089;-3480;9273;-10459;5150
8754;13045;-18238;12606;18175
12050;6867;-1610;1134;11807
-16410;5293;-18334;-4895
-8644;-2728;-2496
17522;-3645
13684;-891;17468
5686
14615;-810;5852;6334;-8016
16147;16419;-15620;6220;11644;-448
-6706;13267;7862;5590;-783;-13536
-3457;17906;16322;-4597
13887
-7266;-16818;3528;9274;-10800
-1609
-372;-9430
-18084;-16295
-6978;7380;-17145;-7211;15710;9855
-1988;12166;17965;10333
-15207;9497
9807
13506;13445;-13799;-15911;8471
-1813;6852;-6777;-10378;-14078
-12369;-17921
17745;17379;1288;-3770;-10544
-7193;8813
-5721
5152;6428;2334
16325;-3383;14198;-13880;-5167;18111
2770;9961;-11102
-11557;-8149;-1816;-8782
-5728
-17715;17970;-5222;17318;-16295;5576
11680;15297;-8960
3456;13108;-16038;-3354;-9115;-10175
12049;-14950;16230;-12615;926
-13782;-2153;18044;6989;17119
18160;3964
17331;-11172;12053;-9931;-16396;17951
-5654;-88
-17873;18134;1560;14025;2186
-15095;14379;-5036
-12172;-14061
9954;-12102;-3687;3031;-443;-10700
13818;-12159
-5759
-1663
-10707;12371
-1665
17360;-10869;16598;-13099;16252
-12052;11494;664;1563
-1671
12466;-2314;-2765;10670
5584;-18133;13558;-4301;-10671
4450;-2199;11711
-13967
6689;-6523;13803
-14356;14901;-1463;857;-10603;12347
-9873;-2951;-8093;-12942;15790
-18082
17368;17098
15138;17763;10030;-16656
-9893
15808;-12390;5495;-9131;12701;-10782
-8355;6205;446
-5802
-13650;14641;-16803;-13832;3358
-6362;12650;-3261;10974
-1716
13345;14963;-1686;-4375;16333
-2074;17486;-9600
10214;13510;923;-2700;4347
6595;-7512;1912;12569;16827
8752;-12356;-564;7972;10204
9089;1730;15526;-4990;-11439
-321;10946;-531;-11748;-11178;-17566
-1155;15652;421;-9095
161;13709;-3950
10705;15602
9924
14021
12370;-14105
1736
-5332;-8699
-16357;-17206;12733;6798
-11969;4082;12373;2726;10167;8941
-1749
-6580;-550;18085;14007;-2734
-3111;-10927
-3947;-1598;15487
5040;16757;-18398;-5311;3903;16143
-6738;-15751;4088;8457
13409;2210;16707;14484
10147;-10471;10270
-14242;-9493;-13319;8809;-1611;-4669
3620;-8389;17720;-14714
-13025;-13315
1571;-17972;4534;-17790;-783
-16465;-8036;-5941
5865
1775
5299;17651;5542;-12872;14828
1777
12692;17758
-7769;13647
15223;-14383;9134
11584;5285;631;4985;-15484;11166
-13651;-8180;15882;-3163;-2251;17243
-3490;13470
14077
-8627;15284;-12087;-17962;-2976
3281;-18082;-7471
15424;16405;4122;-3886;-17984
1793
3475;3300;-2217;5433
-14091
5442;9666;7448;-4366
-15028;-17254;-14586
-7185;8417;-16645;-9353;10664
-13377;-1090;788;2821;-15534
-1825
-6357;-9755;3291;-17676
9380;-16759;14822;-9276
-10027
-16657;-1508;11860;8581;-1030;-7183
-10038
-12978;-3314;-3668;-16903;7673;2762
-14140
-1855
1827;4123
-6038;-12204
-16323;-15494;-2730;-4175
18247
-1866
-7411;4294;-13118;18350;-3983
8596;13752
14158
-16478;11023;-8704
-4204;2652;-4416
-12436;-8983;10279;-16890;5678
12306;-4548;-4853;4921;14638;-112
3203;-13278
-3905;-12338;11091;-1414;663;7788
18130;9956;-16776;-17294
1298;13875;-1992;-5068;3420;-13422
7969;-13958
16486;-18382
14408;-12511
-642;-8838;8151;-12393;4457;-9018
-4295;-13930;-16444
16291;8104;-18201;13197;11181
-10093
-1622;1577;14234
7360;10160;12817;-994;15684;-2160
-16130;17397;-13511;-665;2809
10805;-5581;-735;13806
10148;-8805;-11432;-7003;7323;-4432
-2962;-17029;9126;8950
9815;-9355;17839
8821;17671
-15429;13512
14279;12216
5922;8585;6684;365;846
8384;12726;7547;-5326;11359
15665;6737
14216
-2149;12952;-9850;-7690;-7484
-5378;14230;13450;12398
-8241;6022;16441
-14228
8688;-7588;13127
-14037;-9766;1372
-16385;14772;-7466;17979;17628
8320;-18406;14885;2133;11405
2115;-8325;7562;16986
10261;-10632;-9776
18339
10149
1960
2064;11009;1013;11001;1451
14491;-11823;3391
-6209;-17076;-15546
-10162
7203;5542;3976;-5305;17725;1502
4033;-4530;7522;-12019;-1591;-15871
-11985;7667;-7942;1355;8926
-5750;3759
-3302;13291;-14895;-17567
259;-2260
-1272;-8925
-13138;-5251
-14933;14709;-57;-14015
16069;-16650;2589
-14676;-16852;9737;-7197;-1694
-15057;-820;1579
-5921;1954;-3768;-10664
-2015
16487;6505;-13612;8686;-4911;9342
10677;2118;5607
-2021
-7218;-8883;3651;-5541;-13752;-11243
14096;6022;-10730;4927
1489;-15447;11929
11415;-5322;-2507;-9712
2032
-15414;-17801;6057;-3550
2042
-14669;8527
-7622;17431;3880;4746
17008;3665;17073;17524;-6249;14472
13824;-786;13764;4233;5548;-14047
-9252;5685;-6440;14296;-10506;-4032
-9603;-9767;-6536;15657
6154
8642;1971;-12277;-9046;2838;-10571
274;5749;-2007;-1288;-13323;-11948
-5395;-772
-12211;7524;6693;-16367
-9825;-4539
880;5606;-7883;-12972
12342;16231;-6008
-14388;-11437;-847
-3797;-9624;343;-11692;6287
-6961;9061
711;-7676;17263
-14993;1845;8519;-3276;-6076;-8607
-16259;-12346;14207
-2598;4679;4125
-17716;-1436;12941
-10295;-8809;8124;671
-6214
2160;10128;-5234;-17192;14647;5801
18048;-10417;-15447;-6698;5212;11423
9188;-7066
-8433;-15106;-16615;-5481;5657;9182
2912;-15462;-12486;16440;-138;-5680
-9191;6135;17240;-8443;-7868
-14416
-6242;-8296;5656;8392;-12393;-17919
2129
12448;14673;3197;-18366;-9823
7781;15527;11591
-16817;-10823;8982;-10091;5723;12702
4545;-6681
8199;8281;13195;13422
2501;11926
5041;8739;-3765;1782;15352;-8624
-13650;-15700;-2058;8778
-2019;8774;-6202;5692
6246
-8002;-17651;7682;-4661
866;-10659;11944
675;-1590;14278;10631;-8761;3304
-2274;11762;2821;-1479;-16349;-734
13984;3910;3943;15223;6057
-6905;-15738
-6260
10050;-16501;10709;-11992;15804;2286
-4021;-11813;-15577;11225;-17788;-13343
-10305;9861;2886;-6347;3915;14444
-13462;2524;-15805
-17217;6857
-16979;-17959
10363
13798;-3431
3986;8005;2503;-2667;13722;-15180
5105;-15124;3669;-2379;-1645
15680;-6435;9315;16069;-9719;10039
-4227;3251;-2809;9098;4316;13039
6453;5270;1846;8519;-12460;-7439
-12648;10457
3960;3754;-5519
2196
6294
9928;-860;18382;11614
2205
-6302
2208
-9691;15998
2520;7883
-10692;4936;15561;604
17393;13502
-14512
-14082;-16711;16280
10417
8188;2253;-17327;4655
5344;11338;-7966;7501;-9888
-6742;10519;-18303
-11730;5938;8453;13197;15086;-8223
12193;-2661;5813;133;14585;-11438
10853;7773
8688;-15750;-8927;-10832
5248;14977;10694
-2707;11091;10571;15340;-527;-2848
-10177;12290;-13315;-3336
273;17271;-12206;5103
-10442
11427;16663;-5356
1728;9873;1514;-2667
-12647;15801;15657;12125
-14298;-8448
12666;-1534;510;-9375
17845;586;221
-14002;-9143;1335;-909;-30
14556
-16390;18197;1321;-5627;-16507;-16032
-1041;-11121;1698
-2279
-13755;-17199
-16051;13763
-14250;16537
-12691;-1886
-18113;-7133;14764
-2786;13267
15681;-9267;-10100;18230;8232
-2081;11845;-1371;1372;4285;-16352
5184;-9652;-1934
14985;7802
12770;10995;3118
-15527;-15660;4302
-6407
-3252;3509;-503;582;7863;-1788
-9205;919;14699
9302;9400
-2320
-10516
2995;10037;-3030;-1962;10779;-12396
5665;-5086;-18239;-1055
6427
-7226;4893
-6173;14269;-14526
-15530;906
16433;5269;11319;-3918;-14480
17858;1737;11082;-18126;-8927;-14159
9577;5055
10116;-9847;-14910
10689;13478;-1325
-13238;6778
-101;16789;-15286;9464;-11930;-9499
-666;3037
10566
-8226;14498;4296
-12147;-4778;14542
-16549;-11525;-8090;-15371
14725;17385;-6108;13244
-5814;-8859
-561;-4421;16964;10100;-14636;7227
4853;2903;-18335
10864;14560;10903;-5839;8767
323;12120;-12588;2540
15315;-18132;-1204;12248;7561;-13391
10590
6625;-3154;-10533;13253;-16783
-2467;-9461;-11208;253
8083;-9222;-1264
-2405
-3211;-3295
8914;-4373;-15144
-10689;4633;14797;-11152
-5586;2898;17303;10425;12126;-1983
8677;15541;-2217;-15487
18192;8803
-4788;-1448;14936;18298
-4161;-14995;-7843
-1043;10691;2293;-14365
3904;14801;-16530;-15766;13850;6268
-17650;12626;6467;4837;8443
14515;211
14547;9958;-8519;-5352
12068;-7272;15481;9146;-2396
14867;8579;-13221;-3674
5712;841
9538;-11476;-15733;-13894;7096;17914
-6499;5861;15386
14507;-16973
14759
-12837;6267
3552;15668;-10951;10589
11477;15577
-2006;-13368;8331;-11823
15829;-4971;-15310;-15295;-9776;-5728
4880;1700
-14773
12228;4532;8470;-137;-4028;18284
-2492
1782;-3288;1242;-2235
7812;-9718;14681;15613;6879
-1234;10531;-11129;-12957
-1082;-17357;3647
10696
-16185;-6800
-10701
3233;-4949;-4889
13222;-2759;8363;7372;3532;17837
-3156;-18009;14555
-17426;-3257;9257;17706;331
-18433;-11044;6521;13002;3418;-16461
13632;1172
352;-15542;-3015;-18136;13341
8080;15174;-4348
-18165;15829;17148
-11716;-7413;-13205;-11462;16792;16286
-13905;17934;-4239;6831
-6186;4026;14511;6559
9027;1236;8647
945;-1700;-10663;326;-7820
2532
11712;12068;6725;17084
-13892;-1332;9397;-12408;-684
17232;-17458;10939;-8173
-10735
-10855;-4186;-109;12605
1392;12720;4003;-3141;-6822;14879
-14842
17155;13319;-14090;860;1693
-4679;-11065;895
-2020;13876;-18248;-5466;1103
10755
-17733;8645;7591;16008;4157;285
-18225;1987;-14709;13369;-634;11545
-14897;14769;-738;15724
7144;-475
-13442;6766
-8313;1630
5732;13240
-1321;-16299;-16107;-5728
-771;12568;3083
-9009;-17689;-6300;-383;-1984
6662;-4064
-15617;-5402;-2061
7940;4219;1245;13775
15056;15394;11397;-221;-10350
-6704
-15493;-9414;7831;-10111
-5090;2260;17734
-10209;-514;-4073;-8846;4639
17292;-4128;5839
7424;3172;-15606;-11534;-15503;-11535
12691;10356;17783;-13632
15152;6694;-5914;-13309
2656;12452;-17480;-18024;17770
-1955;-8661;-12493
339;-16295;9230
3808;-4402;-5352;10937;1306;431
-7732;3398;11063
14922
-6731
464;14769;7170;12935;-8127
-10838
2883;-11991;2365
-14218;-12429;11711
12288;10323;-14805;7320;-9419;1037
-389;-10454
-16865;1919
-6161;-15569;10569;-7003;-17583;12607
-753;-2907;17503;-2992
12241;15362;-9076;-16378;4606
-347;-10510
-14173;-8974
3664;7638;-443
5379;-7109;15590;17479
-5682;16542
-13982;11310
-13090;14323;10045;-13951
10849;-8675;-13173;7414;-15472
-14627;5092;6164;-11590
-15478;-12556;8971
294;-2826;13996;-4688
15040;-2838;-10680;17162;8573
2684
9377;-6691
2933;9542;13688;-47;7407;1935
-8628;12931;6581
7824;-10518
11986;9268;-10363
12128;-9571;-2092;-15456
-3278;12718;1455
14991
2835;-17236;-3334;10313;4717
-596;-1546;12236;-7390
18144;17332
-4419;-9284;11172;9669;-330
770;1946
-9858;16692;14327;-10857;-17118
6080;7109;15461;15190;14583;-14744
-10914
-15688;-2812;-16992
-12666;-6158;-16670
-10918
-5201;10596;1430
10923
-2851;824;1532;-335;-5999
-962;2662;7512;-6492;15134;9455
15022
-10065;6821;-16457;-11706
-6825;-4105
-11684;-3479;5606;16394
10753;-2407;7271;3148;492;8062
-10741;5164;4078;-17632
-2657;9409;-14075;4844;-8461
-1265;-12794;9404;12493;-14159;13167
-17425;9170;7886;-14671
-6123;8875
-4629;-13205;-1303
134;-10840;10663;6892
8643;15990;16362;-14635;973
5234;-12089
-3363;14147;18343;-4649;15146
518;5960;11181;-10799
6001;1844;-18167;-13278;16735
-8081;12099;-791;-457
-12372;2008;6648;13164;-4062;5583
-6389;3878;17577
-15069
-5106;15046;15464;-11663;5423
2736;13413;-8695;-2104;5625
-17061;-11819;9711
-8018;-14693;-9719;7160;-12522;14524
8288;14984
-6027;-2172;10991
7109;12073;-236;6347;11262;-13280
9752;-11580;8719
7665;-17878;3321
16933;11321;-2988;2107
-13898;11100
4848;-6792;12935
-6307;14808;-4107;12461;2333
6992;13780;17956;678;-16121
-290;-11542;-4023;1994;6958
-14289;15881;13502
-11002
-12833;-10548;-11096;-1676;573
2866;11717;-17399
11426;15093;17257
9348;13950
18192;13301
-15880;-4331;7323;-14511
9920;4693;-18294;14697
-6634;3402;6923;-10127;1566;15887
-11095;-12218
6929
-15126
10608;11362;-12028;-18399;-10768
-2845
-17857;-1140;-8425
-15346;1784;2011;-15871
1889;-5924;-1719;12699;-1519;-12368
-16564;1428
13456;6306;14679;18121;15820
14292;16251;-3119
-420;132;10663;668
12977;-11176;-7099;10394;-6670;8527
-11053
321;13282;17317;-6108;-5565
-5272;16329
2866
1586;437;-17687;12744;396;9486
1824;-10421;8407;4519;14331;4686
13937;1025;12373;12396
16961;8149;2333
-1605;-17648
4544;10615
-15160
11558;-1723;17386;5611;17835;5455
9488;-9670;9830;17613;-12096
10930;-12938;-15370;-5086;1325;14158
-5234;-5048;-8988
-15175
-6049;-8562;8020;-15833;-6217;13466
-8455;18205;-6334;7663
881;-4966;-9640;2638
-359;3255
16099;-9104
2903
6999
11011;14247;5339;-1149;-2734;767
-36;-10872;-2623;-5760
-17972;-5895;2283;-4909;-13279
-15201;-6936;9816;14681;3722;-8990
-2161;-6647;-8473;-2012
3346;5538;355;9955;-16731;445
-1073;-1687;5670
-4435;-9253;8556;-10078
18129;12118;-13738;7742;10847;8783
16183;-13260
16340;15259
-4356;-14956
16340;9014;-14887;-6347;-8652;-6589
12528;-15621;-11710;-12703
-5329;10807;-11100;-4127;5359;-2640
6731;4397
17075;-13194;-6972;14222
7987;11108;-4630;9591;-3002;6461
-16482;5602;13060;1748;15397
14359;-3226
4560;-7502
-3793;9985;-9146
15242
-66;15309
-1938;-10777;9758
10769;-9188;13556;10021;806;-14815
-5428;1397;-4824;-18040;-6364;9821
14241;-11284
-5281;-7683;-18232;-12296;-16410;-400
-7058
363;-16862;-2847
-7060
2966
8385;2780
-12225;5459;-1126;7095;16061
8450;16692;7724;-8670;15646
15443;10117;-9319;5417;-8315;-2172
-14209;9591;-16715;10159
2628;-4313;6174;-15664
-11183
13025;-16339;-4971;9037;1567;12959
7090
-10564;-8917;-17910;-8952;-5808
-6872;-12512
-13349;-1590;7046;8296;-3404
10864;-15745;13676;3932;-9727
13477;-2282
11195
-1108;-18356;-8295;-8698;-7516
16065;7571;-10567;-7032;-8394;17663
-4469;-2648
-11214
-17857;-14861;17405
18339;2358;13641;9647
-6033;3286;13966;8190
3072;-9025;2579;-16405;7372;-2910
16947;-8199;16151;-16652;-16972;5694
-7130
-18179;-14997;-7655;14902;6511
-6007;12951;-9981
-2580;2426;8731;17487;17935
-12531;-7860;8692;-11110;-9047;8333
352;-15717;5268;2953
-16610;3829;-2267;-6908;6620
13552;-8483;5518;654
6630;10407;12536;-1641;6846;17423
18178;7691;-11693;6764;6685
7153;9921;12744;3944;5019;13421
561;17445;-16392;18392;-16953
7230;8111
-15654;11414;-17961;15644;13709
7814;14359;16348;13692
9979;17659
-5393;12801;8425;-2573;14382
-15356
-1429;-5286;-12746;-8187
-5874;2212;6692;8567;11784;16556
-3558;4409;10415
-10296;14845;6719
-9715;-14537;13417;10797;-7135
-17746;-4980;-17509;-11180;-13103
-7013;18285
8640;-13586;18162;4579;-2420
-15377
-6148;2406;7050;-1342;-9151
-17365;9880;10574
-5586;6049;16456;14124;17102
-15380
-11284
13883;13791
1282;-12551;8169
3102
12134;8422;1257;15242;-9372
-15476;14933;-3161;3087;16015
5664;-16970
-4098;-8211;16883;12476;-9840
-2338;-18291;11973;-15690;18236;-17488
-17559;16871;11998
15408
-14788;11662
-2851;6578;-17035;-13373;-17406
-18010;-7807;10399
12582;-5352
-9300;-18412
-15138;484;11515
-7554;1718;-1593;14665
6000;-15329;-10196
-5522;-10724;3178;-9580;11311
-17593;6169;-5900;-575;-9824
-17032;6375;-1548;-7326
11697;2242;-4858;-1839
-18017;13761;1506;5381;4616
-15443
-12945;4785;13474;6357;3773
3395;-13430;-7320;-13051;-17839;16415
12432;-14194;17215
9472;-4033;-15192;-2427;-9804;6525
12320;5655;16908;-3038
-17431;-4154;2026
9043;-2022;3622;-10171;6799
11367
2225;-6284;-11406
-4979;4882;10436;17352;4158
6402;17255
7345;13442;18331;924
-9489;-11460;2827;6751
-2850;-13522;13153;39
1505;3461;-12279;5658;-18299;-15998
11375
-16545;-4083;13347
16730;16715;8558;8415;14207
-2034;6711;6701
-1555;-4694;-15177;13177;15531
11381
7286
5521;6770;13829;-17132;45;6446
11383
-5665;1837;11119
4912;-16301
11650;-4389;-16774;-2135;4347
-12193;14571;-3167;3999
-16290;-7415;13
8578;1171;-6052;-478
-7316
-866;-12324;16411
-2995;7251;5434;14011
-8739;14146;13684;8345;12650
-14310;-6664;14602;13693
-6628;3401
-12084;18086;5417
15916;-400
-4775;-2551
-405;13415;12841;-10698;11306;-2750
-11425
6528;-9766
3441;-14341;-3989;-16264;17623;-10192
16788;4422;-17968
6785;7332;1415
6694;2041;6863;-4160
595;10844
15636;16285
-13201;11522;-7384;-2379
5110;-8632;9080;-13436;11132
-10053;-8581;-12039;-9452
-7175;6599;11771;-14460
-4593;1667;-17894;5381;-6583;-14015
816;5617;-9700;2261;2568;-13023
11464
11469
-11954;5986;15657;12426;18028
144;-8264;18119;683;-3296
-4180;-9766;9877;-2282;4795;13039
-14971;-11389;14876
17698;-596;-12169;9786;-3117;8076
-4739;-1751;-14427;-7261;-8957;13359
-3297
15588
-12945;13205;-8649;2476;17407
-16978;-14614;3221;490
-16401;-14588;-17134;-12528
12571;-9262
3680;17427;1099;-14800
-8885;6167;10204;-14894
-4162;13812;-10296;15608;1615;-9168
6005;1405
-15603
-3460;-9012;-7227
-15605
-3281;-16420
-4628;7800;-6490
-14435;9621;3207;-4218;13242
-3798;11226
18258;-6732
3334
-4258;665;253
6951;-202;10490;6492;2156;18414
673;-10182;-2344;12265;-7853
-6193;9537
14808;4584;-9083;8203;-15166
4107;-15647
6484;-16588;-18317;-3677;78
-17876;-4824;-18107;-7868;4367
11542
15744;-15747;-14821;3342;4015;15
-3506;-3949
13458;6286
-1154;8145;-4165;534
4723;-3301;13848;-15340;4956;2575
-6103;-16812;3788;3471
6192;10082;2167;-15072
-13303;-5335;-7018;8187;-10479
-3372
-10997;-17756;-7390
-2083;9731;-10006;7705;2157;16351
2465;-5209;6120
-2033;-1653;-4101;-11978
5360;10356;278;11964
-9284;3877;-2712;12007;-6280;-17375
3385
-3387
-1949;-17823
-9305;16793
11584
3633;1105;18040;-12254;-13920
7187;-10199;-6119;12250;16668
16497;16179;-4871;17943;-15161;-14891
-1638;10442;10990
15698
11314;7637;-12870;-14601;-3083
-5923;-4406;14550;-11728
-6404;420;1079;16509
-3416
-10593;9664;-5937;17073;-7635;-18277
18017;1795
12736;3747;3332
-17702;1982
8513;7207
15275;16829
14166;-6935;-17960;16493;-8542;-17039
11632
7697;-15571;-11223;-13481;-12905;1081
16768;-3457;-12454;-12493
-7907;-196;10183;-9882;-12027
-15588;-6950;-10025;-10089;-10365;-11869
2976;-10742;-3872
-9606;89;11882;9306;15818;-15852
-7202;8243;-8584
7552
15746
2100;3846;13898
14330;5341;-12319;-14912
-13473;-4307;-11115;-10604;-830
-12200;-1721;-18223
9845;-12870;-13463;-7469
-13282;-3396;2694;17287;-6553;6728
2737;66;4707;4164
12738;-2041;-11354;-10479;-543
3486
4437;-950
-17220;16726;8807;-12796;-7197
-14289;-17687;-12313;-160
6051;-4664;1564;16926
-2945;12386;-35;8258;-14723;12844
11398;15814;-14440;11208
-4565;-7129
12578;3211
11553;140
1521;1980
-4917;-2310;6951;-3226
16242;17859;-14215
15790
-9012;-14908;8127
-12897;8608;14339;10420;13482;-14063
15794
-15796
-3202;10805
-3415;12775;-2604;13135
3511
-7781;1974;-1146;5773;-14624
7612
-9394;8050;10548;14405;-7805
8642;-5124
-3809;15585;6130;-9797;-3526;7129
1104;10609
-12529;4907
-6661;-5816;-15629
-11692;-12320
6228;-248;-13917;-4509;4813
-5219;15474;4534;1039
14835;-3100
-4740;-7001
8712;-6553;-4734;-5072
7816;-9226;-12570;4348;-14400
9330;14701
-3553
4177;8722;18150;-2919
-12341;18105;-2202
10624;-12917;8470;4521;203;-14464
-11457;-8492
16802;10918;17223;7677;-12782;8783
12865;-17379;13203;11277
-9154;8098;2469;7161;-4991
6475;6139;7359
-1557;13660;3775
-12419;15933;16462
2225;-9939;11188;16502
-3597
-3848;-5644;-6397
-2706;13346;8402;1091;-1918;9966
-3923;-6774;-1255;8998;-8845
-3425;-17810;162;-8779;-6525
-2385;-1226
9255;-1547
-6148;-1927;11018;8862
-6677;7911;15767;3064;4028
-8851;14130;-15161;-14921;-3389
215;11528;4536;16009
-13430;7944;-4313;-7562;5551
-3621
-3969;-7701;16677;14997
-8595;4248;-3373
-10931;9509;6071;7167
-12804;986
-11831
15497;429
-15930
1380;6357
-5859;-17560;13831;-18234;-12684
2880;14113;7859;6740;4119;699
8976;-1281;16576;15297;12874;-11932
17360;14578;13235;15819
-3011;-9717;-12951;-7529;-7312
5033;10911
16962;15075;7652;-7359
15216;11828;17478;12106;12571
-7921;3702;-7640
-4131;9828;-1481;168;1628;-17872
4022;-351
212;7557
-8259;12836;16805;-11273;18140
15057;908
9872;-131;1044;5182
12227;-14360;-15071;-10527;-527
11616;15684;-11740;7581;1021
-6788;16836;5540;-249;8824
1857;-14586;-11436
-3492;10981;203;4607;-15984
-10242;-14403;-18132;2220
-11542;-13209;8765
15344;-2212;11462;2777;9450;7838
3826;-12550;15973;1305;3710;11918
12562;-12100;-11926;-16816
15729;-10292;-4724;-3848;-1034;-15920
-14123;-9166;15486
11752;-3949
3709
4849;-3320;-9081;12041;-17389;-15392
741;901;2076
13553;-6949;15709;-6303
9330;15251;10839;6408;11627;11709
16196;-14343;-157;14316
-7829;-16376
6865;-1302;15429;615;-5594
4770;-3130;-9468
3736
12470;16727;-11341;6364
8878;11247
3746
17090;-10165;3573;-4584;-9663
1814;-2183;-7416;11534
11349;-14684;-17901;2109;3087
16042
7851
7853
-11952
-3764
-11958
5542;-14551;-15992;-15630
-8644;8426;-11741
-13781;18184;-3387;-7200;14047
-15477;5164;4284;-3102;-11023
-13267;9219;6235;1583
16261;7990
12512;12663;9145;2219
13555;14794
17498;-11771;-13357;15500
3568;14736;5954
-3809;-9970;-5493;6153;-16971;18108
-13030;-10375;16455;-17754;12718
-17252;-5834;15194
-12898;-4343;-14957;16110
-8804;-15718;2713;-9549;-9310
1074;-4644;-4330
4497;4531;-17159;13672;8138;-1680
-12011
-13809;17553;7491;1339;971;-5631
15904;-932;16150;14119;3689;12237
113;-14419;5209;-9085;-10222
6833;-9256;10347
8416;-4759;6889;-1213;-2352;5039
8416;-10631;-5032;9836;9436
-13083;9247
3838
-3127;3751;11448;12255
562;8100;-4813
7729;-12216;-5560;-12718;10718
-15026;-17459;10932;1311
9753;14585
-3705;-9226;9070
-7958
-4519;-11240;8730;-10845;9916
6480;226;-2964;4219
15891;17349;-12072;4475;-12303;2815
-12062
-17207;1049
-657;1539;8053;5241;-2112
-10402;-9869
2004;-11305;-2782
-12085
2905;4506;-12555;17230
7992
1059;-7918;-13423
-4962;13330;10424;-13242;15276;-8736
16404;12071
16192
7649;599;2873;-12126;17198
-2242;-18153;-16283
-12103
9155;-13066
-15634;-3460;11150;-16448
2390;-10823;-1257;362;5260;12076
4864;154;15279
16208
10480;-18242;-16623;8175
-3923
1934;1247;-7104
-11317;15240
-691;13699;5305;10188
-3929
14628;-16423;-14423
-6818;-5308
-12128
4984;5513;-2395;9118;16463;15311
-11859;531;7356;29
16232
-1988;11286;15128
12139
2464;-4082;-15155;-15834;-13
-3153;8194;-11364;-7386;-10527;-16576
18097;9025;883;-4085;2215;6492
-15688;7785;3946
-7681;12676;15351
-13795;-10652
6100;14313;-13162;-14844;5612;18238
-17954;1254;4538
14690;-13366;-15080;9785
16545;-16339;18410;-17166;-15886;2270
3172;-12454;2981;-16410;-61;14702
10101;17287;9355
16265
10880;-15154;-12378;-11053;12285;-9039
16266
-8075
-2581;16741;-6079
-6561;-3316;5140;-731;-2620
-5365;13094;11928;17102
6419;16085;409;17948
-2147;-2277;-4202;-7660
16177;5717;15016;17177;3819;-12942
17585;-13172;-9018;-6364;-13517
-11378;3259;-12412;4236
18178;-13011;1223;-14493
-12199
9457;10933
9713;16500;552;10010
-10449;2343
13537;15048
-1141;17640;12088
14007;-3754;-11418;-11040
-1316;-5479;-9468;13355;6925
1029;-346;15626
11349;-14296;15899;5755;-2397
5088;13364;-14430
-10945;-16838;3102;-14751;-13744
-12867;-2459;-12412;-14061;908
14608;-4322;1934
12221
7177;13865;460;-5182
-7522;-15427;-17863;4011
12226
8243;-3145;10441;-8172;-18095;14766
5496;15432;-2506;-6363;8364
-3497;15145;2700;4989;1086
-13601;8086;-10894;-14159;1950
-17205;69;-3416;2605;-10414;16127
7538;-13909;2008;-10442;-17242;-12955
-11048;2842;5771;10573
17173;8261;-2822;14200
3121;-5618;-13331;10759;2442;-1419
-9042;2211;16469;-5273;-5515;13389
7302;14924;6399
-7236;-2149;15354;11627;17931;17676
-13458;166;6967;-13165;7245
-5697;-5378;13382;16808;1321
-3249;11398
5883;9708;13039
17930;-2459;7466;-12525;10031
-17415;-14344;5639;-9724;-6622;-14847
-13009;15072;-12722;6850;-13975;-6764
13493;10422;17021
-12266
2339;-12759;862;13631
13017;-11630;-2927;9710
8171
16365
-6945;-8358;17113;-14080
-8183
-8188
-12227;-8395;-10990;-5248
-16383
3012;1205;-1336;5000;-8348;-3628
