-9602;9605
-11635;5426;3059;6279;17354
-7897;-6203;1580;15918;4798
850;9433;-14314;8411;12621;3485
-4897;17171;-11799;15915
13664;11894;-16700;11628
16906;11774
12992;-5817;-1883;2910
-16397
-11252;11238
12416;8288;-7378;-6982;-14550
-14673;13059;-3302;11431;1693
16
17273;-6491;2606;-13408
-689;-10804;-502;5830;-16303;18351
9937;14916;-8448
15569;17156;-14775;-17976
10885;4374;8551;792
-12321
-10019;-10884;-14438;-16392;-17933
12322
-3554;4995;-1191;-286
5441;2610;8788;5672;-14284
-7490;3825;6609;-2907
8232
-3076;10563;-7446
-13900;-11534;-190;-12848;4991;12959
-12331
2102;-10712;-6969;11438
-8238
14977;-359;-14569
2816;8305;-18034;17891;-15274;8442
9232;6113;-15383;17127;14906;4924
6337;-4964;9075;15095;-4575;-4528
3184;17353
16801;13362;9274;7453;14061;-7646
-5812;-13540;2118;-17389;-14589
1506;-17835;12172
-10259;-2091
4000;1027;-18376;-9162;-6908;17068
2;-2931;1699;15142;4568;10255
529;7727
-5617;707;4980
6200;-10368
12994;-3861;-1927;3002;14443
-16462
-7667;-1604;5093
1815;-13881;14601;9834
-1411;13784
1588;3428;8774;16488;-13806
-8283
-17460;-16565;17549
18001;10723;-13996;-5052;-2606;17598
16548;-12168;11162;-7483;-7966
10853;-17670;15703;6298;17679
17746;10738;8283;-16191
-4194
-12258;11745;10259;3812;11115
14002;-16725;14008;-9292;-142;-14238
12353;12323
-12390
10514;-11558;942
-1089;-7207
-16494
-5831;14616;16425;4266;15694
-2005;3373;-17456;11871
-4217
-14961;4832;6165;-887;4973
-441;2168;-221;-1630
-8317
16509
-1879;-12823;990;-6896
14517;12454;16188;7980;18030;-3504
17718;-16056;3337;3327
5600;-6075;-11951
14323;-1893
-13048;8808
-16531
5316;15310
8440;10776;-6812;-4064
-14017;12806;-1095;-9002;-9325
-17221;8677;10231;7560;11385
-3660;-16973
-7814;17374;-1215
-6199;6040
-1793;6145;-5682;2468;-10231;-11547
2321;-2160
163
-16785;-3860
12453
166
11522;-2597;-17285
-17460;9100
-4265
-12457
-6695;15878;-17545
-16917;-11926
-9748;-15000
-10001;-3989;-11035;-13740;-14655
10640;-18226;15700;-10567;-5911
-4230;-8233
8367
8538;13514;2700
8561;-14355;12292;-7404;1087
-8020;-8549
-16369;17542;-5454
10370;13138;-2459;-2811;2428
-4284
5299;-9256;-4136;11565;17199
-193
-9409;-11843;3191;1483
12482
-289;16868
11717;-7422
-15028;10728
-1459;-6938
-14677;-4245;-15688;-13562;15196
-7252;2836;-8086
-3066;-17630
16599
-17169;12801;16872
14340;12488;14351
-4319
-11889;-15014;-18381
2625;8666;2525;6894
12520
-3555;12866;4611;3896;-2683;-15374
497;-17123
-15538;-15305;-10363
15459;13396;16447
195;-12869;-9461;-6219;2171;9551
-2807;7150
-8632;-10216;6312
9218;819;2500
7586;-9382;2045
15456;448;3858;13847;-15692;15101
250
8676;-14303;-15104
9025;2358;3543;14425;17322;10925
16192;5682;7052
-13573;-4422;15966;2286
-6645;2283
9168;-1219;-10180;-7526;4393;17918
-3507;5656;15321;-14699;17983
-6322;6969;16030;383;-4496
4373
15300;1252;-1610;14009
17947;-9469
12513;-7207;4554;12158;-17632
5541;-16025;11881;9854;-6864
10290;-13017;7115
16678
8195;-6104;10492
16679
8722;-664;4056;-5786;-5196;7356
16496;14353;16140;10654
-12994;-14404;-15012;14309;-13161
4689;-5109;18244;-18172;8749;-16896
-5794;14840;15833
-744;10119;-9071
-17383;-11595
-7139;-13750;-16281;-8192
8116;16772
13283;-6901;-14567;1660;-14382;-3983
-10679;-251;14941;16783
-7267;-7750;2413
15491;-15174
4289;10429;-15775;17759
8794;-13216
15456;1056;-18102;12120;-10857
-2487;2159
330
4426
18195;10243;13062;12759;11610
16716
-18353;11619;14102;-11656;18088;-14142
-5480;-15342
-12194;-4761;-7964
5714;-5370
-9958;9462;841
-12705;15392;-9178;-13707;3466
15317;-10873
18418;-11492;-16165;-4453;7309;14925
8543
-12348;12700
-18003;-13829;-1608;8509
17685;6358;888
-10307;1828;6246;-8922;3915;15788
689;14407;12856;-15308
12645
11378;9461
-360
12648
10100;-8718;-5839
-12273;2336;-850;9668;-2101;7677
13109;9864;11998;6350
10449;-55;-10030
-6145;11522;-10005;-3047;8039
4464
-4466
12660
-6486;-14368
5552;12533;18422;731
16759
5008;-4326;15334;8936
9121;-9500
4475
8575
-12455;-217
-4833;-17941;10774;-1993;5417
-12995;-6541;5197;-4670;6335
1058;-15239;-2105;10505;-18299;15501
-15148;-9341;-8670
7698;-7207;10184;6585;-8299;-8571
-12817;1250;-3171;3223;-2315;1150
-8531;13018
11896;-3310
-13729;-10035;2888
7636;-18135;-2503;8509
1410;1510;-15612
-8604
4509
15968;4926
16799
-4790;16550;15878;17834
224;7602;-78;-7455;6703;1615
420
-3956;15976;-15982;10783;14079
-17879;7944;10682;-13999;4702;-4160
-5188;17897
645;10599;-10905;-9708;4845
-8620
11105;-12434;-10924;8429;-9487;13743
-12387;3063;699
17745;7263
-897;3265;-12063;10127
9186;-11461;-8614;-18218
-16823
-13050;-762;13372
10176;6649
-5762;-10676;12261;-13177;2329;15468
17224;12442;7645
-8498;3782;-264;-15949
15634;7364;-1686;-15020;14637
3954;10998;5978
-14818;-11155;20;-9421;-5421;-4719
8196;-3640
289;17219;-12949
464
14432;-11750;-11340
-2522;7084
-7490;14404;7623;15084;-4576
-450;8699;16796
1052;11710
7713;3956;9286
12323;-12536;2728;15400;-13341
-13410;2178;-18389;11285;4623;14207
-5297;1450;570;3773
-16882
-2180;-15399;-18217;-16201;6442
17026;14578;315;-10941
1171;12980;4709;6220
-4601
-2082;-5275;-17932;12495
16893
-16004;16355;-10251;1198
-9425;-15878;-12075
-4611
-3178;-6221;-11599
2706;8876;-5357;-17822;-17600
-4791;5561;-13583
-12815
-18001;-5093;9478;-11245;16141
4432;9953;-17031;7272
-7458;-8886;-12011;-6334;9582
853;2809;10393;11053
8241;-15203;11592
538
9522;16371;7413
-8736
16928
-11770;16413
13042;1882;1451;-14940;6972;-13053
12128;3683;5524;12504;12841;7119
-12369;-13923;-13477;-18293;-10009;1982
-4651
-11842;12162;-8940;13277
12610;-9350;12216;-3610;-11965;-8655
16947
-17990;-13128;14123;14011;-18060
-1397;-7359
16949
-6041;-10911
572
-13301;-7366;2076;-2463
18097;-9327
6440;8540;6078
12161;-16837
-3193;-17868
5620;-14684;-11998
12870
588
592
-8247;-13209;17102;-12624
14689;12194;-4135;-18057
-6405;-3016;-7243;-4412
-8484;-17973;-11017;17081;-18398;-2767
602
4702
4051;7005;-6351
-1363;-7439
15221;9965
15107;16747;-2940;-16013
4857;-14559;895
2721;-2405;-13769;-15834
-616
8809
17196;-12478
-16918;8101
8819
12920
17746;-38;4183;-4792;16858;-12831
-5713;11400;16488;3055
14580;11013;-3960;18014;-10320
-7505;-14385;-1667;6530;-3309;7390
-17042
-658
11863;15438;-14352
-9457;18310
9492;16117;999;15964;7325;-80
17050
-17090;-11892;-1399;11529;17547;636
-8861
-2833;-11251;9541;-3768;728;6905
15700;-11228;3486;13199
-6177;15050
-913;16339;-3892;-12217
13906;-10277;1150
-2579;3314;-16230;3306;-4880
17942;-8251;-14477
5553;-4861
-9336;-15933
5749;4824;2056;-7868;3166;5054
17666;12722;-3718;-18407;18182;-17559
-1096;5887
697
12690;15606;5895;-8909
-4803
-17161;17868
4806
-13025;-11538;-5113;-16026;9739;-17999
12900;3237;-11414;-15850;6316
-12099;-16071;-6651;6235;15579
-9590;9800;510
-13331;-13753;1786
-5572;6295
16950;16231;15495;18201;11676
17116
-355;8902;379
-6545;-10576
-7186;-16135;-15483;3227;17611;13131
-6038;16602;8894;-4911;-1520
4467;8742;-9434;3354;1802
-11538;14305;17650;-11484
-5316;-3894;-16110
-8165;9000;15354;13227
-8941
3445;5497
992;15987;-9080;-6763;11902
11938;-5619;-15428;-15272;12317;-17359
17136
-15889;-12996;15111;3112;-7469;-15392
14130;1220;-9755;-4910;-5536
16097;-11138;-837;8137;8975
-9458;10503;-5898
758
-13364;13880;-1276
759
-4813;-12336
9237;9655;15545;-6186;-15198
675;-2228;2150;3674;-13232
-914;-3540;5224
-11602;4596;16357;8279;-12762
-13411;6212;-6057;11721;2313
-6072;-1452;-941;-12799
-1287;-3596
-3924;4725;9275;-16284;1324
13938;-7764;10997;16437;-3752;3703
15925;-6679;7932
-15409;-5866
1472;3426
-1748;16966;-2011;12171
15201;7651;9353;-10922
-307;-500
-15297;17203;-2716
471;-4955;2154;251;11084
4453;6647;12536;14041
9298;16503;11879
9811;15582
-16537;17657;-8826;-16348;-5437
-8323;-3846;-5038
-16323;-6778;4265;16267;-13486;2943
5946;3069
-82;-5575;12886;-14711;5879;-11518
-6962;3491;18292;14684
8774;4348
-17281;16448;8058;-8732;-11053;11725
-9031
-13474;-13925;388;-5638;-8281;15514
-7269;-485;2724;-1016;-7082
5601;-3842;10773;-1640;6332
-13441;-4708;-13396;-14352
-10296;6823;8409
7808;4066;16966;5975;1469;-6767
-17231
-3443;8742;7839
14770;-3443;2626;16869;11752;-763
16819;-8281;6633;-10220
10123;-9263
-1345;-1261;15774;-1263;-16864
-4180;-5862;294;-18119;10615
-10017;977;-16407
-872
-11489;17729;-9958;8921;-10171
10005;1613;-12798;-14047;-6128
8887;-6411;-1179;-6269
808;-8154;-9916
-14562;-9267;-2611;11283;-14756;16745
10112;-17283;-14421;341;8422;17805
9233;2116;-2271
889
-865;5852
-9086
594;17545;-5947;3226;-2235
10532;2727;10952;13549
17280
17282
-15025;4768;-15185;6098;-13099;-1229
-12983;7980
-4850;-6469;-3221;-3509;757
-6230;1242;-3214;-7262;606;-2447
-7204;6282
11075;7811;6617
-9124
-1932;-9916;-13661
17140;-14312;2200
-941
-9046;6790;6605;12975
-16690;-17225;4300
9135
10162;4934;9612;17197
947
948
1120;7204;-6874;13165;4862;-14432
14482;11604;-8526;16158
15457;12324;-118;7096;11247
-5047
9249;12892;-4800
438;8711
-2487;11640
5051;13
-2469;-12375;-1991;18327;-9193;8671
-11282;2405;18045
-5075
11637;16139;-14510
-8661;5913;-6427
8580;12885
416;-8354;10165;-14151;10936
-4968;11802;5709;735
-13280
-5159;14343
-16370;6931;-11446;16389;-775;-8015
9190
17387
8067;5225
-11494;10486
-18113;17969;4950;-2776;-11231
-5107
-10748;-6413;-8431
1015
9208
-11414;11398;17290;-8605;16927
-9895;6523;15932;8943
3626;-15068;-5966
-12722;-16980
18177;-8790;15897;-16062
-1033
-10007;779
-14483;14038;17867
-2887;-14537
-17424
-13330
1297;1874;178;-12583
-9239
13088;7938;-15381;-8006;-5100;8508
1047
2603;10735
14497;1269;-13944;14265;-7243;-9901
-3507;-10244;8548;-7882;1963;-6319
-3457;15073;18102;-12797;8796;8110
17155;18004;2765
-15764;3734;8822;16557
-5883;-11563
-9255
-4722;-3219;17381;15273;-7262
-10853;-2342;-3239;-1063;17115;13739
17455
8726;-4443;-9342;-11439;-9152
1665;4132;7399;-12121
6566;-17166;9518
10086;-4908
17467
12085;15528;9497;-12812;10815;-5344
-3829;9023
1099
10099;11686;6711;-11097;12377
-16677;-9005
16064;-9235;1476;-7798;-2286;670
-643;-12068;10314;-396;-14703
17507;-10437;525;7149;2751
-8755;5590;17814;2847
15041;9058;-6600
85;-13929;2073;8299;-14029
12091;-15997;-5437;-16351
484;8086;-9851;16060;-1773;16783
8881;8623
11171;5460;6437;-8455;6905;-12203
7425;-13525;1220;12970;-13311
-7074;-10180;13734;8394;9534;-15535
8402;-964;-2052;-9064;5735;-15472
17516
-9326
17523
-9704;-3725
6992;232;-9808;16015
-1144
17040;10704;-16642;16052;-13564;-8350
-12038;6794
-2918;-6663;-7951
15968;16261;-13478;-11803;-13071;878
-9341
-7233;2736;675;18324;-10391;-5263
5145;-10395
-12118;-17112;-16986
7548;7486;-5680
18384;15282;-15798;-9514;-4702;-17104
-17252;18100;-14302
12321;12723;5494;-8893
1840;-4132;6549;-16616;-9291
-11409;15554;3331;14174
849;-10135;-2888;16887;14840;-18382
-4521;-4845
1330;-14795
-17426;-2243;8217;-14303
-5275
14840;-1755;12670
-14920;5546
-17105;12593;-10566;7286;-9047;-17112
15585;-8195;-4360;-15531;-13084;3918
14198;3372
-10650;-2684;5580;8943
-36;13518
-14855;-10842;-12364
15406;6271
-17909;10088;17213
10661;8374;14938
-9400
-13793;13043;6281;12063
6435;12373;2826;12346
-9407
-18052;15289;3978
-8280;-9322
13507
12419;5620;7417;5674;2859
-9415
16980;12917
7703;-9528;11242
6628;-662;-6779;-18108;13599
471;-13642;-16731
5459;-9494;-1292
17619;-3430;-8860
-4722;-14275;-2726
9435
-9889;1557;-11496;-2587;-15356;7853
-6322;-4469;10228;3286;-15897;-8559
5457;12179
-13650;9290;17901
-11827;14571;8461;-1759
-4450;3618;-9381;15564
9473;-16550;-1436;1452;1709
-13544
11522;4067;-14527;-2320
-7987;3475;6500;14092;-7246;-14190
-17443;8628;-10221;1391
15442;500;4422;18345;-575
5366
11316;2277;10119;2135
9464
14628;6213;-11375
-769;-8115;-8775
-18149;13705;5882;16220
13563
3089;-14738;-1110;-813
3168;13621;-14984;6617;9247
8528;-7729;8445;12525
-1891;9671;-14236;1070
14689;9122;-6355;-3989;-14538;6459
15337;-5852
-6500;-4965;9290;14285;-15806;2399
17683
-3713;-7505;4723;14663;3100;6415
-17685
-14132;12831
-13591
11604;10469;-1145;12218;5034;-16397
10724;-14461;-1664
5008;-12148;12931;6217;-5070;-5632
-8390;-3339;-14028;-8318
3217;8532;15833;6492
9954;-2805;-12554
-14597;4696;8591
-10356;-6246;15096;6911
2196;3210
-10408;-8844;-157;-10575
18194;-13533;17135
6001;-3228;-2060;16989
6584;-457;3002;8575
5418
3217;5510;-4760;-13485
-6122;-5306;17195;2140;13901
4612;11083;-17024
14193;7801;3707;8398
6660;-5030;10444;-13407
7056;6564
-18277;12873;-9997;9967
-14786;3320;-16331;5979
-3862;-11542;18408;-14797;9020;12303
-1341
5439
5555;18391;6076
-4339;7351;-16779;6157;-14047;-8368
9121;12235;4575
-10402;13156;-1974;1830;-1239;-6825
-959;-12688
-9022;17071;13791
-4980;8229;-3193;6810;-5504
-17733;6054;6486;-4365
15505;17602;3379;-5110;-4535;3196
14993;15046
8517;-3709;12943
4912;8744
13659
18146;13362;4612;16934;9757
10768;-12141
8294;-2986;-3934
-12401;13442;14149;-16567
-4771;-2505;-5035;-15614;-4463;-5856
17763
-1208;-4271
-9713;-13858;9195;702
-1107;-11079;3770;9802
4259;17611
9104;-12596;8003;-16168;10266
12625;-6741;7;-7289
-1400
11251;-9892;-13701;7722;-13165
-17810;-12269
1409
-9553;-7557;-2568;1098;14490;13692
-13684;-9109;-15485
-17799
-10899;-17881;-1163;-14958;1151;13663
15827;10853;-17999;9119
-10365;-15630
-1420
1419
-18279;3414;-7036
18017;18069;2198
13222;-18296;-16828
14146;13997;-6239
15525;-2007;-3898
-17383;-16815
-9624
13720
2627;5206;-7383;-18268
13571;7512;-11452
-13732
-15345;-10066;18179;-645;-14047
-3634;14101;15400;16537
-17495;-16720
7428;-17014;15128
2402;8982;1287;-15850;13994;2924
-15569;2449;2678;10666;-1678
-17845
-11284;17270;-13946;17615
-17842;-10
17472;-5747;3490;10379;-8959;-6976
9662
14915;13885;5438
-9041;12228;-14086;9545;-11323;-9275
16358;-1384;18168;-18299;-9276
13760
-2449;-6;2968;-554;7083;14911
18000;-16527
-5911;-5307;-9438;10990
1409;7794;-15576;-8490;13388
-3793;4595;-14699;-3965
-10184;15759
5578
13586;-1512;9467;12716
17376;-8712;13307
13782
-6033;12037;-7501
-10105;-8986;-18396;-988;4205
-2499;-13205;-17766;-4896
6097;-4884;-3847;636;5950;-17743
2945;7362;-11523;17750;7430;-14265
-6769;5259
-9704
560;-12019;-15878;15322;6398
5462;-15177
15042;-6900;-8312;-12780;-13149
1888;16249;12253;12093
-7047;-14960
-3896;13614
12001;-13747;-1993;-1886
-16612;-1095;11943;-11545;-608
8897;4923
10657;5365;14185
-4919;-17098
-2022;-9992;3548;-15487;-14448
-5634
13172;17655;-7355;7690;1579;13852
7568;-2771;-5317;-17869;-1118;-14799
-917;-17007
-15331;17061;8005
4714;-3168
7506;9619;-8516;11418;-8093;18285
15024;-7891;-18167;14507;-13215
-13649;-9042;-11627
-15249;-14617;5836;10191
1550
4341;-16952;-4104;13706;4559
-3569;13604;-6006;-13896;1177;-9247
-4426;18412;-10047;1711
-3669;454;-4971;6538;-3451;-4651
656;1577;-12511;8718
-4386;-1051;-16604
14082;-9348;-7255;5511;-16843
-4517;6086
2097;7829;18058;-8622;-17792
12338;3522;4708;15158;15191;7998
-10051;15719
6744;17436;-2398;4367
-6530;-7144;-9434;5150
2326;-16190
16658;3974;-6768
-12598;1960;14890;5518
-3490;-6285
16115;-14405;-6936;15001;-10046;14142
10595;9253;10407
-17969
-594;9746;11507;470;937
-5683
3840;-17525;-11352;540;2029;398
-12646;6086;1623;-2959;-1887
-2961;-9417;-13790
4259;-6166;-3660;10076;1180
-9786
-17979
10577;6468;-1112;-4842;-524;15612
-5027;13090;7748;-1926;4235;8061
-17991
-10066;-15395;5796;-7577;-3038
-14727;-6616;-8026;-5007
-2785;-824;1320;-3257;-16543
-1655;2219;-6271
-3545;-8907;14063
4545;-347;9066;16299;-6461;3086
-7041;12750
1613
4065;7204;5352;-2058;7531
7863;-2153
1970;1832;-5418
5712
14161;-14870;-14652;14413;-12960
-18010
-6835;-7082
13763;7604;6677;-13864;-18168;-5837
5728
-6627;-13908;40;14283;-11805
5030;-8187;-16349;-10800
-13923
997;11096;571;5355
-13931
1645
5743
5234;1221;2263;-2937;17161;-13103
18033
1354;16685
11079;4232;15019
-17810;-14758;11532;11182
-7844;-14298
-14753;12567;523
16115;14219
-16722;5202;15620;-16968;-2459;5467
-13921;-2338;-9507;16915;-5108
6434;3433
-7864;-6424;-11050;3754;-4670
-13968
-482;-9391
2042;-3727
-18321;5698;6842
-10197;3528;-12414;9566;-4463
-3190;-11337;16218
-1696
3648;-13523;-16
17508;-4184;-7869;316;-11568
-1249;11718;-16408;-12681;-15851
-6690;-3573;606;15455
-14550;12847
-3428;5131
54;-1758
16336;11185;15618;3621
-12758;-18247;1080;3368;-10654;-1359
-17239;-17961;15513;-9436;-17053;-16976
-2421;-7465;7609;-15388;10062;-10496
2998;16791;-1690
7904;16850;9737
15235;15160
18145;4245;12103
11680;10525
-18111
18110
16818;10789;10103;-8680;-17484;-17375
10947;11273
13164;-13247;-5759
9939
664;18237;-8960
-18177;6308;-6455;5784;-5597
5219;-16726;-7353;12202;-15581
5795;1383;10969
-6315;-7739
9958
13042;-2662;9128;-17481;-4987;12926
-14070
-18173
-7235;-187;-14847
18179
18183
-9761;6211;1743
-14070;-26
-11780;-13271;4679;2314;1386;6668
3600;-13531;15838
-14111
5238;-5913;13993;13082
-90;13709;13614;11455
-695;-13420
1858;-16070;14903;-15657;-7343
11011;10086;8887;12615;8381
-15763;3764;12117;11845;3356;-1200
4192;16914;-16259;15411;5979;8363
1834
-10029
-12958;14799
8640;2504;2988
-9187;-9430;-2342;4758;11081;-17215
-18240
17936;-340;14696;16489;-8398;-9856
-15992;-2249
3524;7813;-5384
-18242
13937;-7577;1772;17231;5167
8164;-3262;14159;-13104
10001;-9779;14933;4617;14859
-1077;14712;-7578;-4094;1357;14927
-10058
8434;-15623;585;12140;429
-12947;-8934;5129;-10381;12334;4734
5363;1607;-17035
12982;-13591;-6201;-8158;-15680;-4000
-8311;14168;4222
-15762;4545;-17863;-17400;-17290;4537
-10082
1891
-17700;-5383;-6669;-9005
-13847;18346;-2604
-7874;-1223;-3724;14718
-10099
10627;15673;2250;2459;15501;4558
-5735;-952;671
-13777;-4529
-18307
-11153;12083;-3480;-15758
13316;17637;7270;-14072;-18126
1932
-8152;-584;9400;3674;9883
7088;-7718;-17465;-10751;-18144
17309;-3086
-10129
12480;-2898;6194;-11909;-8986;3181
-3329;-6803
10132
577;-7804;-2909
15074;2258;7732;-17031;-6680;591
-12577;-17905;-12537;-17837;17949
13907;4424
16000;4804;-14133;7565
-18334
-10146
-14276;7416;-8301;17452;11951
1965
-17809;-9656;13209
16164;13524;-3141
5584;-13044;-2438;-17080;17979;15069
-1975
4373;13429;-5606;-16089;3885;1983
-4113;-8308;2724;6150;-14814
-6742;13494;2871;3644;-15246
11376;4336;-13346;-8283;-9499;1147
-12859;5453;-2768
6078
-15345;-4390;13911;17608;-2731;-2975
-15843;17826
-613;-5468
-15425;230;-18151;-10750;17534
-14023;-11979;6141;-10799
11360;-12066;7316;9574;-12013;-10256
-1991
4259;4757;-7725;4797
5872;18016;16724;6437
1995
-4833;10820;-13270;18118;3448
1996
9764;-9910;-9623;11768
-4850;10946
-7092;-4792;-17337;12427;3820;2781
13184;9012;13977;16555;7387;-13056
-5831;-9642;16059;4907;-11597
-17505;-17723;-15932
-10206
-9442;-5959;-10280;6519;8954
-11457;-13490;1059;13677
4545;-3417;-3532;-16924;9116
18162;-12043
-6123
-3348;9471
17426;3;8212;-8139;4891;-8078
-12641;529;16882;-13182;1647;-7552
13925;10391;-17849;2552;-6990
-12355;-3877;-5037;15134
-10234
-2045
-7011;-15515
-13585;2744;603
4323;18343;4983;3068
-14723;-7795;14579;-423;18060;16927
5361;13138;613;15302;-3688
-5430;3372;-6174;-511;10798
193;-533;7174;2170;5342
-4674;16877;6239
1730;12246;-9288;10302;-12927
-6150;-16394
11952;6500
17860;3558;9611;-4381
16660;-9849;11647
12576;18173
7873;-14150;197;-4190
-6176
7665;-18389;-3622;9884;6541
17056;4643;3494;-15912;-15278;12173
-4659;-3871;-14031
-2050;8610;3555;17638;2615;-11903
7954;11349;11451
-2433;-17825;1020;-11520
-3490;17866
-11479;-12983;-9306;16989;-9887
8320;10885;-5176;16734
-9833;7115;623
-17012;6137;-18346;-12011;-18207
2098
10100;-7817;-8480
-10297
6200
-14695;-17387;7402;12892;-14894
14394
3029;-5725;301;286
2109
14397
-15786;9578
-5411;-2820;13943;-12202;12703
6218
12756;4197;-10733
-6433;7431;3801;9614
-9253;790;10591
-18017;-1013;-15868
-6626;-16823;-8825;9663
-6146;537;2233;10715;-13567
6949;14870;9211;-16668;3117;5133
-6230
6229
-7954;10120;-7690;13819;14319
-2673;-12453;17261
2803;-11484;2447
-8036;-17093;15398;-603
10333
-18168;16026
-601;3209;-13375;-9376;-10672
8984;9306;16620
14210;8725;7946;-16447
3062;7276
6737;-6307;-3209;12008;9304
1427;-3577
7777;-12390;2462
13073;7587;-5301;-13256;5435;-1292
-10897;-9267;547;-11207
1732;4517
-3698;-5525;3482;11995
4291;4966;16138;13627
-1683;3843
-3585;-17635;10775;-6057;-8030;-14494
2161
4151;9815;-7708
14002;-18184;-10270
10801;-16773;8138
18273;-2563;-15447;14952;7433
-12471;11293;-12094;7421;-8112;7695
15045;15799
-14465
-15730;-15877;-104;860
-4676;9572;6777;2794
-11633;5176;-3915
-10771;13705;-17403
-17907;-3189;-8285;14911
-4641;-7044;-16841;-5982;-7759;-9072
15328;15394;-550;-7128;7817
-14849;4838;-8935;-7823
10385
-2194
-7571;-10134;-10407;-5656;-13672;4285
10721;1718;6142
-10393
5123;-15653;4232
10393
10399
4320;10104;7129;5231
-10402
-7873;-3010;-6084;-18013
693;-2907
-2371;17461;-15447;6711;-1961;6013
8613;-1464;3002;-6508;17547;-10784
14505
14037;6904;-4990;10029;-3280
10417
14981;-2312;9866;-18381;-2638;-16031
3714;484;-13529;-7707;11514;3293
-14677;14757;6742;17831;-4043;-10188
1728;-2690;5602;-2406
997;7098;14620
-2228;-15
12208;-1772
16388;16711;10107
6343
7380;15351
14539
2251
-6348
-17634;11286
8962;5578
14664;-6186;11306;11595;4668;-13312
6917;7628
5297;4968;586;-400
14549
-14555
7185;7378
-14659;14426;15434;-12924
10474
-773;11013;1014;-749;-2461;10623
10225;-3844
2285
1840;4164;18246;-1657;174
6935;11737
-5378;-11669;-11750;5077;5721;15708
-13732;-18197;4950;17128;-11484;-17820
13508;1070
9392;13123;-14637;6702
10469;-2634;15660;5244;-14159
2293
17009;13960
-15106;11381;15480;-1261
-1890;18322;-10487;4556
6409
-2401;8757;-16862
-9345;13385;-8925;7199
6341;-15912;-9136
13845;4863
5952;6033;-1011;2470;6487;15165
14032;-8977;9608;-16122;11980
112;9218;17732;10293;-10448
-10529
-3523;-12184;17870;4270
10723;-3288;-3336;-1900;8331
7073;3458
6309;-7528;-17210;11721;8010;9230
17012;-14665
-6444
-10823;-13464;-9566;-5360
-18040;5880;-11948;9403;-16317
10542
6054;5769;-16572;11628;-9230
-2592;-7952
-7719;-11023
-2646;15031;17993;-1723;5451;1020
-6663;13463;8941;11199
8914;4870;6905;6252
10559
2481;11681;11281;8342;6199;-749
14662
-17765;-5750;-5866;10620
-6819;-3897;6680;1657
10240;11188;4901;4725
5681;-8434;3234;-3335;-3625
-10196;-7334;-5335
-9442;-7795;-9635;1875;3973;2252
16465;-4995;4359;-14478;-7839
11073;-13670;13182
-216;11131;4876;-1104
-6497
-12689;5911;4375
12869;-3927;-7128;16972
-9395;12934;-14135
-2755;-11939
-4498;10267;13020
-11672;-14760;9196;4429;-16704;-9760
-10629;-6966;-12540;7245
-7499;5087
5475;-2100;11325
-14594;16184;16666;4636
17761;9228
3635;12852;8040;-3098;8426;13518
-14704
-15203;-14212;6087;2649;-12906;-17984
6514
-11273;-7530
-3612;14222
-2420
-2421
9378;-9079;5835;-12655
-147;12237;-1472
-6577;-9473;-14453;3158;-3662;16286
-7703;-3047;6231;-13116;-17567
5089;-10579;-8117;-12906;13530;-14029
13969;2293;13702;17881;2508;-15150
-2343;4780
-10726;-14183;-16312;-7896;12233;1678
1585;6726;-5706;-2186;11562;15036
5216;8624;6898;-7252;13534
-14733
-14744
6551
2676;-5132
15331;15797
10816;580;18117;16965;16534;13176
-4039;-14809
-2468
8162;-14727
18417;-875;-8492;-16416;799
17392;-9378;-15636;2083;8644;15749
-12084;-11797;-12502;826;8779;12015
10547;-3973
5200;-17059;-15198
554;-17741;-10302;-3664
977;6422;9734;1736
-14777
6586
-18394;15900
5803;10188;2893
-11834;-17482;14525
-2513
-7201;-13766;-14317
-8873;-18220
11810;-6006;5336;-8827;204
1538;6394;15070
11217;-8695
4160;-17273;4954;-14846
11330;-1817;-2892
14384;-14994;-15385;18024;507
11440;-18177;12226;11252;-1917
-17954;2082;-14028;-5406
7570;18212;-10949
11570;10280;1416;-14842;4061;2351
963;3252;6613;6266;-12878;-6767
1744;-4301
-7604;11558;-14704
5937;-10580;6407;5975;10776;12715
-1910;16294;7655;-11289
1233;2979;11252;7208;8559
-7818;10377
-244;15092
10753
6567;-9133
5492;5222;16374;17271;-5145;218
15217;-4547;9427;791;-1548;11900
-14332;7663
-2851;17716
-15782;-3405;-7968
-17539;-3235;-6020;-14571;-1131;3052
13537;-2596;-4278;2230;1879
6952;16109
-6679
-4761;-6016
14872
14188;-3406
-16440;-6633
-2642;9333
-15185;4394
823;18159
6785;3890;4213
-11916;973;7789;18045
10797
-2741;-13095;11094;-16776;2527
5952;-12183;3623
4871;5176;-16752
13299;17351;-6635;-923
1665;12979;-15956;11955;-11115;15372
-6689;11577;-11600
-529;-16503;2124
16241;12725;17944;9849;1257;10143
-14914
1664;17685;3758
-18034;-9174
-6729
12485;-12119;6567;-17760
14738;-8008
6730
17505;-10262;13063;3530;-2427;-2382
2769;9634;-1567
-1585;15657;-16717
17057;-6962;-16838
-9379;-6019;13700;12972;3660
-1323;-17709
11697;-16804;-6805;9261
14102;4968;-2079;6142
14943
-5779;11427;-10918;2614
18113;15639;5771
2966;-11242;-3322;-12299;-7725;-11998
10615;15368;-16795;-11949;13614
-2312;9579;-8670;-5358
-14003;-6391;9670;-14136;-18398;-16751
-2669
-12417;-10438;7386;11611;6495;16415
14352;-7189;8036;-9064;8825
-6771
3922;-6388;1430;-6232;9946
-18169;5018;-5916
7361;5477;2134
3153;8484;1527;-9562;-18303;7919
-13590;715;1996
3941;12871;-10030
15634;-2966;-8359;6744;-13518;-8416
11810;5907;-15577;-13021
-14979
7158;12620;-17088
17585;9683
3744;-18179;5690;-18347;8014
5187;-9048;8410;-10317;-13310
9525;-12220
-6791
16944;-6265;-3885
-14988
-772;-18314
1092;13751;-5672;14715;-704
-7265;9971
2707
-7473;16577;-7290;-1309;9374;1023
-2631;-4631;3142;-4751;6159
2715
6081;-8798
-8169;2056;12525;-3695
-9908;-9502;-16080
-1009;15360;4035;-16533;-16229;-17020
-15137;8272;5302;-4828;9119
-17878;11050
-1668;1031;15659;-3468;-14286
6513;4411
-1441;6000;-11392
13762;-4595;-1283;8794;6538
-10146;9203;5624;-11515
6836
-487;3228
2608;5760;-184;8457;-1611
-12547;-7460;11783;8103;-10830;8206
2931;6211;1795
16803;-1766
-10949;-14651;-8047;14511
-5569;-16033;-11095;15418;3452;-1214
2306;7305;-16460
14422;17005
-12693;-2352
7600;11633;2009;11069;-13168
10113;15480;6777;-5034
14385;3617;2401;13747;1957;-12862
-2767
-16419;-10987;4158
-322;15378
-2820;17876
-6179;6856;574;17903
-2771
6867
10451;-6888;-12731;2299
16497;-55;-5690;-10140;-1135;-14543
9393;-16269
-7522;-7546
1108;9864
-10312;7529
-2785
-10762;13548
18339;-16391;-4735
-16769;17297;9510;17964;-12926
4056;-15340;303
1593;-12576
13200;128;-13622;-3705;-15177
5921;-10995;1848;-10267;10700
-6889
-14098;11345;-834;4817;10052;11993
-9505;-12058;14668
-15255;4423;10088;-2061
-10705;12611;-11494;8582;-9994
-12979;14678;11622;-5352;-10779
400;-13106;-18260;-14154;-6411;-16814
-12049;-14091;-13535
-13676;-1423
9459;-13445;-1063;632;-14221;-16941
11005
17825;17756
9488;11969;3784;-18236;-18013
-5153;-7832;-892;-9421
336;-16037;17876;645
2829
11022
-9556;2103;-1752;-15099;-654;9837
6412;-13342
2227;-14986;-14652
1904;-12942
11489;15692;-1934;-6016
-17236;11544;12280;4328;15532;-7216
7474;13849;939;17948;7614;-4016
15697;-3318;5350;-14586;11995
-17751;-11403;-9245;16061;15391
480;18117;-13051;17786
12038;3102
3952;-10901
8610;-6644;-4830
-1075;-3269;3785;-16507;-5532;-13037
2208;16305;-2293;13687;-2461
12066;5347;-2372;13014;-17514;523
11189;-18158
2873
7361;2874;-3308;16381;47
11394;-17621;-7544;15003;-8205
9732;12532;-2059;11340;-6397;-5888
-13273;6299
-6974
14531;3011;-2581;-9820;4317;17999
-6984
15171;7123;9479;11816;-3835
-15183
11086
6991
1498;-8492
-15111;18008
-1271;-6087;-15175;-4944
-7000
8068;8213;8478;-5791;-16063
5104;-1953;17808;14717
-11102
1574;13623
-15199
15824;1732;-12071;11433;2012;4461
-11537;-5768;-3576;-5898;5354;2125
-13026;4130;-5459;5928;-10874
-4738;-15763;16130;-6021;745;6718
7379;84;7756
8004;8918;2394
-16135;-15707;12522
-7036
2946
-16244;9869;12365;13342
-5606;-16841;11305
-14900;4661;-5005
-8249;-14538;-650
1778;7043;16613;-2343;6525;18397
2993;12996;-11544;-14792;3063;-7964
-3889;17509;-14454;7880;9
-11153;16417;15269;15194
-1619;836;-9690;-17067
-3314;-15095;-8137;16796;-5503
-14945;10225;5288;6989;15887
13093;2159
8532;-14330;11406;1455
8151;14712;4969;-8480
1364;9796
-8276;915;16359;-6028
10333;4926
6257;1528;-3946;16910;-1391
-1010;12706;-3444;17236;-14319
-17323;8988;5356
-10169;17243
17297;10261
12289;-1108
-13993;6906
14754;-12723;-3684;-9531
14644;11188;-13766;-8250;11466
-4465;-17810;-12117;11784;7097;221
-4306;1828;8744;9023
-7100
3005
-1026;73;12156
11203
12403;4005;-16429;-15280
-2497;5104;3923;-4183;9642;-8973
7446;14247;-6383
-17928;2616
-4500;-3589;6932;-7990;-9658;-604
2725;16171;-383;-7503;12495
-17395;15699;-10727;5789;13758
17600;-16199;13917
2454;16294;-17673;6057
14147;1736;8108;7725
13186;-16236
-3057
7153
-13973;-2934;-8105;15833;16335
-4817;1873;-16564;9895;-18026
-11255
-18337;-10733;-6768
-5250;13825;7123;10503;9272;12653
7173
85;7880;16188;-4830;12125;12591
-15374
3893;-17688;-1579
3184;16287
1031;6873;7163;-18158
112;-1431;-14062
-5283;-5446;-7374;-5455;-13040;8927
9106;11939;-1567
4466;18086;-15466;-13499;-14750;18061
12160;979;4759;-11672;16669;17071
-10471;18014;15150;-15487
8036;9911;-7096;-11339;11791
11585;5029;16535;10315;-11680
6141;13359
-15406
2080;2645;4645;-6777;524
-10370;-611;12858;17627;12287
16882;6068;7495;-2749
3127
13621;-11687;13367;-5310;-6864
-3026;-6579;-3929;8731;12030
849;14324;250
11334
1057;10282
-11154;15506;-14630;-2459;-10894
-3151
-13372;2028
17780;-7285;-7526;17685;-17500
9830;9708
-12262;-4588;17500;-7903
13824;-4322;-11107;15971;2841;2334
7026;-9559;5350;-1273;9805
10240;16633;-8410;361;-16461;796
6369;-17721
11913;3535
-2325;-9766;-2232;12542;13135
11354
11355
10624;-17619;340;-7653;-5240
-10642;5221;7925;11253;8600;5384
-1317;7577;9193
-2577;1397;9850;-1405
15334;-2280;-16224
10022;1590;-8441
-14164;-4364;13308;-7775;5646;-12208
-11100;-12557
-3892;8342;-1017;-1194;8061;1071
-3543;-7065;-9290;12618
6723;-6586;-7418
-9762;-12579;2663;-11242;15657;-219
-16642;13447
-10466;14914;-4631;12410;1420;10029
9651;-2740;-3898;10794;1679
7040;6055;15241;14380;-10846
12948;6725;2598;-2477;12078
-15122;-8949;4485
-10723;14499;-3420;15135
14016;15232;-13747
3971;3877;7371;284
-15504
15508
13971;-11432;-872;4632;17230;8366
-8737;-10946;8214;9305;6889;-12045
12817;275;-17611;1294
-15519
5457;-12789
15526
10594;838
-7338
608;6733
1234;9579;-3471
-16755;9059;13860;-13510
7205;10440;1994
-13297;12082;17460;16022;16046
-11814;935;-16956
16901;4281;9246;1502
-1811;-10387;5015;-8366
15553
-13275;16542
-3269
5111;3096;13465;7231;-17440
-11466
-10709;7435
13169;3730;-5434
2338;-18054;-409;8751
-16802;8259;-7024
-563;-1930;-6462;-14816
8357;13368;-10238
3304
9411;-18087;9691;-12702;5917;-5728
15593
13085;2510
8384;-980
12328;-6523;17358;-11663
11503
12304;-16307;3108;16494
15057;5139;10723;14277;-925
9605;-3688;-4522;3913;13194;5291
-15613
15613
-10291;16521;9387
15620
-14785;-11299;16174;-9808
15623
9648;5476;-17110;-11048;-16746;5963
-14230;2698
-2436;-11669;-4439;10120;-10234;-9259
-8163;5332;-3751;15785;-14399;1854
-15634
2208;14247;-5018;105
3353
2436;17188;3832;10585;-6111
2497;-17067;14396;-7278
-7457
-4103;6153;-8362;-13438
16601;3870;-8912
-17889;-11531;7740;17276;11870
-3372
-17912;2251
-18371;-8308;-73;-1197
-4473;11944
3375
-15665
6758;3022;5759;127
7376;-4756;-13830;-16751
7483
7504;1411;13001;-14427
-3397
3396
-15650;15299;-11898;-15726
-4566;16159
-15841;-16402;12631;-16560
-5175;14743;18056;-6252;-1584
-3633;-11183;-13168
15616;14273;14486
-7905;13906;8115;3173;7798;-17576
8049;11827;1060;10423;8927
13236;14357;-2806;-13992;-17337;9965
16081;18274;18250;-4125
15331;-5735;-783;-16335
-11925;-12694;-10680;-13183
15280;-12852;-18182;7853;11327
9719;-17242
7523
14002;-8154;427;-2847
12072;15934
7074;10739;-14373
11638
-7041;-15970;12231;-9055
-729;-18379;-17117
9362;-2886;-1226;11594;-13388
-2193;-11394;-7060;11877;14566;5853
-15747
17187;-8999;442;4270;15135
11639;15981;16799
18306;-7337;4779
-15749
-11658
6524;9229
15201;-3798;10774;11192;-8479;-9136
-7566
-199;-7374
-6337;1618;2083;8854;-2736
-7582
17717;-6040
15170;-15604;3919
1248;-9748;-14679;3031;1961;2412
8049;9537;-518;6902
5212;-12800
-4545;15491;-14294;9706;9423
-11687
14772;-15335;-9162;3994;13323
8768;899;14318
13824;-2127
1360;2182;294;-7343
2488;-13083;4174;-1183
-15252;14757;12311;-15324
8130;-524
-6963;14569
9284;-2118;-10598;-12367
7608
1024;17153;-3992;5303;3719;-7406
-3514
11707
-13765;2055
3518
-11712
-17250;-12210;11586;-18414
17858;5812;-7862
16897;-8294;-987
12598;-4327;15690;4459;11821;-16239
-3526
-15025;15889;-15093;10728;-11596;-8910
-10325;6798
1813;4117;-15725;13326
-3953;4144;6848;-14668
-11716;-10
-3412;6451;9686;3047;2136;6106
11698;-5157;-18272
11650;14165;11991;7293;11693
7088;-12199;-2587;15339
-9638;7733;9931;-2542;14447
-4994;-3350;5480;-17070
-12273;-2610;-675;-10632;5832;-11866
-10051;-9415;-8215;7743
3560
-5057;-16244;13045;15912
2435;18070;-8750
17085;14623;-1312;10031
-5428;13397;1229;-1535
16432;8451;13652;15654;-5565
-4022;-5355;-17356;-13613;14956;9532
14135;17081;-8554;1390
16548;5049;-1099;-8732
-7688;-6250;18025;-510
4771;15811;262;7311
14144;18112
6389;17093;8858;12300;-3069;2975
4323;-2150;2246;-11640;6651;-11214
-7690
-17477;5690
-11788
-4082;-11606;476;6444;16463
-14567;14394;11964
14179;12892;-14223;10575;-6592;-944
4177;-14211;7795;3605;17484;5231
11794
-10042;17740
-16085;8383
13314;10771
-14977;-9109
8978;-8920;-8747;5643;-4669
15906
-12502;-11600
7720
3218;-17194;-9483;7739;7997
-3410;10098;17420
-14545;4851;-17288;17481;7470;-13888
1929;-9658
-3973;137;16330;650;-16781
7734
-12321;5538;308;-15086;-2560
9351;-10970;13067;-7804
-17108;10356;8997;13689
-6726;-17405
16112;11638;13741;3119
12416;11475;11171;-3477;8934
-10565;-3926;-7947;7742;-3375;14415
-3660
5649;3970;6818;11799
7409;-6445;15357;11919
-13174;-15912;17228
-2358;17062;-5082;6093;238
-13250;10275;-5860;12502
11860
3100;12862
-5537;-660;6467;15463;5191;11422
-5681;-17048;6716;47
15965
-18077;10303
7809;-12133;-12792;7050;-1806
-6132;6788;15942;5019;-1550
1840;729;12137;-11021
-6869;12773;15590;-5517
-17364;-6815
-2978;914;9074;-10870;-8031
-9316;14181;-13720;-6475;11197;-7759
-7800
-13602;7220;14839;15726
11897
-7673;12330;17883;-2447
-2035;-6932;9284;14184;17882
-9123;-15066;-11
-6362;-11212;6699;-9231
-5185;-1256;-14314;10474;6925;-4463
-14904;18327;4397
8659;-6694;-13864;15625
-3412;13669;-8488;-8794;-17183
410;-8237
-9634;16324;-11655;15016;-927;6895
-3733
-4419;1171;15175
-13777;12678;-1581;-17295;1887;10255
-16999;13259
-16387;-16406;12668
13859;8357;-1703;14790;4746;12846
14224;-17641;-16618;-4191
-5495;13340
-14305;6983;-11481;10954
7296;9993;-5343
15044;10456;8248;10972
16948;-5529;-3562
3829;-264;-9290;5387;-3424
13879;10365
-6961;-14597;8998;-16039;4344;12298
6274;-5940;572;-8767
-11249;-2026;-17390;6415
-11963
4533;3336
-7121;17745;12771;-17828;15326;-8928
-7883
-11979
-17527;615;-4617;9386;-5374;1439
11525;-17095;8617;748
3329;17330;-389;14919;17759
12740;421;-12952;15882
-13249;7542;17706
-5608;-6398
-8113;-14962;5107;-16920;10590
-8460;-15840
7915
16113
-16667;-13932;-1902
13427;10036;12548;6556;13101;-10880
3498;12621
-2113;20;-17336;9368;-15371;9308
453;-13254;11286;5355;-13678;-6288
-14273;-8838;-10855;9644
-16266;8395;4029
729;-16859
-12577;8932;-8390
-4530;-4566;-6044;-9184
-3783;-15063;-5336;-10155;7099;7006
-8993;18192;16355;7270;16079
3875;11813;-8999;15769;14158
13123;-7413;-15945;7416;14861
15696;11076;-14715
-17572;-6783
-12067
11015;5149
-849;14690;1685;-5303;-12168;18110
-16419;-7943
-675;-5944;1817;-17467;-10286
16560;-12871;16590
18116;-12199;10266
12088
-7993
12092
7410;-17604;-391;-9704
18386;10228;-14717;-5885
-14659;6635
4038;-7968
4645;7688;16174
-14260;-8;-4249;1147;9007;4431
-8031
16223
3940
-15138;225;-13607
-8050
9825;-10306;-4403;8837
12146
-5889;-14114;-12387;-7398;-17416
-1368;-14877
7301;9255;14667;-207;5710
-14854;-4550;134;17272;-3276;-10974
5797;2041;14538;-9198;-5119
-14278;-18359
8062
11040;-3436;15100;9934
14225;-4492;6507;13340;-13325
-385;-12982;5303
-5207;8411;8493;16846
-7960;16652;17948;-17519;7135
-4978;6645;5237;-10877
14051;6772;10902;13209
-3975
8338;16121
-9752;956;-7472
130;13555;-18343;-6970;14106;1502
-16739;-1652;3563;-8976;15727
16821;3543
-14279;-14283
12177
129;-17734;17191;-17080;-4121;13532
9686;4696;12414;-10512
13892;280;-10286;12399
16288
12872;12936;17529;-13195;-17948
14049;-4693;-2661;12472;17738;16253
597;-999;-16636;-12364;-7376
16533;7961
-12212
10256;-3778;-10564;63
-7447;3423
1280;2330;16798
12304;-6217;-9354;-6942;18333
4031
-15697;-17762;8947
-12195;-6116;-15095;696
-289;4739;-187;1259;-15581;-2173
10450;18041;2845;-14366;3455
-12240
12144;14964;9847;-10986;-17822
6819;13048;17004;-16432
12064;-12068;6308;12791;10567;7161
-4057
-6438;5370;-15278
6273;11253;1834;13371
4076
17957;8136;-14842;9209
-15353;15627;7900
4080
-7234;-7383;15852;-6222;13166
-18402;3218;11941;-2310;5225;-16045
-8758;567
