-8193
-10372;-2477;8751
-10147;-13428;-9195
1793;6402
13744;6802;2278;-9672;2600;12923
3201;13153;4148;2133;5111;-3161
8515;1978;-17708;-1309;-6414;14925
1384;-1369
-5490;10769;3875;11342
-16609;3058;12707;13515;-12094;-560
-10787;9859;-3190
6325;-2203
-9459;3304;-9324;-13230
4291;7413;-268;-2926;-270
5079;1049;-1981
8578;2274;1656;-14619;-5036;7199
15202;6916;-10470;4790
-14371;10220
-194;-14023;-8777;6552
-9858;6680;-2891;6127
16023;11079;-12780;12652;18142
14162;-9379;-12180;15539;-13592;9613
-4165
6914;3203;-5627;12749;7614;-8400
-4579;-14569;8234;15467;-17037;16654
-16262;-6791;-5696
-13461;5524;16309;16280
-16462
866;16707;2988
-16469
-16162;11335;4426;7147;-10927
8528;-251
13520;13975;13688;18429;17805;12782
11329;-7147
-8468;-15701;-2887;15240;-5919;17647
-14213;18398
-10344;10253
-16660;-15835;-365
-16477
-17381;-3194
14833;11653;-13610;-8122;10155;-15007
-2898;12916;-12005;-10400
2801;-16748;7755;-1229;-13165
6240;13584;14737;8642;-1395;15642
-17009;-1157;-9578;-9227
-3461;7669
-10274;14486
12400;-18307;-12185;-14795
-14995;1876;-14327;10941
-8180;10935;-6238;-13023
4672;15234;5790;3278;3919
14845;-14720
-9543;-344;-958;-8238;4670;14287
-12145;-12360;3896
-9766;-10845
-5538;8618;5244
-12424
-10102;-955;13435;18238
-4235
12737;6882;14407;521;-12940;-989
5925;2557;-12719
12032;-9189;-214;1756;-4528
143
16722;9427;12435;-18230;11595;-3133
-10883;-14120;12823;8843;10173;1502
3460;10665;-13979
17090;-18276;-3143;8120;-3643
-16997;-11824
-16534
5330;-2277;-13255;16695;1850
-15351;12905;2058;2539;-1999
-14114;-8966;-11641;-14587
15249;-15405
6256;-14893;8479
-10358;-9323;-5054
10868;-2186;-4428
4257;14327;412;18269;16143
324;1913;-5306;-1404;16925
17456;-15682;6582
-14518;-14969;14698;-5856
3185;5174
11153;-373;2247;-8761
-8364
9425;3747;14154;13805
14715;-2255
-16557
6216;-18282;-6926;-13630;-8512
-8401;16097;1348;13468;14525
-15060;14099;-7476;-5830;-13500;-1086
-18149;13847;8090;3498;-7101
-16572
8357;-13864;-13625;17358;-6607
7360;-1413;-10236
-7825;-4307;6582;5355
12484
-17065;-15901
10949;-10751
-4295
-14235;-2349
-16500;8490;-13629;957
6359;-16408;-11052;-7775
-7525;12793;7836;-13312
-12052;-4918;8405;10582;2301
16289;-9843;-11070;-16079
7958;-7736
-4319
850;-6084;-16597;3415;-5546;3258
14465;-17202;15746;13129;16697;14732
-8985;7547;1212
6657;-15142;-4030
11636;-7528;4315;13021;-736
-17713;-8196;-2618;4059;5116;-1360
-3553;1428;-6304
16546;10724;-13607;2959
-16197;12183;-4973;14796;14911
-8755;16931;69;-12553;8602;4138
3880;5772;12044;-5070
-594;-15994;8153
-11745;6899;-12698;-13631;14367;-16208
-4346
-9912;1465
9478;-14617;17689
15249;-11094;8742;11945
267
-2081;-12540;17948;17421
-7685;-2109;-2768
9233;-15462;11050;-12286;1502;6239
-4373
-2834;-1141;-6758;-5928
1154;3639;12299;11852;4108
-13511;15610;-5933;4125
-14984;13239;-3019;-11917
11040;16500;-2664
8504
16192;-11782
8210;-9556;9891;-11691;16762;-18028
-1299;-11306
-11841;-9078;8311
-7814;2343;13983
1248;11364
4426
-12621
-1757;10286
-12275;-16021;11334;-8296;-7612;12047
2834;-11373
16560;-2131;2743;4203;-12832
7520;2515;15797;15211;269
4064;-11324;-6287;1886;12015
-16533;-7062;8935;15016
644;6964;14534;2791
3442;7842;1001;2890;-6624
-17794;1049
16648;-5534;1535
-6257;-16981;-14218;-12062
9568;11279
1643;-14304
-10484;2390;-17255;8591
-15444;15820
16761
-3173;3528;8222
-387
-12551;17035
-18114;-14211;2596;10759;-5998
8583
-4738;14836;10774
5457;17809;11075;-7606;-18150
-14481;18306;275;17304;-8521;-202
10659;7560;13625;9514
-15393;16531;-7688;-5690;12639
-17490;-1666;6754;-14188;1614
8591
-16457;7914;8139
6641;5667;-16811
-6753;163;7220;-1145;12284;925
5536;-15430;14397
-11780;7749;-10077;-2686
-17251;-1237;8167;1323;318;4174
-5825;-16281;5311
-18257;10131;-5387;13099
413
5330;-11540;14294;4493;14846;-2432
-2676;17331;7654;2686
-6965;-8602;-13308;-12509
16562;12738;-5269;-5734;2607
5539;-7544;1580
-13395;4778
645;-7514;11390
-8179;15253;17546;8575
-16803;90;4718;7470
1859;-3735;3399;4028;3070
-3186;15804;18206;10574
-3060;2620
-7201;16210;-4474
1491;-10422;17563
-6981;17798;6008
-17397;-7670;-4967;3015;16457;15102
12735
1377;8243;953;-16906;10878
14967;-15418
18197;16470;-18013;8380
15536;-14744;-5359
14645;-5982
9744;7539;15957
-5875;11957;-2279;5929;15326
17109;-15355;-1503;-17119
16816;-17302
-5826;10418;-15013;-10150;-6844;-9936
5545;-18320
-3115;-8107;2331;-3886
-12933;-14966;15431;-9340;-3261
12780
4593
-978;-9094;18172;4924;-7533;-4992
-16885
-7955;-12851;13989;9148;4527;-15552
16497;3779;11001;18380
11570;5413;-14503;6218
-1377;-7346;-12267
-4098;6515;10996;-614
-2982;7063;-1018;10461;16190;11759
-14193;17795;-17269;-11423
16707;-14567;-12711;-2841;-3486
2624;52;1097;-8384
11592;-3739;-6955;-1228;17229
17744;12771;-9545;8221
-16905
-6497;-10409
7604;13433;-284;-14189;-11182
2481;-7428;2344;-18186;16170
-15137;4865;-16754;-17043;-1510
-9859;14479
-17524;606
12822
12449;12163;8691
-2296;-779;-3804;11516
-1446;18121;8443
656;2865;-10888;12011
8164;-11272;12205;4878;-5232
4551;-5112;-8186
5699;3054
504;-1067
11585;9732;-11912;16987;15134
10677;8758;9023;17167
6880;-2433;-11987;-17988;8838;3831
-4117;4326;-17165
-10370;10881;15714;-9286;1835
-4333;-14637;-2031;16319
-16972
-14723;9798;9611
8352;-2053;9702;9165
481;12398
-993;13877
-4693
-12885
2905;4062;18206
2400;2299
-4703
4703
14592;-5981;8381
8610;4778;-4588
5004;-13805
-9987;11876;-17033;-14138
-5797;-7101
905;13626;-1632
8804
1232;-12394;-18123
4147;-7659;-1726;1326;8623
-12021;3210
-4259;1026;-17869
5024;9412;17515;9631
-10101;10728
-12917
14376;10830
-15571;-4277;-11654;-376;18264;-3401
-2865;-10932;2757;6981;-8861
18115;-17484
5632;4754;-15981;-3231
-9153;4241;14657;11369
-13701;15124;18041;-16364;-13981;-18430
4529;7364;4392;-9913;12860;-10398
-8845
4749
15475;-12583;-1783;15930
-10115;13174;9886
-12657;-3283;-13112;12009
12849;-15955;16062
4764
-12960
-4722;-459;14047
17058
13938;13779;15943;16952;9694
18118;17518;1343;-11728
12357;-2134;-15354;18095
-8163;11578;-12286
4779
10304;4729;-2058
-10180;5044;12119;-8969;-1178;7947
-11255;-9914
-6173;6861
-1191;-11788
294;16781
-162;-5447;12506;-5756;3646
-4798
-14251;9451
6100;-1705;-5213;-3984
-356;-18132;7509;8568;6170;-3053
18308;-6392;14237;-13152
9316;9739;14427
8466;-3926;-10266;-7277
-129;14819;-15406
-3751;17384;8044;3614
-15124;-7544;12571;14909
17102
-723
1653;13862;-9576;-5214
-4822
4823
-7105;5456;5476;12794;12779
-729
-17116
-1782;13845;16617;8921
2737;2246;-395;-11262;5934
5456;6934;11065;4922;17419
12038;-5784;-10648;-4542
16240;-17954;-3362;9917
13620;15700;-6858;7644;7503
4842
6160;-5187;15333;-17577;-14298;16315
-749
-15923;5122;-3318;-6711;-400
-5570;-15662
4116;17060;-7881;-5435;-8971;5964
-3489;-14633;-5722;9307;-14895
-10871;10110
-12370;-10693;3269;-4537;-9200
17435;-12574
13055
-11969;-6900;13366;-10488;-9354
13155;4483;-9687;-11659;12668
13300;-1144;-73;-185;13450
16523;638
18370;-10307;5063;-794;-18412;10957
785
7248;6258;15720;14107;7246;3454
-11314;17713;7954;-8649;11275;16575
-8946;-7748;-7318;16311;2812
13462;-12665
16804;-11911
-8641;12978;13714;-17253
-5156;-10938;4569;-7195;5626
-12459;-11323;2494
5781;-876
7861;-16864
7602;-11110;16607
-13101
14254;15230
-36;-3781;-9447;-11688;-16827
12898;14375;-6153;-2347;14815
-11461;-5159;-8783
737;17489;11893;-13750;-11446
-3138;-6451;16195;-8981;11399
-17;6785;-12343;-3451
13126
-17876;-15877;5352;15273
14563;16550;-8263;-5976;-12457;-5259
13132
13074;-16038;-10280;4119;-634;14700
-12668;12475;16237;-16895
-4950
-8611;5314;2275;12805;1359
4951
4955
3472;-2280;1001;-11278;4127
-242;-5651;-11139;-8409
-9667;-17827;-6143
5702;-14764
-13845;4783
-14353;-10548;6438;-392;16153;-2268
12019;-13063;14205
-11489;-10978;5620;17726
10098;13698;7379;14760
-13170
2008;-5850;1787;-14188;-9215
9079
-17274
4448;10752;4547;-5704;-16298;-6829
17847;-12380;-7725;7246
-18265;5082
17314;-4566;552;3979
6402;15834;-15293;-11935
898
-4999
17072;14625;707;2267;16813;14957
13193
9264;-8595;9597;15215
4709;-18264;-11768;11994;14236
-13445;9462;4891
-1809;-15485
14441;4505;10635
-5010
-15204;10391;11912;267;14029
6688;10035;16968
17308;-12286
7228;-6302
10499;-6869;8407;3752;-14861
16545;8802;7061;-3430;-15835;12364
931
5028
-15281;-9347;-12984;-14649;-18304
6968;-6032
-17327
-7397;7908;12150;-12808;-13085
-10386;6982;13468;-13102;12174
18131;-518;9926;15166;-4896
14976;16690;-6596;16843
1104;-17523;-15396;13252;17608
10930;18067;8549;-16108
13204;-8823;-17628
-16035;16707;-11224;1400
14004;-8392;15832
773;-18123
1059;8307;-16967;6651;18013;4382
-968
17352
-15090;3176;-10683;-18156;-4220;-9244
13257
15729;-2706;-13996
14052;-2471;-839;12633;10062;-7888
-499;-12768
-3585;-11937;12274;-10021
984
1586;4454;-960
15865;1503
14672;3168;-12101;13213;-13871
4821;44;12510
9189
-10310;5213
-13290
1003
-14997;-2056;-16720
-1010
9202
-11219;-14368
13301
5536;-17490;-5447
5121
-13317
-2939;16255
-13281;1290;-12219;7322;-2045;-10768
17414
-14203;13162
2386;13955;1384;-5677;-11007
4006;-15962;-1375
13331
17430
13109;-16217;7132;-13264
948;-6093
-3670;12950;-14425
-13339
8260;13270
-2385;-14577;12279;3624
-13350
1616;2466;-3460;-6743;-952;12231
9908;-9065;14761;-17932;7486
9256
-9262
8592;16610;-10277;6937;-303
-3333;-4122;17849;5726;-2752
-17470
-1236;4567;9805;-12047
-5188
6880;16306;326;4007;-8825;6974
9291
-17443;5123;-1525;6679;4968;1097
-17485
14896;-3465;-6745;-9884
-2865;3721;11530;9196
-7891;-5848;3324;-15264
-10129;-5524;2260
12944;12739
5379;-4693;4568;-16717;12060;-9903
9957;15367;-4665;-1291;-9293;-8960
-1119
12353;-4307;-3722;13178
-17650;-3955
6656;1124;-5191;8617;-7867;10078
17514
-1132
-1153;14577
10912;-17014;14710;-7417;7804;12621
-17749;-14709;16631;73;-10891;-11359
9331
13493;-743;13687;-17468;12653
-3788;-1630;-15679;12143;-18000;-6960
-8546;-4340;17878;14122;-13871
-802;14568;-329
17533
17696;16223
-9345
-1426;10230;15686;12827;8893
18184;-13817;1962;-11583
17009;2390;-18238
1650;647;2792;16555
7746;-2916;-4101;-7239;7678
1025;4149;4858;-14031;-10175;15343
5255;12298
-11810;17779;14760;4988;-4064
-66;16948;-15705
2209;7162
11426;-9756;7403;17067;-4480
12564;5002
-5279
14012;-541
12817;-2616;3271
9379
-17583
-13274;-8842;8026;9372;18269;-4159
-17589
-17598
-13504
8052;2583;-9566;-2288
16102;-6687
5697;6970;10045;11279
-17609
5232;-6259;901;-13390
-13618;9713;-7819;8765;8286
-9425
-5961;7131;63
13522
-17621
-17939;1378;1258;-13773;11454
-17626
7816;13341;-16575;11487;-17312
-10946;-10779
14304;817;13513;-2811
2130;14467;-1749;-9499
-3172;5133;-7312
-9923;-3110;14299
1266
15824;-4882;10486;319
6578;-2692;430;-13776
-5365
4373;17878;7690
12704;2116;7477;-16344;-16027;-3484
-16611;9747;16712;15999
-15345;-57;-7339;17373
3872;4473;-2975
-13564
528;9446;-13993;-6954;-1599;7199
-17507;-11320;11165
-14578;15858
7720;2748;-5087
-8393;-17470
17569;-882;-7571;1044;7511
-12008;-9760
-2344;11823
-1169;-549;-10534;3767;-17065;-4410
15013;-13335;573;4174;-3472;2431
9025;7029;-3018;8733
-14466;12980;-17814;13321;-2908;7596
-3622;-4009;-3182;-10960
-9941;-6776;-17344
1292
-9487
11793;-18084;15780
-12886;-8894
5396
5398
6210;16198;-15546;10233;-10189;14879
-16171;-1520
-3301;-9325;-12718;-16927
5508;-10919
-13015;18428
-8449;-13346;10186;7916;-1869;-12142
-3506;10387;15268;-997;-15735
-17285;15961
-11540;4133;17613;15693
-3250;6517;-16880
-13614
14678;3033
17713
-16402;-11366;-12810;-4730;10251;9150
-9665;-7128;-17710;-3696
4182;-5519
-6201;17149;-12287
9413;-3975
-15185;17251;4547;5300;12584;1422
13632
-3569;-14163
10929;-14114;2084;-9545;-5417;6521
-13683;-11780;-8655
-17734
3204;-16843
-11891;-15013;-11958;-11642
306;-7427;12568
-15650;-17955;-1204;14279;6888
-12548;-4773;-17942;9768;3660
-37;11286;6118;11513;10622;15102
-14951;9498
-6532;-2517;-9944;-6665;12012
-17744
-14545;-17893;6854;-10744;7050;7436
17024;18433;15058;4099
-8915;-11828;2772;-16664;-1977;2476
-14449;-17143;-7944;9145;15401;16363
-13650;-14052;1742
-12164;14165;-11238;10621
13569;6178;12226;12179;-9999
13673
-6196;2008;-17551;16255
15457;-1782
1637;-5352;-844;14142
9785;7115;17263
5920;11861
-18343;-8503;-15516
-1510;-4486;15383;-3657;7961
11505;-10099
-3272;13977;15279
-9618;709;-7094;-1960;-16444;-16157
-1413
-1415
16994;-12423;-10090
14944;-3577;11096;-6844;1389;-11487
-12709;6566;-14904;-6380;17406;-11888
15905;1511;16781
14039;-12607
3394;-6518;15594;-13903
16472;-10942
-16801;-14825;13804
-16322;-17149;-8928
7017;-5579
-9395;-1891;-7351;10667;-9855
-17825
-1442
5841;8018;11934;-3872
-5544
13264;1399;-9118
7009;-16261;18300;-7597
-11428;-5093;17529;-10653
-13741
9273;-13290;9566
-5409;-16356;-8276;11077;-12988;-2270
18069;6054;-2188
-4779;10443;-13148;9101;16223
5344;3878;8619
-1460
9652
9654
16979;-8263;-6057;-18218;12731;-10925
1620;-15358;-2255;14527
5567
-1475
5491;4199;8168
16481;-11748;16454;8359;-12830;-11134
-11553;12598;8633
18035;-8853;6632;-11369;-10030
-1492
-15224;-14712;952;2911
3523;14361
17885
13797
-6616;-3087
4402;-8564;-2934;-8982;-18202
11812;8293;14175
-7127;9832;-8317
17853;-11359;11407
17716;-12102
720;1028;3871
-2028;-10781;14333
144;-16114;16650;-18188;-4511
4468;13454
9856;-10185;-13037;-462
7457;-14921;-14557
-1543
-3202;-5221;2777
1556
14873;-16432
-17495;3478;-3784;1175;8344;-13758
-8436;6876
-8052;2395
-7588;-5157;-10360;-4296;6538;-9371
-10773;1017
1985;15963
9760
-1569
-8391;-1371
-1570
-775;5641;-15083;11418;-16428;16798
-1811;362;-11437;-975
9772
-16086;-12232;5816;-7579;-15851;3391
-15014;-12695;-3161;7594;5308
15377;8296;7341;16109;11805
3376;597;13435;-8557;925
497;-16548;-13644;1548;-9503;3294
-10154;-4398;16141
10851;-12442
-14305;18083;1909
7185;17123;18330;-5163;-15404
16147;3732;4456;16778;17118;17087
-6739;9288;7241
9282;17811;-8452;2012;-14958
13584;309
-10454;-15736
-17998
1296;6754;2310;-9770;-6301
-14152;-12808;-15898;12491;8271
15521;13378;-6627;-12458
12256;-8963;-1671
3905;5345;-6499;-15956;10772;-15578
-1630
5726
18392;-12830;-15390
13928
-9838
14033;-4195
9841;15458;1556;11671;-12939;4735
15520;12209;-14741;-1545;-9791
5749
-6839;1181;7311
-9846
-11465;-14191;-12863
-9617;6897;8507;17820;14911
11287;9769;-10842;-8559
3782;-13961;-16875;-15566
-15014;17094;9783;8921;11676;-10320
-5327;-4528
10656;-4785;15106;-13510;-13227
-6699;16556
3062;-4888;3497
9136;13015
-13961
2320;-8089
6945;1938;-2854;17210;-13373
-18060
3079;14699;8477
16149;-9259;-4045;-16815
1952;9568;15491;17094;-9655
-1685
5601;15875;15571;-1221;16887;2220
4262;13591;14312;1514;17771;7582
-15492;16327;-10716
-3506;-7354;9167
-2778;-3210;11513;3756;8797
13985
16642;16391;1433
-8458;-4684;-9038
4568;-15116;-12765;9324
14433;-17911;17174;4906;2013;5662
12048;-9650;17155;10821
-13994
13994
-10981;-15402;-8093
13488;-12901;-10150;1933;-2270
-437;-5368
-1710
11415;-8360;-4252;523;-17614;-12095
8228;-1786;-8158;-16382
8626;3385;-730;3850;-17294;-7744
1696;15268;11220;4949;-2744
-2083;18103;-6217;17656;-909;-4350
15888;2217
15568;12241;17236;-11462;5005
-18109
-18307;-1108;13591
-2740;3492;5509;-12088
-8418;14247
-11815;13550
-10869;-13239;-6427;16511
-14819;795
-11115;7356;-14367
18082;-10133;17271;-106;-11084
12066;-1988;12407;1436;10591
16008;14413
-6801;1978;10669
-1751
18137
-6049;-12882;-3571;-2643;2909
-6676;-15562
12017;4350;18159
7393;-4627;-8948;-8388;16140;12477
-3649;-17073;-12999;-11160;15354;-17291
14050
-15683;-2952;8667
-18354;15827;-17672;-14351
13347;3526;7228;-5934
-13860;17541;-1609;-16505;4456
-9987
-17719;-14395;1644
-12244;8408;-5245;-13197
9504;7010;-15866;13439
-226;6485;4183;-7338;10985
9994
-2722;17410;-4198;14809;17468
-5349;-558
-5911
-2051;10395;-12365;5836
14201;12190
-11301;-4630;1822
-15633;-4785;-4994;-7411;14316;12589
8689;-10357;-16333;-414;-12079
17745;-2932;-680;8174
7570;6547
4864;16036;-12056;9370
-14121
16564;-18216;3487
3392;-14665;9436
-12444;6507
-18182;1720;10524
-9347;9381;6118;-215
-18227
5856;14577;8035;4758;3207;-10010
4977;17350
-10040
6937;16843;-13740
7539;10694
-10945;-916;521;-7482;4684
14141
5949
-16850;-10547;13254
13588;3653;5097
9715;-3673;-12878;-16846;17726
-8963;-12903;8776;5097;-10256
-583;12728;-3086;-10928
12562;-10692
5586;-16676;18036;7606;15992
9213;-15183
9687;3959;-3580
-12499;10164;-17367;9080;9913;-5262
-1715;-163
-16582;9622;13543;-4492;-14992;6927
-2145;5200;16157;6719;16911
-8725;14468;548;-313
3248;-12675;13959;17833
10078
-14177
2738;-9574;-12007;-780;-3244;4589
10087
-3554;7562;-5904
2464;8001;9434;14765
-15393;4402;14373;4501;-4599;-17471
10544;-15619;-2843;-16494;1581;447
-6679;-14205;-1502
16678;2442;-11836;15102
1664;3059;9140;4427
9109;-7899;-2411;9758;-14560
-1908
-10100
-2233;4142
3649;-1731;-14676;15654;-13786;-7406
18240;-12232
-6484;16599
-7185;7490;-5620;7785;-17355;8861
-10725;17125;5416;3580;15212
-5714;-8580;-10267;-17293;16332;-13279
15318;7497;-9757;9358
18321
9473;-6085;-13702;-8008
-14722;-3600
10131
-7011;-7926;3368;8746;1021;-12432
-10484;2214;-2425;188;-3727
12484;-14169;10649;1177
2910;11327
-5030;8423;-1439
-5682;647;3481;6956;-7358
14123;8315
5537;5846;2568;5597;2893
14251
8785;4818;1510;-10393;14360;-731
3333;-7735;12696;-8282;-10173
-7045;-4410;9482
-10165
12529;14022
-18362
-3398;-938;10410
1185;-10899;18327;14392;3550
11737;-6491;-14094;-17710
849;9061;-14314;-5771
18366
1983
-10865;11652;-14215;6014;-10960
14277
14279
-1251;-14682;-1597;-9038
-13571;17299;-5721
7009;5123;-14127
-10188
-1138;990;6239
-8134;4857;-11979;-13339;-14364
1998
-7681;9538;-9992;-2890;538;-7902
2823;17353;-9978
3046;-9914;3610;-2846
-737;7137;-5236;-9231;14175
483;-2280;-12505
14305
-2580;-12872;1145
12295;9352;-16171;4734
2675;-9592;-17209;-8329;9401;-11742
3989;14422
-8675;-13839
17120;5585;12885;-5127;9062;15756
17557;4956
14325
-16932;14889
-5720;-18137;-6858
-16289;-4241;14388
-259;-12772;-11493;1081;5690;15707
6816;-8594;-6681;-4315;-988;-16957
14334
6142
-8178;1828;205
12985;-843;4234;16732;-6478
12690;18037
-2057
-1938;-11912;-16880
-2059
10401;-1926;-10345;-11773;-15680;-9600
6838;8295;1422;-14496
14276;-8121
-13079;-7753;-14000
-11493;17655
-2449;5264;-3362;8645;-4765;15117
1217;-691;17015;13197
10260
14464;6656;13921;3337;16940
7842;11723;12236;11231
16467;-475;-8015;10479
-9907;9218;-8740;-838
11396;11158
6171
14769;-10388;-3947;11820;10700;-8589
-14374
-598;6781
6801;8375;9672;-2410;-14314;14444
-9769;-3837;17676;-6159
14378
2094
13817;-2300;-6158;13119
-11028;-152;-4683;-6716
-17505;-343;-635
-10292
-2642;12787;10873;11804;6141
14388
-15569;9200;7792;13137;-16662
15250;-712;17865;-3229;-6591
-4961;-9432
-14395
-17906;14482;-17540;-10039;-4043;-16221
516;-3013;17254;-8285;16926;-17183
6672;-3331;-17718;8158
-13315;-15782;2397
12371;7611;2621
2993;4999;-1642;-12734;-11006;-9311
6222
15424;13033;4377;-10236;17229;11455
722;-7542;8951
2309;16312;12185
14422
-14708;7453;3007;-3968;1983
-12834;1833;8283;-15805
15889;12657;-6055;7303;1837;11471
-11973;-5335;7083;-14013;1613
-15603;-14795;11869
6243
8640;-7106;1368;11534
17715;9427;13515;-9837
-1859;-17243;4682;15979;-7807
643;2278;-18327;13014;4968;15961
2754;3651;-155
9588;-14825;-15898;-1500
-2162
-12037;15412;10597;-18278;-5289;-763
7859;-2837;1240
-7106;-12131;6357;-17494;16824;-907
-12833;-3313;-5941;5494;-11466;9500
-16552;-4393;-14000
14464
10501;-11193;-5582
10371
4261;-3406;9517
2544;-8947;8596;-11769;-12908;3917
1536;8839
-10871;13095;9514;4731;-14285
-2066;16915;16007
17659;13199
7945;-14570;8814
6898;15801;-7278;-944
2148;456;-3693;-17487
3296;-9586
6185;12394
16261;-6967;8810;6574;-14288
17793;4659;-12795;735
-6298
-2579;-9029;10233;4907;-8686;11455
-14496
-7938;-2462
-14502;5893;-10007;-6232;3915;-1756
-14497
-14498
-14744;-12043
6934;12758;7102
5265;13491;16964;-15625;2235;-3727
-9077;-17801;-4014
2488;3689;11402;-12510;9439
14508
-627;-12740;-15876;-14541;-4973;-2623
6020;2469;14219
14519
7568;17488;-3670;-18218;7259
16922;-6493
5312;-11411;11432;5098
5716;18137;-11615;-4079;-14496
-6340
6339
-15025;12780
-2247
11553;-4677;5239;-17592;-14169;-15370
6343
-2248
-2619;-7822
-6865;-2194;12296;-2079;-3408
-17379;-13878;-4409;-5722;1370;-11387
10446
-10447
14402;142
-13603;-14534;-15446;12654
-13604;10245;1579;-12767
2261
-6359
4704;18036;-13239;10109;15422
5104;5355
3889;-14350
-17965;-13918;1213;-272
7622;15133
-3190;11481;-9482;9083;9438;-2767
-10472
-17317;1572;-2233;-687
-11731;-6935
6378
-13509;-3224;-16203;14268
-7937;13253;-15607;-15864;1693;-14687
-14732;4252
2288
8985;3642;10142
7473;-16114;-13090;-5589;13797;-13344
10386;-18023;18122
2294
6397
17602;-15818;3178;17387;-862;5391
-10194;-452;6151;2191
-14595
-13778;-15762;-9634
-16177;-2930;-6692;13908;9575
14407;-12092
-6416
-7125;18277;13895;6233;-8476
14995;4777;2956;-16303
13666;1403;11838
-10341;16233;4633
-14562;-9076;-4636;-13980;-9232
-17639;15303
11836;-3967;-8208;-10192
-2370;18034;-8021;2888
2339
-1732;-6453;-14638
-4932;15704;-238
-8293;-2245
4496;17686;8952;8077
-787;11828;1240;-9934
14637
-10568;12711;7547;-7341
5680;17151
7683;3012;-4264;-12879
7061;-16746;9146;2891
10544
-6453
-13763;-2360;-8617;17276;-11277
7280;13095;-3370;18121
12914;-15348;3783;-11903
14775;-4221
14653
7010;-9380
-7556;11637;1640;2812;2286;3839
-1281;-13378
-14708;-8246;12633;16794
-9764;11046;15100;10573
17201;9756
12404;5077;-14924;-3166;15278
10574
6881;-8786;-3738;14461;14046
9617;-6630;5991;9255;-5976;-9867
-15090;-6233;-2730;1182
14740;16213;1559;9879;-15101;7869
1303;-11007;7311
13232;-1170;9869;3374;5759
-3208;8827;-12110
12292;-10286;2461;-15055
800;1441;291;3349;-18026;14541
-5953;-8733
-12241;-17553;7604;15693
-14690
6498
15554;11428;-9414;5319
421;-9575;11065;16605;286
-10754;-17268;-11264
6568;-8986;5146;-4176;3871
14712
-306;6827
-18386;11862
16500;-7958;2551;-8666
-5105;-6177;-12581;951
5717;-5174;-11687;-9389;-2381
14853;2335;-14752
-2439
-14730
-12598;-7910;9867
-8869;11877;-491;-3980;-13277
-6552
11222;3478;-6119;-6126
-3681;4034;-12360;-344;16539;6459
-10652
1584;-9219;-10211;7910;-4814
9536;-2976
3281;-3433;6716
13168;10418;16517;-8333;18158;-10592
7828;13045;-5370;-12496;-13680
14772
11776;-14261
12880;7122;-17175;-7530;-251;-9821
2486
11553;14372;-1659;-6299;9418;16062
6850;-405;11108;442;4380;-11696
2489
-6967;10086;15756
-13395;8132;-14006;-2038;15400;16590
14782
13539;13942;3687
14787
-9113;-1583
-8753;-12740;6700
-5937;15617;-8259;-1417;-10701
5397;12166;-2768
-2613;-16279
-11137;5233;-4678;8309;1446;11531
4069;16998;10118
7331;-14281;9387;-13149;-7662;11759
12387;5335;600;11884;-14541;-18191
-3969;-962;-5858;14373;11231
7969;-13112;-10713;-6507;3451
-2532
11284;-185;15993;-2653;2670
-15572;13037
-15524;12989
5410;244;596;8378;-16974;-192
13409;4969;16927
10982;6374;17950
-14830
2542
16464;-5720;2362;2110;15999
11330;15790
9488;661;587
6642
-7767;-15260
18037;9285;3897
4080;4162;-15501;13903
9410;17719
4298;14639
17478;5084;16861
-5845;-14054;953
11204;-16743;-7735;11816;-1104
-7364;7027;-165;10790;9367;15674
-6660
12192;10852
6661
-18245;14216;-10829
2052;-1751;-11064;12447;-6544;-5904
-15026;-884;-843;-10397
6163;-13590;3446;12012;-11455;10095
10816;13984;-15770;-987;-2331;959
9029;10603;-672
-162;-9571;-3047;1111;-3641;4539
-8145;5747;4086;9083
-17688;-13342;-12510
2581
-9681;-996;217;3194;9853
5953;-15802;-5626;-3182;-8510
2591
-18177;15425;13893;-11993;-3498;-10538
-15162;-14923;7003
-9301;12454;12456;16396;-17501;-3711
6976;-6245;5429;-650;-8127
13060;6245;3608;12473
-1512;11130;-4142;-8096
14909
-12645;8645;17830;13610;16030;-16271
-5414;14869;3670;-1737;8601;-975
-14737;2452;-2011;3469
-5457;18166;-3723;-6351
14925
-275;-14540;2700;-2814
-2644
6067;2324;10639
10627;-13350;16040;-6570
-2655
-6752
6752
10855
-9507;-7684;-14277;-6406;-13943
-14993;8232
-16932;15321;-15853;-702;7309
-9589;-17286;-6376;11641;-6205;16957
5842;-16703
6764
18295;13050
-14242;-16101;-5959;1399;-7308;-9616
-16024;-10488;15642
7270;-11339;6747
-1058;-10458;11834;3644;6909
6490;4382
18352;15832;-4798;18350
10338;15801;1134;-15
-3906;14782
18000;-12755;-835;916;-8795;6154
-9573;-557;-17134
11121;-2073;-5438;1422;-15919
9664;5145;-3920
779;11695;10703
-884;-14326;-12111;8239
7329;14260;-2506
-6611;1476;16954;-9118
-10896
4066;-4470;8037;7434;-4892;-3375
-10899;-14805;-1577
-6754;-12213;-12412
-16290;147;-8757;-7013;-2040;14859
-6648;9358
10818;-8851;4439;11287;5642;-4236
-10033;-7581;-13774
15015
-6613;-11670;-14519;14457;2654;-7520
-5829;15652;4087;4665;541
10926
9040;-18328;10232;5887
-1074;-10998;-10871;13499;-17870
16183;7032;-12286
-401;-12545;9093;-5319;-1758
16818;8852;-13334;-1407
15829;3239;-505;-12460;17116
10433;-5826;10546;-166;12334
-11604;-12568;-13672;9500;9133;-8112
16067;-16953;-2844;-8477;-11022
4324;9734;-570;7487;2255
6114;14453;-1431
-5858;3690;-14139;-6927
-401;3681;9938;-7398;14776;-9647
-13857;-5291
15537;17897;-10190
-15655;-9831;7992;13067;12573;11007
-1521;-13747;-17819;363;-6911
9541;17807
-13106;17121;-14275;9539;-18332;-8300
14928;139
11842;-2471;4392;9498
294;4089;-15359
-12404;-10854;10106;2460;-8480
13552;5619
980;-2573;-6797;14701;16958
12800;-17988;7381;3989;16855;16616
83;12299;-9583
-15092
14033;9747;-17191;10762;5932
6263;638
2531;-17484;-16527
10547;8646
11232;-13554;4951;9544;-9360
4649;10553;16286
15108
-12708;13740;-16142
9217;6129;-10243;-11143;-15656;14778
15114
-6757;420;-7768;13959;-10873
7960;-122;-6701;-12158
14898;14947;1244;4509
-2870;9798
361;14762
4625;10037;7527;3624;1532;-12221
823;18398
2840
13153;15905;-14526;-17375
-5346;882;-16757;-16024;-2911;-11840
4056;-6906
9120;2144;6567;15945;11306;11020
-3580;-7468
-16897;7202;-2118;-18214;-6982;-10905
4230;3015;-18297
2873
16837;4613;-10384
-1301;8614;6202;1659
8672;-7138;-10036;-10772
-4483;13523;13271;12234;18028;11757
-8615;6281;17513
4018;10666;-6731;-10846
2833;-13918
14087;5191
9392;-5427;-1227;16541
-17795;-2275;790;16383
9927;-10408;11192;2670;18190
4168;-15261
11093
-16581;11509;-2651;16235;7964;6911
-7006
-7007
14995;589;3711
16233;-1325;-7901
8201;2907
-7202;-5171;7661;15822
-8321;-9634;5569;-15542;12715
3681;-4166;14567;17519
6416;-15685;16204;15964;15167;18111
-17571;16215;11879;-17550
-13057;-883;6051;3786;14652;16957
-2932
2807;-13020;-14016;4911
-2934
12419;-14277;-16886;17061;-1255
14753;-12805;-10970;-412;-18080
9874;17516;16509
12658;-12246;5224;-16768
16162;4455;14135;2186;-13518
-1990;13126
-4757;-18043;11662
7586;-6585;12588;-10640
-7066;4111
-2769;13337;-7914;2190;5806;-3599
17328;-1336;-13898;-5051
-18329;11275
9026;10316
-5626;-4956;17644
-11155;-4104
7474;-9991;-458
-4369;-9688;13159;14411;-16494
-5722;-11884;8030;-13888
-7971;532;-15062;-17990;-3456
14306;10747;-9470;1822;18351
2993;-5938;-8323;-12797;12189;-7504
15284
-4418;10209;11090;14789
-6051;-5367;-16157
9985;18117;11735;-9215;17438
-13874;-13347;18084;-10811;15854;-3008
-15296
-1671;17945;3118
-3281;1507;-13624;-8092
16992;-11400;13802
3012
11669;-759;1880;-8938;7354
-15761;1696;5602;-2745
14432;-7699;-7082;-7131;-11920
4017;-15538;12178;7706;-1248
13312;3144;-8284;-15517;14463
-2498;-12085;-13017
1104;-5;5333;16022;5145
-8341;917;6214;12428
9072;7938;9667;-1483;-4077;-5791
-7027;-2291;-10105
-15462;4357;-10359;-2057
-7142
7144
3152;-11944;-3080;-3468
13792;10562;-820
18115;-17829;-5918;16878
16481;-2021;-6827;-4572
-5075;12236
6080;-6579;3565
7415;-6969;-15803
16498;2484;12635;12381;12318
-1971;-10068;-11510
-3347;-12010
-7061;18329
4035;-18392;3086
-15367
-13366;7801;-9467;-15037;332;10269
-5953;15797;-13800;-15290;-397;16558
6432;-12936;-13017;9449;-4796;-12797
3392;7557;331
10676;16134;-14711;-15130;-8255
-13413;5990;232
-13995;-1390
-6691;5715;8175
18400;2901;5644;-15648
9938;-14293;3849;-8907;-8671;6783
731;-12032
-14933;-17175;10247;18232;-7674
9639;-2411;15083;-10173;-8879;8047
17600;-13561;9675;-16831
-898;-6872;14905;12366
-15407
456;9113;8828;-7086
13185;-15620;2788;-17513;8200;1742
-18002;-13748;-12334
-7226
-9683;-15801;-7789;9996;-8750;8415
15421
13881;-475;-3884;1804
18064;9350;-713;16360;13322
11957;-17654;-5017;-6586;-2220
-8497;9362;-11;14571
-1969;9204
-3141
4617;10813
4113;12595;-6852;-9833;-11359
10480;18263;-5117
-4453;15791
8016;13206;-9884
7245
-7246
-13634;-11694;-14687
-7247
16032;323;-11063;14250
6035;7108;-860;-11310;14478
-1970;-17234;-787;8823;-12478
11028;12620
3172
-7921;-2147;9335;-10633
9490;1875
-9108;10540;18125
18257;-2162;15365;-10504;10891
14752;16450;-10840;-11641;-16798;-11487
16452;-11079;9111;13271
-11523;-10951;7004
-13395;9352;5434;-4574
14448;13311
3183
8192;-11874;-2707;-891
-7280
7457;-2454;-15110;2826
-5362;15492;10037;12872;4457;2555
-4033;-13905;-17332;-3832;-4120;11358
14994;16869
-7681;4482
-1413;9621;-5452;16828
14288;17060;524
-8387;-11199
-3460;-7813;-4885;-5725;10477
16356;16103;-17256;16125;8750
-15361;-8020;16069
2901;-12519;-2281;15116
9009;-1384;16074
3429;-2203;-4447
-11621;-13271;9832;3961;-12604
11414
-7012;-12599
7323
-4275;4614;10393;-7502
15473;3237;-8857;15544;6507
15072;6216;-18048
8594;15044;-6171;14445
-14714;-1211;-15998
17296;-66;8586;14300
-18337;-17684
-1621;12423;13896;-1948;1483;15886
15545
14741;5768;3229
-11430;-10344;-8555;10746;-4159
-12679;18120;10110
-7367
-14386;3767;-18329;9291
-16008;447
-5123;1331;-15404;7726
-17506;6035
14502;5163
-6379;-5100
15575
3920;-1159;12814
8960;-5668
14305;3857;-259;2903;15255
-4215;18039;-17118
-12946;9128;11546;7854
-9604;6373;-6217;-6138
5267;16388;-10326;-3936
-6981;-5334;-2955;-3867;4027;-8672
4690;-11272;-2184;-6828
-7403
3306
-14849;-15241;-15739;-15579;-3341
-1431;15927;1101
15649;-13287;-17963
7409
6066;-1492;12778;4155;-9999
-5347;16644;-12681;6746;-2046
-12134;-13830;6778;3580
-12154;-15498;6476;5567
3321
-805;11862;3706;18222;-5088
-3921;-5141;-24;-6525
-10018;2913;17972;-5894;7093;7641
-9647;-7631;-6528
4386;11779;14952;-9082;18154
-15615
-10724;7396
15617
4309;3119
-14002;10667
11776;5833;3164;-13343
-15364;9959;-8220;-10191
10690;10451;-7525;-14119;6712;13513
-14104;-11563;18011;7419;11868;16284
-3203;-11429;-1061;9765;3030;10334
11551;-14896
-2050;5345;2819;-13557
15639
15640
7396;9559;-16504;-4186;9098;-2011
11466;-1773;18414;-16559
-29;-3328
-13283;-7206;-11913;-3725
1568;13139;-677;-18070;-16651;5037
5154;-5063;12359;11402
6357;1113
13283;-9029;8188;-4349;-4718
10816;1985;-14965;14517;5942;-14920
8149;7514
6289;17298;-13411;-3092;-1386;18157
-2660;-7510;2470;15174
385;-7074;-4315;-4670
18305;3507;-2455;-8712;-12314;9150
-9369;10777;-12172;-13103
-12737;2936;6779;-8558
17754;-6174
-15537;9238;2908
2310;310;-7801;16764
-9233;-6244;15931;15228
18004;-6758;-2218;-6219;4238;-14543
-16246;3224;-11021;-6558;-5214;7837
-1090;13602;-16391;8182;-17965;-6126
4240;9490;-8582;-1741
8052;196;-5878;1038
-11601
-12562;-13269;-3462;9499
12441;7354
-16803;-4677;5772
-1434;-2826;-13003;-14830
-8455;17591;5786;-11501
657;18067;11045;-794;-7295;14511
-1749;-9867
14292;6453;-7255;-11275;-13838
-3432
3432
10272;-9526;17637;13175;12839;12284
-8082;-15513;16060
-15569;-5089;241;-13336;-15628;-3214
-1202;8745
11138;17268;13433;14862
8593;-14120;-2024
11409;9842;-7927;-16784
15175;573
-3698;-17892;234;-8652;-17182;-5423
-15751
7122;-17525;-6678;4262;-1754;-13470
3852;-384
15756
-10844;7372
11286;-14039;11832;14025;17231
-12977;-8018;9327
-12646;-10712;-13369;-3948;494;8031
8470;-896
-17362;-6196;6469;1320
-3482
-2674;1074;-838;10022
6304;4177;18339;-6990;14431
3605;-3222;504;-8715;6477;17135
-6835;11043;1319;151;17021;1279
14450;-1861;-17448;16553;1373;-1376
-5557;5300;-15532
-6467;100;-2781;1965;-12703
7598
3158;11047;8039;8443;17871
-1375;-14416
9568;-7026;5588;3565
14624;-1913;10524;4846
-10401;-6514;14996;-4360;-13614
-14133;8233;-16669;-4384;-9328
15718;15574;-7296
-12611;14243;15395;10764;446;-8336
57;-15868
6505;-14126
692;5782;12701;-7055;3695
-13090;16006;-14637
8755;3044;-8876;-16703;-10240
-12614;-4410;956;4125;-16175
-14289;10841;-12383
-15943;4426;-14732;-1870
-6394;-17629
-14147;14101;-10172;-17903
13730;5682;15941;-987;4219;18207
15271;-5115;1581
5804;18221
-15837
4595;-11492;805;12863;-10320
-11915;173
15841
15842
-6261;-16647;-13418
7655
-3561
-4674;13709;2719
-8049;-12577;-5795;-7798;-6208
7664
3568
-11762
11920;-8417;14194;-5936
-17671;5513;-14075;-1917
-577;12345
8616;16600;-5098;-12443
-16405;8729
11443;-11669;-11549
-11602;6742;-10264;8088;3452
3985;-473;-14302;4045;14430
-3732;11417
-10005;5975;-1802;17995;-4477
-8467;-7032;-17039;-12015
3596
5122;9539;11049;15194;15722;16605
-11364;7764
-611;-14522;3338
-12056;-16508;-3712
1864;-7386;8955;14812;-6448
-12710;6971;-14254
10634;-16283;-1740;-8509
-1985;-13995;-12812;10190;6799
1156;3461;-13176;-14140;10894
9760;13969;4459
-17553;9840
-4933;-14124;11342
7109;-12743;1212;1068;9054;-13424
16997;-3290;-12474;10588
18065;3667;14487;-4204;15389;-11007
-12689;12007;8409
-17490;5955;3907;8036;-16330
-14290;4982;-5079;-13568;-4352
-13461;-10655
11650;7065;12555;-3056
17799;2223
-3641
-17990;-18423
14288;-1843;-246;23;4378;-4763
8226;-18213;-12358;9845;551;8303
8121;13434;-6363;10971;8893;9550
-13811;-9972;1892;-6332
4629;3114
17201;13634;9901;-639;-11871
-7652;-16128;12447;7679
-3661
15844;108
2113;-11254;-7417;12892
11441;12341;-1318;5445;16716
-16739;-5494;10373
-1586;-6658;11912
6209;-13944;-13867;17932
-5494;6667;-5679;5535;-16992
-3703;-8090;-75
-4354;-17573;10923;173;18414;-3903
13578;4635;-10431
-18386;2788;-17751;12136;-18220;11167
-7786
7788
-10547;-5436
11552;8707;-9108;8927
3874;-1348;-10101;-4827;-9039;17743
9473;-17591;15912
-4185;-17819;-12687;14606
-15131;-13147
15990
-4035;2994;-8469;12309;907
787;-4494
-7804
-15829;-4266
14052;-359;-12840;11291;-240
-16002
-11956;-12271;13854;-17920
1990;-5710
3720
-6722;6882;-7979
16018
-15793;2561;6082;12933;936;-2986
-17986;11219;8725;-3548;9420
18192;-8113;6100;12136
-8581;-6075;-1373
-5075;-6804;-54
3747
6336;12064;-8360;10092
-17274;-205;-14942
-12566;10197;6730;-12208
-7714;-3125;151;-8265;-7867;6684
-14834;17732;-3035;-4462;12446
2001;4612;-14062;-400
-3759
3632;1107;-15485;-9407
-18036;-10698;-7804
-4145;-8405;8791;-252;-7951
-7866
4369;1625;-12477;14350
-3601;16768;2770;-10086;935;9278
-14028;17805
-15553;-4610
-17557;-6759;4087;-16318
-12888;16957;17149;-13343
-12485;-4536;5720;3421
8492;2285;5295
-10961;17346;-7653;-5658;-9147
-11057;16913;17685;14616;-14543;17039
15507;-13193;12651;17499
-8849;-14073;9656;13338;-14539;-5711
-11178;-811
12420;-2681;2761;8987;2799
1376;10454;2279;-5145;3035
-11235;15053
-16110
9591;-505;-2797;-14208
-15348;-964;4918;-623
-3489;7317
4992;13972;-7756;5691;-9645;-3423
-12739;-8516;-6741;-14571;1870
4861;2909;16543
6674;18213;-2905;6430
16384;7967;16351
7936
977;3477;7579
-10532;-12308;-18073;3978;-3772
-4371;-11764
7943
-17897;-7273;7129;-12013;10876;-1054
2736;7522;17124;-9878;-7542;2079
12044
480;11566
-13062;16919
15750;3096;17784
-12056
-4070;1082;-880
-16157
13201;17128;-1884
12848;-3973;-8550;1223;-13980;-3726
-6467;4195;-17901;14061;-1855
-8338;12151;12346
-10851;5539;15896;4554;5694;-576
7572;10742;17143;-12650;9738
10316;-18031;-8448
-14289;14784;-10737;6629;17757;18414
-7985
-5981;16124;-2158
-16085;-4297;14989;1503
-17960;11369;-11995;-1501;-4286
-4705;11456;152;-10796
-145;-17000;-7229
12089
-5778;13772
-4066;6818;5284;12361;3982
12864;-17299;-13547;-2795;491
-18195;-10285
-10773;-9471;-16431
880;1785;1242
5412;-17512
506;3406
-5429;-10107;-8861
-12109
13606;-5592
5509;4604;14285
-14674;-15154;5714;2453;15275;-5725
-11420;15339
-3921
3932
-9457;1921;-2285;14957;15182
3220;-14134;10043;14523;6670
4488;4410;-14254;17486
-10599;9660;17948;-4878
-13619;17347;12664;12123
-17729;-11829;-2172;5341;-10319
5521;-17892;12693;-11512;-17327
12132
-13540;-12469;-1262;-5343
-3943
8043
16261;16358
12140
-16241
-3956
-7402;-10845;-1326;11519
2065;6759;15613
-3281;-4099;10294;-6875
17769;17995;7644;5053;18431;6703
-3797;7384;8570
-6888;2173;6847;1839
3123;-7096
16596;-6888;6315;2287;18431
-16262
-12167
6481;13877
-3939;6324;17981
-7858;-11491;8644;7765;-14201;-7324
10144;-12761;-8666;-17963;2299;10671
15842;-7757
-15827;12549;-7846;18197;6249;15244
11554;3956;6132;-1264
15296;-11491;15774;-15584
-16194;-7749;-9336;16477;-7679
12198
2820;15862;10938;-1037
16081;-10756;-1031;12889;3210
16656;12884;9767;-5067;12156;-9615
10643;-16280;-4764;-1805
6295;5917
-9414;-999;10872;3564
2176;1848
742;-5498;698;-3311;3343
7184;-10305;-4481;-5011;16357;8474
-2777;-4763;-16140;-9501;-11808
13152;14724;9061;-18150;5721
-1906;16884;13700;13657;-17822
2297;18122
-1874;-1668;-135;-15432;5719;1160
-12231
-9970;-2517;-2246;17701;17467
-16344
-8292;16445
7872;-10498;2840;-10414;6142
7747;4855;10537;-12827;1166;4879
9507;2759
3314;-963;14884;13444;-1626;3694
-15414;966;-10120;-14457;-6011
6097;-10174
16019;1892;-12405;14955
4675;11700;16087;-15932;8031
14128;14288;-7950
7040;-9222;14982;2536;7496;-14654
-4083
-12279
-8184
6656;-10034;15657
-4089
609;16453;11319;17338;-17164;16494
-12284
5058;16551;-650;-16461;3693
