1960;-26;15610;15915;15693
11520;769
-82;6628;-4806;-10104;-3928
-17281;-6821;-16376;16570;-672
-12293
11137;-16836;11667;-60;-14111
11010;-8020;-10236;-9150
16722;-1524;5293
-9381;5273
6144;1298;-6487;14552;16218;17438
3990;16506
-12306
7538;260;413
24
32
-16421
4371;12980;-17749;441
11192;-14826;-16890
-15932;3599
10486;-2250;-8284
8368;13331;-7016;1753
-1973;12632;17337;7450;5567
6492;1773;-15
13154;-17718;10922;7438;2654
-13489;8929;18018;-12168;15162
-9700;-2215;9852;11676;15661;3471
-4171
-4003;17846;6971;1421;-18064
13285;-11080;8890;13802;7083;-3229
11984;-4499;13079
-961;-2818;7057;-3562;-7995
-13364;13331;-14023;10487;-14507;-6590
15940;11317;-14878
7859;2119;-5790
-6403;16068;-9759
2961;17873;6194;-6533;12839;-16857
-1806;8829;9454
8624;-4705;-563;-7012;-4631
1584;-3859;883;-17302;-490;10894
100
-16490
16676;-9706;6363;-11344;-14384
-7874;7766
5639;18427;-8269;703
13216;18263;-9483;10891
5009;4931;-5721
13445;2587;-7710
8870;11743
12427
13920;-1222;-10871;13738;-8365;1132
11792;12195;5366;-3801;11455
-15701;-3870;-9247
4241
11010;-15255
13091;-8847
16740;-14024;1532
-4250
4243;16395
-2071;9191;-12843;11212;974;5983
3649;-1878;-5818;-11470;7565;-8592
8351
-706;7651;10522;-17308
-9953;-5857;-4831
2600;5757
-15746;-373;-2710;13307;2059;3629
-5;6457;-3196;13294
11350;6952;-12411;-16219;-174;6238
2320;1719;-8303
-2475;-2351;-11728
17974;-3883;3805;-1343
-9217;4006;8230;-441;-12953;6108
4757;-17094;3974
175
7857;13604;-11595;-7533;-6607
10312;-9337;3308
6592;15602;-5613
4935;-8686;16237
-5993;5790
-5170;-16626;-7555;6886;-14120;3614
4300
5890;-14564;13927;-3049;-1085;-9518
2065;9587;-11045;603;-1421
-16597
-324;-13397;-5548;2671
484;14041;-5308;-2030;-2174;-4800
-3354;11759
13530;7003;-3935
-11826;11907;-14650;-6268;8333
12592;10722;14490;988;-14829;17213
11392;13890;-11028;-4730;-15631;-2303
14912;-13506;309;2601
-4646;16437;11771;-13358;-16895;11007
9276;-4959
11573;13015;-3885
1121;17591;6425;-11851;235;-1006
7691;637;-8558
14611;-7990;-6904;11799;-5851;-5436
7991;-15532;15963
5456;-1129
234
-16824;12490
-12324;-4300
4368;-2001;16289;12857;17145;-3357
-13609;12297;-747;-3884;10287
-8584;3944;8986
-17498;17247
13475;2245;8472;6378;-5744
-13511;584;7305;9675;-12765;8460
-8445
-4350
-16644
12549
-16471;-9901;5630
4358
17264;-4677;6420;-17816;-13949;4301
-5589;11786;11546;-14092;-8015
12817;-981;-15031;9323;13661;5054
-16378;-8267;-15612;-13261
14055;8087;-1322;12218
1443;-1173
-7969;-9941;7178;1757;13342
-13575;-12939;1662
-17509;8308;2251;-13806
12564
4544;-18083;8459;13550
-7010;12963;-14997;7701;-15321
282
4379
-11778;10817;17736;14377;-13770;-4811
283
-10961;-12887;8807;-18012
12573
784;-10374;-10534;6872;-15418;-16672
9991;-5608
17281;-10156;9548
12978;-12687
18272;5586;-14364;4076;-990
6595;-4586;-3213;909
3845;4216;-2217;-16617;2508;-16608
-4964;171;-7792
2113;-12279;15512;-13836
-17826;-5974;5063;15132;8557;-4655
1862;330;16459;-10157
-5345;4756;6024;-14731;-15583
-4545;6994;-16116;7460;13159;-11352
7872;12066;8115;-5689;-7098;9613
8768;-4366
-5377;5067
3537;4869;-11292;-4511;2991
-4293;12796
-8505
4196;-1575;-17209;16696;-2426
2482;-7927;-11324;-12221
-4514;5477;-6151;6104;11401;-7903
-13924;15397;-4412;4061;12845;-9551
-9816;18328
-10069;9188;5976;11612
-3233;-6003;8911
-14241;5153;69;1365;-4634;11961
10496;16961;8261;-13230;1966;-3647
8521
-17236;4616
-5619;16675;6472;17865;10938;-13231
16720
2411;-2751
13267;-4185;11499;-11694;7838
-582;13212
11555;-6613;4502;-7131;6221
8092;12732
4440
-11906;-8632;-12576
3920;9285;6567;1054
-16502;14918;-2506;3323;-3677
-1956;4871;-13371;-11213;831
18320;-12167;8007;-2584;-7117
11578;-5837;11007
-16529;17123;-3639;-17420;-12670
10865;17059;-7755;11595;-1053;6525
-4660;15242;15597;-6031;-15680
-16758
5733;14536;-3098;14266;364;-15040
-17;8981;-6154;-17487;15054
-1109;-11557
-17629;-3231
14994;-8645;-13511;-3932;-9772
-5239;17912
-15237;9638;-2987
11488;2675;-4824;-3228;11213;3551
-2801;-10385;17677
6000;6690
-12691
-8692;17716;-1386;-2283;3243
9458;-9866
-1413;-12921;-2458
6400;9188;-16248;1070
-11221;-7563;-6204
-13989;-2812
99;-10296;-2508
-8632;4731;8413
-11742;16254
-5489;5777;131
-8747;-9884;-14557
8720;5697;-14839
-6353;-3042;7018;-17550;-17359
16806
-14850;11635;14933;-11292
13849;-5228
10995;-14199;-5418
-16807;18234;7198
-2961;-5026;8209;11130;-17373;-6702
-3809;-12804;-8277;6633;5533
438
9312;-15553;-7345;3384;-14814
6802;5046;-17160;4251;-1372;2877
-17897;6652;-17872
-17393;11765;1814;-6632;11501;3487
-3010;13761;-15189;17176
13233;10357;5225;-13259;-8843;-15357
1650;16116;15455
10036;6121;8505;-13082;9354
-10579;-13992;13594;907;10524
-5203;16181;-15532
12949;-14265;5870
-1474;-10500;-3671;-9947;16938
17764;-15670;-6074;4446
-14529;-51;-14565
13745;9457;-7895;5645
4568
-9442;9914
12502;263
-17398;16911
16870
13073;-14196;-11658
-17538;15926;-1672;16747;7515
15178;5802
-502
-6579;-6213
-12793
6241;-17058;10131;5287
-2708;4883;-16663;-13832;-9272;8412
11776;-8197;9013;-12614;4632
16899
8709
-8372;-15303;5159;-10459;-16620;12302
16727;-12105
-9282;-675;-12053;-15381
-165;-12808;-9529;11816;10158
6321;13075;11525;15766;-7146;1948
-2429;1567;5487
-16915
-8017;-9490;9666;-1850;8778;381
-533
8195;-12827
-3249;12645;-13898;18346;-3966;-14510
-10220;-6702
9812;-5158;16838;-16519;-11342;15101
9186;-10260;-15063;-5832;-3150
1893;-4363;-476;-1406;-13438;17246
7765;18422;14215;14539;-9341
-754;-7983
9648;11120;-10917;17509;-1118;2974
3874;13142;17846;16681;2250
1610;-2894;-7455
1937;5448;1356
16939
-8749
-16941
14158;15070
-8758
-11154;-10434;-9458;14519;11976;13308
-4241;17096
10000;6955
8763
6023;-13048;10168;1994;11564;255
-4610;14918;-17721;-5455
16963
-12962;-1032;-15258
-6227;-12979;7463;2584;9742
-1585;12579;15786;-8542;10574;8638
-9425;211;70;8555
-17105;-18354;5412;12518;2475;-18304
8784
12498;8677;-1819;-13564;5196;-15677
-18425;-10636;-205
-953;9739
12890
16579;-13364;-12011
-7403;2699
-14401;9989;17326;-12303
11601;-16312
-884;9692
14708;-14089
-1785;9627;7563;-5950;15741
-2066;-13732;5332;11288;362;-1807
3333;-14055;16871;-15145;8367
13689;-4895;-9807;-6128;2415
13011;-2679;2586
-7714;-18184;-5961;15837;11295
17017
12256;12066;13188;-12296
-15506;11873;2392;602
9188;3830;-17754
-4738
6816;-11801;13821
17029
-4743
17032
6016;-563;-709
-18434;5459;10612;-8;13896;-16271
-7388;-10604;5822;11519
7616;13603;16437;16486;11694;8542
16649;-7805
-8847
16288;14651;-6941;-15150
8247;4697
-8849
-4756
-9507;4750
1584;5159;-17262;-2766;-1248;9775
1826;12610;-10936;5307;11500;13134
7328;15026;10098;990
-4200;-16957
5570;11029;8918;16758;-639
11520;-12354;-9979;-6731;-3614
9360;17194;15085
-14035;-15318
-9145;8461
-6417;-7850;5421;8158
-18232;-7039
12982
8934;-14475;14428
4049;15337;18174
-3873;-13650;-395;-11692;-7952
-8891
-12991
-13795;8995
9492;-6297;-18042;8958;-15295
-14657;7939;7421
-2631;986;11339;-8988
17234;-8196;12148
1157;7742
-10738;6394;14604;6831
5233;14119;-14542
101;-8604;3692
8907
14416;-817;-8788
12833;16532;-12631;-17454
7603;13596
578;-13588
-2501;-10230;-12570
16613;-6428;8907;-10175
17745;-10403;8419;13540;-5704;13997
1348;-11736;-3454;14574
-11489;-7588;6295;-240
-13029
4836
-11091;-10132
6289;-6180;-213;-14512;11455;-9872
-738;-12068;7965
800;-2769;7621;-7308;909
-1555;7555;14985;-8685;17118
1924;2919
-9062;11591;-11182;7901
-16700;17454
5973;8981;11830;-13304;7756
11348;-13893;198;-1099;2492;-12096
-15381;-22;3322;-828;-8334
17233;-16642;-16724;-11897;-1405
-7593;16552
-11473;12242
-11829;5591;3912;13484;1902
12273;-1956;10936
-7441;6665
5971;9524;16036;15191;6936;365
-6498;-11542;17542;1864;-12026;11436
-12693;-10439;-15756;17630
8790;-12874;3293
-16708;-468
-5770;4972
-15809;-5350;-199;17706;-1246
-8340;-14412;17852
2226;-8149;14918
-10790;-2303
12194;6725;16190;2559
18432;-8546;-2375;17611;-7597;-16720
15186;-7721;-14735;6463
-3585;12583
9002
-15209;16026
10048;-3379;-17053;14189;-8719
3393;15747;7477;-12873;-9274;443
15610;5964;12029;4079
-13110
-830
50;13067
17213
-16643;-18195;3051;6379
-7860;-2539;1374
-11412;14985;8859;-7502
-835
16420;-10245;-4714;11662
-14994;1383;-10201;-5696
-10881;15272;-17516
-11169;-13284;-1119;158
17472;-16919;13849;-3100;-12142
10299;8076;-5247
17232
8743;9337;-17232
12137;-18316;-11056
-854
-13844;-7255;4791;-15930;-12683;-5086
-14657;-4067;6454;-4359;-15561;-17819
-149;-16310;13925;7486
13699;8740;-6431;-11056
9049
11075;-10151;-7451;15579
-6195;-6889;15756;6381
3347;12310;-10697
-17249
-3348;11737;12957
13155
-5185;18341
6435;6533;15829;-6536;8463;-9376
-15667;3033;4346;-12763;-16685
-13410;-16565;14805;1335;-11613
12839;-3775
17257
873
-13394;14222;12335
-9069
-2465;-10889;6106;13452;-5328
4136;8025;2078;3023
-9071
6921;-8171;-10796;11166
13170
-9972;-11749;-6540;-6414;5119
10501;10181;14854;6312
-13178
6915;-14020;-15512;1241
6500;-10389;9305;5609;-1936
8357;17722;-4699
10411;-16860;-18093;-5037
5601;-14700
4817;-5365;-9295;-15648
-11425;17489;-14466;10899;-12491;9070
-16329;14700;-7487
-4802;15892;-1258;-4077;-735
-8069;11365;-12408;-4104
9119
-11703;16729
-694;14813;15487
-2706;18002;-9236;-2052;-3072
-5138;1185;9238;4059;10348;14014
-12721;9746;11672;4536
4800;14370;-10771;3779;-11232
17378;-11427;-2555;-2447
-8167;13719;-4152;15933
-16945;13623;10825;16122;14190
-5537;-8305;1955;-10166;14726;2278
2918;1577;-14396;-6701;11551
957
1883;-17036;5998
-3731;12810;4172
-4610;-8644
16533;-15568
5064
-18065;10565;13126;-557
-10837;4164;-15446;-2503;7262
17062;14474;2651;3661
17161;-7982
-17376
7302;-1144;16650;10876;16463
-2359;-15962;13786;8348;13567
8498;14198;15165
-7297;-15490;-3687;-17754;-7612;13967
-1222;-16171
6561;1015;11548;-18111
-2344;3358
16947;-13909;-1979;-13886;7711
-1021
17597;-16576
2848;17923;8644;7579;17276
5120
-8194;-6613;-4441;14747;-9182;367
-9459;-17221;3463;13995
-16199;15559;14697;11549
3811;13604
-11158;5638;14918;-6363;14380
-10401;-15670;462
-16690;-11859;2940
-1034
405;-4521;16669;-11520
-13326
16929;8685
-5138
-12354;16130;-17108
17430
-17432
-3731;-7125;-7048;-3626
897;-1948
16274;9352
10819;15718;54;7228
12707;901;-8455
-17940;-4086;13767;15293;-8096
16625;8875;8331
-13526;-8026
5170
-6085;-7280
-4850;18217
-9273
-16531;7257
9252;15941;-3672;4427;-8479
-8481;-956;11774;18190;5135
-6019;5858;152;6456;-105;-7434
11649;15458;-18317;7740;-15439
-14354;13154;3066;15610
-15907;7322;13773
-10369;1890;17126;14489;-4763;-896
-662;8135;-11689;-11646;6574
5191
15139;-757;16637;15135
-205;-9088
-17908;-2484;2906
-9296
-8519;13403;4415
10663;-15868
-9303
-5736;-11759
624;-13656;-8188;17037;-17408
2981;5239;13372
-5210
-3251;2632;-14796;10204
11184;7137;-7337;-1179;15886
-4573;-14078;17535
2720;-3204;-17127;1738;-894;-735
18193;16098;-400
5222
9324
17519
-18261;-2294;7129
15600;15682;10116;7549;17725
-9332
6885;2182;10587;-17438;-7807;-11935
3249;-6280;16461
-15827;-16884;-14916;14760;-16826;-16986
16212;-663;-8268;7883;2365
-1697;-10180;-869;4564;-13448
13008;-10401;-5957;-6647;17243;-6096
9575;16969;-816
-17540
14497;-6983;-17900;5132
743;12702
-15399;-14055;-13479;9150;-144
16667;13165
-13377;6036;-6112
-17623;16457
-17554
-14280;217;12170;718
-8612;3341
-4833;-6534;-6192
-15032;-12159;17823
5271
-6706;-3415;8345;17021;10510
14992;17332;-4776;-9984
-17566
-9634;12230;-10776;-13336;12136
11600;13988;-8015
-4993;6182
-8177;-2584;-4747;7131;-1005
-7462;-3177;-16203;-4400;-6816
9379;120;-4207
259;13227
12420;5163
18146;2998;3974;-4295;-1881;-1359
-17;1220
-130;9526
13496
-11972;505;-16747;4573;1950
-12307;-309;-4120;-17244
13968;-7073;14799
17598
-6325;11637
-2130;849;14787
-2499;917;-10587;-15227;-4541;18430
1218
-16931;-13559;15414;14647;-5995;-2992
-5320
9217;14756;-8377;16428;-4991;-13520
-9422
-10763;6219;5775
-7490;8706;2979;-6132;-11584
9274;-14605
2562;-3798
-8118;18279;-2376;-13119
6946;12343;7321;16745;7932;-4990
17195;-11486;-10751;-5119;-7472
-10273;16099;-17462;-18234;15387;-3152
-10308;-4840;-6584
-12468;-6020;-9528;-5032;-5706;-15755
13550
-17997;8541
-16801;15744;13316;5388
9860;3480;10378;14411
-3254;13637;-7159;-12684
-5367
-1162;-12398
1380;-2653
-4418;15275;2703
-3522;-5943
13459;15988;6500;7220;3512;-16735
1408;-12402;-15799;7934;-15184
12017;-13589;9;-7904
5472;-10844
-5372
-17662
8530;13033;-16188
-9472
-2948;3651;15272;5785
1681;467;-7723;-3901
-12705;14768;-1601;-2099;17448;-10431
2551;-16125
-13575
-13959;3929;-1275;-17915;7452
-15524;8713;-2672
-10981;12583;-16829;10318;-831;4447
10386;-12228;-13477;12230;-11116;622
-2502;-5671;2664;-12525;15293;-6750
-1302
-13281;-15592;5801;11817;-3722;16285
13443;5092;-8103;18267;9486
-9223;425;16156;11005;-7295;2542
17974;6647;1279
4386;-1237;6367
-4613;-9003
1329
17393;821;1099;-17984
10624;10097;-17609;-16731
13618
5428
-8725;-10617;-5020;-13838
17921;-11459;-2373;8183;17579;-12127
-15123;13780
7600;-11102;-8991;13839
6689;-5335
13645
9555
15591;-1502;15950
-17618;-12422
-17759
-12129;-7819;2189
1376
17237;15813;5190
-12487;13865
-15929;11929;17353;-18189;-8832
-18309;169;-18426;-4605;2927
9242;3915;-9837;-4703
8210;8370;-12963;-4279;14334
-1392
10323;11550
-17409;-14579;-14508;4141
432;-183;13495;-4781;-3469
10146;15828
17057;4705;-675;10438;9832;13290
11777;-2173
15218;10678;-5113;16491;-17855;2479
369;-13890;4626;-13007
-3399;-10316
10835;-5815;103;-617;5113
5524
-7062;7048;-1739;-7868
-13924;-10741;3141;7804
-16423;-10184;5737;11245
-131;8179;18019;759;-13103
-17320;14219;12731
-2242;2824;-11947;9819;15275
-3710;17038;-3695
363;-14093
-5218;6420;-3368;-4682;7611;-14496
1347;4196
5425;-14438;13431;-14060
-14759;6970;12058;12506;-4140;9294
3744;-2294
9642
-8294;-8487;-16815;15759
14678;14972;16860
-15794;-11119;-3216
14768;7925;-13227;-10924
2642;12551;8955;1886
848;6609;15618;-10675;13635
7728;18016;4390
-6530;10179;4949;-10061
-10659;-10471;2534;748
17472;-5026;-6563;7235;1779;11147
48;3330;7524;17221;-6173
1492;11847;1032;2665;-7934;-10575
-13761
-16333;15116;4045;-12495
-18049;10785;-12387;-2809;-16861;-15406
10946;-5368
-6530;-1096;6491;14907
13889;14706;-10725
-9681
15568;-4644;10662;4478
-18385;-16993;17425;14979;1627;2846
-9954;8523;1867;-14829;2893;9997
9695
1731;7967
7104;4611;17414;9432;-14283;-10480
8420;-9931
241;-10051;55;13097;-12202;-9035
10376;-11888
-12580;-22;-8294;-1097
-4660;11060;12890;2703
-15973;-6889;15307;13164
17899
-7314;-16236;-14832
4580;1366;9991;-12637;10509
17090;-9191;15884;14605
-4627;7730;-13383;-7631
6967;-17786;11306;-2015
-15853;-12845;14879
18087;-7208;-12411
17536;5960;968;1053;16975
3811;10186;6893;-2974
14833;-16367
-16150;-12342;6478
-15208;5512;5597;-15775;-14431
11088;-10547;-7043;5621;-2285;4703
-3874;18242;-10980;-12468;17960;-3244
-1777;14066;4422;-17896;10074;-10431
-6740;12675;-6231;5935
-12872;-7915;16717;9709
-12665;-5264
11148;2685
3826;-141;-9327
9506;13394;9883;13419;-17357;5470
1473;-4837;5799;-14170;5417;-3423
6289;2786;11688;17354;303
-9721;-4858;15402;17119
-15863;3319;13948;8351
64;-13917
6290;9574;17191;-17690;11898;15262
-4053;-15061;9269;85
4132;-1623;456;12190;2111;4783
4514;-18378
-8916;18243;-10277;15269;4501;-9051
-14247;12668
-9109;5476;17866;-8558
-404;901;1083
10534;10262;7719;14698;1407;-10272
15235;-11109;17654;8745;-7418;3055
240;9778;-8872;9534;-14031;-2336
16320;3264;-7666;-17607
-2582;15141;-9815;-12377;15021;8494
7524;1269;1062;14076;-4797;15231
-5426;9352;-2650;-1150;-18112
2577;15410
5522;-12373;-18021;-12534;-13768;-7776
17827;519;3741
-1608
-8001;14896;8852;-9532;-7824
10362;11726
-1613
8082;-5475;-11364;12710;-14911;1151
4208;10739;-1039
18041;2813;13535
-15605;4789;1638;16138;-5339
7729;-14877;-2672
15008;-14898;-9250;4322;-12491;-8895
-11587;8228;12710;2953;13899
17811;-13845;4838;11594;18094
-8948;2564;-14998;-727
-9794;8164
-13315;819;-2278;-7048;-3144;-1244
-7909;-4037;-11911;-18217;-15803;-5198
9827
2580;-13305;-18365;14877;-11999
5731
3697;242;2073;7915
-4870;10605
8365;13759
5411;-3142;-3915
-4977;12209;2535;-1164;-2861
-9528;-4409
2032;-15970
-9843
4481;-3781;953
-15492;13837
-3809;-10139
10112;3523;13669;-11590;-14055
4849;5006
12315;13932
-5189;14042;-15147;16157
2325;-12791;10076;14350
-13298;3884;11900;1565;-18014
-5773
450;14039;24;4862;2783
-1686
-8073;16568;8267;1613;-8495
16833;-5954;4387;-2646;14590;-9136
6226;-12016
-14586;1372;14909
-4802;-4288;3295
6934;-3983;-8751
-1705
-14343;12374;11590;-1257;11674;-14238
4705;5716;4805;-120;11176
8753;3587;10;9836
-17345;6824;8814
18091
-481;14478
17456;2196;-4839;-11416;16313;2479
-2513;-7458;-517;4136;-14298;6651
9904
-5879;-4031
-14737;4825
-14017
4312;13801
-17969;8045
561;7010;-15671;9835
-14027
-5838
1741
17844;-12630;-5734;265;-13776
-14183;-15897;-18169;-5019;-5821
2741;661;6536
-7330;-15555;-13141;8789;16477;-7375
-5856
1760
11312;-13682;-16901;-18326;-1030
6592;-17057;16253;-7552
-9958
9665;-13234;7708;10060;16239
5237;-15196
961;8836;4772;-16958;4686;11758
8065;15650;-6293;-6504;-9148
17874;-4291;-12948;-6503
14061
18277;-807;-3975;11259;3915;-6416
5873
16002;6102;1341;-3087;14191
-9979
-14897;6514;-15351;-2632;4232;-4233
-902;-2680;-3336;-16427;-7120
-12242;-2980;-11748;17288;-2636;2333
17362;5714;1813;-2616
-13875;-18246;-14732
10260;-15991;6662;12426;13020
18160;-8195;8220
-18187
3808;14755;4138;17354;-1389
-2849;9763;-7991;10008;-7129
-15988;-8936;9320;8843;3662;1294
4993;-10103;11766;11912;12217;16075
9923;13396;-442;3503
14092
8291;-15038;4942
-279;-2409;-11408
5444;-3632
-5913
-10010
-2460;-7551
-5917
-10014
1713;-15747;5397;-14748;13469;3998
2480;1259;-17213;-4733
-12641;2050;12805;-2443;-5693
15127;-13865;2107;-7325;-6063
-18217
11941;11061;-5098;16665;-17535;1182
-15335;5517;-4304
-12405;-16551;6887;-9497;-16459;17519
11713;15894;17786;8319;-6816
8003;-10917;10838;6204
-917;-16695;-15322;-17578;3614
-5938
720;7329;16610;-11876;-10941
3992;18334
4746;14075;-16972
-10609;-15818
-6709;25;-11551
-12099;5827;12218
14128;-1794;9996
14142
14304;-4663;8604
14150
10058
-4546;-6554;1039
15825;-9860
7877;-10760;-3085
10064
16689;15910;6141
14167
-4497;-5873;16098;15619;-1900;-17566
8407;-5435;-10749;17854
-8083;16775;9579
16154;-18043
2325;5211;-1549
15712;2096;9856;-10019;-100;17114
-11697;-16904;-6060
-4561;7441;5972;-2863
-5428;17991;4330;10444;2526;4798
9649;-10916;-16517;-8688
13233;16612;9397;-4839;-14189;-1934
9296;-15586;-3158;-8296;-16927
-16898;-11493;6007
-18291
-4098;4852;-6205;7359
1913
-17780;-10905;14553;-270;3725;12590
15393;-5287
-7029;4132;-40;14313;6925
-4609;-5504
-18305
-673;13633;10759;-15112;-6872;188
12307;-16858;-17854
-3043;-11173
16787;-5336;-11356;108;1725
-10261;14214;1865;207
-263;-13102;15294
17328;11856;11121;13620;13546
18318
14622;-8592
14465;9841;-1892
3299;11157;1413;-13934
10449;13048;-7741;-8655;-9039
-15729;1444;1975;-7054;-15344
4808;840;-3706
14339;-10005;1350;17754;-1406;12685
-10037;-105
7376;-3251;-12824;6745
-18339
3333;14089;-7307;16415
3520;-5479
-18356;-12283
-9956;11923
15156;-5032;13547;10461;12894
-2609;5207;5657;-6284
7475;12006;2311;10698;15739;15182
-10166
16305;-14331
-2247;-3575;-11800;-12234;7178;12511
-16740;4124;-13936
-15187;14117;123;6429;589
16503;1817;1819;2319
4966;-15148
10307;10632;17672;-6777;17725;1583
-11365;1179
-10189
-7635;13186;7703;1033
-18387
-4184;-1916
-9025;3545;4058;11082;4636
-113;10036;694;-4585;-15881;7838
11650;-5366;3919
-18401
-2018
-8817;15841;-11063;-3258;5276
-6123
-2028
-17842;-13529;8862
-1351;16792;-17471
18168;16312;-3773
-15793;14656;11812;7077;-15712
-4244;-1893
4588;9741
-15399;1069
-16230;15544;5450;1373
18426
14614;-14696;-15593;-14464;11711
6142
12785;-11591;855
10164;-8106
-10257
5715;-5812;4531;-5382;-6541;-6864
11301;8153;10235;459;12877
14416;-1668;15818;1788;7932;8845
8375;-12073;9870
5317;3719;-15209
-12561;-15058;-11018;-304
14897;-16905;-4874;-7488
-14374
6182
-3860;-1148;-1340;-15132;10349;-3248
10282
-5780;1075;7780;-14798;10109;-12766
-974;-9311
-11686;9061;-3898;15626;-11197
17344;7670;-11079;4543
16626;-18261;-6245;-13596;-17486
-8595;-15427;18131;-12984;-10713;15193
6354;-12560
-10947;-1880;-2781;3245;558;9695
-2514;15073;-12565;-9964;-4429
-3348;12597;16299;-3388;12719
13461;2249;4763;2203;15387;-15470
11778;-15095;-3751;-15527
15041;13683;6932;-7781;-17255;-4408
-2497;-3717
-8931;-13896;12217;-5420;-6574
3236;11364;-14683;-14333
-4643;-17541;-8620
4160;10260
-5252;935;2855;11787
1003;5227
6321;-1001;-15648
5347;-3895;17067
-7169;-11236;10755;-13414;-1144;15975
-7569;-1225;-16556;4811;-11373;9292
11088;18161;5978;-8444;17339;-13311
15008;-1815;17111;8700
-11990;-599;6348
2154
-2159
6254
6480;-2812;18142;13119
10981;-3110;-15286;-5916;-8301;11277
-2163
2899;-5530;-7725
-8817;6498;3269;-8438;-11064
-916;9469;18191
17713;17601;-18021;4213;15928;9791
2173
6270
-16936;-5723
-3713;17313;12163;5609;7434;16622
-6898;-9572;-7660;1468
2640;-2292;-15398;-17447;6663;-17309
-14473
14475
-16739;17106;9605;-17065;-202;-11279
8033;-9467;3627
4786;-6982
2196
-2198
16598;-14399
2101;-2616;8263;-9230;-8911
-18385;7505;12467;-12597;-13881;-14175
-14974;4574
2050;-407;3882;8972
-15633;15926;10376;-4363
12306;7859;1235;-17293;-14511
6752;-10787;6252
2220
-6317
5440;6822;-17672;-5594;13917;7502
-5485;7711
2235
14278;12536
5168;17815;-2952;-15068;9566
-8773;11015
452;8676;7497;-7213;9214
5809;11921;14313;3322;8539;-8893
-13140;10895
14373;10789;3866;-11213;-3280
-15123;4820;2262;9207;5368;-4282
15061;12598;3975;-5563;-9947;-5677
14544
17728;-13554;-1922;-6932;-103;2524
-12898;10105;-11755
-13937;2739;1252;3589
13729;1410;-276;1125;4999;18140
17216;-16805;1434;1198;-13503
-4692;8549;-7934;-10480
7794;-9011;3384;-12637
-8534;15961;-11258;-14831
8180;14436;18119;-10600;12286;-15568
12914;-17299;-12630;-13936
14355;-11028;-6424;-12796;109;1215
3207;4584;10733;12431
-9956;1064;-9822;12333
13474;14818;-5527
2288
-6386
-1521;-13060
-3941;-10680;-11996;-16638
-5682;-4355;16260;12456
-12105;6074;-4459
10050;-4117;11321;1145;4379
-9062;-16535;-11064;18314;-14395;1770
-14497;18257;12802;8731;2940;-5453
16304;9668;-14939;-541
-450;-15307;2844;-13198;-4863
-4627;15063;4154
10500
-4933;-10454;17695
14722;3972
-15315;2227;-11798;5528;-3434
-6180;-232
5632;17379;-4231;-79
8736;-12531;1475
8248;-7115;17050;733;16173
12530;-6110
17495;6248;-6073;15657;-5229;-13486
-4627;7494;-542
-14618
8208;-13460;-584;3502
-501;15733;-3335;-11849;-14907;8426
-17202;2900;17222;-17547
-6438
-6289;16897;-9853;7468;14604
12256;5425;1733;6903;-4205;17100
-9458;-11402;-10381;4316
577;-3350;9317;-8893
2642;-13624;-14504;10842
-14647
13747;11780;-3478;-14648;-9760
13651;16308;-3241;16601
-3553;-15243;1482;15259;16703
-225;13705;14427;-2733;-2334
9904;-8339;12004;-7256;-3950
-2365
-1810;11574;-10760;-17754
2365
-10660;2246;-12471;-10154
15209;9180;-11149;-8606;-11104
11536;3456;7862
6471
-14513;130;-12572
4896;-11413;4136
-10573
-17490;-5374
-9688;-8824;12027
-2402;-8450;4324;-5402;14318
-10404;4710;-13160;-14042;8956;17455
14678
-8577;-1524;16588
-11340;-11533
-16661;5748;7480;15035;-14397;-3694
-3746;17109;-18198;1526;-15469
8690;10091
-15909;9415
-15588;-11387
-10787;-12165;11812;-13627;14175
14028;-4269;-6270;-4015;7023
-12193;-7827;-1589;10053;-3646;-3584
-6658;-5845;1908
-6504
3697;-5796;-12762;-11578;15837
-15239;18152;-9421
17360;-9539;17752;7884;-8366;1903
4832;-7957;-14886;-794
5520;-12266;-3867
16658;-5723;-17455
1795;-18119;-7417;-11451
2021;7818;6731;3020;-61;-17104
-1252;3678
-7187;-4088;-14299;10859
-4231;13127;11544;12026;6570;12542
16833;1181;13085
-1189;-16763;11421
-2436
9232;-3830;3753;-6718
14444;4381
10710;13752;-10475;13037
-14742
-2997;-9056;9599
4259;-5540;-13082;17145;3772
-14828;77
7696;-13938;9011;-14219;13964;12237
1278;-11936
13473;-11141;3978;10492;2047
4306;-12821;312;-11498;-11437
2082;2147;16871;-6952;-8924;17725
16425;15946;-16284;2767
6722;4131;758;12126;-1440;-15728
4872;1209;-8301;8797
13184;-6458;16906;-17053
7682;-1100
16130;1619;-7069
-16945;-12807;17800;1434;3932
6640;-1768;-10296;-13452
7778;-10272
-2949;-3781;4235
145;-6936;-12543;4543
-15684;9359;12927
8816;1528;6681;1865
6689;-13626;4429
2510
256;14982;7161;-13259;1565
18129;6917;-3497;9754;12171
6070;-12685
-2148;2323;-17652;3876;14692;-11802
-10712
-2526
-16705;-14292;-1527;-2729;-8235
-18002;-13029;-14347;-2206
2759;-11032;-6544
16965;502;8859;-7149;-17133;-12767
-5605;-15913;-13786
-14198;11657
-16887;-2378;17103;4703
-11220;-3595;4078
-4474;3614;7503
15202;-2587;5342;-4575;5551
2549
11425;15700
-4247;-8731;2892;7614;17311
5184;2066;16658;7080;-12761;-11580
-7244;-11693
13813;-13496;9815;345;-10588;-14732
-8370;4660;10363
9328;9614
8897;-1446;-14108
18293;12423;8716
3088;12932;7029
-10765
17632;-17618;8226;-10839;-12268
3872;18258;18136;15565
-17190;14605
-10324;980;998;890;18331;-4190
5249;-10135;8041;11724
-11811;-8121;956
14240;-1909;6311;-14059;778;5422
8563;4276;5349;-1003;18174
2593
10785
-2595
-7848;-15227
8882;-7876;-149;-6459;17018;15755
7448;15629
6304;14276;1576;-10393;-923;-17534
435;9732;-8797;10334;-5007
-9572;-17607
9860;6660;-2186;8541;-3582;16078
-14892
581;-6087;-17580
6008;-13995;5375
6740;-10662;6458;-9247
-8504;-585;-6506;-6110;-4047;2655
-8067;-2341;5126;-5532
-5907;-1190;-15751;4954;-17308;-12479
-1633;-422;-5494;10175
10818
6724
-16675;-2343
-10827
-8885;-10135
-8493;-6431
-12322;-3301;2884;-5415;1994;-2861
15264;10804;-3772;9772;1725;1614
6018;1127;-10844;-15326
2641
6742
16441;-13790
-13237;6489
-10847
14402;-3653;12740;-7301;-5335;4089
-1300;-12988;827;-1485
-2963;8579;13290;-2652;-12124;2623
14514;2405;-17590;17385;18043;4765
-7553;-8066;-14595;8900;-8971;-9243
-13362;14595;-9419;-6767
-4193;2916;17175;-5038
-164;-2506
9683;-13894;-11990;13529
-2674
-15321;-1515;-10416
8529;1155;-8950;14182;-17593
-17222;8454;-12265;-6972;14620;-5678
9304;10057;6394;5598
2681
8422;14311;8620
-16370;-10889
14976
6792
16833;10130;-5048;3866;13786
11222;-10970;15705;-8988;6459;13853
14996
7392;1112;10589
1443;1269
2546;4883;-4716
13860;17525
-4465;7179
-17588;-5546;-4795;636
17874;-3623;-10844;-6126
-16322;-13029;-14696;367
10596;-5143;-7384;12845
16114;-7438;-5951
8418;17496;1834;-16830
-10677;11574;5927
8944;-10947;4422;12601
1363;-3753;-9003;-15919
-1331;-9598
-17299;-5651;-10758;-18183
-17425;8066;-13301;-3962;7498
-15029
-676;15705
-2743
14432;-11689
6840
14867;9784;2428;-7951
-4148;-10886
5283;-17655;-6762
4577;14357;17398;14823;746
4964;5093;12282;893
-12129;6980;12741;10696;-7341
-965;9677;14527
-1602;4005;11669;-12649;-5436;-11038
-6709;-5191;-3513;7899;4749
13200;-2633;-17370;-12349
16016;15429;4090
-9651;-14323;-15206;-9465;-10921;7642
14307;-4219;-12862
10962;2601;9692
-9035;-8733;-13680
-15065
11169;-4597;17031;13466;14638;4319
-12200;-1785;-13373
16997;-17416;-5865;-5756;9820;13197
-6892
2797
6800;4356;5798;-11848;-7904
6240;11748;1125;-16342;14731;-14704
-5457;-10248;14249;12447
-11846;-3175;12221
15152;3192;186;14140;-17581
2258;6194;-11365;-9671;-14795
-4053;-12293;-2793;5708;-14397;447
8233;-15324;9900
6036;-10693;-14540
-179;-10828
-7140;14052
12128;7303;-4376;103;-15513;-2462
-8756;2212;17668;1944;-6155
15380;-3499;-2285;-12414
-5790;-17519
12563;2553
12048;-1022
-17905;6708;-17222;-15382
609;3449;7053;-13488;-8656
-8049;10892
3136;3937;13235;-12837;-14412
-7870;17421;7631;14335
-12561;311;5480;-8364
-11038
163;4678;10302
15284;1206;-16183;18283;8846
15152
-11064;-9786;-14783
2067;6965;18414
13473;-17427;-11302;-2134;-13019;-1136
11064
-596;-1381;-12693;-18283;2155;-750
2723;15466;-15312
-10517;-12843
-11363;12243;-14618;10857
5024;-3671;4279;-4313;17948
12225;12341;-15880;-6905;4425;17165
4962;9191;14504;366;14831
-12387;1144;6971;1375
-8706;-9477;-1100
3728;-2482;16117;-6272
-3382;-18278;-16679;-14184;-9208;17867
1329;16374;5977;5499;-974;15662
-14468;-733
-15203
915;-8522;-11693
-2917
9403;13996
6545;14514;2967;-2360;-872;10798
-13410;10466;-16452;-8103
15108;16487
-7020
-2924
-7879;4953
-4142;15262
-753;-18421;17476;8725
-5681;-12089;16778;-16092;-14061;-8654
18113;-9506;-4037;6935;-14442
-11995;-7327
11129
6850;-2775;9510;-15102;-9614
12752;9634;9299;10951;-7465;16922
9622;11949;7773;-18208
-8561;8468;6072;-17116
-57;-15659;17053;-16576
-7169;14223
13574;5769
-6962;-10006;-18187;-8766
-15250
-3235;-16884;-7419
-15241;14571;11036;797
7070
18099;7253;-10698;-11100;11485;-12064
258;3047;-14474
-13508;-18398;-12032
7073
-8369;1363;-8793;-12270;-3584
-3281;4389;-6332;12303
-7177;-16288
11745;11334;16774
-8374;-6909
-10433;14421;1431;-1722;-9562;-1227
13395;-13045;4295;-6573;-17456
7491;17973;-10176
18162;-11866;5657;-14907;-48
3002
2726;-12999;-9116
933;10109;-14048
3012
-7191;-1341;11500;46
-4819;17428;-4585;-12041;-11291
-14899;15810;-16951;16985;3018;-943
-13354;6236
7312;-11346;15681;-6926;-11840
-2504;-4617
-16773;-200;3065;-3597;10381
-10850;-11764;16260;-10981;-5102;-13359
-13716;-13300;13572;10411
4180;-7562;3627;-3279
7129
656;448;16773;-6236;-4512
-6663;-13081;-3578;-10112;1727
-12194;14594;-5436
7131
16083;3108;-8745;-11738;1005;-6846
-11229
7133
15326
16578;15135
16929;11253;16921;-1226;-7724;7854
-4023;-13289;10158
-11096;-12444
4624;-18216;6431
-2646;1689;-15835;13725
416;-13778;-9251;2134;-11261
-11946;-3418
-10356;12325;17319;172
-11270
-7285;18405;-17062;-17225;-8457;-127
3714;4854;10895
-17733;-277;-16648;-8812;-13612;17132
14451;-15861;6084;5429;9369
-2135;-17338
7440;-15253;-11270;13323;1725;-11344
18179;11751;8159;14159
14157;17614
640;-978;15726
-3106
8602;2699
15824;-7943;17815;-2106
9058;-387;-17386;8474;15647
-4551;3910;15639;5385;-16207;11231
15969;3733;-8344;-521;-17497;-4653
-7220
-16785;11761;2116;-3260;-1054
11317
12646;-2042;4556;-18286
-5484;-18125
1874;-6407;9625;-8223
3131
-3572;10599;13561;-15146;11613;2461
-3609;475
-16868;-14939
-6343;3208
3135
10897;11812;-12218;13977;11438
17890;13235;-15786;90
-15431
-3146
-14369;-8611;-342;16078
1201;10138
8864;2786;12455;-17609;17132
-596;-14841
3152
-7997;15245
-16627;14883;-9742;141
-4435;-18293;15494;-16
-16467;-6216;17448;-15243;-4622;-6734
18048;-10791
11397;7333;15255;8248;-12045;-10640
-13921;13649;3437
-1606;8855;2007;-16473;14479
-2542;14206;-304
-12676;1315
10451;3683;-4363;-4334;-16798
-757;-18040;3258;10156;12652
-711;12166;-3083;-17067;15965
3298;6886;5279
-13955;-13944;-8296;344;-6527;-18144
-4020;-17814;13159;-10874;-2143;6223
-17012;8499;-232;2139;-3615;-9344
17121;10161;8004;-12550;-15456
-6499;15092;-5967;559
-482;16980;-12230;-14623;3071
-6196;-5684;-15886
12533;-15723
-7287
4976;10505
-913;7013;-17487
-4850;2067;-10027;16075;-10558
17570;15159;-2088;7032;-9898
14149;17723
11397
15248;10192;-10946;-8034;-3255
11399
-2483;9786
-10663;3357
13748;-17496;6958
-10556;-13135
-5798;3909;-445;-10477;3853;-2447
-17782;-6634;-15662
8436;-8458;-7296
-7206;14277;7963;16859
162;14326;4234;-10683;-15357
3224
-11444;-7676;-13676;16188;-8078;-7215
8276;247;-1195
5191;-8425
6053;-4296;-13184
-12371;-15440
-4241;10890;-13982
14385;-3459;14614;-10906;-6400;-11472
-2369;15332;6532;4223
-2041;-16586;2508;9900;-13405
6465;-1557;2423;-13257;2682
2675;-5636;-5526;-7912;-4302;-15312
12345;-18378;9279
-2580;15542;-3916;2172;8415
-9029;16948;9243;1405;17453
11680;-8427
-11446
-5301;3366;5190
16357;-9006
-11448
6451;13191
-9010;-11123;-4454;3435;-6044;-8831
17040;7057;-2581;14511
-5649;-8487;-13033;9336;9145;-15055
12643;15197
7634;6068;9732;-3784
15555
-16871;-15433;-9900;971;13387
3273
4388;-7663
-12791;10139;-10782;6063
1635;-18357;-15227
7375
12753;8193;-9570;15879;8793
18372;-15623;-14222
-14018;-14228;-805;-14795;17099;-9312
14147;-8023;15883;13211;845
-9921;2291;326;15502;-4896
16977;-10172;-10509;9119;-2112
-2705;10640;13079;14042;5370;7934
3618;-6928
-1412;5973;6310;17014
7406
7784;-11100
-5473;-2661;15546
-10115;8436;8633;11609;-5674;15004
10049;-1875;-7796;12279;-9325
-13081;16414
-2081;14882;11509;-13228;-13823;14271
4311;15386;12731;-4511
-1972;11748;9949
9172;-10344;14489;11002;-12784
-17329;13782;14791;-3803
-9507;5394;-7462;-12255
15640
7493;4054
-9249;-11219;2008;5722;-15198
-7456
-9442;6078
-7427;-4085;16440;13770;3260;1887
-13559;16924
-4470;8424;17133;12397;2653
-6739;-1776;15983
-17697;7665;14166;6711;-1134;-13087
7622;2264;9816;12347
-9857;4337;-9428;11157;-4695;15960
-4262;16296;-10734;6174
-16247;10663;-2648;-3339
-16625;17704;-17915;17067;11342
7477
-6833;-17002;-3883;7948
-6193;13989;12539;7629
-10195;-6744;13548
1187;-8260;14900;12906;-17342
-12485;-2954;9098;-13439
-8630;-7055
11588
3399
-13927;6745;15546;15678;-12448
9956;-2472;8585;1390;-9952
3392;12744;15947
7989;2310;5405
-7942;-11869
-915;-18358;-15656;4042;-3981;-1327
14150;-17579
14417;-15448;12651
8609;6949;-3127;1820;3788;9965
-13922;-18179
15073;4773;-8118;-9082;-6076
-11625
5552;-15889;-1291
-5057;5299;14839;-3258;3243;671
881;4212;13270;-17160;953;13582
-5107;15189;-6631
-2161;3817;14091
13955;18182
-18402;-7383;10030
5840;5821
4785;15075
-3605;13382;-2203
2384;-4933;632;-11212;-10830
-5937;-13505;3672
8832;1314;-1006;-12623
13952;3859;17844;-13612;-12429;2060
16944;-7091;6228;2663;-16712;-13708
15783
-11689
-12201;-15676;7995
6582;2828;10477
5202;-5847;12361;12267
3077;-6584
3508
-15842;-13842;1602;16378
-3364;7107;2862;13646;11407;8719
-13105;-13187;15957;13848
-5586;676;-4474;75;-10592
6275;4836;4694
15807
-2035;11250;11108;3677
-12050;14786;-17467;11210
3650;-6025;-17533
-7621
-11726
11727
12962;-16499
-14932;-17190;4726;6343;1131
855;-17401;3257;-5196;6748
1856;-9498
-11740
-2995;-7285;-5562
1449;2110
16162;4039;-5003;4747
-1441;1154;-13140;-13671;-7495;14639
9076;-12279;8809;-5790;-15679
416;-1458;6113;3388;7407
7747;6150;13496;17388;13871;10463
13429;6535
3583
-14545;8455;-1592
-7684
-6834;-9044
15700;-11048;-4029;4892;2173
-18177;-3859;9848;7147;1325;15501
15236;4425;8509
6593;7803;1486
-13971;1929;12874;-17307;13900;-9214
-14881;2912;15566
6994;1922;6525;4381;12447
-16216;12520;5130;14778;6522;-15040
130;12167;-15897
17746;4723;8468;108;14844;6863
-7556;11159
4112;805;2598;16568
9664;16884;4806;10777;13689;9231
11803
17971;18410
14468;-3605;469;-7718
5361;-17158;14085;-5622;-12248;7870
6451;-1720;-1115
-15906
-7718
-4577;17090;7494
-9446;1722
1761;-10998;12261;18309;-5416
-10350;3485;14590
16531;16842;-5168
16034;2434;5645
16128;3251;8611;-11846;-4319
-13057;-10018;17553;-6307
16372;5910;3095;-5544;393;-204
3642
-11603;-261;17269;3990;154;10479
-6791;7945;2058;-13515;-17920
4417;13571;1684;4030;16815
-1378;18134;16343;2713;-3485
-11476;-4774;8493
-7759
4515;10518;-11360
-13538;709;426;13786;10604;-15663
14146;-17427;-16779
11360;14386;9560;9993;15723
5684;6101;17509;4249;11098
-4450;5090;-1203;-10650;-1710;16605
9347;14815
-3684
-8769;16282;-11199
2118;-18093
6400;11250;-2500;-15781;4327
3698
-1480;6041;-3036;-17519
-4738;-11257
11900
-2835;16040;442;2350
-11910
7984;3989;-4159
11910
-12002;15722
-16013
3360;-10307;-14615;-7945;17434;4251
6851;-13590;-6712;-10297;-4554
-12005;-17336;1038
11920
-7669;11402
-7833
993;9778;16394;-5644;-17772
-9938;6770;-16026;-941
-3474;9159;9867;188;4399
-17496;-9419;-17803
-14962;-6020;6791;15835;-12796;-8991
-17529;1480
2240;-1606;4412;15101
4458;11599
16706;10373;-13307;-14301;9966;2527
-3752;4871;-9629;-7551
16060
10145;-10485;-2908;11116
-14385;9072;11783;16266;-14444;11869
-136;-7738
16826;15631
13104;7067
-3796;5780;9116;17263
-7886
3791
-13766;7912;-13465;-4960
-13458;-13459;6733
-1777;-5234;-12690;2295;-17003;1934
-13746;-7206;8053;-16024;-8409;-3341
1635;2439;2842;13278
-7253;-12555;7803
-6642;12675;13492;-5383;14246
-16104
-14743;5336;-2602
-7920
-8598;15129;17468;-10192;-1792
8834;-907
12028
-17717;13380;-9720;8505;9388
-3840
-17586;5554
-5498;-14731
-17011;13162
2993;15510;7544;-4362;10845
6887;-442;17210;17852;-13070
-16152
-10210;-17877;11934
12688;-15299;-2165;2493;-17968
-17596;-10848
-12063
5201;-7863;13160;5661
-16160
7969
3514;3884;8767
12704;5873;-4346;6030
-16169
7978
-10596;-15525;14317;7918
4582;-16663
-3161;7053
3970;13938;-13364;7813;-16924;-3422
740;-4585;17052;-9312
-11987;1828;-13816;-1850;13737
12089
6561;-2645;10223;6143
-8579;3394;-2811
12096
15604;7258;-2574
-6385;16154;15050;13820;-14253
-1697;18149;13015;1019;14380
16194
12928;13784;248;-3741;-3551;12911
5793;-2802;-4418;15381;10790;16028
-16200
7219;14820;7466;5741;1469;8159
3108;16918;12167;16605;8365
11682;16613;6345;18430
3717;-17719;-1785;-18218;-10878
-9482;-14925
3769;16542
-10772;6839
-12127
-6451;2515
12129
18272;-17602;-9831;-6237;9341;-14270
15856;-7451;-12687;-3760
-16236
7437;16991
-15585;-12401;-10498;-8771;4502;-10351
12144
-13267;-3400;-7770
8054
-6116;11573;-15691;15147;-684;-8191
-12161
-3971
-17026;3858;17142
16753;-12899;550;-3817;8411;-17072
13225;-5151
3981
8401;9784;6280
4466;-8636;8156
-12181
-866;-7386;12873;3466
-6337;7014;7881;3626
12190
-12417;-12211;12437
16288
-17810;4298;-10976
16296
33;-4706;7429;9448
-5693;-6512
-1513;-1706;-8635;-351
-4931;10916;-2694;-14983;13558;-18174
1442;-9255;3789
20;-17596;13551
-18070;5848
-10241;-6077
9485;-5456
4740;10583;-16953;7021;2735
-1058;-12232;-7133
5107;-1066
12235
-1761;15537;15925;6678;-3662
-12887;14905;2031
-3091;-3670;-9577
16883;4663;-4105;-9293
502;7623;-7659;7163;12139;4767
14358;-15815;17805
-14193;-7681;7938;-173;-2240
2708;7225;-18091
-10685;6622
12255
12257
-12264
12263
-8116;-3753;7790
-12276
-11235;6084;-15317
10755;-6741;-2262;4997;6504;-5071
16383
