7716;16790;12358
2992;1616;-4613;11365;8262;13147
-18130;-5572;5653;5757
-12609;-10917;-2070;-11274
-2118;13766;-15465;-11210;12619;-9888
-9399;13503
-9137;-4564;18312;2636;9150
7733;9463;-797
15447;9145
322;6002;-9158;1014;9997;8223
-5713;8085;-2349
-2674;-11636;-1447;-10312;2904;10845
-10946;-10867;-3219;-9125;12692;17334
16418
-4133
-6801;416;-5813;12184;-13774;-10831
628;-10472;-11049;4462
-10181;772;10790;15052
8224;16404
-4721;17065
9297;12917;1164;11996;1550
-12647;2999;9709
1248;-13600
17683;-18181;-14088;2567;3849;16425
-16853;11609;13501
-12523;16684
6068;-14635;-11980
12358
14081;13894;16375;14665;14783
4197;16360
-17375;5007
15763;-9526;16744;5774
12372
5488;12898;-17589;10374;-14183;7192
-8280
-1219;-16387;4739;2871;-2380
-6914;12742;5801;-7291;3770;12460
5170;-7268;1380;-5062;-10696
-8065;-16604
16476
-6081;10850;15893;8103
1925;10949;-3561;3069
12007;216;-17434;7435;9628;-11758
-4033;16544;-11106;-4999;11885
14437;-1304;5656;-16425;-2265
-6455;10652
12661;-10414;-10543
9195;4573;10911
10710;-9575;8567;-1406
-107
-14918;9782;-4089;5034;4335;-4352
10529;-14918;-12713;11976;-7274
-10697;-18093
2048;16326;-16984;-4203;-17661;8063
211;-2856;10959
12656;-8434;6035;6250
544;-17653;600
16152;12651
-16517
-16519
10565;7543;4233;-90;16877;10159
-14579;14898;-14116;18028
-17545;-15359
13857;5223;-2558
17814;16520;14959
16096;-17841;15539;141;-5600
-4241
-13081;-11643
-16168;-4461
-5154;-17283;-6093;14574;-4159;13870
-6330;-6109
13736;15834;-8940
-12443
11984;-5494;-6334
2307;14083;-12132;10814;-2624
-7127;7288
-16547
13648;16023;1161;-18381
-166
5268;-1006
-12466;-11765;-10647;3162;2876
9748;-17144;6472;-14394;15150
16241;3618;-15593
174
755;-14325;-16744;-697;-7306;5373
11863;-10810;-1231
-2115;-3907;14740;11769;4653;7806
-18392;6168;15866;1469;13982;9758
-6722;-4594;2939
-11846;10966;-12841;-6619;3532;12527
10004;-13853;-6079;5647
14818;15891;-14871;3912;18153;3242
-8384
10592;3217;-7187;-11321;17497;-319
9810;18149;9100
6243;-8871;2431
15912;8862
4897;-17387
17266;-8132;17523;-17100;-9760
205
2693;11320;-1520
12357;-16121;-14907;-8014;5998
14642;-18357;9899;15259;7437
4306
8656;1546;14591
-15139;15381;4072
12506
-3654;16439;8842;-1708;13069
-3108;-12188;-1535;-12063
1589;2732
-5697;4548;12073;8539;2557;2783
-15591;-15530;18026;15450;-14877
-12523
16619
8160;274;4163;4023
11025;-6693
10886;13927
15235;13369;6027;3804;10956
16626
17186;1314;-5859;15047;5324
2162;1957;221
-4342
-13911;8190;-1072;-9840
16099;10036;-14104;11402;-10733;-157
3555;-229;16596;-1368;6983;15679
-517;-12759;-15896;8431
-16802;14386;-8757;-11878;-1786
-2358;-2168;-12123
-4610;-2724;-6506;-6206;-4800
14560;-1550;11839
-14347;14621
5128;13612;14302
-13587;1117;-12382
7412;-3038
8471
14449;-2219;-12510
-16450;-16931;6371;-3447;-9470;6878
8018;4361;3769;8714
-1958;6342
-12677;-15383;8058;-13056
7316;9894;-3753;11608;6746;-6942
-17905;-2849;-10962;13703;-15049
-16450;17835;-14398;4526
4226;-9027;-7700;14233;-875;7630
-9457;11476;10503;-5033;9912;-17101
12591
2613;1790
10056;-14461
-8502
12598
-16263;16711;-3244;-8861;11967
9248;-8935
-6691;-10596;-17578;11963;2588;7711
-4899;3187;18411
11024;2727;103;5466;-14908
318
-12985;-10203;-14000
17329;-3666;-13508;-12424;-3594;3246
3536;2769;-4757;-14167
-10529;-8;12151;-7965;-14461
4197;7865;7133;-654;6367
4322;15703;-15788;-16860
2562;-4823;-14460
-338
-12628
-17523;2567;-15672;13899
-17636;1733;10541;8367;17823
348
11257;-13722;1163;-11181;-12448
-8546;-11239;-17448;16856;-4556
-16056;3403
17298;14310;-6665
6560;7396;229;69;10778;4015
-7617;3827;-8876
-14070;13691
1414;11720;-8652
4820;-12553;12220
896;7689
-4968;-11816
-3186;11779
-5779;8732;-9168;1711
13713;-8083;15250;2228;-1334;15499
8601
-12331;13579;-1197;-8654
-9603;-1799;11815
7952;-3438
17536;1076;-16437;2564;-3164;15231
-6358;-2951;17926
-6116;11637;-10231;17423
1330;9780;-10679
4131;12181;-871;5350;13740;10957
3829;16037;9046;-9559;9752
12515;-17766;-7472
4232;-16955
-8081;10993;6261;13014;-5369
-15681;8467;3044;4605
15751;14888;-10891;-11120
6544;9266;1013
-16871;16428
-4540
-9970;3378;-14748;17708;-12622;11711
-4673;-4663;6584;16730;-9435
-2827;11467
-16135;9638;-7721;9673
-8642
1013;-13753
9713;4168;5593;-6733
-4435;3981
-8646
12742
-15973;11421
8648
-463
-2818;87;17405;-10479;8558
-6627;131;6963
-3075;3545
7635;-10056;2632;6124;-1759
2315;14557
1714;-15651;4772;484
-13794;-16552;-6265;3353
1124;7557
490
-1649;1486;17039
-8995;-14085;-6087
9894;-3687;11511;1592;-16141;17807
-4597
-6886;4408;-10538;-3871
305;4517;-3416;15260;8413
-8273;-1014;12455;-9691;-10366
-13922;-16548;12821;-6154;-9471
-17441;9414;9644;-18269;16143
18176;2147;-11622
-1816;-9450;-16715;4796;-5999
-15460;-13725
-5690;10299
-6343;-6062;-8591
2228;-15037;4159;13263
-857;-12255;-10447;-1536
6641;15235;-13166
-18119;9323;-1100;-13468;16156;2589
16907
5504;-10125
-2930;9350;14967;17882;3021;7389
9082;-11805;-2878;5071
-5444;-10516;5477;9271;-13691;-6108
12822
-9318;-8391;-7879;7593;-3981;-3136
11922;-16558
-16438;1750;5271;15370;2783
-1830;10567
12866;17653;2153;-15741
8868;-13513
14449;5058;5845;6777;-15197
5744;-7815;-11402;860;7966
-5992;-11628;17069
-14561;-13298;10824;-11354;11453
2419;9781;-8904;8619;13212
11568;11653;13546;12011;13214
16937
15714;18342;-14904;-8441;-6061
15634;-15080
13216;17702;-9884
16938
9587;-12503;16599;-18336
-15421;3343;3327
-2310;-15031;14201;-9709
-1601;-7154
2920;11066;-3566;-9856
-17525;-11035;12428;7373
8760
12856
-16082;-13159
8763
-130;3192;5210;-3531;16318
-9842;11297;-2516;11220;10122;17164
11849;3323;-10494
-13051;-17054;-10846;17774;-14272
-9875;-9801;-10185;8794
8779
-16972
-10850;-1364;2437;-7197
3958;9752;-10764;18125
1568;3119
1382;-13389;-878
9586;-7689;6893
-17554;-13861;10335
11105;18167
-18116;6730;2591
3553;10961;-17267;-10141
12741;-8039
-13569;5619;-2108;844;9822
-12898
611
-690;-4899;9203;-16905;-16157;-8031
10929;7158;-9276
2098;-5493;2774
-15666;-9540
3652;-7098;-9549;17726
-2945;-14079
4652;-8846;-4639
18240;-14418;17092;-9055;12718;4735
18336;-13106;11826;-16775;-9114
6097;12632;-9866;-6603;6573
-12289;2100;5447
14403;9301;9709
8133;16984;9165;126;-6431;5439
-3203;9763;3701;1461;-1823;11231
1525;7323
2419;-8905;7531;-1708
-13010;13954;12857;6622;-7471
18160;12293;-8391;15446;1112;11197
4763
15941;9304
6259;2606
14053;-16409;5690;-6364;-5838
-15332;-7590;-3303;972
2224;-17110;11484;-5470
1936;10885;11781;-3440
12194;-13592;715
684
-18054;17368
-11554;10868
243;8639
5601;-4661;12042
17412;-4428
-2918;7710
-15781;8710;391;-7295;4462;623
-3052;-1356;4252;-12831
11600;-12641;12645;-5159;7469;-13215
-3249;15236;7516;18028;-12254
-5507;-1061;-14616
-11008;11711
12992
2960;-11699;3509;6330;3708;-17806
-7842;11126;1782;7431;-13210
-13004
4977;-13888
18128;15687;-329
8910
-17108
14810;14589
2208;-10549;-13157;4134;15022;3070
-732
13019
-15122;1782;15740;-15758;18189
13026
18280;16345;-5421;-4144;4351
11634;-17545;-15310
13037
-9442;-2341;6295;-16409;-12394;-15612
-5310;462
-9398;15078;1627;-16252
12192;-11429
-14561;53;6488;-5018;45;13758
16688;6070;-7576;14267
-18066;9721;13754;6012;13934
-15732;17428;-912
7636;16917;-11641;-554;13002
3157;5821
6049;-17754;-16781;-5072
-1641;-15535
8983
-9345;963;-12895
-8993
2240;-5746;-18407;12920
16185;8140;-15327
-4906
-9013;854;17164
-11222;16679;9945;-16219
-101;-13004
9008
7232;9328;11088;10128;4241;-12526
15381;-55;-10408
-4355;642;6489;-1951
16920;-6911;-5088
16401;-1078;-8519;-9964;-2413;6399
9424;5909;-3433;1214
12689;-4243;16957
-9255;13739;17404;3516
16226;6916;10090;-8412;4685
-4933
8985;10924;1407
-4937
157;1406;6751;8911
7093;-14055;5959;-3817;-7435;-4972
13130
9034
17227
1105;3235;7140;-16968;6427;-18172
4337;-10358;-11672;6136;12411
-4952
4386;-15715;179;3139;-13326
-14131;2419;2292;7684;1148;-16653
3702;9654;10826;-15133
17657;-1674;6425;-1070
-11761;2385;-916;-6951
-7512;-1100;13567
2818;-18030;2063
8498;15175;5563;16190;-3600
-1639;-18360;-3050;6281;11804
-12019;13490;-2280;5773
-4966
-10358;-9416;-9774
15321;-4012;-3661;5518
-12171;-1004;12715;1341
-887
515;8071;-5087;-4399
16850;-13207;8;3832;12027;14158
-16536;16871;13066;7979
-9094
7732;588;-8239;-17375
-7559;6648
-912
12916;-17927
-5011
-14257;14325;-2251;-2828
17059;-1541;837;-2104;1050;-16223
4227;-6104;5723;1183
-5031
-3460;8058;-4462;493;-6063;-3695
16737;15986;17373
17957;-1741;5212
-3137;-18294
1905;-17123;-11717;-10057;-8651;-12654
10228;1366;1646
5649;7939;-348
3313;-5625;3994;7468
785;11394;16469;-13831;-7959;-5898
11076;-5400;-12701;1966
-7412;-13061;3125
-11345;-3370;-7530;4893
13477;4598;-8889;-16348;15198;-17199
7024;-9650;-3444;4198;8503;-1563
-12386;-14675;7619;-18397
-17792;12719
17248;-8079
624;3337;9311
16645;4264;-3534
-1202;14067;15094;18361;-4368
3712;12739;1451;-16909
10593;16793;8827;1932;-3567;-816
4327;4860
14455;15900;-8879
-1955;-983;-14108;-335
13401;-14400
11203;-7830;2277;-14807;12745;-12782
2806;2646;-17961;-17166
-13294
-6440;12810;16138;-5117
2435;12278;17336;3277;-1023;-4624
14088;16793;-14208;17103
5376;18417;-6537;16985;-460
-17404
-17075;-18054;-5254;16166;-13673
-7667;17189;17047;1833;-4109;9501
12950;-2668;7131
-7752;12878
11378;16503;15208;-17483
6225;-17332;-10407
-16074;6846
10265;16218;15514
6945;14104;18040;4444;-15294;-14912
-2260;3300
-10657;8161;11209;-13407;-448
-11910;14118;-7351
-11314;12290;11763;-17883
-5144
13580;3852
-17434
-8226;9972;13847;-7436;5181
-3507;8195;6703;-2144
-3793;-49;-2658;8403;-8555;5595
-4804;-4446
4326;15833;-11709;-12173;8877
1427;-14117;8746;-17979;8573
-10868;7207;-14424;17021
1825;1187;-4080
7655;-6586
-12196;9747;-14005;-10794;17982
13536;-5745;13360;-14262;-7966
13366
9921;11938;-8491
-1349;5110;17799
-13371
-7793;-11522;14135
-8869;-2409;8940;7518
9316;-11272;15033;1818;-9612;16283
11141;6334
20;8917;5959;8615;14445
-17235;-15351;9784;-11178;-16266
7178;6203
-15288;16382
9286
8632;13000;-18347;-15086;-15663;-6400
17832;7706;-9757;-16879
3344;-16180;-1307;-3341
-4049;6612;-11856
-8308;9156;10726;-5657;-4812
17474;8979;-11608;10727;-7817;7929
-13522;7782;17702;9432;-12093
-17498
-15153;-15138;-4938;-1695;-4335;-17200
-4273;-938
18192;7028;-11816
1116
-2533;-14969
13408
-17509
-14129;-1730;15298;-4358;-8615;-16264
9319
-17512
9322
-8276;17547;-813;-3757;526
-9307;10445
-5235
5250;10260;16404;7884;-5886
17530
13437
9410;915;14918;3192;14813;11150
13907;15607;-7884
-10497;5250
7840;-9989;11908;-11850;15530
8024;2072;5756;-15614;-5151;3759
-593;403;18340;7029;16938
-10981;-2830;12653
4930;9156;12692;10453;-4954;-2445
-5353;-15259;3066
-13450
11144;1546;13050
9358
-10936;9802;2301
-17176;-12665
7638;4460;1359
-3395;14726;-7687;-4815
-6769;-11122;521;-12062;-8607
9368
-5347;-4372;13160;-7805;15966;1871
12771;35;-1990;18391;651
16658;18258;-8042;9003;11419;-1053
-1463;-12016
-16171;-4831;-3616;-1152
-16481;5891;-6229;-12613;12842;17790
-5702;4489
2582;-13351;10039;-1466;-15580;-16205
-5311
-11814;-13978
-15641;15053;12718;9567
17602
5330;-5464;6487;16233;11068;334
-9811;11994;3134
-12394;5915;-3149;-9630;13933
6597;2621;-10447
5591;-6985;-13626;15387;-1597
6002;12099;-4584
-2977;5401;938;14251
-11763;13095;5351;-4252;-3662
5332
7314;8166;12423;4922;1179
-15506;6481;-17606;-13929;538;6013
9104;5188;-13052
4129;15652;-13959;17895;14394
-4296;-16921;11272;4601
7886;-9135
-15970;11450;9866
11618;-15239;7127;520;-9165;3884
768;8169;-10813;11325
-5640;2077;-1792
-17027;-17332;15493;2535;3629;-4942
16468;3016;8890;-637;-1870;-16414
12772;7594;9567
14786;-7435;1563;4219;-7775
15669;-2118
-12999;-560
11000;15704;15530
-13565
9529;-2555;-1598
-1987;6372;-9767
-5586;14946;15191;-17434;1147;-9551
-10561;-5879;-15000;-1624;-11180;14283
-11153;-12403;17878;-14428;-11550;13983
3426;-1478;5719;-15099;6143
-13578
9483
13580
6664;7673;7436
-18152;9786;-17504
-14609;-4805;1355;18238;3886;13614
978;8510
11555;-6823;6183;13420;-16702;-2239
6468;7118
-14245;11636;5636;-13180;-11632
-2725;3813;-11975;12344;-1965;-17182
-8386;14819;4245;3529;-15516
-18097;-7364;9354;14539;15165
10208;-17751;8856
6531;11167
17904;-16658;1652;2073;-6286
-2294;2038;9546;12507
-17126;16422;-14841;3695;-18144
-18305;-9746;-2164;-8121;-8042
6450;1255;-17804;17723;-2207
-17986;12568
5090;12951;-4431
6420;-6136;-5704
-2307;3631
5420
-17524;-17336;3564;-10991
11770;939;2124;16382;-17600
2963;1028;-12789;7470
-10577;-10614;-12908
15088;5845;7895;17818;7821;4207
-17717
-17748;15880;-6540;-11023;-6480
-1348
15880;1852
-1351
4520;-7804;9739;-1007
130;2746;2573
12865;-10675;-9113;-3951;-2768
-8469;18014
10937;-9583
-12790;-12281;8185;3243
10337;-277;-8702
10336;-14982;15175;7213
12386;-2707;-16581;16871;11870
-3700;-16356;-14076
13520;17076;-17078;11545;13166
2405;-1945;5612;-15823;-12096
-11569;17146;-11051
-11185;-4324;-2734;-15904
12674;-4870;9143;-6190;2910
17381;-16491;491
14311;-12927
-7809;-18154
3363;4921;-2799
8598;9176
823;16954
-194;-13956;-3628
5489
-1538;-4883;-501;10906;-2845;16639
9587
17780
7933;13951
7104;10933;-16632
10098;16661;16938;14303;4847
-14833;3936;12064;16098;-4469;-7293
2241;-11687;5735;12071;14329;-8990
5433;186;-4206
13818;-8303
-5922;-9605;-13351;7495;-3961;-656
-13010;7489
-13716
-10187;-14204;6573
-2051;11763;16491;3903
-14003;-10948;-7061;-12744;-17610;-4605
-1436
10112;-4115;-1652;17572
-7081;7930;-8477;2156;-63
-17823
2035;11695
1446
13744
7649;6082;17859;-165;-14649;5160
-16119;10566
5802;-15454
-16338;-15332;13990;7112;-14925;15837
13759
-9512;-14616;6269
9655;8204
2595;1492;11242;-4236;14959
-4099;-3877;9452
12998;-551;9511
-17027;-8884;5205;-715;655;-1200
-15026;-4725;1719;2472;14074
-13776
1779;11752;-13162;8603;-10461
5589
8689;-3316;16132;7673;5083
1494
12288;5076;-14010;6106;6397;-17359
2161;11381;-6872;-4782;15998
7091;6699
-15972;-13224;18075;-16525;1566
-16328;14359;13224;-6922;-5837
14848;-1056
-8635;11421;2815
-15393;-15041;-15797;-4429
9361;16630;7193;-395;1487
17623;-18314;6297
-11588;-17172;9924;12108;12335
-13618;-16567
8843;4207;751
8497;-8130;1147
15764;14426
-10919;-5448;9724;-15360
-5619
-9717
-9809;11969;-2948;5708;703
16355;6231;1727;5887
13816
-14097;3793;-3513
10896;6711;5224;5821;1550
7105;-1538;4827;-8864
9722
7816;-2189
10114;-16581;-7289;-8475;2429;18270
-14733;-3184
-12866;10594;11998
7107;15316;-10153;-13806
15480;-16540;-16862
9440;-2036;-1769
-12786;1010;-9590;-3462;4393;6604
-17782;-2732;17851;10911;5583
18050;-10260;2837;13975;2316;-17182
5394;14663;1967
9604;-2149;-2791;10006;7005;12639
9489;13826;-12900;16698;-5086
-6103;15846
17935
5669;-7321;2235;6445;-1376
-3989;9644;-7216
-3171;12850;3844;-9974;8248;2057
-16724;10183;2122;-18127;-6783;-17295
-17953
-13062;-13096;-9082;-5211;-10270
-5672
-8611;-9349
7319;-5742
17961
1579
9363;-3686
-7090;-2684
-14631;13542;-8811;12349;7327
4529;-4621;12269;3982;-14575
-5682
-17971
16528;4546;-3476;-12631;715
-11667;9033;-3050
7985;8066;11925;-5904
2368;1376;10136
-14865;9762;13366;3959;5854;-4192
-6866;14755;14903;-7002;10383
-9337;-4554
-16534;10440;9739;8109;-13263;-4191
13894
-1609
-9108;3402
-13898
11315;-17023
10434;-2195;-16660;9864;17609;-17440
15665;-695;-17240;7272;-18361;-8735
-18000
-13011;-2149;9352;-1563;-2445
-5203;-3652;-4420;-13556;-11326;16046
-5794;17611;16252;16591;6127
-9829
-11667;14226;-4100;5956;-10152
15217;-16760;-14680;15593;14558
-13931
10560;-886;9767;10876
-13937
-7398;-2022;11070
4472;-8138;-1388;-3215;14015
343;13597
1653
-15413;2246;11513
12275;2808;15243
1648;13649;-10549;-2983;14839;5532
-1660
-5758
13350;16989
-11459;17365;18022;6415
13960
9865
13908;3127;13311
-9867
-10040;169
6550;-14218;-4141;-14448
13968
-1781;15092;-17437;18095
-9874
17488;-13731;6117
9334;4638
17312;-17044;2980;-11447;-9885
6005;-15900
9896
5806
-4389;-5517
1715
-17723;10366;13183
11904;10534;12454;15753;4333
1943;-3674
-15622;-8982;4472;-10272
-5666;3106;9768;6811
15938;-2328;17832;1369;13979
5193;637
9206;-13881;6411
17233;7650;1990;-1375;-3279
7136;9625;-4044;-6879
-8179;6434
13986;-15974;-17980;3374;974;-2511
-1394;-200;-8988;-15742
9185;2051;7891;2773;-7959;-8094
2256;-12200
-11814;-1882;-1642;1579;-12576
10468;9301;14283;16860
-17890;-17858;-14100;3572;-16925
5677;-7440
-882;-8614;2902;-15047;-15533;-17839
-12946;950;6455;12476;-5167
9458;-17609;10203;-16109
-14290;8425
-10209;-3811;-16024;15911;2473;-10591
18337;2010;-684;10780
-14481;-17602;2098;-6132;-14807
17634;4853;9030;-15932;10765
18434;-3110;-18011;5567;-4656
-14955;9083
352;-6297;-4025
-18162
10381;-12159
-3266;17157;-2298;6574
-1785
7872;-15906;-775;-13806;8542
-3139;2613;-1912;-5448;7003;6766
-9655;9911;17690;-3869
-12487;1863;12414
-2857;12842
14373;-11529;9387;14139
9947;-15840
13092;-12551;5352
-979;15066
8483;-16360;12695;-3388;-7326
18185
-9994
-11489;17792;13226;-13632
6031;-16032
18192
4322;1583
-14098
-5907
2737;2789;6949;9897;4015
14041;8254
6208;13177;-17567
6322;11113;-7422
-13397;15688;-73;-8684;-3550
1335;-15480;16680;15673
791;-6717
-15105;6387;2614;-938;17211;-12000
5826;16931;-18109;13567
-13525;10425;-2974;141
-11250;17182
-15073;-7954;51;11445;2151;-8841
5933
3204;11911;-17131;-10108;6187
-6498;-9075;-9431;9452;9615
-5107;-10935;-14472
13253;-3215
-2297;6013;-1870
5944
-1850
12995;13592;-9340;17228;-16239
-16562;11347;-11495;4474;2187
1361;2947;15366;15766;-4906
-4036;-8405;-11400;1496
18251
10065
-10673;7084;-6478
-7576;-2171;7870
5972
4852;-16798;17918
1973;4903;11387
-5976
4643;5432
-1885
11294;-5311
5905;2344;-5257;-12875;14122;-10224
13080;1099
-136;6126
7686;-14569;-15504
-17828;12965;-2742;11241;14655
-18297
18296
-2435;15251;-2710
836;10117;15541
11046;3162
-6018
-14212
2336;-4113;3701
15907;-5790
-11489;14966;-10040;4635
10929;14933;12697;8826;3694
16438;13879;13241;-16058;15754;-8555
-4331;2395
433;-2276;11047;13211
-1586;14404;-12295;-11149;495
-993;6312;-3755;-18160;-9920
-14388;8346
15072;14227;14676;7128
2992;3057
6050
-10149
10693;14777;-5115;-18396
3984;304;-13033;-8810;11497
7317;-1260
-9137;5108;10091
-18355
12323;-5127;11161
-14263
-12677;15542;16858;16748;-16750;-9552
-4340;8987;7692;17516;12302;8975
-9286;2969;5066;-18108;-11296
5649;429
-865;-5065;-11625;-17200
-7202;-10725;-8142;-4590
8787;-10777
-10182
18424;4056
4275;-16809;14537
-567;-17822
10145;-8868;729
13589;8279;-11664
5089;13195;-18397;-14190
838;5273
-2806;-346;-11152
18400
12754;12243;17861;-8;-12302;143
-15766;-6736
8907;15149;-9743
-7829;-13960;12873;-16859;-13118
6195;-9018;8345;237;12653
12256;6094;-8128
9057;4133;15707;15884;-9982
-2850;-4789;2603;15263
-5732;-400
16466;1959
14365;12253
3499;-1455
10240;-15223;-17546
-7843;13526;-17065;-15248
274;-4629;12572;-4477;7822;2782
15409;-16805;153;7914;15867
-12427;2491;-5454;13326
-14354
-8945;-5411
7809;6392;12443
10801;-9875;17531
4085;12088;2286
6173
-9163;2987
-9372;3196
13040;9904;-17171;5893;8966;6028
-6183
-309;1893;8329;-13149;9420
10612;16475;11867
-8273;11687;6874
7552;13731;-1479;-15546;-2158
3872;-13843;5604;10042;-13147;1275
6196
1412;11636;9533
-4083;-18165;-1789;3326;-1872
-11186;3941;-10510;-4830
-3700;-10680;15720;765
-16294;-648;-6409;10810;-14141
4497;17666;14260;4117;-1565
17473;-6644;4387;8536;7032
13104;13593
-3371;-11040
16384;9569;-14930;-4596;-16410;3759
7809;7954;-3783;-18205
-135;10887;-12540;8014
-3971;13779;-15716;-16101;15781
243;7671;9994;-1916;3598;11215
-6355;6886;-9166;-1696
14674;16869;4758;-13642;12251
2143
-14146;-4515;-12156
13766;11929;-15354
2213;-4364
-2291;-8054
-5828;7983
2994;-9512;-12025
9873;8670
-10675;8510
10032;11062;681;-1051;-14463
-15761;-16633;-13834;7660;-16415;11855
15508;1785;17644
4785;10892;15166
-6273
-10370
18201;13274;-1485;4270;687
8918;-13930;11290
6280
-7512;10027;-16988
-1105;9985;-5218;-10547;9095;12265
10381
-16500;-17750;-6679;12391;6205;16045
15440;-12673;-17783;-9145;1487
13971;-16748;13165
-9938;-12916;7652;-11575
12274;9475;-6536;-9482;-16127
13526;13098;16541
10865;-5495;-17545;-14784;-16208
-10408
6312
-12338;-2178;70;-12350
17797;-6102;15101
4896;15539;13832;-18267;2605
-3090;642;-11268;-4953;17032;-12875
-14513
5333;-17766;-3096;-14955;-5020;4605
-10738;11761;-5094;1839
7681;-16779;-5372;16703
817;1970;-9523;-14451;-13821
1536;-7169;3391
-14532
9760;-15798;807;2986
-3829;-9820;3212
-8645;-421;-8875;-5484;8891
4649;9886
242;6105
5249;9293
2256
17568;9219;13124;17915;-15293;686
17058;7432;10394;143
-15895;5438
10524;12221
11622;5639;-11241;5450;-18108;-12014
-6366
7266;-4996
-11601;-5508;-4061;-17967
-13765;-8990
-11105;-7186;7017;-2731;16506;7965
-8418;5285;-3014;-11144;-602;-4863
-11637;12277;741;17030;15544;-11200
-9252;-1156;12028;-12093
1379;13861;6905;-8493;-15934
-3364;-18087;17704;-14923
-17698;6612;-18157;-14079;10590;5870
12178;-17408;2943
13251;6836;9653;-7129;11822;4719
-1541;6887;-4328;-11504
-10307;-6196;10634;-2670;-12526;-13999
-5236;15069;655
-5682;-12132;10359;-5336;8923;-6623
10339;2809;-14941;4095
-14595
10066;-2505;2937
17426;15107;-15924;-3432;9751;-16525
-10500
15442;-11;-8413;10700;-4032;-11376
-5637;-775
-15425;-12998;3397;3111;11405
-17649;-1667;9094;2923;-13373;18351
-14913;-14651;10058;2554;8763;-6432
11628;-5200
2036;17740;11229
-15730;-2519;-14222;5551
-341;14972
-8468;2027
-14487;-12152;-6045;-18303;-8704
13696;16182;-11148
9120;12738;-7221
2360
-14420;-11828;14985;6969;10751
275;11706;16747;-17069;17422;-14431
-17985;-7956;-13289
10566
9232;11985;-10596;10907;-16078;17405
11252;15797;13029;7357
-9618;-7543;59;2638;-208
2905;-9386
1186;12142;-10944
-17473;4112;15747
2401;4885;3295
-6490
-6493
-11409;3381;805;1655;-1212;4382
8597;14282
-12241;5098;8139;5499
-12833;-8120;-3002;17642;-16572
13217;-6809;8285
-4243;-10452
8933;55;-7114;-16571
9536;9633;16246;-12543;-1487;-2592
-9170;4981;-14038;-2074;-2237;11932
13013;3973;-6381
-2887;-15591;15687;375
1040;15942;6169;-12734;191
-4162;313;10362
-14707
4627;-6693;-3335;-18430;-15455
12752;-13138;-4119;17610;-16734;-6991
5045;13943;7306;-14363;-13820;8412
-15457;2227;-6953;-17867;16283;15243
-6220;8652
8421;4010;-16220;-14926;12622;8526
11633;-18059;13163;-208
-628;5531;-16589;-7646;-3583
18354;-10085;6456
5459;10596;-555;7419
-7315;6914;-14324;-10699;17050;10813
-545;-7714;-11433;-3262;-8158
11616;6788;2181;-1094;11625
-10662;-13800;-10751
-7617;-11213
4449;-9881;-13403
11697;13495;-8602;-14139
-11074;-17106;-16747;9706
-13981;-13053
-4194;-14648
12755;-6535;-14999;2124;-4000
9426;17606;14296;14383
13781;1608;-4733
-10659
-4514;-13795;-8736
-8018;3826;15924;-12182;230;-10447
-11522;14738;-16808;2924
7650;-14312;-2172;11310
10450;677;-17707
-15586;2593;-6051;259;869;15431
10676
-7554;-13768;-1545;-508;-3693
-8306;4770;12131;7063;-18153
-8578;13977;-11996
15840;12947;5717;667;-8094
10698
-13122;1874;-7648
6609
4400;598;13900
-14804
5536;10321;6630;-7479;-8040;11931
-5110;17324;2590
-11034;-3775
-1572;10965;3480;18319
-6040;11720;-2153;15596;-16189;-5456
-5122;3895;7848
-420;2696;2888;-16282;13645
13296;-5108;2532
-5656;6509;18061
2244;-3880;-12873;11369;-3488
17078;7192;-13546
6628
-131;-10598
-8450;15082
14832
-16008;9239;-15658;15785
2558
-14792;2284;1742
-8161;-7730;-9276;10430;-6751;6623
1009;-2758;4328
-6931;5844;-17883
6963;10915;-8152;17436
-9009;-14339;-16596;13635;15528
3699;16982;-16939;9036;6205
14889
2603
-6945;-11283;-17145
10225;17045;-15943;11757
-5820;7372;14463;11167
14898
8155;12811;2126
-9108;-8191;6494
-16359;-15357;430
3937;-14744
17509;-2152;11833
-7108;-11814;-2587;3582;11215
-8019;-2853;-6969;-1452;-1872;14447
10817
-4610;-5143;-14381;-3070
10820
-6725
-14674;-5814;-5742;-17359
15232;-13187;-8772
1365;-13383;14649
-7171;17334;7882;12091;9359
9413;869;-10280;10824
-3798;-6471;-12071;-13065
-15097;-7177;-4940
-3335;5530;4540
-11252;12372;-9000;666;13949
-13763;-12323;17829;16134;-11962;-2652
2643
6041;699
-4497;-7234;-4629;-15003;4190;16334
7476;2997;18263;-15946;-16927;-6703
2648
1431;-5561;16123;-9341
-13492;-13416;3775
-9922;-16532;12387;-9070
759;-8332;13612;8909
10853
4850;-10042;18350;-15824
7045;12006
-8102;710;-12280;17003
17545;-14666;-14172;8621
1189;-12057
10869
-226;483;-13525;-4170;-7259;-2557
2134;17384;11832
1456;1510;-6746;1099
-8837;11518
-10877
8032;-6616;1543;16110
-2833;-7158;-14999;-16407;12712;1421
4945;8530;1335;-15516;14764;-16752
-10308;17190;12124;4301;8062
16983;-14285
-4307;615;5085;-4094
9236;11510;-13948
3284;-18283
1090;-17411;15828;9175;2074;-8044
-12788;14409;-16622
-1988;-12534;8330;-3902;-13103
7848;14681;15293;-6431
5954;-7236;-5579;1802;-5854
2833;-17843
-2723
-2242;15688;11725;-18352
2519;8392;1803;-2045;751;-14144
2724
15013
3143;-5871
-3716;12393;-1852
6826
-3768;4855;8990;17231
-10198;8953;16268
8578;9491;1766;2152;4957;12655
-13585;-7345;10455;6793;-3151
10929
-15498;18235
-15027
5973;17247
-9732;14135;-3660;7790;-1696
14961;-1914;10586;-12748;-2524;14860
-4265;-14863
11378;-4614;-6445;-3070
5527;1324
6852
-16897;-35;-5013;-15689;10297
-10956
-8434;8945;-18339;-1321
-2083;18290;648;-14091
-17690;-6684;-14972;-16669
-6698;-9244;10747;2428
10549;-17415
5108;-9914;-14748;16781
-9395;-10835;4020;213;11254;11613
2775
15577;-508
18419;17131
13888;13249;15460;2187;-17423
9177;-16063
2524;6588;-11694;5375
18218;-14843;3515
117;-7008
6890
-10382;-608
-6229;7510;-8616;4536
-6897
-12482;-16312;-2680
13538;6249;682;9292;-6479
3351;-15166;-11471
-11185;-3910
18001;5542;4792;3112;-12250
820;6091
-9047;15639;3834;18266;10987
7362;14899;-56;12151;13516
18192;1042;-12319
-3330;6153
13235;12405;10344;11896
-5589;3320;15788;13887
-15123
-8981;-13945;3706
11681;13332;-6350;8749
-2837
12337;-17098;-10366
-3345;-12966;-1943;-3961;15277
-3420;-5759;-18240
1494;-11018;12521;-16876;6940
-2773;1798;-8711;-13646
-4872;-2077
-17268;16151;-18122
-18194;12986;-6221;4477
-11049
-1857;-7052;-13854;-8766
-6356;-8791
-9845;6985
5248;14116;8072
10245;15610;9775
10423;6775;-2045
-15159
-11122;15081;11199
10498;9875;-5949;17133;-12302
-16273;3541;4520;-15354;-3885
-15563;8589
-9266;-5901
11070
723;-6409;-17676
10577;10484;-4773;-1119
12387;-5368;16344
5173;14094
-15589;-2247;-12951;3454;-12416
14208;11634;-12199;13527;8487
9299;-8791;7671;-3546;-12382;10639
7043;-16027;16524;-10432
-15633;16787;-16335
15731;15973;-13977;-1868;11613
9793;-11828;-856;-8203
13296;-12104;-8192
-14705;15478;13226;17578
7767;-1016;-17853
5633;-9125;-3517
-3146;6058
15395;-4264;-8475;9852;14989
15214
2961;-5252;-12965;7386;14893
-65;-18010;11051
610;12068;12682;-10141
11113;10
-9970;-16066;10513;16182;-7688
-5809;14325;5638;-4041;1146;-127
4162;-2212;-14361;14430;-17359;8302
7248;2099;5277;-3488
-11140
17608;9918
-5426;10581;14682;-16507;-12830;-1647
6818;16707;7974;5782;11111;-16765
-12274;-13959;-4764;-4733
4512;-17649;1979
3960;5389;-7550;-17792;-15648
15633;7817
18113;15048;-3756;13740;-7343;-4159
-7069
-1850;8329;265;9786;2827
-2307;5818;9355;15884;-1583;382
-13813;-11671;-8792;8058;6860
12244;10970;-7643;17019;-9134
11850;-14828
11120;14241;-6450;-17480;-8217;13869
11664;-130;-12967;-1385;-8364
-2915;-12364
-2555;16731;9295
-13575;2538;18127
800;-6643;-5319;-12317
-3000
10982;-17769;17979
-9394;16964;3001;12910
8321;2874
-11155;14159
11011;-7998
-15305
-15271;1192;-1228
-11057;-158
9696;13807
12675;11972;5028;12311;14286
1298;-7612;10894;6639
-12438;-6503;-16857
-11223
13685;-6559
15908;-424;12919;15447;12429
3032
3649;-10501;10822;12653;15087
15328
-17699;-13924;-4190
-5457;-8983;12646;8935
-4915;3414;-11082;5438
-2070;-2311;2938;-4107;-3180;-14800
11245
3654;-14903
-3064
-3845;-5672;15239;-600;1883;156
11258
-6835;-10260;10117;-8377
18080;1489;-4214
-9219;-1283;-10518;8872;-15498
-369;-1332;-15543;1881
3812;-6892
-11890;14914;6020;13915;8798
-11088;-7024;6831
-16982;-3703;4011;1293
-9126;1935
-16786;-706;2109
17009;-13126;7639;8394;2398;5358
-3489;10686
7475;15527;14487;14328;4379;156
-1731;16168;-14475;-3067
16402;12230;-9992;-12314;4970
3106
513;-18086;2174
-16433;-13845;682;1899
11122;16574
10816;-13941
-4517;3608;-15162;16233;-6299;-9278
11319
-13004;11004;9229
15280;-2626;-12390;6966
-14501;2133;5398;18298
-13761;17781;888;-16237
5364;-14743;-18335
-14465;11324
-15430
6709;-18134;-17080;-2347;252;6973
4499;-11742
-12034;14978;-12980;-277;9339;-6272
11521;9297;-8195;11007
-16058;-11387;-16668
-15443
2419;-10551;876
-18085;3178;-2891;5070;-6816
5187;-11750;3402
-6081;13342
-15455
-3473;3888;-9685;8869;11337;-3674
1043;-2917;-13899;12604
13286;-2615;-1864;-11976
-8211;9014;14441;16218;-3711
3242;12221
15506;8787;16327;10503;3528;5868
6257;13302
11367
15465
-6737;16851;14790;2967;10845;17711
11376
15413;-17977;3993;-4619
-5465;2073;-8476;-11869;61
-4931;14451;-9348;-5099;-14654
-17286;-6391
11319;9307;15341
-12710;-3850;1068
-9398;16524;6142;2223
11907;17400;6666
7303
7305
-6087;-2377;1933;3311
-8118;-10471;3081
-6947;6852;16996;-5206;-18198;13821
7318
-10130;13357
11520;11748;4536
-15518
517;-2714;-5131
-12296;-11416
11697;4744;9513;-2939;12987
11489;-677;4711
11312;12960;5185;-2902;8698;-11536
15281;-15224;14906;-175;-18031
7339
-5539;8084;11883;-11453;10798;5855
-12773;-2760
14882;-7880;-11208;-12169;12954;-8016
11938;-2521;-11050;-13901
6194;-11876;-9855
9570;7801;-10027
7346
2976;-10515;3331;6169;12041;-6654
10977;-17219;-7844;17337;-16302;-10688
3842;12968;-9454
-8904;1545
-3299;-12254
-3746;-14180;1221;13438
-12850;10866;18005;16603;5147;-14014
-7374
-3279
-13828;-15444;17796
-16055;-8314;604
6276;116;15927;-10010;-830
4784;9651;14196;-13051
-10738;-4845
12439;-15594;-4236
-3295
-18390;-17206;-1031;6556;-16479;-18192
-1969;16389;12231;-14697;-4557
-15590
-6481;14321;-5842;7268;2871;3453
2579;-14356;872;-8784
-15907;15219;6483;1610
13633;-14070;-12566;-727;-13799;7833
-4195;-9288;15594;-13616
4818;-790;11483;12380
10036;10903;6955
-15699;10549;-16281;10408;6473;1230
1026;-6533;-14198
-7349;10037;9291;3854;-8416
-1078;-6342
-5697;358;11734;4775;348
8822;6793
5600;-12226;-1059;-16647;-11770
17456;4404;-2138
7828;18379;18093
8416;-10897;-9960;-3194
11540
8279;17628;-6174
15643
-1717;1462;-3102
-4950;760;14397;9534
15645
12249;11642;16238;5390;-5296
-9956;11546;7725;6333
9104;-6866;1126
18339;-12404;1526
-13831;4300;-14317
-4883;-17333;-1632
-13989;2201;5741;9422
-8548;-2596;612;-15845;-9768
-2418;13989
13681;12851;-10864
-7479
-17721;-18432
-15895;-12105;-2794;-13342;3887
11138;15366;-6732
-1521;16163;-7148
15689
-15690
-8115;12434;15493;-1704;-6509
7503
3140;-3769;-6879
13032;15738;-8972
8856;-9290;12042
-4696;-6696;10889;1211;-16415
-737;17740;-13583
-3422
11615
-10819;939;15691;5804
4657;5987;1524;1914;1630
-9209;-12729;-6064
-5442;10009;2957
5729;15717;-732;15486
-4374;-7960;-7484
8404;5816;12171;-6574
7531
-18185;-13930
-14101;-1632
5632;-1874;16072
2482;8084;-2582;-906;-10526
8112;10710;-11545;-12042;-6875
-373;3822
-9809;7340;5918
4884;-11526;3941;-5848;8842;-16032
6930;15602;-13204;-15318;7766;-17517
-2822;-634
10241;5410;18183;15993;7802;-17309
16499;15630
3459
9908;-2023;10986;941;31
-13157;5598
16886;521;5771;767
7563
-7565
15682;4170
-10706;15876;-12679;4406;-16751
-17585;-14756;-7172;-17269;8252
-3477
3483
-12325;-8472;18298;5983
15776;-2792;-9498
-3487
4608;-9026;-17506;4665;6349;14398
-3493
7456;-6107;6239
3700;11254;11434;-6511
-609;11015;11560;8840;-2736
-16577;-12642;3042;10391
1184;18000;8895
-7425;4388;-5976;-10169;7483
-14755;13058;10694;2702
-17010;-7346;5286;-13112
-18401;13522;-6824
-12532;16408;-17500;-15437;17805;-447
-11652;-16437
11061;-4519;5165
-15807
-11712
-2582;10197
16584;17000;-11518;6031
3056;1526;-16296
7618
11249;-4053;-1017;17823
-14402;3111;-17579;-7614;15534;-15343
-5959;13144;-7498;-3886;-3247;-16560
14422;15625;-17706;-5485;766
-8642;-3077
-17122;17506;-8101;11894;7544
17873;11794;2759;-224
5978;-1900;14540;-2799
11523;12490
-14227;14293;7564
-9380;5844
12464;-16675;-4423;2408;-10828;13518
-8930;-8022;1975;2088;16426
-3369;1453;12943;703
3050;-3500;14924;13646
-16769;14337;17107;-3831;-1723;-12669
3550
4836;14365;13022
13955;11750;-12519;17434;-18060;-16112
-15554;-453;-17303;-11065;-8332
-3557
-8328;-10888;11562
12822;16263;3146
17425;6561;-16331
2976;-6537
13953;-4546;434;-13315;-5302;1118
6018;-7037;-10736
-13531;4572;-6894
12758;-391;6633;9562;16524;11727
-17043;196;-10488;-7802;-13486
3321;-10970;-11726;15807
-5874;7953;-8635;2987
-7379;9266;5780
13969;-10397
16961;-3804;2703
14946;4278;-15191;-456
10804;-3335;-14218;-12028;5884;-11166
-11773
-10674;-12691;15684
4964;-16853;-3049;7257
-16419;-2036;10579;-9883;5980
-13044;-8756;5588;-475;-16331;-11532
-14549;-10119;3624;-2365;3661;16157
3510;3704;12633;12415
-7445;11893;-12136
-306;-1351;-14685;460
-14947;17987;-7259;9483;10574;8238
2662;5033
815;-16704
15719;3544;-3050;11963
-7714;17571;7126;14007;-11368;4460
-15171;-1589;14343;13465;17196;-12351
-14001;3235;8376;12153;-8811;14943
5577;-4957;11182
6888;9;13787;15695
-12754;1365;6901;14486;13982;4207
12028;-8416
-4964;-3575;-12600;-15247
4161;7491;7483;-11420
-17634;-11509;-5654;4166;-14014;4159
-9655;17372
-3624
10922;-2060;7979;1710;-2640
3626
11818
13650;-5220;12329;138;-17264
-9783;-17947;7386;15309;16863
1026;-10133;4294;-7021
-7738
-10854;13609;-10495
-9489;13133
-1110;-15595;-445;13503
-12744;-7291
-7169;-12869
-13702;3146;-17680
-11491;16661;14875
-117;-13077;-17386;4121;2316
-15778;-10534;11128;15726;-1855;-14640
-15218;-2597;14245;-1831;-10539;-4109
5288;6569
-3668
7169;-10339;-11558;-9549;-3968
1330;2340
2176;1685;-15726
-52;11917
-15962
3674
-2242;-467;-1109;18120;-14443;3821
-16129;-14948;2259;12663;-3915
-8980;1162;-12254
-17185;-18418;-4953
-11885
8339;16567;7466
14835;-5268;6805;-16936;2717;-18144
16017;-8243;-1846;-16378;6237;12014
-3731;16583;16698;187;-17838
14002;4150;-776;15005
-5137;15154;-10341;-5911;9948
13026;16131;2520;-11580
11111;8988
16647;3453
11910
-7602;-2738;-5671
11917
13540;18341;-7674
14016;13602;3972;11160;-14267;12109
-4214;-6378;1164;-6590
17648;-13475;-17175;7334;-9592;3336
-12593;2486;-6427;-11599;16206
6704;18295;-18220;1517;3631
13506;10714
480;4128;15205;4409
-6853;-5324;-12462;-11872
1856;-17252;933;-6664;-3098
16592;3537
11220;-760;3335;-12938;-8701
15075;10390;-17096;4953;6810
-11399;-7815;-15881;1913;-3342
-4305;12169;-4108
-4211;15156;2341;15274;16910;15631
-10180;10005;-617;-11354;-16190
14755;14950;16795;-16573;-17101;15519
16800;10500;5142;10743;9740
7265;4701
880;12046;-5056
11974
-4931;16905
3556;-7342
-11139;13221;13290;11404;-6607
12710;15433;5513;-13948;-11821
-9317;1460;4061
-8202;16365;-3439;9151;-17680
-11998
-2017;10402;1033;-17327
-2613;16695;-5995;203;16971;11324
-7640;13048;14267;-3244;7867
-12011
-12014
-18402;-8674;9668;1272;-12636;-16012
-109;14269;-10592;8447
14321;-17123;5272;3998;5551
-3715;-839;-6495;11342;15823
16117
-5905;-2022
6195;-13909;13796;-9914
6412;17903
-3838
-12030
4118;5373;910;-14160;-16464
16129
3842
17397;-1704;9560;16174;15791;-4224
-3412;3508;-8037
947;7526;16492;3455
18068;-6031
-1603;3515;-11296;-6752
15266;3907;-4217;8314;-15324
6930;1908;1897;7837;5758
6355;-12551;2343
4084;8229;7413;9511;11480
14391;1754
16196;-534;11527;-6797;2204;14030
-3859
9376;10867
4672;-5891;-8292;-10287;11839
-9937;16721;12491;5068
481;15942;-17900;11468;-10142;4014
6021;11657;14859
11073;195;-7403
-2790;-6392;-9385;10604
-2001;17504;15538;-2599
8485;3577
-7394;8027;-8605
-16165
16854;7502
-5441;889;-474;1852;-15998;11198
1610;10461
8672;-2082;-4982;439;14122
-14502;18375;16396
10065;-3860;-15015;16793
12083
-7140;13203;14215
-5866;-10320
-11907;6565;17435
-8675;-5892;-312;-6088;-7566;-4046
9490;-5584
11224;-15131
-12099
-9702;1386;-11979
6304;-2393
-10537;-15996;14043;4477
4128;-4166;-14121;-6122;-6331;-14175
8021
982;16040;11513;-4128
1987;9156;16565;6231;-17497;7966
-11685;3659
16218
14516;-10585
-9400;5467
18027;-5901
11569;-14040;-5560
16627;16804;2455;-17689;2126
14512;5522;-2474;-6811;8010;-6624
13409;7222;14070;16732;13951
9447;14983
-4533;16676
-8916;12868
-6454;15886;-14959;-14816
-14168;-14367
12672;17336;14910
-15016;-2713;2697;3706;-17213
1764;3829;13751;13290
-16255
-5316;13862;11806
-8401;8377;9067;3533;-4511
-16841;-11115;-8782
2649;-14811
1233;-546;8292;-7992;12008;7359
9782;6477
-8071
-11379;-17180
-16691;4514
-10385;6771;7251;-15814
4288;-6130;-3827;-2756;4440
-4133;7908;-1958;13997;525;4029
-9777;-5105;15500;3471;8095
3993
-17878;1640;-47
-18385;-1282;15778;-7157;-17820;4380
-2249;-1257;13881;10015
-4009
12202
-2180;-18216
-11206;5258;1934
-14339;2133
-10487;-5819
-11954;-8453
-16626;13155;5924;18244;4182;-8567
17809;10793
-2548;10165;-15671;14231;18330
-7797;-330
15282;1492;15931
16657;5912;16522;2315;-8701
-4035
4038
17250;-7029;9797;-15978
-9779;-14746
-6870;-10951;-6968;-8989;-15326
-3153;-6934;8277;-13292;2861
8549;9544;-9677;16621;3598
-15720;-12923
-14929;-15379;4822;-13676;-1229;-8733
-1298;-8371;-2420;-4877;605
6112;10250
-12050;11362;17052
1462;14907
4082
-3107;-1827;-15140;-394
-2226;-5954
-6099;16370;12469;-2268
-3505;15857;-4167
16032;-1251;13884
4091
11585;-1860;10214;12534;-7902
-9713;758;4603;-6061;-5968
5909;6377
4095
