11922;-1687;-1707;7373;-15902
5796;2245;7275;3325;-10447
-2841;-3003;-2352
13383;2459;-5709;-18336
6005;-18304
-6565;16501;-14043
-14386;-2185;18249;-1692
-16203;14426;18175
12302
3074;-16611;-4776;3227;-15197;5692
-16099;-18239;17935
-5250;17508;-3710;-4432
-14753;9524;1110
-4120
-1442;13754
-4122
3315;2839;6457;3801
-8221
14210;-12533;13429;11287;555;9948
-8614;-9705;18285
-5926;-3275;974
6864;5077;-11977
-13154;-11058;15982
8230
16423
4101;1689;10634
-13491;-6660;662;-5132
8238
-16773;12135;-1450;3163;2972
-3365;11605
16433
-14081;15186;15650;-318
8245
5174;-17625;9355;-1055
17750;-17806
16440
-12346
-16443
-17364;923;4093
-16444
4661;18248;14040;12955;3404
-7896;1368;-14013
-8371;-12467;-8069;2231;11977;14637
997;-4938;-4396;-1437;5869;-4351
-65
13389;-13455
-14040;-17212;-6364;6509;-1728
16657;1874;5684;-6213;-1549
6626;6594;-6340;-14186;-960
10945;5912;-12687
18138;-9871
-12964;-11689
-9460;7658;1725
-12366
-12794;12778;-13742;2253;-17247
-3665;10548;-6453;12692;11849;-16698
-12374
17474;16132;10379;-2940
18193;2820;11321;7450;-15120
-10356;-8472;-1742
4945;-7507;-4532;18327;-3304;8554
-8295
-7959;-2028;18284
-4385;2453;-3439;-11120
12005;13542;-13151
-11457;12433;-6107;-12845;1308;4268
-3074;10542;-15776
-14707;-11189;-764;18203;-16525;-16095
15638;9287;361;17118;-1327
4308;-9116;13118
-14867;12295;10888
14019;-7748;7796;-10758;-5453;2015
11865;8746
-12486;14892;-6637
9316;-13415;-13641;-6973
12426
10801;2020;10952;5464;3672
-4238
-17729;-15206;6745;-13306;-2155;-11741
-146
16579;-3862;-16960
5318;-10648;7177;2396
-6886;5078;11096;-943
8161;7122;17349;9253;15613
-6978;1862;-2183;7143
-12037;-4987;-8652;5038
12941;-4591
10704;9935
-14646;7622;17255;-11242;16347;5310
16550
8359
-14497;10434;643;2262;442;-15840
11474;6148;16661;-17727
11017;-10844
-6247;10518
-16561
-12468
-4277
9312;17250;2292
9360;-6499;-18181;-13535
14363;14492
14913;3095;-7419;6541;14909;-15470
-6868;-9301;-10300;10348;9070;2767
-3762;-9044;-16054
-4727;-2826;15948
-16388;6645;12045;1997
-12493
16546;-4052
11570;-16565;-11599
9499;-13807
-16596
3537;-6450;2662;-4057
8403
-16867;11219;1333
-11617;12785;9042;-12197;-15469;-11437
-12510
-3148;11567
7393;9154;16755;11981
-3345;17442;12182;-2302;9022
-10674;-1848
7931;16827;-17117;-3312
14611;13418;13690;-9307;-1663;2255
9616;656;10444
13763;-14921;-17229;-10526
12373;5848;-7993;16748;-6254
-1785;12920;15530;6348
8864;9254;7783;13068;6333
9928;6702
-2995;7322;-4079
-8898;-502;14725;11242;-6652;2622
4346
17089;-11173;2038;-6871;15434;-8075
13061;7672
16848;-410;12493;11886;8798;-12496
5494;2408;-10905;-9417;12941;-4878
11929;12908
9040;-16002;538;1323;-17293;-6542
-5749;18300
8834;-7674;-896
-4362
-13236;-16885;-17253;-6093;16335
6417;-14548;-1045;-15223;-4542
82;8531;-12421;2186;3851;14429
2453;1918
17809;-1703;4904;-16638
-4375
-1653;13547;-11613
-10580;5590;17563
-12852;-17287;17564
-1058;-8740;-2778
-996;10939;1420;-10575;-8048;11647
15792;12401;5333;3817;13514;6779
-14145;6883;1082;10461;15231;1263
-9435;5039
-9544;5148
-6997;3351;-9293;11837;799
9090;-9779;-4197;-9067;-8766;10126
-16471;11580;-7710
-2657;-4883;12419;-15029;11927;6730
12603
-12605
12606
13201;12445;-4847
8515
1952;-5979;-11901;16252
6352;10882;11591;-8730;11994;13292
-8628;6340;13194;1707
12436;-12765
12912;10144;-16740;-6982;1894;-9751
8524
4431
8595;-9992;16295;-10585;15084;13710
-12596;8158
341
4439
345
-12636
-14178;2551;15785;-12699
350
9184;6513;8937;-10587;10879
483;-10551;-8618;10141
5192;15641
10961;16467;-5418;7020
1728;-161;8041;-1055
-8724;8361
4752;-14115;-11155;3082;-3408
-6438;-6221
17026;17221;14470;-3291
11762;-17673;15500;-9709;-4350
9954;4179;12806;10303
17031;-12554
5607;-7737;2511
14384;8115;-18149;-15799;11641;-16960
18432;-9794;-17214
-14243;-118;11749;10680;5694;3006
7780;3129;-2331
-9474;6851;-10053
3115;-3503
-17703;-684;1612
14900;9078;13278
-14198;6904;-13067;-14030;17614
16778
-17608;379;-5693;6143
-658;4131;9491;2356;-2636
836;4773;13622;1645
-2260;12326;-14119;-12186;-543
-11507;8227;14921;15049;6621;3951
-11282;-13693
5829;-7704;-14172;15647
-11140;-12885;-11896;14279;6762;-10109
-9985;7107;8028;-3277;12412;-14701
-12370;-2982;-5544
9253;7547
16805
-888;-14089;14555
11267;9366;8461
423
10274;17219;8355;-10006;-12808;3775
-376;17879;-11336;-5740
4525
2148;6429;7149;-9328;-1872
434
17857;5477;-15243;8733
2372;-15104
-6273;13410;13765;21
-16832
-12948;1683;11669;43
-5250;-6611;8499;-8053;-17706
3138;-13027;8292;9179;-3037
-9368;9244;12863
17768;15452
-16838
-455
-456
6604;18428
707;-5639;5389
40;-14617;1818
-15860;-6213;13407
-11601;6611;-6633;-14236;-6589;3294
-4579
15841;17508;4138;-16525
5621;9288;746;5308
-10676;16949;-12107;-10284;6812;9789
-4067;1507;-18107;-16687
15218;-1638;15135;16831
-11233;753;-5943;16088;13117
-16880
-12801;-14466;-6306;-18167;-14296
-4521;-13131;-8941;1517
13361;17720;-11211;-14252;-1022
7286;-1640;7149
4607
-18263;11451;5596;9919
18240;-1045;8954;3035
8705
9202;-11366;-14728;-6652;-1550
-16904
2608;-8153;14248;-9595;-11917
-11430;-15704;-5419;-2941;10397
10451;1593;-17658;-3100
-11061;-13080;-10457;18234;-766;-12064
-6548;-15848;5486
-9665;-13409;-14055;440;-4415;-16767
-4623
-16913
-9653;2869;6255
7380;5436
-14321;4032;-11509;-12748;-2848
11440;9434;7419;11420;-12463;-14432
6165;-14892
608;16314;12287
-18194;-12745;-6464
-10689;11228
-14625;13474;14166;14650;9740
9232;-15772;5325;1757
4496;8335
543
-10739;17237;7974;9622;-3069
13201;-18338;14070;-18122;-15933
9985;6995;7593;-7643
7478;2461;-3007;-4063;18159
-4645
-12838
-2708;-2421;-6167;3319;-13289;12522
14484;-15691;5855
-196;9590;14920;13103
1890;15050
-559
17510;7017;-12012;12621
-15889;-12021;2760;8860;-15822;11071
8752
8757
5026;-17396;2070;-8664;18393
8560;5170;-5030;15526;5017
-573
12385;15738;-11167
-18326;14070;4829
-16513;-7682;-9147
-17561;-4938;18141;-320
-16689;-17842;-3957;-12202;13324;16301
-193;-17639;10552;-4590;-9200
590
16976
4198;17706;330;-2557;-12383;-7888
593
-18401;6109;-9519;-3360
17410;1554;-9940;13207;2940
15073;-9817;10538;-1085;-1437;15996
596
8452;-9049
7830;-4394;9449
16532;-710;-7031
-6677;-2119
16987
-9137;-6423;5656;6861;-1887;5535
-661;-12571;-3760
4946;-17844
-4714
-14609;-7684;5593;-4399
-17219;11635;15356;-9152
17680;-17778;10401;-17981;-12318;2990
-9697;-9035;9918
4464;-16806;6492;2589;525;11550
2704;7795;-9365;6732;-15214;-9663
-17014
5489;-11826;13252;-11645
16033;-7107;-14628;-6201;-1022
3044;12711;-14733;-13951
691;2966;-16327;7929
-5781;17732;-12647;18262;2714;4941
-11028;-14759;-15822
8448;-16897;-14730;-13549;15599
-17044
11046;7096;-3213;-7406;-14735;7871
16997;-8144
-13682;-14323;6083;-5562;-14219;12366
-4436;-17254;16926
14277;11641;-3392;2719
7365;9017;671
18390;857;-8860;-14669;11885;9453
17698;-12808;-11644;-12028;2235;-16894
5632;11430
-10580;-10552;-2988;11150
681
8875
-4049;-8931
-17079
-11288;-4585;-12171;-957;5998;1823
11856;-2067;6712;585
-4800
15616;9430;-5098;3578;-10956;16812
-17096
-10081;-7989;-10230;3957;8333;-1087
2768;-7579
208;18067;-11525;-8503;1036
-8898;14101;-11639;-11803;1135
-8917
8608;-8770;-17412;17684;2331;10574
-4824
-12034;15565;17677
729
4830
-5939;-15623;-7850
-11048;1976;137
-17130
-13035
-11414;6024;-4347;5213;-4415
8941
750
7282;4068;15276;2796
-11031;-1722;-12575
8944
-526;5374
-8296;13064;2988;-16703
-755
5169;-2259;10133
13489;11845
17143
12821;-3063;-3866;-6652
15667;-11014;-9513
-10113;14901;3320;-2873;-13417;3321
-13556;-18086;7916;2478
7850;-12716
16836;-438;-7437
11745;-10360;-7693;-6751
14805;9770;-5421;-6973;13167
-7829;-1447;-494;-15584
13067
-4772;16517;-12525
18130;-14038;17865;11595
18192;7169
17169
14641;-13946;92
-12885;10698;-11101;-12080
-1830;1198;-12448
9955;-8219;1690;-16508
689;17394;-5289;-10012;5005;17582
8578;17442;-10804;10308;-7418;-9120
-12781;-4926;14703;-8656;-17808
11126;6056
14544;10660;17220;-15127;-18301
13093
-9000
-10961;13478;-8247;4920
849;-16723;-4532;1955;9449
4906
-5908;-1796;9603;7103
2048;-14101;14869;12026;-1742
2306;-17972;12326;6458;14078
11586;-3077;-17519
-6547;5209;-11770
15408;-12371;-6886;-17384;13176;-17343
17111;-17112;-12763;-16733
3922;1002
2576;-11872;10127
13120
-17218
11939;8532;842
-3633;769;2019;16028;-14349
-11011;-12531;-7578;3149;2557
3171;-12203
-7445;-1365;-16608
13637;-5942;-17415;12182;-5421;2110
-12273;-708;13092;-9226;-1996;-6124
17568;-16715
14880;-2850;-7445;12661;8553;-8556
-7171;16980;1028;-16025;10143
17046;8390
-8785;-2854;3527;-14472;3705;5726
4135;-9096
-3220;-10054;1097;2476;-15742
-9154;-8514;7858;-6692;-424;16059
15169;11992;2906;-4624
-10021;8188;-11918;8782
-4973
4976
15844;9614
18035;-16166;-11767;-11467
-4689;4768;17056;-13041;-135;-4846
6515;374;6287
17802;15854
-13203;10723;14445;-6975
4816;-12724;7013
13298;13886;-1712
13096;-18091
-6306;14648;-5033;4938;-16940;-16783
-10423;7830;-14073;-12926
15250;-2884;-5717;2228;5848;-5613
-12562;-15012;-14311
17309
12993;-6882;18119;2968;-13982
-9122
5026
-17316
-13921;-3400
6946;6278
-13177;-17835;17339;-15936
4337;-7714;-6743;17419;14604;15900
-5785;-11210;-15293;-17805
-13298;-12245;10796;5613
-8465;-16643;-8939;8268;-16128
-7313;8259
15157;14462
7250;6454;-17083;2430
13241
-9192;9226;-9182
16050;9338;4239
-5056
-369;-4260;-13317;7913;6620;-5741
-13384;-13576;9614
1126;3932
-10884;-3541;15388
5060
3152;17704;8781
13873;10148;-1452;-16560;-6976
-10692;-2565
-11076;4421;-16348;9739;18332
6736;-17909;5769;7338;-2908
4268;-3295
-975
-976
6424;-1353
-12849;-1524;-14808;17480;-1565
-582;1911;-11006;10655
-990
-6801;-9841;-13252;-437;18040;-988
-12213;-9493;16714;5258;-9228;-223
4228;11642;-2589
13088;2263;14317
-7637;2543
-8433;-7179;-14061
12755;533
17386
16165;-13578;2511
-6182;-17383;-14456;16536
14049;3233;-3354;-10876;-4908;-11438
-13698;-10019;18355;-2437;2597;-16285
-14017;-1708;2428
4137;-3322;-15468;13643
11257;18431
-5175;-10199;-2730;6378;-5679
16362;-2011;7149
-225;-3236;2707;14062
-9749;13589;938;2732;13453;4638
8448;-17177;9759
-1035
5868;15647
12737;-4052;-486;4134;-9919;10911
13326
18208;3310
13328
4563;18010;-9244
-17430
-9937;1747;8502;-14670;5117
2832;10506
6784;-518;-317;-13871;2702;6270
-3353;-14525;9053;3677
-8195;1012;-16805;-6265;4622
-4163;13412
13276;-14336
-16452;16502;-172;-5741;702
-7139;-14823;8606
-3116;-10240
15170;-10179;-3811;15911;17625;-17260
-11448;-5901;-8302
-13586;17587;-5076
16884;6839;-10825;-7727
8928;817;-7746;-3987;4374;-15755
-9278
3697;-17316;-4725;-17782;8;-10026
4804;16765
-13924;-12647;17289
-15297;-2069;14022;2252
-9398;-8358;4375
-11763;7412;-4938
1098
-7924;13118
13389
-9295
12790;601
10371;14277;15206;-6414;12719
-13076;7875
-5202
-12052;-2232;-5833;-5568
-1554;-11845
8625;4149;8041;4125;3885;13246
1585;16885;15416
-5216
1121
-6307;-15302
9321
15860;891;9582;-4720
4647;-6778;-11420;-3968
-1372;17150;1742
10088;-11227
-1716;6952
-17140;15992
4502;17127
-13439
-10931;9780
-13428;-8203
2896;17522;11667;12938;-8927;18303
6403;8213;2597;17750;1289;-2333
-4646;8406;-4680;11624;-9550
-1155
-9223;-17725;17599
11271;17834;-11563
-12580;14949;16199;-11929;4040;-5422
13456
2907;-16813;4542
-1240;-4030
-1176
-15986;4513;-163;4213;-5222;3272
9603;11091;-7224
-13475
12179;-1613;5710;-6896
6496;-7842;6610;16262;8334
11408;-1555;15671;-15049;-17483;5818
-1139;-1780;8662;15930
17601;-12226;1602;1219;5286
-9939;14580;5765;-1018
-16291;14757;6693;-3963
18049;-15172;3588;3819;-4991
1184;3365;13144;-8303
-819;8818;12710;3372;13982
1199
-13106;18402
-1203
3045;-5993;17819;6812
9712;-8507
5303
-1209
-1210
12561;4165;264;4701
-6344;-7160
-15124;-6574
5169;16179;3114;-14427;-125;3598
6723;-11702;15401;-3917;2908
-15986;4149;8346;3579;1134
8512;-7290
-8881;-10403;12042;-5165;11181
-3473;12034;9177;-4224
12257;-15736;12039;4956
-14321;1049;16474;-9115;4684
6016;17474;-4648;10679;4891;-12703
9423
-15298;-1698;16708;1524
17620
-218;-18331;13214
-5339
-13534
-14747;1213
4468;2773;6293
7571;-13670;-3341
-11588;12836
8040;-17482
10438;-17896;-13049;-9468;-10876;10926
-9446
16801;-17092;4587;2397;-1343
-7174;15415;1053;5950;6494
10402;-6070;-18294;10763;-8751;-17984
-13552
-2849;17750;3816;-5165
2018;1987;9340;-2333;14510;12607
15410;-16953;6905
15040;-1506;15140;-4140;7948;-10734
-1858;14274;-2371;-8777
-10804;12073
17188;-7142;-3096;-18312;1898
1271
-14437;13164
-3865;-9099;-12796;-6750;-17918
17663
-2276;6195;-10325;-12408;5288;-16427
-7411;15558;16935;-3403;-8110
8258;-4282;13690
1284
-10073;-10300;-7662;15549;7102
-6921;-2559
-18036;-18021;-5079;6890;12078;8591
14458;7311
-12722;-4308;3637;15063;-5528;5148
2897;6450;3220;3989;9654;16041
11650;12982;-15144
-6804;-5657;14219;-8702;5647
-14881;8570;14492;5405
-9492
7616;-2217
-5402
7218;-219;-1597
1409;-5508;-7485;-18399
1315
-13857;-14610;5442;11796;1720
3075;-2041;-6447
12375;-17790
-14193;-6243;-9079;9545;6956;7597
-13609
-3363;-16501;361;-10493
7765;9945
-12545;8948;2270
-9191;14984;1627;-16444;-12784
17713
-616;18335
-4195;-5333
-2104;10920;-16953;-9583
12976;-10442;-1197
1341
561;10017;14487;-15531
-10436;7508;-7414;-6138;-5344
-10148;-6148;-10360;7800;15851;4350
-9544
-5955;16036;-15989;-12408;-11708
-7554;18402;-10343;4854;-13675;-9421
1524;-17958;15079
15893;12807;-16413;-10926
16624;-15955;-8516;4533;1961;6811
13650
9556
-9560
2210;-8661;11915
-9925;-7945;6826;4029;1550
-9186;-378
-12771;14142
15591;-1528;-1672;4264;-2992
-9033;-17515;-3119;7807
-97;-17108;-9160;-15982
10033;-3432;-2107;-12237;-14128
16007;10858;7294
7152;18410;11931;11805;1245
-13680
16308;15255;15482;-13644;1067;11980
13680
-17316;12771;14872;2989;16751
-13795;10732;16572;174
-1398
13316;7541;-11262
15234;-17894;-4987;-10142
15189;14890
9601
15744;4456;17033;-7151
-14306;17075;359;3247;7327
9426;12581;-2380;4926;-12447;-6592
-17892;13956;-11462;5782;8190
-14823;-7084
18180;-4471;615;7583
13723
-8323;-4983;7774
11441;7562;-13472
-13727
4323;18260;17195;13484;-6767
3953;-8341;-1149
4128;-10228;-15823
6400;-466;1873;16997;-15168
2163;3191;186
-9410;7384;-11708
14929;-11835;-12733
-11841;2201
-305;-3539;-9892;14313;8653;414
-2641;-15891;-4547;1177;11227;-3068
-14401;11239;8716
-6020;6532;5125;2632;12490;9375
17847
-13490;-4679;-9819;3837;8734;13950
-12483;16546;-11831;-1769;-12414
-13759
16145;6358;13511;-9963
-14673;-8131;-5142;453;15031;-17691
-1492;13244;-2077
1474;-5908;-17531
-13413;-3798;18326;-2602
-7751;-4503;18168;16634;-16959
-17884
14164;-11707;667;17563;-12079;-18303
-6984;12585
11536;6496;8053
-7492;6586;-16992
-11742;5118;8142
14580;11864;15354;-16334;-7552
6147;-7679
-17917
12194;10163;-15012;-17176;104
-3361;7393;17982
-12210;-5523;873;1998;13327
13826
3350;18230;-11850
12416;1410
15312;17969;-8402;14386;-862
-14771;-11860;-11773
-8857;-4125;-4942
-17412;15613;-16126
-5270;15003
17925
15636;5446;17327
-12804;-1384;17912;1918
-289;16853;9929;-8378;3916
710;17033;1561;779;5566;12767
-8885;18246;6630;16294;-10251
-13843
9749
-7655;7766;-9960;5769;410;13420
1558
51;3300;4118;1867;4511
369;-6420;-10652;18268
1607;-11755;-4572;13148
-12564;6895
16005;-1167;8110;-4992
16848;12625;-10454;3306;11418;605
-1382;-8392
-17849;-5964;-2348
4485;-6072
1349;16782;-8352
-6518;12201
8853;-11884;-2656
-5687
-13880
14052;-12460
5690
-1156;2750
10966;-18119;11118;12990;5119
-16105;10168;-508;8046
8515;-3701;-15062;1277;16526;6335
-9010;7405
7376;10835;-10276;7555;-16920;15323
10768;15384;12318
-4068;5675
-1666;16170;-16112
8629;-106;15579;-6479;-11919
-689;6262;16840;-15049;10632
6065;4146;-15321;10187;3677;5150
-9345;-15476;-9207;5065;-9674;-12139
-15073;6628;-13463;-3735;-14990;2143
3360;2361;5515;13004;-4191;2062
-9826
-9543;-8478
-2962;-7483;-15054;3375
1645
-11507;-10680;16104;-16043
16225;11650;5159;2698;2781
6387;-12985;5593;-11547;2378;4427
-12050;14776;-1072
-17619;-11385;-1323
-615;-13339
16262;18172
18050
13956
12947;-12678;17496;-9311;10862;-13552
-18062
6769;1460;7798;-6557;-6190;14783
3570;-9347
-16564;-13910;4216
-15057;4018;1732;-12587;9995;13582
-1034;-8846
-5785
850;-13796;11925;-17052
13361;10913;-15142;5751;3932;-8928
13072;13473;17059;-8730;17802;-5920
1075;12100;-18383;15103
-8699;4861;13742
5811
10275;-12229;16836;-8263;-4823;-7609
18104
-4065;-3141;14630;17272;-2495
-14197;-12565;4456;-17289;13293
-12913;-13391
17025;-37;-7084;13980;-18061
5823
18113
12038;14270
-8404;-9723
12578;9030;10138;1182;-16527;9918
3590;11499;-5152
-7010;-9658;6730
-14037
-18137
-16226;1924;-6598;6919;-15305;15241
-14054;12297
4913;-12725;15993;633;-2959
11156;14328;5305;11934
-1990;11482;-7727
-9141;-9638;-10391;-13559
-4337;-9957;2853;-8252;-2268;16093
11108;-5240
7144;7161;16140
-14443;9212;7005
6616;11548
-13619;3619;9546;12682;-8028;-5982
-3287;17356
17379;17171
-16883;-7818;17546;14332;-18335;1182
14073
14419;-10486;-17624;-12122;16202;-12656
16354;-14469;-15961
-17073;-15395;-2108
-5842;-10802;17897;554
6016;-2691;-1080;-16617;-9566;-2447
-850;-325;-8829
14338;-9364;-11604;6196;2248
-14106
-10016
7672;-17690
-5922
2753;2124;-10800
12646;-13625;2570;16620
-17026;-17191;-4477
2388;-8314
3221;-13574;5145;-719
15570;6102;12894;-12255
5365;-3610;2618;-6989;9229;-8446
-16982;17446;-6398
-9892;-8330
-18227
18230
3831;-9435;3755
-2755;-7162;15869
10049
-7649;17563;-15872
15122;7240;-7979;11835;-12063
2465;17242;-14395;-12128;6319;6463
11201;12771;-9797;-16
11606;18348;-8543;-15440
5973
10379;-13565;9166
1890
-12183;11339;-12654;15502;3983
10085
14929;-5368;17192;-12571
83;-9189;3435;7566
-17764;7956;630;7278
5998
-17704;4700;3420;7678
16754;9394;-4343;-3625;-8078
6007
-18302
6675;915;-822;-15628;14876
1922
-6051;4127
18338;9415;11885;11439
-18312
-18072;3855
-338;14556
-14220
9537;5570;-3000;-18138
-6881;-6308;-17893;-8905;-15199
93;-10224
-14227
-2130;-1043;5956;-9913;-3003
11361;6849;117
-962;-2963;13060;-7190
-18034;-2051;18139
6046
8864;7109;-5830
14239
1952
-10406;8453
-16706;-3119;9679
-1755;16923;-9119
-14244
11570;-3574;14874;7758
2672;-11845;15228
10153
-251;-1712
10156
-9078;1416;1599
-5972;-5384;8553;-10574;-17262
1750;-14793;-17597
-10160
-3154;-16211;17412;-15
2456;-17163;-15935
10161
503;-17771;15294
-18359
122;17852;-15984
16818;-693;-13895;-16364;8044
4021;11641;15005
8256;-12418;3681;10580;4185
-14287
-6102
2007
-15430;-10726;15718;2970;-15021
-18397
5733;377
-3826;-6383
258;18142
-11010;4894
-9046;10437;-3689;4317
-6901;-3929;-3259;-13918;1407
13442;17671;16875;-13196
-8195;-2420;-15189;-14022;-15448
8898;-10533;6742;-3081
2881;-4812;14316;10124
6372;-13141;-14840;11387
-2897;1414;-6924;-3997;-1182;-8926
-16998;-9610
14320
-10226
-10227
11880;-13915
2036
-2289;1603;-9545
2809;-4848
-18424
-15441;-5043;7400;17112;2108
-18249;-4272
-13171;-11908;17240;329;1372
-2916;11531;-2477
-5091;-13336
16157;14557
2043
14336;5756;-1664
1986;17795;10165;-3325
2705;15571;-16183;-4141
-3891;18277;-16390;-5414;8200;-11024
6147
-14823;-5976;4139;3932;14780
10231;18046;-18032
-6507;-11852;9293;11119
-14612;12557
12612;-14667
5280;7972;-16683;-6816
1267;-17844;6329
-450;-1379;6866;13402
11425;2918
-7065;5005
17876;16956
-5347;-9223;-13192;-8766;15757;-18159
-8119;-441;6651;-12446
642;5203;16701
18048;-3693
-12311;1526;2089;-14672;4911
-6170
-17292;-447;-8496;-4512
-15464;-9978;-1211
10269
-17969;9698;-1844;-2135;-6221
-7336;-7039
-2723;-7876;6787;-1078;-16383;-5391
-2114;-4083;-16373
-5495;4342;-938
-8561;-9365;16725;11483
10421;7558;-1723;14507
9840;-7746
1763;4901;-8984;-12063
-14385
-8388;8915;4805;-619;7899;5868
-13297;-10655;5470
5168;-11749;-11901
12003;-13702;-7255;-9535
6432;14264;-6314;8442;-16623
-3586;15123;-11338;-2730;-4541;13278
-9596;-3820;-992
10311
4386;-17716;3013
-9234;-12611;15624
-4597;6693;-5767;-13385;8730;-14283
-17523;-16741;12750;-9295
-10329
7953;14114;15348;1540;-17606;1269
10921;-75;8590;-13199
15540;13556;1722
17973;-17766;15879;-4443;10988
9585;-15996;-3934
8518;9656;12652
1234;5017
-10350
12646;-14807
-10077;12238
10354
-14193;-16498;-1495;-3209;8654
4496;-14937;6233;-14395;-8144
5233;8353;-2552;2376;-1869;-13712
-4211;2390;-6090;-2235;-8414
-13943;-8715
-1761;-12801;-5938;10995;5572;1754
-8371;17929;-283;-7422;-8128
14561;12562;7044;550;2666;1660
-3473;-4883;-4298;-18203
6282
17249;1938;-4343;-16679;25;8092
-10436;7124;-8662;7350;-5758
15056;-16530;1298;7486;-9504
-8673;-14014
-6306
-5105;-14341;-16779;5343
49;-7446;-18140;11039
-13811;-1942;-7272;1070;-4832
-12593;-15714;354;1164
17538;227;4982;-3783;-14648;14281
-4082;-9338;-17883;413
5537;-2645;-17399
-10147;-10585;2127
11345;1873;1963;-12653;-17040
-2001;-12973;8652
-8281;14602
7753;-14080
-14870;598;-12540
-8603;-14508;395
6340
15872;-5912;14441;9515;1101
6868;-1320;12919;16347;8398
336;1362;-3564;13134;-4912
-14550
-12838;10573
2264
-3533;-6925
-17414;-5128;14379;6827;3404;-12528
-10460
1793;-438;-1687;-1936
-16739;9111;5359
-12417;-6979;-18148;8181;9351;9545
-802;15368
-6378
7041;17057;-17734;13513;-1211
15187;-15576;-17626;-12940
14571
-467;-5914
10481
-14585
10488
-12759;6362
-17043;-1644
-12775;-14105
2018;4856;-11405;-10847;-15407;16191
-11057;3399;5351
6404
7101;11598
11570;484;14632;-13930;8025;-6171
-11476;2677;13189;5630;4591
-4225;4400;-15892;1660;-12846
11093;806;5718;5657;-4556
-2336
-16308;-6729;12587;17595;5516;-15007
-18220;7678
14641
-14642;15146;-10155;13419;-13981;-333
9270;17432;15769;17227
-16833;-16674;9313;8099;7960;14588
-16760;11209;-4411;-5886;-9487;-17984
14647
2051;-1316;12916;-7195
3699;-14254
-10273;7088;9644
-11139;-18404;-3588;8916;-10919
-1982;5550;6990
-8771;-9078;-2842;-4923;15195;-8333
13907;8826;-3981
15044;-6509;14318
-10567
65;15747;-1420;-12016
2544;-10617;14556
7776;-6147;1351;-9465
-10401;4899;-13332;1267;-4764;-4637
10584
13601;-15140;12149;-4998;-4057;-12140
-17651;-4069;7110;-10808;6637
941;9647
5762;-1768;14795
14198;12783
9083;5612
2408
-17589;-12441;-4348;-18142;-6480;3343
-13713;-2119;8043;5678;-16687
-2418
4288;4626;9668;221
8528;-14747;-7773;-4813
-14545;-3208;-1053
3185;7235;-1883;-2015
6524
-14868;-16292;-13098;-16238;-11568
1568;9667;13460;14937;-8571;16427
14724
14522;8396
13282;-6745
14732
-17989;-9035
-12193;-5366;-17658
-9011;14488;12970;5979;2604
13841;3362;-11001;4444
-7062;-6777;-2652;-6445
-11705;-7135
17329;2101;-17274;-9419;13818
15174;1222;14599;16526
-14404;-4455;-7672;-1577;12349;9197
2914;5508;-10888
2471
-1251;-9992;-17867;14349
-6825;255
11840;17907;1322;-11756;15756;173
15744;3395;6308;5767;6649;-14909
-11400;6153;-1327
13171;-2070;-2282;-9322;-7627;-6637
-2740;17508
18355;-17190;11960;5743
18356;4568;7565;670
-5224;-11305;-2348
-4417;-2694;-17576;6104;7019;9071
3016;-9707;-16557;-13072;-15328
7319;11561
-2497
-6596
10693
9506;375;-16329;-4252
-17896;15388
-13988;5337;5469;-10862;-17136
4019;-6837;-8347;463
-2514
-10706
11860;16582;-10138;9035;-9885;-2653
10569;16812;11998
-15796;17205;-3928
-4841;11455
-11460;8248;-4668;13901;-3503
6257;358
12481;-9618;-326;-10912;-4832;6591
4802;18422;-17336;-17945;7144;-18093
-8438;-14569
3320;-18140
-6652
17377;17158;-15594
2557
-12961;3985;-3730;-917;-13515
439;-12459;5359
-8194;9912;-16572
3221;1734;1710
14860
-11233;13489;16701
-17089;4099;-1990;-13370;5294
2578
2288;-13068
10868;16381;16302
-2592
11580;-18269
-2353;7058;-13161;-15404;-15599
16897;4340;-4101;7447;10780
-2050;-8071;-3369;2874;17613;7887
-10931;1190;4504;7833
-6337;1317;12709;7199
8276;-4411;-5773;7327;13567
2289;-10885;5989
1747;14739;13907;-12184;-7403
-10626;-7638;8325;13995;10846
-11429;10533;8150;-18327;-18315;-14187
14289;15076;-922;3339;-16879
-4085;12601;16745;-16589;-1471;11807
-2932;-9816;14153;-12223
7253;12646;8151;-14923;12172;-2191
-8113;-8521;-11086;12799
15040;-10886;-13990;-5086
-10826
14919;-8811;-16974;4126
-15137;4300
2064;249;8525
12243;-14891
-14939
-8659;6967;-1817;-3246
5939;10166;-3769;-1486
4377;-13806;2670
-4331;-2430
-8243;-16436;-6660
-6764
14277;4615;12730;-8475
3568;11873;7334;-14552;10831
17680;5155;6820;-6505
6768
-5668;14883;16907;7564;5100;-3341
-3537;-10625;-13122;12707;-393
-2692
-13350;-13918
-6790
7996;15197;-4112
-6513;6054;14215;-17977;11019
-10895
1061;16317;17710;-3712
-10897
-12836;9929;17342;12847
1257;16827;-8700;5244;12654
-17715;-13849;7018;5053;-10846;3055
-17700;-17781
2772;-60
18008;-2926;9373;-5359
3377;-664
14888;-8638;12847
-13459;2552
17842;11938;5706
17237;1868
-10916
-4737;-14394;-12267
-3205;-15334;-3414;2840
-6227;-229;18102;-14377
-10924
-13363;17880;11051;11741
16064;10969;-7915
-8817;18225;4099;3324;-14095
16481;-4302;11038
-1189;-5285;-12651
-2744
2785;-1299;-12468;8101;135
-7649;13785;17881;17995;-6494
6849
-6149;-10381;-14878;-4127
-2049;-8789;16469;3607;9704;-16176
10961
-11426;9093;4406;-15080;2120;-8269
-14772;7901
-4823;-249;-16090;-2094
5731;5604;10217;-17738;-15117;8526
-15009;-6822;14103;-4074;-5563;6394
8466;10418;-17717;-13481;15096
17377;6898;3959;-3032;8938;-10876
-1318;7398;15752;16441;5471
-7190;-17224;-5626;10729;8523;-8382
-15812;732
16530;-8236;-11087
15053;14717;18079
-9042;13259;-1727;4399
-13477;-7436;9532;-15998
13648;-16451
-2593;-8403
-6901
-3267;-10404;11893;10041;-6927;-12335
2811
-8785;11599
14131;14196;2820;-2201;14828
1827;-8740
-18289;-225;17252;-9173;-14889;14315
-2228;-11892;-476;-8702
16882;-16287;6318
-3013;13688;-8954;-3980;3451;-4013
16784;-12279;5655;-16716;-16752
-642;2742;7259;13565;-6351;10831
1859;13317;17546;2876
6051;-4150;-15719;7047;-12446
14336;3620;9188;-7927
8690;-11976;15065;3070;-7920
-9027;-16452;-4935;16951;-18047
-6423;13382;4075
-8856;9065;6730
-1159;-17015;-4472;-4317;-16334;-8704
15139
8722;-8314;-1389;16125
-9506;16915;1812;-17878;11515
5492;1464
6959
5986;14477;-13504
18402;10071;3610;14042;-10493
-2869
-7938;-10291;15091;14599;-15353;10858
13138;1571;8646
-13683;-3860;-16279;-18173;16094;255
-15812;-325;5003;734;-671
-2564;-16700
14688;9200;-4625
-7874;-1302;13525;-11991;10701;3919
-3796;-14582;-11741;6751
-14245;9989;-6825
9488;17537;12727
2890
7110;17766;6635;-13197;-3136
11041;17508;14235;17454
13269;18220;79
-8982;15975
11094
992;-4293;13623;3978;18014;-736
15443;-2039;364;-2669
-15197
-5969;-8065;9282;2055;-17753;-2941
-14897;-8258;-18050;13718
-10260;-17232
2916
8456;-3004;-11501;10108;-15168
-12901;6676;17703;-12846;16573
9826;-2296;-3789;781;6589
-9187;-4570;-6334;8974
11954;13464;650;16955;863
7026
-9970;13755;3244
15224
-8241;18080;-15255;12587;-14016;-8384
6016;1509;11799
273;-13897;14523;10235
4897;-14405;6553
4304;194;9372;13663
8822;11962;-17824
-18001;15394;11890;8244;2503;-8876
7058
15257
8096;-5126
-262;17208;-13247;-10767
-9012;16079
-242;-12532;-6586
-12485;8441;15215
1985;-2692;-2901;6726;-3432;11485
9380;-3142;-167;-15224;10250;1884
17892;-7387;8078;4879
-2439;-715;1548;4588
15476;13064;11308
10961;1714;6693
9681;-2616;8207
-5746;-3708;5019;15615
-12051;-7863;-12489;74;4762
11182
15460;10811;-15086
9152;9390;17230
-12225;50;-13110;9991
13664;3889;-18168;-3709;-17101;-14350
-15297
14977;-17286;10986;6622
17987;-3525;14037;4825;12170;2575
12195;276;-16734;-6943
12330;2971
12944;3858;-8246;18390;15560;5565
10578;-10164;5492;17591
12197;9944;3230;-5968
-3622;-3495
13761;-7749;-14087;-12265;9481;13882
-9652;2245;6503;-16619;-9629;15932
-7650;-12994;-16595;15957;5962
10725;3336;-7418;8681
4131;-6232;10601;12858;-5646;15997
7458;3652;4217
2290;11379;17527;5499;7307
-7202;-8660;-406;-16135;-941;5724
242;5426;8867;4893
-12914;1673
7809;-2482;5762;15173;15447;-5884
4226;-16056;-11709
4004;4728;-6474;2122;-10987;3547
-5522;12086;-17689;-16511
16505;-14704;-13056
-10898;706;-11317;-15574;-142;-10894
-2065;13952;-7812;-13061;-2860;4686
11248;1954;11703;5545;13865;-282
11268
10067;-2893
15367
3082
-9889;8205;4767
-17604;-11638;16935;-17580;-8300;2332
11278
3088
-15377
5856;1329
6586;6906;18269
11139;-4052;4196
1620;-2651;16412
13139;13747;16421;-15629
18212;17660
10525;-13630
6195;-15492;12404
14788;8406;8732;9517;-7534;6063
6489;-12554;11866;17343;12735
-7541;13975;6696;-92;-9919
-7217
15669;-17834;-13248
-12659;5436
-13222;-12521;-6666;-9434;14218;-12368
-11322
-4373;15414;-13979;6220;-10509
-13645;-12894;-1550;381
-16619;9771;-16768
423;10906
-15427
434;323;-5193;8232;-1449;793
-7238
12054;-5406;8782
15907;-13684;1112;-10575
-11337
7246
-15987;12883;-8474;332;17774;17103
17791;-2352
10086;17976;-12621
-4561;10139;5404;4460
-802;-13091;1171;5470
2772;-12424;14168;-15866
3158
10148;-17174;-10007;-6249;3737
-11355
5952;-14613;-14870;-14507;13996;8590
1861;5371;-15101;-16320;-15840
-7261
12881;14419;11883;14843;-5421;-16768
-7269
-14405;17580
11446;17719;-10461;4956
3185
-2185;2825;-3243;12574;13695
17076;8987;3932;8637;1421
50;8022;-18411;13530
9664;10421;15301;-15803
-1362;-3270;-2920;-25;-7915
13633;-6333
4311;-13145;-1210;-3050;-6495
-7490;14796
9392;15845;18069;8663;6409;-10112
4979;-14375;7819;8396;-14127
16754;-1173;677;11017;-11771
4997;-6991;5215
-9122;10721;5718
16084;1273;10441
6385;17777;4551;3182
14498;-11892;-9927
3458;11305;751
18025;-18075;-15468
12656;-15887
9507;4854;1770;11947;-8461
-12727;-15146;4158
-7716;13798;14327;15595
-12677;-11070;30
15525
15527
1466;18236;-78
16696;-2474;8749;8942
-18009;16173;-5503
5122;-6710;-13947
5783;5658
13942;17980
-15541
-4645;5754;-4363
6160;-16756;1911;11944
-9185;-360;8248;16590;4351
5665;9890;13433;-14765;9518
4404;2953
11168;-10995;-4917;-11814;11054;-10047
-6532;-18184;-17627;14495
-16603;-3053
10824;17023
-13238;-8056;13895;-8168
9394;-3716;-14184;-1068;-14189
-11093;-6213;9918
1520;18158
16641;7140
-7717;16733;2479
-5893;1338;3787;-12092;-15020
-8067;1955;-16342;5767;-15290
-3896;588
-1046;-10455
7408
-13809;-10200;16856;2040;-1402;-9086
8290;17556;12884;13400;16719
-16388;12867;4006;-7896
-6898;-4612
-3509;14839;-3915
18224;-6706
12192;12322;-4199;11687
-4019;16264;11566
1462;7639;17291;1469;-4048
16769;4379;10443;12703
7666;2643;9721;6570;-270;17966
-11532
18240;9893;-218
-452;10741;16645;-12505;-7115;-14751
6594;-277;-16136;17256
3350
-9762;-9138;7356
-14865;16514;-1109;-1734;12742
-3972;-7581
12389;-15751
11555
4393;11260
-14117;-12005;-5917
15658
-18348;-13696
-8180;-17735;13594;-3341
5697;11538;13106;-17732;6277;13164
7474
-8945;-7877;-7116;14589;-10415
-12625;15856;5059;-13897;-1869
15670
2640;14611;6374;-9261;9500
9456;-1235;8275;3277
7486
8656;-18177;1650;4594;-16499
-15570;4646;11161;9291;-9326;-11790
-9553;-9634;530;-8835;11806
2470;6202;2926
-11600
2772;-7846;-17415;-13693
13923;-10508
11609
12578;195;2468;5463;16524;15343
-2082;-5434
6913;8950;-812;-7536
-10930;-12259;-18052;-10005;-10903;13672
1152;12570;-6205
17936;-18357;-14407;3212
-12995;-14196;6729;8843
-15249;15879;-12251
-3284;8979;7539;-8587;15167
2406;3078;10235
-12069;8185;-15933
-2797;-4733
-7940;344;6012;-12317;655;9807
-17814;-12536;-2653;1004;-11151;2846
-17941;-8982;5740;13645
16453;17448;-7470;-14798
5826;-17142;-8511
10229;10151;1848;-10587
10691;-2105;-4667;-6220;-15902;2462
13508;-17448;-15902
15285;-14856;4937;-15437;-13872
-14055;14726;-200;-17390;5262
9042;18275;15529;5676
-8993;6372;-17231
15969;7979
-15760
4180;-3814;-1511;4617
-11649;18114;-1737;-26;-16368
5302;5622;745
3520;18405;-11836;9772
-2131;10084;8885;-9403;8335
5016;-1533
-18036;5780;-17564;16476;16828
-17715;-14443
-3490
3490
-3495
11687
15784
-14787;-11091;-2068;-7386;-9723;-11691
-18081;-1624;10572;-2558
16577;-17670;-2407
-11843;7828;16346;-8832
-5204;-1412;11956;-8490;-16735
5904;-2786;4002;-14965;-1928;2174
-7013;-17767;-15530;-4300;-687;9022
-229;1463;-6109;16574
2504;5100
13962;18219
9603;4916;11470;-1999
-12034;-2371;2932;10794;4683;-492
-980;4494
12129;9432;-1661
-9927;17543
-15815
-13265;5640
-35;-5796;-4219;-11372;-15836;-11328
-6409;6410;7629
-9204;-5604;-2726;-4951;-5626
-6660;5251;17941;11033;-13242;5596
6320;5926;2857;-1407;-8096;-2064
562;17289;2459;3708
14392;16604;1215
8534;-12078
-3441;14531;6315;300;-14157
10883;14196;4581;-11977;-3706;-2237
2112;15122;-8491;8138;10220;-15360
14704;-15697;-2564
-15847
-6007;8122;-3997;-13968
4848;6906
12322;-704;8335
-7137;416;1560;-6603
3216;1490;-3397;9956;4597
-3090;227;6439
-12866;12265;-810;13183
-18242;3832;15851;-9120
11251;16676;9879;7719;7210
-17537;-14617;14204;4254;-6272
12736;7231
-11301;17029;8810;16027;18076
10736;5865;-15035;2026;-15375
-13220;16812
7689
1340;14542
7691
-17126;-10312;-4699;12156
-7745;-17203;17011;8678;3880;3071
3598
-3521;-17637;-10055;3037
-15893
-15896
16704;4513;-11401;18296;3369;-3296
3612
9224;-5530;-15500
13637;411;5951
14786;-120;14952;15288;3769
2114;16179;9203;17620;-4631
15912
-17284;-1676;-1053
4438;2214;775;-14840;-4410
17030;-11721;-13037
7456;-4148;8916;14533;16533;-2792
-13778;1948
5072;2833;12454;3759
2801;15331;8375;-4573;18141;8621
-14854;-15096;-5723;15647
1419;12988;-10765
10913;-17830;-9286;-3977;-3948
3649
7750
7762;16709;17909;-11563;16602;5389
-11083;-767
5200;7415;13067;-18269;-5407;-13856
-12889;4458;-7516
11853
8816;14128;11874;-6149;7512;252
-3673
12144;-18375;-4552;14456
7856;-1889;6614;-6505;9886
-9156;12830
-3761;4484;16027;3310
-17170;9396
-7774
16865;16948;5477;-6313;15756
-15162;7066;-3851;8316;-14285;14237
-15511;7735
13686;-5911
-2219;-2684;-11084;-12157;8079
3683
11584;10134;4362;9435;10428;15086
12256;-15811;-9305;-11307
-16273;17314;-8826
10912;14441;-13472
15057;-11767;9286;3401
-11331;-1317;5065;9273;-4477;-13200
15988
13713;55;-17470
5186;10004;-3062;10683;3197;6365
-7802
15993
11898
-2476;-5328
1472;1233;5100
-7443;-18152;-15659;-17899;-18287
15998
11681;3748;8518;4842;11789
-4201;12011
-16421;12702
3722
-14101;-18302
12272;593;7169;11767;6029;15055
-4294;-16697;-5019;-14591
-12311;-10184;-9918
11472;4245;-7881
14052;-4902;6885
-11943
-146;-9460;13358
-11985;3680;16567;8552;2233;-7103
-3753
-13015;3561;12347;2749;14495
-3754
6949;73;-9787;-3548;3005;-16830
-11947
-4582;-15382;-13031;7303;-2640
14919;11303;9471;831
10944;-13698;-15659;14655
11505;-15765;13270;10873;-16124
-3761
-11958
7777;1893;-18220;-3408
-11826;17106;-3432;-13807
12582;-15181;-15165;3150;18159;4319
-10038;2312;-5819;9775
1266;2086;-12216;-7195
-12116;-1446;8922;-11421
14562;-2592
7427;-6775;12746;15694;-13120;12383
7367;12798
4467;3974;-16320
-6353;-337;8853;-18234
-1955;-2595;2454;-18073
11978
4806;14103;-537;1802
-4018;1793;2998;-4574
15873;2804;13796
4498;15299;-11898
12546;-14088;-10457
-5176;-2732
16104
17027;-12885;12986;-1740;10348;-17823
5393;-115;-1701;17996;-15279;-10112
-14771;14244;-6378;3086
4408;-8252;-3068;18396;527
3459;-9560;1260;-16862;-2863;-12032
-7926
-5395;-2535
-10693;-11431;-2191
9475;-13311
-3618;-17634;-4754;-14419;12012
-116;8056
1960;12889;-5613;-17582;12191
-1187;3074;6614;-5516;4956
-3846
-5781;14793;4667;8220;1229;13485
15144;-7853;17036
3852
-12051
-5140;16870;-6472;-17309
-7962
5690;-1180;-1453;-8270;-2750
12061
15633;3591;16459;959
-9603;4248;1481;16106;76;12047
12068
4579;3523;-16921;990;3950
16166
-7684;2167;11722;6029;-9568;1215
-5220;-6854
13160;2410;6346;-7628;1884
2240;-1844;15786
14149;-11368;11148;14541
-1922;16145;1960
6118;-10014
14596;-10426;623;-896
-11185;-2482;-13653;6652;-16000
9760;-17763
-5571;-14741;8212
-16197
11410;14612;14751
10465;-6556
6402;11011;2740;-2411;16315;-5568
3914
-12405;16319
16204
-16642;-11342;-16894
-12110
-15140;-218;-5019;4171
7862;16871;18186;-2157;-13614;-10943
10278;1530;4399
13233;1316;-406;8392;3256;-9580
16834;3;-8392;-10794;-1580
960;-1617;-2452;16356;-1498;-7820
4465;-15578;14222;-15232
16219
14258;-13286;-9003
-10617;5642;8911
17639;1256;-14362;17515;-14014
1285;-7965;-5405;12878;-8832
4054;12967;2651;17038
4096;-12137
13266;15256
18356;-11176;-11131
8048
10183;6236;17612;2700
-5527;-2535
8609;17793;11427;-1461;14613;14425
10566;17981
-8075
-13201;7590;3321;-6701;-11374
-6221;17100;17679
18423;17815;17576;7514
-8387;-4246;-3647
-4821;13944;-17214
-613;-8549;14936;-2607;4927
-8096
16531;13587;5080;-10956;12527
-12051;-8069;18118;-18384
16290
-11588;-7462;-3800;-14636;-12477;-11389
-11969;-4836;12794
13781;-16266;-5627
933;1943;-3693;-15488
-17193;-7307
-8070;-13335;-11291
962;-15126;-11304;-14106;15070
-10855;6828
-18194;-9586;13058;5;-14937;17432
16416;4434;16615;-955;-4224;-7776
3176;1179;13341;-12159;-15632;-6224
10613;11462;-9851
624;-8218;-13659;-18062;-17966
8885;-12411;-4395;5021;-5232
11142;13375
3059;-2951;4214;-13914;-6734
13509;-3067;14076
1337;10894
-12236
-8586;2170;-1725
-5249;-11073;11938;-15321;-2333;-2496
-10233;18383
-16348
-15893;-459
-1048;-15306
5136;-9204
-8887;14999;5369;-2750;-12800
15221;-1287;8969;15194;-17643
-4077
15969;8578;-16340;15347;-17940;-1533
13509;-18010;-3679
7697;-6598;-17472
11202;-17715;-12292;15592;-15916;-13630
9749;-13594;-15803;-5036;-8077
-1235;-13894;11038
-4837;726;12299
9072;11940;-613;-2007;-10921;8910
