5015;-15149;-2158
-2866;13353;-18315;3869;7086;-11328
-16394
-8193;-4109
9796;2507
14369;-18358;-12416
-6823;12332;14764;-16157
-11050;15084;-8157
16976;5537;6530;2452;-2790
4129
-4226;-12980;12713;108;5214;-9056
-6681;-12571;-3502;5182;-7040
35
8851;17349;13019;18171
8239
-4144
-10146;-1794;3157;-2152;15079
-14773;-12393;2540
2353;12274;-16180;1370;2923;9597
3586;2344;-6010;7753;-9053;-15054
52
-8247
-515;-7001;-4316;-6431;-6368
-6308;2155
-4156
-11201;17924;-9674;11209
-16452
-5075;8694;13594;14826;3743;13439
-947;6707;-18120
10994;5463
-15138;-8117;6797
4744;7112;4602
3332;11014;-6668;12879
-14290;-10106;-4810;-1898;-18127
16463
-13281;17218;-13896;-2409
-17270;5237;6391;-12809;-17504;-5088
-6306;-6869;11014;-17162;5754;1195
12649;16109
12064;-16248
-13988;-14773
4185
8283
9895;-5400;-16879
-12385
-15417;-13354
12260;-11738;-1583;-11328
17940;-10349;17086
-4199
16488
12360;-12256
9300;9033;6410;-13691;5436
12913;-3289;-3819;4059;-6702;13327
15536;3253;-6395
-14867;-7929;-1402;15898
-8301
14851;8803;-17031;2919;1689;-7023
-7490;-13103
9538;17690;6347;15692
13682;11156;16238
-118
-8311
-9779;8578;-14515;16491;15727
-168;-3210;7628;4061
-16505
-12968;-14042;10427;16461
-10291;12791;7433;-716;2605;8781
7521;6900;-15480;10535;-619;-8734
-12227;9462;7385;-7291;2189;12895
-18225;5289;4506;109
12426
-231;-16648;-7837
-7269;15477;-8333;11180;-3807;5183
7522;-10791;14694;10631;2667
-8342
17664;16580;-16920;18220;-11951;17518
2723;8150;-2151;-378
-5034;10505;6972
-3154;9094;4075;6525
2336;-14915;-17331;14970;14782
12698;-12860
4257
-12452
1604;-14171;-3982
433;18292;-15605;8555;9963;-992
4369;7799;-3276;15853
8365
-2723;6184;9003
-4328;-3245;3295
185
5488;7813;-8457;-4656
2630;473;16205;-15024
13057;-6771;-6605;-2446;-9712
-4497;-8739;-15629
-12482
1011;10394;-10412;4859;-9791;-352
-7955;-2709;-1823
16583
-8394
17461;11414
8397
-12993;11616;-8100;-8297;5278
3936;18113;-14793;14395;7628;-399
12497
-8033;3265;-8695;958
-12059;-16831
-6901;15310
8099;14396;6397
-2179;-7269;10838;-13308;11404;17118
-17258;17036
-2835;7988;5000;17689;9244
-18230;-7447;16952;-4397;607
-1601;-9905;-9446;4712;3724
-4325
930;965;13749;2584;-13904
-16614
4144;-5560;-11103
17958;-13630
-3491;10807;10619;3806;-13312
15805;-10575;7295
14119;6600
-17633;8118;-505;-16157;-5551;15102
-15685;1466;7534;6927
-12516;9781;-13015;2860;13133
16818;-1781;6796;10046;-8287;1231
-14290;14538
17057;-13400;-3211;-4796
-15123;418;2163
4086;8457
-12619;74
7537;8369;-6613;-4941
-12547
16643
14742;18285
14032;-16420;-7847;-14603
-9698;7828;12663;-6444;12299
14306;18307;420
-8460
-4491;-10941;11068
12740;5508;-12712;2935;5527;10846
16652
8516;6984;13112;4940;-4605
-2264;-13182;-9407
-1155;10568;-7019;10170
-11635;11357
12569
-17030;-7832
12225;-9912;-7929;-5115;2170;-4013
4384
-8483
12433;5858;10775;2615;-14234;3325
-16454;-16665;1085;12510;2846
-16684
4397
-5477;5173
16688
10900;8730;5914;172;-4928
-16545;17553;3890;11154;-15733;12280
18016;-17650;-10407;12343;15675;2814
8640;-12276;-13061
-11249;17412;-16391;-5831;920;6634
-16035;16372;-14088;-15482;-6763;-13472
6224;-14732
-4834;5329;-16340;15526
-13762;16087;14378
-16403;-10388;-8685;-4094;-18094
5920;8082;-7733;12600;18315
16704
320
9986;-16904;12906;10719
16757;-8240
-1269;17981
16914;-17749;6856;-15933;9581
-8964;-11847
-15926;6567;-300;-11152
8419;-8805;-16469;15797;-7466
16718
-10819;-17015;12825;14955;-286
-344
3963;-6752;11327
11821;17198
-8962;9860;-2981;-11289;-5418;-10239
358
17296;-3478;7022
-3939;11704;16649;12811
17078;-4427
13202;-17663
11248;3297;-14173
-4470
-14659;3221;-3175;-12618;-15531;-14956
-17697;7139;10053;879
3160;-3279;495
2449;3751;-12378;12793;10057;12380
7728;6736;14376;-13756;-13644;-18207
-18136;2488;-9312
689;-17443;13491;-2359;-649;6655
-3921;17335;-6988;-9869;-9230
-15748;-5120
-7297;9747;18419
-16779
3393;-15010;-6835;-17812;15389
8591
12227;12709;-2120;7263;-5104
6033;2882;9860;-9994;-4286
18225;-12883;-4714;-5914;-15002;3503
401
-13268;3301;2805;-2908;10476
11156;-4811;-6752
10944;11601;4170;2366
5872;-9588;-8679;-13658;9258
-9282;17542;1255;-5003
-9298;-3030;7307;5439
-11185;18306;11237;4461;-14208
9872;-15237;-1207;6680;4415
10689;3123;-12068;-13317;5109;6891
-4532
12724
12515;-3447;-4535
-6369;8902;-13783;-10957;15020;2652
2467;14456;16283
5267;54;11501
15746;-16188
5633;9912;-7211;-9868;-11325;-3967
-8638
-4051;-136;-363
5370;15564
-8652
-12756
-13430;-3422
471
-15618;6932;-4183;12395
-14070;1515;-9421;17404
-16833;17521;-7171;-10378
-2982;17355;5739;4942
-9873;-5250;3577;11066
12928;4480;-643;14516;1998;-4127
8929;-15523;6109
488
8681
-16388;7667;-13749;-4759;-7226;5293
12779
-12417;-9890;-18121;-7454;10830;16079
13569;16212;-13354;-8031;4383;-17376
13622;14902;17227;-13389;17292
4598
12033;1205;-9449;9002
-9108;15446;-6844
12400;-3798;7911;17241;-6719;2143
-2385;-17329;4180;-9382;6838;-15197
8866;-1109;15830;-16968;-9897;-5424
12797
3152;-17000;-4906;-6336
-6833;-6051;16116;4423;5146
3501;-8112
8864;-15650;14897;-7639;-9180
15665;-15908;17032;-4223;-7952
17552;3448
-8371;-6852;10606
5620;-4245;13466;-10222
1745;-6759;-11033;16875;-17183;-4655
-5490;-10699;3371
5025;916;-18326;17015
18277;15095;17498;-4956;-4416
-10025;1293
5742;2991
13410;-215;-10713;3966;-11088
8081;-13587;-10796;9707;-6239
8738
-2466;-14292;-10292;-10887;16910
-8739
753;13253;15213
1942;1190;-10346;-10890;-9708;6783
-2002;1091;-10005;973;-6991
5365;-14045;-62
12609;13779;-1263
-12199;-11754;15209
-2372;-10469
1664;-14500;-12295
-16722;-4276;2373;3334;15851
6902;7862;12410;11514;-13550
7329;-16066;-20
-11050;6382
-5425;-17499;12890;-6411;7678
-3681;7878;4729;-16110;6606
12867
-3028;8360;-9259;8603
17904;-10001;-9797;2645;-5306;9231
-9077;-5782;13062;14666
8775
6848;-2168
-15772;-17581
124;18412;-4206;-10078;11933;783
-4682
-6724;16571;4220;-14654
-14501;132;1493
466;-4775;-15976;6972;-7760
12241;-16930
7568;18194;14231;12491;-4414;-10608
15177;16169;3035;7387;16175
2021;7224;18281;-17691;7148
4697
9441;-6564;-18294;15626;-13100
-3954;3350
-16990
8880;-706;-13016;17737
609
-8803
17006
629
-10773;-13370;-17003;-448
4732
-638
-15121;17329;1745;-3618;-10633;1466
11027;-13127;-6736
12432;8692
5046;1597;-7390;9583
-4741
-8839
17841;-17557;12652
-16085;17269;10583;-2927
14276;-12028;-14463;8318;8959;-5712
13317;-15272;8843;3948;3438;10959
17155;14179;7845;-2845;-9918;-1183
16932;-16272
-8357;2153;-9291;-9743
-12648;-12590
4759
-16407;3543;1065;7039
-5875;-17608;-12121;10363
-10247;16106;-6528
17305;-7244;-1200
-2962;-5415;-14663;-7176;873
4769
-12964
-6324;11096
16787;2471;-2217;14827;1583
-15443;10661
-2185;-15979;-15293
6883;11113;11370
-3747;-16421;-10071;-11417
10649;-3373;1613
-12164;6277;10682
17190;10906;13564
14067;-5175
17252;-17013;-12486;10854;17581;-3199
-9523;6594;9091;2933;-1593;-16398
11202;2168;-953;16968
13107;-13785;2154;-2591;-3695
13685;9495;2040;-683;-11532
-9426;511
-13014
4822
9139;16164
1155;7512;-14987;9243;-2735;12830
-993;6112;17210;-1118
-3828;10616;-6873;1098;7517;-13359
-1790;541;14271
-580;16612;4605;-3519
9255;11960
-1204;15208;-651;11964
3640;17582
5617;-13459;10325;535;5917
-7475;-4611;6294;-3149
16544;4277;11800;-11392
13039
12228;-12437;-13942;9302
7907;-3141;6981;-7383;-1466;-2143
-17140
912;-2891;-4012;-2958
-3802;12751
3906;-12380;-8668
8950
17315;7203;-8775;-14478;-18415
3863;2603;2492
-6469;-5864;8843;-9565
5568;8243;-7128;14426;3131;5199
-225;-10546;450;15316;-2952;2828
12758;1670;3720;11784;11804
-13070
13076;16381
-8978
7522;-9721;15274
788
789
13556;-4572
-13081
-17877;17847;-6763;-12315;6026
9456;5697;-10226;-6908;-9230;-10063
17668;3608
-14569;9676
-10277;-10182;-14408;-5930;-28;15451
5826;-15779;-9066;3739;-8302;2301
7696;16819;17246
-1969;2320;-10372;-15358
804
-5172;-17108;-821;-2551;271
12115;14533;-9003;5962;14062
850;16346
13361;-5465;-7083
-7092;-11965;10046
-17010;16186
2848;6904;-10576
-275;-16339;3501
-14977;-2566;17431;11881;-14218;15564
14886;8442;-12988;12124;8590;10735
17306;-8285
5726;-4895
-6811;1835;9739;-13790
-13123
2130;12999;285;13885;-16176
-4936;5864;-42;16334
-13128
-17702;4475;18350;-14159
16546;4915;2218;6797;3135
13138
-50;-13094
-10824;17646;-15872
4688;14630;-14365
-10075;13115;-12094
17969;-18228;-4120;17532
-4962
-877
-9780;6520;12680;-14395
2871;-16040
8454;4716
14849;-5133;-17903;17998;-8928
552;6968;-8618;8127;14335
-1717;3581;15582;-16560
-15764;-5605
-4817;-12458
-12279;15334;-734;2669
-17300;-8171
-5609;14697
-12858;17853
-10514;4529;9207;-8218
-11793;-9589
-7971;11166;5903
-3937;15057;-12997;11365;12553;-4749
18051;-17156;17272;1257;-8762;10730
3240;-5020;14029;-13168
1506;-11178;10590
10101;-10680;18299;-17469;8188;-7519
7104;16599;10713;15657
-7877;-16438;1654;17833;13355;-13550
-3943;-10039;9708;-10670;17742;-1872
-2596;14134;-376;-12093
1505;-15283;-1000;-10729
8992;7765;12846
-2905;1257;1866;13291;13918;-1920
12225;-3331;-5368;1502
-14469;-10550;4805;5573;15575
10018;-17668;6714
-16488;-10957;6028
1801;8524;1612;-16685;-285
-12626;101;-214;-16871
2421;10805
-9972;-5924;9322;-6656
5048
-10051;-3191
8486;778;17643;-1469;4190
389;12983;10665;3194;-5790
-963
14937;6506
9543;5469;-5856
-9057;-327;10614;6588;-12880
17350
-2081;-11234;17154;12213;1576;16108
1200;-10724;14588
8113;-17275
13808;17891;14195;-16842;16974
-6257;-4793;4185;-10142;-352
17361
-9809;10306;-700;5277
16776;11226;-10639
10224;3127;-1960;3017;8940;-10079
-8629;16533;-1593;-4524;15583
-11928;-15692;-4204;-18317
8722;-7733
2581;2054;-6555;-4763;5693
16850;-11444;10868;-2185;504;-15583
5086
13275;-16812;-13839
-4460;317;9231
-854;-16524
15524;7110;11671;-540
12375;15848;-14122;-5035;3930;-13998
8785;10167;-3227;13951
5600;-7526;11302;13721;-6363;8847
-4324;13924;-14286;15742;6335
14513;-7625;811;9694
15936;17841
-7137;-10098;-8359
-998;-2936;-5276
-14305;-4594;17026;-3827;8326;-7740
-15042;-18291;-11571;18116;13481
4224;12276;-12729;-5322;-13694;-2159
13264;12678;12555;11676
-665;-3098;-5452
16999;-7784
-15379;18323;139;-12301
5301;-10425
-11523;10515;8948;-13065
16018;-6797
-16024;10895
14921;-447;15230
3043;12372;-15913;-537
16805;4711
-15589;10455
-13585;-2611;-4440;3775;-16576;7823
16007;152;-17870;-15712
14868;15416;-18333;-10909
16928;-3598
-12225;5155;1414;6653;415;3727
-16038;-8392;5688;-7947;17451
3043;-8359;4681;-9994;15692;8270
17700;-4571;-14992;-7376
17780;1333;-14586;3577;12249;17561
7104;-4913;-7410;-1763;1827;-16379
12113;6247;-9145;-9630;-8832
13343
-17286;-15754;-10206;1998;15615
-13089;-17170;-17894;14326
12962;1155;-10677;-2617;-12396;-18160
-8930;9779;-8164;-12165;6406;18230
-6089;-7263
-1495;-7001;-13050
592;826;-352
-12409;2186;17292;2190
-1069
2618;-18380;-5788
14150;-12184;2986;5403;18430;-3136
-8561;-12516;16404;5242;-18030
-3475;8647
16832;-1210;18223
10658;7958;2536;4187;12604
15665;584;-1642;4812;2142
4193;-14453;11341
9132;-9615;13854
-16420;6084;16855;-14154;13278;-463
-16405;-9256
-8258;4337;-13558;-15930;-3919;-4720
6225;-18342;-6989;5726
-8105;9196
11152;14516
-4371;17955;-6440;-15049;2716
-11697;-4193;7185;6792;-6191;17390
-11537;-18230
-15683;-5892
17481
1940;12261;-4912
2833;-1810;-5557;-17051
-1490;-4995;-8934;-1783;-2152;18248
-15429;1157;16201;-17547;-4911;15326
-15330;12838;17063;-4394;-10797;14014
-4481;-17334;1367;17770;18203;-2127
4289;14148;5;-8359;-13945;13164
6099;-13892;-11700;17243;-15246
15833;-3324;4987
4087;-90;5307
-3665;-8897;-5098;490;-335
13409
-16502;-4664;15946
13412
4048;6002;15464;-4411;16874;16396
14496;9059;-14917;-12329;-5629
-525;-12894
13872;-18353;9429;1511;-826;3691
-7441;-8595;9989;11432;-4253
12309;1111
-18092;12861
9185;7884;-16893;-12656;-944
2496;-1539;12467
-8785;15188;11118
8385;419;-18405;-296;-15817
1138
-4356;-14388;-13237;-1930
9241;16478
-13956;17253;1945
-9346
5668;3876;7780;2677;-6559
1433;16106
4432;9299;-12726;16541
-9356
-6003;-3449;2617;-8796;-14911;-15680
5267
12034;16434;-16168;75;9277
-14364;4476;509;14
16291;-2830
481;15732;10948;12152;-9146;-4416
1179
-9372
-11289;1915
-16679;17801;17051;-607
-4119;-2663;16345;-3676;7583
-17772;12492
-4705;-1825;-2242;11415;10828
1185
-4151;-12044;-5472
12513;1171;16584;-8602
-15782;16972
-6675;14504;-10682;1661
-12675;-13658;-7627
-5234;-9363;-10837;-12253;7820
-7009;16397
15633;-16831
-14377;13178
-3729;11123;1477;12761;-12236
-7834;-10715;5053
-10853;-5783;-16679;-15498;-5663;-4080
-5310
-3768;-3003;-2636
2275;15012;10008;-17888
-10547;4712;15256;-14735
-12339;14626;18275;-1414;13799;1038
-1221
-5319
-3766;-249;-1305
3845;-6632;-9594;-8651;-4768
6048;-6033;10741;2759
17615
-2305;1877;6248;-5610;9214
16998;4350;16751
-2964;-14552;2200;-15433;841
3249;-11667;14455;-15468
-14377;-15535
6640;7996;-5199
15040;17585;7671;-13740;-3612;-1216
17457;-3011;-6901;18285
1344;-7891;-11270;-13263;-7040
2928;9301;7832;-2250;4778;15531
1636;11911
14740;-7928;11544;15838;6062;14255
-13255;-8492
-17845;-959;5247
10481;17654;-10268;16172
5371
-7237;-17418;-18363;8972
11536;6125
-12003;-17948
6213;1368;-17056
8816;-5922;-3413;-15975;1689;-6960
13057;14917;10175
11457;4902;40;16747;9100
-3361;-10931;5830;-16220;-9871;495
1289
-9487
-13972;-14748;-10317;878
581;13005
-17684
13088;16883
-17876;-6555;14651;8813;17886;17151
-2563;-16106;-5884;-17711
-5401
-13365;-9863;-14825;7499;-11712
-484;1791
11826;13316;-10250;-2800;1503
-15043;-17732;2952;-10170;-14314;-8443
14722;16036;-18007;17230
5408
17696
2914;-1815;14326;-1820
8816;11782;-16041;-14538;15402
15974;-17097;-17068;-2254;15022
3635;-8630;13481;-10138;-11963
-14915;8408;11931
-16294;-17737;16638;10910;-960;-2080
1684;-11208
9524
6177;-11607
3299;2132
788;-16682;17034;-8128;-10736
-8929;8688;-17826;8373;-10070;-2058
-1348
10327;11501
9545
-4130;15062;2711
-4246;3819;17803;8556
6966;10775
7758;14079
-11873;-9617;5104;-16499;-11027;9786
9728;2625;9683;-5273;-7213
8312;-17866
9008;18208;-8995;281;4715;-9565
-2514;72;9225;6585;-10173;-16848
12209;-6740
10885;15067
-13474;-3731;5603;-4341;490;14076
4688;3729;1826;17479;-18153
16993;-4180;-423;-17356;-12799
9108;-17816;10089
-13526;14909
-8195;-1381
11558;4662;1551
-16805;-9159
14308;7561
3682;-17365;-2470;-16665;2750
-15496;5903
17785
4178;-15476;17749;15430
-17789
10880;530;6986;-11934;7231
-6019;-9993;14425;-18013;-3934;13933
6786;-228;15189;12430
12272;-9890;5685;-615;-6697;-6265
3992;-5408
2961;17174;9703;-13994;-17600;-11952
16144;-9336;-10042;8751
7331;6341;-8153
-5889;-9720;14024;-1772;5791;-1008
-15428;-13356;6876
13299;-2715;-12014
-14264;15694
-12241;6770;-1255;-17754;14857
-8580;-245;4295;18249
5777;-771;-15257;10938;-7884;-14717
16082;6230;-13692;14381;-11167;-10400
-18434;-10071;11944;-9450
-13121;-5459;13401;11357;-1823;-9888
-11137;6937;-9626;-16283
12389;6873;-9631
8279;11512;-13289;-13994;12409;-14557
-967;-10472;-10030;-3854;-12079;-912
-7782;-18250
2848;12219;10444;17853;4477;-9519
6019;-2926;2462
16928;-3731;12595;11315;8790;620
17853
-8562;-1238;-17383;1135
-13762
4321;15698;15332;-13397
6135;7628
13766
16454;-10956;4174
14403;-1351;12201;-14237;-9533
-17190;11609
8771;13197
-15652;-216;15482;14170
-17009;-8321;-17669;12830
13141;-3446
-8594;-4150;16586;-4828;16828;18431
5608
-709;-17189
18365;7725
1329;3252;14567;9980;-3037
-15875;-5174;-3224;-8504;14795;-12206
6562;13723;5807
-13807
13808
12070;1738
5914;-4283;-107
9586;-7925;-7701;-7295;-16864
2656;4588;1868;8798
-5241;-6041;-13323;-13787
10497;10170;15550;2175
1534
14408;11706
15656;5277;1086
-18132;8900;11684;-9800;17080
-17923;8186
-2497;14994;16839;7607;-938;-5786
-14097;18330;-987;-12013;-13262
-3842;-13331;16598;3111;-4601;11806
9745
1698;15172;16629;-9946;-12636;-5264
14994;2198;9846;7288
-5656
3269;-16377;9321;-5966
1782;4247;7066;-7438
9760
13433;-11308;-11888
-9772
6309;3462
-5699;-15252;15272
8610;18204;-656
-1585
14260;15996
12368;11953;-6350
18321;17713;-14820;9046
-17974
-3993;-57;-1642
9553;-1139;-17674;-5755;10395;-5168
884;14042;-5134
3960;-13757
17990
-16900;-9286
11683;6311
-17865;12155
-10978;-2926
587;-7998;1695
18385;-15988;426;-4446
16834;9188;-8015
-9822
-15182;10542;-13375
11345;11302;14091;13420;-3469
-13923
-10498;5875;5604;-17593;-5210;16090
11461;-9824
9831
13148;13052;8207
-8197;-4136;-6123;-5916;11661;6975
-8850;10490
12374;-14905;9658;7386;6396;-11072
18031
-18034
4577;195;-10523
-5752
-16897;-5832;14349;-13759
5187;-3989;5382;3385;-15867;15754
-8473;2922;11309
-13124;-7893;15257
16504;-11946;-13662;-17136
-16179;9475;2697;-9946
-11331;-9125;-6757;7304;-12335;-2192
-9864
-6210;-15942
11490;16451;6291;-8472;-8683;13277
2425;-8205
7411;7091;-2168;125;17901
9219;-5798;3142;-17607;12734
-15818;12297;5212
9333;15465;14460;-12991
-10417;-7660
15904;13601;13992;3261
-10042;10715;10012;15597
-2485;-15612
-10962;8130;-18248;9018;17870
-12290;-12787;-7683;-1722
14003
4962;-3246
-1717
-13619;18373;-3037
-8689;-6131;16538
-9913
-9681;-11826;-547;-16133;-399
14389;-8572
-15011;9043;-10629;18246;4168
6128;10512;16739;14261;-4956
16051;4771;-9958;15370;-12221
-3605;7380;5224;13208
16896;-4562;5445;8890;-3628;-13120
-13585;5984;16102;-1848;-8809;16173
-1971;5350;-5115
11972;-16374;9068;13453
-11155;18138;-5248
-4901;-16534;-17165
-9929
9713;-10421;-1846;-11472
-18123
5834
-12817;-9877;-14698;-5308
-5364;16595;-16554;3583
-7714;1668;7790
-1112;-8827
2272;2729;7531;8813;-15502
-12596;2185;-5692;17852
-2195;3058;886
14041
-6738;15411;756;-17834;6651
-16401;-1613;-13486;1070
-14020;7910;3310;-9440;-720;7103
-14451;15587;3684;-12630;-6652;16222
3617;-2310;4089;15086;16494;-10639
7499;-17455
-7250;-13653;-11432;456;-17276;14622
-5863
6439;-10617;12971;-8509;9677
3547;2319
-15716;10868;1316;9145;6171;-5918
-18157
1772
13683;-2180;1843;-15120
-9966
-14917;-11435
-10627;-9932;2396
-13793;3523;8491
5461;-6573;-12943;-8207
-14065;8326;-3627;11148
-1204;-8580;2571;-16861;-2285
2041;-124;14171;9214;-3039
5880
-2545;17281;-10627;3229;4494;-10047
-8370;10900;7752;-8494
6262;14342;-4122;4300;17871
3842;-7403;410;9036
14077
9982
11793;9733;4908;13150;11359
11477;-4936;9449;8269;18429;-12224
-7748;-5255;-9275
-9378;-7349;6732
-10755;16804;-15560;7707
-15986;10964;-10234;-5723;-10572;1071
-17761;-7764;8963;16328;6142
18205
2883;-13784;4983
18206
-8276;-16805;13909;-7037
12596;-12471;-4424;-11387;-1372;7038
-5219;-7514;10905
10023
5930
-13320;10296;-2909
-14568;2935;-3229;3340;-6702
-14965;-12877;-2670
-14128
-7015;-15976;17055
-834;1237;-10438
-2152;-10173;10478
14140
3681;2149;-13703;-10365
976;6242;11789;-15023;18351
10051
17633;-13238;-6423;1673;8252;-9759
9688;4461
5618;11512;-13279;7694;17726;-2832
17977;12559
1466;-16303;16702
-7879;12122;9917
5523;8696;-6574;-13614
-11986;8833;7554;-10372
5976
-18269
-11574;-649;9961;9386;-15163;-14334
-10790;262;4539
-1842;18180;-6407;9657;-1307
15345;-7336;-2015
14770;-16628;6643;16971;4718
10912;5681;15508;-17915
-1431;15591;12315
10092
-5954;13075;-13413;17829;-9207;7766
14552;11930
14339;1175;14797;16654
-10102
10610;14692;-9782;13445;-10938;4362
-9665;11577
-1913
-16082;-11190;-13159;-14731
9216;-8561;9393;-16868;-17753;-18302
17044;-3941;5196
10109
8176;8913;11906;17978
6963;-941
14215
-6728;-3392
11475;5318;-14862
-18003;-318
7489;17890;-7876;-12733;-2830
17923;-7790
10640;7638;-1612;15147;-5295
4225;-11123;683;-16208
8210;7395;8520;2393
10139
11757;-9807
-6054
13845;7048;-8269;11708;2205
-16337;-12306;-6092
6337;6771;-15236;12287
-6066
-7491;16037;-10969;-11840
-1014;-12600;-17036
-14993;14490;17467;1404
14272
-10178;3861;12087;-3784
-17457;6852;-10459;-1404
17425;16309;9931;-13006
1990
161;1626;4300
-562;4099;-8810;-2172;15724;-10272
-6050;-9715;8941;4831
5458;12226;5001;10219;-5023;2783
-18387;-12644;-14004;-9530;4686;2830
-6227;-6344;10474;9659;-4703;11423
-10548;-16007;-6107;14283
16416;8936;-7997;-7168
-8157;-4431;-1696
14000;-13841;-4962;12564;2445;16365
5972;8314
9825;13076;-7146;-13755
-12424;14105;2668;-18429;7981
-6337;6933;-5563;-13420
-10196
-13445;14471;15482;14652;11181;-15760
2008
3761;2002;-11684;-6649;-18111
14296
-12020;7417;10717
-390;-15815;-2200
14309
3565;17998;17327
-9554;14626;8356;-2138;1387;-2448
9457;-2150;11116
-18427
3058;-6228;5654;4423;-6350;13774
5264;11521;11844;921;7757;-10687
-1217;-12212;422;5369;4121;13754
-7349;-12485;-2694
-15473;-12961;-3431;-5479;-5081;-589
7920;12768;15129;14922;-7726
5234;-1636;16055;-17004;6748;-7341
13172;17099;910;15935
-10259
11186;-854;-3048;11945;-4875
9189;-11656;-15984
-16532;-2842;922
-18129;-10328;-14572
-16108;-6445
6172
-2078
-10597;7;2921;-6698
10272
-657;-17362;-16830
7520;-8947;15923;-17735;-12074;5037
1875;-12981;11988;-12569;9599
2087
-10286
1044;-7;-13354;11739;-9709
4963;1231
-4273;2769;-14027;-4267;-17340;10460
11056;13777;-17272;7657;-826
-9477;-13115
5825;2753;18006;16567;-16459
8883;-72;-5194;-17370;-17599;8751
-14741;16861
-6221
-2676;15459;6708;15402
9216;-17569;-912;15487
-14419
-16884;8083;-15125;16885;12026;-15309
1633;12786
2134
2407;5751;1578;16975
4386;14135
1169;17354
16002;-1861;-17548;-11022
6238
-14435
16068;9848;-16665;-10378;206;3070
-3699;-16995;-2201;-13113;-1741;2829
-9192;-5248
-12050;9898
14442
8947;-4134;10710;8058;-8475;3436
-14447
10790;3800;-144
-5784;-12761
870;-15959;-2393;-5163
6261
9200;849;-17588;15139;-12726;15484
14458
-14461
14065;13384;-12875;108;-16015;-9039
7220;18277;18325;-11336;12711;-14345
4742;9734
-10035;-13160;16909
-15921;-12484;-8068;-4343;-10527
5042;-14454;-11166;-14383
16130;-9839
7264;-13897;-6153;3083;11246;12942
11648;-18211;-1734;-6890;12988
-2202
-16355;-5062;-16680;-9162
-3906;-9971;11895;-4318
8917;-6704
3284;11174;5833;-13982
2218
-14513
-14003;-14729;14218
-5282;2833;6226;-6004
-3267;-15732;-11797;-16488
-1846;14166;-3002;13389
-16402;-10099;-9236;-7452
14516
-11635;13435;-4031
8162;8036;10790;12111
10404;13481;-14494;1038
-14527
14771;5513;-9850
-7555;85;-4521;18332
1316;16740;14762;-17739;-1756;13499
9510;-17418;16363;-14798
6561;2701;6926;-11151;-3856;13359
2242;-10966;-5158;3437
9408;-6148;18244;17799;-4283
-7634;1863;2509;5517
-16743;4889;16777;17626;12477
13024;17722;13851;15007
14354;-8669;4767
6694;15883;-16221
-11283;7430;2183;3931
14691;-2332;-1904
6362
10459
-5073;-1138;-35;935;-9246
10435;5657;-9728
-17457;-11896;14796
-4053;-2315
-3305;-8138;-15405
-12753;-12516;-1196;-16767
-5814;16284
-2281
11104;16001;6529;12745;5790;-736
1216;10631;-1372
-10483
-2292
3664;-7237;13534;4623
13734;6650;15131;11839
-9429;16742;-13127;3513
16545;-11080;-16907;-11340
-4421;-6010;-3708;16445
5616;10531;-11214;4830;-4671;9503
10500
-13635;-2759;-10494
-4963;-7544;-11373;13374
-2516;-16183
10785;-9406;-5886;7997;-8671;-9424
-17090;10675
14640;1236;11269;8842;16286;7390
-2325
17493;13526;-13400;4664;4620
-14081;8933;10375;9388
-8307;-1300;13213;-14128
9557;-7227
10883;13369;2655
-15941;660;-12745;-11819;-14299;-9631
-8067;-8755;-9178;-17308;8204
10530
1744;-2389;-6473;-3419
15650;-16180;9703;-16844;18207
-12441;11501;-11646;10238
-10356;-13338;9055
11616;1026;12916;8085;-11662;-15535
-16641;10190
6453
-6455
18339;10452;-11704;-15256;73;-4269
-10561
-2369
12401;12321;3765;9532;6893;-1582
-6472
10118;-16591
-11603;-14837;-2133;13061;13132
2564;-8504;-12824
-11282;-11579
-6478
8135;-1656
-3569;-17653;7734;-17568
-1009;-4087;5965;11630;6271
11280;-6180;2437;-17416;7486
14930;-246
-6496
-10914;4153;-2954;15419;17502;-320
-2809;-14778;6987
12352;-4905;12072;1098;17934;-11568
9744;1459;7124;8009;3979;8957
18149;11685;797;-15935
-15416;17770;-9230;-11919
2504;-94
10604
1605;6776;-681;11102
18338;-9351;13911
16018;6884
2593;-16469;-453;1718;-2104
7074;-14806;4504;799
2342;-17547;-15901
14724
-14729
10000;-451;-4874;10058
-10049;-13300;16469;16334;-4992;10271
7969;17861;9388
-9729;1446;-732;-5727
7844;15098
-14145;13065;-4955;8443;-17168
-4177;-17719;1702;17318;823;12719
9348;17797;-4191
-7233;4965;-7288;-1113
9936;732
12912;5046;3654;-10943
-13783;5286;-11161;730;-16320
-17886;11309
3171;-7128;14631
-6104;-4572
16593;-1819
16482;-13994
2489
8058;6719
11120;-3075;-14344;7162;9819
-2743;2086;-14124
-6239;-352
4193;3302;-10585;14328;-17834
13509;-12235;8972;8637
13538;-12631;13882
-10537;-13977;-15546;1867;13261;1950
8688;9586;9623;5832;2616;3020
7633;-13474;4179;3541;-12574
10694
-12957;-9597;3661
2545;-10821;14886
-3729;3445;-14392;12078;-16303
9992;17965;7631;-8496
5987;4806;-13609;1513;12014
18129;-467;4809;-3568
11250;15412;-13445;-7094;-16902;-16318
12273;-6499;9036
8320;-7010;11127;14663
-17986;7730;-1667;-8085;-11189
-11569;-6853;15895
6626
-15921;12295;6157
15377;-14408;5658
-4379;-2254
9699;-18237;2556;-17037
13633;-8882;-13029;-4889;-7098;5434
689;6785;4866;-9989;-5915;6107
-3458;-9523;8292;3946;-9996
15136;-13236;-12640
-6644
-14840
10448;-9908;2013
-14842
6651
13809;9227
17017;-14459
14850
-12065;18166;-10633;12523;-10559
-4213;-8614;-13911;3688
-11522;-3338
14109;4847
5536;-1186;-14643;17270;15481;-15789
-12195;10899;14692;5801;-5358;9215
-4984;-5784
12915;1950
-14753;-4904;-12298;698
6370;10243;8899;-2806;12646
-6931;-16883;-2117;504;10571;12270
14835;3558;1943;12987;-10173;8109
2027;12862
-9635;7078;12694;-3434;-5693;-15904
-324;-15717;2038;11830;14061;11198
13954;-2405;-749
2611
3697;13155;-4053;-17415;-6190
5875;17608;13756;14526
10961;2965;-8187;9292;8062
-4042;-6767
-10932;-17639;-3991;-15736;12907
-2625
18353;4753
-4033;-4532;-5964;3709
-14773;-8426;186;5566;-13856
13907;-10886;7719;-4014
18256;-10722;13107;-5720
-15473;8342;298;7789;7567;-1792
-17113;6285
6733
12987;-15628
-2644
17940;-7103
-6744
-17905;-13420
-1286;5207;6923
-13825;2710;8461
-7733;9829;-6168;-10538;-2875;14831
2528;-11670;11803
10857
13917;-3056
8659;-10277;8388;-8985;-10155;-2592
-1637;3990;8038;-5064;-11802;-4398
9880;5645;-18208
-8629;-10439
-7559;-14328;-1278
-15042;-16316
-6679;8;-16217;16713;-2315;-2396
-13410;-13861
-15959;974
-16850;-17811;-5204;8986;-4590
6400;148;-9253
4964;-15703;-8270;4015
1013;13766;16742;-15115;16893;14463
10306;4850;14130;-12581;12585;10282
-2305;-2513;16839;-8157;8158;-1120
5904;-15282;18149;13690;17118
10672;-10742;2790
3552;-15330;-15300;12680;3485
16037;-3639;-15720;-7212;12796;8652
2999;-9823
-5172;-1588;-10101;-4763;14795
-2149;2135;15112;2344;6313;-12828
13488;-14933;8136;1548;-5501
16806;7179;-17151
17569;-8323;-16917;14028;-12782;17359
10420;-9434;14044
12544;5781;-11486
-15223;8379
9985;11042;17993;591
-13363;-3142;17045;-13000;16027;-816
12288;11220;9733;7674;10989
9683;-17638;-12423;-6953
-2739;14073;-18187
-18135;-13294
-6858
-2851;-16118;-4282
-11700;2197;10102;2744;3528
-8226;-5684;7460;-1094;4810;-8235
-16433;8017;4723;7236;-13079;-9625
4976;-10309;-7542;-10938;8748
9041;10677;-16941
-15434;12655
-7701;-13335;-14511
-14493;-16958
-11074;-2466;-2037;8701
-10146;1586;-10606
11250;8341;4024;-4396;12235
-10976
-8258;17363;8694;-4103;16855;17289
-11928;-3147
-8133;-2454;-12934;10342;-14700;-15869
-6212;-14805;-6636;-13935;-14448
6834;1928;-17498;-9405;-5325;4285
14412;-11615
-17356;2267
2802
-16227;-6099;-10837;-9494;16286;7182
15429;-3414;9354;8349;14047
-3091;9414;9209;15947
18352;7315;-18361;3694
-2724;11141;6685
977;-4180;1755;-2124;-11535
6920
-16700;-10702
5783;-1339;2478
-2828
-6934;17957
17396;14107
-9797;2020;8981;4941;18029;-9055
8353;12611;14726;-4186
15523;3693
8514;-5065;-7261;-16495;-11199
-3313;754;-4582;6680;-2378
-18219;-2380;6524;-17439
6583;-5306;-12315
-15316;-5973;17860;14472
6949
18125;-15264
-7842;-12253;-7343
-12212;13879;-10969;18236;14414
2244;7908;-7350;3064;-6186;3193
4641;3202;-12979;13123;-1993;-17070
11077
-14729;-14393;5755
2890
8513;14850;-12600;-13721;-7470;-17040
-15180
15180
-11086
-3474;17845;16230;-3130
-10163;-18277;-10107;-8877;2621;9135
-8081;5174
15196
-11102
-11506;-5305;5356;-16032
3906;15390
3274;11339;12876
-9431;6039;-3176;3608;5866;-9918
15204
14016;13785;-13515;9114
-1257;-9856
-15211
-14990;6975;-7200
-13625;15611;17324
2929
1281;-8024;17867
11130
17156;18042;-9403;331;-4847;6239
7332;10294;7513;-11194;14794;15165
-17127;-14496
5169;-18355;-3975;-3175;-7196
-1363;12510
5156;-4774;6670
14770;-13107;-4734;14510;7902
-1283;15284;12213;17238;-15917
10177;-2317;3294
10690;-5684;4885;-9691;-7259
1025;1287;-13469
-9393;12359
-15270;2422;1338;4447
14705;11986;3304;13117;-174;-11296
17044;2310
5858;-17030
-17074;-14916;-13622;1751;17255;15433
-4115;8756;-662;13558;-4428;-16092
1584;5537;-9618;-11417;-12029;2477
-16308;11940;8486;-10247;-15450;-10080
-14104;10968;-8044
17456;15730;-3507;3545;522;10203
-7850;3225;-16301;-4015;5567
11182
-10209;-3127;15176;-12860;3932
7280;-11655;-5216;-9792
-1617;-17866;-5102;-11183
12708;-3125;4983;3208;17018;17359
2866;12426
-18217;7019
17329;14791;2171;-2606
6869;-18075
3014
-7113
7008;-13331;-8039;11343
-12337;17;-2988
-6834;13490;8377;-17820;-15869;11535
-11222
17681;14021
5477;15462;6793;-12316;12190
900;-7766;11915;14445;-78
658;-16741;-15353;-16654
-548;-8697;-6253;8367
-547;-10684
7105;17205;-14054;9166
544;-7680
-17457;13907;507
12978;-4579;8151;2877
-12675;10023;-397
7145
9907;-9860;-16118;730
-323;695;7451;7518
7809;71;-9272;-5759
-2453;-14933;-5465;4268;-863
15104;-13618;-1386;-10060;2799
-9609;-10750;17294
-9075;-2186
4689;17463;-6892;-13964;-6286;-6272
-10083;-13469
-6481;-15906;-17379;-6105;2716;-880
15362
-3986;-17138;16949;-7096
3493;-6574
-6033;8801;1188;4840;-11610;-4364
3083
-15493;-12168
14416;10627;9593;-13069;-6190
-11284
-3489;10675;8197
2529;12854
-3688;-17945;-14233
832;-3522;-17960;3996;-15120
10785;11701;9270;-14809;2538
-10309;17511
-13795;2644;2328;-4698;2396;-175
-8618;-10880
7201;15107;-2775;-12840;-9804;-15
4577;-13267;13396;68;-8315;14860
10631;3001;1707;16463
10204;-16159;17279
9778;-15404;1995;-3599
4392;-11630
13392;12563;-1956;-13640;5070
9431;7449;3277;7565
1921;-5211;5931;-2557;-12269;4942
-1671;11;13067;4028
15440
-7252
7169;9123;1492;1757
-15446
-179;7259;12463
11352
-13427;10264
-563;3732
-1332;15543;-16715;7211;10751
-9842;10914;10803;-13529;-11408;5791
-8137;-7327
-8165;9717;5898;8013
-15366;-3368;-17213
9634;-6660;-8745;-17424;15919
15474
-6923;14207
1842;-9431;10870;-10568
-7287
-11269;-16025;-12764
-6419;16643;17462;-5048;9231
16992;14886
-17826;-12370;-14852;-3216
-13139;7218;14532;-1307
-11509;-12294;-983;6680;6702
9730;9811;9994;10541
16496;2365;-3360
6999;8507
-15010;7123;10057;-9485
15568;-4158
1108;-8423
-5041;17922;-771;12313;5642;-2270
11411
-15509
-2550;-8863
-11460;-7221;3172
5065;14602;-16219;-14863
10753;-17253;6629;-11546
-10755;-12358;-5767;-8282;1164
16004;14410;-14896
-11424
5830;-11767;-9144;-12217;-8704
12450;9154;-4294;-16520;-8120
6368;86;876
18209;17957;1257;14458;-3963;8571
-3245
12291;3242
11123;8076;4527
917;-4953;-11502
-550;-6796
-11443
12432;-16835;-16041;-7386
-7357
16881;5638;13672;16220;-12286
-15958;582;12280;-10825;2463
-11461
-8117;-7440
-3754;-6411;6891
5953;18116;2889;4989
8224;3195;-8142
1210;-15165;-11374;-6623
-5495;16969
-4129;-5667;13259;16204
-1010;13880;-5036;1583;-12704
15575
6269;13407
-6696;-16025;-12204;7055
-14836;13653;-10125;3916
17428;-6198;12471;17260;3421;-126
11490
-3585;6099;5876;-15785
5568;-4674;8773;2408;15800
9748;-1305;15338
-11940;5365;-7462;-7143;-10797
-4812;12219
569;-17978;7598;-1695
14243;-6839;-17672;-2232;15821
7428
11528
-15073;8899;18154;3644
-9170;-12662;9068;-11054
914;5302;-10345;5020;14734
-11911;12007;429;2814
15112;11434;8779;-13069;9757
-5028;1686
13056;-3766;6359;-12303
2850;-935;-9386;-1757;-6415
996;16452;-7078;5545;-14523;-8848
-3360
-3844;-2933;-12396;-12861
-10711;-3146;10;-11166;-7023
10049;14370;-15844;11178
-15393;-17636;-7209
-5090;9909;-13383;-15291
12468;10469;11605;1607
-17895;1399;-7368
9684;-5030;15114
-6903;-537;10825
4881;5137;-11716;17158;8406
-16758;7350;-10368
11599
-18193;3393;17829;17670;-17288
14947;-18359
-9622;13034
10;-16411;-843;-2557
-2785;-8517;-17477;7865;-7082
1569;5285;-9958;5485;-13135;14174
9617;7010;7140;13162;-6766;-6255
11083;4844;3887
-345;2488;18137;7131;-3485;-14
-15723
2737;707;10170;9951;4447
6273;13549
11632
2483;1349;15994
11041;-9767;2583;-413
-15316;2599;13592;10764
16944;-8307;12902;4168;4477;6031
-5218;-13604;-5348;-13732;-14701
-1793;-14321;-2566;-9193;-8826;-11808
-3431;-8215
3455
-8551;12009
-4674;3169;7612;-17760
10128;-13825;7524;9444;11189;-16903
-4753;12930;3477
-3464
8433;-16051;15590;-412
-12052;393
6770;17640;8954;2140;8556;-16016
-4036;18104;14603;6475;-11197
16577;-4373;-15679
-7575
-17219;17799;-9067;16063
-13625;-2144
7579
15775
-8306;-2724;17315;2470;-1167
-10817;15275;9103;-17056
-17235;17253;5814;-1342;3101
5553;-5892;-11160;-16574
10949;2118;5705;10874;2522
9073;-17394;18002;12434;-4966;-1359
16501;3221;-16218
-9241;12745
13032;-16538
-9953;7828;-4365;12349;5839
7203;407
-12501;4888
-10916;-11798;-8120;-17743
14710;-5383;-490;15165
-13305;10280;1452;17263;16511
-3586;-12580;-14791;-3854;6703
13330;14778
-9700;-8118;981;-14218;-7279;-6159
3424;-4210;-5093;-12343;-10123;16619
-14724;10997;11358
-7911;10216;9480;-10234;-15278;10190
3443;-16152;-12781;-11757;10062;11359
10627;-18021;-16281;15208;-11438;16366
7646
2842;-3388;-7103
4695;11151
-11969;-10418;2135;-2680;12728;17866
15200;-82;-17355;-29;-5407
3579
-11778
3779;-4502;12517;4086
7785;-16510;9791;6623
17269;-13895;7437;-7182;8158
7695
-8034;-10840;2985
12839;6666;-319;-4015;3999;13103
3939;11959;12284
-16977;-4683;5759
-3249;-12655
11824;15574;14924;6351
-13140;5544;-13386;6201;14954;-16079
15905
11810
13856;-10004;-3176;-3354;-5100;4155
3603;13779;2744;-12;-108
6005;-4630;2248
-14465;-15477;-5178;7257;2234;-10764
-3809;182
15917
9682;-6052
16377;12859;-5120
-14649;9;6907
-16392;-9832;-2859;-3229
9060;15061
2785;-7045;10585;-9967
11936;2177;-12068;13884
17872;-6899;8052;-18025;3916;-16752
15934
17552;2490
-10371;-14025;-16127
2864;-6523
14200;-10521;-17981;-13133;3293
-7497;-9738;-2813
14594;-8276;-9982
7685;11017;-10570;3723
-1030;-6731
-5300;14230;10566;-5529;14345;4027
-1425;-9492;-14650;5515
-13299;13331;-2151;-5659
1211;-17181
7778
-4323;-10808;-13721;2652;-14350
15974
-5601;2184;-747;18428;-10576
-14225;7723;14287
11886
-1985;-12805;6967;9484;-17648
-6113;-12948;4805;-17847;-540;16654
11395;12263;-922;-14938
7800
-13708;-1885;-16784
14611;13675
-16948;948
2973;-4687;-10192
-7811
1905;2433;5972;-1238;-4269;-1086
-3447;-4381;9213;-13295
-16869;1751;3208
-9124;2451;3435;-398;7358
-13651;16230;-495;5742
-166;-11901;8333
-11928
-3738
-7835
-10737;16048;10715
3745
-2530;3382;-761;11849
-6104;-16169;14426
-11945
7849
-11170;-4873
81;-9364;-6997;-16840;-13068;-14911
-16834;-16930;-13925;6277;-1544;10523
-3762
17847;9992;-8028;-829;9356
6645;13501
-6258;9379;-5657;14494
1752;-2925;-14;13149
-12418;-17336;2907;-17886
-4358;5482;11994;-9343
-1879;9751
9376;10787
3235;552
-15266;2306;-15413
14080;14298
17936;10446
-10165;13972
5381;2522
-2322;1241;17179
7909
7910
-13234;-13315;6347
11446;397;-12943;-11231;-16064
-13379;-6598;-6457;-15452;-15183
-12016
-16113
-15073;8516;5829;2278;-16392;-1273
2164;5110;-15851;5772;17150;-6416
-17637;9704
11952;-17878;-12040;14951;-824
-5969;1734;-13160;-8808;-14233;-4365
2231;13898
14338;11396;9366;-10232;11742
-15284;1924;-261;-3383;-15512
312;-12349
-11515;-8876;-12159;-8160
-7223;17386;-2571;8541
-15187;-8969;-7869;3342;-1455;9903
7776;-17250;-9554;11699;15277
330;-8286
6657;-4247;16694;17526
7474;-7002;5932;-2542
4226;-11493;5365;-14250
5538;-17091;15416
1650;10407
-11110;10153;17113
-17842;-10723;1541;-17805
-12062
-7967
7968
515;14646;7148;10236
-3409;7104;9431;763;-10013
7558;-16314;14011;3694;-5071
7088;13179
2100;-18280
-6660;-3941;-17871
14834;-17572;12329;-12474;17451;9807
3637;12439;9163;-13150
32;-17825;546;-16725;-2695
-3985;11984
16191
-9509;14165;-1225;11532;188;-11247
-129;-265;2089;6138;11003;1455
9698;-5790
3200;962;12038
12105
-5657;5532;-11086;-896
10091;6111
-817;1728;13140;10350
18161;14818;1236;10670
15619;8358;-5418;-5130;-13308;-12239
14192;6530;6646;3592;4861;13166
6289;5029;-3289
4825;-4042;-17869;16493;-7438
14897;13614
3935
-6904;-1131
-11560;-3615;3039
-12136
17029;-9095;4204
1856;2440;780;3678;7486
12581;-11400;-13326
-17185;16355;-11869;5662;10990
8051
17747;13892;11133;6239
13702;-4440;1435;5547
-3761;-5270;-12570;-8634;-6490
9281;3220;900;17749;-1002;-9807
8054
-12153
-12599;-9017;-6921
7701;14296;14733
15554;9976;-380;15676
7093;17926;6071;1546
-9718;16310;15335;10711
-115;-15843;7893
13265;-17357;17709;-9648
-1521;3043;-6586;-1931;-8555;-13005
-16267
16291;-2949;2924
9363;-1541;-3415;3127;14750;-6016
-17249;-15171;-14935;14696
17491;-12281;8200;11496;7752
-14883;68;8297;-9757
-10323;10052;11672;-5358;-10032
3041;11795;10502;-1417;17466;3563
6353;2308;-9672;5001
-13762;16705;-18183;-12071;11032
343;6667;-3020
12182
-10742;7210;7452;16460
12288;9335;-1242
-12191
-7765;-13749;-15255
-18052;-9480;-3051;-14302;4190;-8368
-12205
4915;-9349;17784;2956
8116
15840;472
-10531;4308;-7509;-2582
-14551;-12123;-14219
9108;6517;-8441;17327
11761;2202;-1740
-5889;-13651;4498;1411;9807;-208
13442;14069;-5816;-793;3610
-12228
-10417;-3972;3572;12727;11129;-4906
12235
9463;5897;-15373;4205;-8240
16337
8817;-18279;-18167;3099
434;-1077;18390;-5502
1701;-5979;-12064
13412;-5573;998;-4782
4100;2969;1083
16144;-5234;1640;793;-9279
7381;917;439;13176;-1449;-16
-16358
-2049;6468;3750
18194;12100;4404;-11534;1391
-13298;5681;-9300;811;7934
-4657;7280;14081;-6901;5352;5308
1843;-14760;-11644
1393;18403;7093;-2423;520;-426
8177
130;-2724;-13785
-13954;-5189;11990;-13325
12161;-2162;12867;1739;-4126
-2513;6608
