17428;-17365;10886;6714;-13565
5066;-17357
16130;-14451;-1162;-16908
-6487;7095;-3049;-10826;6489;-9616
-14
-12302
17248;-7539;-13075;-3844;-16680;-4797
-16452;979;12453;-5384;-4441;12829
17312;8098;1798;792;-10986;3481
-6818;-3571;10371
-11956;-15334;8441;15275;-8733
12307
2116;-5177;-8464;11503
18128;11728;4177;17314;1923
-9350;10072;-8941
15138;-3219;-13962;2014
-29
13504;16608;-6356;13699;11431;12588
14546;-18291;16070
15061;8997;4652
11860;-5902;-5920
-12329
-12675;5252;13701;-15129;4713
16122;8507
-8247
8065;12469
4232;16302
8247
-16612;5625;-10478;17311
18229;-5882
-3122;9029;7021;11197;-16176;12591
-8579;324
-3525;-8168;15852
6128;14503;16298
12032;16705;-10758;7446;-6478;-2495
8162;-71;170
-6113;-1064;-15436;6159
10676;8853;8011;-15182
1144;-8841;3849;17278;-13503
-8265
4848;-5554;6052;7017
-10065;6353;7021;17246
4323;13107;7225
-4239;8415
-3827;-5925;13974;-12496
10112;15810;14455;4346;8606
-15865;-9978;-2911
-8937;17213
17111;-18248;4810;14956;-14448
86
-15124;15085;16509
15603;9060
-16070;5518;-14112
-11410;-13012;-17557;6488;14921
9427;-5236
10881;1011;12611;-18069;6140;-12479
-10883;5140;-1157;-10950;9003;555
-12695;-18377;2298
-8625;-15937;-1045;-2505;-16027;-5118
-4289;4177
-12098;-14533;-7916;-4846;-2159;479
10434;3941;-10826;-10795;7358
16496;-15718;-13180
1314;16531;12811;-1870
6545;11174;-10396;6652;812;-14672
-8195;16503
10355;16756;13973;-5191;-15296
-14549;-10219;1788;2381
13568;-5255
-6305;-14300
-15108;13239;14267;-4077
-16519
3362;-15131;15999
-7969;15985;-3784
-15443;-11859;-14757;-6159;15311
16525
-8339
-12121;2938;6955;13403;-6829;-12686
13907;166;14746
-149
-151
-12441
-452;17203;9912;-4939;-17469
4610;17698;-1092;-3513;5306;-14653
17297;-16043;-17439;17022;-3311;10831
-12454
8361
-3985;1409;16260;9162;815;-11200
2487;-11210;-3131;-9629;17212
17362;2532;-5047;-16957;16253;10607
5763;16007;12104;9609;-14366;-16655
7846;12808
-17444;11971;-12311;8682;4828
16563
-6103;14474
180
5680;17189;-4134;-14458
12469
736;1904;-9409;-13896
14740;-12089;-9945;-6458;13566
-4282
4515;16565;8502;12526;11326
-17921;1348
-4450;-11587;-12147;7515
7041;-258;-18038;-5318
12080;-5073;-7197
4286
14064;-17316;17127;10682;-12078
-12307;9285;-17976;4441;12685;16351
-13506;-12946;-4629;2216
-8417;-2282;10892
-6467;-11157;17818
-5219;12283;125;-15342;16541
-12486
-6822;-3179;12459;205;-6960
-5762;-2981;-3863;-16472;17898;-1311
15462;8091;13819;-3613;7406
4303
-4305
5300;16936;221;14623
10083;-1674
8065;11907;-5304;-8094;-2255
8067;-14374;-8071;-12826;-13981
-6817;12034;-16373;4693;11526;-9385
6948;4597;-15416;-12744
-5028;-5540;-16709;-16374;2456
-353;-12171
236
-237
-7990;58;17850;-17358;15869
12527
-15813;17079;7165
2198;17341;1182
-10693;15704;-14586;-10588;-8752
3201;6419;15795;17907;15083;15567
-18293;9853
1771;6668
-12538
-6451;-3287;171;-3407;4527
8658;2940;-11342
9139;12056;3561;-7662;5021;-5471
-7553;-6089;8473;6857;-6045
-18273;7815;-18188;11999
6978;2248;11518
-7015;6748
9265;15583
-10914;14001;-2814
17601;3729;-574
4011;4460;-12845
14704;15346;3844;9964;9677
738;6964;-6716;2238;16462;9279
12689;-12903;429;4174
8486
-948;17140;2731;5948
-3221;-38;-5229
-8490
-12003;16396
-10086;955;-3455
-15716;15416
7134;9550
-4401
1266;15763;14760;-2811
8144;-16773;-7989;-11448;11373
-12594;16201;-5358;-2655
-10937;-11834;10730;12351
9592;7103
-1803;-2606
-2118;10421;-7723;-13181
-16738;5877;-5836
-9814;5400
-8067;-2298;-475;-10316;-11933
-1080;1403
16709
10928;3457;5844;16596;-13134;1213
-12619
-4978;11762;17140;17364;-6170;6173
16717
-11265;-7923;-3284;-15957;-2869
15202;12166;12935;-7433;3083;-6943
9493;-10777;11562;16300;-13951
16609;-8467;5960;12443;-5725
1187;-5141;141;5373;2879
8385;2;8873;3567
18307;-15193;-14841;14009;5290;9165
-16051;-4600;-12478
-364
-881;-5715;-7189;-6981;-6191;10207
12654
366
16752
-3397;-2614;-3752;5291
-2947;1571;14039
-1511;14175
6546;-10636;-1822;-12895;2046
378
-2547;6693;-4278;-1407;12863;9535
-9997;10381
-15618;11377;-16627
-4118;4460;16431
13507;1557;16726;3976;-4524;18300
-12056;-17008
-8726;13093;17916;10877
16403;3139;-11061;-9531;-1470;2127
-4504
-13123;803;7332;-439;18125
15584;2613;-759;15750;2824;-11023
723;8323;-9563;-17884;1999;-8592
-9893;6821;5143;2442
-661;7012;-14599;-16747
420
706;12003
9409;-18215;8009;-17643;-8699;14428
1264;-10274;-16338;-16036
-15090;6024;-9946;18153;-7759
16352;2353;2200
4521
16810
11766;-3004;-143
3236;-3664
8917;-15309;5964
3877;-18215;15640;10680;-13322;1775
-3315;-9063;16910
4050;5491;-4509;-13663
-8634;-8192
6065;-2921;-793;6889;-4702
12818;14453;10583;-7355;6812
-2440;-1036;-17453
6934;8302;6319;-4720
12307;-8196;14867;6919;7322
-17345;-530;18327
17250;7779
4597;-8983;14759;-1722
4558
-5202;2434;11781;6198;9830
17360;6130;13093;3894;-10631;15678
470
17495;-10761;12202;1789;-3871
15509;-11270;11801;13102
4385;-9988;-10309;-10758;-9544;11166
5378;-232;-2425;11401;10926
473
-8668
-3204;11871
-12766
-12767
390;-4969
16867
-12773
-14306;17765;-2920;8057;-9087
-6420;-2263
-2322;-10686;17598
15587;11748;5159;-18347;16762;-9934
-10083;-8628;-120;5928;-3983
8688;-4088
3827;-1543;-14728;-4447
12801
-10025;-10974
16914;8181
11472;16242;-999;-11258;-7403;-12670
-11491;14917;-4296;-3865;-9657;-6608
520
-10867;4435;2087;-5578;14543
-14385;-10087;-8682;-12430
6816;-6578;15508;11706;-10540
292;16300;-11967
-531
14241;-17732;10378;-15613
-10194;-9458;18020;-17193;-2191
-12755;-14249;-17035;6670;16351
-11188;-1638
-11841;-17801;8623
2802;13672;-7113;-9903
-12830
-2;11173;6262;-12794
2208;4309;14393;-9261;5278
7601;-15447;2168;11610;6682;12506
547
10034;-6298;-4285
2228;-14265;6317;-15630;15886;-3279
8530;-3878
5361;-8043;6971;364
-1660;2220
-10428;10989
-7233;15988
-13105;13861;-1320
12851
-17713;10338;-11702;14413
3872;6769;-15703;-2201;14378;1646
11874;13042;-7963
-14942;-14303
-8767
-7842;-16853;8169;17580;-13917
7490;7859;-3092;-11678
9809;-15251;-1301;13289;-2778;9100
-13250;-7509;-254;-48
583
9201;1876;17641;-4714;2553;6794
-18065;3779;9443;-9769;14857;-17214
-12684;-8382
-7700;8292
6544;14535
18054;2503;-5624;-4889;2844
-17397;-2261;10859
6565;-16424;-15324
-915;-5013;13685;-11607;-16443;7391
-9425;-8333;-7437
8248;4104;556
14896;-4981;8164;-14043;4782
3684;16629;-14326;-6615
7568;7624;-15482;9114
14049;-9235;-11172;6824;-9340;-4048
12242;9588;-14264;10169;-17102
14144;15167
2851;11332;-5351
17027
17382;-2253;221;13966
-15460;12937;-1690;4858
-17032
11568;2115;-11287;10541
-9306;-7728
12357;-7611
16146;16226;-70;1543;-3849;-672
-9042;12771;5945;-2347;9711
11073;1058;17449;-16126;-512
12481;-13141
5701;2421;13018
-13705;2249;16218
-9362;4598
-8863
14689;6180;-3814
11842;3236;16949;-9463;10878
8866
14913;10563;1390;-9807
-5011;-14795;10938
-9955;6403;1523;-5626;12428
216;-9086
-679
-7898;-17357
10768;-2322;8371;-3850
-12475;-8685
-14622;6685;8238;12670
7697;13468
9123;9348;7077;9303;2331;12655
18369;-4210;-2056;8970;12383
-6226;15508;-9066;4570
-12980
4673;-14039;-12464;655
7426;-6725
9490;-9716;-15156;-1706
1481;-10380
161;4643
-711
-9539;-12764;-15279
-5057;17617;13986;13349;13047;-3070
-16513;3089;4686;11343;-7424
7600;-12274;-7380;228;11102
13017
-17116
-13020
-733
4694;-2265;-1694
-10081;10818
-4836
-4645;15575;-7021;-3167
-17913;-3419;11323;14847
-16193;-10484;-8101;12245;-4984;-10091
-10385;8181;7048
-18321;14065;-1828;-11543;-15433;-8650
-10018;-17766;-1640
13488;4176;-2482;-9181;15230
8944
-6519;16487;15672;15976;-6554;10747
2585;12573;1983
-759
-692;3863;12600;-6816
17954;-8038;2117;-4123;3132;6108
2914;6875;-9021
7653;6630;4039;7943;11369
5749;-14680;13175;12911
1041;-10006
-16970;-12477
-11159;-6360;359
-4872
13066
-164;-1878;-6088;7351
2517;-10188;6891
-8976
13370;-299
11824;-2101;2567;-5100;-16029;-142
13172;8918;1063;-8986;1930;-7117
14965;311;-11341;732;8413
-8258;-3062;5900;-14590;2829
14048;2338;-15589
7235;17877;13559;13431;18332
-12762;-8522
2144;8483;-8516;12933;6245
4905
-13736;11223;471;17610;16474;13823
-4907
-10650;9839
12993;-2597;-2390;15320;-10224
-7305;473;1964;-17087;8847
-7985;12903
-15249;10161;-13220;1099
-16791;-4954;-11852
10260;-1239
-5077;148
9941;-14167;1112;16238
5381;18262;-16040;-5595;-2845
11717;-6780
14610;3416;-12459;-18237;12;13502
5280;10310;-10650
15009;2177;-7218;10952;-12714;-7356
-17235
-850;13190;17183
-13149
16169;4714;7950;5983;2911
-3273;4140
-6810;-14542
2881;14629;13336;-7946;-9740
6295;7224;9498;-12493;10013;-3280
18259;-24;7215
10064;-12419;-1221;-11143;5997;-16736
2050;-9397;6461
-14136;-201;11496;3727
-11705;-1434;4059
-9080
8502;-9629;238
17274
4986
-16996;-11412;-4956;1419;17005;-10528
4988
-14068;-1047;17129;-15196
15873;17378;8603
13396;-7943;-8378;14302;18190
10400;-3110;-17019;11994;4411;14699
-4626;3329;948;-15175;-9742;3887
9105;-13027;12227;-3466;-6123;379
10449;8885;6182;1446;14904
-9101
-910
-3381;-13062;9305;-638;-17711
7940;5259
-3313;-13955;-2889;12329;-9470
13728;17716;-17975;-8460
4087;3850;-2926
12352;4947
-11458;4870;-2523
5017
562;5428;10854;8632;-16362
-5021
-9118
17309
-7469;15277;-8736
-7457;16818;11251;3365;-1882;-17069
-824;17144;14121;15437;8301
-580;1513
17322
1168;16136;10505;5898
4614;7783;11880;11577;-5693;7645
-13388;8348
-17334
-9143
8282;9052
4960;-4009
-582;9726
1313;-8850;-6843;-16926;-2416
2595;3206;-13513;18251;14990
-5051
-8946;-15077;7140;-4555
6549;11431;-445;-16573
5829;3326
9155
965
-371;-7780;-7400;8955;15759
-7350;6378
7217;-2282;8330
-5641;-283;-2575;3422
4721;-17992
14914;-9252;15801
1008;14976;17425;10405;-16519;10554
-12193;13360;-5637;-7125;10607
-981;-10
-14275;-1287;-156;-16316;-17648;-16848
-130;-2502;7722
13292
8896;-6887;-1625;-14603;11067;4157
-9202
7349;-13369;18090;2635;-9599
-2081;-16041;-4620;16892;15055
9968;-18186;9231
-17401
-4481;5680;16346;2589;-2127;-12895
-17665;4994;10745;-6011;15179;-6222
9446;-8424
-13841;-12178;-9621;10041
-6833;10449;7825;-10840;12717
2754;-1723
11227;10285
5940;2855;12718
-14663;-1210;-5643
9659;-429
-244;15187;-9808
-3076;8211
5138
11584;-15351;-18378;7613;-8511;9711
-15207;16250
-12052;15097;-843;11483;-352
7425;-6378
-11489;6342
-5150
6673;-3512;-5869;-6541
-7746;-9124;17317;11782;14008;-16988
9136;-9235;-18010;1036;7822
-4962;11891;8760;-3068;17117
-9261
-3667;9410;-10909
15602;-14776;-5995
13750;15194;-11486
2464;-7538;-4194
-4162;18171;15230;8703
-5176
4710;-13983
-15734;-2791;-17693;3948;-1582
9305;-8220
-17471
-7875;-12072;8696;-17295;-13072;-8624
5188
-11138;12231
-16275;4452;-16761;-16074;14892
5190
-5191
-18055;-1943;15543;18379;-16335;-15072
-11961;123;203;-8926;-1022
-13398
-15689;9566;-11375
13406
8451;5700;11927;-8575
14441;8393;3086;-12512
5944;-7065
-9318
-13978;12846
16371;-11144
-12369;-17362;16309
-11191;-10426
3736;-13069
6993;6802;9186;-12826;1658;-2479
-2129;-17624;6776;16252;10157
1840;17108;-2215;2925;4781;-15103
-4588;-8846
13042;-3125;-1034;16842
17858;-16884;8774;7785
13440
13872;-15825;13591;-13402;-1628;2237
1154
-9331;-8211
16352;-10227;-2852;-4923;5035;18252
9560;-13358;7917;17519
2552;14990
-18002;-16331;-15979
-15205;-14630
5260
-8070;-12235;-300;15343
12340;9306
15475;-14628;2277;169;-2127
7665;-549;13046;-12007;-2987;4190
452;533;12470
14960;14997;12171
-4883;1907;12021;-18408
16662;-16697;-13769;-7852
9367
-4770;7189;-5318;-16838;-18304
-15107;-6167;13703;5415;-15193;16172
2834;14726
-7750;-12600;-12713;-10969;17754;4620
16498;-2932;11166;-11263
-11588;-1882
-17955;-16903;12327;-6538;13758;-10448
835;-14069;-957;15373
-5426;-7238;-9575;6092;-9613
9376
-1187
3350;18231;-17673;-7615;17183
-5655;6844
-3558;-14294;-17915;-8861;2478
8305;8417;6354;-14872;8473;-3197
592;3457;-3910;4297;6365;14973
580;18087;4088;16142;11455
-12770;-8916
11040;18425;-4234;1259;-17086
17597
4487;830
-15299;8451;14778;3980;-2495
11696;6034;7864;6616;-2314
-13513
-12722;11219;-12191;-16208
-17426;-11301;-13015;10502;12476;5245
-15041;6465;1077;-1046;3215
-12611;12038;-8344;7162;15276
13522
6707;-9540;-6200;11820;-5613;16350
15175;9019;-2143;-4431
8084;-9323
17289;-9899;10234
9763;-1652;-2774
12278;-13520
7665;-2327
1243
17627
-10899;-6426;4635;18031
-2963;-11387;811
-5473;2663;-14827
-13297;7268;-16295;-15033;-763
17644
-16453;-10086;-14795;9515;1886
-3151;-16351;-1200;-5136
-16673;-8984;-16575
9161;475;-7709;-656
-13562
-10382;-15472
-13571
14067;-12150;-7719;-3706;9914;4972
-13573
18048;10817;-5415;5864;-7549
-7825;11108;-3639;13930
8083;-17567
8566;-7274
17265;-15971
-14519;8519;606
-8036;17091;16820
-13595
-12897;-9141;-7942
3616;-3667;-683;-10942;10367
4963;-1942;13895;5148;12014
-5407
17412;10981;-6601
-7687;-14111
13605
-5825;-9586;-18277;7237;-3543
-5457;-8337;-9348;7955;3818;5948
-12777;16714;2525;11247
13616
14037;-17162;7802;17133
-1331
-18298;-7610
967;-2300
7824;5799
1569;5602;-4408;-4283;-16205
-11077;18325;17783;-8204;-10127;-5360
16321;-10595;-11609;1692;-13535
-6819;-1628;10092;-6814;-12559
-9536
-16276;-18013;8367
1346
3361;17860;-1383;-4167;15528;-5277
-3025;-8258;-7685;17365;7050
2469;-2886;15254;-2377;13470
-13645
9548
9906;-2120;-13240
-3906;15974;1580
-13651
17753
3808;13945
1025;14201;-9760
9568
5472
-8934;12280;18300;-3886
9494;16460
9572
2081;-15750
-14068;485;6296;-8096;-10576
-17768
-18227;16843
-9576
-10264;-17192;-11241;8729;-4159;-8223
1396
17782
-2386;172;15901
15922;9332;4741;7983;16671
15004;2782
-7266;4196;4362;-5645;-14382;-7247
-9223;-16760
5503
13697
-5137;10087;12;12831
-10387;783
17505;3411;6836;-3943;-668;15135
-6821;13194;-9548;-10222;3791
3957;3066;14875
-3681;1104;8133;16347
5524
1666;11123;14393;5580;7630;18382
8545;11011;13076;-14816
-5905;4210;12005;-18297;17613
-6070;-17561;-2382
17576;-16138
9648;12354;-16036;14215;16942;-11104
2274;5046;13930;-11613
-9988;3510;9992;-14013;9053
-5395;7875;-12331;-12075
3714;-11636;6475
2480;-9781;-5669;5126;14744;-1356
-18433;-17496;9903
-13157;-582
355;1475;-13335;-6332
-15937;4257;13621;11498;-11982
2727;15114
-1459
-5557
-16738;-1107
-17539;2807;-3114
-15159;1406
7232;-2088;-8473;12904;-15136
-9661
-12547;-13460;3514;-16189;7324;-15167
-10275;11018;14715;2397
-2145;2667;-14573;-11839;12127
-7041;6072;-12797
-15433;-14718
-6753;-8178;2146;-983
-9121;3856;15954;-13301;17287;-13195
2294;-11968
-4878;-12991
-11109;-12119;17912;-6474;17372
11059;12250;-1343
14657;-13715;5012;16149;9387;10959
13778
-4145;13081;7482;-10831
-866;12516;-13403;255
-4772;-16411;-13086
-13558;-8424
12940;-7342
16513;-18116;-13367;16472
-2996;8537;12346
-13268;-18251;9675;-4237
-16755;-13423
-15733;-12665;-12650;-1419
-9908;15334;-10329;14921;-4415
-17219;17724;-6110
-3937;17509;13590;10342;10906;2251
2449;386;-15191;15067;-4221
-15075;1671;13641;13627;12222
10676;-2709;-439;-14617;12698
-6113;17748;16308;-8135;1334;-3243
13603;-436;637
10977;5326;-2496
-12930;10693;-16616;-15437
5620
3232;16097;10131;-10692;13676;14140
1529
13821
-16897;-1586;-1274;5935
-5409;3539;5797;9974;-13003;637
10032;13138;2403;4438;5369;7117
-7701;-1336;10619;1499;2556
4500;-8646;2603
17456;-8466;17130
2337;4241;14801;-7128;-2938;-16955
1348;4602;-18332;13932
9744
662;17275
8048;2465;13524;2094
-14833;977
-13923;13978;13805
4407;9453
8645;4822;5737;3066;7979
8861;9101
6980;-3990;10879
-5678
-1209;-13146;-7711
-3621;4698;511
9106;17059
-18225;2212;8198;5095;2872;5535
-1600
5698
10468;-5288;12088;13946;-17323
9040;13043
17249;-13447;12599;12008;14155
-8753;-658;-15766;-7340;4637;-10590
9798
-13898
-1985;497;-18006;11480;5433;4190
-15553;-13457;6918
1616
-16244;-5910;-4041
-17250;17013;-391;11465;10078;17567
-1621
3907;12228;14344;-186
1622
-6216;-10680;-3515;-6046;-14415;-1712
-8817;-2564;-501;-2031
1761;-9013;14902;2119;17961;-17914
-5722
-18013
-10754;11537;7300;6740;-13241;-11405
-15282;14580;16423;-5897
8451;11817;-6347
-14600;-11611
-9829
16594;-2670
9427;-12937;-14512
-18024
-15937;-7730;-13380;6733
1641
9889;-16707;8462
12545;17775
5747
-9943;-16285
-3042;2627;9699;-1816;14665
18039
-16842;17070;-1887
-9942;-4710;6904;-14396
3761;15909;-8;-17998
10993;1203;-1429;-11814;10904
1666
-1668;15623
17681;-16584;14839;15177;11517
1674
4739;1033
-842;6795;-13134;17054
5779
-11585;15856;-8579;14649;11823
10899;3082
8179;11668;9236;-9066;10348
2560;15204;8920;-12701
-13988
3152;2038;14134;2856
-10563;-4644;-18389;-17257
-5797
5799
2227;-3548;-1341;958
-1705
-5003;11051;7949
9902
2918;639;-1840
-18102
5252;12853
10340;-3959;13307;-1583
9914
-4354;14323;-3163;6875;8526
6882;8533;-5273;6873;7355;1934
-14017
12817;-11088
9641;-17053;5389;2685;13359
-4372;-3399;-1385;10892
10309;7823
11411;-17111;15644
-4257;-10482;-17235;-14934;12184;4297
-14438;8583
-1825;3889;7890
114;-1012;-422;15991;-12908
-4049;-14210;-3621;-11773;6687;8815
9958
15600;16021;3673;18044;5486;8478
-2930;8323;-14949;13269;-7606;17951
6849;6578;4809;-12368
6529;-11788;11403;7916
-18247;89
-9971;16308;7814;-18348;-11661;-14591
3444;17560;-11036
14067
-6371;-6437;10648;15898;11035;-2508
16192;1314;6600;-5245;3406
4873;-3085
-9505;8606;14975
1073;-17304;7433;-17568
-2803;1252;-10758;17719;8667
10072;-8281
11300;986;-2302
18182
13203;-965;-18280;16552;10217;-10735
-13987;-16490
-4065;5870
-14705;-3127;6839;-18283;6989
18192
-17569;3393;-8259;12421;-9222;-15342
9911;-826;1630;-10480;-6144
-8738;2817;5972;-10056
12929;-11139;1061;-3596;4639;2015
-9061;7245
-2913;-17080;-3880;-6618
-5917
13825;6179;13398;-839;15405;15293
16848;11760;10609;16887;-17801;16767
7255;10951
17330;-12537;-14810
-11154;-3982;1023
-14961;-7349
-14252;-3965
18217
-3441;-3348;7955;-11543;8540
-1841
-5940
7681;9733;814
10646;-5386;2045;-16239;2991
-5945
10041
6625;1746;-15252;13318;-14026;5738
-11091;-8569;2329;18237;-318;1262
18432;14787;1401
-721;5541;9802;-12766
15942;-12235;-9660
-8484;-15032;-4282;-13917;-17488
-7635;-12165;-10734
13236;1418;-7197;684;18300
10057
-929;8612;-4634;18138;9357
-5222;-748
-1876
-1044;2884;700;11628
11284;-11417;18110;-7904
-15015;-11883;-8686;-7263
10880;-263;11752
13028;16244;-15735;12776;16542
17524;-3893;12841
443;17756;-16303
3179;13839;-6928
-11441;370;1221;9766;-11304;1294
17777;12130;5138;5139;-8732;-17262
10096;-4002;14679;-1148;-5324;-12399
3523;-13013;598;4120;-9420
-3666;17556;7095;-16632;1647
-18289
18289
9088;743;7162;-2799
11568;1026;-14502
-8889;-7659;14636
-9877;16021;-17847;3225;-16348;-9854
3779;1349;182;1575;-17311;-16064
8725;-7750;-11084
15536;-11601;-3132;-18125;3116
-16273;-9858;-14165;-10776
18305
-12600;-9802
-16514;3458;-8023;-7816;10264;-7867
-7419;-15451;-16908;685;16687
-10120
14223
-18194;-10500;15284;-17147;2957;1085
4785;9447
-15252;-13268;-10932;-4808;10280;11549
-14244
-11716;-5524;-8551;2955;1967;-17952
13410;12869;-26;-8106;-17852;-2253
16434;4850;10714;5501;1327
-11809;5749
7061;-18279;17278
-9293;15356
-14260
-8757;-4790;-9512;-233;15691;5628
-6325;5821;-17854
-6073
6074
-5877;2502;-6800
-13569;13367;-2346;16796;-16238
3606;4201;-9808
-14293
2648;-16942
9585;8871;4031
13289;17390
198;18199
-14642;3155;-10677;-8525
-13089;9296;-5029;12169;3404;-16960
-18194;11894;16510
-16274;14086;-6107;-10111
8051;-13253;6613;8806
-4931;7042;8107
-13538;-11915;-17534
7733;12501;6392;-1434;-14972
12199;1449;668
7939;-16197;-10156
-771;-5782;-7943;173
2041
6139
-7347;11219;5238;5404;8797;3309
15587;6101;-15546
9627;8107;6956;6030
10337;-7490;-132;10965;-9846;-14078
-2042;-12749;-15935
-8129;578;-4518;10014
-9474;-13064
-9105;-5365;-16021;-17097;-7722
-11217;-12615;17004;669
-3650;6194;-16135;-3596;3565;-17119
-2069
6437;-11575;-13256;-14170;18203
10271
-338;12596;-3856;10063
6179
16768;18364;12156;3454;-15888
-6469;7547;-2222;13551;-2128
3606;-2443;9117
6001;-18420;-373;15076;-4375
-6333;-18366;6223
11825;3060;-2293;2484;9577;6110
-17732;1780;-8869;14537
17488;-11106;-18247;13926;16415
-2483;387
6749;-12942
12384;13232;11476;-16268;9949
-12745;17961;13274
3511;10890
-13655;11623;-16299;-4795;-3566
10631;12087;-18120;17999
577;-15699;699;-16622;8447
2121
-6220
14417
2289;10377;11978;-14556;12524
9920;-15963;-17676;-7086
4545;15157;13385;9084;-13661;14590
-4258;-14268
14118;12607
9618;8886;2039;14376
-9977;7818
-3297;-13479;-17480;3416
15832;-12299;-17996
2642;-1620;-14203;2814
-7864;3995;6045
-5459;-16708;4227;-17005
-10371
-5361;-17909;3956;-13191;12329;9802
-14470
-10614;-14728;-1208;-1178;-16267;-3244
15381;-4663;-920;4425;12537
2800;850;-7588;1204;-3551
-5072;15455
-7971;10162
-5682;-3317;-949;13178;-5424
13792;17078
-13069;-16813;-5086
-13237;-11958;-15530;13949
11889;-1497
-10277;-9766;-10832
-6300
8980;-7113;-3770;5484;-18078
6416;1589;-1784;-18076;15660;-14207
5508;2695;11244;13901;-14752
-2216
10546;9334;794;1291;8925
-10069;5031;-17662
-10753;8275;-18293;2244;-860;17166
15508;6452;8616;9257;-2397;-2446
-10964;10614;10765
11906;14893
14723;-4615;15191;10780;-13375
6320
-9572;-14933;9541;-15934
-2548;6182;136;-16137;-43;-2109
-16258;-834;11822;3038
6334
-11649;-14482;11603
2739;11791
-9281;-7029;1464;313
-10889;13134
-10114;12233;-4367
-17825;-15937;6675;261
-9459;4820;-4493;-13600
15686;11149
-4898;13225;-10589
2322;16324
1392;-14460;-17869
-11767;5405
-16130;-12739;179;-1574;3422
11474;-12902;15982
8721;-3432;7400;18253
-4305;-13330;-7173;7095;-1407;12751
10103;-16473
5458;3331;-11064
18128;-1091;-17686;-17596;-4511
12513;7137;-17373
-3106;-7590;-5128;-1481;-16383;-1359
16548;-13003;15118
17952;12305;-7495
-7397;5113
-3750;-6726
15889;-12454;-1405;-3085;-13520
-9762;-4356;3638
-10886;-3694
325;7608;4075;2476;-2910;3006
-16401;-14903;7321;3802;17692;17070
7232;11043;-12486;4395;8493
-8243;-2195;-14854;3127;11257;17310
15427;-830
7843;-12757;4213;3318;16077
11330;-9019
12273;-4021;-5734;-1496;11402;-10112
6225;4482;-7303;11799;-4013;-13503
-6997;-15701;-15927;-552
14601
17232;3242;-14064
-2317
4882;-11295
-16947;5417;-18171;-1291
-3927;-6589
3591;-15276;5262
10520
-4082;-8757;7061;-3430;3724;-17328
-15218;-6070;-1530
8305;243;10152;13692;2717
2342
-10837;-6169;13898;9548
16720;-7255;1128;-12061;-878
1121;10465;-17877;16680;6857;1484
-6445
4914;12565;-15128
-7864;17001;14330;-6236;-14877
-6407;16955
4147;-4198;1882;-13084;17707
-17697;-17430
-2162;-850;4898;473
355;15157;-8492;7629
16653;6191
2364
4899;15781;2616;-1870;2062;11647
13138;-3731;-854;-14950;7928;-7995
-8883;-15892;-16631;1318;4314;17020
15763;8007;15403;-4768;8927
-11351;11902;10015
9560;-13532;10444
16147;-13766
-3985;-7384;-17706;-6076
-14580;4004
-3969;-17713;17044;-9429;-9902;-7087
9888;3008;-8020;8901;-7511;-16843
-17121;-6261;-8746;5230;4031
12185;2845;7838
16404;11013;16747;-510;8271;7807
-14679
10694;-17439;-12032
6495
-627;-7462;-8231;5560;-3866;-12350
-6499
-1957;12555
13220;-15818;-7818;-7340;-5134
10602
5008;1605;2235;-2335
18176;-11106;-2884;6425
16551;6351
-16486;6453;14119;-5449;7883
-10620
-16082;-1187;-7715;5557;-3543;12346
3105;-16521;-9498
-10277;11364;8602;9035;-6752;-1344
5664;-1058;6037
6913;8787;-9497;15290;4477;-15326
6562;-1347;-2359;-13504
-4311;-6087;1176;-7129;-14779
17326;-2576
-6513;18241;-15188;18215
15353;15786
-5620;16283
6569
2075;8590
-5336;13785;-13594;7627
-14771
-6663;5223;-8536;-6172;-6816
-8082;4770;-14916;10373;-3990;-7023
6721;-141
-2625;-18278;-650;10011;14029
-3361;-5779;6651
12371;2405
9283;7942;11545;-6892;-3006
11362;-16611;-11861;11383;-15962;2815
-5011;-9769
10788;-6920;-5628;-17119
2496
14785
7153;17057;-15477;5799;15596;-7151
8976;-2660;3304;10683;-13533;8015
764;-15551
5379;12756;-5214;18255
12337;12484;-7447;-5064;-5067;11647
-15314;12306;5731;-9328
17312;12800;8580;12970
17637;-3034;-12092
4225;-9619;-231;-5083
12791;18190;16591
6804;-9097;17163;11263;-15424
17888;6997;-4635;9085;-2831;16975
-10712
2288;4211;-11621;-1734;-6799;11134
3461;10214;-18137;-10347
17794;5050;-8029;8190
-17698;-1212
2034;12780
-4385;-7430;14343
-12226;13620;-8103;9242;-2094;-2975
-11878;11752;3834;8060;-5136
-10729
18370;14438;-3143;5640
5345;7122;13884;17150
-16803;-15397;14342;-13356
-5313;-9517
9171;-1544;-2264;11694;14159
-10740
-7683;-2934;-14366;-3023;-3216
14068;-11518
3200;3585;-1419;-12015
13765;-4151;17515
496;5156;-5094;10191
-2258;3207;13593;-2668;2971
12050;-9128;-364
-12599;-1661;-590
-820;8823;1385;-15531;3581
-2565
-9556;8487;15769;4362;16270
257;594;1683;16812;-16782
2406;8351
615;-12042;4796;17391
5185;13769
-5522;15117;-2927
-2575
4901;14630;11463;-3577;15439;4783
6687
-14887
-820;-16423;-14028
-8534;4677;15766;11239;4027
14887
-513;6807;-17087
-17730;-11684;-1865
-14280;14359;14815
18128;12821;-6873;-3947;-9328
3480;-14699;13018;-5134;-7472
-5048;13965;-16206;-11711
1281;-15525;-11464;-9679
3918;10991
-9093;-12424;6606
18097;-16980;-3591;-7771;-12859
-10041;12666
-1601;16515
-8385;-9284;18036;14216;8524
14373;543
-10822
-7905;16481;8787;2739;-14378;17386
-1813;7080;13753
-6734
17111;-14472
6740
-3092;3222;9814;9658;-17563;-8780
-9923;17742;9406;-14576
6746
11041;-10547;-2947;8582;16872;16521
2753;16292
18432;10449;-13079;10518;-11370
9412;5542
-15185;6004;16635;11597
-10862
-2277;5798;-4024;13864;3468;-1871
3984;12353;15011
-7543;18412
-11252;-14470;-9725
-6781
6781
-3013;14230;12392;2923;10605;-9871
7136;-12003;-5428;-854;265
14982
-14273;16082;4504;5850;-14860
1;15337;3743
-1603;13305;-1547;8927
15569;4313;9482;1194;814
-14992
6804
-466;9028;-37;10568
-6451;-9447;16748;-11757
-15003
10912
9330;-1608;-14539
-7202;2232;-2761;-15471
11825;-9104
10112;14151;10830;399
14880;13367;-9134
-16609;-3497;5085
4611;-16565;15577;11338;12348
-1011;-9079;6633;-14798;-4960
8648;-5273;-13561;12922
1364;8346;-6973
7799;16989;11535;-816
7845;8599;10154;-3373
209;12897;1843;-3670;14554;-10800
-16357;9515
2751
-15043
3121;-15926;12123;-14286;-12368
1585;13462
-8741;-13367;6616;16714;-12415;4334
593;11938;-4724;-14186;13194;-13675
13457;17980
7248;9010;-9016;-4731;-6046;14494
-837;16776;2505;-10202;2719
-10449;17318
13412;10948;11182
5280;13104;-1252;-4936;18297;13241
10969
-1122;-12835;-3225;-332;6543
-7629;-3342
4101;6230;-17207
-11987;-4982;-15384;15800;13771
-6645;775;8105;-18141;9021
2277;14727;17594;17738;-8588
15923;-4942
1603;13475
8646;11130;1483;13903;3439;17439
14802;12567
1153;-15767;2618;-3741;12077;-11423
-4257;-2867;-9331;14181;-12811
11606;17175;-10013;12702
10990
14032;7602;17045;5082
16800;-1220;13497;3132;-7807;-17504
-6769;6187;15675
-17335;6790;11180;8031;-11472
-14531;1508;15909;17483;1067;1855
1234;5156;-14629;-7612;4846
-13394;2499;-10983;-14791;9278
2814
11925;-9081;11818;-748;3227;10254
17252;-3638;16250;-11375;-15663
-4004;-7909;16550;1162;202;17307
-7059;10546;12082;3645
2288;1203;197;-854
-12008;1048;9530;12459
-3618;12193;-7386;13578;-11918
5794;-2746;9115;13918;-16799;-6431
11921;-9767;-13199
11877;-16728;12232;-4526
-6084;3079;6135;17639;-1529
2864
-11057
-8945;3220;12164;-12173;-13517
-9588;-11515;1851
16288;-7506;-14408;8447;15535;-11392
-16769;1910;-8494
2657;-8467;16828;8238
10451;7865;-3151
-15169
-7737;-15626
-12867;5884
-6897;6616;-6268;17629
3491;3497
-15814;-16408;13085;-12110;-8512
9697;14686;-5104
-15937;-7330;9555;-13670;-14715;-18143
13013;-16296;-7805
-11092
10374;-7466
7006
-3763;7747;-8949;-4070;4715;15422
-9489;14209;10642;-164
14613;-6567;-1288;-13498;9755;12187
12432;-706;-13219;9962;6734
-17653;-12089;18427;-15502;2781;638
-15985;-8785;3698;-4891;-5629
9816;-6554;-11274;-15388
-5477;-4037;12437
212;-18023;8375;-13434;5867;5887
16160;-13907;-11509;8884;-14842
15214
-7833;809
13220;-13813;7126;-15575;-15709;9532
-9730;-14531;2660;8472;-6192
5578;9647
15231
7573;11755
6672;5974;-616;10121;13564
9306;-12254
2610;6791;-12349
-7046
10433;-5990;-11264;13871
17683;2679;-8894;11967
16098;18211;16581;-11526;8650
13636;6469;-8953
-12341;15301
7665;-8483;8388;-15303;10694
-15057;-8004;-12676
-4148;-11110
-2516;10419;-3908;-9340;-1726
14481;12689;8178;7559;-3068
-14769;-3142;-9338;13737;-2604;-3247
-11180
17584;1302;-9386;-17659;-17788;14766
4116;10699;-17806
-11188
-5604;-16677;4517;-7384;-12669;6142
-7101
7101
14483;-2475;17131;2540
-4817;8176;3626;8938;15757
-12553;-1757;-13280
-6955;-3533;-8912
-10337;-7233;12552;-14795;17323;-4623
-3018
-14379;13626;4494;-720
-7832;-7482
-4932;16155
10217;-1980;15279
-15235;4085;-12454;-6679;-12331;-1389
-17927;7958;9832;-11309;-11230;-9039
2193;-13142;-15672;11288
13411;-1861;3013;4872
9666;5860;13912;-10000
3058
3059
-3650;8200;9615;-7008
-9124;-8613;16100;662;13814;14798
14033;-10388;-14405;9369;10938;13995
15352
6418;11672;1757;-399
11329;-2483;15450;-15966;15215
-3411;-17047;-2123;-8814;-12639
3074
6635;-13807
9218;-2044
-1541;-1543
2224;-9406
-13901;2623
-17288;10106
-5749;2745;-907;-2396;-7357;10573
8016;5578;17835;333
-16306;-15460
4980;5129;4266;-3085
7204
7206
-15402
-14865;6029;9342;6703
5940;-6007;6794;-3612
11814;-3561;-11375
-1188;16916;-4413
9302;-11692;8139;-5581;-13438;10143
-3127
15651;-14199;9718;6215;9871;16831
3131
-7235
5830;17791
6586;3420;9519
-17332;14404;-8411
-8081;817;-6178;10293
-11344
1923;-7845;4661;9159;-4745
13648;-4385;16281;6282
15444
15447
-2994;5174;16683;4780
-6725;374;16108;1599
-8641;-17426;6084;-13754;1244;17039
7261
17522;-2068
-13250;-11812;-404;13044;8458;15325
-18098;-1458
-3526;855;11511;-494;4093;3023
13637;-10461
-689;-5697;-2;13665
6674;607
1888;4707;10643;12435;-6008
-16305;-18242;6858;-8268
6066;2691;-13948;12478
-804;8230;-10620
7293
-12386;-18061;-15934;2222
-5699;-16633;-4346;-6124;-7149;-12400
14977;-7636;2838;1214
9707;-12911
7302
9859;-3480;17308
9061;-1756
-10118;-17671
-15281;-18433;-13860;7494
-4663;-2650
-17521;-251;14554
2692;-5528;8967;-5356;-16287
4098;6948;18247;2602
11094;-3063;-8076;-15470
-11867;14076;15756;1645
-11233;5697;11057;17316;-3179;-4143
-11421
14657;16500;5480;17565;-10014
-3230
10082;-12698;18138
432;-15962
-5361;-18;-5698;3737
-18194;16657;-11939;16979;-10845
-11439
-5570;7848;-14842;-10188;7214
-15585;16195;-11639;-14283;1581
16551;2824;-18378;-2589;8941
-11446
-6129;-5316;6596;18087;-1792
17514;10316
688;-2248;920;-5705;-10890;13979
8629;17125;8923;-11871;-3167
-7508;-16010;-10539;6523;-4397
15205;8936;-12687
8371;-14632;-5195
7360
-10673;9777;17477;10425;-11134;-320
-7362
-7218;-9411;17318;-4906;15676
1586;3570;6165;568;-8473;8043
16258;-6041;9435
-1173;-8070;-16711;1991;-12075
7369
2706;-2180;2550;8395
-8751;16127
-15569
-7377
3282
3286
-7048;-8527
3362;-10748
-15561;-10489;-8410;-9792
-14628;5333;-14479
-13315;-9517;11341
-15591
10032;1319;-4542;-14208
-5316;17093;18037;-6028
8448;-14453;12101;-17596
-1649;11779;17756
11169;-14485
-2850;-18355;724;16872;13467;-6542
15584;-7815;-11086
-515;3332;13194;8618;-5212;4381
-11890;5859;-4919;9064;-4314;-17600
-98;2450;-5678
-13800;15258;331;-5117
-16067;-8020;-13605;-6601
8452;-1018
-13991;-4536;15048;-3465;3599
13760;9971;798;-864;-16224
17221;15738;8090;4940;14703
2514;1346;-8310;15998
7509;11369;4959
14371;852;-7769
-9251;2312;1739;-18253;8398;-12880
-8882;3655;1690;-527;15615
12080;-12307;-101;-16043;15211;8622
4866;-15400;13901
1058;-13924;-6886
12418;15527
7465
11299;8918;4264;-2220;-2508
11268;4393
2001;-854;6933;2255;-2864
-13763;6565;-16664
15669
-6055;-5519
-3250;13281;-9923;6236;1134
-16570;-16573;-11200
-7480
-11861;11208;14655;-10608
-11587
11392;8647;-681;-10458;6782
-16913;-14853;14996;9511;3864
-887;4281
-16020;-18101;-781;-5359
-10066;-4487;-3389;-5166;3326
4896;14115;16870;10651;-2445;271
13237;10758;-15242;17773;-10671;-8351
5360;11922;-7432;1863;-6104;-17213
3898;-15502
15700
-9761;1411;4936
-6514;-12185;-9292
2201;9580;16220
8528;13172;-11765;-15558;-14190
7015;16894
7526
-16555;831
2705;-3219;-17252;16451;-14410
-15538;-9571;-14451;-3299;-1540
-13927;4183;-13021;15854;-17471;463
-8725;12902;-4121;15672
5424;-963;8658;-9893;-10765
4884;-16327;-16072;-5373;-11519
-4500;2312;-12797;-16255;11407
12144;14469;7205;17750;14118;3307
8002;-7383;-16365
-11640;-9675;-14912
2072;222;9359
16274;2039;-5545;8907;6364
-2562;5541;12774
4644;-5830;-6379
12915;-16885;-5994;2398
18032;9856;-3477;-14325;16139;-2272
11408;-10995;-11895;-185
-7574
-2500;-13862;9702;10141
-7570;-1110;8406;-2300;-11052;6046
-17073;-10755;15971;-13508;-18245;11451
13620;10348
-13737;-8954;15101
15782
9904;10737;12901;-9562
-12625;-3218;-16330
2210;-8643;9202;8119;-8169;-10317
7665;10199;14311
822;9241;1978;11947
-16804;4186;-7276
-16050;4003;2388;4820;15480;-14155
-13265;15905;-17287;10620;-3584
-6425;2910
-16869;1065
-11708
-11711
-529;10992;8736;-455;5260
968;-4494
11719
12400;12576;5968;-4979;6234
7625
1714;6115;10035;-14334
9217;5587;-14247;7071
14019;18187
-11728
11314;-3637;5690;-14556;-14636
15827
-10419;-1239;-8855;3880;-1787;-1504
1301;16310;14424;-3917
18055;-15295;783
-5473;-38;-585;-4011;-1632
-9249;8418;6466;16299;6190
12257;10987;-11504
5345;-805;-4855;-3159;-16460
3553
2116;-13557;8843;18252;4287
15061;-9787;14668
11751
9419;2334
-15850
7658
17572;12198;-16953;-5149
11952;4692;-10425;-11418;-14766
1296;5782;5974;-17960;5741;-4414
-16435;-3530
7676
12053;3721;16478
16626;3509;9399;-17759
-4227;11913
-3317;14292;-16405;1863;-16410
-11785
1600;-5572;-3717
7689
15693;-8000
8725;15941;-7016;7961;-1533
15764;6518;17494;-7504
3601
10547;2790;10749
-9622;10502;-6520;-3832;-10191;-335
-1541;-14508;11053;-6816
-3393;-8423
-15745;16052;6552;13148
-11108;2019;-9957;5317;16637;8911
-8234;15963;-5677;9774
-8017;-3908;-8267;650;-8672
-11833
-4515;-2051;-7732;-5302;9103;-9536
-13461;-6069;-2853;17466;-6299;3470
2567;9275
3041;610
13605;-16231;6278
-4998;17705;-16366
15948
-13969;3608;667;15678;1774
-7217;6640;17080;-17755;-2413
13778;10367
18291;17845;-6811;-1083
11427;-9109;9542
15962
-1059;-7541;15716;-5911;2430;-7311
-8323;-308;8458;-16702;5007
12530;-17381;-16421;-5957;5644;-14861
-4725;13621;18347;-7180
-18161;2882;1094;-11465;-651;14427
-7781
-9105;1395;-14630;16567;-6106
-14050;5138;-12964;11337;4073;10153
-2803;11922;10436;4614
-2150;1882;-3422
10833;4457;-13358;1758
4285;7598
-17092;11908;-17814;-1003;-8365
-17460;13765
-7412;15972;-6326;1462
-13288;935;-18330;-18074
8530;-14851;3363;-13974;-4841;9880
-8642;83;17796;14535;-8858;-3020
11457;-3659
-15171;710;-17916
-2861;-12670;-4447;-112
14465;7546;-14208
-10945;-11398;-6951;-3087
-7522;9233;-11797;-13515;-3519;-13456
481;15518
13952;-14771;-8227;5382;271;-12608
11906
7812
-2916;-3402;17962;-5212;-10156
-7461;-9018;-3631
18114;-14388
10869;16231;5304
11930
-9332;-92;3519;17839
-9013;-7021
-567;-4176;991
6338;17896
1956;-16214;745;9753
-16898;7477;8837;-1021;-2158
-3764
3765
10289;13141;-17288;12953;-7791;-7536
-7870
-10881;2944;-17698;17765
2672;-15045;10472;7773;10191
-7875
-11979
5011;-14804;-6230;14264;17835
13400;9212;14701;3821;18351;-6544
16084
-9333;-7175;-11928;4155
15970;17138;-12119;17142;17789;1134
12370;13479;9816;3147;-10541;-12175
16120;-4765;-15166
-14260;-3672;-8489;-14256
-17682;-547;6915;-10937;-3100;-11232
-9713;-4315;-7179;17391
2402;6770;-5355
-12262;4345
2912;1426;774;-265;12203;-941
6073;-17948;-12432
6197;5822
-12028
-6469;-8086;-13831;6422;-16456;14104
2208;7280;10353;3282;4916;4469
8610;3171;8564;-8316
5083;-8924
-12033
-12754;-10837;2696;1465;-17180
-3844
-16134
12037
10651;17774
2022;12903;4111;9391
16139
-9761;-16244;11814;-18336
14081;12034;12390;11558;-13439
-3505;9779;5774
1079;-13848;4809
7632;12615
7963
2769;5194
-12065
-1993;18156
3876
-13890;17319;-6681;15322
10194;-12632;-11499;8330;18205;-4623
-3881
7978
11526;13513;-11741;10493;13918;-5152
14932;-16792;-6123
3887
-18212;-10749;16879
2498;-14582
-4009;-8810;16314;-11486
16183
-12529;-15988;-15737;5801;5963;-79
6772;-14519;4038;12650;-5100;-11839
9298;-13140;8531;-17320;-11752
-13809;14421;15582
-11973;-2934;12006;14647;-9113;5370
16198
1248;-18113;-5716;-13431;-2056;5484
2643;-10654
-3699;3353;3146;13149;8446
11216;-15892;17719;73;9053;-18254
2498;-11125;-10519;17932;10542;10975
196;-14041;1464;10524;-3021;957
-17633;7589;6122
-13138;-6242;1045;10151;-16219
-12361;10105;2204;-12064
-12118
-15315;12514;15972;15332
-11285;8855;-16268;-17999
-12125
-8856;-15560
1667;-17110;-13070
-4209;-10293;18104;2139;-2318;-7360
-18389;1606;554
-12945;14805;-18089
7042;-6003;-695;-9847;-2010;-12911
-7538;-440;16024
-2595;-6788;-6859
-17464;12023;1017;-9133;-10175;-17087
17913;6522
11465;3275;-17693;15101
12148
10209;1409;-9419;-12701;-1647
14930;5417
-15684;-3764;11445;-9051;-15582
12051;-5499;6444;11454
15521;2420;-811;16635;7071
12166
4609;4581;-1112
14401;-10410
12187
-15906;15092;-11610;-3883;-11533;-733
17826;-17878;10472;18154
-9465;-11946;-13263;10190
17703;10878
-14017;-8306;-8726;-711;-9111
-3042;9430;-10396
-11073;13552;11971;12714;13707
9281;-75;-1102
-5075;-8342;16950;1756;-1071;3887
-2321;11028;13125;9657;1195
10454;14040
12550;16042
13170;-959
-8119
5632;-15537;-771;11667;-5016
2626;1401
-24;-4011
12772;-4637
17425;-3159;14350
-6182;-14984;-5960;2603
-4044
-11394;3441;-187
3620;5380;3385;13354;-1213
3344;7443;13741
4051
-10643;8755;2036;-16489
-1507;-2774;-10811;2846
12736;1595;18411
-13571;-7511;-11663
-4290;-7410;-17370;-2107;6623
8172
14896;11841;-17986;5798;15257;-17536
-16612;-12043
-7986;17762;12582;2202
-16372
2435;18324;1380;7145;8287;-8912
17328;-11411;-3606;14118;-9079;-11435
14931;-4667;6111
-15674;-13870;878
17376;-9191
3783;-4649;9053
