628;-469;-696;-795;-191;-15
773
336;160;739;-839;-251;-139
244;826;219
977;785;323;357;-894;766
320;130;-276;104;-12
-15
207;831
529
-562;210;341;-199;26;-604
-532
-956;-271;-848
803
865;131;659;-53;-731;-912
-49;214;-719
812
425;249;-732;13
307;-965;-205;-464
181;-487
918;-989;-446;-560
98;180;104;9;174
-689;594;802;-550;107;815
-2;-179;354;141
-365;-975
215;-520;-362;-171;-256
-326
-609;-356;548;-934
947;-790;472;-282;777;-286
-946;-919
469;533;151;842;893
720;616;-348;877
-985;796;109;157
-177;981;-207
438;-265;940
259;532;309;527
880;494
-978;850;-452;403;-616;186
-95;959
683;-781
-610;-196;182;984;664;-926
-708;-160
355
-938;-188
-326;-679;134
928;226;888;620
242;-326;712;-60;559
707;852;950;940;-879;350
616
-342;955;-463;-864;607
834;835;-6;-521
234;764;-112
682;973
-377
891
-737;913;-699;300;-671
-706;-363;687
-257;-197;-679;-23
388
-393
-738;-131;535;-792;-106;-187
-910
753;-948;695;668
-550;-366
917
-885;550;-840
-467;163;-554;-490;427
153
-178;843
471;-905;591
-403;-567;412;-814;254;191
162
-934
512;-865;-332
-686
-389;-810
246;119;568;-972;-461;-189
-213;-891;669
-530;-101;-982;-231;519;888
-513;-744;9;811
528;-241;-853;-871;120;366
-34;195;903;910
-226;-619;-875
-19;292;-422;615;746
192;-387;-310;681;13
962;-421;952;237
839;392
724
-393;-156;348;-526
848;-642;722;823
163;757;-744;327;-138;364
950;953;618
741;888;968;955
-641;289;706;-248;888
112;-899;740;875;332;94
211;793
896;451;-941;350
164;-74;988;365;-942
-153;-345;201;-78;285;591
912;519;-672
707;-452;-743;234
-657;-881;135;123
