-546;-420;-918;-359;282;-351
792;-640;-416
-545;594;217
-847;863
195;-421;-7;109;590;831
401;-676
537
849;-628;148;-86
-564;308;-407;439;763
-625;485;549;134;220;-480
-705;-948;-359;374;842
-198;-297;-382;590
-676;917;805;778
833;802;-399;959;911
304;418;-229;-982;554;-28
-817;8;616;-892;-492
-69;-312;-989;-464
371;855;-733;285;799
-557
-405;54;875;-480
-722;53;54;-971
192;-724;731;-236;-782
451;-180;324;453;486;-459
754;904;697
-322;268
-795;42;699
54
561;450;835
-43;155;972
-430;367
-536;-936;296;-602;-78
-97;-735
465;-308;183;-729;63
-408;441;-621
-964;-855;-298;-269
82;767
198;-281
-860
514;258;-169
-392;-218
610
355
-550;906
806;319
-194;-166
-107
-84;-517;77;-814;973
-259;534;-249;-860;717
320;-962;-946;-979;-806;-585
208;482;196;313;331;380
-245;366
-126
684;-189;-622
339;-215;791;711;987;-686
165;-905;937;921;46
960;224;-677;-22;89;846
196;461;-512
-923
927;-256
-193;643;595;524;894
-177;402;-515;-390;-152;991
416
-421
-785;134;136;-238;926
-273;225;920;840;889;-892
416;964;-630;-575
431
-536;-409;-361;-699;798
183
-730;-124;670;-768
-696
-51;-389;123;-381
483;699;28
945;-531;-314;-544
698;-511
403;692;-999;698;-924;830
-824;552;-794;75;-222
624;-468;-628;490;-973;509
48;776;-732;-13;-943;415
-130;-617;283;412;-141
808;-605
711;-57;62
-788;615;-491;765;573;302
257;-850;929;518;215;-605
-948;777;-653;-928
912;307;-231
-321;-557;-749;894
-677;-313
646;-410;156;-77;-302;-752
-884;712;281;394;-925;-64
-843;-477;-703
674;-443
332;414
-514;-853;87;-427;718;750
402;-920;-841;-43;236;671
864;-999;-361
-754
324;-779;236;974
-757;-69;949;924;990
-5;172;334
401;109
