545;374;747;-639
-275;15
770;851;-71;454;472;856
946;405;-616;187;367
723;-710
-258;948;-921;-620;-444
660;-169;313;-13
659;356;107;-957;-877;735
304;259;-764;175
-753;-983;233;703
-294
512;689;-245;406;41;-847
160;998;-168;504;795;828
-162;-84;199
592;305;371;-741;-934;-668
817;34;-631;-520;350
-578;404;-647
-83;-217;-11
824
160;386;887;40;-826;-76
820;-375;-128
-62
-576
588
-337;-162;312;858;-910;-351
755;-678
-449;-741;347;780;654
-883;-224
52;-910
97;789;-540
-859
466;579;-696
-405;922;346
481;-581
555;235;379;-557
-291;-803;-628;358;-844;571
-645;917;-504;-383
49;417;26;-608
-946;807;-171;-575
326;-696;476;-480
-802;777;345;234;587
-377
-169;-720
-641;-505
-35;-548;-871;-905;184
-128
-898
-9;-381
-389;-102;230;126
-114;946;-244;533;-555;-957
-247;-394;-525
-466;376;-987;-13;-846
997;-488;-909
-548;181;-343;856
384;787
643;389;598;778;815
944;-794;-304
192;920;171;444;988
-675
-163
-883;599;-92;795
-68;967;-494;-239
800;-580;548;100;-539;607
-962;-179;771;-361;697;205
-52;-277;-871
263;937
-172;604
530;70;200;-366
690
178
100;486;105
608;-753;744;-494;-543
-116;932;-76;-47
882;277;-521;571
33;338;-557
-275;228;489
52;-10;-603;-912
42;764;927
200
974
925;-318;-400
837;903;-74;589
852;-901;614;-652;299;766
401;-296;-318
-470
961;-979;53;-29;-479
-477
464;18;-703
-224
835;-279;-168;349
-581;-184;-316;-684
-742
-307;-702
-370;127
851;468;-405;-11;-989;-927
-308;380;621;319
-132;-677;-463
-762
-789;712;681;927
-466;-387;548;326;-904;-139
919;872
