666;-667
630;-394;-240
34;-491;461
98;-516;310;-154
39;584;-105
177;-261;965;-698;-702
18;-227;-452;-870;-1000;-42
81;-350
-528
-529;-578;-565;887
260;330;-574
-786
536
740;565
25
691;-357;-968;265;234;-160
276;41;989;783
-514;-837;229;-969
-697;-366;494;526
419;-374
-706;396
-211;934;-779
-997;71;-154
-611;391;40;-986;-171
66
416;-118;-153;521;395;287
489;825;-475
-590
593
-421;984;-73;217;106;-219
242;450;371;230;585
256;604
95
-865
-100
-360;759;859;876;525
144;-85;-984;-777;-447
-929;498;-796;571;299
-361
641;487
80;517;315;461;270
-19;595;300
-878
624
-370
516;-522;299;-125;717
-242;-132
257;7;-895
120
-499;882
950;219;751
-741;-379;-176;399
-321;-999;182;47;191
-37;-495;-624
423;-713;409;14
928;-610;82
-981;-646;-647;-504;-953;-766
115;-517
-753;-825;-618
240;-274;146;-773
-871;-560
-915;101;631;365;-848
-819;-675;-486;-317;78;-496
-673;721;402;613;-664;12
388;282
-356;-116;-342;-808;584;365
-514;34;-840;377;779
-355;-324
-529;-131;-26
165;264
-661;-975;-319;-528
-435
884;901;-281;-315;-381;142
950
-677;-614;-999;570
-654;-303
957
-704
-900;-168;-59;797;989;559
-647;24;-155;-923;-288
578;454;24;-940;-700;-382
214;743;-557;109;541;429
582;-887;-59;-877;-815;-192
-87;-857;490;447;719
-155;-303
-754;-729
-204
993;-103;296;-538;764;76
-322;-35;885;-583;-923
-534;-330;396
640;-66;482;-454;678;728
634;-414;301;734
609;132;260
496;-97;420;612;517;335
-129;851;8;683;891;237
311;443
55;188
82;162
245
114;874;541
976;-866;52;636;-77;45
