-771
-182;41;-202;-128;-560
597;-295;-887;-873;56;-656
298;-476;-557;461
-261;-14
-209;-66;221;-990
548;-503;486
-790
276;-255
-537
364;172
661;-299;687
-26
-539
-29
-308;851
51;-247;-861
736;-500;52
773;344;-859;798
-49;-436;-375;825
-36
-915;-901;566;-202;-637
-914;-100;823;746
262;475;-782
64;356;468;-886;966;-667
-558
817;677;875
328;-713;63
881;-815
593;353;-183;665;-847
584
-934;604
247;-173
389;198
-802;-67;133;165;237
-451;86;-969;-794;-558;303
-481;628;189
7;-777;301;-590;-560
282;-878
199;459;-574
-369;-466;578;102;-713;11
-877;14
378;347;252;-173;61
770;-125;-653;110
912;789;-572
320;579;-58;-603;491;-366
-100;-136;-760;57;410;637
878
360;-249
-871;-271
434;-345;824;-266;-943;-592
-888;382;126
662;310;-476;382;527
-98;-938;-874;761;922;-668
-149;710;79
-308;-500;-85;168;-172
-530;-662;-252;508;-413;701
-484;-693;-496
-420;553;-527
992;-53;-29
808;621
898;408;-636
771;515;-521;-13;431
753;475;-492;-576
-161
-401;854;710;456;335
-554;716
-165
-677
821;-104;-746;-394
171
929;-766;-336
-259;-686
-247;63
-845;-877
368;-277;863
727;-186;846;-944
-852;-116;9
800;-902;919;-155;555
-253;703
-177;899;-14
896;707;-119;-153;137;10
224;177;3;-662;-455
417;-530;583;-314;923;-623
-42;-172;-461;-304
272;809;410
913;578
186;30
993;-547;346;-109;495;575
-346;-384
800;-178;386;-854;-967;-688
-195;-552;967
224;82;244;-329
-532;309;966;502
934;-119;-189;892;-781
-102;-235;107
776;-288
338;467;-533;376;-160
132;-953;-191;-768
-245
308;-565;-254
