-408;667;510
883;-72;215
864;-34;197
-274;-34;133;-696;-892;222
-841;456;-108;-157;655
353;-252;-624
-692;757;-347;-892;395
-705;449;-13
-545;18
782
352;885;-969;-795
101;570;-735;79
-225;-698;-267;-716;-671
528
277
768;809
533;503;-458;348;412;-14
-227;-372;506;445;367;351
918;-985;-828;-607;430
960;-649;954;-957
307;-597;75;-351
970;203;-109;13
375;-730;411
512;-754;-588
-66
-737;-710;-376;-776;-410;636
305;-584;958;-352
-881;-260;-184;-285
-795;719
256;68;779
820;730;-959
849
-54;790;-839;-906;922;683
340
421;-743;6;-650;-510;109
-610;406;-13;-895
897;642;596
403;-315
129;-373;965;-346;-30
-573;-288
-742;-122
-882;867;371
-658;44
-106
137;-987;-237;-973;605;-703
-436;-708
594;515;-23;199;-653
-122
849;129;-468;182;441;782
880;269
643;-41;-716;-204;155;-476
528;3;534;-343;-304;479
130;770
-978;986;-654
305;634;989
-660;535;554;-574
-744;-843;414
-19;986;461
668
179;535;663;810;-588;607
740;789;-102;88;-777;700
-417;437;439;971;188;590
-502;-107;395;-620;-668;572
-419
500;-80
-426
488;-970;909
-44;12;-144
-2;873;361;-109;335
-209;896;-231;-523;156;-526
-115;-757;-782;-319
-967;-200;-808
-515;-887;-574
592;420;635;332
880;-514;-85;-869;-678;821
-326;-56;718;879
-487;679
-130;374;-956
727;8;490
-226;-85;-361;-42
964;949;872;344;-910;-990
462
-82;241;-21;150;-752
721
579;-820;-53;505
-906;-220;-368
-602;-384
-449;912;613;-633;-29;318
808;298;396
689;558
128;-374;-167;107;-926;751
401;-315;141
672;722;627
746
235
849;-100
642;-884
337;450;670;-704
-210;787;-60;-574;525;-976
-50;813
33;532;427;796
