306;-229;278;601;-957
502;-7;378;-892;381;-367
-578;130;706;-615;251;-157
-84;76
713;318
8
609;962;-521;249;-236;-29
518;587;331;-975;62
-391;726;489;-300
525
-225;836;348;-942;767
691;-486;-983;-520
642;-309;613;-831;927
-293;-910;557;-656
-276;301
103;633;234;-687
544;-225;-735;127
-89;377
-625;72;745;-778;621
-41
641;372;-459
-555
-804;760
304;755;430;94
33;372;923
-787;584;829;-319
772;726;826;-572;861
67;628;326;-376;-699
-33;770;-388;-410
976;-716;988;204;-366
67;697;-829;-768
803;-936;-956
257;-517;-648;-349;-766;-863
-267;-284;-142;718;-864
369;-948;-678;-790;-621;-735
-695;-442;-429;-816
-593
531;487;-744;104;217
-66;-633;-619;-814
916;-966;134;-297;156;908
417;-758
85
689;648;-778;331;221
-708;-837;-469;-251;780;879
386;979;763;-240
-147;-72;861;223
272;-961;517;-378;-316;-256
644;734
224;-785;520;248;88;-907
400;-804;436;-330;-58
-657;-466;294;-56;779
-500;-660;-840;-156
-226;-636;-94;335
-535;106;795
416;417;82;363;-653
-483;853
849;-906;684
738;-422;811;-240
-362;-784
-634
20;548;-615;-716;-783;142
-740;867
112;-503
105;666;138
-251;394
578;964;553;-878;207
-403
513;40;201;-607
149
-359;-728;347;892
213;460
164
160;67;-986;-827;940;-32
-487;8;-187;-510;-14
-681
-83;450;-692;742;523
514;580;759;-429;-735
337;-167;522
496;803;-235;988;-590
-184
736;504;479
-577;-966;-713;10;539;-14
-469;982;759;-316
-871;-702;-798;-127
-790;-185
-725
726
-881;692;806;887;172;76
-657;946;-488;952;-667;-816
-274;-422;917
990
-577;-158
735
501;952;-282;-124;717
-49;-852;580;809;-719
-482;-789;997;39
548;517;215;-409;-26;-96
-610;246;-910
689;-3;-101;-119;-669;-816
764
-524;269
