-115;-820;788;-696;-956
-195;-919;903;730
-630;109
-580;869;-300
512;-866;194;-788;958
150;-808;-316;-287;735;255
-646;954;222
-294;-476;524;-798
673;886
791
-794
-609;554;-987;-156;143
-209;138;-476
804
-293;789;-459
227;-149;-460;171;172
-519;-824;-239
304
-49
-388;164;475;60
896;658;-727
-881;980;-104;-169;-668;781
-900;999;731
39;-792;-635;44
-314;636
324
-315;383
-839
-691;-69;-600;-520;-92;364
-332
124;-48
-849;753;993;36;-374;30
-630;293;670
-245;-120;23
-532;644;854;-558;189
672;-209;-808;-782;317;-560
-92
-758;38;294;55;-586;95
865;834;186
130;-227
-883;858;-876;-733
675;-773
-993;881;-180;-319
-962;242;179;839;-362;427
112;-646;697;203;-957;-797
-225;337;-370;242;-352
-625
805;-332;859;-701;-974;-543
-844;461
705;957
57;843;253
133
144;505
-625;-594;897;757;-967;137
850;853;373;407;603;125
536;-14;-382
-909
-612;-809
-870;743;599;697
-69;-335
-916
-370;790;-713;604;-46;-927
-321;-641;945;-3;-776;-378
-481;33;-677;985;-782
-420;360;-351
169;-203;590;111
-209;102;-10;-219;-334
-757;-685
-545;-194;-150;-556
-169
424
174
178
-451;-580;-603;686
-631;-320
-518;348;-783
-444
-564;-629;394;-158
-979;-582;122;-542
-673;221
-6;-822;-297;-95
-755;-259;983;631;623
130;73
-280;583;-717;-94;974
144;-522;-714;-268;28;-159
979
-349;-382
-1000;617;-94
954;-221
386;-598;171;-445
487
-498;-355;-179;676;203;-336
19;965;-105;892
768;64;374;-280;-909;732
-81;353;-773;-72;751;-928
403;859
-26;523
928;-178;484;-473;74;-335
-503
-583;214;877;542;735
510
