803;263;-296
-856;152;620;-943
338;27;587;844;510
225;20;783
-470;-889;330
-636;-656
-274
3;-800
-677;789;-232;-795;-765;-909
-833;502;-825;-138;-16
454;-760;-266;286
-32
-280;-9;-877;590;30
120;-570;159
864;-711;618;287
-501;-614;71;-830;559
-40
-566;-504;-510
-851;820;71;344;936;271
-17;-27;-268
-376;-377;-841;255
-611;917;-870;823;-572;636
-498;83;452;-107;443;-445
-275;-886;-905;-155;-157
-166;726;198;-875;762;-60
-36;904;730;780
946;-615;-687;686
640;-3;691;795
76
588
183;154
-929;757;942;335
84
256;768;-625;835;-906;525
944;265;415
288;-241;-359;908;-559;-640
947;937
929;-116;3;233;-956
902;219
-353;280;217;745;668;847
-871
-627;219;-719
282;847
755;951;808;666
-999;-891;-653;-399;14
464;6;-583
-34;-627;146;70;-123;685
-376
304;-899;651;-557;189;-832
-103;920;361;-31
-792;890;-478
-966;-825;-894
-578;-827
-57;10;-847
51;587
-517;-567;-732;123;-492
280;-143
-654
912
914;-6;262
441;-847
-373;94;-383
65;-770;551;-587;92;-15
784;596;264;45
922
48;-973
-661;-118;-199;776;170;-382
113;-373;756;-824;218;779
905;-748
-657;-338;-985;554;-781
-897;-467;-76
-97;752;-513;519;366;159
242;130;-20;39;-89;-139
263;937;-779
-132;580;618;77;-575;-735
517;231;954
-679
-426
309;374;-249
-695
256;-701
-534;-937
446;-640
-737;-774;-940;155;-205
336;560;939;-350
-983;8
-386;-754;-69;-763;-927;-640
-214
-737;9
739
-997
-562;228;260;-917;506
-817;-277;606
531;-270;-735;-784
387;121;-189;428
290;152;698;891
-410;-348
288;385;-506;-733;63
-324;982;-606;-47;142;-656
-658;866;-42;60;-590;109
470;-696;-668;383
