929;113;-762;137;607
-83;-136;217
54;-314
-276;727;-554;619
849;549;-651;155;-908
-658;129;726;-552;90
-739;628;-232;346;-796;269
-673;708;732;-557;-255;-735
161;-661;457;570
-675;142
-277
-949;373;-250;-220
852;-876
977;71
784;-901;728;-585
-547;-614;-295;984;411;31
-312;-252;-317;-944
-145;109
-449;-249;-538;345;-523;-671
21;-342;-808;631;200;847
576;-539
129;-870;826;-380
36;-648;-939;-284
962;-999;-25;649;-844;-559
960;-403;7
-712;-624
-169;937;-779;-47
-61
-466;-619
658;175
258;578
68
336;721;616;702
328
-931;-262;245;-871;-969;154
-99;854;-473;1000;537;-206
-483;-693;164;838;-400;239
859
-352
55;297
865
225;-196;871;44;703
342;282
736;914
-514;348;668;381;-255
-68;343;-158
-578;-658;970;-620
551;-973;302
-5;-938;-334;-638
643;611;357;43;-764
-642;-362;815;-704
381
893
-514;530;-503;39;575
816;-403;216;13
-391
-194;644;902;-90;155
-819;-120;-736
998;-860
-129;-83;-4;-820;892
-915
-760;-985;316
-837;374;971;701;990
-689;-370;-340;117;-13;-142
516;155
-817;214;766
-679
887;-47;863
603;845
170
-683
514;425
-172
-162;-528
486;951;-218;-700;-31;207
-875;-591
404;888;174
-258;114;-886;137;447
130;-836
-513;800;244;174
-835;118;-345;-157
-281;988
561;690;-28
353;619;990;798
904;-704
180;456;297;-924;205
-310;-246;-616;955
688;-270;-640
481;466;38;57;-560
-774;-507;282
-978;-375;-984;-24;-685;253
-234
828;173
-374;-455;763;461;543;-192
492
242
496;7;-665;-220;347;-720
-66;675;-165;-647;215;234
-20;-711;-968;76;-160
-481;897;-130;-83;359;-809
178;838;-903;-380;-990;-16
