529;-527
531;-697;-350
-324;-88;-872
-566;952;-651
-385;-890;-650;122
-269
198;875;524;-48
884;-601;347;-429;78
-25
985;-444
24;713;315;-255
-498;785
192;611;134;-696;-248;299
-370;-135;-812
-628;52;-504;-345;875
807
39
809
499;580;-489;-505;538;-925
792;-617;127
-977;240;-548;-857;987;-429
131;932;838;-60
-454;566;-328;-744;392
-58
-433;-650
-369;-458
-785;-938;907;-542;-239
-34;177;-462
-130;-422;-777;-782
98;-392;-538
66;821;461;286;-800
500;-633;-585;124;270
-853;-597;-905;763;-14
629;-703
64;498;964;405;-267;206
68;520;-125;127
-900;437;-168;792;253;-335
435;-872;-558;911
740;692;-904;680;-906;-651
-181;-374;-537;-543
-356
-582;-999;-824
616
-374;-775;344;909
-870;762
477;-367
166;-776;-782
-617;888;-384
978;-862
-529;178;724
432;-313
-913;-499;-504
370;-99;37;840
817;210;523;140;-798
192;111;-176
516;8;153;476
435;207
933;701;-94;-640
-754;226;-563;-838;198;573
657
-851;682;-236
-836;425
923
-978;-372;-474;890
-938
-273;-666
504;-189;-158;782
685
772;938
-834;-365
-755;936
51;69;-814;590;-783;-320
-21;-461;220;765;-687
73;622
-699
258;905;303
135;-584;871;71;207
194
689;411;268;109
-198
740;808;-202;-318;-63;-768
-596;-389;377;569;239
-737;583;219;-527
213
-54;566;664;-557;220;655
-727
-422;71;584;-235;122;95
400;-563;423;218;474;-735
788;-55
242;236
-451;-567;-456;936;-971
563;-486;715;-764;62;-831
-486
-308;35;40;-254
180;901;686
550;379;-604;-92
-133;469;583;855;508
-467;-344;317
-906;668
992;8;729;-976
-386;513;-643;-676;-510;942
