-546;903;-906;-653;-591
65;395;-719
595;-91;269
-263
304;-567
-886;470;424
-180;-87;476;-270;-974
627;821;-365;-926;622
-28;13
-529
-275;711;92
-786
336;-436;-135;-426;-895
-578;758;-569;367
530;425;858
465;498;678;-845;511
562;-278
483;983;839;778;-925;686
-229;-487;744
542
802;355;716;-816
-914;-537;-893
167;-780;317
403;-106
-43
-178;-693;361;-816
465;-435;884;158
977;-66;-676;-580;732;429
-360;924
565
496;497;-531;-261;-967;-576
209;771;-25;-941;-735;783
-832
-245;-919;-55;-921;27
528;-833;754;-325;200
544;-474
-229;361;-187;639
180;-534;-823;335
-843
865;166;-700
291;-891
-722;49;-212;-501;-445;462
-931;-60;-13;-365
566;489;575;511
869
-81;33;738;-262;792;-350
-169;-448
178;183
890;-204;190
364
-621
992;770;-20;-762;412
-312;603;590
22;92
320;-261;-943
517;-248;-154
-870;-135;-330;-319
-887
-892
130;488;761;781;13
650;154;826;-221
197;313;-460;-461;541
353;-740
-73;-830
705;66;-120;767
850;5;-94;-367
880;-53;-86;-88
-115;-790;-262;-201;40;159
-162;-518;71;872;986;687
129;293;237
-629;-519;232
-385;-285
192;-162;-653;206
644;-725;405;843;-413;174
-933;765
977;20;469;751
472;-300
429
673;-70;-214;439;-648
-953
-113;648;-93
353;-850;550;-240
562;-135;-601;-651;638
-785;-610;-882;552
1;-549;198;219;-287;-32
-451
385;-582;-798;-847;878;-256
529;437
208;721;-218
716
704;70;716
354;-171;618;-77
-641;-197;986;-491;155;-28
-481;-498;8;-89;571;15
-535;-202
-226
226
512;548;475;-784
784;-658;-368
817;806;919;56;-667;879
767
