913;881
710;575;767
930;-647;694;-890;685
-467;664;-347;410;-271
245;93;-606
269
997;300
-179;966
-609;-40;-925;271
-195;884;-86;-392;-491
484;822
-830;862
658;374;795
963;58;652;428;494
-548
560;-483;948;-71;107
-42
-677;-294;71;600
451;-806;230;-718;30
-853;84;-381;558;-224
-583;-235
16;-422;-157
-198;599;536;-491;748;397
529;-711;186;-877;-352;911
-135;-744;-43;863
-372;-837;744;-363
100;223
-345;-491
-818;548;-56
-808;217
-515;389;-262;-426;478
944;-110;957;-175
780;-383;-480
361;-448
-3;-727;265;-972;-189
806;-460
347
606
-96
230;126
-227;486;-158
385;980;-493
-610;358;-621
274;452;-935;954;-477;605
109
240;-869;-616;-632;714;285
-948;-901;-570
-120;749
-754;-133
738;946;933;902;-73
784;484;648;328;-702;-911
658;-803;777
197;-598;887;-409;43
-900;227;707;-670
770;-310;-680;107;-911;-639
823;811;541
963;-774;134;72;-31;543
390;-311;-222
-161;-722;37;701
-927
-418
119;42
880;611;-724;421
-119;280;809;-768;-64;-560
554;-976
295;170;939;700;877
-678;-454;-826;767
326;310;631;-460;-640
-24;-442;523;366
-84;663;263;95
-898;-548;-676;356;282;30
-595;-490;-27;-91
820;126
-677;855;-681;840;-458;813
978;868;986;-235;-766;-368
-626;-627;489;-573;-975;591
273;514;-602
64;3;-768
257;443
816;960;-567;310;719
-959
944;271
-52;-400
16;624;697;650
-966
-322;-613;424;521;571;-782
166;856;-557;-509;-415
-705;-244;745
180;-520;543
-547;149;-823;232;265;-766
-197;-223;207
-594;-388
-692;787;380;-879;622
979;-326;182;-376;56;221
-546;-707
353;632;969;844;254
-337;-413
755;-1000;616;-105;-681;655
128;-628
436;-972;-175;-560
-308;952;122
