-437;516;-382;559
-535;797
257;3;-527
228;93;-48
-632;-923
-388;435;-70
976;-296;-524;125
482;57
-418;132
531;-630;-748;397;-350
288
33
-148;407;-575;750;623
785;-494;767
592;68;-666;-30
306;-15
657;-277;27;-957
179;665;-379;458;139
778;-796;829
43
-44
-18;-435;-451;-276;366
560
-571
-473;638;-736
828
-913;-740;357;-475;428
437;761;-268;445;-495;718
-598;-599;440;-442;-400
593;628;858;730;906;-832
19;-856
657;-693;616
66;4
582
-667;-687
721;497;132;-841;604;766
964;-134;569;-284
861
-450;100;364;-109
613;493;782
866
-771;-904;521;798
-562;-918;-664;952;-874;685
-692;-535;-88;157;-736
-722;-483;692;841;-797;110
-691;-150;343;571;30
-899;709;-428
-119;217;-460
-321;-814
-645;-265;-187;522;61;-623
-18;868;-87;90;-271;558
-113;563;-797;-31
-387
96;595;234;749
192;646;823;-956;491;734
400;709;762;62
-644;-405;-919;232;780;45
611;300
911
-658;-275;-468;-412;-383
-916
465;785;631;616;-748;702
275;907;412;236;572;-718
992;-83;135;392;573;958
965;581;829;-943
-440;-43;-524;797;173;-126
997;383;831
-375;-778;811;-591
822;-158;782
-563;851;170;-620;332
369;884;-568;807;-810
-690;787;332
-531;306;5;-105;-107
288;981;-791;-905;139;111
480;466;-819;-969;-365
952
-456;329;-430;-654
-172;-272
160;624;-562;-659;631
-452
-707;498;967;776;457;511
771;547;5;-554;-58
-85;-375;905;-939;-732
-81;-594;-887;-553;601;30
459
160;-771;738;-334
-881;-661;-648;-363;-459;-781
-275;694;-330;-300
-985
-979;505
-146;-875;287
928;962;-100;-170;910
-689;576;705;794;987;671
-1000
544;981;949;712;362;14
-372;-790;-1000;-891
400;350
-240
-898;-627;-179;439;-768
65;99;-420;717;-207
149;-843;-780;-254;-832
