-769
280;-796
-934;317;-160
660;-939;909;-366
368;-980;-937
7;905;-300;107;430;-112
290;-311;600;972
-394;409
-2;626;322;-245;317;287
-114;758;-57;-284;701;45
309;-336
339;793;938;-124;-128
898;-612
485;473;-416
-996;756;-77;28
37
296
-609;-322;919;-30
-900;389;-815
307;789;605;911
161;260;-476;364
-482;168;-512
82;-534;23;-653
442;895
-571
616;-42
-238;301
517;166;-859;958;-848
-802;241;596;24;-889;252
322
835
-837
481;-852;696
338;325;-694;-552
-248;700;-526
-804;-229;27;-621;-655;671
-85;-584;186;-619
-242;481;-850;497;-648;-601
-564;-85;-647;-10;-269;-560
593;88;-827;-283;-430
657;467;971;559
-709;281;331
-33;342;-407
-153;509
-762;-110
883;-248;-152;-586;732;-733
-177;372;-939;634
-114;650;602
547;659;181;728;-700;493
755;-72;-313;-108;367
-277;-368
906
177;475
721;-309;949;968;-905
624;-835;138;-843
132;-102;330;619;-766;-63
-145;-675;-23;-382;303
135;-585;-795;319
925
416
-49;-663;-140;-77
161
-74;364;-447;830
-419
708;734
-369;992;-504;556
661;-390;410;299;-941;894
215;376;-586;-684
291;-933;246;858;475
-3;419;-245;-904;-207
165;-567;-282
-430
-618;380;924
-625;-278;214
-771;-551;-904
-51;595;532;983;424
451;-134;-969;-41
161;202;76
569;494;-624
753;921;61;-15
-51;583;-346
769;275;-344
400;-578;-890;875
-661;-557
-967
-705;-977;-435;125
-970
-629;-72;-782
-610;-262;-523;-731;491;653
-577;774;88;105;-155;492
789;680;-700;795;-320
-483;452;421;535;-445
688;-18;-7;-889
738;818;-388;601
-500;-504
-515;-949;-568;664;-365;207
-759
-161;81;-83;691;7;223
-165;-552;-824;297;-524;751
-995;-341;-598;437;-141;620
656;80;339;372;-684
