-189;957
949;-759;-845;173;-31
-258
417;-70;424
-292;-949;-892;-655;-544
-12;-765
-689;-197;357;717;909;959
-369;994;-105
-733;-877;574
-901;569;553;-875;605;-224
-932;475;-700;-909
171;-704
48;80;180;-329
-436;-68;743;40
-610;-598;-918;-282;875;220
-136;-921
-249;-553
-340;3;842;556
-889;-430
746;204;-655
689;438;326;574;223;-672
-562;177;658;919;793;105
321;-724;695;520
754;84;-342;949;392;-256
950;-392
-165;-650
-132;644;-411;781;-64
179;639
307
-197;228;-887;-457;235
660;-968;936;-270;975
679;-76;429;46
-502;938;-379;634;-828;-687
-791;760;234;364
-436;-709;-597;138;139;127
913;-871;-88;-700;-592
972;-143
829
-757;-587
453;198;-664;-219;557
71
931;-917;420;70;-524;93
-482;-997;890;-989;-576;543
948;923
-258;-846
337;-73;-412;-190
-241;580
464;-716;-894;93;-351;287
-308;-809
99
869
-17;-827;506;460;749
498;122
647;-27
-420;-38;520;-362;268;398
-689;-626;-131;-518;828
-625
-418;389;453;314;316;-173
-883;210;772;745;345;204
-675;-312;479;879
352;87;811;-366
379
382
-215;-176
163;165;711;696;-908;75
740;-297;971
564;-119;649;-283;861
626;825;-507;523;-351;-975
-181;-987
-225;49;-227
-659
904;778
601;283;31
-579;-87;-250
993;-885;745;-190
-163;55;-221;-687;95
928
-482;518;-569;714
579;-440;-538;634;972
-417;-279
292;-760;-474;-12
-110;-335
614;855
-448
703
70;-570;970;750
-460
-247;679;-888;186;638;-832
-209
688;-475
32;538;987;620;-301;-382
985
481
-401;228;265;-318
-312;-184;712;-189;-510
-104;-348;-544
-883;152;492
-178;740;-536;-136;860
-758;810;-974;-96
-22;-634;-880
-692;-4;36;-474;622
