-740;-646;248;366
-525
271
-784
-273
-276
-17;673;-124
144;-869;469;790
224;-102;-14;429;829;-63
-680;396
817;-37;182;440;-123;29
144;450;756;123;12;-176
915;652
-540;827
-802
802
-433;-106;587
569
-59
-178;387;-270
180;-267;-492
134;958
580
-844
-332
-133;-117;-998;-887;10
-226;-787;178;-871;91
102;411;-432
886;988
-852
-770;823;-28;61
224;-242;818;55
-962;193;420;-727;474
549;309
-356;166;-925
128;-356;920;617;412;-350
788;71
-556;924;493
896;-802
564;663;-620
-146;580;431
-244;330;526
-467;-916;-345;-174
-419;308
-112
-789;678;700;173;-510;-624
944;-8;-42;298;973
-577;133;-904;793;746;-829
-310;-57;-16
694;151;-206
-387
-804;777;393;284;-784
321;466;824;575
-4;-773;571;862
768;-450;-980;327;190
-244;-485;-201;-496
-663
-407
-152
-597;953;-891;381
305;-58;237;-896
405;9
609;-115;-790;-617;-272
-84;-198;955;-511
66;712;-810;-234;685
164
-289;-884;239
483;-61
-179
-180
-948
-385;-290;839;537;250
465;-978;-953
641;-387;613;197;-106
-803;-420;-983;990
-482;-659;-990;-846;-800
820;-726;615
418;-617
-818;-249;-926
-457
-51;-340;-468;999;312;-250
49;-866;-516;580;-934;203
768;482;-276
465;482;99;599;601;9
-464
960;-481;882;-612;741
426;-731;315;462
649;-507;-876
-644;-695;-777;760;622
626;644;-135;-744;-904;990
286;-768
996
-179;982;-300;-16
946;-932;126;862
129;-354;-341;887;-813
521;-411;-316;-544
-50;545
-744;247
633;282;382;223
-499
-904;408;-527
