992;-1000
-644;-889;-784
-786;-253
-466;196;404;455;-860
-91;828;813
785
129;-873;-380;76;767
234;283;-799
356;-713;-58;-237;190;-79
-467;600;664
-33
-754;744;876;589;-143
-405;934;-729;746
311;-272
-529;210;-692;714
311;248;-603;-990;-800
-17;-436;-571;-763;894;-944
-707;-775;-391;135;922
-884;935
865;678;424;920;493
4;150;826;-796;845;-464
-980;-100;-776;-811;971;-670
-868;439;490
920;-858
64
355;101;-919;393
-664;-794;875
279;-669;972
163;260;550;295;-969;285
960;626;-899;-71;168;57
-529;-740;-933;343;-572;-974
-590
-738;883;388;967;-909
-161;-868;-885;452;-666
758;602
-194;-212;454;522;-909
-168;664;218;-703;-864
-472;-77;207
368;-820;541
-961;-869;202
960;481;701;255
-948;-853;-601
754;-687;543
-177;-646;966;-13;-126;351
-467;-375;520;203;731
-614
-792;759;121;650;138;763
-873
-641;598;634;924;894
146;483;756
-22;-24;999;-251;-684;-896
-999;888
-882
-993;-562;669
-631
770;-890
-643;984;-635;683;-512
-625;-660;-122
-105;-29
-146
-145;-931;-118;361;686
720;-408;887;-665;927;991
-500;549;454;-909
17;-981;825;538;555;-31
560;-856;-889
624;-469;265
298;285;94
770;450;229
810;655;-784
880;-819;-663;459;-924;125
756;-504;327;317;334;-287
-724;100;699;-768
-3;-788;-415
-201;-752
-690;931;202
545;897;-196;37;-297;-543
-916;-233;-575
-935;489
-882;-844
856;491;-126
-530;755;-679;968;-974
462
336;-2;-693;888;447
209
-982
728
-481;930;-231
218
289;-181;629
512;-698;668
578;244;472;109;622
289;-532;-453;-38;716;253
-389;438;506;-61
-799;559
609;-642;787
209;-968
197;105;458
-342;215;586;47
192;689;-644;358;169
620;-367
193;662;-346;-430;-847
