625;-996;150;-39;-471;-43
-148;-376
-784
-3;-532;-597;169;-334;-512
977;-4;-102;-698;-190
785
149;-215;409;189
912;502;606;-719
225;-763
-961;-983;684;-816
688;-972
594;-772;149
-641;182;903;-986
801
-485;-438;216;536;751;479
81;725
86;-776;280;-910;253
964;950;-333
560
561
-355;732;190
-57
-515;202
-806;267;861
466;-678;-521;-875;-763
-291;-452;8;936;889
-35;-584;551
786;-459
334
-848
547;-437;-231;942;286
594;-571;843;-270
-323;236
-599
-50;-693;774;-599;-668;380
-228;357;987;572;191
346
-354;993;661;-184
369;723;245;614;314;-892
353
-435;-743;-893;-845
-578;546;770;646
-609;336;147;134;-809;184
-50;-938;-400
-758;648
145;530;-564;456;-987;-974
-593;-387;-165;-918;-70;730
323;-196
177;-642;-777;248;633;-27
65;-276;506;94
146;-188;-350
-65;789;-439;-872;-426;107
33;-330;-874;-11;-749
-20;404;436;-902;-573
389;523
103;764;302
978;-311;-279;-648;-520;632
-332;-335
610;-787;230;-440;183;617
290;339;484;393;-636;315
-769;445;-350
-617;-58
1;40;-940;-15;495
-130;-979;277;-441;-731;558
-167
-117;406;454;447
288;602;571;813;925;814
324;-885;501;524;493;-271
-803;-868;-697;-491;379
-297;-410;-733;-272
831;-656
-67;-679;57
-689
512;-232;-975
263;-428;605
-618;940;636
386;803;-936;423;221;-448
-470;-374;-88;-443;188;221
-886;599;743
-517;-805;-159
459
-206
995;493
-756;357;-537;925;734
-961;-369;19;473;-910
-401;628;-185;-767
-730
-87;217;-878;-239
988
561;629;-696;-184;-316;-990
-817;-328;-985;-378;-318;543
898;22;-587;460;-302
-373;981;-584;-779
978;725;-716;284
946;644;-574
-807;45
-135;904;504
-251
-81;-274;532;-604;955;235
-210;-4;456;1000;-477
196;236;334
