19;824;-189;60;317
268
-837;-806;237;367
338;-275;-841;924;237;-368
129;-674;501;-903;134;541
-504;-286
800;705;-501;-231;-795
-325;-71;839;348
837;-875;379;-620;493;-751
-469;245;-854;968;136
-421;-391;-713;986
-466;49;-134;-56;-61;127
-33
-257;892;-605;-381;-720
-559
-165;-346;490;-30
-369;-258;741;-250;-171
-819
51
704;16;-562;793;892
663;695;-282
-689;312;430
704;372;-255
899;-824;359;968;702
850;436;308;-938;681
738;-20;630;252;957;62
-829
-554;492
65
-787;810;554
953;90;47
-17;289;866;-360;56
-865;-169;-825
839
49;-310;969;394;764
-514;-791;-43;-14
-83
407;188
595
860;-944
801;307;979;-646;152;539
679;891;-349;863;-208
80;-194;-20;838;919
87
351
-100;-72;-346;-476;-126
-840;-329;-575;879;-512
745;893
322;-549;-250;234;862
-366
-833;-371;-725;69;-109;-446
-97;-500;568;139
544;-104;-553
-193;-982;-761;286
-311;696;840;476;463
178;452;-254
-419;594;-937;955;491;-558
-513;306;994;-85;-90;27
-901
-276;198;312;-153;58
-908
83;67
548;868;136;121;527
-757;-934
814;367
-676
144;-870;-365;-224;639
466;-893
976;167;409;156
517;-119;-830
-594;579;-459;906
480;-744;-271;-928
-867;-691;-804;-409;539
709;-998;-154
-788;70;-281;270;286
-722;-1000;283;-541
700
225;183;156;396
-964;-521;652;782;-912
256;-279;-218;489;203
-356;-7;-347
-881;-553;201;-379;378;524
-855;486;-363;-237
305;99;280;-826;-811;749
737;996;-581;-510;333
-787;268;-607;911
99;885
-151;168;-490
-989
865;456;-377;394;-861
305;550;887;-733;-413;142
81;-615;-441;-539;-956;-574
660;372;-795;189;63
432;572
653;-416
-774;-232
-239
768;609;-1000;155;475
450;-308;-894
-385;-629
-381;-638
