836;188
-439;329;602;427;-925
-7
-34;901;854;505;-779;863
840;-25;-873;-207
-780
497;-790;281
874;-606;-544
-536
160;-441
646;-537;-985;-649;-171;-383
401;145
-487;-318
-327;366
-257;-849;824;-379;618
177;-841;474;843;877;-976
-210;-863
339;229;-968;95
-81;-373;759
377;652;301
628;-634;554;-189;604;-143
8;-315;43;-94;413
-56
-913;98;872
-833;820;327
-59;-256
-529;-690;451;152;555
565;-296;601;987
-74;140
69
579;937;859
-390;152;26;-187;-605;-351
800;-312;-56;671
865;-964;99;470;890
753;-412
-886;-470;-935;-107
530;827;-574;766;-944
-274;-292;-454;-508;-156;-718
-614
261;536;760;-332;252;-863
192;-87
321;517;917;-584;-831;-448
-987;366
-85;-538
545;-595;136;-202;-253
-516;-533;-328;-553;58;478
551;-139;780;717
-119
-73;219;-670;-927;559
370;-752
-641;801;553;-748;-351
688;568;925
-660;-824;552;154;-893
-194;-707;793;-970;-525;188
809;-411
-269;125
-517;-381;-782
416;-801;806;-154;-671
648;233;-221
49;-237;-45;334;-336;639
850;979;-326;935;-158;686
-391;-272
209;200;-971;-235;-124
-997;-188;139;316;62
-358;-566
-659;947;424;793;-90;26
-164
1;-601;-636;252;-461
211;-533;-136;792;-139;-31
485;-653
566;-217;956;911
-261;-613;645;-729;-285;-976
739;563;936;619;-127
337;-105;-186;637
565;103;282
-385;107;94
-245;-297;-588;-335
-730;-911;430
443
-194;145;98;-684;956;383
272;24;411
451;-964;-965
968
-273;509;989
-649;189
-195;170;604;-784
717
564;998;278;-155;-811;-157
-434;468;517;825;-204;-704
216
-354;131
-120;-200;236;-910
-210;882;502;-776;552;-202
-209;-685;397
17;-371;132;-330;-458
-193;341;-122;-686;-863
-106;986;-637
355;951;476
600;414
-765
-513;-641;-707;259;-966;-504
