-641;-241;-372;-948;152
-964;-830
738;290
384;-244;635
486;-695;984
626;-184;281;826
340;-325
529
-321;530;-325;151;-621;606
278
-358;869;712;-588;-880;527
576;991
-544
-566;-614;230;-746;893
400;356;-460
850;706;-645;-373;-695;-909
-570;123;271;991
739;78
-809;-603;591
54;-621
497;-441
360;-330;-671;959
162;630;-471;-297;442;620
-19;229;621
-756;-102;279
-307;-292;-229;-775
-883;-51;-27;638
945;-259;-756
-979;732;-80
516;-446
-34;546;850;-932;4;917
-802;116;938;170;-495
752;856
-76
854;-520
-68;246;200;587;348;-975
628;-26
888;-28
-606
-839;104;254;830
674;-503;-57;-877;-975;606
-19;-6;153;748
-497;68;165;-506;-476;366
-418;-868;457;798;719;-800
-625;-882;402;731
506;171;-797
631
-289;924
-490;108
893
129;-514
-231;-667
-227;613
-137
651
981;407;-282;-895;-351
913;-131;466;-455;-168;27
688;-418;-439;858;-832
911
913
-727;872
721;-239;750;-48
-85;-119;-40;600;828
-931
240;-804;-199;-683
-691;-995;-265;632;-250;379
144;752;-875;-191
-180;-260;-567;968;-90;556
800;-118;-136;25;-572;430
-934;582;-567;1000;-459;556
-897;11;-576
-188
955
-663;218
-678;-25
626;-517;-237;831
-705
-177;-770;-374;918;566;31
83;-900;-949;-221
515;703
-82;-20;-762;970;858
96;787;-568;-505;-491;-287
-626;-468;637
32;433;-900;-953;-351
-971
-337;-388;931
-561;-415
-452;501;-984;298;316;-413
-264;760;-509;493
-483
-937;-829
864;-50;171;-46;317
641;-874
50;-915;-393
866;-377
-27;-207
16;-722;-822;-508
755
-84;-310;998;696;-27
980;501;968;600;-283;-207
767
