-515;-711;969
-193;-674;-644;-363;-432
-24;-953;153;-716
307;-678;700;190
-261;519;201;317
944;421;-474;-507;394
-316;-207
-268
706;695;-460;-543;126
913;228;394;-365;30;351
645;-368
440;93
23
-161;955
417;-136;-346;-269;-464
343;969
421;893
421;187;-652;334
433;-882;741
193;680;462;238
-275;-788
409;911
-986;943
592;219
-914;-819;21;662;-793;-254
-823;-251
996;280;56
-807;-407;-232;618
728;-858;-907;-364;-542;334
672;658;426;445;-591
-243;-579;484
368;-868;157
81;-838;-825;460;349;173
485;311;26;-911
-659;-457
709;325;-632;202
17;739;-437;-377;664;-956
-405;-970
517;533;-187
-146;422;844
371;494
100
-53;-518;-199;412
947;-838;-730;-571;-143;-48
725;-551;-106;-45;-383
888;-607;335
617
623
418;117;-664;-767;-240
627
304;672;610;-851;900;-749
240;850;853;-1000;649;-192
716;301;-896
1000;-154;-91;-637;510;-752
-637
610;584;-844;-733
-933;-476
-279;-408;-9;-458
-594;-665;-893;-288
-150;-502
-691;674;-379
144;-194;201;60;-63
-664
-531;-712;-520;121;719
-947;499;-220
403;-821;-508
-609;-650;76
674;552;714;780
688;-785;-261;-230;294;-126
-171
-691;258;423;280;156
712;-841;249;-891;941
-687
-149;327
-884;-606;797
950
-194;-738;-178;-534;-185;876
89;-284
628;-489;761;-974;527
117;-38;171;477;-15
-50;-584;-249;478;862
-920;-234;122;828
-532;131;-841;302;735
739;-357;694;-504;-111
-674;804;602;-943
-728
474
-54;-279;-910
-113;770;775;-444
673;737;499;836;-986
754;-102;950;-623;-752
-278;-40;89;604;110;766
-488
88;-153;443;367
-801;-51;-968;-93;653
-979;-853;-457
884;742;475;958
-470;973;-255
-211;715
578;-830
507
