736;-804;325;135;-652
773
-485;-535;-12
784;-265
407;121;922;607
-16
-930;-629
3;-874;-688
-695;411
-17;883;806;-10;-862
-849;497;-483;114;-708;-912
-178;42;430
809
212;-709;-824;983;-525;-461
-721;624;141
272;-742;-856
882;-52;-710;-584;-351
755;-421;57;667;269
961;836;-341;-637
449;-549;-727;-731;-544
568
512;-434;-149;167;-667
315
-164;-998;582;-504
561;-100;-838;950
-691;-908
322
-469;-111
732;876
-53;212;909;287
-515;-147;359;876;-496
258;738;-422;-987;763;-272
211;564;-295;-893;493
-106;-250;446
-93
605
774;968;668;-525
865;658;792;-173
-2;421;188
-337;-50;-234
-624
517;744;-556;686
-33;133;14
672;-568;-921;700
112;230;248;492;701;895
-597;478
482;-388;969;-670;749;-255
375
240;480;-600
880;661;442;236;-815
-548;374;-463
850;499;581;-262;-256
-563;986;-816
-931;-214;-136;343;-735
661;504
352;-194;243;-999;-826
-88;749
464;-870
563;-632;-921;-442
162
932
-516;-908;668;669;-847
-678
-65;915;-759;186;-444
294;952;458
706;131;-410;-256
-582;875;155;-190;-944
941
-756;-438;-249;-219;719
-513;-175
-152;-537
-948
-129;180;-618;106;715;187
384;961;-136
442
-806;-422;523
-65;-910;525
-152;860
310;143
69;231;156
-82;-52;-101;395;812
757;859;126
418;-148;532;10;652;542
260;779;219;749
-739;-246
472
81;-919;683;-320
221
369;134;-554;-621;-78;15
355;-535;427;380;877;511
-660;375;681;347
692;586;747
16;90;-44;172
674;947;-713;95
749
533;-790;-239
-998;-684;-352
-689;-394;-445
440;-667;799;-320
-19;-491
-21;-235
