545;-452;-350
320;887;-536;-412
433;-726;556
706;681;-507;-813;-413;-431
419;582;-990
-788;263
-772;342;414
-961;-177;-696;537;-733;222
-257;131;-296;-618;44;719
897;-930;-66;-307;427
-99;-3;-711;-376;-892
992;-197;677;-14;-543;-624
-694;263;-474;-61;-864
-629;868;260;-172;-541;175
-889;-174
427;380
-343;424;-635
695;-219;79
-117;-647;-871;-156;207
-456;39;-507;509;463
571
-801;102;620;-606;-926;781
561;366;-864
-867;440;-157;572;334
-388;456
753;917;-71;519
-677;740;-870;-590;557
-83;-548;742;378;-543;127
-833;311;425;-238
794;571
-755;389;-265;-494;14
-904;632;537;-139;-29
984;-576;975
545;964;357;614;-635;-461
437;459;747;254
-150;471;-620;-590;15
426;-670;351
-678;-569;875;-62;543
644;-535
374;-585;124;477;750
-895
-68;564;21;876;527
-386;465;947;792;90;526
615;439;-664;-922;-908;797
-867;420;905;956;-766
-610;-42
140
273;-248;633
386;276
275;644
152
747;815;-640
-657;-850;-698;-124;460;-79
-818;-151;-712;904;12;-928
-370;-91;-464
-499;84
-20;-968;-717
306;-136
627;776;-351;-624
-174
944
293;-218;-766
434
-33;292;-140;829
36;-313;939;799
-725;-443;-812
-150;-294;-41;-763;-62;607
612;86;247;426;-237;-944
-290;-725;-71;126
948;-183;-318
961
417;-899;595;-70;-749
452
-968
-946;674;134;-775;951;-239
978;-516;-646;359;-890
690;692;-103;973
460
113;604
833;-824;968;91;-862
977
-689;773;894
-681;892
469
194;-920
-730
473
449;25
-357;649;-330;-363;-590
925;-703
-372;-149;-218;-590;-686
323;692;-870;438;-284;-524
481;417;866
-657;977;-181;604
997;903;157;990
-723;-285
-483;826;-844
898;-454;219;-912
945;963;-933;298
517;-767
288;438;568;939;-701
