257
49;-342;201;108;-606;591
353;49;-788;383
721;-284;-796;-672
-865;-791;623
10
-483;-179;20;293;-935;-524
-530;-596;-629;-263;-815
929;612;-264;-216;491
833;-163;-915;-772;1000
-577;499;246;443;685
386;371;821;-534;-472;-848
149;-105;715;30
752;849;-386;87
512;759;-988
-193;-629;-694;459
-129;881;-917;646;-456;-828
876;-910;333;45;974
-979;-341
-866;51
567;248
51
-789;-1000;-832
-119;103;263;71
420;-743
-450;-824;-458;924;-669;-384
-327
-450;965;151;-380;749;317
17;565;-912
946;667
686;-352
-594;-511
908;92;780;-318;62;606
-243;840
808;521;-187;-60;27
-338;308;122
-791;-585
-882;-307;21;-123;92;845
672;962
694;583;-586;-333
-104
105
960;-115;564;821;247;445
363
-706;-173
548;-854;-576
-852;-455;-935;982;-652
-900;308;-42
101;-297;-282;-413
839;-57;169;-61
-19;646;-119;-808;173
-372;-523
-887;-314;-684;876;111
-980;-174
-134
-898;211;-599;-23;-368
953;601;795;-159
-131;-932;644;711;619
912
-451;883;647;620;-974;702
148
-705;721;-450;690;-7;925
-884;-582;-905;-346
-727;567
-417
-162
419
705;648;794;-332;140
243;-330;-78
807;-975
-214;895
-598;728;-652;443;-844;239
430
698
98;-36;393
433;-918;233;-781;-336;-624
-205
83;743;763;-124;-493
753;125;862
849;521;-157;-494
-978
305;152;-746;587;427;765
-981
726
-983
-478
339;-813;108;-880
160;-457;-106;-844
282;717
918;200;778;-639
432;402;597;503;109;-782
-453;-809
-752
689;307;-500;-473;988
-916;-8;680
-833;-148;-885;100;-479;-816
-242;-887;-399
-467;708;-774;-680;-875;47
982;890;426
-545;-789;-711
-509
