512;-133;-135;76;-318
52;-805;-246;-345;973;111
-467;68;-854;-287
227;986;203;-384
749;30
780
-340;356
849;498;717
-387;375;-698;827;411
790
930;659;-798
24
-145;465;537;-234;604;-432
81;69;-135;-300;572
-755;294;494
-276;-527
71;862;-383
326;-136;104
626;-666
277;906;235;-350
372;695;-796;892;-863
-177;401;580;12
962;-91;813;158
656;-835;-229;970
884;934;25
-662;-926;253;-511
565
-184;237
-514;-712;522;-124;-253
-243;-149;-732;811
224;247;-812;910
-314
1;413;414
306;-740;788;852;-871;-399
496;2;-804;-517;888
-659;-620;347;862
-434;193;-854
962;-804;420;-910
870;518;-288
-20;-826
849;-885;470;254;926
593;-948;213;934;569
308;-669;301;398
340
-167;-686
-386;287
868
368;561;-484;827;366
592;803;387;-75;-588;783
-49;339;331;-861;44;-174
-514;-451;-277;676;-617;555
260;632;796;-877;-928
-833;897;171;974;447
-433;-834;-297;-697;858
-867;532;-475;686
638
-449;243;837;522
-550;-393;813
-434;-821;858
422;-135;743;-585;-845
-144
353;815
146
-153;-700;444
944;-899;663;840;142
-81;-386;692;535;-715;109
-773;677;-829
-158
926
-824;-744;-383
420
-97;-851;-643;770;990
59;623
684
-978;293
432
-545;496;373;109
866;-647;263;727
-117;-647;-266;844
96;611;-262
-145;-632;967
-278;488;748
447
-458;9
49;-627;-532;-841;-42
593;-742;-6;873
-786;-770;835
147;-852;-784
980
915;-344;410
-81;-281;669;-704;-80
-81;197;844;284
928;145;941
-709;68;-966;-715;-207
-514;465;-485;-668;-560
112;835;183;-461;-590;414
561;107;-175
-757
473;906;-876
-761
-164;-724;132;346;813;-912
