-530;13
11
-65;499;-884;134;842;510
-728;458;798
662;-920;-696;-857
145;690;-428;-685
104;686
949;343;-120;-876;63;943
-275;-660;461;-767;958
689;-19;695;201
-849;881;297;-250;138;-509
548
-226;-614;277;938;-990;-190
53;-121;-91;-910
-84;-986
302
34;14
-818
97;-835;-483;-313;747;-31
608;-562;388;-652;268
-433;145;759;444;-351
678;143
-888;120;456;105;-620
657;-626;356;793;463;975
829
179;310;-232;650;-590
899;-632;-587
-936;89;986;-621;-863
881;-531;-282
197;437;667;-463
-840
-717;-894
-738;-820;532;-949;108
560;546;-585;665;-844
-892;-736
-862
-351
451;-712;-953;94
152;-508
865;517
963;500;-592
362
208;456;-458;987;-574
108
-948;-358;21;984;-832
-238;-127
579;631;73;972;861;-959
624;-928;63;-384
-102;-780
-500;-408;443;351
410;267;-380;-76;477;702
-500;-234;-171;700;-686
-785;371;-581;502;393;-26
895
-993;150;424;-989
611;29
544;560;-114;-228;396
425;221
-433;497;-661;-166;-697;812
597;762;172;654
402;842;845;-159
499;138;-783
936;746
-369;864;-532;424;527
1;-154;-794;-602;633
496;565;552;200;732;-350
-578;-936;-957;-254
-428
-174
-432
-209;-967;-283
402;68;-652
535;-137;300
188
703
-852;-774;950;-535;139;879
97;917;492;478
297;-495
129;195;-183;-10;-860;927
-482;614;-587
578;-187;-427;748
577;178;532;-40;616;-894
-854;-120
-642;-500;-198;923;-128;-688
720
464
-915;-7;253;287;591
66;-40;-494
-731;-205;-304
-977;-755;100;-71;975
448;435;824;-60;365
530;403;-148;-957;-656;351
-735
-37;198;-167;-91;-638
372;878
231;-205;716
739;966;441;-235;879
235
195;407;711;-970;-237;142
480;-946;-515;-549
161;386;899;949;871;829
