864;-164;851;404;395;-814
657;969;458;347;-126
64;868;-491;843;-512
-771;776
-689;-981;634
257;-324;-89;890;62;-784
961;-975
786
-917;-5;297;-910;637;622
357;-891
918;-384
-501;-437;-623
676;45;957;653
672;383
-800
434;-979
-593;-435;106;-911
754;21;215;940;671
22;536;-512
-834;377;411;862
481;-726;-87;-280;-205;253
-469;-96
309
-199;-624
885;-59;91;-606
-18;906;-316;508
182;-302;-191;879
928;-102
-822;486;650
743;89
316;-638
97;115;-477;-381;-704
112;708;758;713;-685
499;87
-386;854;56;-509;621;206
225;-725;249;522;-748;-367
-754;-391;407;-106
320;625;770;166;-524
-593
-230;-890;780
-756;-517;660;86;216;-542
-341;789;583;845
803;-645;-967;-816
-977;-820;171
-721;608;-498;516
48;-681;201;110;-800
564;-668
-82;-259;322;372;7
643;-489;-779;-796;-989
-84;303;399
-876
622
880
810;394;188
821;-566;-142
592;896;374;537;-701;-557
-33;-593;-392;891;763
-386;-724;-808
-99;-23;-344;-685
807;-153;-782
-741;-412
-102;747
-418;-452;-909;108
679;558;-79
-819;327;-412
650
676;-983;87;632;10;-27
-483;-789;-853;981;-522;-268
-145
-70;-758;392;653;-318;-47
55;-972
-521;925
977;-827
-900;743
412
-145;516;-118;-667
640;-471;-234;-619;843
933
-147;473;95
-136;-288
-681
-439
288;-419;441;-496
-231;-104;-542;-302;479
-689;167;-172;-190;-592
-881;-601
-373;276;299
-722
-899;548;56;585;445
482
592;-674;-547;275;571;-446
-695;-907;26;-894;446
-744
874;-383
881;99;43;557;-831
-498
352;49;485;-919;763;28
-68;740;-600;-650;-379;-574
497;-178;675;-902;-551;-560
708;566
828;959
