-257
-770
5;653;462;-607
597;940
-452;36;-278;-79
993;130;68;808;169;397
722;-452
-529
391;-666
-9;286
-24;-256
794
675;901;-651;-927;30
834;-104;-108;-910
-965;36;-902;201;539;29
257;-825;600;953;77
850;-453;-74;-29
626;562;-55;471;-286
515;-822;347
787;825;-810;-298;-332;381
-940;-126
208;785;-339;854;26;45
-578;834;299
-261;-808
-869;-970
-104;-153;-332;285
-778;-810
-545;5;-473;-320
51;-636;-541;-621;525;-879
572
-468;423;729;-300;189
61
369;-167;217;-831;990
836
692;-762
-434;497;-838;886;202;269
-329
277;-807;743;-89;698;-491
-277;420;-249;28
-611;-643;249;283;-508;124
305;85;453;280;216;795
-89
-706;-152
496;448;-708;-840
859
480;721;-805;-489
-861
320;-217
-875
-110
916;10;-299;571;447
-699;-127;703
-127
679;-729;-590
-485;-669
-455;585
-786;654
389
212;-172;-431
-596;459
-393
578;-724;668;383
650
818;215;-333;-895;335
-656
371;-231;281;237
-657;-18;739;-1000;250;-237
946;-899;995;-459;491;364
803;515;-820;341;666;-576
-728;-523;831
-674;964;-650;-574
-642;-733;175
421;293;458;29
-838;-120;-664;-649;924;142
-949
262;360;137;-944
-50;491
792;-858;12;-62;303
848;49;39;-121;316;607
994;629;375
-114;834
-513;-466;-949;-874;-480
964;333;-656;-432
228;-983;87;-889;539;-989
133;861
81;-131;660;437;903;-956
980;474;-715
832;-887;942;-400
659;-170
548;-278;-506
-708;501;-541
-529;419;229;631
321;372;-821;-731;108
239
-849;-625;260;327;-796;-350
-753
128;261;86;542
-972;-382;-432
-772;597;-438;361
672;-427;379;-959;414;686
242;490;-222
