811;44;508;605;-944
17;-323;-467;-245;-777
-337;306;-884;186;-811
-502;-312;984;351
-657;-690;-35;230;-909
117;-408;-606;-400
632;922
-129;708;-998;-377;815
-387;-900;643;-377;-27
273;-644;581;-456;783
129;946;-607;-752
-114;70;-621;-653
-433;-946;818;378;143
288;-130;835;934;-215;637
-242;420;888;809;987
482;245;-823;143
-852;-279;-971
-561;306;-564;-549;-888;-618
-420;326;-478
-561;-660;644;-837;-280;-415
317
-481;771;840;504;189;-224
4;984;106;494;270
327
843
-966;-408;779
497;568;558
443;924
-92;-253
-603
195;36;-539;399
-92
-785;22;536;570;523
855;426;906;941;-158;462
-104;425;-221;-718;-480;-800
257;-435;-179;-38;-575;351
802;585
-291;-186;973;-127
-468;-671
744;715;-110;799;271
-119
-210;435;964;217
-897;292;988
-388
81;820
-743;605
-138
-177;273;-759;-761
-739;-392;444;910;-880
-919;-775;-295;-205
-82;279;-858
-663
-2;-580;-903;-459
-666;-512
-54;183;-733;446
102;-601;-172;-796;974;79
79;847
-166;-920;154
-586;-442;-928
281;812;798;-191
-545;-181;-584;-746;-863;-63
-678
166
514;85;-151;-892;-749
3;966;-905;507;109
884;53
170
-172
-685
-507;-732;-524;46
432;-546;-371;327;777;844
-473;-479
432;35;502;440;778;44
210;1000
599;-794
451
-710;342;331;-317;940;895
-973
-609;-884;152;44;-445
724;252
724
577;835;-214;778;30
578;-805;150;-664;957
-454;921;348;253;941
-866;593;450;980;56;796
736;337;932;517
-228;203;-621;316;110
-468;-134;-314;-332
992
321;-836;-222
-644;-261;630;-975
-486
293;-311;107;908
944;-54;167;-876;-412
1000
23;-256
489
-868;995;822;808;-496
901;885;-998;5;-890;-400
610;454;151;-717
-790;984;168;-618
