861;-863
-661;70;584
96;649;110;-863
-357;-549;891
-16
111;-896
-532
240;-273;310;918;105
-533
21
246;-268
368;-118;312;888;365
517;-614;-617;-139;284;541
659;-839;280;441
29;-318
-913;368;50;948;140;-303
802
-116;388;276
770;243;-568;-872;975
548
116;-887;903;120;553
41
297
529;-834;562;83;-183;-201
211;636;735
182;122
352;-996;986;204;-496
615;-667
-565
-822
-58
-499;-838;981;-263;44
-681;-234;77
-740;-359
496;347
-37;-198;23;168;523;-557
-221;556
-592
253;-336
98;981;88;-59
139;252;845;-462;847
194;-916;618;-495
-858
864;832;597;-103;206;511
-689;-695;-590;78
-883
344;794
66;853;-936;794;-543;-607
-577;436;327;-907;44;301
-55;137;-252;-463
656;290;-726;953;-267;-269
-9;-426;-974
369;693;-345;-847
355;543
-409;-618;314;-191
139;511
740;-345
86;138;-11;334;-944
140
-593;-133;104;-138;-926
-918
-933;441;-427
876;301
-981;329;-122;297;634
33;884;693;597
43;-207
-241;-274;-710;760;-666;-61
816;197;-918;792;-464
-643;599;-892;716;-206
-483;306;-644;-120
-897;-210;754;-579;-217;975
-771;547;871;297
-642;146;-956;302;367;959
-290;-154;-764
505;-957
817;946;-198;-441;-928
279;431
-241;-918;-379;-411;-557
437;599;-458;-443;538;300
976
-517;986;510
513;772;741;-137;888
-453;-712;-847
-851;-69;7;-332
-830;-671
-82;-827;687
977;-163;-837;-780;-637;191
-881;-569;969
802;-647;-570;269;-847
289;-904;-381
-117;-679;55
337;-566
513;331;252;748;-80
-532;595;-808;328;152;-222
-104;-136
-946;324;-601;-812
-420;-811;650;588;236
640;-393
624;-790;551;488;-507;908
457;-42;-203;507;812
-489;-569;-221
