-804;-485;-489;751
-370;69;-8;-844;334;302
580;-781;973
417;163;-918;588;-816;303
650;125
-522
215;-392;859;-701;28
2;-835;-918;-136;842
98;123;540;284
912;-986;-314;110
-741;325;394
-51;-243;758;311;-751
912;906
453;343
-453;996
-545;-420;-765;157
-294
37
423;-461
-581;-522;-222
-47
-49
562
609;-557
-725;-504;-10;185;-31
-449;757;630;216;188
-821;501
-644;-234;942
71
416;-482;396
676;-854;509
-323;228;20;454;-60;271
514;-803;501;895
513;-34;406;735
-116;292;392;-479
480;518;-394
-82;418;-696;-91;-927
835;-91;925;477
-290;306;-628;-70;326
628;-168;616;-394;699
115;-989
-97;272;353;-415
-852;52;811;59;44
-595;-975;943
986;923
-51;259;-634;-91;143
691;-360;43
993;309;-925
-326;-345;-223
-33;914;-643;-869;248
-722;-144;735
68;-712
-134
-646
817;-900;-533;-108;77
-329;-795;717;270
906
67;-815;-928
-321;-562;-229;250;-269;990
660;76;-670;-287;-592;671
100;-665;872;107;-479;719
35;-533;-159
-915
818;-196;87;463
441;-112;79
927
544;451;875;-861;431
67;839;-91;-976
290;-633;-75
-897;-421;152;-521;-526
291;-934;-759;327;910
706;-132;870
677
887;888;-986;-666;45
-23;-552;744
-686
888;42;269
-177;-512
769;-586
-705;-898;530;-554;810;-399
560;-497;-167;-505;-607
769;289;226;19;-874;-879
969
-206
914;723;362
-466;-292;27;941
725;694;-891;683;-911;-512
817;754;-755;-263;943
-989
-737
65;740;-614;-935;-506
-23;760
-225;-900;455;696;203
-578;-21;-166;-903;599;-187
818;-476;-607;-495;271
628;-600;-413;878
-753;868;59;-349;671
-785;539
898;643;537;990
-566;150;-968;777;860
-194;447
