352;8;-201;-672
-804;-487
-71;-344;764;-462;895
786
-24;216;345
-257;-598;344;222
35
257;293;791;441;557
16;-835;-83;229;214;-858
417;-456
-81;-785;737;151;-121;651
-453;999;-284;700;-911;-607
-802;-941;-735;-384
717;-671
850;-247;214
-501;-317
641;321;178;179;164;872
947;-294;326;-415
375;-782;-415
-826
752;417;470;-187;-880
1;-708;-380
304;15
321
292;-779;-828;989
-177;-915;90;-96
960;-625;82;692;-518
-113;-60;-301;540;270
-34;327;814
-774;-408;-905;-653;351
950;-568;553;765;-848
192;-901;-6;743;825;-255
-344
513;-293;741;377;-298;332
772;-38;-790;794;635
741;982;-967;617
688;-887;474;11;575
-545;-832
-387;-628;196;532;424;-493
-545;-329
-556;-735;-864
537;-173
-374;887;840;-986
81;641;-970;-475;-925
496;116;788
377
-434;-467;-502
450;-515;-229;-906;-254;-206
486;376;-730
-997;-672
-212;35;-266;-285;-174
-437;421;-888
-807;156
368;285
-338;-487;-600;-511
-724;-184;762
946;457;204;844
794;-491;-45;-749;895
-920
153
-273;-69;-837
-923
-669
-920;955;-543;94
805;486;472;-953;-652
-433;-961;531;-576
183;488
-453;-631;502;-375;699;-927
787;246;523;909
195;39;473;-77;557
544;-819;549;-793;938
802;-373;-453;12;175
-168
340;488;283;-684
978;809;-364;31
-383;-816
881;770;-627;327;983;-878
838;622
-313;-895
288;-851;-805;-61;174;815
196;-616;235
-339;-742;383
705;245;-251
-469;-744
768;-322
977;37;-361;633;956
320;256;-167;41;-363;108
739;531;548;427
801;-603
163;-874;-256
659;136;940
309;407
-649;-76
801;-579
-213;-870;-936;919;-925
-237
112;355;469;374;888;88
-246;-168;-233;-363
-915;216;-812;990;-496
146;934;-968;122;813;-799
-741;484;455;872;537;-586
