-113;563;963;393;-414;-112
513
288;597;805;-712;-459
227;613;134;-1000;-362;908
-390;553;-430
130;-119
-822;-586;-912
216;568
659;-774;-378;156;-847;910
786
-961;49;-650
225;660;-90
284
541
720;778;-124;-63
-117;123;236;-190;494
-707;-998;-155;-348;637
-586;-603;-895
-37
-295
-195;-470;840;-476
51
-339;710;423;-90;894
63
-935;-888;989
-742;-605
745;990;895
-72
-168;-905;427;-12;731
593;578;-871;765;-431;975
529;131;-247;-552;-988;284
-181;511
844
721;-18;-738;-931;-89;712
331;269
-850;-771;868;645;-749
225;-583;-269;719
-627;20
-497;-231;-648
801;-677;853;778;-29;-606
288;328;-972
385;-283
104
802;-502;363;174;-383;-560
-363;-926;669
976;898;-311;855;231;-748
-114
113
481;-788;52;-26;-620;-493
833;-947
-708;404;685
-487;103
201;953
391
715;188
260;-909
-910
402
-507;-636;877;-399
771;375;-187;223
416;981;-219;778;683;-432
671
-807;968
-405;661;378;-972;589;-414
586;-158
853;-475;-204
689
-419;441;525;143
386;-115;-531;-219;299
435
-586;-365
-695
276;185;507;843;-860
183
73;506;75;47
-448
-242;579;-261;-903;-233;-413
193
833;-467;692;-352
-533;935;695;797;862
82;-247;-288
-153;-345;346;-63;-752
562;-213;-807
610;997;-105;749
197;24;-841;348;-559;367
-98;-628
-474
84;-816
834;-1000;-57
-260;245;806;456
112;708;405;-280;-208
160;946;198;-844;-430;-256
480;-774;-429;383;-144
-339;824
-743
-961;-949;-455;249;235;-143
561;-868;-650;-171;635
-948;-318
-340;115;932;-158;-830;-479
546;728
509
