340;568;40;844
882;66;84;-118;111;-768
-776
-914;-487;-143
-114;-727;24;714;879
547;-101;761;43;733;333
-819;-869;424;-285
-13
-785;835;119;-665;218;-252
-450;-41;-812
672;-76;-62
804;-780
-716;892;-717
-546
869;730;-541
-837;-407;-936;-671
401;35;361;-364;-478
-913;-853;-23;-410;347;13
47
552;-589;-272
-115;-453
656;-599
247;-235;-507;-77
217;298;172;910
-753;-852
-417;-98;-67
840
-292;-300;-510
590
-870;-806;-552;-587;-399;831
-535;614;-766;606;-255
-91;941
803;-326;-668;108
704;278;235;-141;-479
216;-9;137
727;-638
945;386;-375;652;-751
-359;-762
560;501;133;570;541;351
-517;199;671
866
-259;275;-581;-534;487
187;943
-885;-889;-620;238
-710;-688
-772;890
-892
-294;-311;156;62;-256
726;-862
-151;286
117;-504;988;-207
-532;-36;-708;-757;613
225;645;886;940;-509
-802;181;-776;-970;-846
643;-852;-70;-375
-418;-642;917;-935;167
452;459
-753;49;888;-762;-702;623
-162;235;-988
-561;-100
-836;-310;-550;454;-799;-671
-882;727
676;-518;390;-137
-148;-16;831
-353;600;-985;-813;-399
-158
177;310;971;494
-824;-137;285
928;869;-566;-812;-527;783
-933
-174
3;282;-975
231;585;-602;988
867;166;682
353;340;-887;-953;-443;126
-227;-483;485;537;-123
959
-897;987;-764;-429;44;-157
198
967
-311;510
-37;-473;-715
420;-133;997;407;-975
206
-533;885;-422;279
-241;440;-905;59;-77
469
355;-826
163;-294;890;-544
-437;53;470;792;395;479
992;641;532;-138;750
-310;-55;794;-828;-830;-271
835;885;38;255
-705;-440;-555;-576
578;-516;854;-542;878;767
736;-181;-837;-629;187;236
-499
-130;-580;-297;-525
-18;-230;-953;-844
617;474;187
884;650
