473;-735
320;996;42;907;541;783
-273;390;344;44;782
-881;387;-324;276;807
-770;-588;-238;47
866;819;-806;134;-712;-572
-528
528;674;605
144;-227;851;198;39;-477
-788;628;-662;-811;140;-829
544;586;908;284;-14;525
274
406;390;27;28;-319
425;622
-145;-504;456;24;588;-703
-818;-77;-671
-290;-41;-474;-763
689;-261;139;491
170;268;-144
769;-884;132;-984;415
-308;-485;-602;-222;541
-195;-197;-694;-760
-339;629;-407;282;-716;239
-568
448;-135
-258;-178;120
-537;793;238;846
977;525;94
577;929;453;462;574;399
-401;-68;-965;453;-110
-71
289;483;-158;-944
-538;590;-127
-79
530;294;-664;-251;682
492;-574
660;-471;-712;-905;-925;991
-966;-143
-790;584;-909
1;566;985;588
-737;164;-486;-12;-892;587
498;308;533;-41;-26;874
946;52;-153;-944
51;661;-567;455;475;-205
885;-440;-393;-332;-592
365
-881;1
-118
113;35;-68;10;-799;79
820;-699
-546;-572;479
483;19;491;927
901
593;-900;442
961;-281;223
464;-450;820;-360;286;-624
-393
-209;-918;154;318
199;730;-16
709;-441;-271;-400
-918
912;837;-832
-921
976;919;-552;-618;905;316
738;291;730;187
946;-83;-922;-108
96;-521
421;-591
80;-834;611;-284
-175
180
-322;-134;934;215
561;803;198;-441;-170
-593;928;572;47
-354;-661;-727;55;-122;-427
848;150;251;188;543
-193;384
902;571
-322;-130
740;183;813
-971
-204
-535;-699
-726
674;647;941
983
-5;990
257;-477
-851;-313;943
69;-570;-58;398;894
-724;245
-977;-739;-44;764
707;675;-725;-634;-763
229;-463
-872;635
493
-898;659
-754;417;370;-759;-282
-97;850
18;938;187;894
754;391;-525;813;-159
