-594;-853;-376;536;300;991
-65;322;-118;-630;-953;159
214;408;809;-912
465;-998
-897;731;444
-547;-502
-6;151;-172;-830;238;-688
-115;-686
-561;980;871;392;-810;955
887;362;-651;-781;-29;767
803;-164;-686
-308;500;-665;777
436;948;-198;405
-146;610;818;-281;447;655
951;615;799
368;-629;-775;10;-315;766
-322
498;-421;842;60;878
-865;818;-841;856;937;953
-881;-824;-90;-156;-173;-509
192;483;-748
369;866;-854;206
-588
-357;-665;-926;591
-693;969;234;603;-525
-242;178;375;535
849
567;796
-642;727
771;105;-827;651;413
192;410
450;661;-249;589;943
-707;-213;-137;681;-442;-46
340;422;300;317
-554;-831
388;-22
-483;371
-978;-672
-628
-163;-467
722;677
120
216;697;666;634;-590;-479
-635
866;-756;85;184
-134;853;-941;605
-931;-856;378
432;130;-983;822;-313;809
-801;640;-676;703
675;-764;991
903
-148;532;776
964;-828
-100;-10;-363;332
-786;-636
37;360
-662;-765
-662;774;54;-696;-652
593;914;844;879
-416
931
945;-12
-936
168
-385;-708;-342;-680;666
996;716
-663;-334;-974
-180
561;34;-968;682;731;-93
533;-567;473
-956
726;-27
-674;-21;777;252;111
957
-931;226
976;449;-207
707;277;238
-199
-355;-164;583;905
-689;241;531;-86;616;619
-982
-915;694;-266;-845;605
-405;100;853;134;205;-160
-771;-500;31
369;809;652;-78
-358;139
-988
-884;-7;-487;327;61
-593;-471;108;221
385;-674;-851;-902;502;-731
424;-649
-738;977;-377;-348
390;-159
-865;289;-907;-797
96;769;-579;-235;-287
-752
288;-44
-548;709;-696;-349;942;958
898;-505;-490;430;686
51;-695;-120
-767
