-387;-421;-537;749;-767;847
545;-805;-758;357;678;-791
416;497;119
342;202;700;-382;942
-258;661;870;-313;76
-83;826;-464
-531;-439;520;810;687
-229;-186;793;-763;-43;-366
-274;-562;18;844
773;-234
786;404;484;277;895
32
-98;931;692;937;-126
-468;501;232;-587;-828;91
225;73
-161;-338;-714;-474;619
44
-854;727;955;-877
288;-855;-760;204;-207
224;-279
2;-470;21;856;-938;218
574
-200;270
843
817;-403;-884;548;852;-598
-174;766
979;531;-776;-650
-738;875;204
144;-742;684
-33;-979;741;360
810;559
-295;-888;617;-139;333;719
548;-455;7
-615
306;-540;-748;76;-509;31
-162;-965;-183;857;-506;-683
106
-183;569;970;-414;445
146;-887;185;444
-660;-859;637
-370
475;-590
-178;-729;282;538;-942;-112
-376
97;-555;-158;-784
889
-931;660;876;318;991
816;-500;571;-765
371;-916;668
755;-372
337;-516;-885;-607
-906
-324;-887;-797;557;31
652
944;-244;518;-608;47
-49;-338;533;933;862
-33;449;-293;-710;1000
157
-986;507;-797;861;-768
66;834;-164;-558;494
916;-494
1;916;505;219;830
-489;61
824;-410;793;-491;-286
-899;-822;-360;-376;-380;-669
533;7;300;430;-64
400;-370;-867;-374;-695;-72
-744;120;-426;-123;171;815
-741;-599;-474;-779;-719;-464
54;138
689;-868;372
183;439;120;59;-29;190
-437;-287;-495;-512
563;-166;997;-943
-823;219;799
963
969
485;-391;633;-268
630;-200;541
-289;-19;-806;536;-843;959
-802;260;750
-308;-634;476
-593;-865;-115;-429
787;-969;-715;-187;895;911
-643;774;-604;684
326;-538
-850;1000;-427;-684;747
592;-99;88;-364
-771;-246;823;-538
-529;-545;260;-262;-12;-671
-770;-170;716
321;-452;-389;-613;-8;-367
184;558
801;198
295;-527
677;664;-794;-346;765;-479
304;-962;421;470
-357;-249;313;170;124;239
532;874;-444;431;-640
208;882;489;-45
-35;901;-761;-476;-141
