-209;146;319
267;-269
-595;-484;-772;-967
530;-644;-469;55;296;-29
-449;-98;882;950
17;-217;207
818;-299
148;180;421;-223
-33;560
885;-470;-839;-521;-96
-579;-141;447
665;-844;-509;413
150;-686;-256
-710;215;-651;-781;366
284
64;98;-704
-453;645;38;-296;280;73
801
804
560;802;678;841;-540
-929;949;389;-64;-896
-83;882;53;-567;779
-147;-794;601;42
810;-765
720;-866;629;-967;-75
881;-116;-40;969;-624
498;244;472;-300;412
-513;567;-105
-530;998;-39;-122
-611;132;436;105
371;675;-967;495
308;12
-68;900
-66
-325
50;-325;119;-539;-143
843
-65;368;-601;638
81;-688
-864
48;885;-985;633;27
-34;115;-485;949;522;317
-754;370;693;309
-641;-148;-344
744;393;701;831
177;510;-576
131;734;15
221;-591
775;107
-116
-706;-116;892;-189
226;979;821;598;-74;-384
-790;41;-653
-634
-636
-722;211;-206;-687
-744;169;-859;970;-29;-656
-391;360;283;-111;495
-639
304;849
48;929;-300;221;511
418;803;612;316;748;-718
794;877
-245;-136;-889;826;-813;-927
-137
393
-531;-468;-295;-71;-824;-256
149
562;-716
-227;-442
320;-841;-154
-243;507;539;-384
675
-226;901
-993;-199
-595;466;323;-623
273;-596;-709;-525;333;270
-801;449;596;884;56;28
-743;998;503;201
86;136;-25;507
-362;-95
704;-905
-145;129;535;74;683;718
-163;-812
661;-870
7;714
-450;-119;-925
53;-168;843
-11;-974
531;453
-931;-808;42;-510;703
-228;3
-762;-26;-974
227
-487;237;734
656;44;813
642;394;-495;-864;-432
-600;989;-606;-31
994;839;-815
212;-794;-155;987
160;-338;686
