676;-665;-15
-706;759;-28;-799
-707;-250;810;363;-480
179;341
-19
-806;137;-939;-205
-899;-312;-864
-540
27
465;218;-910;510
798
-676;198;-377;-172;-941;654
480;-833;346;-796
-229;782
-163;-135
-44
-914;296;666;588;-590
304
-228;-53;-824;283;-508
-562
256;-818
420;-536;-192
-439;510;-895
406;-719
978;244;843;141;670
-230;-135;406;-808;-62
-386;-821;266;156;-718;158
-869;986;-700
465;-743;55;-492;-653;783
-595;436;6;-713;536
-369;529;-435;-744;-121;-480
-195;774;-284;-892
-786;51;310;455;858;476
-722;355;409;91;-221
290;292;517;-184;-59
673;68;667;203;-240
306;-472;-730;201;-942
896;-28
-593;-533
-616
-873
115
-531;-983;390;907;333
-147;963;-8;334
521;-972;76
-228;53;698;619
-163;-405;375;312;779
35;-694;105;942
996;950;794;-141;350
391
904
-69;718
-170;-927;446
997;-858
912;-738;484;-5;268
-53;-631;731;-527;-191
-21;-870;-758;-559
-275;-399
-998;-182;-777
97;245;334
-309;-887
-940
-51;438;-312;-859;-414
163;-148;-796;860;-894;-896
-688
435
249;-687
761;190
490;-272;-32
698
-146;-901;646;-554
-355;798
-707;-278;41;-524
956
444
768;195;452;-841;126
960
555;-300;-62
-199
-674;423;-206
18;-931;419;-297;-234;302
564;-837;62
-979
-103;-59;587;812
-787;-196
-932;-730;-92
-450;-375;425;618
518;839;-942;734;606
290;-767
464;512;68;-822;-413;-287
-51;533;-887;-75
272;320;626;-148;-79
-898;671
-102;-895
896;-201;-969;45
-741;538;380;-797;-318;447
208;-615;-857
732;861;957
-354;242;-20;-982;-953;794
507
-974;-814
