-113;244;228;100;-461
-163;-731;123
-630;-826;42;-125
-338;114;-580;581;-697;-880
-37;139;779;636;-15;-976
484;581;183;447;-976;319
-146;-550;-650;-573;-656
-531
-977;-934;-58;668;-767
-417;-418;813
930;-314;-894
82;707
866;-36;421;744;-42;894
-293
517;183;984;-554;970;-268
881;771;-248;940
-294;758;-283;587;555
-241;928;519;120
-19;580
310
244;-184
-292;341;-854;-235;-813
805;470;423;-94
448;-755;-102;488;139;875
577;-259;-902
305;-904;-699;395;940;-624
341;758
898;355;875
-596
577;371;906;541
913;759;-201;717;-559
350
-36;-829
898;43;-846;-447;14;-15
180;-552;-238
-834;918;-970;-350;-143
176;-330;510
341;-236
323;-629;-102;-22;42;751
107
-87;-905;-924;15
576;-564;-120;666;62
930;664;-798;-175
-593;180;-614;-621
388;23;-458;571;-639
800;82
-632;253
20;618
968;684;524
-897
-641;-195;-829
-641;257;-566;-89;138
-650;783
390
-561;27;671
577;-971
905
513;386;890;365;-223
913
-658
-726;376;-731;-668;-879;-592
-663
-577;738;-40;891;-606
962;981;767
912;-258;-757;-87;232;111
621;638;430
308;199;-41;456;745;538
241;-533;71;61
-198;841;-458;-443;-732;830
-612;-830
-786;-916;228;-937;-233;-80
-245;-175
-482;165;-905;-766;286
386;691;-551;-778;-174
688
133;45
-727;-728;-783
550;72;554;-413;-557;239
451;200;328;-784
931;-39;251;846
114;614;86;-25;713;239
786;-821;420;589
-513;933;235;-765;573
675;-461
-476
932;246;-555;367
-913;754;723;-383;751;-192
755;-686;927
619;91;-526;798;-752
257;489;253
801;-482;-316;-494;-510
-801;290;-889;397
-753
-468;22;282;874;831;-272
-389;248;-413;-718
-516;583;-315
-248
274;744
417;-779;-139;751
-883;-647;254
-886;-567;429
