-4
-870;685;-79
964;-188
81;803;-42;-908;731;-144
-258;-483;487;-906;442;-575
-580;-854;438;-860;-976
-692;-37;981;-88;698;-846
695;-969;313;410;591
517;270
-278;726;375;87;-281;-608
-118;-152;503;-312;924;972
803;-309;740;-105;-489;410
544
-19;452;292;-582;-601;746
-630;679;-233;-380;-447;-47
-546
993;-742;-286
33;258;931;149;901;328
42
-51;984;-377
868;-297;954;411;206;719
-515;-295;252
49;-370;-228;-507;781;-798
961;-731;335
905;684
-311
375;703
-131;-71;-280;940;366
-666;732
68
-808;-799
560;52;-181;-41;25;682
-642;978
-593
-595
-357;-40;343;794;-912;511
342
-579;491
417;436;-120;-621;140;606
-91
-195;597;666;988;-606;-591
818;974;607
87;-441
354
-163;10;-459
132;-262;-775;442;362
-130;437;-206
870
17;-373;-648;-553;684
786;-681
996;646
-833;-555
162;-676;-998;-75;-571
-369;-359;-459;-460
602;-716
-821;743;-507;-47
-562;34;-616
416;-953;-864
-324;521;892;29;31
-809;-265;-76
643
134
550;-540;892
624;-245;484;296
647
608;691;-421;-773;-201;-41
679;891;-14;-896
550;-317;429
-993;-36;965;-231;445
-153
932;-12
824;-875;-876
64;933;313;-380
817;-131;679;889;-636;-685
-393;-798
167
-930;-777;-254
-161;229;216;-141;108;686
-626;83;116
-940
-546;835;397
-292;-598;-968;649
854;-153
-881;946;57;925;717;990
-626;-297;746;42;-542;-31
-337;-597;40;505;956;142
711
600;-266;122
-710;-134;-887;70;-297;476
970
290;98;292;88;-522;474
-727
-218
-151;-664;333
-235
-981;-823;540
772;264;249;286;991;-16
-759
597;200;362;-429;700;-415
929;963;822;-414;765;-512
-353;-164;9
