224;-663;-72;-10;522
896;-118;374;456;-576
465;-930;989
609;430
834;-43;-27;203;845
-230;-48
467;371;-309;-310;648;-77
289;-933;85;790;-13;61
-27
-540
256;795
-542
-836;-501;780;13
288
-293
-369;-948
833;-134;-806;23;717;685
-241;-868;299
-48
-308
709;21;-360;-41;750
569
-757;186
-564;677;-618;-218;-874
-403;165;-698;26;830;-496
-93;926
400;-482;293;524;-158
112;-498;63
-67
804;-501;552;765;285;-814
-838
-241;419;-133;340;708
-328
215;-24;783;895
590
-839;247
-482;243;420;411
-250;235;379;-909;-816
502;-751;335
679;-280;200;921;-669;-509
-18;850;-52;-7;924;190
16;177;742;-248;-464;-832
801;-659;-820;-63;-127
613
-378;-782;286
466;71;872;603;909
128;932;629;810;170
5;794;27;-941
-532;646
11;-638
885
305;86;679;378;-718;-352
675;-934;-889
895
-785;-871;-103;343
137
753;369;562;-204;-318
-625;369;97;632;-510;943
-662
819;84;-214;-504;990
-152
512;-357;949;536;-975
448;986
136;-281;921;-90;429;63
334;79
449;-535;761
419
225;742;220
96;-387;147;148;-174
786;-438;-40;121
-209;638
193;279;872;366
675;359;-602
882;-359;426
21;342;-153;-911
548;774;-552;942;-752
-962
533;654;287
-197
-850;-818;584;-906
501;-486;696
756;362;557;-447
-209
880;209;282;-797;-365
-209;-133;-124
-211
482;-339;-103;-618;891;156
-150;-918;-246;-920;-971;429
-360;391;-251
-30;-943;495
998;-57;-189;-575;-399
483
978;-494
883;-744;43;-928
245;-536;-205;-510
624;-612;963;-405;138;813
535;-793;298;714
-450;-740;-55;248;270;-288
418;744;-912
766
-695;-328
