-823;-458
-321;317
-818;556
-50;769;530;293
-897;647;-14
-931;935;-764;-460;188
-81;-822;-472;-251;-14;863
768;-340;404;718
-632;-712;-604;91;813
817;34;-933;102
-577;-546;-917;-805;-251
31
-484;873;154
131;-886;-218;428
-434;723
-276;311
-545;676;-150;-537
145;965;-810
-655;-672
403;415
243;-613;59
-405;612;599;-187;139;-814
834;213;229;-600;121;283
57
-573
-369;-813;-159
-831
704;422;728;-30;799
-320
-375;-202
-387;-388;-676;-248;-158
720;354;327;-649;-687
337;-356;133;-649;-511;-47
705;293;-903;-887;-301
-360;-393;-89
689;342;-551;-654;-158
595;249
593;-516
-577;-525
593;-253
-86
64;645;5;-838;-732
-754;293;-766;-911
-326;-282;-764
-728;-904
-51;935;792;-603;303
448;500;-599;-588;958;-367
934;-251;-781
610
-99;970
-408;-872;-622
111
-420;25;-123;-367
-344;761;-798
754;-852;-798
307;803;746;-700
-114;801;551;-442;-522;-671
140
940;-543
625;-27;667;-607
403
-260;-605;844;942
-469;-710
-692;-231
443;991
912;834;-795;363;204;-846
-676;-117;-342;-907;507;92
960;849;805;683;-319
832;704;-771;-117;-229
640;-883;-436
-229;230;423
857;-174
954;-13
308;903;841;234;959
-77;92;-190
-326;-679;-199;792;236
178
578;71;810
243;-714;-986;378;-638
-900;216;-668;-367
-865;371;937
-957
-600;-112
980;324;582;620
625;-870;-201;-272
115;203;-350;-431
975
207
-982
594;421;-953;-570;731;508
732
-681;-907;-171
883;915;196;501;839;729
993
-995
-131;-168;-192
194;582;394;861
-501
-801;-481;-507
509
-855;936;430
