-786;610;-340
1;-361;-926
-263
-508;-989;-479;-336
-321;937;-874;842;-592
7
-662;670
-267
-241;852;-599
-722;-728;247;478;-576
854;959
-794
-904;-920;-8;-841;-171;509
-744;456
31
658;9;474;-431;-160
-841;792
-819;595;965;166;870;575
992;-482;883;375;840
643;630;571
112;96;353;774
156;412
145;-202
-877;-973
827
-833;-322;530;101;463
-355;-218
339;-885;-805;314;109;863
-259;-134;-444
259;36;751;-208
-588
-770;-844
-562;964;-839;727;-728;-664
650;-317
-996;-936;825
787;52;486;-922;-319
-673;-642;569;-315;974
353;-229;855;-877;-704
288;99;735
-322;612;468;327;-219
-385;598;7;-832
-362
307;820;-268;-63;847
-460;-928
619
528;55;-905;-569;521;735
-594;658;-430
-139;605;-878;302
433;579;300;77
-289;689;-362;121;-272
708;454;70;-606
-548;4;-693;280;40;-735
885
496;-164;220;-670
-259;968;-524;286;415
-977;-677;607;-352
-69;-235;940
-790;663;264;-12
160;-24
188;974;-768
288;-341;-687;878
-651
-35;213;-938;365
915;-25;-749
577;213;894
-914;-41;-988
800;375
-337;165;-495
-609;81;-914;1000;286
-818;-147;323;-375;-216;814
-308;36;-485;597;-122;-655
682
-738;-472;602;-847
3;356;373;-217;972;-29
994;-746;-429
185
593;643;490
-741;969;-412;895
-993;-438;761;-318;-239
659;442;-445;-448
883;94
-57;281;-12;765
17;997;-166;-713;-733;-383
-827;-668
-643;967;-633;93
709;183;-846;942
530;-8;-300
448;-722;449;-35;-339;-25
-657;-962;-251;622
226;-147;-21;-151;830
450;98;312;-553;430
-277;-358;950;-544
294;-782
-471;237
-594;645;-296
-390;89;-635;431
932;596
976;-546;331
-824;316
562;-743;-920;-409;812;188
-562;978;-613;-827
