-930;-505;-90;250;687;591
-481;225;-757;854;-359
-665;297;-650;750
-583;-970
274
-993;155;-861;189;-816
-792
-257;33;85;-910
-798
177;346;-382;-687
482;387;340;-986;-988;798
-547
40
965;-668
-914;52;935;89;-463
-232;-825;-269
232;-185
352;-517;-264;478
564;-309;535;184;-668
-564
562;-614
570;-879
-53
-227;402;-327;-633;731
482;-888;-121;-59;-496
473;-187;27
706;-831;-880;-896;-976
-309;-297;924
120;713
-580
225;-644;-372;740;-8;-522
285;558
199;824;-267;571;909;-368
593
-177;-228;-282;745;-910
592;306;915;63
-483;-420;-535;842;828;109
632;-909;621
881;648;-126;734
-453;-58;-95
640;-978;433;-871;-600
-868
816;341;735
692;-80
102
578;4;-442;-31
-369
-545;-947;484;-713;-825;894
-629
-308;-776;-154;94
-149;526
53;488;861
-421;342;827;-110
292;858
336;826
868;183;-459;827
48;-959
-694;441;446;975
-641;-292;-237
-917
761;-317;479
-455;41
-822;-185;-124;461
-595;-587
-869;-599;54;-792;-969;-315
946;163;468;501;-939;302
323;917;423;299
196;743
304;-39;-199;364
774;-158;846
183
657;-821;-792
-370;-79
-722;273
-802;609
432;385;-391;-446;-431
-915;435;-564;325;187;-175
913;327;-361;617;-287;270
99;521;859
720;-146;753;-532;180;-262
430;31
-357;790;-239;15
-725
727
80;808;-415
438;-987;876;925;-814;-912
704;-165;-27;475
-503;424;-670;-751
-274;-228;932;-89;700;-815
-625;310;-699;395;-941;813
-493
-496
-213;-29
-840;185;508;-96
946;67
-246;662;-90;-173;94
193;182;-231;584;-45;590
40;-9;-795
985;-733
112;961;460;511
83;660;279
