-209;727
550;-778;-154;-394
899;243;308;-55;374;798
-132;143
-949;-501;439;-281
-833;819
706;-712;234;43;-285
-529;-62;606
276
-199;231;343;414
-22
-774;-775;-377;365
542
402;-515;-327;-615
386;-518;-839;-683;-990;-208
-420;233;991
-711;-441;347
-278;-56;185;-656
661;-265;252;-687
208;-561;435;203;269
576;66;-694;-473;-377;346
-129;-561;888;108;-350
545;-239
995;-935;-446;79
-276;373;-247;-669
311
-582
-297;-286
-799;-304
598;167;-777;602
-666;252;495
-91;942
-357;15
800;-203
-676;-453;-470;21;166;302
-779;-76
-946;498;180;407;669;47
-231;279;-394
-859
-738;-37;-838;796;-303
-114;243;-469;294;-792;-32
982;714;-59
866;322;966;429;591
616
385;-787;-300;-559;639
621
595;-488;519
-82;754;999;-842;603;476
101;-200;8;-542
928;370;-921
-564;-651;-893;-575
577;36;468;-245;215;-400
907
-565;392;-414;446
912
-406;-764
-149;-71;-265;361;878;927
-673;-65;-827;-220;-156
149
-114;-947;981;358;-429
-674;-921;-315;750;-16
663
908;-238
449;18;594;-388
-165
-978;-868;-732;620
-67;-612
257;-199;-184;-908;-44;654
501;696
-688
21;429;-16
266;683
407;-683;716
-339;-37;-758;-235;890;-987
602;-795
625;289;180;-230;376;747
130;-826;892
454
321;-852;-229;805;-762;-250
261;501;-300
373;791;-649;93;367
-691;226;547;-564;-7;956
338;-579;-549;203;-908
982
-252;-988
-841;-410;522
-292;794;-29
322;165;-806;-526;-911
179;-149;-506
476
269;463
-735
-83;713;367
-819;-339;756;-374;-122;-109
647;618
-467;-115;-988;558
517;-266
-820;-760;-208
800;-59;-300;-188
688;-943
485;-282;-187;-527
