-381;895
985;59;479;-768;-752
217;-221
-407;987;-12;717
-161;-327;219;-512
-18;-16;815
-783
-99;533;-278;-441;556
274;149;998;119;487;-986
241;-354;375;-187;-159;-704
-356;-618;554;-699;75
-210;885;-522;891
-986;-764;668;-480
-539
-835;-856;636
17;225;985;794;203;-656
-57;-252;-749
-739;-454;230;-103
-814
815
-209;-4;-196;201;-160;-960
33;182;-39;-480
-722;-470;-857;463
-339;-200;-237;-47
-211;408;-252
998;633;794;155;-429;-560
-869;309;-520
-305;-930;-869
-515;-659;-947;270
-483;-261;262;696;-156
-145;978
325
-695;-568;24;654
-311;-920;-793;-586;-32
-434;-228;-422;8;122;-670
-660;59
-661;440;-893
-673;210;-12;126
-300;283;879
606
138;-43
661;-767
362
-855;489
-214;582;-999
-417;38
-324;149;-342;-539;-349
261;170;205
-98;-135;551;-700
-69;-829
400;642;597;566;-507;-544
532;-88;-58
-753;-674;693;-104;-63
-770;996;-5;-86
-4;-389
418;355;-598;633;-415
-870;475
-995;-291;-709;-347;154
-661;-251;-764
276;746;-111
-916
-561;410
-664
-276;757;-7;-716;108;286
-667
-177;53;-679;-888
-705;-853;965;374;887
564;-874;-204;94
225;325;383
441;12;-880
-835;531;532;-58
-598;-342
-391;-936;938;-27;-783
-791;553;670
-711;271
-185
-514;-788;-615;-636;318
289;818;-677;-877
469;748
386;-883;-84;669;878
-610;998;-591
290;939
320;998;-856
-464
601;602;799
806;429
995;-375;619
18;469;-270
474
219
689;-340;-905;427;-652;-976
-33;-702
-488
-747
-924;-767;942
114;-170;-589;-111
-385;51;-218;-170;477
464;-146;219;476
882;-677;389;-519;541;911
-849;705;-426;-172;637;-656
898;-922;636;-685;-432
