224;-838;-439;538
64;99;-502;-688
98;-565;726
4
262
562;-442;-748;365
-487;750
613;-41;972
-261;-904;-824;938;527
210;-261;-518;509;-255;46
13
-272
-273
-785
18
-645;-910
-497;-548
-498;-930;343;808
-663;940
-280
-3;584;-857;811
67;821;-912
-540
-498;-883;-678;-824;-968;493
964;-761;-394;381;-479
545;-706;294;934;-713;-64
80;-675;466;-259;-468;302
301
816
-805;494
-481;-602
-290;514;115;-654
-530;-805;-518
-625;-357;233;810
640;963;-759;217;27
-901;699;269
-201;-860;269;-303
-200;712;-185
389;-461
-564;233
659;869;-874;-12;-974
-962;-200;-41;-45;-109
547;-596;-589;-719
-851
896;981
-924;-748;303
616;-941;669
692;423
-34;-99;-442;-410;381
-349
605
-731;75;93;207
-361
468;666;603;-607
483;-677;-426
-108
590;799
145;259;102;-845;-30
627;940;-686
-98;-937;10;203;700
-664;138;-333;479
-434;-678;475
435;373;-551;124
-769;320;596;742;-251
897
133
358;967;-153;760
263;-233;-697;270
-402;-293;-731
407
321;73;45;-592
-668
-530;-931;999;620
36;711;-298;925;-47;879
-416
685
208;-197;-422;-327;-377;-858
693;-776;-745;-122
513;277;9;460;204
-185
-210;595;-743;-746;-364
-357;792;270
-451
-758;47
456
970
676;-230;-652
-974
-744;155;526;-912
-114;-115;694
-980
992;-460;927;-480
-372;173;-15
-418;579;231;-362;106;-862
-216
888;394;221
-145;-857
-771;146;-311;-840;-763
-641;644;488
-598;887;-44;716;-781;319
-517;-151;-347
