-51;982;454;-360
225;-371;615;812
22;-280
-651;-896
884;-694;-220;-717;301;-846
-491;877;910
274
-196;985;254
117;555;-653
20
928;546;132;207
502;-479
70;-985;938
-196;932;165;982;247;-824
610;532;188;13;-32
-277;-342;965;791;503;441
675;-198;73
312;-14
42
-609;-644;580;-455;58
697;-652
977;-658;-21;167;-537;-748
224;-274;406;-410
913;932
-579;531;-777;-940;413;-239
-65;964;949
370;-685
161;323;-568;904;8
497;643;-568
-481;-494;-366
-120;-379;-588
448;-386;-715;-764;667;430
-881;-468
50;-180;-532;374;217
947;661
329
102;296;700
241;449;353;-682;-510;223
75
-802;68;-394;972;-928;-16
331
-434;-130;153;107;380
576;525
-564;-404;-758;231;616;958
-545;528;481;722;972;-286
-598
128;-472
240;755;-393
-730;638
-861
940;-559;479
350
607
-872;-59;-542;-928
34;-52;661;-32
506;875
-309;645;-694
929;88;877
-291;563;-453;-183
-529;583;-156;-526
887
-4;7;-124
-931;521;-366;590;62
124
-337;-690;-403;-260;620;-591
-77;607;367
133
-163;-612;486;56;-60;684
370;-507
-994;-468;-454;22;534;-313
996;215;-304
-930;-292;-164;-295;-766
693;638;-671
-6;568;426;538;-96
-817;97;-508;477;79
-85;521;-861
178;-62;-798
938
-949
-744;-58;364
-183
592;-709;-135;-280;344
900;56
499;-886;374;-428;635
417;-839;410;331;-782
-735;943
-581;-652
-582;630;554;123
-131;372;-693;955;-32
-785;67;547;-718;414
-481;385;402;795;143
563;172
625;325;795;271
289;-515;236;-525;-480
-546;439;-638
85;742;74;539;-432
-834;78
-764
-641;338;-84;-821;-309;-15
-564;628;-726;-504;655
915;-885;757;-263;-59;46
