-241;-979;713;-299;-732
-516
-739;-392;-376;551;935;-240
304;24;-334
-209;-359;555
-770;-55;811
-679;-797;-590
501;522;-749
-163;440
210;-71;471;-589
-490;734;-223
-420;956
557;495
69;-103
753;38;522
-806
-850;892
-931;-708;628;458;299;-304
740;364;222
994;580;9
226;132;-533;-390;-342;-169
-375;-381;191
311;253;-606;-782
598;72;-203;106
512;-659;-106;-634;-461
709;-780
-538;-301
-436;-216;602;378
913;-551;150;330
80;195;-565;-662;-390;-526
-588
992;555;-700
593
465;674;-260;495
-353;-194;-475;330;-955;527
-755;435;-204;-29;-734;-864
624;249
-674;310
323;580;1000
113
-645;820;-647;-137;954;-716
-561;434;-342;-928
304;-307;121
-915;793
-50;919;-492
274;483;-885;-712;430;-992
-627;710;-729;554;-287
612;-422;-584;-969;-126;-431
-640
-738;-972;302
-534;249;59;95
18;-997;725;-377;-269
976;369;22;-539;586
-598;571;-733;895
148;-540
896;267
-435;454;143;-304
-17;241;327;-762;-189
145
-899;229;-758;408;-410
406
-154
795;894
-466;-627;-693;-39;-890
923
656;577;548;484;-574
-296;-104;413;-688
-628;-685;636
942
-134;265;812
701
-753;-978;-500;-788;77;-576
579;756;89;46
215;-664
-805;-927
-148;-368;-704
84;-950;-551;103;-713;-218
945;-276;299
464;-922
-519;296;426
-929;417;-452;-903;-647
-213
-545;438;-876
-115;-933;744;-427;-253
66;409
480;818;971
480
996
915;548;582;-25
949;-154;713
998
737;-249
-744;698;556;-222;-527
-496
-433;192
544;901;246;-426
-149;-38;-604;-12;-976
246
355;-102;524;-272
435;420;613;61
745;-522;-731
