320;-292;-358;-22;742;634
-995;999
16;265;-288
54;808;936
-906;-638
905;508;-926;-223
997;-729
270
-295;-873;315;-190
275
-758;-936;602;815
402;715;700
-130;721;-997;-325;519;494
-539
354;163;468;584
81;-489;955
-597;1000;680;329;159
608;708
-484;324;-103;793;-859;-732
-466;822;-62
-840;30
-114;718;-207;158
-44
-422;251;156;-287
901;-442;105;907;-590;190
-135;-119;-794;-830;-223
821
133;-375;811
-734;-352
-106;-730
-291;362;603;-750
-589
113;-69;-709;139;446
950;601;-960
-153;-955
521;-780;508;-335
86
64;-754;-197;-198;-28
545;917;-663;-888
-65;-177;-714;127;479
-791;-72
-18;-981;934;474;459
-81;338;-149
981;-359
944;-574
372
289;597
278;-375;729
210;-70;647;-345;941;-239
-337;-755;567;279;-171;-987
384;-686;-847
-948;-726;-505;-700;-510;958
545;609;997;269;526
-375;-16
739;-202;587;-349;-911
649
-708;-184;316;-589;-702;-575
-498;-435;-291;19;969;-682
918
-710;-408;-826
-153
-253;-926
928
-417
640;209;-296;-809;943;-848
257;-420
355;420;969;-110;-704
677
-166
801;-230;566;-391;-984;920
-20;-165;12
-659;-749;-304
208;147;-251;508;333
-202;700;191
50;-267;650
946
25;921
-436;-886;279;666;-828
433;628;631;71;583;906
442
-322;-967;-743;-121;-9;-74
-34;972;-237
-435;487;919;-268
134;-842
-38;663;-809;347;-781;-861
976
-17;-534;-939
-213;989;-990
-441;728;-426;-140;-959
588;654
-51;674;900;-902;109
283;-63
753;-911;639
-231
232
-929;-602;-239
272;-97;616;-544
880;904
-723;-949;246;663
-417;684;-15
-856;602
