-548;804
-602;603
-260
-137;-895
32;492
-547;-644;-11;-347
-984;459
643;142
48;226
-513;-871;-684
-835;306;-228;726;-428;-588
240;870;-26;249;-202;174
-609;-578;419;-484;457
-284
797
-370;195;236;-32
-851;-716
-148;131;-934;-838;407;-954
-755;723
-801
289;996;345;-764;-576
-394;-922
-946;971;-972;143
492;-878;750;-400
514;-134;-343
293
449;-932;-599;-664;299;124
-391;-989;-207
-418;-661
822
-828
571
560;-151;-93
-64
-693;85;-439;-682;-335;-816
-833;-768
-793;-828;-125;652
658;-984
963;391
340
341
-930;162;-132;554
-310;103;-264;-506;-396
-385;23;-361;-650
-850;38;137;-957
193;116;-806;142
272;-854;-799
-613
452;936
-3;199;425
884
195;-615;377;-618;921;-142
-51;243;-204;-877
449;919;-221
935;-300
599;168;895
339;811
-383
-896
132
-563;-517;-967;-856;-670;623
-465;-995;871;620;622
-915
-260;-875;476
-930;-755
-52;520;-349;-270
-409
587;796;-974
-914;-147;-278;-935;550;-480
-785;-676;660;-694;635;447
926
428;-270
-160
-241;-431
-149;-776;-91;-812;-384
-356;503;-184;713
266;668
-301;-382
868;343
-448
-292;565;687
880;33;-581;-138
529;-228;996;-846
272;-76
388;-190
400;-778;-845
166;934;184;-60
420;-150;184;-891;895
994;233
-462
463
725
264;746;476;220;558
-53;-37;-262;-537;105;302
-437;-669;623
371;-756;-485;313;-701
432;-530;747;-157
116;970;-304;991
-518;-950;-102;490;330
-723;-71;297
567;-376;-904;-764;700;15
