-645;-885;-901;-133
-72;60
-483;229;-523;747;-174;-832
355;-879
-497;-340;-279;-666;953;47
-839;1000;955;700;509
122;-637;493
900;-682;509;319
791
-699;-861
24
98;227;-551;728;-541;12
-99;164;-535;631;638
-797;252
4;-294
-290
82;999;491
-597;-922;-315;-252
-551
295
-835;21;600;568;-59
-82;-723;580;266
-273;-37;351
-824;-74;-602;-78
933;474;106;-188
560
-212;-871;939;124;333
104;88;-523;-752
-771;-629;-712
212;376;-523;892;-559;-976
-322
-883;-485;533
-101;212;999;239
-707;-389
-808;570;-862
-76
-291;-748;447
32;-804;38;118;490;45
819;213;570;-239
-466;378
579;277
997;634;-364;108
-469;934;-792;-445;-861
-179;533
-803;51;646
-872;510
325;-903;-600;40
889
-18;-100;-905;-265;92;-976
272;108
-497;-373;-23;-679;423
-391;217;47
387;-772
994;594;233;-666
-900
539;108
-648
-481;577;-195;-294
631;796
-195;467;803;-681;908;-640
-994;694;-220;927
-233;475;-912
964;426;891;-733;-878
421
48;400;616;-666;-250;-573
482;-68;-182;-167;-491
305;234;655
275;-105
-659;-902;361
-178;-200;376;-175
65;-85;199;122;-480
180
182
186
187
-189
-708;-919;253;-608
612;-391;-670
275;916;796
-465;436;53;-22;792;175
-99;586;-956;670
883;-168;617;-442;-687
-722;-291;-216
717
-463
-753;358;-584
-627;-67;-405;-10;-126
-257;6;-414;-575
608;659;-4;-390;-120;-272
740
-999
-4;328;-814
-20;511
-957;-816
71;-312
-567;-504;-218;-540;-718
-615;935;184
760
-532;-949;206
-824;-282;-684
254
