290;115;-298;-670;47
-146;419;-935;-876;398;111
906;-912
374;-637
-265
-466;740;278;-7;411;-944
-744;760
901;907
608;-49;-435;-759;-152
913;-788;406
200;233;-411;-300
624;464;-429;-637
-539
-215;187
662;648
-962;661;485;-761;-347;636
-113;-533;933
-547
533;421;267;989;-639
346;-896
-261;805;-251;-592
673;630;-199;-860;-800
353;344;-922;237;799
620;-576
38;919;200;346;335
-434;485
-433;339;-452;598
-629;219;910;-191
374;-199;391
-115;738;117;-685
611;-949;166;-396
160;-945;-84;708;-920
756;587;892;637
352;504;-30
-785;20;-832
497;-323;386;-405;-121;-352
-868;-405;-72
-82;466;-551;-231;-940;495
100;747
-580;171;-700
-577;320;722;-933;-942;557
599
-227;-126
-98
-130;273;-82;594;914;579
360
874
106
548;187;140
-977;84;-982;266;988
288;400;338;-54;-716;621
-355;500;197;27
464;-434;-87;685
631
18;-899;-964;699
122
-895
713;-91;-988;203;-991
-433;-946;-214;-253;-878;-480
133
-177;370;996;-873;205;-383
-145
-518;921
-771;867;966;279;-364;-572
-664
820;613
337;-749
923
156
-673;561;292;116;374
821;-426;-554
802;637
415
281;-843;-141;878;-848
-661;570;939;-430
737;-597;886;-93
887;634;703
-181
-737;753;900;-736
723;-542
951
-554;-27;397
-227;803;547;-901;-663
955
490;-477;557;910
102;-937;-650
533;565;696;463
-673;202
-113;-584;-799
-360;583;-958
722;260;-853;150;-763
704;370;949;284;-799
741
-389;677;518;-442;986;-859
-404;885;568;-28;495
-33;-905;444
-581;-586;954;-28
-353;-197;-715
294;25;124;-943
-983;535;989;223
-772;-773;-77;-461;-206;-271
