-770
515;980;810
-260
-561;291;517;197;-295;111
979;329;42;703
130;228;182;972;798
625;-51;-211;-246;-105;511
-787
199;-732
-22
952;-669
-598;-10;-958
129;-667;268;413;-430
-874;-541;-782;879
650;317;95
736;1;279;-207
-42
43
53;-105;584;697;-907;-623
369;-149;-121;124;-366;-671
301
496;-882;998;376;-686
-610;-20;580;-493;718;-480
-705;-6;760
-566;-767
-465;178;-25
48;-791;91;-702;-832;-176
-950;38;-88;523;878;-719
-184;74;47
145;-217;-762
-578;-263
98;-827;-223;878
696;619;-844;363;572;974
-82;997;-268;571;572;-430
-263;-589
192;-820;724;-5;-280;-411
599
65;561;-468;152;-394;431
-258;-710;362
-791;215;-798
166;-633;-124;907;-924
565;936;-139;527
866;-55;825
-871
-978;-156
-679;-921;-890;699;-880
-625
-774;312;458;124
505;639
636
320;-777;-570;-891
131;-296;-252;799
64;690;642;10
-467;-276;-117;732
497;-86;-392;413;127;-944
432;-773;-872;-491;-172;717
-138
-213;-264;871
408;377;812;334
964;-825
-132;-694;890;-720
976;-594;420;-907;-46
48;449;-346
-915;-867;151;-172;-143
-987;58
-194;660;-63;271
995;662;-855;-127
984;154;-379;686
498;180
428
866;-279;-157
-644;868;-40;-396;156;-895
-696
449;456;-720
-678;245;-617;985;-859;-287
-443
65;-873;109;255
69;58;349;-287
801;-263;345;905;-830
-481;480;-371;-772;-842
195
-545;-650;-29
465;-599;-104;-475
-471;631;-250;-624
466;-679;-361;-60;172
553;697;-445;942
987
-419;-222;-270;-591
177;885;311;-507;891
-97;-311;183
39;186
-210;906;-942;-239
-273;-132;-870;425;506;-910
747
494
66;-231;918
-355;147;968
-434;-307;-21;-845;589
-67;574
-254
355;-100
