-978;377;-74;889;811
-561;46
-707;963;-996;-768;735
5
-161;-359
-369;358
352;-747;-75;106;-717;557
525
-18
-19
-283
-450;85;-479;-463
496;634;-255;-80
505;537;265
-823;-744
-532;239
963;890;491
808
-403;636;-766;-127;319;895
817;-742;902;-633;58;922
951;986;927
-562
599;940;718;-671
-57
209;547;-314;-126
-719;399
672;533;175;991
947;596;62
-245;206;-800
70
-995;-90;-604;-990;381;-590
150;-552;-445
-834;50;819;-886;-764
817;824;-154;383
-467;-403;-806;-73;-62;-576
-633;-812;-174
-91
-433;466;-297;-954;-588;-592
93
374;233
-81;-296;-620;-127
-357
6;95
230;-91;731
549;-941;495
240;-533;394;570;717
620
163;457
628;-808;-955;426;-944
320;-305;465;376;158;894
629;438;263;-408;9;-44
-483;-627;-213;-848
-706;-699
-882;51;407;215;-173;254
-932;-70;104;-762;-528
911
-110;509
-836;-589
821;-422;266;364;399
215;-622
919
996;-88;-713;217
883;628;-711;-959
402;-387;357;-280;-509
134;534;-506
512;-771;185;395;-158
33;-467;598
544;241;289;900;-699;939
-173
-210;-937;237;462;-719;735
432
-263;-687
-82;-482;-676;-407;75;620
-49;466;-917;-709
-699
530;-325;27;221
-198
276;570;639
999;-570;-639
690;486;711;-906
732
-323;8;185;442;-91
-692;-298
-5;293;428;-494
-194;275;62;-624
257;-901;-510;-607
-742;-252
-226
498;408;219;894
512;50;84;606
219;46;735
624;803;-681
-494;-255
550;-57
-498
-195;706;35;906;-699
-194;532;-54;-42
-578;466;-420;149;679;-542
116;697;-796;555;189
-629;-293;8;202;76;-896
-723;-499;-787;-57;-749
