-771
197;318
-674;-626;963;596
-451;-293;25;-701;-896
-453;20;-600;-441;-587
904;-124
-19
-834;-935;823;-59;-270;-543
690;327;-478
688;-546;-594;423
533;-199;871;-680;-618;634
402;397
880;404;-183;-301
-519;551
-788;900;389;619;-575
968;602
-644;555;-718
121;-960;-992
-755;-612;-421;-133;489;110
198;-667;-716;684;-686;621
821
-196;-792;441;362;750
-819;-213;70;295;-781;-143
-699;220;798
-835
66;964;6;-602;411
-706;-654
-161;385;879
-337
-594
-854
323;-358;-22;-55;-264;-480
977;-451;-741;-71;-968;394
-851;-933;152;-426;685
-93
-946;-613;-297;-542
-38;54;215;-841
928;195;-555;237;574
-949;-503;392;281;-92
711;408;-553;-205
-537;-571;219;686;-672
-580;-454;619;-205
-541;-592
-623
-726;-9;-140;251
-358;343;639
230;24;297;617;-60;-223
-482;599
-979;-743;-184;999;-955;975
4;-382
-383
896
753;-371;-230;376;-461;574
-337;-311
82;3;-733
-357;748
240;466;-902;-967
-402;179;-997;-10;317
146
-661
150
-838;989
50;104;970;-636;-606;527
672
163;-840
387;-941;-943;-207
-937
659;612;-589
370;698;-128
-692;691;-942
-113;-114;-120;-44;-765;-45
-493;60
825;410;-748;-541;-637
548;-727;637;335;-608
-580;440;-814
449;643;118
481;-742;-41;489
96;467;407;-46;287
-162;679;-73
145;811
-195
154;-607
-353;725;-877;46
972
514;506;-75;29
-892;-348
-484;-261;228;375;-459;-128
339;390
-914;-765;-590
-257;-548;-59;-638
818;-335
548;-395;76
-805;249;-958
-530;-728
-261;-233;-252
491
197;-874;-763;-588
-146;-751;-623
-517;-696;72;-334;527;703
804;260;-606;-704
-226;-277;889;-59;-78
