935;91
662;-121;-26
345;-714;-987;-428;-270
33;-370;-68;-549;294;-124
616;682
880;-593;-818
-325;-984
48;-690;660;-135;-937
287
-515;546;997;791;520
-293
-756;-806;-454;235;428;-222
-722;396;286
-308;-180;503;28
556
-307;-837;-949
883;-664;-780
-275;-548
-995;931;-790;39;-9
-436;870;455;760;-58
824
434;346;47
-598;-903;-920;-825;-477;78
160;-646;-374;-168;-412;-414
944;384;180;-396;-924;-253
320
-580
307;20
-949;-712;-153;-106;-380;-847
333
944;4;245;422;359;152
2;-486;-551;-71
-856
-289;899;3;-745;475
561;562;547;-813
-483;677;152
-347
-92
466;548;-457;303
355
874
-147;98;-682;366
-929;-936;220
644;376;-144
-545;276;437;106;-639
879
-787;-500;406
723;294;-136
643;588;-909;-254;-303;607
167;311;-668;-988;-220
-693;357;-615;-476;700;-416
727;232;361;335
-786;466;-54;750
753;-629;308;-559
-789;-552;700
643;535;-203;-333;254
120;-250
-372;-534
653
-57;-858
97;-534;-847;-400
400;272;195;152;669
-341;-73;-767
-869;199
-791;376
676
420
-165
896;128;244;-757;-343
-994;-214;231;491;316
-115;-214;759
-773;552;381;-336
-613;-119;393;-363;524
-465;-738
-455;583;-765;-157;-991;-448
179;-361;24;345
-764;606;-543
-957
-963
-451
705;504;169;-523;-652
-498;40;11;270;895
-71;-985;-617;539;140;-239
277;-9;-430;-304
656;-451;-437;-517;534;427
-273;-344;-504;394
-83;-677;-552;-697;511
419;195;458;91;796;-205
36;5;-774
945;422;134;30;-783;-272
800;-231;-93
-705;484
737
-483
-193;369;-323;-119;951;-457
497;246
130;-932;-628;573;365;-510
-433;-743;168
755
35;-585;-301;605
-251
