369;514;-40;-75
-453;85;522;-269;-910
629;262;-215;93
-259
-5
-579;-584;135;-346;-476;-974
519
264
-982;-219;-859
630;-761;-157;302
-882;-952;968;335
962;-426
-306;-533;45
-81;597;280
896;289;-842;89;-975
-167;-744;889;218;347
-544
805
39
-291;-104;-157;511
-812
558
-815
339;-759;-874;-252;-765;-816
-465;-658;917;167;-301;653
-570
579;-282;-843;-141;-910
677;-585;185;-58;-253;95
884;391;-698
-915;-701
83
-374;-716;237
-936;-942
32;23;-654
613
103
341;-343;361
360
-166;-138;-827
-21;584;825
-483;-823;934;793;445;525
-545;562;-405;-109;-895
512;226;884;-806;-808;104
232;650
-758;-652;527
-377
-378
949;965
2;500;676;-647;-983;-190
390
738;-291;-842
26;-731;-956;93;-112
-403
-230;889
-756;-837;42;122
-113;692;597;172;-558;895
432;-25
435;741
-930;563;211
528;305;-83;562;904;-268
438;-919;810;-364;-381
-375;-41
-10;970;-284
-545;-771;-133
-173
881;420;631;91;364;-160
417;-311;748;46;-464
949
288;994;468;230
562;708;-825
193;69;697
196
-771;551;-776;711;25;61
-968
226;380;622
-17;-578;-382
608;-141
-180;147;41;-732
-196;-677;520;-538;-300;-304
337;-483;-104;-222
-985
-219
-626;562;-37;-939;-973
733
221
-725;-279;825;925
-73;138;-300
2;185;409;507;412
-756;259;-6;-247
750
194;228;-184
-737;-83;-853;920;633;-379
243
-609;355;629;125
368;482;484;-63
-949;445
54;198
-665;156
-510
-449;531;999;280;940
705;-915;-21;968;286
