21;-22
-936;-857
-514
240;273
49;-283;-251;682;-975
-741;388;876
-770;977;-675;-573
608;-691;-183;-201;443
528;-483;-751;446;542
-30
798
260;-218
812
302
161;962;715
47
64;644;-29;108;285
130;-871;-923;493;-927
184;-746
546;-140;557;879
-51
-518;825
290;-236;878;-112
150;-543;446
-439;127
487;-105;956
995;60;31
-675;392;393;-510;463
-865;241;869;-364;-990;15
583
756;-166;-345;349;-671
-593
532;-870
338
-419;339;24;142
-321;-770;-563;795
-817;-45
-352
203;412
-52;-126;589;461
873
172;703
866;-975
-168;536;714;-461
-110
146;-692;-710;-38;650;-236
-147;-469;565;646;-999;-735
-851;-140;107
-483;597;-27;798
-946;693;-247;-391
-892
-640
-357;-9;968;-986
983;685
66;938;670
-58;715
-327;984
880;-516;52;88;-907
-659
-405
-920
120;698;-973
-484;-575;382
-677;-512
227;693;-764;93;-927
992;689;403;-636
823;-75;-29;557;943
-536;904;316
934;521
247;937;559;-288
-273;-861;446
-689
481;-452;211;-474;410
801;-822;-491;78
802;67;-869;-903;-907;95
-929;-274
706;57;89;-239;591
-193
-226;194;277;203
-257;-322;681;90
346;874
-662;-167;566;-958
-132;422;-489
208;-682;-814;-192
457
-513;113;-580
-610;497;-214;539
981
-984
931;-715
385;-297;296;-859
-516;-711;237
-734
-802;315
744;-255
626;547;67;276
-273;-806;-633;-205;655
387;-569;91;-588;-846
49;34;-920;-361;-842
-229;-101;508;398;-831
-737;912;-371;-948;165;-300
