-901;-639
820;-88;554
151;367
-514;-630;-87;456
228;-504;730;-158;253;-815
-627;-920
-548;500;341;-24
-145;-146;338;23;-91
-24
-793
-439;-522;-858
-289;-442;794;220
381;-352
-161;-116;228;292;-421;719
500;814
-915;754;-579;-936;-152
-164;199
18;632;872;-206
293;263
-559
951;-715;-543
-963;-122;-826;-190
823
-420;108
56
-569
-946;-810;11;-444;79
-322;370;493;-480
-625;-803;-427
-773;-571
-787;398;319
928;471;935;553
-74
-194;7;111
-50;127
-592
-168;-426
-228;949;-343;970;-717;220
-597
599
171;685
-309;-551
-981;888
-786;501;-444;668;-288
-99
867
450;690;-479;-48
871
873
-837;996;-71;-395;924
-403;-682;-877;62
-499;594;-883;899;-297;558
-818;-871;904;396;222;-463
336;550
-907;-334;-160
-124
192;501;394;62;-255
-806;710;-809;520
82;-755;-549;-679;295;-62
-804;-647;-218
392
-667;-574;591
452;936;393;793;923;-29
432;422;650;-847
-146
163;36;-218;-639
-660
-273;425;909;111
-914;-677;-315;218
441;-286
-833;469;470;262;-782
-673;-851;-756;-506;-767;-192
-165;327
930
420;519
692;-187;-843;-350
945
-613;792
-35;247;-636;574;-143;175
385;562;410;362
881;-51;530;163;453
-546;729;-368
627;-886;-618;-845
-955
307;392
-835;-151;986;445
-191
-772;168;-170;-475;-862;382
912;100;-812
-50;-175;-512
-739
5;733
228
-98;209;916;53;637;-720
-529;405;-198;-583;-429;334
-914;162
-692;-935;27;268;-175;-271
229;-91;-750;-400
4;24;13;463
506
402;-101;-599;-713;-458;-575
