518
-289;323;-24
128;625;-531;333;-30
-96;367
-290;-55;73
986;315
-793
-630;887;-857;571;60
-288
-257;-691;-344;491
-803
805
550
337;598;-974
-817;678;-671
-884;-694;-587;586
880;-517;-661;-182;-29;-559
-300
-216;345;683
867;917;-252;-719
-291;-651;-528;143
337;531;949;-90;-141
466;-599;89;-525
625;725;-636;-828;174
577
224;241;883
-99;643;807
534;155;-765
961;913;283;-32
-78
79
-198;-535;-408;905;319
-58;143
19;-988;-910
-500;244;756;357
64;690;103
800;-963;899;-277;999;430
-120;729
179;-345;-218;28
402;147;-948;-215
965;296;-906;-266;-960
-548;187
676;-57
-915;195;-677;519
324;553
-177;-997;-856;894
367
-994;291;983;90
185;702
19;613
-892
-562;-246;-583;22;360;-907
382
-241;-447;-719
-834;-627;-931;-233;-411;92
320;319
227;707;218
-264;215;-921;-443;-527;526
-819;601;-651;220
99;390;-349
560;564;809
-258;114
-369;280;234
-306;883;997;-583;-60;-781
-50;202
-338;-434;-267;-652
-737;-146;-979;106;-192
-521;-153;-843;284;-606;-367
-577;114;-975
-188;12;-271;-480
-281;952
386;39;-60;-782
-675
273;-534;-263;-618;205
899;308;889;638
-289;579;375;538
578;-988;-798
128;706;-57;233;430;287
-168;872
340;-791
-482;-674;132;573
-235;-636;-605
-818;-804;871;471;476
962;-952;703
872;-410
901;-510;669;638;559
-177;866;309;201;-220;-767
-772;553
400;-931;-663;647;-955
19;564;583;-944
-479
-57;538
-246;-983;457;-253;637;-607
354;662;236
-230
-881;-465;193;-727;-72;-843
-491
-302;-448
736;919;119
-327;812;-111;127
992;-147;-810;25;156;286
