337;-340
-339;341
144;817;-994;-660;-748;413
-772
610;-186;-941
308;-102;422;-620
641;649
626;83;-185
352;-67;-952;635;557
-980;-533;278;134;61
-738;-582;-315;634;-428;-896
896;-307;914;-266;-704
145;-937
-310;341;-873;-463
537
-667;-384
658;-631
-284
437;-151
-188;478
577;-744;715
-305
-372;323
-459;-652;-990
-311
36;-325;232
-701;126
-805;54;686
-228;549
-323
368;-818;-645;504
665;-139;-91;413
336
-70;-525
-609;-338;-67;371;602;-43
402;645;583;-523
-853
724;-476;-159
604
-505;602
-564;-72;650;156;-525
119;282;-413;878
969;668
-595;-755;117;-984;-704
241;-612;-644;-894
-660;-55;-682
624;-93;-493;335
629
-633
-721;-673;-196;669;-992
-721;385;627;-901;-535;-9
-561;-850
-327;700;445;-175
389
278;-142
86;315;812;-926;365
626;117;920;-240
-328;632;10;-715
-790;-640
-36;708;-390;969;-973;895
411;255
-369;-302
-561;22;70;-716
-24;-941;287
-53;-169;601;268;-672;703
-420;-519
-797;-910
609;-179;-388;309;-527
966;267;-287
932;724;69;584;-336
-133;-630;69
546;405
-100;244;-841
513;-855;268;-624
700
929;-645;37;-391;-121;-254
518;-264;488;216
996;987
195
964
-707;-468;-842;538
-886;181;39;-396;77;15
512;823;296;602;-752
-460
871;552;-587;-637;-415
984
-163;-829
-739;-868;19;118;220
-885;-111
-711;-314;285
-962;-181;598;-456
-929;7;-592
609;-804;182;503
387;-623
-296;-460
64;948;422;-664;-360;345
241;3
247
-737;-869;-919;-732;447
-420;3;-778;-606;222;47
130;-934;-731
