405;-455;-568;-633;-542
929;-441;536
-228;-487;679;-297;590
-324;-852;911
210;-182;-920;-300;926
40;-30
-147;-151;28
-636;-988;252;333
609;-612;757;-512;287
-21
-376;-569;666
-418;-530;660;-72;-44;381
-536
-996;3;-230;175
116;535;653
-796
-218;-603;-751
581;-30
-503;-743;-552;-890;-252;-428
295
534;586;540;-334
-948;503;395
-51
880;-729;237;926;-496
32;53;-110;79
312
748;589
322;56;184;-877
669;159
-974;-367
62
152;-733
179;-852;-277;602;-495
277;824
432;-661;-550;-219;635;28
928;-337
512;-994;609;340;629;520
609;50;-356;-236;269
128;179;-506;-395
-338
-388;619;-831
88
-321;329;921;538;926
498;-227;580;537;41;-59
85;905;894
-208;303
-978;247;424;-60;270
-433;-195;627;-868
-277;181;-263
720;-618
872
420;-325;-205
131;980;-620;-382
-625
68;820
400;116;-967;572
-634
-289;-347
125
868;795
127
901
-393
-549;-69;503;-24
292;661;-426;-126
598;-904;158
408
-666
-820;886;792;-620;813;-384
-35;-55;-903;-200
-115;309;743
914;27
180
-580;761
-378;815
564;213;569;267;364;253
464;532;-557
-498;-199
528;817;-649
-442
-790;-56;126;382;-880
580;-37;677;470;888;-336
48;-500
433;-891
161;809
-727
-536;-960
-456;248;-186;174
-49;65;-483;211;-172;909
-769;18;724;-972;-510
-934;582;873;956;-736
240;-661;950;-762
916;86
-931;123;60
-711;823;361;-426;-284
707;-230;876;-93
-609;-654
80;232;888;-236;300
337;-37;714
-517;183;-476;893;-848
-291;-474
