739;285
500;-921;361;687;399
-673;659;355;413;-495
183;429;-334;-16
-273;-196;153;-910;958
352;-469;-664
-699;973
101;-748;-141
96;570;-684;524;-784
-819;795
-485;459
-657;945
976;-865;488;-731;-669
-803
805
338;-420;-821;-614;-827
-849;807
-804;312;667;124
-54;582;350;703
750;-192
-362;-202
965;-652
-572
46;526
870;-71;-346;124
455;122
-69
934;-315;-829;524;-639
920;570;-908
-371;-164;-197;-102;-518;254
-420;357;-780
501;617;748
-872;797
53;695;441;-90
-726;-793;-862
-78
528;599;-906;-811
336
898;-359;-879
641;-631;439;-730;367
-344
516;517;-262;7;523;-700
298;-475;-942
-835;-803;275;-724;596;116
868
310;559
73;286
359
-865;-102;607
-386;-493
-917;501;934;-682;-875;158
-113;-295;-218
-490;587;76;716
635
720;37;87;-201;521;-526
-128
658;494
-740;-55;409
6;236;143
292;-940
-259;147;-537
705;-843
711;-315
896;594;-58;-779
-84;935;43;-93;623
-867;450;436;-761;79
920;-768
155
668
-421
-545;674;435;-310;-295;-636
-887;-671;623
708;423;88;-78;-975
-228;-967
-321;-622
-53;565;168;-954;-414
933;524
-692
289;-51;-55
-697
-778;78
-963
-706;-982;-328;232;-716
-205
-467;-217;890
866;366
-769;-68;340;-999
215
984
740;741;-296;-201
704;611;951
81;-601;-666;-572
261;-683;638;15;511
232
-216;-168;-93;-783
-945;152;217;-941
137;-639
-502
-49;452;901;70;283;125
929;-682
-161;51;614
