-513
-929;-437;71
528;-437;-967;891
192;644;981;72;-92;268
256;181;-969
-328;-200;282;-574;799
643;982;76;-654
-985;-204;141
-690;213;986;795
816;-994;376;153;186
-609;-215;-487;-763
-962;-12;-782;-576
689;898;357;-295;-793;-60
798
-800
322;-810;-779;971
-42
-555
-867;-280;591
44
807;-506
-325;278
-407;263;-201;-266;-717
610;-563;-378;893
-514;299;-990;-128
-568
-948;294;-296;-138;158;990
404;-27;268;701
-822;-969;408;-28;61
-545;358;-172;942
707;326;188;-222;-672
-692;-104;584;332;-510;62
890;-559
331
-834;-999;-91;267;557
-77
468;-5;-469;39;-623
-595
561;-479
-86
-386;753;-967
-609;402;-649
386;-372;-359
-92
-241;372;-40
-862
-915;-101;152
-577;228;-455;-60
-613
516;724;-58;-90;-731
17;-406;-251;-221;-783
-601;300;333;77
5;934;-649;-905;57;670
-164;-70;-903
-962;805;-999;134;-712;-173
-657;193;-965;-73;104
712;-940;572;286
121
424;522;-748;-188;879
-309;-231;294;489;-622
738;-964;-922
-564;884;665;-606
375;104;-352
22;-954;-508;31
-9;714;-47;-528
388
906
651
80;-278;392;936;-478
576;-232;155;-896
932;-664;-634;-749;605;365
866;-758;-637;-128
-279;-939;47
243;-165;580
-20;-422;119;730
-853;484;565;137;-941;-63
361;-784
172
881;-659;-583;791
-290;756;-635;620;334;415
-689
466;-647
-482;259;39;877
-439
-442
995;-501;-934;89;-604
-929;-593;-516;532;-121;409
40;-495
-373;713;-333;717
403;724;-553;-249;-542
-788;-629;660;-999
-482
146;-469;-696;711;76
896;-328;-336
-233
488
746
-210;-282
-977;180;-464
389;85;-236
-50;-451
