-67;902;60;-14;-624
614;663;-376;-730;-686
-839;-700
-54;-974
-419;151;-714;-300;-701;943
-273
48;305;-389;54
82;-360;-525;527
896;498;-901;-360;-987;875
338;-532;474
-282
66;371;534;503;344
453;-328;-924;-508
753;913;421;757
996;453;-140;-783;191;591
-721;-117;296
137;-11;-175;911;-64
-212;-830;-783
-245;4;-873;893;303;463
-468;-471;-893
49
-93;911
357;-857;-702;623;-240
307
260;-312
358;328;-297;-442
-99;562;870;39;-736;-304
-4;-455;167;-441;397
-819;903
168;685
601
-515;214;-815
-567;473
964;-123;-429;-62
-863
-24;-42;-253;413
-327;683
753;887
-875
929;-130;-580;-592
551;504;74;-880;383
125
-383
389;751;15
48;98;325;686
-658;963;345
324;151;-504;427
-912
32;-210;-651;170
35;-231;330;-940;-878
147
-775;969;-251;-606;-767
100;901;-39;8;492;991
529;-420;-261
-883;-565;566;218
-134;678;-999;247;55
-628;-808
-410;-187;-76
448;423;669;415
85;278;584;-527
597;344;-315;-763;-877;76
172
-581;-888;265
694
-441
497;-54
435;-855;-825;-736
-742;-503;285
147;-344
711
-259;-485;-823;591
-976
-786;866;-54;-536;-361;-879
-226;-166;-334
100;-572
-449;-279
-628;-869
320;155
-737;-292;680;-639
-25;696;60
-553;172;159
997;-535;-236
483
420;-891;-525
484
-571;-176
234
32;52;-153;-298;-253;-640
-492
-149;-217;-137;-314;-189
-435;324;348
915;935;-845
931;-135;-363;718;-912
-497
-467;2;681;-714
170;74
898;821;58;-891;-191;-448
160;-824;-521;681
96;-356;519;-893;-383
946;-693
-49;-178;-201;682
