-214;809;-349;270
-694;390;761;283;-174;207
97;-103
690;88
663;-281;-874;-32
-13
-914;-154;491;-972
-785
160;-834;948
-276
-536
-433;117;-989
579;-605
66;963;-583;-989;701;894
-114;434;-862
-115;-726;872
-33
934;-968
-691;921;-191
-389;-709;873;-106;-428;717
-555
-744;-313;-748;-543
-227;526
-739;53;680;681;907
386;686
817
337;-120;-587;-960
311;-873
313
-573
-818;-106;349
321
496;-740;-631;297
213;621
-930;49;-949;-288
512;66;19;627;-538;-91
804;534;795
-422;997;519;-633;-585;-476
320;705;-674;505
225;961;472;-46;269
-893;29
128;-675;-361;-187;-796
-309;-215;-571;-285
433;947
-103
-343;646;-553;200;-762;-573
-547;824;-718;334
529;-675;-217
-786;-717;879
-769;145
-34;-851;-711;539;942
-611;-661;-892
-934;246;-553;-412
-594;-884;591
-133;-986;602;636
892
302;-175
-661;-325;-167
-131
232;411
-646
871;-745;478;814
-289;-306;197
-67;-661;329
912;-599;569;588;-141;605
272;-19;-372;-794
711;969
914
-628;428;348
964;-154;-960
-682;-236
-665
-670
423
-945
-305;-338;-815
-435
-577;897;594;260;543
-405;519;-603;-720
-705;-50;-968
-737;-743;374;654
-241;-354;977;-841;877;-222
-209;-915;-566;-378;335
-997;280;-603;-349;-271;975
-967
-36;404;954;924
-21;516;568;-779;12;415
455
-645;86;-412;-991;-543
-493;-750;271
5;-201;-266
362;109
-562;-308;77;-703
-498;-471;520;-538
-933;-295;872;-634
-435;-4;793;25;363
-100;422;-815
-22;-479
330;-831
374;-281;156
-454;-823
