-518;-950;406;-221
18;-101;758;874;-11
-35;554
-521
-97;-938
502;-619;-380;509
355;-886
-741;-328;-491;-653;-111
-789
146;899
-280
-771;-967;-8;954
-99;-345;-697;88
-337;-386;-436;-407
-803
-39
-755;915;645;-727;522;975
-41
-200;-153;-811;-941;-157;940
-82;693;358;-888;-380
-557
-994;-196;-653
-247;-539;476
896;276;-607
-337;890;362;-349
331;-16
690;323;-5;78
-755;-87
-289;705;-725;-27;-511
-833;130;-774;-650
-336
-562;-467;-890;411;-430;319
306;691;366
-598
599
-350
-608
555;-652
-228;-381
613
-103;717
-34;498;514;-339;-536
361
-881
-722;196;-72;600;91;-975
-387;530;326;-921;-176
736;-621
-900;867;-822;-60;75;-558
208;-711;-895
341;902;155
193;21;-508;671
379
-386
196;-730;922
134
-133;565;-824
530;644;87;158
-655
-929;514;981;-296;-490;364
-562;970
-595;691;571
-929
-263;616;-11;235;991;-640
419
-825;136;-235;-877;-672
-452;150;-207;254;-943
-707;-260;887;425;-523
183
291;-204;-60;157
200;-15
565;646
188
683;-238
-916;-811
-81;-114;801;-233;587
-677;919;255;-304
-513;977;899;-181;-888;667
451
197
521;-138;365;989
-235;27
-471;-10;267
-289;966;886;-440;-142
-433;949;343;29;351
-321;644;-106
-979;187;60
-710;-711;-335
678;-456
992
374;875
225
741;518;344;-588;748
237
81;-980;-216;664;-43
640;-439;-139;730;107;110
-501
976;579;-277;583;-592
503
-579;563;-792;907;-60;-544
-709;-341;-537;-458
-197;-550;-950;-919;825
