-386;115;-101;-328;265;-847
-788;-808;-652;-60
-10
-11
884;389;-681;-603
563;889;-750;-175
82;472;-830
-516;-1000;488;90;-13;-349
736;-609;-747;-253;-974;-480
513;-803;266
-625;689;-134;998;585;-720
-529;194;563;89;-282;-832
-19;-984;718
-30
50;-436;-924
418;78;575;-528
677;124
38
-953;-367
-85;525;-480
-161;-395
563;-149;742;937
964;-633;744
272;-872;-478
577;-523
801;-756;-906;-187;-831;31
-824
440;924;-541
928;-149;46
-213;154
-530;-677;-902
-131;195;-693;6;-718
-932;692;-215;-892
581
-24;-494;190
-115;199;652;879
-325;-972;189
-601
-930;-822;127
67;-629;229;-269
187;670
605
-98
153;-253
-871
-103
-405;76;-544
-385;821;168;-31;-464;255
-738;-139;-768
112;-292;-443
626
-371;-709;297;668
376
-894
-779;651
898
-889;495
-396
-166;247;316
-147;5
651;-892;-557;941
913
-657;320;353;390
-229;-518;761;-940
800;930;603;-159;31
480;680;281
-772;-429
-196;803;821;-471;-8
-818;146;-518;-519;-781
185
-443
-444
-599;-616;509
-161;-34
-337;-948;-196;4
-148;371;675;473;269;607
-82;290;-502;463;543
214;-928
192;-691;692;267
-213;-763
464
-803;-471;-11;-974
-488;-764;-669;430
-709;293;347;-910
-10;-61;-910
-982
-710;741;1000;-715;-540
54;-536
-337;-883;-356;-664;525;-47
592;-356;408;-206;45
-741
740
235;875;-93;748
419;104;971;-445;463
176;314
234
629;472;158
884;726;503;-26;154;555
238
-551;-152;459
-921;156
