1
-33;-73;-922;-765;109;143
-402;-293;165;-440;-649;587
216;-480
448;571;173;-159
-801;-373;21;-169;798
311;-299
-582;997;-124;-304
-434;88;397;-64
-935;-620
-276
-434;-388;-991
-18;-261
309;949;646;-90
23
912;19;793;-939;-892;-686
589;718
-578;-980;235;15
-616;331
616;-576
753;-426;-285
-979;50;973
-802;-205;-576
-101;-974
-52
289;807;237
530;292
179;-596;-455;-345;555;349
-313
-929;277;247;138;-47;-512
-961;-163;297
-324;280;-784
-829
132;-630;-522;877;-942
868;586;-623
544;192;-672
-566;-523
16;484;296;-863
-546;-194;166;902;683;-943
-707;555;989
866;-869;72
-754;-117;55;-873;-126;975
309;565;477
-195;-213;-584;-553;697
-769;-600;617;-254;926
-291;-935;375
966;397
340
258;980;-374;-267
92
226;-748;124;-975
436;-406;-554;617
-177;500;543
99
50;-131;105;589
870
-338;-790
-833;-83;-262;-488;-75;603
-867;-617;619;539;-124;77
-602;974
-889
-77;-302
986;-350
-127
116;-247;-206;-559
639
-629;887;-186;76;750
-641;-725;347;-476;588
910
998;925;269
469;-618
546;-138
-273;-394
336;37;813
674
676
98;43;-828
-947
696
442
-445
512;406;343;-207;671
452;-262;918;328;-735
375;583
691;-933;87;604
886;488;410;284;894;-463
-838;632;-762
416;-122;-267;684
-865;-915;549
-938;668;477
-979
210
107;879
-98;-900;468;-103;986;-829
-437;214
180;-105;-815
-490
416;-922;426;556;159;-400
756
640;131;-774;-199;-476;925
-436;-8;191
