-273;-148;313;-285;380;-510
-321;999;-409
449;81;-531;941;-159
-19
-440;825;-524;-655
592;261;-905;-859;-140
897;-867
582;474
532;-875;-206
-551
-305;-612;-24;-126
898;420;133;342;559
547;-887;699;716
896;-578;-266
-566
210;-245;-550;-493
309
-929;71;-875;570;-174
-706;245;362;-223;255
-984;-30;-335
945;-404;163;346;555
274;-772;-200;-684;542
445;142
-956;875
-769;-630;-166;200
-499;130;308;-774;-457;-76
913;961;552;-287
318;287
-514;734;-127
797;-767;319
98;988;-736
354
-738;-553;-857
-306;948;949;-983;-459;718
-731;-171;588;-175;591
992;-513;136
23;-719;-496;-192
49;57
391;312;428
38;698;395;-29;541
384;-3;-405;391;-478
-39;-904;575
-392;953;-684;77;718;-560
-85;998;-95;319
263;109
-638
998;-105
384
690;467
160;929;-949;517;-439;-352
-577;5;-310;-426;-493;894
-786;-260;904
642;-280;72;-201;-300;-590
-145
-98;755;949;587
19;-133;474;524;31
-498;169;-91;14
-869;919;73;588;-304
452;-295
-97;-659;404;694;-184
928
-869;-713;652
516;-277;-987;-555;-303;-607
752;52;-709;503;335
-115;566;-27
426
-851;-407;11;-991;527
52;724;-139;-140;-64
-835;728;-588
-273;-865;803;-746;-127
-792;-379;107;367
-308;493
-698
-747;299
352;548;439;648
400;947;-103;-713;-749;926
-773;-704
-138;-62
199
-881;263;652;429
-721
-695;-795
-882;51;709;-247;77;-943
-120;331
723
724
216;-688
-257;453;-840;104;968;302
-33;70;184;-665;-684;396
-818;353;420;330;-511
624;-396
-486
209;-226;-221;925;942;911
148;693;-636;-464;495
914;-197;933;-983;522;587
-498
-712;985;922;876;989
-791;-223
-573;972;-878;-111;-432
253
-767
