413;-672
-771
260
11
-271
-49;-932;486;327;330;877
-134;757;998;-687;622
-86;519;-972
803
628;390;681;-126
-621;-653;-559
592;619;220;-365
369;546;-598;-406;902
813
-705;145
704;-83;180;15
-536;-25
467;-778
312
-58
945;243;-313;975
575
432;-453;868;-86;329
326
465;314;317
561;387;661
-674;-340;201;895
-657;-962;-435;-407;219;879
952;-43;74;124
754;-761;-335
370;450;488;-699;-267
-962;-149
-530;-325
209;-595;-870;-942;574
724;-636
90;910;-911
658;918;602;-749;45;670
544;-4;-200;619;-95
-740;-532;4;324;-809;-907
4;198;-168;247;588
-276;451;298;-175;527;-928
-647;184;-668
795;-432
107
50;107;-540;989;-974
623
240;-806;-728;157
-17;432;-538;494
-307;-179;38;75
-124
-54;-585
-849;-302
-915;422;557;-64;-640
-131;978;500;61
373;-504
-645
-980;260;-439;-473;-859;-204
655
-360;-302
662
68;180;-921;362;-927;575
194;709;870;171
678;-831
-690;-21;-359;-878
-641;228
993;-149;-872;952;-511
146;-660;918;974;319
-564;-830;29;319;111
-933;200;601;812
-706;-747
-482;-7;667
48;-341;614;-411;-173;-687
17;82;995;-649;409;-159
-722;-867;-35;468;150;-202
496;523;190
-321;-605;-717;687
-213;-631;-616;-11;-255
-101;725;281;476;-671
456
-484;-550;-504;-394;-718;-112
-258;581;902
977;-235;75;524;398
935;552
325;907
-210
-97;-102;-269
352;-388;218;542
-705;490;445;238
214
568;570;-156
-450;-345;-841;-250;-635
-985
-51;-452;725
177;-199;-380;-590
-131;-773;-861
-20;-725
-750
-413;77;575
757
501
720;-596;390;616;-879
