-577;-691;165;598;-91;-942
2;-516;-265;-845;-430
163;86;-412;668;430;351
807;-798
-161;430
754;-3;-597;-230;437;-888
997;-24;506;75
176;257;102
-555;378;-507;-526;157
-995;274;994;739;-472
563;-848
-467;-806;938;43
1000;-378;265;-702;-511;-479
-948;-534;37;-119;-345;-688
400;-629;-742;26;509;141
514;-820;-698;-60
-901;165;-220;-877
672;-492;-480
465;309;647;936;73;942
-309
-609;-818;257;347
570
164;-743
513;617;523;462
-276;470;-72;381;589
409;-990
881;-148;-524;-140
71
81;-674;259;868;-26;590
-587
961;885;-874;-380
-241;-665;568
320;-921
-407;167;-267;-95
-5;646;-988
530;626;403;964;598;300
-403;-206
13;-880
-11;622
-533;-346;521
-483;-6;-268;557;-464;-208
-620
-364
-340;228;757;-922;-858
-163;212;247;713;-639
372
-629
577;-422;806;999;280;186
475;700;-541
304;-404;-26
177;-164;917;-646;-972;-974
721;422;264
-931;27
256;911;-768
593;-343;921
722;550;567;-667
663
-865;-948;-388
547;214;506;-908;-206
-580;-890;633;714;-31
3;-415
-194;72;394;399
165
-146;-981;517;-633;813
687
-945;112;630;-506;-238
-99;76;749;-544
-34;-314;-348
-262;-985;-987
-257;-499;-518;-729;-492
-65;-639
-403;-360;315
288;-325;4;-927
401;-981;-694;56
660;-458
206
-117;-345;668
938;507;269;-992
-306;3;-313;-363
468
482;-342;871;-377;252;-415
-552;334
-852;-472;-430
-705;-100;-598;-746;-250;-635
-477;-766
968;-238
-210;581;873
-223
-275;804;-454;-135;108;-784
434;301
-113;368;-54;539
674;-583;535;954;-523;-827
-241;-26;-923;475;-285
-860;159;-48
905;-411
330;-603;-607;-384
720;944;353;-238
-262;13
-657;964;-58
-948;872;-944
656;622
