515
-609;67;-872;-664;59;990
373;806;-654
-977;258;995;-917;278;636
213;-839;-202;25;-878;382
-709;439;-26;574
646;424;-90;-445
793
278;377;139
979;51;-105;234;-717;-159
28
50;-996;-935;-186;905;109
442;-987
-193;402;20;-666;-842;218
548
-297
64;-339;227;-75;-944
-641;935;-376;158;-32
-97;-116;295;-621;685;-960
904;40;317;-255;-192
80;-706;469;715
51
625;198
612;-870;199
292;-742;122
72
-962;625;-692;312;824;-188
-204;541
-84;-183;607
-259;173
-545;-353;-739;572;-816
-323;-133;281;-652;972;-751
-839;633;111
-258;359;-201
-581;-293;884;-40;-74
945;562;648
-388;950;-184;792;220
-711;87
-502;871
576;628;171;-301;-95;-864
534;-668;158;-400
468;169
-721;-306;823;44;-735
-854;694;-215;-777
32;-659;170;-476;-736
-249;588;318
12;-158
-188;335
148
387;-697;458
-778;-396
150
-49;658;195;-985;233;-716
401;-212;963;868;-75
880;-997;135;237;-95
-233;680;-847;927;-688
660;527
-117;-648;-43;973
400;32;-599;-842;-987;-222
-568;809;140;45
-86;-216;682;46
983;-186;540;-654
-942
800;-628;116;987;-860;15
962;-952;-442
966;509;494
-722;515;-436;938;-28;-703
-49;707;612;-858;555;-271
881;114;-741;394;-464
578;-765
-823;86;-557;12;-45;-909
999;-44
-823;377
705
18;-454;426;204
-451
-920;57;138;-800;303
515;452
896;657;-103;872;506;189
52;917
-417;231;570;-477;-928;-208
-36;980;-262;-792;124;703
-455;-359;-606;445
718
-357;-363
722
-725
-440;-586;298
391;-172
-50;455;335
-36;308;972;524;254
624;-392
489
576;172
-835;866;994;-275
727;536
962;-206
-386;-850;-802
-253
252
581;677;327;-11;-267;-30
