-545;-774;-730
49;626;-54;311;55;-989
6
-273;723;-439;255
930;-807;-904
406;536;-160
963;-773;-155;909;-159
135;395
-532
148;805;-188;-975;942;575
-677;-442;-701
-674;-418;-100;-437;-138;-828
-772;485;807;542
819;-680;-696;-88;825;-478
-996;362;106;956;127
-113;436;-153;-718;-527
314
-482;-556;-815
-67;-470;102;-139
-591;-496
881;180;-997
548;-149;55;-776;89;-858
-97;498;695;557;-814;-910
-295;186;954
-849
-804;591;-976;-944
995;326;-524;396;687
-59;-32
-356;-792;-992
-567;360;556
419;358;-188;-942
-697;-461;-989
913;-410;588;-736
71;29
-53;454;-504;203
103
995;-212;468;-841;249;-555
632
724;-845
-699;-192
722;630;-715
-274;376;-59;-939;-512
336;-738;-239
882;212;-887;439;-714;-64
-133;245;280
96;-899;665
352;-341;983;890;-464
194;-342;438;-648;-952;143
-311;538;347;-431
464;-321;-899;-344;954
-353;-53;-469;936;-719
325;591
-209;-339;547;-486;607;31
402;947;-599;-760;-30;703
800;228;-23;426
-664
-135;-281;-254
158
117;-279
-117;539
64;353;596;406;45;239
755;-485;-439
-338;-343
-305;-126
-933;906;669;382;430
-979;475;-844;-366
515;-936;-783
-566;125
-594;-420;965;905;-159
-700
340;-37;-28;-976
704
636;79
-204
-482;942
-926;397;990
975
66;-582;-55;-313;-349;-512
-296;-426
-722
-340;457;795;-606;415
-163;-35;409
-984
737;-953
-437;-696;-477;622
482
-740
-228
-615;-360;487
-233
-501;-38;72;-777;-892;366
210;-446
987;-237
-739;-84;-5;-694;984;-985
64;-417;-579;-764;748;-831
181;-343;681;235;-255
-54;949;-778;-619
-356;822;-968
-504
810;-46
-547;-988
