-977;-54;-935;574;367
-946;-179;-521;315;-463
-772
-355;-164
-137;378;-45;-189;-928;911
979;54
612;-473;8;-670
260;-279;493;-207
-338;628;617;-896
268
13
-15
644;536;-249;-858;-124;-991
224;599;-989;-877
-83;-965
-793
-948;-791;-600;-857;-477;-192
-60;-222
4;916;360;538
-386;306;-435;-740;971
649;-508;-270;414
-903;86;-188;62;-624
-116;-826;973
-544
83;934;-984
326;599;730;-716;427;973
35
-548
448;356
-534;693;247;-446
-885;-87;652;271
-337;-193;97;-858;-811
817;296;-349;62
-849;-658;228;-599;-202;-539
918;-347
80;-910
-482;354;-472;-1000
-277;597
83;293;-999;-88;-217;347
-785;-810;-267
-883;292;-647;909
-403;483
-91
504;-669;-125;382
-83;-180;-85;901;423;398
-983;634;559;399
-433;489;-926
-610;-979;611;52;-428;-799
16;-739;-921
-65;-709;-693;650;-829
3;950;283;668
-886
947;662;-859;443;973
-578;-581;895;-880
100;823;-824;343;-537;-543
-384
-641;469;-538;-909;-46
912;-783
642;-171;-955;-527;-912
257;612;-281;891;444
905
819;-676;-262;966;315
398
136;-286
-67;-695;-671
411
546;-310;-297;-352
34;-192
34;-54;-539;74;-443
-721;-102;-878
165
168
963;186;559
455;-252;-381;607
912;-647;-40;328;411;-524
-955
-626;163;-799;-95;-880
-161;373;795;975
-583;921;620
400;-103;-203;-955;413;894
362;-171
-818;135;-137;-911
177;-630
1000;733
805;937
-754;578;-245;-714;571;-668
-308;-981;597;-28
982
471
-409;345;-927
991
-439;-554
-450;867;172;-894;78
-850;-98;-233;698
-802;-964
1;-1000
-627;137
-596;-154
208;-960
-484;727
721;-390;-586;-512
