-854;437;409
577;423;287
441;43;-494
912;-771;531;954;-347;12
370;-99;-285
-516;902;651
-692;212;966;438;-29;-912
-98;371
216;-492
57;249;-30
-229;518;-824
-483;5;-392;-697;-844;-685
892;925
-292;345;604;-703;-240
-545;441;-187
-51;-436;327;-843;-141;-173
-289;-422;-8;906;410;-46
-50;130;-445;-192
-562
678;399
-567
657;-346
-308;551;-556
-267;-989;428
-433;-838;-841
-466;514;-269;-909;989;206
-163;-323;-789;421;-505;525
945;-602;652;-382;-686
48;74;462
964;-379
626;660;-167;493
469;629;518
-309;53;-907;-715;-620;-911
-231;-363
-98;915;-73;621
-403;165;-346;-15
-433;115;-542
912;738;179;-710
-549;-59
613
-483;514;-358;-31
-187;875;235;332;-815;-336
795;589
-19;-600
55;-10;-685;-493
210;-324
-339;-229;-790;215;-315;61
-638
933;430;303
149;-283
868;-222
272;512;-129;-852;551;-751
226;-20;-741;-376
-724;-357;391;-734
320;335
116;-9;-765
824;-972
245;-95
946;723;-779;92;-270;-864
921
-645;-249;-157;-639
555;-718
390;29
-802;-214;327;999;-588;-912
-855;985;-140;-205;-208
497;983;43;443
942
-836;-364
240;438;525
-50;-969;-444
-184
443
401;-468;-727;313;-686;-816
884;587;-222;-30
-712
-709;-107;-412;47;-304
-479;-496
-211
-865;54;183;472;-890;-701
-289;-904;-141;-670
278;190
-377;-862
966;952;-985;-206
931;564
-568;-714;-650;-590
-476
-795;62
561;715;-544
420;573
-999
-307;-934;535;-811
-98;328;795;925;-175
-198;-268;-845;557
930;883;303;-80
-593;652;574;382
-562;-407;808;-601
-507
-421;708;631;-75;-735;910
934;-136;222
977;257;-963;-21;516
254
