148;-207;719;623
-514;-676;180;761;-779
-4
-930;103;-684;479
-921;729;185;331;-590
-692;-788;67;999;-880
-264;184;-704
-785
353;-867;-279;-312;-638;958
-4;-828;235;-349;669
-276;281;-346;-876;684
-534
-529;-579;347;-797
966;-327;570;93
32;353;-421;-630;-127
432;-630;39;-634
120;-442;-954;26;571;651
-804;-647;503;-105
371;934;-617;235;-125
496;-891;27;911
-147;-574;-591
32;3
557
-371;338;678;506;-365;543
-226;406;697;218;-653;-495
-146;88
644;456;238
713;874;-587;-430
-995;-743;-571;-523;-813
-146;419;-743;521;522
65
-274;340
326
-533;798;319
-743;-729;459;238;702
416;516;-602
336
128;981;-764
880;323;872;652;-590
-503;795;-639
-606
349
-222;573
-241;273;-565;-457;-714;-699
100
-504;-368
-619
-700;235;-766;-927
109
899;468;-231
626;914;-182;-121;414
888
-547;-534;955
-962;71;634;-911;-240
485;423;-748;251;316;429
33;-427
140
131;508;-240
-498;-133;-873;-186;906;126
946;-133;-602;797;-350
641;355;278;-104
372;-38;917;-827;495
928
528;226;4;712;-651;365
97;580
121;-560;-336;-672
-98;-723;-552;-587;-334;590
168
209;-936;46
171
-419;-9
973;-31
160;-387;-8;-169;-122;701
531;549;662;-519;-490;-910
688
433
707;-270
693
-836;954;-303
693;37;-542
-3;-886;-167;-160
935;-744
805;901;-603;-396
977;-36;-389;20;910
297;-764
977;-809;-639
-216
-218
989
990
34;402;-757;472;-394;15
233
305;-450;-83;973
275;-265;-665;-28;-832
324;-5;-822;950;558
-7;-489
-566;-186
240;-8;-905;-730;793;-143
-358;601
434;517;-950;-792;30
-414;223;-576
