164;-743;231;347
405;918;570;412
64;977;371;-613;234
-599;873
498;35
742;-552;93
868;133;245;319
-691;-892;-253;28;749
803
-534;133;280;413
216;-619;108
297;255
2;42
-411;365
224;-116;-390;328
881;-725;-519;-442;-11
181;102;-846
-873;925
585;-92;75
-68;381
-161;-467;-629;341;101;-780
964;-502;364
754;-6;538;-411;207
-417;-50;-43;-829
-324;-988;493;-16
-855;-743;806;-842;30
74;-142
324
-115;-853;-894
946;-102
-335
210;-71;-663;246;726;142
-689;-899;-615;343;154;90
871;-952
912;-801;-403;-549;-522
113;435;167;-799
52;-453;616;637
754;-904;747
-308;219
211;36;889;745
160;-452;-55
324;-22;-656
761;-443;-220
577;-771;-619;458
33;-676;997
101;-655;910
-614
-104
-802;-538;-796;238
949;550;650;-909;-367
743;-634
488;-602
-785;373;-38;-535;-728;313
888
-785;-770;-340;695;-458
-17;51;-903;457;-991
448;-471;-937;-955
529;257;-403;248;761;-494
-56;444
707;-63
338;73;492
-530;610;451;-488;93
-386;-388;-294;263;328;874
64;146;-822;-302
-791;923;-972;-77;-464;463
-666
665
-194;-517;629;-824;392;925
-419
-166
-948;-71;582;806;-889;-159
917;-922;667;-829
937
682
954;-269
694;-952;119;-427;-588;-44
-688
693
-504;685
186
562;691;217
-962;-253
212;-341;319
866;452;580;-923;-747;475
449
-295;150;-104;-778;143;-848
930;562;-436;681
-296;888;-795
212
978;375;143
-729
-689;210;-253
-737
-466;-264;-477;-237;447
-465;-442;-173;-176
147;-904;8
545;-784
-338;-671
243
248
251
