753;195;588
464;40;523
-428;-350
260;453;-192
-11
449;953;-60;590;-384
533;-569;-300;-190
-785
642;-694;-953;45;686
277
-22
194;569;91;-430;286;-432
-983;703
-801;-261;56;-556
544;-465;-945;289;162;132
285
800
597;973
537;10
930;-682;285;15
-851;-963;-57;555;511
-38
806
295
-497;100;87;-474;-540
-883;582
535;121;-682;267;-688;495
32;275
258;-314
-705;-306;-791;-461;413
950;891;493;286
-891;59
-355;-999;-759
-113;994;738;757;871;-621
-341;696;-458;-732
-386;451;-406;952;-319;286
896;-230;390;630;-765;-989
-325
961;-517;-730;-732;-592
-661;-695
-851
-340;668;15
602
65;-339;694;-440;-73
-631;282
-840;-888;-509;607
-352
289;593;245;810;-304
245;583;810
289;-611;-294
-185;329;-139;203;-240;911
-421;-975
-901;677;325;886;683;-526
-507;-940;302
697;-989;364;-509;558
-737;890;331;-990;127
-124
544;-82;594;36;570
-895
-3;36;-343;678;-400;-864
-962;-485;-726;508
-195;949;-414;237;893;-816
-241;931;741;583;-335
-144
145
405
662
-117;-232;1000;526
668
144;-375;75;491;-876;958
420
-358;13;510
-867;188
-324;495
-69;250
-230;-938;442;-460;491
183
912;704;619
293;551;93;-174;-447;383
-870;-86
898;630;54;655
242;-201;429;237
-627;981;534;648;-828
513;-359;173;893
97;173;446
20;630;328
469
-215
-930;-322;225;300
-530;104;-715;270;526;127
656;-696;938;-286;621;14
322;806;378
353;-263;-574
642;-588;174
544;336;65;-586;554;-428
657;425;428
-385;-450;-676
749
-838;-685
-251
-933;522;-96
