-258
-518;-477;-287
514
983;45
-490;-62;-223
-467;-56
-773;-597;-73;-619
438;566;583;-697;-617
-948;101;58
-23
-722;-981;100;808
542
543
-882;19;-117;997;-310;-763
294
-808
-292;-150;937;523;302
421;-630;-665;509;-190
305;-599;-104;442;-846;-527
946;-228;-1000;521;-667;732
-664;972
-55;363
-870;-720
435;-616;173;-47
-699;-156;909
133;697;457;-976
-499;-758;-266;-908;-703
624;721
704;192;-620;558
327;508
-586
-246;-87
545;180;892;284;-288
-465;-130
345
-5;-487;87;-972
-855;825;171;-240
-515;-403;-276;-149;125;606
-418;-162;-658;-950;953;621
-199;518;551
-106
-789;933;729
617
-366
-227;645;220;-733;461
-345;520;107;62;606;958
16;-787;42;526;-432
871;88;-554;43;-700;-640
382
-639
432;-819
-706;-82;-934;-534;10;-960
-674;118;461;-926;-142
-777;126
17;-821;964;-486;106;-688
323;333
-450;869;-107;-459
-807;-599;312;-334
184;731
668
-939;10;-829;-319;-128
158
417
-565;-808;-92;-606;-350;-816
662;-263;-556;93;237
430
-547;-584;955
688;-687;943
-182;53;-816
-193;15
-947
395;43
978;-83;-743;-809;43;430
-115;-407;-749;463;-144
-186
-633;157;-815;-688
-325;55;463
-881;-338
-715
-628;-855
-464
-792;583
288;-340;-21;-653
-356;-296;-456;141;14;479
479
-481
721;233;41
578;52;-440;-777;-665
-231
16;534;-328;188;76
1000
-325;503;872;207
-747
497;472;-907;-844;-734
-493
-239
560;484;732
-369;-258;-309;-37;596;-378
289;-858;-189
-34;-722;-982;-487;-107;-477
-149;-104
