576;-954;27;750;-656
-659;418;323;-597;667;-156
-709;984;-794
359;671
497;262;-904;152
808;-32
988;-542;573;-62;79
-81;-453;-508
551;747
145;-420
-281
-753;-675;-261;567;72
320;985;-253
-914;-39;-474;-654
-714;746
-36
-548
-552
-818;-885;-903;-264;942;607
-259;-808
-812
302
879;-832
-481;-563;-743;-71;-239
820
792;798
-311
-636;-958
16;-843
563;259;-806;678;-380
229;757;-231;-440
487;-729;-570;-685;253;415
512;306;-168;-651;-829
673;627;-117;-249;154
-166;102;-169;558
-980;-138;603;285;61;-159
96;290;643;503;824;537
-581;341;-442;378;572;-605
-661;212;-121;652
-342
85
321;-868;278;214;-603;749
-93
-268;622
652;-752
356
560;803;-855;119;-527
-110
-274;163
623
-218;590
-833;710
-346;729
-283;10;557;-415
-533;597;-695;-684;927
201;509;126;-879;431
-645
-391
561;-167
-594;-115;147;533;-111;-511
-707;119;-602;538
272;-618;282;-844
-709;-390;698
611;984;200;399
-490;79
159
-130;-310;634;991
881;-215;-72;-683;-140;-190
-961;472;-443
-705;-34;674;230;280;232
-168
594;-55;-567;-888;394;95
430
901;39;-283;30
-641;177;-614;-776;187;-557
529;671
1;961;-403;-377
675;-333;-783
-944;-528
-980;-492
705
962
976;-268
709
560;275;-521;141
531;998;-557;254
-211
97;-52;-54;477
662;-973;-671
420;485;335
489;969;-208
226
-996
262;-665;-603
-758;-253
-758
-52;-458;571;173;269
993;228;361;460
288;-705;-808;328;-236;110
-715;460
-255
