609;965;889;-158
470;-266;713;108
-259
261
736;-961;368;-759;607
803;-297;-911;415
228;5;37
-165;150
482;738;-644;628;23;-952
282;-955;443;-816
283
608;-835;20;438;86;-605
-787;515;-585;-26;-430
-290
-498;582;650;-701
-35
-292
903;-301;973
274;-149;986;-301
-637;-430
-369;926
-542;-784
-53;-252
203;539;-222;558
202;364
-824
-57
181;519;168;-297
-881;456;729;-715;351
-61
317
579
34;279;650;-127
562;-596;436;-582;408;-811
-166;-488;-989;332;189;-495
677;278;-1000;-137;-365;-46
-776;-591
-83;-714;-59
-338;631;-441;494
-772;167
432;756;186
705;-40;-573;-446
-978;65;39;-362;907;685
-85;-551;534
-85;388;488;-889;986;-13
709;-103;-809;939;141
50;-119;342;-615;-969;-591
-149;-474
-385;-453;-727;-492;-621
-977;161;185
883;583;-348;-992
383
-628;692;581
-355;-133;629
-912
403;-441;-874
-502;645
690;-777;-828;-62;-864;-608
-677;485;-311;650
720;-573
-870;-795;554;-830
-818;580;-648;920;-217;-990
385;-535
-353;705;-759
-258;163;-4;645;632
113;409;-111
-487;346;-784
966;217
-274;983;503;-538
-676
428;-512;-592
736;963
420
-259;148;-57
681
-306;210;101;-943
432
-177
435
-390;230;-472;-572
-405;-55;89;812
-959
-704
633;250;332
416;118;-760;-686;461
-20;216
-451;328;319
-464
565;155
-274;519;988
-227;67;139;-702
211;-840;-766;415
-633;-93
-604;-173;991
674;574
664;-894
-236
-114;-380
-915;580;582;247
-817;-626;-770;-435;370;238
-261;-5;-750
