-513
-465;-24;-797
-263
-818;118;-155;814;-479
270
348;-365
-881;-370;-105;745;-942
259;-325;-725;311;173;-479
-275
-40;-749;-511
-625;902
403;-382
-884;452;-214;-167;-663;173
-337;-710
165;-702
131;-743;-808;-912
-195;-486;412;-239;-288
980;328
-962;-485;132;-375;-362;-283
349;-382
290
114;-664
-257;1;581;-24;761
225;-200;733;-206
871;-492;-528;191
722;-101;-167;-10;-459;573
941;-750;-239
-855;-474;-511
55
869;-502;-681;-521;891
749;-622;429;270
-546;-979;962;-649;-895
628;-57
316
178;-949;21;902;283;142
240;-295;888
-145;-946
-677;94
181;569;332;270
79
-65;657
-774;-519;-72
209;643
-148;490
183;-362;-890;-559
937;-846
94
483;383
713;412
4;-618
-849;-6;539;-814
194;-813
938;-315
640;5;694;-461;-765
17;-131;-901;-553;940
26;939;-767;174
136;-61;815
-194;210;618
-193;-434;-553;-736
34;606
-769;22;-90;-367;558
122;77;-64
140
-613;-774;989
-786;-597;7;462
688;-284
956;-800;511
-915;-359;151;-249;447
500;681
514;866;314
160
823;-985
866;-307;386;40;206
682
171
929;-740;-109;93
-52;451;356;-22;-554
177;388;407;-13;-255
-137;459;-127
966
456
713;-255
68;-790
-65;-200;-458
691;35
-785;-286;429;-543;-159;-672
236;-718
-995
482
932;-470;522;716;-175;238
82;-186;973;382
741
-211;-613;-29;-576;591;95
689;-455
576;-178;438;-520;440
496;-195;379;-606;-319
246
-322;385;-646;-86;166
193;566
432;666;429
-134;-490;-879;-32
