-546;-997;660;623
-948;931;12
-403;669
-528
-786;353;327;891
48;-873;-921;29;-638;-735
66;41;-634;413;95
-564;356;-712;-781;-191;-176
533
-593;146;-890;-446;-544
539
-708;420
246;42
-21;261;-359;152
433;-661;-702;-991;94
646;-732;891
-161;-886;-199;-264;603;-413
-546;203;156;-638;78;446
-952;-698;-187
-530;-184;668
338;86;583;319
-279;-935;-921;-460;-431;-96
-934;-615;392;335
-787;-83;953;-653
-3;-826
6;584;-653
-706;-162;216;971
518;58
-725;-876
-258;530;950;635
-899;597;-503;551;-345;-749
-70
49;357;-377;-364
-263;-588
184;588;-687
-246;197;-696;-621
656;229;-220;189
66;-755;518;375;695;-553
688;372;-889;-778
98
369;499
-994;-644
144;-546;-666;-60
-364
-108
723;5;-108
623
738;-112
-803;175
337;-221
946;692;-809;-634;-442;-126
-436;-596;-328;-137;-798;894
262;-715;92;573;-592
560;-557;-798;158;255
755;965;-551;317;-80
131
96;810
560;609;-740;-381;95
-291;645;-106;-668;-814;62
-378;-379;268;894
-115;387;-468;372;488
-516;-457;9;873;-831
417;-6
-38;-86;567;-266;-334
-161
993;-180;-519;639
-305;727
-849;-20;-629;-973
281;-960
937
514;-504;265;377;-480
-290;917;-743;-185;810;-685
930;404;-120;-1000;987
690
468;-630;-934;-187;-176
-838;325;39;-345;-811;427
-709;597;-838;245;152;988
-785;131;104;-667;524;-767
705;-889
-955
188
-657;-274;-453;-666;-635;701
265;537;428;-735;-303
-51;-260;-656
-996;27
-820;549;-968;525
-722;-20;405;301;174;-864
292;7;940
375;-699;796
625;150;216
-736
-994
592;145
-804;-142;207
-997;990;-736
-263;751
-999;-271
600;671
151;-400
-203;-573;269
-471;582;-236;509;-638
