-769
578;387;965;-394;-847;-175
-554;-219
-216;-136;456;-110
-945;548;-763;-493;46;-704
127;143
-158;430
928;116
-790
947;87;88;-588
403;356;-652;172
24
902;-7;-683;-239
49;699;46
-28
796
-120;-685
225;997;-935;23;663;607
272;113;-644;-869;904;524
16;-162;134;424;-365
27;141;685;990;350;670
-177;929;516;484;-203;-476
51
722;898;-949;-665;968;-154
-324;613;-236
795;283
565;-666;-988;-748;-526
802;916;-121
-739;-565;-413;623
-616;344;-827
-75
321;710;583
593;-818;-180;-135;359;-668
-84
704;-364
87
-582;-712;745;895
-96
-353
99
-710;-672
624;593;436;-44;542
35;-908
226;340;308
978;-485;-857
-621
-962;-803;-58;-413;334
650;-285
664;-42
623
579;36;-439;974
-710;70
978;-630;967;89;-860;-414
-119;-14
-740;889;-155;396
653
-290;130;84;-76
229;950;599;-347
-151;201;-460
544;883;-649;-204;236;-400
529;-685
-724;824;568
-596;-523;-415;-672
-435;-504;13
244;-824;-349
164;439;-443
-821;-879
352;980;-712;-201
-17;-307;-904;377;383;-464
-430
-390;-360;318
175
-947
438
950
-71;1000;952;-496;335
71;344;89;633;-364;-959
-187
-363;-699;43;-960
546;354;-147;-456;-490
-361;-346
-965
690;149;-29;-414;-975;382
328;381
453
715
-461
72;-285
-849;-501;215;-441;-687
227;-13
577;-178;866;-755;340;-124
145;533;-855;295;488;892
-961;-509;-32
-327;8;750;47
998
16;914;-997;-650;-125;92
-407;-219;-381
-466;483;-25;-747
1;628;600;-218
402;-372;-312;-457;986
356;-103
