914;-117;-838;-870;-630
-978;-54
-21;598;347;876
736;-658;305;580;38;-731
995;180;581;-696;168;-955
321;-85;550
-508;-620;-670;-527;-111;-400
-789
-182;461
-31
-306;-707;-84;-952;-509;734
548
899;-554;-430;-976
-561;32;595;-88;59
-75;-478
498;628;-213;940;749
-45
-347;635;13
-148;-999;983;663;59
338;-755;-421;533
279;-509;220;319
-55
724;-412
-355;-965;341;-314;282;442
-113;916;-903;-281;-956;511
678;-61;-189;460;-574
624;99;-20;245;363;797
-630;693
-721;-885
354;-431
899;-647;7;-687;511
-677;407;-730;-574;-47
597
-609;660;295;251
800;305;-946;-787;147;572
736;-147;526
-116;21
-294;-572
123;-479
358
294;392;153;-764;-302;590
86;744;520;426;635
116;-8
624;612;-294;970;-315;-208
370
-724;-228;-23;-793;-139
962;405;987;-622;943
-641;756
-884
886
-337;-947;454;-826
108;527
449;-68;-133;571;-943
577;658;-599
-117;-703;-239;-864
-691;-728
-707;295;552
658
-129;212;-487
-413
-738;230;665
673;-773;261;254;-832
801;-614;-902;-150;-409;-169
964;-246;-42
754;-868;536
706;-630;604
-174
754;-68
-595;-278;869;695
-744;-204
-116;419;793;876
433;690;899;511;719
-451;163;-857;-831
-426;-783
-375;-791;377;-765;-814;894
-964
-449;645
-817;176;-839
-611;-788;-548;-824
688;562;-617;-845
656;517;-534;-313;653
-258;38;-249
151;969;-186;-206
599;-383
57;875;-735;-672
-610;-340;967;714
2;-323;100
-916;904;203;-671;-768
-946;-439;-314;877;-687
-516;287
-353;596;-377;-895;799
240;758
599;143
-917;-310;-347;62
-641;368;277;-492
-100;-503;668;686
-641;-516;955;699
-790;-583;716;414
-513;85;-358;374;-269;-592
-257;-505
914;979;375;951;620;509
