-259
-261
-8
8
305;-342;-27;588;253
672;323;645;-93
-785
-967;617;-474;234;606
-529;-293;-682;46;-864
-132;-911
19
340;-967;903;-27;286
-162;508;573;-127
725;-168;-906;-188
563;-278;669;-160
-818;294;-504;92;909
626;-341
592;-882
598;203
-65;386;86;-842;-539;-862
817;892;-637
-749;188
822
-661;716
-659;-633;-44
627;646;-201;9
-997;229;568;713;-830
-116;983;-649;-539
-166;-669
-579
676;181;392;-670
821;-809;218;-814
555;541
-226;305;338;137;-347;-800
994;567;825
628;997
347
-641;450;359;-554;-285;-958
-419;-445
-849;-272
-572;542;127
-178;550;729;-300;-447
688;-641;-695;-968;491
-614
641;-684;-93;750
403;-485;-408;104;281
577;-978;98;730;412;-477
64;-497;259;-262;-809;-654
441;-76
-115
59;-687
-939;-60;-142
-625;-772;164;182;-602
-119
384;-914;-99;756;-506
-929;994;-701
-128
928;-596;-599;535;-74;447
-436;-965;582;140;636;940
-389
801;291;-325;-475;-159
133
384;-983;922;-459
402;582;-615;-90;-187;45
260;728;-254;-878
-147
472;-347;586;974
662
-659;930;932;-709;-382;-272
673
933
630;-797
-804;23;266;939
321;-408;698;591
-662;549;247;-251;-575
743;316;-623
-419;-24
321;-450;596;-538;137;-510
721;239
-627;899;19;-997
256;-691;-759;-553;266
806;-775;-586;-415
-459
-49;-229;-56;-459;683;-862
-945;112;161;994;143
-724
212
193;21
-754;-564;-20;900;223
-472
64;-793
-182;236;381;-656
289;-68
-581;-902;491
213;423;218;395
561;947;180;-183
-98;470;-601
-260;681;-75;43;-461;302
-706;145;-811;-367;-31
192;-418;338;636
-440;-633;-265;492;350
