1193;-91;954
595;-917;-1159;107;-124;-1072
1008;-690;898;-1207
1073;1220;-1257
-709;1047;1210
96;-436;70
-738;744;1037
19
1346;-758;-400;-720
-529;-1042;113;169;973;1359
68;-90
-1332;-520;1177;396
22
981;-442
1394;-599
-1100;-636;1196
945;-246;-1240
897;-4;185;556;189
209;-708;-566;-1271;251
21;-1341
-1302;872;425;-779;1082
-366;-960
-18;-659;947;-1342
577;837;1194
325;295;-218;159
816;342;678;122;-112
149;1194;411;1373
513;-899;-999;-956;1260
-57
-338;907
-317
67;-651;828;972;637
1345;691;1016;602
419;-7;-1287;-525;-976
-85;1302;-634
-1282;-982;10;-891
545;-1387
-659;867;-540
332
-1357
272;61
-245;-858
-1103
1361
339
1313;850;-1311
979;-629;-1269;826;-316;1262
-86
-1146;-222
147;-502;-1271
-513;-1127;1070;-288
602
289;257;-1220;-522;1103
1074;487;391;958
452;-89;-464
-1269;199;1354;700;909
-737;-904
-788;-1348;-28;267
-6;1286;-201;1370;-1341;-1214
240;-82;1074;-452;277;588
-565;314;844;540
710;713;-544
-372;-679;-87
-243;-839;-503;-1064;-283
1297;148;133;731;366
529;-838;1005;702
-481;-1026;370;71;-1101
-1075;-181;623
1147
785;1363;10;-827;364;1247
-690;-713;1180;1119
1287;380
-675;-388;1253;551;158
-420;-485
1328;-265;873;-27;-492
674;151;-431
654
-115;-1064;-1273
896;-338;-1095;615;461;-687
1082;-1231
-262;700;1247
1334;-1184
-820;579;-1305;-910
1108;836
-178;-643;227;1043;-413;-446
-787;389;327;599;139
978;411;-844;236;-1246;878
304;180;1016;-682;877
1154;-245;70;1229
160
897;-1381;-204;524
1064;-1369;441;-302
-935
1328;-1179;-941;-911
400;226;567
1248;-274;418;317
-1043;-6;-409;-1277
-690
-1016;123;-445;-606;-799
-313;490;-1132
-643;867;-1172;746;618;-1116
65;514;-1263;-1040
226;-900;-469;-1094
-189
-691;327;1000;-1082
981;745
1200;-1383;-347;-174;-512
-972;779
243;-1254;582;-279
854;378;508
-461
-657;977;1235;-1094
-900;36;-1080;266;-893;573
309;-250;-746;381;-926
1385;-26;-653;526;-768
997;-295;-105;187;-909;589
1025;-898;-259;889;363;-911
-1155;610;948;-1163;-428;-815
657;-1383
-465;290;1139;1159;397
403;1318;872;-1241;649;779
-594;1317;263;-253
-737
-978;358;-936;-974
-101;-426;938;-445;-448
-561;-386;-1251;-953;859;527
-1;977;1393;619;1180;157
-750
931;1016;426;172
500
-763
885;-635
762
-579;-1317;1320;-444
764
864;145;13
-1157;260;-126
-1337;570
-227;-742;842;430;463
1378;925
