-34;1138;-345;11
-1160;392;556;-1072
-401;480;-662;939;-350
6
1250;-436;-906;649;1017;-27
190;1103
-272
1039
1287;266
-568;-890;1182
-1073;882;986;-333;109;-1104
136;909
-234;-555;254
-292;900;312;-896
118;-664;1341
-404;1156;356;-54;1162;-909
-1312
-310;-750
37
-97;530;902;-1098;413;159
243;182;-206;1310;-1232
-450;-107
-35;963;295;-585;-684
46
1120;-419;-1049;300
1361;-905;556;1342
1336
-1125;1303;-1262
213;615
1340
-353;359;-634;-717
-1348
583
-1331;165;-1116;-94
644;948;1271;888;-636;-991
-590
-1361
80
-760;679
1361
677;1196
1107
917;457;1178;-108;92;621
-933;-1110;277;805;-1206;-736
-98;-1330;-1333;-655
-1369
896;216
1368
-1009;1020;335
1347;542
-904;-1242
98
-468;-574;429
-897;-342;-358;-823;1148;1373
-402;149;551;409;-94
1360;-1107;1334;-1191;506;-1005
363;253
865;-485;949;-1340;-862
-1153;853;-828;1022
-135;-1369;744;157;-1039
-364
-877
-1377;1010
951;1209;-767
369
103;1036
-849;-554
1220;-618;251;-992;-1008
-198;-182
-568;-156;-941;-254
-824;-568;1261;-1279
-753;413;-816
-609;1139;887
977;-345;-303;-191
307;-664;-1068
658;307;-599;-136;-890
-1170;859;1228
688;-1290;-828
-663
-116;1369;-591
417;37;-1190;1067;844
210;601;364
164;-952;-108;-716;-78
-1179
208;1346;-214;-663;73;1197
385;369;-149;-311;-505;-970
1317;475;159
-162;-308;228;-375;1159;-702
240;-78;254
576;-243;-1029;1225;-13;925
641;1186;126
660;-346;233;1290;-300;-351
1250;-88;25
163
-610;-500;-94;271
-87;797;735
-935
-290;584;-464
336;-1019
518;730;1228
185;-11
1152;1255;218;366
-131;-356;-205
945;-722;-323;93;-126;-815
1173;-183;-634;-1386;-687
-83;694;-443;-862
307;745;1178
1056;499;-965;-714;-827
867;1175;-88;792;1277
1011;-1194;-48;47
-1253;-1159;953;-427;-701;-1182
-531;244;149;-390;1224
608;-539;-1023
1386;-1308;620
-161;1044;-793;-1276;1375
1331;374;-744
-962
1233;693;-153;-205;-606
113;-1322;-12
-899;-1139;-1380;101;809;-254
-209;-1203;-484;-1369;-873;860
-1202;-742;-1242;-350
-404;-810;873;-1101;-558
-417;1028;-937;-953;-1273;-730
-1235
436;661;-1208;-682;-1183;-800
96;-1331;1059;-410;-894;-272
-675;949;-841;1226;-1134
-1171;-596;-557;813
352;480;544;-731;-876
805;696;-985;489;1018;-1280
-706;163;781
-1330;-563;-965;505;61
-1012
930;-340;-346
-759
-1017
-1020
-1025;-899;-493;-653
-1105;-1286;53;649;665
