256
-673;-1251;-383
260
-979;-391;1375
518
-467;883;617
1232;404;-279;-64
-933;-886;-1162;-491;-782;143
1038
531
834;404;375;1305;173
-641;-482;1298;309;-208
1232;-579;551;1143;1289;-287
-538;-1118;-670
-183;1262;-544
-868;889;-1072
-717;174
-543
-843;812
-1297;1314;219;-493;-287
1266;307;523;1007
435;878
-347;893
178;-366;-30;1022
-625;1284;372;1350;474
-884;1252;-71
-36;-1093;1272;-525;-638;-1327
962;106
18;-199;-476;-572;-864
-1073
-387;-484;-813;-351;-64
753;1090
848;-375;860
-257;691;-1364;260;-86;694
-291;-826;1178
-353;721;206
-722;-695;-42;-399
-244;-103;-183;-1161;345
-1265;-1121;1289;-253
570;1387;-1116
-1142;-487;1114;314;1259;-1133
-1359
1011;-484;536;41
408;-490
-1249;-514;-112
-561;214;1353;874
-50;20;613;-494
1122;-1061;6;536
400;752;253;223
-1253;-889
-1153;-980;-524
-1380
1027;-92;-1295
-915;789;475;11
1009;244;-1305;826;-879
-1217;164;261;-1063;1194;298
-844;-543
96;1035
-1;-155;-1232
-598;-572;-476
366
1216;1172;492;1340;-270
641;677;73
-1106;-549;1286;664;331
-1283;6;-1129;-525
-373
-338;-420;644;1111;279;377
980;-350
481;435;1251;-551;56;-783
1377;482;-171;-463;-847
1171;1252;-7;-567;1142;716
-18;654
896
144;-290;-1303;1319
-440;1082
913;663;715;-624
657;-1049;-810;939;-638;510
147;1267
-549;830;110
1344;-403;-1381;-583;-395
1216;1137;-328;-1119
833;-1378;1365;997;1030;364
904;392;74;-463
1233;342;-1304;-1290;908;1023
913
964;-1113
-340;-918;-685
4;-1301;-647
1273;333;-174
-145;-962;1262
757;-89
-1234;-611;-1275;-639;527
452;-230;872;-331;-348
817;-677;-1165;334;-752
162
1188
1376;-916;-89;-45;607
-1292;-1278;-928
800;-805;1110;345;-1024
-1137;1349;-384
-942
-980;-405;-70
-839;-888;1039
-946
-1321;-409;121;-874
-1029;-777;91
-823;-520;139
1207
784;1030;1160;-810;-956
130;-1083
-1241;1055
-960
931;1092;393;-492;62
-710
-466;978;165;-1132
521;-346;76;1086;-111
-403;-1012;696
738;467;537
-720
403;572
643;-1240;615;-697;540;606
-1075;467;-1352;-105;636;-63
726;1278
1024;-310;-198;-202;873;-462
-786;466;279;777;-1019;-190
993
-886;-364
-247;-1263
230
-742;510
675;-852;-87;939;237;862
-81;-143;-784
-1394;-84;-1238;504;-1101
-1267
-1156;-740;-655
1224;1099;-1278;-286
-249
-387;-772;-1366;-796
1347;-614;-601;-382
-406;422;-584;-217;-748
