-1122;886;492
1366;684
256;-968;-221;-863
-353;-754;146;-116;-745;281
36;1175;106;-223;958
-1123;-516;52;-487;1225;73
662;-951;810
-451;-692;-775;23;347
1036
214;696;-1309;990;-608
1304
-324;437;-920;-1098;-1052;-652
-474;-958;-960;-1264;223;1359
340;564;-314;42;-350
-579;406;-622
482;825
-2;1350;-7;-508;1243
1362;197;807;-1053;1276
1344;824;1276;-1360
1273;507;-13;141;-352;-1264
-809
-117;197;648;-430
545;951;1001;940;702
-1140;583
-438;1205;-198;-40;1053
-854;807
1169;532;-601;-445;-350
-705;628;824;-1311
820
659;932
-154;442;-731;127
-195;1362;469;-711;159
80;-82;165;667
1344
880;-1125;36;-360;284;350
-65;-133;-125
-146;930;-452;1021
1345;1251;-1236;-388;-874;237
899;-980
-26;364
-648;-861;-1342;-1072
1360;-1300;547;-522
1368
-1010;56;489;28;1038
-1299;-519;959
93
1016;42;829
-1393;1329;-743;-1341
-152;-1114;1307;811;-239
770;-867;-165;-327;-539;1230
-1233;1271;-525;-384
1313;626;-1086;-1215
1110;-248;-491;508
17;-1224;-700
1233;777;122;-1006;1262;542
-182;1322
-1380;175;319
448;356;792;826
630
-375
995;1098;-1200
639
-739;350
241;404
552;-415
-775;1112;-476
142
-215;-185;-767
641;843;-317
-374;-1335;1254;1273;1119
-554;957
-354;-850;-197;-198;281;-1134
896;963;407;-907;-956
-657;-1300;783
659;-53;-967;-120;904;750
-773;486;-892
-1159;-1145;1081;522;458;1165
-567;-1064;247;-1066;-1036;-767
432;1138;229;-1001;895
-81;-689;840;601
-929
-1218;66;1079;-1368
801;850;1116;-1326
1057;-885;1014
258;-442;-236
-420
1188
-934
1361;-940
1011;-587
-938
-113;35;-1109;-522;140;-911
21;155
967;1258
-1;-486;377;924;-125
-81;-1254;-1368;731
817;-1164;526
1331;53;1100
-279;-1143;536;-575
-1332;895
-1385;-493;-96
182
1090;-180;116;-588
1072;897;866;100;-262;72
-545;-931;-54;62
-292;-53;-151;-1229
-445
-177;-546;-1259
702
-1316;-1076;1173
-1345;227;675;-454;6;695
-950;-630;728;1048
-450;-771;326;-172;351
-693;1272;-154;-219;-1133;-302
580;905
-1044;-795;-783;1135
-1241;-378;-795;-507;940;1262
768;-76;702;-928
145;1074;-1220;-213
183;-1017;-9;-1163
-482;-1346;699;173;-1055
-1332;-759;-1183;239
-781;47
-529;1380;1110;713;620
-498;-100;-132;1209
-900;1364;137;1082;-943
-1346;-195;-1225;1257;957;-958
228;-1228
232
-1259
-230;-520
114;691;-570;-539;-703
-225;-796;1278;-15
1296;1251
290;1283;-232;-1098
409;351
1346;-1006;-1359
613;-569;634;-125;-303
-49;807;61;-1070
-1190;-570;-363;620;-31
