-7;775
-1377;-1346;-1034;331;-957;285
-855;1142;600;764;399
-1395;915;1124;423;-138;-158
437;389;-1147;316
17;-1207;-151;-9;-1231;-1008
-1041;-578;-387;1273;-684;-896
579;1192;1294;-1263;1278
-4;-197;1078;-352
-271
-1057;-1283;118;473;-1340
769;-1158;599;1356;-1344;-1008
128;-915
-765;1295
-1140;517;347
-321;-994;-1046;1176;90;-205
1232;-1169;594;-187;910;-1104
1106;-644;949;635;811;747
1232;-615;-1322;-348
-290;-214;1031;844;-574
1179;-1149
-1285;1364;600;776;-144
738;258;-284;-893;989
403;-445
810
-421;122
1234;738;963;1349;-780;1148
352;732;-16
-1141;1094
304;1058;-373;-174
343;1143;185;828;110;-1280
242;-857;-716
343;140;79
435;-954;1243;-63;1390;-1232
-1361;-182;39;1258;811
-65;1235;167
-65;1360;609;532;-1354
-147;708;-1391
578;-54;-860;-716;733
560;-356;147;-286
-1380;1367;9;431;-1264
836
-613;853;598;247;506;1295
-680;-59;412;655
-1353
753;347
77
-79
-374;-473;1183
1281;-178;1015;-1371;-1068;-272
-70;-1178;141
-1366
291;149;1183
-506;-11;860
-470;729;93
-1282;2;-504;-1086;-47
1124
1272;-1113;-1273;-90;77
-659;-486;1270;503;-234;1246
178;808;1064;586;652;-1390
721;261;664
-82;-173;-1279;254;-1392
1299;1372
-20;-1308;349;-671
28;-926;527
822;1084
1058;230;904;-1310
440;187
-1169;-232
-433;1141;329;122;-206;-320
-114;657;-27;-395
470;-695;1371
-370;-1140;996;796;-893;-541
673;-258;265;490;652;-671
496;-970;346
499;-69;-757;-1098;-187;1226
436;-186;1325;1374
-420;812
-323;-147;-766;573;525
-1329;-947;211;-1317;-1270;-862
-1214;-1230
-400
710;971
1047;-568;1321;1161
-83;484
1008;-426;333
-1332;-249;-202;-782;-144
610;-1012;-664;-74;734
-1362;-951;809;619;733;813
1202;180;-902;-74
-279;-350;1293
920
-665
1394;1079;920;-57;-448;-688
150;-360;364
-787;1218;-371;-919;191
384;892;-862
153;-540;-1166;622
-646;1062;-508;750;-496
-728;-1228
-1139;-19;-1334;1338;107;-1167
417;-1011;-420;-555;378
548;-909;-1086
-836;-871;1144;137
-612;-169;-414
-562;381
888;349;1247
1206
-851;-87;-1294
368;-278;-233;-1356;-222
-773;-967;-716;990
-898;-1335;648;-650
-2;933;713;-875;955
-130;344;297;-125;-1344
594;-141
1156;1322;797
-1281;-1250;-1032;-427;12;701
-516;-969
560;-66;915;708;-377
992;-242;1348;1077;749;126
-1203;1235;692;857;-347
-753;1145;233;-300;877;-479
-1253;-936;938;267
919;-1392
-987
-18;595;-1269;854;-893
-420;-57
-33;-1317;104
-735
-1250;642;-1237;872;88;-110
309;-826;284
966;487;951;-1099;-267;988
391;-139;751
-1244;-16
1386;-635
-1267;72;458;1324;-829
-402;-1125
376;-1098;973
710;-1176;617;74;1050
563;-816
