512
217;1258;126;959
1154;-1269;886
630;-924;-63;-928
-391;-894
-1202;1297;425
778
-804;324;1005
-677;-381;-686;-63
-551;535
-363;91
19;-1030;374;621
66;1284;458
499;-1029
817;101;-639
549;-1086
1228;333
-1331;-579;-933
-215;-568;-1032;1259;412;-143
-437;613;1135
-1203;-156;815
-1314
-913;-984;-250;60
40
298
385;-471;-746;-763;-1232;223
-625;786;-195;-502;760;-1294
-1045;58;427
1201;-789;-1141;-1114
753;-1218;-57;574
-53
1104;-1026;406;-1133;-1198
-486;795;-880
-71;198;392;-1065;1196;-591
864;1043;-1333;-24;1306
-692;1014
582
274;-1395;916;-23;1239;-941
-211;901;-935;488;-570
-1351
-708;-1318;-170;475;-1277;876
594;484;1384;-570;1305;1228
1240;186;970;223;527
-68;-888;-431;287
-65;1152;-1185;87;1004;-1325
-580;-1269;1227;-1116;636
586;-253
-770;-918;1190;-25;860
-148;43;172;271
1248;289;-758;-438
1369
-853;-1287;-1080;809;-990;1263
1116
-932;346;378;-236;351
1123;762
1117
484;-89;1083;908;318;463
97
-1010;-919;1254;-1080;1273;-640
-579;252;-797
-49;1335;863
673;-311
355;-581;-397
-1010;-5;-126
-433;-1378;-777;1321;970;-78
-597;-837;1241;-1243;-475
198;-680;1304;-313;88;-219
-794;874;-717
-1149
65;593;-1161;488;862;-464
480;1186
-900
-1267;-1205;-695;987
-546;774;-711;-810;649
-634;-45;-1248
1254;-859
-817;66;-1379;-701;-893
-582;614;-941
676;-213;1079;137
-689;530;-692;410;1355
818;277;-89;553;988;-608
482;-1157;1052;829;1246
-840;1239;-427;-1371;-1036;235
208;49;-130;-84;-954;-1292
667
80;-1153;370;-894;1183
-435;-390;374;-280;842;-1293
-1262;-560;-304;-592
415
-1185
-51;407;-1065;-1049;825
775;1256;330;875
2;-1156;221
897;753;-1251;-644;717;-896
1001;-829
-882;1057
-930;-707;-453;933;-1357;-479
-449;-496
466;1198;-208
1027;-1207
-227;452;1286;-1048;-265;-1146
305;98;1059;335;175
545;882;1080;-1050;-842;1358
360;-219;1067;77;-591
123;60
-628;759;-617;184;-656
-580;534;1099;-863
-178;-179;-788;-1081;-877;-160
-934;1385;-538;251;285
-326;-1096;-1259;-444;1340;-719
200
-705;297;778;-572
-460
-937;218
-761;-107;-1051;-848
945;801;-772
-211
-1114;-125
1242
352;-1138;-372;600;875;926
-1156;-445;-1294;-143
-1160;679;958
81;-788;-1158;681;-1343
651;-428
-769;436;872;137;-731;1052
-39;230;216;-176
1000
-1004
-899;153;509
-4;-532;873;-1344
1328;775;955
1011
-523;-1227;-892;1372
86;952;489
-738;1384;-1242;425;-1101
160;209;715;-124;507;1085
1360;-199;-144
1298;1289;-29
632;378;524
913;616;153;558;831
