321;450
530;-792
-1204;-486;1109;317;-942;1213
-821;1257;825;26
1189;390;135;-473;-1003;540
-1291
12
130;395
1295
112;1109;346;-15
227;-324;163;-48
-309;538;1069
131;-1067;-1134
112;-167;-431;-512;207
788;824;-1289;-858
146;-374;1095;-217;218;-78
-1265;151;440;1353;-144;-512
-787;-20;615;41;346;-1243
324;-1302;198;-714;445
-1188;1396;-26;-859;-639;1343
1187;1236;-234;153;602;1179
-787;772;1093;1352;-1119
1248;241;-1115;186;-542;782
67;-1140;-423;-492;-1120
-1062
1320
-43
1322
-1068
161;506;-365
-816
-645;1001;-908;1372;252
-1058;1007
219;-1039
-497;418;-199;-1056
-1301;-860;1291;-669;716
-119;-439;43;172;1342;591
281;287
314
-1396;-662;-1143;-1067;-221;845
368;-252;-1246;159;591;-1216
491;-460;1053
-1235;-1387
-869;-469;-535;-1337;1100
-834
-289;193;-62;-350;573
874;1275;207;271
-325
546;-1059;441
840
465;120;-1114;-827
-631;-1239
1168;-1301;583;-714;298;300
1009;-130;82;740;265;-92
-597
1111
-1330;-1320
-389;-215
-74;249;172
-195;870;-346;-794;-636;1004
-578;-1203;-500;212;711;237
865
-100
323;1318
-1390
-705;-839;-459;-413
-1139;-132;757;139
-1377;-643;-853;-666;860
-741;109
448;370;-1300;-987;-557;-398
824;409;681
-1057;-931;-934;-102;-265;1118
657;746
-642;1320;473
-130
171;-559
281;345;1148;1134;559
-126;-783
-244;-1221;1287;318
1331;549;-1319;-1338;729;-350
-1331;-1120
-1287;494;-1152
-747;-588;459;-189;397
-669
-1265;-516;886;-888;-858;-589
96;226;892;-1055
-785;-257;-468;-186;26;-27
691;810;-155;-684;779
-1109;-714;-1194;-1291;-383;431
51;-356;469
689;690;242;663;-26;-1322
-854;822;-906
1303;-621
786;1076;826;1083;-813;29
-196;-869;-773;1097;-1163;-318
1154;1250;-726;200;1115
-680;-778
949
538;125;30
-885;-843;-283;-846;-911
439
1315;-1129
1063;-172;-192
-957
582;-1111;119;152;-699
-353;1155;1204;-533;183;-185
-898;977;1185;-131;-428
1106;-826;-987
854;775;-9;110
340;-870;246;1081;138;284
-531;508;222
-772;1173;1079
713
-206
1365;-328;-75;779
-296;88
-465
518;940;-1165;653;542
-810;-941
-899;1158;471
-129;1115
-54;-953;-1263
323;1238;1081;172;-800
1253
1257;-607;1375
548;666;714;-1180
640;1248;552;-411
-49;37;24;-509
245;1368;952;348;-15;926
498
-1011
65;323;-154;1289
1321;1070;958;734
800;-778;223
-450;1172;343;360;-778;-893
-802;-450;131;889;-638;1375
-1285;267
-373;122
-55;-201
-21;-326;1143;-412;-1152
