-1155;149;-425;-301;-831
691;-516;1286;312;1176;-125
-1081;-298;-683;-508
882;1139;-1012;-22;-846;-128
308;219;-684;427
100;406;377;-347;316;447
-280;503;-316;-188
-537
356;-518;956
-643;-456;-208
-753;-170;-363;410;-1200
643;-535;-136
-286
643;1181
992;1091
-1346;1314;551;1369;-1085
-690;-118
-706;339;1161;-237
-345;-637;-1390;-750
50
-449;-1171;-277;-1158;-265;-60
391;888;1016;809;1387;1195
-1058;339;1066;684;-959;-639
-573
829
-946;-1283;165;-558
5;-23;-1324
496;-280;-297;655
-11;860;238
784;-967;-1258;1119
98;-1369;-506;1227;-1309
1232;448;-115;550
-1349
625;-19;744
-913;-439
261;-457;-1083;-573;-29;15
-845
1394;1243
-18;933;-903;152;938
1264;64;306;1078;395;300
80;-741;20;653;-511;-352
289;-886
787;-507;572
-658;-406;-1325
689;-1031
345
-386;118;-1196;350
-1105;-676;389;-470;745
309;-330;-43;-1054
456;664
545;-1383;1046;-697;841
-866
-1074;321;1355;-957
-546;-169;-1069;-862;-1038
887;-298;1307
930;914;440;-1243;-267;-413
-520;759;638
-129;-1266;146;-199;-936;-542
-678;266;1260;286
-761;-11;-45;700
1312;-563;-120
-1121;-792
-1073;644;-1258;542
945;-692;229;-1271;360;-974
970;-336
-714;332
16;1138
-1121;84;-490;-140
116;245;-104;-490;-252;-159
928;-723;1379;725;127
225;675
-225;869
-289;177;-1045
-1089;-1026;-1157;-165;-1049
-68;-790;-616;-636;-590
-1235;819;-468;-1306
-402;-473;1128;-1180;-1264
-257;1187;-773;1160;1196;-1344
657
320;729;429;1229
1289;395
2;181;967;-489;-155;1183
-1073;1394;-756;1022;591;-512
1154;-854;1079;1308;284
1219;-566;-1210;-1100;460;-751
-933;-1016
1312;-628;-1098
-226;-1315;39;1160;297;460
946;-291;-1114;-650;-445;367
-936;-652;685;-1312
804;118;-56;1260;237;-399
1169;642;-104;-285;-349;380
371;1157;1190;152;-1082;-846
-1199
851;711;-105
-665;-1309
-438
689;1209;540;-208
-258;485;-1164;-1341;1070
1168;48;625;-612;491
1121;-275;1223;-860
-536;791;-1019;-1120;1183
548;1206;904;95
34;807;777;-667;779
1296;1393;1349;1158;123
995;997
1224
1331;1334;-506;460;653
-1323;-415
969
-946;-996;518;-377;1341
919;-202
-161;-1346;-747
720;1022
206
582;-876;-1196
-689;-907;364;1021
496;-182;-1096;600;-988;700
981
-817;-226;194;-261;731;-1372
-401;385;674;-983;1322;-524
500;-280
-35;-692;-1388;-924
-598;-652
-209;-453;860;1261;559
789;-1112;-186;-1195;-1341
-774;459;543
-881;-97;743;1021;-302
72;696;843;987;1215
1266;-1140;-570;-507;1180
742
594;1175
-996;761
-130;-803;-908;-1212
-374;1365;363;-604
-1025;-1283;178;1349;72;-555
248
498;260;-1239;1243
320;605;-1232;1327
97;-735;-639
