-124;-461;589;255
5
787;1012
1344;1105;-115;777;-1004;-558
498;1310
401;99;1112;249;1051;-334
984;-1260
-75;-1069;1166
-1304
723;147;867;-998;-203
-850;178;963;-1386;223;591
-273;-929;-41;1081;-636;-1020
595;-263;-47
-643;100
-118;406
-101;-1349;267;1149
1314
-1177;-877;-800
1089;258;-1253;805;-604
145;-804;410;-1071
771;-568;-1225;-1372;-463
41
-1324
761;730;-876;-316
-898;84;1370
-45
-273;833
-919;-156
560;1217;-549;-1079;158
772;680;-442;-701
-277;517;41;-1103
-1265;-1377;-337;162;21;-1098
822
-969;232;72;-319;719;831
316
1343
873;13;1294;1214
369;-46
673;1194;1021
404;-990
755;660;7;-1118;-79;111
-161;-260;-356;212;-678;-630
1105
38;811
820;614;-1112;-522;538
1186;626;140;-1391;-479
83
-290;-1187;-1206;294
-593;-262
-710;295;1129;141
256;-1057;-257;1378;-1316;645
-643;1252
211;1255;-345
-99
-1076;-473;681
-854;-489;-1067;426;604
-1381
-101
-678;1292
690;-1334;950;-843;-859;524
1186;199
-658;-82;-70;-1118;1054
1153;99;-852;-763
131;522;1387;-910
565;393;1085;-400
-146;1363;-727;442;-171;-652
1283;852;-1239;-1355;90
-739;-871;-1276;-1020;-304
371
-838;714
-638
946;-949;-857;1257;-1036
80;-366;1183
-643
343;-1098;-669;429;351
643
-259;1208;-48
1234;-1352;-266;-778
-1137;-785;49;4;-124;1087
340;1336
-305;240;1026;-1190;-940;-1279
161;298;-1373
-1249;272;34;28;-846;1103
261;542;1390
163;-390;-1319;-235;-1247;-1216
-626;774
115;-246;646;327;1021;1101
617;-461
-241;-1185;-1396;117;-1037
-146;-1144;-170;809;493
388;-614;-1272;571
671
320;-554;394
-1394;-1234;-71;-874;-1197
-977;-1304;-475;-735
930
-1283;498;-211;1094;328;1017
123;-1086;287
-1313;-210;1079;-745
-1347;-1076;120;-171
-1382;678;-811;61
-897;740;-246;-903;1132
-401;-1073;1266;-223
-1121;-59;748
-183
130;805;-494
1072;330;-960
-1236;596;-888;1112;-797
-772;-548;-506;59;187;878
864;130;629;-1319;143
791;-1192;-857;554
1347;294;490;-1164
64;1155;-805;1323
1073;1331;-886;-74;572;1004
-385;-163;-173
208
978
772;-1063;-649;1150
1312;-226;163;-1349;-112
5;1370;1258;1355;1343
1239
-217
802;1378;484;854;649;-1134
-1075;-936
-480
-1014;-809;-297;700;893;46
513;117;88;1146;411
705;-834;-501;-624
-364;-1148
-731;1164;-1325;-1392
578;-627;552;265;492
1046;1193;-463
626;196;-949;-1049;-90
1047;478
1287;-360;1115
-612;-1060;-1030;393;282;-272
-162;-602
450;-1254;-1351;360;-250
-898;34;1283;500;-901;-527
-962;-1379;-22;250;-447
