-402;1047;1372;799
-33;-98;-1151
-643;902;-1111;1318;-1272;-734
-177;-1079;-1293;-1296
-1049;-446;-94;814
-1210;-334
-776
-1010;401;87
-743;217
113;-1301;-968;792;-186
529
-658;-292;-92
145;68;1160;-1356
266;-733;-832
-1394;33;663;-1369
-1170;-1315;44;-909
-696;-1375
-428;-1117;-14
-536
163;116
1049
1171;295;-106;-77;-542;-1024
-1308
993;-1022
-722;753
1362;-179;1011;780;-639
1217;-936;120;504;1177
-1060
-83;1091;-134;-360;-1083;1373
-118;184;-826;-44;510
-33;-354;532;-183;-873;954
-557
1142;1064;143
-993;246;662;-217
-1235;-53;-41
978;179;-26;1276;462
-824
-1105;-388;-596;-783
828
163;-1269;566;1181;958
-547;-1189;-1339;-1085
-81;-114;131
81;495
1174;-311;-543
914;-628;790;1305;-92;-174
-705;380
1093
-291;-324;-1247
-724;964;-168;-1166
-264;-888;825
1351
592;-1269;-678
1099
807;-1177;-428;-702;1165
272;68;1275
150;444
1364
84
1372
1072;418;-629
352
-100;-741;-283
-401;1125;1225;458
755;403;36;-1353;-464
1328;145;-1267;551;636
1393
-182;-445
1015;1086;62
-487;-143
803;-172
-1186;1300;-631;140
163;647;334
-1298;-613;-38;-1160;284;142
1146
979;659;277;-766
-504;-920;392;89;-525;573
-305;196;-345;-1083;414;-543
25;618
-213;52;677;-828;-382;-1231
-516;1035;383
772;1097;-42;-238;-174
-743;606
-723;-890;-1085
-242;892
-1350;789;1077;630;551;489
358;812;-1312
307;308;-199;-425;-393
1171;-452;118;136;-1376
435;-442;-653
976;129;-699
818;370;260;-488;843;396
180;535;-971;266;141
-666
3;-405;-522
-157
-424;363;-1120
-450;-931;-1321;237
566;878
-1332;539;-911
658;-886;-1191;-800
561;634
-686
1041;-582;10;634;1375
769;-1014;-487;1244;431
-598;1224;-448
64;977;-1235;-1350;1334;31
-1202;1122;-245;1226;475;-174
816;99;3;-117;1030;141
320;-261;827;477;-159
-707;11
-1395;-70
1284;747;973
499;-54
-192
210;-37;-21;-1116
-470;-752
-1091;322;-455
-971
-353;-678;-872;314;-348;-1086
-1171;-87;-487
129;-1299;1016;365
-849;1059;292;991
912;-1141;732;-976
-412;-317
-1129;143
1396;102
1346;180;788;1382;-553;-1132
-885;-694;-858;-74;-526
-523;747;-958
438;1079;-524
1249
-612;580;-199
50;261;-263;1209;-1195;1197
-1330;-1369;554;154;-556;-512
1137;900
1140;74;1083
761
1281;1016
369;787;1388;13;1279
976;708;-216;-1037;-943
