1395;812;-159
133;-326;791;-1128;492;-989
1120;-738;-1283;-1054;1183
-152;489;-267;1214
-162;157;-256
1029
784;1049;-32;511
-1037;253
524;813;686;558
-882;148;-59
-774;493
-1345;533;-9;-1002;-251
1126;-330
-897;868
-1013;-554
-1074;564;260;551;-1357
-291
-1217;-760;520;1147;-94;-400
1202;370
-1395;654;1230;-528
-1333;270
177;1271;-62;846;110
105;-62
1136;183;279;-861;-735;-560
303
-17;992;517;603
-560
1344;-1074;1289;26
1384;604;815;831
-995;920;-665;-1103
563
-1077
470;-491;843
-1337
-625;99;-919;107
-217;745;810
163;1256;-460;-1278
1300;-1093;-876;940;-158;719
432;981;701
736;996;-700;-1356
1096
-587
-844
704;640;-1221;-837;-1031;-638
-760;-424;810;-1244
-375;985;683;1083;605;430
34;-867;468;-1160;1324;1055
744;-971;315
-605
825;41
722;-112
309;341;839;759;-825;-1323
-323;-981;-935;-344;623;-704
1386
-1134
-67;180
-626
-1122;-403;1179;971
116
102;783
240;-229;-151;-1114;509;1375
-786;-614
-660;407;-637
1123;1048;1278
-561;1141;504;318
-1372;-31
-379
-916;-325;-1192;823;377;1356
273;1225;-509;-863
1243;-557;-302
1158;921;250;1324;-349;927
-909
908
-910
-177;657;422;1037
201;445;783
661
1072;1128
-1379;198
-689;-1028;535
-4;-1175;504;168;670
-595;-534;-727;1066;748;719
422
115;-795
-801;1169;-1004;-557
-263;-189;430;702
937
834;-632;333;-366
1360;-597;1222;-651;-139
-721;528;1285;364
-82;821;-1016;-926
-182
-386;-153;569;1225;1133;-414
-657;912;225;209;-68;586
-339;982;56;1355;-1359
-186
-509;701
-194;-1023
-193
962
1219
949;-967;1384;440;-605;-493
1090;1059;607
-264;-447
64;-466;357;393;1290;-1182
1089;179;213
-948;-279
1313;795;-110
-1236;-1365;-678;6;-475;-811
-1249;1039
1028;231;8;905;266;1355
1088;146
-290;-404;904
-342;-858;731
-387;-1059;1314;-1047;-827
-1044;-965
-532;582;56;623
-213;-133;1302;1143;-345
-1253;584;-367;-975
-843;-1308;253;1166
-1060;-726;1013;-471
-33;1121;162;-1044;-1268;-1206
-513;167;1351;-270
1297;-485;692
738
-108;847
-580;1063
-394;1391
-759;-496
755;-1243
489
-198;-921;-652
1169;604
1169;1124;1108;265;1183
-149;-1369;1020
656;611;-245;-10
-259;83;-422;-507;795;-1215
898;1042;-649;1102;926
928;89
-1125;619
