-724;-746;1114;-157
82;-1319;-74;1308
586;-1358
-516
-774
-290;-74;-797;-542;1326;-911
1299;-1145;1000;-890
-1185;86;1081;-1067;-237;-223
-132;740;1095;-939;13
1008;-292;-1113;-1296;143
-1109;-1214
-69;-462
-471;-573
-385;674;-150;415;-1344
-1305
-283
-820;-1190;908;-462
-1378;674;-131;902;875;878
286
1076;874;-383
802
-277;-1158;-1160
-1254;-742;-1355;-13
-967;-861
-1237;-844;508
177;643;-821;598;-109;1086
1336;943;-960
784;1254;823
821;248
-815
1077
-179;234
466;773;198;-939;-1227;-95
528;1300;-694;1225
177;1125;-857;634;-1022
-572
-1079;1064;-825;523
60
-1075;-12
790;730;847
-509;1084
-1352
-370;-762;-366;142
546;101;-572
-1052;589;799
1105
233;-1340
-1365
688;674;820;-46
-436;-1271;694;-1131
1040;640;-899;1018;1053;831
-312;925
-1307;-1198;863
1058;-745;360;1341;125;782
759;-282;909
-865;1346;-1077;-667;-636
1043;-971;826;173;814;-1264
485;662;-1038
3;619
-903;536
-546;-686;-671
-17;-73;1290;-64
81;-98;-772;-740;-299;-1104
740;-1239;1115;-1248
-182;57
51;1356
900
-906
-676;-999
-1092;651;155;-543;-1104
1248;1137;1124;-645;860
-377;137;-957;286
198;807;-861
452;-1366
1264;-1096;-1339
1139;886;169
404
391;-542
1008;-738;-419;764;-463
408
-1137;-52;780
-149;1076;953;-94;927
-1179
-1;-289;981;743
852;-246;938;-319;-559
-1224;-1386;-109
529;398
994;-307;-104;-745
-1138;1347;-744;807;695;1242
161
759;379;-975
466;37;949;-1303;-1049;479
-649;1305;-427;-28;-1279;655
-552;-329;-41;-506;1001
-289;-1395;1218;-1301;764;-192
1024;-357;-199;-296
-884;663;408;-874
-3;-1157;985
-193;368
-1155;-816
323;-917;152
156;287
80;1142;-231;-763;-672
-1213
81;-1314;-610;689;694;905
547;804;53;-190
-849;-54;-1158;-1178;-1341;-221
-68;-127
-979;86;-1351
81;-283;1213;-48
-690;18;1060;1049;-218
-884;871;-922;1132
708;-1163
96;-146;-986;-445
994;1034;1167;-1200
820;-104
-718
113;857;-219;-1355;571;-175
-75;1148;926
753;-1315;645;231;1354;1356
-1335;-1354;940
-401;1382
880;1155;1206;58;-1292
1204;-661;-646;-203;782
-477
-1058;-1214
642;467;-373
-1314;-919;-700;-365
481
-149;-231;-682;-190
-469;1209
164;56;9
-627;883;1191;521;138;-1102
-1169;528;-1134
-501;-133;548;1063;810;-780
774;-233;986
505
928;400;1226
-1015;-648;-526;655
-785;209;1330;541;-528
