773
1129;668
-609;1284;534;951;-362
-1204;-405;-328;-281;-350
482;-1140;711;-891;60
1396;795;380
-757;-571;-845;623
722;3;-1287;-7;89;-302
1041;401;261;1339;1163;-863
1328;-1058
931;851;-436;716
-298;26
-292;308
-129;-1203;-153;-778;-986;669
-1300
293;-288;271
-1017;-442;13;141;-1054;1311
995;103;969;-620;-911
1306
-544
-1313
517;-822;917;-1017;-1067;413
500;1285;-731;266;492;1039
624;-1269;-239;-176
-791;294;153;-716
82;642;-1205;-695;-568;426
33;515;-726;262;-904;1369
961;-233;895;463
-295
1064
-557
-1071
-482;628;1317;827;156;-606
-370;909;-1102
-953;-636
-19;1171;-998;-1231
-312;-253
-984;-585;202;-1247
314
1221;-138
-769;98;-1183
-531;-1067
-320
982;878
-1349
1120;-700;-350;-1166
-828;-1150;1391
1077;1353;-558
599
391;392;328
-90
1212;925
-92
-641;-770;-734
-945;-1383;281;158
-354
517;-871
-881;1213;-687
1324;158;-1375
-876
620
621
-113
572;-878;413;-992
1206;600;1356;1053
1024;466;1162;554;-1308;1293
576;339;-631;-24;424;-1321
-1126;1255;-1032;888;-366
-871;666;586
769;-1347;-319
736;-142;-464
-965;1381;-281
-837;-169;458;686;511
-354;1223;-730
1360;-2;1275;-797;-1263;1358
1303;1145;1022
67;1238;392;281;-940;-1183
401
-339;456;1053
-931;-1264
-149;660;-551;-1388
660
1185;1268
1061;-585;-122;-766
698;-540
-322;-1374
-615;-699;1150
-81;-346
1153;553
-581;1221;359;-141;-176
313;1034;106
942
-1074;-127
-449;513;-1251;179;-57;632
437
-596;1252;-219
-952
440
1089;1314;-1237;-104;888;283
-699
186
752;-1065;410;-286
976;257;359;-635
177;-498;1094;665;-1247
-1235;-1262
-884;-552;986
823;-395;460;332;1022
-851;1235;1189;389;1117;958
-898;-1044;1091;-1079;-1085
306;-1320;1213
257;36;-182;-540;-286;-1278
595;419;789;-1368;-1261;-1167
534;-1239;-776;1019
-545;1312;596;1128;-237
34;1212;-1040
-691;898
-599;-1147
722
1168;-173;-528
-161;1264;-851;504;479
-89;813
724
-1240
1011;84;-1047;-904;1066;-684
-546;-693;37;295;-79
883;1126
-1346;-1202;578;-1068
-897;-351
-54;-775;-27;1082
-1253
-514;-646;-663;-1272;-1049;1353
491
-509;-1008
1319;-570
897;275;-72;808;-602;-1067
947;772;1144;-1067;412;-175
939;876;-1247;190
673;470;-1335;124;621;205
1394;-26;-96
249
