1281
-5
932;-458;43
-725;734
208;100;1270;-343;-202
-483;1001;395;894;-1103;79
21;-567;103;-554;-811
487;1193;731;1099;348
24
594;-266;-48
-401;418;1267;1242;1021;574
-755;-1066
245;663;-1273;30;1134
304;-597
496;-535;-1228;1229
293
-295
1249;-602;159
641;-567;1304;202;1278
-300
-807;1371;-1165;44
-183;-375
-1345;-179;-4;456;-767
-48
-514;819
560;-775;-1224;-394;-1292
-1169;263;-428
1025;1233;854;269
1184;-1009;-1128;-363;58;-591
659;-717
310;170;-1310;1133;13
340;809;-1210
1089;885;902
832;-35;1063
931;-713;-1055
-1;150;-622;-623
-890;558
728;713;1197
595;153;-1340
-538;458
-388;1095;-633;-698;543
326;1292
-342
-722;1365;-105;-732;1116;188
-930;-562;1064;-1341;-879
-945;-102;7;184
-419;499;243;21
-913;931;228;85;1294;1279
-772;1373
-705;640;-818;755;1365;390
-357;-1274
979;141
-881;1104;1140;-422;-1294
551;-652
-65;1344;-51;-1094;1350;409
-1025;785;418;522;765;685
-961;-996;342;-872;334
-1301;-373;1303
608;-850;537;-1275;-1183
-116
-194;227;1018;860
-391;1143;-954;-176
417;-932;-743;-1087;270;-1376
1248;114;-635;-732;383
-125
-1253;1128
-354;1287;218
-1283;229;-1191;-1212
-1025;1099;-1228
290;709;1110;-1211
946;-716;-396;1053;1358;-319
1159
1152;-1016
1208;-303
-689;1091;201;-346;-909
-1164
531;1285;-203;-1182;221
18;947;-517;-951;103;542
-1010;-553;616;-220
-257;-1254;806;-375;168
401
-1345;-486;-488;-729;-175
-293;1254;-808
384;-195;-179;-315;1307;-592
1021;414
1181
1009;-563;723;1092;-824
-951;-140;-1373;-255
660;779
86;-679;312;697
480;-1172;-1253;-8;-297;-219
-338;-1346;-1116;797;1247;79
149;-828
-1218;1074;-870;857;538;1067
993;712
-626;513;843;975
-610;388;-1158;1079;125
-485;1176;-569;58;461;1071
608;770;-116;-580;-1389;-1007
1344;1015;-639
-465;-274;-52;949;-587;-782
-644;-311
-955
-323;-522;365;1182
229;1247
504;-702
-353;-162;677;-985;73;-218
896;-597;-1048;-573;-1374;-1088
1024;-1029;-312;1037
392;1098
-1105;-387
-17;-1047;-407;1063;1133
-986
-474
1298;-1158;-986;508;556
-1289;301
117;326;-1018;1050
535;-59
-6;454;1080;-427;-1133;1277
-277;-714
-1174;-586
307;-293;-1319;-1223
-486
-748
-493
493
-273;1105;-291;-1123;-1165;-1309
-88;-922
-978;-181;-986;429;-319
-756
1257;780;-1325;812
851;-1013;-86;-511;-96;-160
328;-170;172;126;-143;-1328
-1016
-116;1181;-816
997;-461;-286
-1076;-150;614;1334;296
-308;-199
1376;-99
-738;-339;-1222;277;-905;-400
