1026
-737;-469;-870;1190;-655
-1204;451;949;-504;312
-82;-995;-631;407;783
-613;-1047;-695;429;127
-1265;860;492;-94
-7
912;464;465;-1158;1115
293;-825;-172;1003;859;-125
448;1027;100;-919;-384
1088;1203;565;489
466;-1255
1089;-45
1312;756
1301
-946;-771;739;-1349
-1202;1353;10;-268;-684
-353;560;803;404;-1020;141
-183;463
-283
-648;1019;971;509;-1311
707;747;111
-481;-1110;281
-419;231;680;-490;1308
-102;-247;-423;-283
1169;651;-301;-765;813
-249;-58;-1179;1244;-815
35;1279
-1316
851;-1175;1371;269;-655;143
1329;870;1305;-523;-1325;-80
644;137;285
-130;-1236;-152;-491;154;-1262
-178;563;-501;-934;1096
-47
402;1181
512;51
-133;679;-381;142
1045;-300;77
1120;736;1284;-957;-80
-776;362;-925
-262;-566
-887;567;892
614;1354;652
-1365;-232
-865;804
1254;600
-680;-298;-623
-1045;-299;509
-161;-450;-613;-262;-568;-1085
1090
-642;709
392;-1230
582
982;263;281;-796;111
1359
-945;1304;-762;-1325;-1038;126
-1237;-1013;1096;40;-476;-800
-225;545;-1386;-939;718;-847
-230;1206;-1322
-1116
465;-659;-503;988;-383
-861
-1249;-453;-184;1256;-45;-958
-210;-418;-230;-1032
608;-277;-75;-685;1295
-1044;149;10;-1149;910
-659;-708;-891;30;1103
1125
882;-268
1383
-693;-810;249;74;-461
-1233;-577;-342;-679;857;76
482;819;-6;-892;-511
-51;-57
-883;-1030;-841;-75;927
706;834;-1316;780;-125
465;547;42;-268;94
628;1239;-1019;-845;623
1173;631;280;1103
1185;18;1091;558;-432
1236;1125;-1213
1150
672;-881;-370;-947;-180;810
-51;212;662;344;-42;795
-1245;734;126
711;713;-653;1150
1190;1303;-76;-1004
134
-995;1131
-1250;130;934;-1224;-521
418;-469;-345
908
-912
36;1131
-836;-1359
-485;490;-924
913;-1112;906;-396;95
1153;-291;-839;-747;573
-1032;623
-695;-407;943
-1017;89
-227;659;-1066;-1325
-1176;-829;46
-978;-724;1125;118;-222
-170
-67;1066;-573
-1041;-773;390;-909;-655
-1283;-1059;-325;697;-763
-36;-359;221
-434;1090;1091;503;-1307
-697
-1276;-959
544;-991
-1353;-810;-493;670
706
-170;-283
1393;693;1032;-826;-1037;221
658;779;1099;381;863
468;-1126;205
-38;583;-1385;1293
359;-632;23;-958;-271
-818;1275
-947;1206;1351;-590;-560
-1330;-1026;661;458
-81;-115;1091;682;1386;74
739
419;358;-776;-1258
490
-748
-321;625;-796
-637;-367
-841;346
-226;468
-1012
-629;1109;-680;507;-63
976;707;360;958;319
91;157
437;-683;-827;1229;942;-592
160;-210;-1227
