421;-1147;139;748;653;-816
77;-591
817;-595;-992
721;-244;-245;1307
-1105;546;1035;-992
960;-951;-648;-392
-1047;822;-553;-558;-976
724;1077;1065;-540;-556;541
-467;1370;-639
-541;-238
267
-20;-822;122;-1087
222;-240
579;-1367
-87;1388
-183;-921;58
1271;1310
-466;-970;-1338;698
-529;771;1067
-518;-118;906;527
517;393;-782;-159
287
290
898;-1322;-588;-800;-784
1152;-452;709;-220;-1068;-159
298;1163;-143
1076;-825;300
-792;239
261;1063
352;1139;1029;87
-789;1301;359;1256;-29
-503;-316
-1242;-93;-510
949;1189;902;-812;-574;958
792;1164;-879;-207;-816
-646;759;-426
-566;-1224;-1340
-708;1246;-224
806;362;172;1279
-819;136;459;541
-319
1281;1396;875;814;-719
1192;410
-545;-677;343;812
66
-977;538;-912
-842
322;211;1317;-1229;477
-1298;-579;1095;-1165;79
-1059;-1340;-732;1247
609
-978;-1147;1003
-354;-696;-601;-859;874
581;-694;-715;-1070
-1045;-1146;-476
-301;-1087
-963;883;-601;314
-82;-285
-372
1297;785;338;-256
-885;1060;-313;-1262
209;-197;158;111;863
-1146
122
125
-977;-38;-7;774;1224;685
1092;828
129
432;-372;1284;1350
-913;1156;853;-600;680;1263
1317;-892;1247
141
-989;62;-1007
-911
1025;-371
-339;376;-1004;-719
-665;-556;573;1054
-835;-1221;-280;-204;-94;175
-532;-1160
-1250;-8;-1146;-1343
-1137;445;-1263
352;256;-633;461;-670;909
-517;-310;950;-825;538
504;428
420
-659;501;279;555
916;-586;-1008
-168
51;1225;-334
-99;1014;1078;-1160;-523;-493
1169;-1287;742;70
-609;-883;1139;724;837
1392;-321;-1257
1313;666
195
1312;-604
-1223;-119;-1159
-84;-904;-233;511
800;162;1026;-1094;-1082;-1292
1139;-681
340;296;846
339;-965;1336;-29;-478
-717
-897;-844
817;-355;677;710;-621
784;-579
-564;341;1177;-1354;1117
-225;-392;-809;907;-268;-956
-215;-489;-1008;-1312
810;-589;-685
1108;1117;543
-737;-708;-1189;-791;492;-862
-1238
-2;-437;486;-443;-1103
-998;520
515;628;-216;1343
-1217;1010;178;-808;-267;-655
-1234;-212;1222
-804;118;-375;-188
1009;870;1162
-1346;-675
-985;-941;-352
832;422
-801;401;88;1359;975
-1201;1313;1347;456;1132
-87;574
-1002
320;-532;-1304
1190;-442
-545;1186;978;1269;933
-881;746;-92;-1294
183;922;-1037;174
517;727;9;1098;187;1291
1057;-361;829
-481;-529;707;-457;-191;1198
465;664;700;-1053;-271
-673;1072;1133
-1021
-258;342;1175;-1006
510
