-1252;1031;-1306;-779
-1378;1173;-810;-268
790;-1306
-954;-734;-575;-1311;751
-151;616;-1243
-11
804;745;-316;108;-304
1152;-177;-158;221
-692;215;204
1237;573
200;331
1312;-563;-549;901;-1383
-193;-1348;-278
195;1175;-170;1387
-995;-979;-422;-1335;-1161
-807;136;955
1310
-1105;272;-735
-616;72
-614;920;-1246;1230
-1186;482;293;1318;1177
-451;83;985;-1357;703
-1317
1188;-746;1354;-479
-997;-182;-157;-495
-513;-1256;-1275;907;-976
42;767
-738;-621;-349;-382
81;-1175;-888;-620
-300
-45
80;613;894
-982;358;1305;1337;-95;-1103
-1346;466;-53;778;-1180
1312;-754;-838;1143;729
794;-223
316
-574
50;163;22;-732;1054;-496
-692;247;-344;-810
318
1088
-881;481;-757;-189
-722;185;602
65
466;-1204;966;-160
609;-139;-127;1007
-1074;1369;-285;1341
129;1364;-666;-506;-316;-1103
1187;-634;1275;-637;-1005;1167
-49;-34;-131;-360;-526
81
-887;-378;267;-1053;-29;206
1041;-419;663;-1197;1022
608;1153;-726;858;-637;111
688;-705;107
840;-633;907
-861
92
-183;89
1172;695;-491
-262;-91
-518;360;1023
-232;-1048;-10;1388
645;-506;74;878;287
-1381
-871
-1369;-474;971
98;-788;-197;267
-275;-854;549;-1270;-758;-573
-1045;806;392;-266;-255
-172;286
-529;-146;310;-1032
-5;-1149;93;653;1293;1023
-792;-714;348;380;-1103;-543
-243;-932;600;425;28
-946;-1139;-1302;758;970
1319;-1197
166;406;-702
514;900
-1329;-753;667
903
73;62
-904
136
-1161;394;-1068;-94
-1331;823;-14;127
-1110;-11;-171;639
-142
263;136
1106;-1348;-1029;-1128;1231
1218;-1299;-320
146
659
-405
1174
733;702
-161;-615;-1353;1225;76;-1376
-693;308;796
1136;661;-1142;475;-205
275;313;-716;-30
1328;1312;-819;884;-24;-218
1075;485;-551;-1211;1259;-125
-401;824
1124;-1063;1126;203;667;-351
-180;-455;364;-1183
432
689
1201;-484;-538
693
1073;-797;-94
439
-1378;936
-581;-1030;1255;170
1012;-57
897;1016;-189
-232;-970;-653;-238;-96;-1328
1250;-549
-1201;288;-1283;-547;-202;-832
711
353;54;-911;15;287
1152;-181;-1176
719
-549;-1334;-790;-141;558
-242;-994;-179;1123;-174
979
791;23;-91
218
-243;-1365;1352;-1147;-1134;1038
376;-158
-593;-977;82;679;331
162;-730;-557;-1215;830
-705;978;1012;468;-487;-264
-529;704;-595;996;1276;175
1346;-820;-150;426;207
-1378;210;-613
-600;-296;459;-1134;1325
1008;-243;-484;824;601;590
-692;-248;487;473;1003
-609;1315;1300;-215
