209;-755;-284;125;-832
-771;-1022
-243;676;1319;-107;-1132
-1044;823;394;-910;477
209;995;-797;-734;-639;703
68;-1101
-1033
-706;1010;-777;555;-654;-720
1089;1235;-469;1224;-124;-127
-926;-1391
-271
783
785;1090;23;-1034;-220;651
193;1301;1338
-465;246;-1192;746;-891;-1021
274
469;-748
353;-635
-886;982;-71
-100;-788;580;249;-942;718
-228;-313;1385;-219;-1164
-1314;134;-988;108;-815;287
912;979;-582
-483;-789;-53;525
1185;1189;509;-31
37;-471;140;-1326;830;1087
-237;-1086
-811
387;-793;361
306;355;1049;-1147;1018
483;-324;197;-650;-778
-588;638
-1299;277;-7;-263;-807
-585;668;-30
1127;-895;590
-596;629;-790;-346;-234
-449;419;406;-1303;1178;319
466;-781
-1336;1337;-831
-789;-855;-1368;-840;1271;-809
-290;758;1386
-49;546;-341;949;751
1255;94
856;-928
-1393;-578;-585;-1356
-673;1187;-628;1259;-208;671
1305;-714
1333;712;-1197
1361
1106
1088;1266;-1248
288;165;-472;-57;-316;477
1142;-800
129;-647;430
560;809
-1371
-1372
-606
-837;-1050
-865
-1377;529;-628;351
1157;991
-723;1050;734;831
358
337;518;391;-26;-30;-319
1129
1344;-517;1189;-1129;-891;877
97;1124;1188
528;966;-267;922;-381;-637
1283;-715;-651;-796
-755;-612;1085;1341;1101
-1394
1094;684;127
-1138
240;-1075;-371;-120;699
-630
673;1269;-220;-142;-784;-160
-1121;-526;-1039
1296;-1092;310;380
-728;-123;-987;685
449;-212;917;519;1096;-1359
1216;1029;316;-639
-802;-242;-487;1146;811;1246
-803;-822;-664;650;58;-1374
-513;1377;-5;-1114;906
-473;553;-1245
66;830;-496
1170;1022
496;-67;867;364;-253;-1007
-838;-364;-572;92
-921
704;-402;-649;136;586;-1296
336;-1348;-934
609;-1123;931;-487;635;-720
-444;287
385;1284;-759;567;473
927
705;-1060;439;-761
117;-311;-313;-1145;1231
824;1256;138;1371;-1375
-1193
426
-428
112;-326;-536;319
-1272;-1179;-1070;527
-595;676;-1125;1348;790;619
435
-401;152;429
-598;1143;-313;-415
35;1205;332;-1133
-698
379;492;1199;-944;-1312
-1107;-182;-296;1065;-667;991
464;660;902;-1240;-809;-430
320;-35;-484;1046;-650
-404;523;-1085
-1218;338;1074;-905
-899;556;142
595;121
-371;1305;1082;1005
-838;1189;-1176;1034
808;-336
473
678;-56;375;-889;1134
160;995;-168;-511
-484;-251
1032;-1257
226;359;-524;-207;-591
103;-1210;-1322;171;942;575
-587;815
997
-1138;285;605;878;991;-624
-563;-183
491
935;-408;287;1215
-668;907
-611;19;903;763;-605;798
531;-1165;878
-508
-255
