369;1050;-1181;-622;910;-1039
-30;798
-1285
-1066;1070
17;1157;-92;142;-32;-160
-523
833;-157;-944
-1293
-471;-312
-709;-1318;-1032;-348;-704
-722;-1237;660;-965;-1112;287
-100;1060;-167;759
-1282;-471;-746;-335
322;1188;43
448;-325;166;-824
-281
-580;-1013;1029;776;-942;-1343
-773;-1355;-478;1038
-641;-146;-1160;169;-1072
-1063;1355
-1236;-86
-554
1324
369;-1285;-953;-877;397
1175;776;399
-1110;-1062;-1207;-508
-866;-1253;-423;840;-427;-736
-1009;-195;570;-333;1213;317
256;563
-1281;-132;275;740;485;476
848;-882;853
440;-384
-788;-1318
316
-1154;49;-644;483;1205
572
-948;-407;24;-1374;-1199
456;553;1103
-1074;770;-1031;-746;1039;-560
-168;700;-718;767
-122;447
840
-153;-1242;172;637
1356
37;-792;473;10;605
-1314;1236;-317;76;910
-1281;-625;-404;-540;-302
-498;-421;853;488;987;-1072
901;-600;-331;-700;812
-23;-748;175
800;597;-583;-393;-1018
-805;-794;233
-342
432;-355;277;-443
-214;-553;9;555;-765;876
-891;796
-53;-299
864;785;661;470;-232;619
1218;631;-218
456;670
-961;-808;-1114;1241
1200;-1283;-793
3;-368
-1143;-280;-1336;265;77
370
-694;-911;-560
-1173;95;191
1145
-635
-1254;22;-1320;635
-852;-537;1004;1278
-357;247;493
121;1387;-256;-96
1313;-364;-815
-803;-53;949;1289;-735
-978;-1110;1253;1246;1006
-786;926
-378;156;-687
273;-840;-649;-491;795
273;-564;-596;-549;-520;-1006
-695;411;43;1374;-1280
-855;-1344
-1234;658;439;-458;1258
1076;-1205;-589;-718
1396;-923;-62
453;476
-780;941
880;433;83;859;-46
-1114;-875;-1246
-419
-932
-1015;262;1367;1164;-590
-341;838;-203;940;-302
-899;1220;-859;-140;-1262;1006
-679
-1395;-1077
1001;715;-269
432;307;-1157;-22;1079;1068
-1395;-692;123
177
-642;463
1111;-1293
457;1260
-677;-1301
-1389;-1103
452;1338;-1343
1010;-396;604
162;103;1147;831
-323;-84;-871;1050;-845;365
1334;1258;778;-1120
1114;-142
-113;-1235;664;223
-1090;233;-43;-587
1232
-305;693;1116;-1295
-685;894
-533;1275;-956
-1140;84;-137;-361;-1051;847
-417;498;1203;-936;-682;811
-69;-154
-462;1198
624;-849
-1349;-278;-534;1166
-1270;519;809;-542
485
-1106;167;-379;-1072;1391
1008;1186;521;-1323;378
1258
-1333;439;-761;908
-494
1325;-319
-920;1095;1176;825;-1342;431
-504;956;1326
-225;384;1297;-98;807;637
-1394;641;-259
-817;-66;162;1335;-493;-877
-1091;588
1114;-1291;411;527
-1140;1191;218;493
688;-627;-316
