-1285
-934;149;1157;-1145
-779
-523
1392;-198;-416
-355;-1148;-302
1080;-43
1264;-1140;601;59
-417;-115
-789
273;-1364;792;-1162;1100;-173
994;-932;1052;30;-1168
1315;1012
-578;-72;622
371;1123;-698
-904;-105;-1069
1167;911
99;1225;-108;94
709;-1286;-735
-290
304;-1111;238;-415;-79
550
513;1061;-711;490;186;-220
553
-323;596;1305
-562;785;-269
1200;-3;-839;-968;-717
-1107;242;-1222;-268
1334
-406;-407;-40;-1049;-620;-1374
-1254;683
1200;1187;-8;239
1381;-296
1341
-1353;266
-211;-1320;-153;-1196
1344;-1282;-1365;911;975
-331
995;469;1157;-54;-188
657;-182;-839;519;1015;-1247
-740;631;909;-879
591
71;-1273;-928
-1026;1365
-931;996;-789;-202;889;635
-56;1081;1321;1324
-250;-606
-657;-915;-56
-341;1303;887;1338;-939;-109
67;567;-1112;-1183;287
946;-1299
-1096;827;367
1074;-1258;539
-377;-556;334;-528
-502;-647;681;1338
-1013;-1381;-766;-1039
193;489;1065;-1243;-1392;-752
170;829;-384
-802;1162
-179;275;339;-1159;105
984;-878
945;231;807;825;-139
-1317;-966;204;494;-319
84;27
1235;-647;-1272;1308
-370
-1172;-117;-1129
227;899;780
-498;870
-162;-468
560;928;129;-71;665;-813
-1143
-1147
596;-1388;252;-879;-496
-522;1258;-462;-382;-1040
1344;-1298;-1332;856;-560;-416
-170;-141;-1310;-64;-752
-644;-87;-503;1371
928;-1081;171;-927
144
-1195;1339
-904;-1291
-372;1063;1247
-770;199;519;-1241;-716;-959
108;1325
314;-796;636
-1042;-712;62
-212;-551;249;-923
-1307;1163;-782
-257;-1138;-933;-853;574;-879
-675;-860;91
-995;1159
-673;-663;-525;671
-937
113;465;980;-216;140;734
-962;1044;-709;1286;-271;-1327
883;132;-695;471;1177;1274
-757;-277;551;-1337;26;-430
943
-1009;-551;859
-722;1106;995;876;494
-369;-1170;-738;-841;761;-1163
-1281;-67;-1095;971
1024;561;-364;764
-965
-232;-736
992;-1395;-452;396
-972
64;769;179;-41
-612;-617
226;23;-1209;1177;1099;942
-33;-1011;-1204;-377;1133
-1191;1015;-761;-185;457;1389
98;-933;-1303;1142;155;1054
-788;613;-186;1343
-1239
720;567;424;696;-395
-790;-70;827;-1006;1183;-1392
-789;1012
-514;-42;-346;-1082;-1312
227;511
-420;903
-996
995
1000
-490
39;878;-639;-512
-1004
48;-276;-709;661;-985
-530;930;-905;538;-1003;219
-598;632;462
-740;-1156;117
-962;-1058;-3;883;298;-1195
378;1147
-884;1111;-1305;-1216
-1272
688;370;-811
-249
-85;1129;-619;-235;-220;-733
897;66;243;1097
