-930;-710;-665;364;-621
368;372;1318;121;798;-928
33;-965;-1178;-1083;-1213;-975
-1202;-1108
-308;-1236
673;-54;-1067;-589
-290;-340;643;-714;428
-2;678;-680;-271
1048
919;-382
1024;-999
979;1043;-918;202
-276;-9
-900;869
-82;407;-233;-909;847
995;573
368;-277;411;973;1118
672;824;73
-467;1207;63
530;-1337
-199;-1177;-715
-865;908
-178;-1129;811;1038;-240
-869;-598;-40;-1209;956;-1359
-304
1346;-106;410;702
674;-648;-333
-499;227;660;678;-1374
-324;1143
496;1027;-958
-980;-52;628;1109;-1015
-4;676;841;970;-126
-195;900;312;587;-1294
528;-1015;314;-1163
-739;-1075;1095;-1322;959
337;741;-150;-1318;1095;1146
977;-581;644;-230;-876
-838
-401;-760;631;253;862
-978;-947;-900;997;474
370;-228;-823;410;604
961;118;-617;-730;458;-270
64;-658
-467;-58;11;-893;205;-160
-82
-51;-1096;-731
-915;1259;253
42;-1070;942
-561;741;-599;330
-273;944;58;-411;812;238
1217;-573;-1247
-1283;1267;-1301;23;-845
602
-147;-150;1158
349
-994;-202;-986;-988
640;-30
325;398;1167
-101
-809;-426;236;-1278;-128
83;-408;-472;970;172;-960
-439;-1288;-440;-1113;186;942
769;-1017;-1034;1385
-193;690;201;459;-797
105
513;1130
112;1189;41;-157;-1344;271
1202;1026;883;-119;-1082
-1234;785;-985;-783;-975
1314;723;-537;728;-828
1072;-963;915;-1146
480;1012;-1160;71;745
-642;5
-1217;-658;-996;-1204;874
-1267;292;1273;378;479
-759;344;1131;-1008;-448;-928
-1238;-175
-915;167;232;-1146;249
-903
-595;1047;-1368;1255;-732
2;99;520;1308
-113;915;550;-346;414
193;1121;-1156;884;-646
1376;900;-901;724;342;-763
-399;-1392;1391
101;-1382;1019;301;1389
1170;-644;535;-905;1020
1360;-440;-767
665
154
-412
-1181
1328;-516;359;587;-1215;-704
-770;-628;-811
-376;794;-252
935
275;618;1035;1311
-996;313
321;418;-57;-1162;-460
-615;604;830;-992
709;-280;666;411;-1356;795
-121;-827
595;-1078;407;615;1183
-955
954
-947;248
-114;802;306;22;-57
-596;-729;1018;-221;-1038;862
-849;542;-655
1284;-314;489;-827;251;-175
-932;742;-1321;-480
-1129;-862
361;-159
-756;-460;-125;-766;510;-911
513;267;703
560;-1191;167
513;-437;-284
-211;1139;303
-66;1139;671
743;746
-1266;1154;-182;-136;-650;1290
-852;-1030;-617;-272
224;-1346;748;-638;1341;-1055
1345;1045;169;-522;-799
836;328;842
-401;-905;-704
403;-271;-352
-1107;-1142;-198;-1323;477
-740;-550;-214;-631;-859;-302
-519;278;714;-699;-510
-39;522
-322;-85;73;-411
1199;63
-1246;1006
-1225;921;250;-1212;764
1271
-690;-68;52;-775;472;-1033
-18;-387;-873
-1160;650
765
