83;51;-1334;685
-312;1228;367
1073;501;709;603;190
-386;163;-1189;-808;-377;1310
-897;272;-1203;583;-794;1006
689;-631;1031;426;542
12
1249;-866;-275;-84;-1019;-299
1064;570;428
-1042
-1001;-811
-407;342;727;-572;699
-790
-1140;1367;-200;282;-1356
-280
-1080;-842;1130
514;-678;1207;1258;1055
540
355;699
1030;473;-539;607
-1317
833;-516;697;-540;125;206
1318
1319
896;525;1005;430
809
-562;27;491
1040;885;566;-424;-1256
-486;-267;797
1205;-1306;-970
-742;-987;-1390
-1028;468
467;1222;-986;-656
-560
-1089;257;-1008
304;689;-426;1018
-1075
-757;629;198;-346;1260;-1038
803;937;618
915;-1229;638;-639
59
-258;1171;1127;-1160;460
828
-451;1272;936;-12;-909
-197;266
-387;642;1000;1375
1200;-1137;-18;6;-457;732
330
1346;-901;-1145;-1183;1295
148;-153;-1357
-498;925;-1278
-1110
1073;-184;-976
1370
-1158;-1302;-1196;237
1075;-262;-615;953;857;650
-996;-780;155;-783
704;1169;-1252
-778;156;511
-129;566;1080;-127
-513;-110
-262;615;59;-302
-228;899;-1246;-1328
-1329;939;-621;-1152
787;-1158
-119
-1289;-366
-1126;-791;-763
1065;159;-80
-870;991
1252;-280;-264;1096;-672;-752
-1061;1078;1293;-928
1212;-797;991
389;1019
322;-254;1293;815
-641
-833;-1265;-54;-1206;202;-302
1392;-81;169;-510;813;-112
-1060;-1352;-92;575
828;1358
140
-769;85;101;-282;894;623
-1329;1235;420;-1318;1046;598
-1157;245
931;-1338;-171;-460;828;-1216
-1175;1259;-252;-1373;-144
244;423
564;484;390
1184
901;-970;-861
1250;-695;-247;926;719
932;855;-89
-411;829
-419;-948;1203
-278;956
50;583;-1032;11;221
629;920;155
-1029;-920;-1295
-257;1395;-1311
1225;-796
-518;-683
-1186;-151;-1145;-587;-190
1060;409
-577;736;-883;-361;301;79
756;-134;1033;-347;-860
-1345;1179;683;187
-513;360;1116
724;-1357;-1358
-456
-392;-799;990
1219;410;954;-461;-830;958
4;1174;967;618
-264;1129;-1051;1355;1087
1242;842;-732;955;-302
1392;-180;452;181;549;1147
368;870
-180;-423;-823;-1161;8;58
-1206;475
-324;-695;903;-1323;-669;1374
1280;-340;-788;-134;-119;-1149
226
704;1121;-598;6;-569;1099
261;-391;-40;-1227;396
-394;538;603
1089;262;-1098;-908;892
-1060;-276;328
241
1393;548;-1384;-635;1343
-1346;-133;-556
981;29
-982;-650;138;-958;-542;1215
-90;-1178
212;213;233;-412
-1176;471;-825
-390;1304;-93;-623;319;-1280
-1382;-615;-48
-579;420;-862
-364;-1150;302;447
834;604;-1101;-1311;-1072
-805;-1113;894
