-1060;-477
704;882;719
-36;-1348;579;-1227;1260
2;471;551;-252
272;1338;188
420;-1333;-490;-669;783
-356;1176;-250;141;-447
-1302;647;-380
1008;1120;390;-151;205
-115;-1179
456;-443
913;-998;1030;348
993;1281;453;-1243;-188
-418;291;581;1098
-217;-1082
-533
-802;-1254;1255;780
723;-806;1127
-22
-822;287
1048
614;1207;-876;-973
994;-965
832;-25;-777
167;1033;1066;-13;-430
224;1393;-1236;-1020;605
-855;-520;57
-808
-986;-1327;-1055
640;913;163;1078;-1304;-171
-769;-66;140;973;-1344
-43
-1325
-1070
992;-1284;393;108;-781;269
-273;321
1073
440;-842;-879;718
-775;1337
531;-795;-972;-1245;606;-224
-1140;211;375;606
-566
-183;1222;-217
-850;-340;-503;-1067;-1148;1035
-905;397;-574
1123;-23;-987;459
116;-666;-1307
1136;-1106;238;-336
274;933;566;-285;-1165
584
-675;-934
-1395;1316
-1361;260;1221;-24;-107;1115
194;-516;-295;-488
836;359;-90
-83;-1317;37
595
-577;343;1191;651;1038
-459;-654
1106;278;-528
438;-586;57
-1057;97;-370;-1384;748;-686
1124;1109;-410;573
219;-127
-83;-772;-983;182;1064;-16
115;1262
1121
967;-1321
1168;24;1209;-1279
-1282;414
-436;-1241;1066;511
-891;-235
-321;513;421
-564;-922;-1178
-1156;746;-222;-544;847;223
-369;257;1241
1130
-629;-1371;187;780;30;895
-817;-740;1032;-74;537;939
177;644;-683;-1084;575
-1139
-1076;-470;-1239;-1176;345;681
811;-1005;-190
-1394;1057;-1222;-811;-63
-242;295;-360;312;639
20;824;-554;477;397
-225;1378;-1294
-898;389;182;-71
695;-58;617;1308;1020;-1136
738;-1283;-679;-713
-932;1194;395
611;-890;1226;-284;508
403
149
-1281;1045;-1241;810
913;779
368;-883;-372;1396;-1005;-941
1219;-1350;-1015;-1256;72;381
210;-341;885;-1016;-1289;-1168
426
-340;22;-1391
566;1273;-332;1180;797;-1006
821;634
272;-707
202;203;-1260;1308;1262
560;-626;515;1129;649
-177;869;-431;-447
-817;-674;1301
1106;883;-1254;1093;460;207
563;-1062;-975
1218
1224
934;-222
-562;436;-427;347
1106;-148;-506;1293;1278
-74;793
-1394;-74;586;396;-1262
-982;102;198;-298
-674;-572
-499;1127;1322;-1053;-831;-544
496;-290;258;95;943
-566;-856;247;-332;511
-951;246;221
913;-1043;-649;-986
-486
-851;700;-79
-871;-1273;-394
1312;976;1349;-204;-351;735
208;-739;-1385;-1082;25;-847
996;1318;-123;863
353;-597;437;-1200
-403;636;-735
674;1191;1271;-523;-63
-165;1352;-444;-240
1362;-347
209;-308;1371
-147;979;149;-730
-510
1378;1140;-56;-409;764;765
832;-327;-1179;-893;31
