-772
70;231;-1373;1068
480;198;-939
-67;-675;733
1255;-732
66;-119;-71;1255;-1368;-544
-791;999;-1246
81;-1170;-1188;-42
529
41;716;1309
-774;-713;1098;-958;302
1301
-259;760;-1309;1343
537
-225;-754;180
-1347;-1222;-486;-1030;809;940
1218;-565;-688
1058;-1096
1319
1393;-579;1163;-655
-549;-215;-361;10;-668;971
1250;1100
-1042;-1171;1317;-1256;-204
-97;452;1207;792;248;266
-785;679;-861;-367
336;410;1355
-791;1206;1175
98;-118;1126;-413;-1262
1074;229;1162;1228;204
-454;822;-429
1382;-409;-1260;-1312
208;-853;-55;124
772;-745;682;602;-1247
-433;-617;233;-746;986
-1173;23;571
-1175;-813;-384
1184;624;-803;-1272;-1338
563;788
1248;-70;605;-351;1199
389;-59
843
941;-96
-593;802;-1059;627;-790;-608
-260;862;-384;-1328
1110
342;-344;920;-106;665;-876
-1266;771;-1389
98;-887;-248;-441;361
915;1336;-363;-766;-592;-624
987;-894
-761;425;-431;-352
-358
296;-655
962;1063;-383
-1379;-9
-364
816;1264;-1364;-648;1065
-1237;598;-143;-1376
-450;435;-197;1269;-826;650
-1042;-34;-404;309;-224
-1300;-1060;247;204
-1073;-723;-1140
322;-139;-560
1146
-801;1126;567
1136;915;-1334;-335
-988;92
383
-282;922
353;-1250
609;4;-550;-1338;-202;-191
1170;-15
132
-545;132;-1001
626;19
-131;-1079;-331;1149
1076;199;1308;-1021;1135
-577;50;343;-537;-443
-491;411;-1182;-415
337;-834;-643;931;-1273;1085
908
16;-370;-1144;1101
-1267;-325;773;966;250
-452;232;472;-1164
493;-894
-145
-1169
-1080;1226
-1143;855;-72;-1097;-489
154
1120;-1278
-901;-1304;1274
-1218;658;613;-1241
1191
482;-791;-171;572;1356
-212;383
-100;-854;269
321;833;-165;965;1134;926
1335;391;-462;-576
803;-85;-1323;75;-416
753;-103;-217
-140;1343
290;340;326;-665;-763;-221
-99;293;1190;-431
-1215
1203;-1382;981;669
1217
-10;-1212
-201
1009;-226;1239;1384;-1162;-1276
1099;638
-417;-1170;521;-672
-1057;-877;-991;-927;-448
-686;-1311
-229;-1319;599;1384;1051
-577;-434;803
213;-457;-811;331
288;-1060;611;1016;124
-438;-374;-172
-465;-1034;-1022;1023
-113;1129;-286
657;587
-885;-7;1190;1097;969;-94
1;-1173;-357;1131;174
-992
1123;375;-762
1219;1309
-420;-837;453;60
-257;-915;-1049;281;938
-807;247;-616;1306;90;783
966;598;-1276;972
-98;195;-389;359;-560
374;-1271;-1112;810;-1339;253
-1224;1146;571
-1267
-1041;384;164;-184;507;926
-162;482;-102;540
-793;1295
-785;342;-830
-1105;-278;199;-206;-1279;879
