947;871;362;-896
-1286
-867;1171;666;316
-1094;-827;1229;1102;1294;607
-984;-560
-124;-542;-1391
1032
265
-1271;493
-1217;1228
211;245;-934;854;-682;-988
1029;-1194;-1387
-196;-182;-410
-1193;-110
177;-1304;-1353;-989;-205;-960
1191;-652
-1053
1222;619;-1230;-480;63;95
-339;-1188;453;-570;1098
112;1042;-26;-1163
195;584;1100;1022;303;-1376
36
480;1316;-992
-723;-951;472;1178;-1294
-1315;108;-112
-577;-930;-68;917;1209
-808
1317;-123;-126
301
-303
1364;566;-811;-48
-727;-11;-157;79
435;1139;-488;-13
-343;-701;-286
50;547;-903
-561;-962;-979;-791;1004;1213
-500;-135;535;1271;-605
3;-1158;-1129;-79
-1301;-310;-808;-716
-99;-341;-845;-832
-1250;-1224;-589;-205;639
1312;281;1241;-123;1164;-222
-870;-279;952;252;1038
784;355;376;-1184
-1265;1026;-762;924
-705;782
448;-562;133;582
-859
-1329;617;108
-1265;593;-766;-111;175
-351
-1377
-633;989
-978;1078
597;229;1382;922;813
360
618
1188;-855;-952
416;915;707;24;250;-1181
-621
-900;70;57;-1132
183;-296;-9;1243;-398;670
626
-450;1223;878
-1083;-1084
630
534;903;1244
481;949;-326;166;-395;-494
-917;584;202;-508
628;-441;-1082
209;134;-601;714;-348;-494
677;1054;-1344
-817;-1383;-494
834;1176;-843;859;1372;-448
-979;842
-20;-634
-911
-145
914
-407
-1096;-592
-753;1296;-421;1145;-109;-494
-1306;-383
-1393;470
738;952
412
819;567;-188;-1230;-1150
119;40
415
848;277;695;-1145;-1230;717
-243;1206;-799
-388;1109;1335;555;-142
672;1091;-318
1207;-16
-1194;-255
-1025;1357;1166;1231
-978;-756;297;-74;572
427
1188;-761
-602;174
-866;-1187;483;-591;-1344
-484;-1060;-550;637
-691
1141;63
1232;102;383
-1377;300;895
-871;-856
-499;995;-518;853;-128
962
-307;-72;-1353
-819;1352;-730
1042;-77
865;531;-982;508;1325
666;47
1088;401;-324;-613;-1272
-209
-723
-967;-12
1200;1076;-870;-742;422;920
627;-157
-1099;410;906
-220
-1243;767
-476
-513;615;424;-1005
-1047;967;686;-128
-177;339;-1063;-825;1246
-337;-168;937;-941;1245
-103;331
-1218;-1125;-1215
-1332;484;-647;1050;-396;-927
800;-1372;459;604
-1233;-306;-1003
292;-757;37;902;-203;1246
1120;-117;-725;-604;-942
773;-424;809;366
308;-1036;-126;-416
-881;769;466;853;-110;174
-804;51;500
166;-744;-29;-1182;767
