529;-531;1107;181;933;-939
-81;-1202
-309;1045;-475;-685;1084;111
-1121;-419;18;-227;-581;-1259
-49;499;1177;475;-989;-1118
-7
433;-630;-262;-310;-328;-447
-1042;-1157;342;-459
-676;-856;-1272;1226;1054
-1073;-914;-339;1290
433;1282;-423
-221;702;-1008
14
-1096;1272;267;-524;-959
-1276;766;527
1024;1394;-652;556
-1300
-625;604
1283;-265;539
896;-642;1313;-938;-1355;191
496;609;-90;-571;1118
-1061;-1114;-1200;1295
-1105;1070
-51;706;708;485;453;-471
548;101;885;-332;-1244
224;944;1251;11;941
470;-200;-618;1322;478;1151
-774;-550;1370
-305
304
1233;292;1080;-507
-572;879
-97;19;-309;-502;-189
1191;-555;959
-612;1317;86;-1049;-923;-416
-547;1139;-216;571;974;-1344
89;107;-332;1228
260;456;313;-366;686
-584
1184;-600
900;1174;-138;-123;-716
-1004;-350
330
-1099
-841;-1162;314;586
418;682;1194;1322;47
-35;-377;441;-203;383;-128
144;168;540
385;-986
496;-1076;1181
-1114
1370
-347
-274;258;580;-1337;1375
-862
596;-425;-1036
-865
-1378
785;721;726;1032;-863
-1381
-357
517;-1003;-1116;158;1086
913;-115;584
1219;-1115
-66;1269;-1063;-538;-219
261;197;-823
392;856;-730;109
-243;725;-841;-718;815;-1392
-658;1033
891
-276;102;-855;-1048;-363;1291
337;-710;-22;-1351;-1143;972
-803;1123;-1333;-142
-138;1036
1319;218;491;-1325;973
-897;-339;789;813;1311
770;115;1128;-847
-37;-619
400
402
-472;-1051;-479;830
660
152
-410
922
-310;-473;1385;-734;543
-439;758;606
595;266;-364;684
561;-889;-986;-892
1110;202;1180;-31
-961;608;-1342
-672
497;-535;711
1362;532;981;1001;445;-1088
-610;-1096;-1066;1193;-122
-426
-708;-475;-1035
625;715;-877;-639
660;-1049;-985;445;-256;1007
946
1329;-517;-663;-956;-1310;399
950
-450;-152;-1289;-1370
-1000;-952;-285
-1187;2;-468;115;-190
528;-1232
1154;-230;-86;553;-175
448
-194
1217
-151;-717;-991;-687;815
724;-920
185;-1152
771;-841;394;-527
-974;-47;-1119;814;-672
752;-594;659;371;811
317;-526
848;-771;547;-661;405;-160
-18;-531;-696;-425;-942;-414
402;-87;-1295
-212
725
1045;-428;1132
-162;-615;-712;665;1039
1063;-586;973;207;-928
306;147;277;-1324;1180;-368
-196;-1210;-864
-370;850
-1281;978;1190;-1273;1353;798
-436;-502;-492;-367;799
288;-1329;1236;436;-1119
-1363;-24;-383
-405;-1015;-286;-974;1166
-1006
-1109;-246;-1254;-431;750
-23;779
-354;857
-849;-1095;-25;203;731;-494
721;-467;-54;613;-1079;-1008
-1018
