1121;578;-790;-909
977;-1140;-351
-1283
-1028
33;-514;-133;-766;863
-162;1011;-807;-815
643;-854;699;-494
517
519
-521
-948;-68;-1270;806;283;-861
521
1139;-1013;871;136;-351
560;-576
1237;-1239;743;812
1346;-231;-607;-1296
-235;1279
390;-921;652;1134;414;-112
-689;-1090;-326;-104;649
-284
-1330;-252;-813;61
1237;1097
-800
976;1181;-334
1152;-99;-1396;-1126;155
-234;267
-71;-476
-650;-1180
-20;342;25;571;-959
-1218;193;1068
-556
290;629;-199;-392;-90;-283
-558
577;163;-1305;-301;-1229
232;650;700
-786;1220;327;-1321
-657;609;-440;616;93;-526
1207;-1386;1116;-992
-162;-323;293;-441;-446
1176;159
-418;212;-619
897;995;-1045;23;681;1067
-1267;-554;11;-1326
-561;645;-1014;870;1255;-107
-180;-910
-325;279;523;1132;1100;686
323
-1346;364;-879
1349
-355;995;-823;1223;-1370
-561;576;-373;-966;1037;-1071
-262;1094;-395;204;205
-1300;487;586;-1022;-687;63
1098;-1004;-943
-786;-996;884;-1309;1102
-337;945;-631;812;-192
-705;-662
789;-361;428
-91
859
-137;345;-303
352;-1016;-746;-94;638
1123
-1233;-707;573;-1296
-871
-913;-762;554;1227
480;1088;-24;-700;31
-424;423;-365
-962;-1223;504;-1199;-1328
21;348
1142
-945;-434;907;348
946;-324;598;1208
1267;-199;-1337;143
897
711;-572
-1165
-92;604;-910
-549;1092;39;-891;-780;429
407
-529;609;578;1321;221
-1074;-266;-846;1006
1221;486;-938;-1181
818;565;919;-1309;1149;-192
544;-1215
-1185
450;51;424;1274;1036
-1123;-613;1223;445;-863;254
329;779;-431
420;-582;840
-977;1299;549;-1296
-681
-1252;-1065;379;-1244;-62
1029;424
1041;-66;1378;-717;92;749
-1298;-980;244;-1212;-256;1023
-961;529
-820;-661;1320;-271
406;281
-1235;-392;-1388;-1165;-1246;-1151
-658;-101;-951;505;-539;1055
-274;152;348;1230
-785;-579;-537;-1033;-1341
-37;982;-250
1107;650;-544
978;492
-194
-1078;694;-329;1192;-252;991
1170;-948;-1221;70;760;1391
198
967
411;300
34;-984;1178;794;972
-284;79
752;-292
-208
-1204;86;702;-304
721
1057;-1124;-399
470
887;-572;654;-240
-579;-483;-919;-800
1247
-225
-994
-146;614;-1034;-76;413
906;1227;-574;-815
-1003
1200;-1057;1190;-185;141;-1055
674;1259;860;-253
1299;1241
1216;556
-92;1357
1011
912;675;678;1242;-1326;-1167
-1015
770;757
1219;-216;269
-1346;1154;-1082
-1193;174
