1028;-1288
-291;-181;21;-1239;-106
-1289
-1189;918;-1353;844
-1217;-1202;-466;-773;1290;1325
530
1330;1284;-935;-1098;718
81;-247;733;990
277
609;692;1335;1351;-1037;-1392
-769;-1089;1204;-1097;1147;-1214
-795
162;837;-717
-977;180
-232;139;28;1374
537;-507
-548;-344;587;-752
-804
504;1069;-511
-23;-792;857
752;996;-86;476;-303
-47
-805;-1143;953;-1340;700;-1229
595;23;426;542
-1079
-55
-825;-511
568
-435;1301;-938;-811;826
1204;-1174;588;463
-674;-52;1076;988
-198;-1254;-1049;363;1309
-809;-697;10;-1259;1194;475
574
704;980;-329;-346;-492;319
-1283;-1172;-430
1026;-1028;180;-299;957
-68;1161
-722;-739;-1368;-748;-604;1036
-75
-1099;255
-1058;329;60;-141;508;-798
1312;-839;1351;303
1201;405;795;-1039
1392;804;-869;549
80;54;1208;536
386;8;954;-236
1345;-291;-1367;-983;-330
-357;-477;1181
-582;-105;-1149;-48
-2;-1252;1124;104;1259;-1325
93
1118
96
-51;1014;860;-749;46
-946;-515;1078;479
-1347;1187;756;678;615
-849;-33;1286;-1271
1075;-463
357
-722;689;-326
416;-1105;-260;563;651;1374
105
-1026;-980;1131
619
-458;1242;766;-208;-976
-196;-1110;54;247;892
1137
114
-577;-1139;1085;-751;495
1104;-196;-549;-935;858;93
1264;896;-228;-1301
312;667;-957;-142
-1047;855;71
-579;-1156;1045;1322
144;1218;851;536;473;-795
892
305;-340;-1014;-104
-1014;-398
516;116;344;-570;-1388;-1199
-468;-456;-13;1326
802;-358;713
-1105;1241
-520;-905
1377;292;-600;1015;620
-354;1223;937;-126
-664
663
-85;1078;-617;-524;812
154
-925
-71;8;-1375
-1313;-593;-1339;445;-270;607
772;949;714;28
1186;646;24;200;185;990
-306;227;-32;527
883;54;1272
755;-359;-703;-624
57;617
790;999;-73;-784
-241;56;104;1162;1389
-685
685
-888;457;-798;30
-1191;-1337;-464
242;-229;522;-156;-1070
-849;-659;-1033;779;559
1187;-1007;510
544;-965;-783
978;-499;-613;-120;-443;877
-561;-995;-283;1035;-926;781
-950
1377;-1351;476;-1197
738;-806;632;1337;-1322;-1278
97;1283;-501;-925;-1150;-272
1316;532;904;252
-445
-510;174;-367
-1202;1333;330;-44;542
-978;-466;659;-936;1098;429
1009;49;-92
-481;-1077;1097;-252
-673;-740;-791;-232;-411;-430
-354;1107;988
545;724;-710;716;-463;-351
-454;-731;204
470
-934;-1336
-1;-689;786;40;-506;-1133
-1248
224
215;-830;-1151
-1204;-120;-1304;616;745
-321;-1202
772;1157;876
-1031;525
-834;-887;-408;-169
-977;945;-179;181;-479
39;1339;924
-512
