-597;-172
-567;-139;138;570
-3
-417;401;-916;1192
-773
-1321;1326
1032
624;939;411;-941
-1202;297;537;-828;-205;365
-383;1166
-1058;-420;-1364;-203;-1276;-48
476;-1007
120;412
985;1083
-790
-180;613;6;854;-984;-1357
1227;333
-1156;-261;645;342;-876
-148;-1333;904;969;-619;510
-961;197;1304
-81;1122;270
481;-444
-53;215;-923;-816
-786;290;-197;990
424;-953;1338
709;-696;1226;-1197
480;225;-963;-809
-44
812
179;-480
48
-647;-460;30
-1121;1040;322;-188
82;-487;442;-139;-464
-229;68;-406
-825
595;123;877
-305;-21;1367;-841;171;-943
-1221;-634
577
488;347
832;-259;-260;1364;-424;862
1385;732
-1026;1171;-969;-1295
368;-675;102;-446;-47;-1167
514;1352
-1211;623
-1356
-846
-847
128;1393;-1349;1015;427
1102
-1369;1289
-1161;-1211;-781
850
848;836;550;-362;-1275
-355;-532;309;-1258;-27;-16
1249;-185;814
-595;-260
87
-90
1156;967;-800;-720
759;-667
-467;-660;266
2;-320;-1312
-607
516;606
-612
789;933;-906;-187;893;-1167
272;-1074;41;-412;365;910
-498;-68;-166;647;621;-639
481;-549;1273;346;1116
-879
-833;-818;-276;-491;764
560;-387;966;1191;-1209;-1002
-731;-315;411
-981;-570;-620
1147
-636
577;857;-1051
-785;-1222;854;552;-473;-1104
-129;-339;52;613;958
352;-803;1292;-1229
1158
1302;-1166
1160
-332;-701;639
-337;-1026;1363;1094;554;794
-1089;946;4
1352;-188
-769;1027;920;1337;1162;-207
945;-531;981;282;-1277
-34;-324;1014
-114;-692;-630;-1273
660
624;-1031
-1175
480;-1026;-792;1336;-410
-1205;1242;381
501;1115;-173;158;-1183
-677
-1195;-1277
169
683
-87;-89
-435
107;-1037;142;-128;-1312
852;-214;60
1026;533;565;1082;-204
-1141;441
-1041;613;-56;-956;-1310
-446
1248;-1064;1322;94;-783;-112
-1137;-1000;-109
352;-531;-516;164;-506;-442
866;1382
417;1319;935;503;-316;-605
-760;1384;1373
-532;1284;1247
-548;646;-633;571;684
995;1303;-1307;-524
-993;-291;131;-85
610;-116;-743;-686;-815
213
130;1046;-1338;169;-1247
291;-509
-599;326;-716
643;963;1045;727;1194
-1202;-311;-72;-632;906;-1215
-737;-1205;-822;-648;-810;669
1104;-249;826;-1307;109
-1000;-1277
-131;242;1204;-523;205
2;-1318;827
-225;1281;-630;-855;667;1023
-226;1045;245;42;-574;1247
-614;1173;-582;-174;-464;-96
-1079;374;-138;-685;-1038;14
802;-41
-19;-1256;535;-539;-1116;-928
