128;-866;-550;-1174;218;-1088
628;-423;1223;1131;-300;-1232
-81;-356;441
740;-586;1293;605
208;289;690;1094;-424;-316
162;645;-1068;235;-638;-878
394;1148
115;403
1057;487
-919;472;-331
626;1058;772;57;442;639
660;-928
439;328;410;-395
803;741;-407;807;1049;-668
1393;-54;349;1149
-322;741;-906;238;1038
-1078;1262;559;815
736;182;760;137
-1050
-692;1204;232;-206
-417;1146;-703
-1011;1294
-484;-1029;116;-134;478
-773;-743;972
-333;1133
771;1236;75
-151;-1320;1038;398
800;996;-441;1132;30;-943
344;-1113;28;702
1329;-50;1163;1356;-1054;1391
-939;-223;606
-301
1378;-661;37;486;-1196
1345;741;376;-1086;350;-400
931;1204;-634;-332;1183
-1078
-1337;105;-204;-253;-670
-1080
-1337
1395;-808;-272
1201;-804;-1100;-606;-31
-723;406
-122;59
-1205;54;831
1344
-885;-718
-824;-368;-1184
128;-246;1269;-715;-109
-1139;212;1094;-302;463
242;-19;-717;-349
1065;-813;1359
1249;-1010;310;-105;-697;847
-579;-163;1078;457;665;-348
999;-1344
496;145;-293;-885;1189;204
-1307;958
-718;-143
-19;-331
-95
-1121
-865
996;52;263;-699
1380
601;316;-1262;-990;-495;-320
148;-29;495
3;-618
-1075;210;153;351
-245;885;-38;-1129;-862
882;285;-1118;-416
-99;-1173;1161
-1138
-787;514;1288;634
-884;-1063;-1276;-221
-1332;-981;868;-236;206;1359
1056;1360;515
1140
-513;-230;-824;-345
-499;293;-987;-463
643;-1092;-699
-707;1250;1116
-103;423;1083
-730;426;431
-961;52;487;-1243
1127;940;109
-1221;1349
51;-105;-841;363;-925;1069
-225;660;-651;-1340;-624
-555;-205;1151
-180;-1222;-1066;970;347;-1036
21;118
1280;692;148;325
-654
-778;426;207
-1304;-908;-1166;-96
448;-1299;503;1289;-28
914
1272;155
1174
880;180;1252;501;-922;-973
-665
-3;413
288;637
883;70;1275;748
-677
-537;-1147;1151;367
-689;162;-147;-675;671
-243;-901;1318
1221;-267
-472;728;-1228;-1198;797;-607
-1274;315
596;1237;1193;411;-174
-868;488;92;479
-545;-434;89;682;-14;1183
-323;371;-1112;-1084;-1278;158
-1076;-101;-845;-478
1360;1170;1288;-381;1132;493
260;469;-694;951;239
-460
-324;-557;-1117
-515;1302;429;1054;-784
1172;345;1115;412;-16
1076;-94
-780;-204
-165;-319
-146;210;-452;596;20
-739;-54;-314;109
1017;-1248
-1128;-667;1388;-848
962;1362;-932;-567;-1353;1273
-339;-873;-815
1280;-274;-486;1144;-1213;-1198
-1003
865;-165;559
-684;191
-163;1125;-150;-1273;826;-861
595;-1333;1227;-736
1144;-1356;1133;1374
-104;-138;1003
-933;773;410
-387;338;-629;-534;1196;270
