769
3
897;483;1257;1323;-318;463
-705;149;-7;40
-1291
-562;385;-792;667;-477
-14
-836;-1229
-1249;-1127;-858;654
-134;-398
134;-1240;573
384;-564;-24;-1326;-287
-1188;392
-902;837;-221
-321;561;-1379;332;-335;591
807
1201;1282;885;-27;1387;-77
-376;839;1370;-253
-321;21;-72;-187
1159;1193
130;-804;980
-577;1265;483;-185;-1295
960;-1270
352;370;979;1300;-806;-348
866;-923
-1252;-421;-518;-1195
-33;-298;1225;-955;-1279
-1291;1053;-591
213;710;-809;-521;602;125
-1033;1354
832;1236;1097;745;940;-176
323
1185;-552;711;-170;-1387;-111
-582
1202;404
1170;-1221;262;889
844
286;-1391
401;963
-247;776;1256;351
-388;732
-17;387;856;-891;524
-93
1315;569
-913;-613;1145;479
-865;337;962;966;237
-22;187;-1053;-496
872
-529;1152;163;-1190;790;-25
-434;-1060;-1115;987;1004
807;-713;267
1104;934;-1276;879
106
1130
1364;-234
-814;190
-887
676;-107;891;-991;-1104
-737;225;-726;1286;173;158
-1186;134;1178
-120;1018
1360;-803;-693;-1276
-1156
-674;75;-813
-594;579;1094;-584;-1115;1263
-388
1330;-1044;-262;-44;347;63
-433;-1106;-355;787;-54
-1361;738;1015
-1163
-753;965;58;-731;-704
1090;-404;740
689;482
-451;1254;-825;1323;894
802;818;-1079;-137
1110;-107;542;655
-246;-662;214;262;584
275;-686
-343;744;-523;-799;254
-309;-1176;-1231
-146;802;-244
387;254;1055
932
48;116
84;-10;-1008
-682
1315;1381;-589;111
-939
-1300;824;282;876
577;-749
-565;-888
-403;949;901;616;158
-643;1395;613;859
-1042;-595;-846
852;-428;12
-1157;-616;-716
-354;2;659;-68;-154;-270
957
948;87;-590
372;999;-601;-1369;-154;943
513;-757;1220;-976;447
-661;-901;1114
288;-627;1316;-1178
992;977;-871;-108;1003
1203;-1156;198;534;-431;1391
-42;172;-1102
274;-278;1307;-556;-446;927
946;1308;190;-448
-1380;-442;-176
828;-366
-1232
-760;103;-767;1215
150;-615
-1009;-1333;-270;351
512;-1249;-434;-184;-361;1246
-977;-630;-1167
470
982
1238
145;-82;1080;1288;601
764;974;-752
149;571;236;-111;1198;-800
-477
1244
198;-59;-283;589;-224
-372;486;1131
1254;-264
1078;-1304
226
659;1111;-508
244;329;-702;-878
1008
1319;712;681;985;-991;1375
-1345;848;325;-1002;-860
-755
739;-73;698;-1036;-493;-1358
-582;554;-223
-341;-937
1325;-815
322;727;-248;221
