1057;6;-1336;265;267
-322;218;-412
600;-1084;749
-403;-648;-1037;797
1105;1237;550;-856;826;732
-517;-437;317;623
-266;186;863
-18;370;-471;665;972;-1246
368;-1254;88;-1194;-1103
-23
1234;771;-1207;-75;-1259
546;506;42;-558
162;-138
966;-682;-255
805
-1126;-252;572
-1186;-217;-1197
1;691;372
-43
300
1098;-798
44
-129;-194;1349;236;830
356;-69;-1177;842
-646;985;1163;-1038;95
465;-1026
50
-820
294;1303;-395;-1374;223
-1377;-387;-566;650;954;-864
-99;1353;10;-443
212;-1067;667;-1150
-1363;-771;1202;1091;-729
-612;-470
-833;-1012;54;1084;765
736;-311;151;-79;-1248;-1104
-234;811
-68
928;564;-1354;-716;1086;-1088
273;-851;969;-461;-941;174
1380;-438;358;490;779;575
-690;-836;821;-395
787;1080
-631;-1239
1358
-79
-553;-1322
-26;111
1219;-8;-680;-1017;1342
884;-794
-1271;102;-1051;-1102;671
605
-814;253;1167
94
-97;113;-624
320;-487;570;749;1231;-1264
19;1221;389;534;748
-405;-42;94
-99
-593;-529;327;-328
357
-104
-1027;-755;398
873
-882;-757;252
-561;260;629;-1353;-621
-977;-786;-1363;538;1198
178;-120;-1035;-622;670;-976
628;-924;365;813
1104;-734
-497;1124
116;1382;1289;-1391
1345;245;1349;-984;-1071
3;-11;-624
322;-1172;-358;135;-859;-1260
786;-998;-121;-876;318
634
304;331
802;1322;-765;47
337;101;1225;-890;731;158
-785;370;-852;-584;263;-1355
-1034;1098;1083;-1293;-237
-274;987;571;-383
-774;638
-1334;427
-1201;-219
-498;1108;-286;-976
626;1322;-892;909;223
-561;-193;1120;542
528;-869;182;-856;-921
-1317;-504;57;-941
256;-689;450;882;908;-127
-81;-966;199;826;-124
1121;-1396;99;664;1245;1230
-451;-950;-278;293;-359;-460
1232;-556
1251;-69;822;-920;1384
132;1353;473
1394;698;14;-912
-1110;361;1181
-689
689
-888;-1340
436
50;-582;-1015;-952;-1194;-1356
763;1213
-1122;114;-380;-590
-321;448;1073;1348;39;414
690;1371;444;-1134;-623;-560
-1377;-846;239
-1075;-765;-1070;926
864;-315;-1388;-652;-1261
-1217;-1284
404;-1376
-1363;-356;-677;-1392
824;152
721
600;378
-977;338;-518;407;282
1368;587;-207
-1219;-805;-905;1277;669
678;-136;42;399
584;-125;1292
6;-1113;888
-1074;-1193
475
-732
-1203;-451;1175
-516;-1159;1257;-61
-70;-1335;-23;1126;76
-741
742
-727;-1240;985;351;-880
757;-1174;-1354
-837;-1322;-1071;-591
-133;-104
-900;655
289;219
535;-25
-1031;263
