-513
1350;378;-700;571;-317;-1024
-148;-1391
-705;-451;1218;-1245;924
-802;-53;-429
-56;1340
146;-212;-1013;-1230
-1285
-7
1297;1330;1220
-705;-136;234;-875;-220;670
82;-1258;987;-908;318
-529;1121;580;-1271;1390
-1042;913;-292;-517;951
598;74;110
-609;-1236;755;44
-711;471;729;395;-908
-24
-291;1202;1240;329;713;415
486;-1063;-602;700;-61
-854;1031;-859;75;-124;447
-1106;-170;1274;798
-327;168;1310;-319;223
1312
708;1157;472
-290
1065
-1155;1314;-1030;758;71
-946;-1225;-1339;139
305
546;51;151;-698
336;-578;866;-474;713;-301
-673;1363;-998
200;1193;-60
-129;275;390;-233;681;1373
-692;-230;-412
-82;-743
-577;-180;-1396;-1367;-298;685
567;873;1003;-334
-1331;563;597;1179;590
-577;-851;86;-201;-58
1152;-1084
1233;931;-1015;473;-573;-1375
706;482;-1191;841
-195;-692;520;888;-11;333
-1100
-332
-335
-146;-371;-856;187;-174
1041;-178;-182;1014;-862;-751
755;979;1208;842;139
640;-290;-4;-185;-1210;-60
245;-41;906
-529;-1253;-1014;-366
1370
-348
-1361;209;1282;-548;-41;365
-607
-1317;-422;1269;217;844;-496
-953;89
-1025;1050;-220;-159
-723;-998;-172;-766
-166;-566;-1145;-1034;75;171
-1174;43
1234;733;717;751
1345;231;-1128;104;-267;-175
-1393
752;261;936;-42
-755;639
82;-62;1119
-1089;-1285;823;-618
1026;-611;950;-872;204;-320
-122
-1362;1379;1048;521;-540;-157
631;1340;1052;158;15
468;-1110;-1070;-350;-624
1297;470;-617
293;374;-778;93;-367
1152
481;-282;1210
1155;-1301;-310;75;767
-202;-443
568;-958
-1059;1380;-152;-1176;1386;779
1352;-10;1002;-670
-1107;648;62
580;966;-683;303
-409;715;605
-454;134;-281;475;847;-64
400;-356;-192
1010;1074;-516;-1272;894;239
515;-38;1191;664;860;-224
546;764;1149
412
1296;-385;-609;1;-325;-137
-369;944;-1378;826;-639;782
-937
-180;-214;-1312
-659;-164;1095;-1211
-325;1065;602;367
817;-1011;387;1286;236
899;597;-696;1337;348;766
432;1144;206;-64
913;146;-328;220
184
-1132;-78
561;-1263
702
1200;1040
-994;1185;149;1286;1128
144;145;-483;-344;-1337;141
200;-1167;510
467;-773;885;-295;838;-409
674;-99;-261;404
462
1231
193;-835;-1302;-223;-1119;-512
-1380;756;1163;445
1105;1160
-97;-1315;1303;-684;317
476
318;670
-1041;898;-1316;1237;-839;72
163;-587;-1083
-289;422;1278;1375
1312;-178;130;-952;938
-1207;-199;1318;-1068;-1119
131;-853;-473;-1292;-557
-882;-867;933;822;-1003
-849;-436;-1004;620;975;-816
18;722;-531;-1216
1171;-678;-990
1249;114;1331;364
-123;-1147
-247
-653;-366
1024;265;-782
-766
-131;-1339;-363;1052;1292
1186;984;-123
