1024
1218;-694;888;637
-99;-672
930;357
293;392;877;493
-11
-145;1090;294;-1002;798
-558;-735
801;-1091;423;648
-1182;-768;-880
1376;-355;-585;1034;-1197
642;146;1225;-203
19
-1143;428;1246
-537
1305
629;936
882;-1037;1038;158;286;-1360
576;-233;-1067;-1357
-1058
1377;-183;-504;-717;830
1122;1092;-726;-937;-637;-207
-531;-949;966;104;457
-932;155;-1196;-893
-532;324;1050;-893
1202;-741;-1013;1082;-1260;1037
-1029;423;1064;-251;250;1391
312
1248;608;-518
592;-225;1282;1323;1116;-446
744;761;1370
1026;1239;-157
843;-1229;1309;-894;1055
-945;1216;-844
-832
-1142;-974
-2;19;725;-632;727;1278
723;564;-295;-344;-973
896;390;-7;-795;-925;1277
1348
-1089;144;-740;355;1212;-976
481;-1065
1121;920;-687
49;918;-1016;-282
113;985
324;-630;844;684;1166
386;74;796;-144
-498;885;-298;-622;1390
-1250;1282;-214;1256;808
1154;-838;-887;221
-561;-612;-1163;-1343
-1361;771;236
208;1201;1380;-1148;1275
626;389;-168;-1177;-1309
1009;-146;870;1224;1244
-276;-1303;269;-846
622
-930;295;554;875;-1164
181;894;1342
372
629
852;613;-1370;537
-483;1318;1084;494;1086;-560
517;120
1041;-436;692;763;-1166
-258;385
1361;-886;-872;267
-644
864;1234;-552;-106;-14;-270
-290;-1062;-319
394
962;1110;-654
237;158
-801;-995;387;518;-1051;1290
304;-1251;-441;555;-1101
-914
-308;-26;991
579;1045;-455
786;-934
771;-1177
49;869
-1059;-277;1174;-1015
-611;-1124;814
1179
1380;1108;-1052
177;-695;-665
-530;115
225;-827;91;927
-289;-500;-1109;-568
-517;731;542;-336
-466;-1155;211;-199;-125;797
-937
1077;118;-255
1232;1045;457
-545;-690;-595;-1045;-137;-1261
-657;2;-565;-183;-1047;479
1203
1171;-310;-1142;245;216
946;-1268;996;-1369
-641;-567
1049;-95
-180;-236;-413;-1390;238
-445
-337;-741;-1095;375;-696
-167;-311;1241;-380;-845;1164
965
-612;714;-300
-145;1298;-581;906
-307;-886;-1054
-711
-712
625;-186;-1263;-656
1009;312;-491;138;-237;1260
-296;-1372;732;478
-1000;1015;1145;-109;-848
858;-399
816;420;1081;-315
-213
-726
545;-983;655
-1060;-952
-852;536;1307
144;872;858;141
-1015;-439;918;-715
356;-566;1222;-298;-941
1249;-187;236;-816
832;-747;143
-578;-713;-1038;-702;-784
-1052;-204
-738;-627;1124;729
1062;202;-699;-1311
-1025;-818;50;1043;-1316;-728
-515;-260;1012
-1395;266;779;1359
-1269
1088;691;-152;43;-1167
640;147;-212;956
-567;-840;-664;-651;-1117
896;-549;-487;486;-1292;-1357
469;1321
