1072;-497;-291;403;168;939
512;-243;-823;136;1338;107
-166;950;-268
1157;-128
-354;1128
496;1074;-24
672;-265;-1338;-362
577;1108;22;-1163;1263
-530
6;-1307
-1107;825
-156;-638
1305
283
-1028;-1190;295;-220;-192
-306;546;291;-519;-43
561;-1044;952;1293;-768;1087
-1317;678;-413;1342
1016;45
-931;68;-889;186;-958;-1359
-557
1238;712;1228;-574
419;-405;-320
-769;-100;-309;-503;-1032;-1178
-1330;-1267;227;484;1287;-992
41;1007;1055
-1337
-1221;-25;-1291;431
-801;1330;916;150
-737;1073;-74;314;94;414
-1281;-743;278;-1336;1211;270
884;149;-198
-310;635
-642;-227;1017;-1244
-1241;-1136
-887;587;-1053
1288;-446
784;526;943;127
-721;-1174;-742
-1359
-1345;436;-234;-1068;-76;925
-1233;855;1225;-685;1199
-507;588
1233;-146;-1259;-59;1339;1023
801;-41;111;-784
-857
1250;-1383;-968;-528
-426;333
357;294;-558
351
-593;-210;-522;41;-302;718
-212;1017;-718;782
242;1015;-1212;61
-963;-1127;703
1000;-893
-1266;1329;347;-301;511
-674;-579;-1350;949;-1319;1066
-1380;102;-184;1196;1325;-687
-242;-51;-998;-569;974
-761;1390
-1204;659;1080;-912
-118;60;-576
-1203;99;-652;-238;335
1296;962;659;-1258
500;653
-903
-758;188;-78
-82;-1396;1021;-191
1165
1285;934;-283
-106;-253;-814
883;260;-1143;-619;1279
1058;298;842;732;-734
1268;-346;-1072
-1041;-534;-807;-8;-832
-663;1001;-363;-799;975
785;-472;1118
-665
-711;-521;-1034;-876;941
484;-917;805;648;158
672;-514;-1338
1284;-647;799;-256
-648;280;-92;431;-128
-160
-883;771;-232;-1228;-893
-1078;424;1179;-1038;-848;-80
-689;1177;-907
-545;-993;-529;625;255
421
-35;203
-432
801;-930;1362;-613;-664;735
690;-1081;-350;-464
874;-336;-976
-1201;887;650;-780
-466;1166
-209;-496
483;-855;919;810;-652
-1363;329;1227
1217;-243;1187;776;699;1166
450
-411;607
-197
-705;-412;-1292;-1375
200
-716
-561;-578;226;-567;25;-29
50;921
759;-1081;-650
674;-119;-1274
-391;-232;472;154;460
789;1366;39;-57;121
-737;4;900;-891;-255
-582;556;238
-903;681;-429;-846
491;781;-911;367
217
891;764;-1181
-993;-902;6;183;207
219
723;186;-396;-716;956;-1231
1345;-792;-458;-236;397;-479
-740;1172;238;-448
-154;889
752;1012;-1350;521;539;1311
514;-596;580;-477;717
-689;206
-385;1192;937;-587;-527;110
230;-24;1385;-94;782
1329;-403;148;1175;798
-115;1370
293;1000;168;-540;591
-1259
738;-868;166;650;829
-806;-714
-1332;-838;-1096;206
938;331
-1379;-470;-1015;326;-1146;1386
982;1288;285
1250;540
