-1041;1075;436;149;-170;1343
-771
-1026;1170;-616;-349;-207;-1024
-98;-965;-1145;-827;-46
-929;-1139;1364;438
1169;-552;27;-1118;574;-111
522
-995;-393;-730;201;-400
-881;469;426
270
576;208
-840;1112
-838;70;328;-1178;1087
947;-420;423;1161;-302;-767
1282;708;332
-626;1121;1286;1277;-991
1267;723;965;1240;-1358
1301
306;-133;-454
-455;-265;75;-509;668;461
-1299;931;1256;-863
1377;-1352
-235;762;781
579;-196;445;-32
646;-617
1281;-1365;468;135;1306;1278
-358;-619;-396;1341
339;-453;-758;344;-1040
984;-123;-623;-528
-1126;831
-204;-1116
-54;1049;-1038;-768
1217;363
480;836;-440;-924;-509
-916;483;-1320;1287;1023
-146;-20;308;-666;477
1284;-406;-1272;346
-980;-533;-150;7;-441
1187;747;-252;-1119;1135;399
338;995
629;-174;-702;-831
50;-367
316
-1087
994;-1125;-1214
1330;21
1351
-72
74
1356
340;693;-1033;845
226;1107;-263;-968;-1032;-1197
-402;-306;930;980;668
1102
-97;801;773;138
-328;-361;-671
931;-1044;538;842;-1020;347
962;-1285;662
177;-936;-94
1112
-194;913;1164
1380;1304;-1279;-288
-1075;997;837;359;-1212
-1267;595;454;1176;-606
321;-643;-1204;709;-1334;-763
-1235;-655
512;-887;-1064;-968
-65;-99;183;1386;955;302
1030;-830;-318;989
-98;-930;-1141;-872;650;1006
882;-148;-284;-509;-1071
-995;-132;357;-220;-911
290;-709;309
-488;90;445;318
-242;-1178;1227;-207;-224
-502;-553;763;-604;-574;845
368
-993;-915
520;366
1170;-1029;551;201
125
1150
-130
-386
579;999;570;558;-784
-289;897;-1107;924;-926;-654
1031;440;-828
547;-855;-936;88
-1043;-596;1028;1049;204;-254
242;-453;-1287;-394;1244
819;1365
609;-818;-1269;-597;-1199;-448
353;756;1255;136;-569
-226;-36;-137;-1214;-1088
912
673;530;-660;-791;-670
706;-1369
-413
674
-817;387;1189;1205;-265
-786;-338;-1316;-614;-1206
-791;-1165
-756;921
934
-386;-418;-962;-1070;189;1198
-482;-1218;1379;-901;1159;1259
1072;-580;119;72;-954;-672
821;713;-844;140;-29;909
-408;-9;-268;1118
729;1179;-1356;651
820;708;-853;21;-1388
887;-447
-965;-330;969;506;-624
576;-764
761;-122;829
-190
-3;-758;-822;1065;1017;463
1378;-158
-673;442;-224
-644;-916;-944
-1367;1158
450;783
-1351;-520;1149
752;480;500;518;-1016
-1121;-389;-204;524;-1071
217
-1363;374
-480
-231;88;1134
323;420;-857;-1385;-267
440;-1386;1147;-526;1325
-771;-1238;231
-563;-244;-423;183;-461;-16
866;-723;-1145;-523
-145;706;-1034;717
-453;-343;-219
-504
-243;-660;-586;-812;-256
1091;-742;233;506;702
2;845;-336
