-913;-212;-584;551;-284;1182
-789;793
816;465;965;248;-1355;-875
-738;755;1300;-679;314;-943
-1147;-912
1108;645;885;-584;-141;-1134
-465;169;-810;1358;527
-270
-528
528
614;-668;-414;-831
-1241;-286;-1055
-34;1361;-790
1313;-1353;297;651;909
711;-684;1054;-32
-1203;-1114;239
-1106;-580;-996;630;598;-633
1062
-978;305;-1096;-832
-1092;-938;-1339
1392;260;-1034;-542;974;15
822;762;620;-494;-703;62
-49;-139;141
1070
-1202;564;-586;-858;-782
146;-692;1016;1114
213;-102;-313;89;-448
1242;219;123
-1330
453;-1272
42;634;-381;-352
-835;-1140;893
513;-565;-1111;-431
570
-866;-983;-298;-59;-158
689;-1262;510
1044;1239;1192;1258;-1003;431
-915;-1382;935;823;-111;1230
1171;20;-311;-1066;1278
-401;602;-1294
-980;1364;-1224
392;-187;127
333
1376;-233;-362;-875;1006;-1248
640;256;660;572
-1014;-186;860
803;-718
1220;-879
-1061;1318;-1208;-941;526
-282;-1119;-1247
-246;-854;-538;650;-28;1103
953;-909;301
278;534;858;-556
1330;195;219;-1085;-815;-191
-577;-835;-135;430
-434;-565;-776;-106;252
-1119
-1378
-806;-631;793;-222
-871
-1208;-221;558
432;-147;1330;810;-271
995;485;-345
-566;937
776;364
802;-925
278;-856;958
16;660;804;-1227;-1148
497;-552;1367;-601;185
714;-1356
326;-119;-520;-107;748;60
1272;1257;-1117
-73;-62
-595;-1396;454;124;1086;463
834;582
530;-1080;686
-399
345;-459;-1309
-871;1128;-58;460
992;1106;1355;924;429;-1072
155
-822;-102
-853;647;619
925
-994;-658;743;599;-1386;-1278
1193;-779
289;85;1390;447
-376;-538;1338;-845
1316;665;238
-1190;1317;422;649
-528;-416
470;-1209;1193;1003
-963;90;-252;-335
692
-163;-147;1335;-1274;-1216
-803;-408
-199;-411;1055
-1023;-448
-817;-146;-540;652;-878
-87;-1031;-1127;-1020
-677;-568;538
1047;238;-576
-712
-696;-784
-955;-15
-209;834;-196;900;909;1295
-498;-790;567
-1162;1374
1075;839;347
272;427;1307
-1240
-18;-714
-273;-643;-758;-889;-987
-1059;738;323;477;1278
1359;-880
-225
576;120;41
1138;883
-660;372;-710
179;-665
1363;132;1039
-1377;-1090;792;-863
1159;-157
-1260
1153;876
-423;-8;-1273;-1098;-1024
-630;-381
513;-868;742;-1096;-744;-1353
432;-999;-192
-1368;-671
1377;-181;-311;-639
117;629;636;-687;-1199
248
465;578;-661;-56;-986;1164
-1224;697;-491
-1364;-694;11;-124;-591;-304
592;-836;452;1396;-1354
-1377;722;-1366;60;685
1098;-651;-1389;-1103
-1217;-1013;-328
