1028
1;772
1203;72;524
1088;-310;765
-1042;1121;513;1271;-569;1020
-517;663;1288;-969;-735
313;-1066;1278
-1381;-425
-529
-1297
-1170;530;-1171
386;1143;795
-1169;595;-662;-1128;-986
-210;-1269;-582;-1386;622;-16
1280;-171;-317
-537
536
481;-1287;1342
-339;-455
-1313;915;-151;-601;-414
1308
-1176;-490;-923
1310
-244;-868;-107;-93
405;-1206
-471;1159;106;491;1005;1071
-1058
547
293
805
-164;292;-1238;-631;-1309;-575
-483;-8;-831
-1141;-631;955
-289;-834;1172
289;785
319
575
1088
464;-248;618;1308;-703;-607
-259;-532;1316;1110;639;1119
597;1388;-141;13
66;-467;901;-552;-797;270
1122;-1045;-279;781
-468;1048
-820;134;136;-285;812;-46
194;-467;901;7;201
1097;266;-526
-818;-810;-1003
1171;-1335;-632;-874;1146;-60
840
-54;1333;1030;1017;843
-594;-630;505;-1373;-1054
1088;516;-506
-1292;-320
-393;-169;-283
845
-1076;-1030;1321;-426;219;-622
1102
-338;-516;1285;-1017;664
-848
65;-1302;-1175;582;570;1180
335
-1217;946;-678;-423;-1150;-895
-100;1172;299
-1137;1154;330
-886;-648;-250;281;-1149
441;-156;831
96;275;1159;-9;-1167
18;1252;1336;1290;1066
-458;-1180
-278;-1257;328;-943
913;-434;315;156;-270;-1296
163;-216;1001;-1308
-35;-341;-54;-550;-58;-347
360
1386
-190;-111;-576
547;812;-1246
466;-181;-1190;-391;246;1167
-938;1113;-444;-1390
-1142;-775;-1048;1208;-281;634
-382
-401;1105;-309;-11
-801;-724;548;422;-1131;-491
-930;-211;751
-258;-548;943
-914;785;-805;-88;-655
-910
-52;-245;183;-1224;-665;-445
1080;-172;-765
-516;116
1179;-765;-1327
681;1007
1367;121;-764;-878
465;-261;918;760;-959
1381;-1032;605;-542
1045;139;-478;223
500;-919
912;865;823;440;-1375;-223
-402;338;-259;-406;1150
-937;-766
-1013;950;361;541;-1007
-164;-1029
-594;1137;-215;-152;363;-111
-930;1378;1047;-746;191
64;658;611;-744;-416
832;946;-1269;-310;-1272;-384
-658;-1058
-58;-1259;350;1326;335
132;904;-1034;-446
700
1251;-1062
563;-630;1096;812;1164
179;489;-268;1327
704;1154;788;374;600;924
-1393;547;692;-1034;-1215;-95
711
-1031;870;-1230;-94
-662;-251;701
-1249;293;-566;1310
-300;-764;-688
-769;-545;1356;702;-16
947;-1334;261;-486;165;1175
729
755;1256
853;1333;-12;1117
304;-837;-903;-1304;-42
-890;938;1037;-95
-225
-977;982;-999
810;219;-1341;-1182;-527
-658;1202;103;553;-203
-1060;1381;-1018;-92;1275
37;680;-1215
-1030;-476;-816;-736
500
1175;-137;1001
-1394;-307;-423;-925;-528
1298;-23
369;1302;905;301;-766;1215
