1079;1225
514
-262
-6
112;-196;-710;808;842;429
-8
565;-557
-691;-853;-789;-583;-232;-189
-212;-310
-524
1038
-1010;132;-678;-1271;7;-780
-1299;-548;869;-155;1117
130;500;-1242;-892;-816
-531
1302;-328;-585;-587;-1006;1183
-1302
1124;679;204;63
-595;-185;-780
96;178;-739;-743;1179
49;1331;1210
-1205;1285;953;-587;-160
-774;37;-1151;-1216
452;92
-178;1131;1052;1357
753;473;345
1238;715;-973;847
-1320;-765
1232;597
-533;326;1239;904;-1131
-1026;220
-210;1018;379;-749;-798;-448
-1073;181;745;-858;618;428
1057;786;1091;725;220;-510
-1068
769;919;-905;26;1051;1262
275;-678;-486;39;30
-501;598;283;495;-928
-567
1;-1316;-933;-551;951
-568
1192;-268;-397;844;1310;-1344
-829
880;677;-1354;-955;1068
531;-1104
-170;1084;-1231
-1342
65
420;-1047;-537;188;909
-328
-963;122
-1076;-342;-984;-873;-1369;729
-1249;1027;-668;987;829;-592
880;-1393;1235;-487;344;783
-438;-1048;375;-1277
884;166;250;-1243;-765;111
-977;784;314;732
-1331;-23;-1293
-113;876;93
-246;-262;-89;1198
-835;903;232;46
90
643;-1248
1249;124
537;-1148
-1106;1307;-750;-1088
-1354;-906;91;-653;-238;142
1346;-1243
-641;980;823;-544
-881
-882
-871;-12
-600;-1257;-475;-1227;-1198;543
1281;-985;28;-959
-1289;1165
379
-200;-233;777;-58;1118
134
11;1276;-990;143;463
98;970;348
648
725;-777;-1066;-412;1388
-656
932;870;-1032;714;-1166;-720
-426;-252;-1277;1294
-405;107;-1133
-71;-584;1130;701
388;-1240;-300;363;380
161;-505;-745;-90
-820;-135;-1083;1115
1178
-1181
-164;7
1392;812
17;-1251;-580;-389;1019
-417
-1217;-1258
817;-1026;-725;-1238;-1310;239
-646;182;-1255;1144;-1021;-1136
-370;-296;201;-731
-1351;-616;1113;169
944;1240;809;394;-143
685
-1345;-248;1144;12;-125;-639
396;-911;-687
-1338;-380
-1105;-257;-755;680;-1308
696
-689;-309;-904;-252;-1151;-208
-1029;587
949;-122;-1275;-829;-1213
-1026;901;-39;-23
1057;360;-427;476
1347;888
-918;-598;614;-316
403;-213;-774;-1293;-110
-754;-863;495;159
1025;-1097;-1148
-503;-1230
456
-1231
49;-178;1362
215
604;892
1249;-534;-279;-424;684;-222
986
-646;424
-577;944;-1252;-40;874;-684
-1174;-842
1362;-295;-584
-1012;440;842;238;-767;30
1364;-1115;-15
-981;-601;-702
98;-1359
-1042;485;-1143;-552;215
-247
-593;-421;1262
112;-1350;219
195;-1124;1066;1386;1019;269
131;-1375;479
