817;322;1064;-411
771
-145;1271;729;-1083
-177;-597
-2;651;1151
-500;1235;-1061;1175;-1375
781
-1009;705;-1176;537;1358;623
583;634;-1005;205;623
1062;1260
-354;1270;327;568
-20
-707;893;-1231
-1218;-1129;-91;974;-1120
24
336;1386;1163;-300
1169;290;648;1247
-1041;-1037;-768
-657;533;-682;-252
-305;899;67;-564;-40;-348
459;-1263
-1282;-37;1125;-934;-857;924
-83;-229;-710;28;445
-1026;1240;-1275
229;-267
-817;-971;-1196;-128
551
544;-760;135;891
866;-458;9;811;350
850;-1332;-740;1155;1222;424
1267;1339
1234;755;1082;-207
52;-1093;167;-1246;-1263
170;1165
946;147;-933;408
57
-867;-221
-66;-1064;42
369;1394;-1078;1175;871;-108
384;-1141;1077
452;213;-1256;-733;684;62
-737;-83;-1108;1133;1070;-208
-1297;755;742;-1243;974
1355
1248;-146
1047;-457
1191;409;-362;125;-1280
-625;177;691;-199;556
1045;-188
89
-484;1396;-1320;-299;270;783
-579;578;1116
865
-310;1336;-927
745;-636;715;-702;-478
-756;647;618;1084;1151;943
1133
-482;-1013;213;-1036;1183
-112
352;-97;760;-169;-570;91
-1190;1206;-952;-521;62
-1157;-841;1387;317;-1278;-591
-244;359
993;-1113;237
595;953;-911
338;628;-406;887;1338;668
177;-884;1236;695;-331
-1393;147;95
-384
1329;-551;-1383;-558
1280;-1363;899;1177;937;1305
17;-1315;1347;501;-410
-353;-1027;999;-1243;459
-1076;-1306;-126;62
-1172;1063;-283;-1067;-1116;-128
-820;-1046;154;-224
960;-962;-356;980;-821;-714
-70;-520;735
1080;714;-1310;781;-95
-917
-404;-997;1208;826;-1039
-152
-1301;-1286;-582;456
832;-724;-517
3;-374;1029;-1260;-845;269
1106;-85;-392;299
-641;273;534;-329
418
-420
933
1153;518;-1096;-1259
210;-167;1255;860;-1215
-1347;52;94
-690
411;-1101
293;-343;-904;-842;1180;-77
-4;-38;566;744;-731;412
-950
-776;959
-514;-1332;119
-454
1395;-685
227;-652;-1055
1158;-954
-932;-812;-1022
205
1231
1139;634;-284
385;966;394
-578;1300
-329;-858;-542;110;590;-720
1153;-1379;-439;1062;713;126
-1381;-102;758
1239
727
-1249;-67;1033;1370;380;1055
-1364;-277;-421;36;1068;-799
-1302;-746;-491;843;1085;831
-721;1140;501;135;-798;1246
1200;149;363;1071
738;18;-420;231;156;1293
-370;915;-1084;1118;415
-1253
1152;-1219;695;-936;589;461
-853;616;-507
-965;-888;-540;620
-1154;1173;-777;-1324;-972
-929;-1301;645;471;121;-1037
1202;-1336;-170;-703
1268;-567;-1133;-1343
-614;-487;185;-187;-928
-1011
-850;372;-1046
962;-1139;-245;-1307;971
-901;1336;-937
470;426;716;380;-462
-449;-482;-871;731;-317;-1167
-1153;98;-477
-1073;1072;-217;843;140
609;82;-438
