209;-471
161;582;-600;119
1392;1217;-359;778;-765;559
-263
224;-1094;342;-1255;413;-1198
776
-290;1189;-761;872;-490
1;-794;206;-960
778
-779
736;-817;-82;931;-857;75
-1092;-199;23;-28
864;742;631;874;107;1149
-17
-964;836;107
-218;-573;1324
-119;910
-668;-350;-1310
-1019;-1309
355;-839;-1176;-746;590
915;21;-1370;410
-811;-765;1037
-645;-343;252;-734;-1376
689;305;-643;-630;550;15
-753;-664;874
-1078;-407;939
1299;-1278;525
768;547
469;-429
-1192;-985;-169
880;83;-791;-635;28;735
569;-843;1087
1041;231;-971
-1048;-280
304
-1140;356;-789;-822;808
-198;104;-77;783;-544;751
-722;228;1014;-72;-473;591
-826
800;771;-1162;-1180;1341
704;-132
-1377;466;-198;-489
770;1125;729
-17;-530;-1056
-1121;1210;1259;-556;-79;-1295
-1095;470;-1116;-381
1394;-805
-225;-1153;-1395;810;1116
-592
337
1282;468;-157;540;958;830
960;-708;35;-1141
-1044;141;-351;462;1134
-481;-820;1341;815
1384;-271
-315;-1053;510
-1371
-1297;532;1285;-872;-764;-768
-934;-1354;-1052;77;-1183
-746;394
-710;-923
132;-1132;-125
-1171;746;781
-241;407;809;1210;220
-535;636
1320;1085
1288;606
1222;-583;-940;-573
-705;-83;-1366
-931;678;-110
80;-1331;674;774;678
-1378;609;-1273;-13;524;398
370;914;610;152;-1006;605
1371;-1262
-308;788;-1359
352;-228;-278;-1367;-1357;1231
-950;-955
265;-640
632
1217;485;-302
-948;-212;1303;-1148;-397
352;-722;-338;-867;-25;-58
-1282;-164;187;877;-784;-1264
850;-804;709;-251;-284;-864
647
-17;1289;-1244;414;-304
-907
743;872;573
909
-1167
-993;-1093;405;-39;1319
-710;-827;-893;-126;1085;302
496;-644
368;-709;458;-156;-1390
1283;-1334;973
-1075;-516;-810;-1340
-659;-1036
1072;-912
-1031;-1386;206
560;-141
-645;869;-698;-507;460;685
-680
736;1082;159;239
280;330;333
45;-990
464;-394;1387
-465;898
-178
-41;219
-283;-1179
320;-17;391
-179;-293;-839;-904;265;-798
-423;166;615;599
191
-706
753;852;872;-1242;1262
24;683
-49;722;291
453
-913;-567
-129;691;-762
-1225
-1059;-169;-511;-768
768;1252;-1049
193;-1363;-1383;-538;-955
852;37;1242;95;-736
-1105;-1282;-1076;663;538
-659;-804;-581;-734
480;-978;355;-1063;-201;-95
-490;298;-1311
-945;-611;995;707;1003;-1373
710;1052
67;-21;156;1308
-234
-129;-147;936;858;666;-415
610;-375;8
-291;-69;-359;601;-781;141
1193;521;-443
-376;-152;-509;1004;-1358;-655
-722;-791;300;702
