-1281
-404;-199;1116
-803;413;733;-336
1035
-321;-278;1336;-1006
-545;-673;-600;680;-1259;1102
882;-1267;-1017;985;-190;590
-147;-406;-1238;238
-120;122;527
-353;906;796;974
18;-1382;1177;1386;570;1067
-482;403;-263;950;-1337;749
-1025;-1270;-1055
-1058;-67;36;810
-417;291;-569;201;-1276;-46
1052
540
-1346;-644;-857
-257;-1205;437;358;858;-1248
-627;1011;419
-1362;1257;-1212;-1230;1039;-832
1201;370
896;1252;85;-841;-331
293
-581;757;1063;-1008;-1216;-1360
-42
-865;1046;-552;233;986;-1148
-687;734
-146;420;148;571;-429
-803;150;615;1114
-577;-500
-1238;-456;-152
-1058;-1014;-346;826
994;-181;567;-1354;858;715
-186;-1003;-414
1330;-496
1139;-964;889;1133;718;-1056
385;-1159;-1343
-530;-1032;-985;173
1093
96;244;-1372;-64
-1171;-1206
465;-484;-281;587;-622
272;-148;1205;-135;-1275
642;355;563;151;-1118
837;168;236;-1198;-638
-1362;-260
-695;1293
-567;-236;77;-479;1294
1186;307;645;1023
1315;1267;-701
-481;321;-163;-281
-321;-641;138;475
-318;-544
-1393;1314;1108;-1126
356
1194;445
875;1277
-340;957
497;-1051;1069;-878
1130
-740;-117;-489;-1162;351
-353;461
578;135;-122;799
649;-202;-1163;92
1136
50;-1288;-826;158
-822;-300;239
769;-199;1030;-921;-795
1141
-569;-1342
-738;361
243;1284;1349;-1177;537;-318
-343;1341;926
1351;504;1113;874;-125
772;1080;1356
-7;-888;1065;412;-190
1223;-844;14
-897;256;-597;-1383;-79
1312;1075;1278;318
144
277;645;407;1368;569;975
-279;936
1;120;-878;-1342;159
-834;404;21
-264;1368;-1163;-352
-786;945
528;-756;105;841;-526;-352
-1302;-459;-1216
1024;400;1281;565;422;-456
760;1100;-159
1013;-458;-1084;283;381;287
-132;-1014;-45
1157;-922;-571;459;1069
1314;534;-200;-1224
-162;-357;-650;269;1325
-1223;-747
-1140;-1049;984;-123;893
179
841;395;-800
183
-609;1308
-148;-1333;905;-892
-1380;-374;1306
1079;151;-1225;-106;-95
-1078;110
388;-189
-235;-734
-681;1305;-682;-828;428
420;-406;1335;76;156;1181
1110;-423;-1146;1066;860;271
1233;-1382;1163;1355;603;1070
-208
-986;-331;475;1181;893
385;-277;1205;-1113;-411;-511
-726
1026;-1235;-1288
-229;1253;-1241
949;-733
1344;416;646;278;888;-1308
-66;516;-918;-75;1274;-956
992;675;202;-108
624;-851
161;546;488;1371;-1308
848;-477;-1165;366;-1344
-790;872;665;-1036;1038
-1395;-197;71
-579;1076
-390;-235;127
748;-1247
-1045;-764;30
659;-1226;-125;-831
-756
499
-436;-543;735
1013
759
-1256;1175;-620;-367;-464
1016;441;30;815
-511
