-769
-49;66;-691;1251;-1000;679
-321;613;-486;-1215;1023;127
1026;402;1391
-516
374;440;-553;1023
824;-1085
1233;-1396;-792;-137;-430;1261
1284
980;-987
-134;747;-814;-319
-1192;-26;-971;-892
11
-803;277
258;-116;1295;-400
-897;851;-904;250;683
608;483;-184;391
17;-1123;-186;505;-48;-464
-1249;-305;798;-1056
1301
1284;678;568;-396;-830;254
-792
-1051
468;-806;-919;810;-349
-1007;-815
-707;771;-424;-1257;-976
564;1176;-428;-959;-64
1202;328;713;-972;1003;-1216
482;1283;870;-665;1145
-258;1266;-532;-777;1113
-1226;-394;-987
-561
-1268;-519;536;-383;-463
290;1334;-1100;204;892;1245
-179;1334;-1081;522;735
-25;846
-311
-471;-748;140
-1185;198;-1336;-121;1103
418;1123;661;-345
-1090
-171;1006
-995;-1095;-791;568;-828
-68;567;-174
610;1204;1327
-658;1201;578;-792
-788;581;473;-347;-156;-350
960;1396;-24;-812;-160
-82;551;-361;-445
49;819;-731;-1151;-607
-506;-347
-1096;40;1194;204
384;-131;166;-1308;-1134;-1136
-1369
-613;101;-456;1257;-172;-29
-1204;901;905
-1116
-1;-860
-1283;-1117
1202;-998;-304
144;535;728;-12;-636;-1373
688;-1302
-876
946;-1078;1256;523
740;696;426;651;670
-1;-1235;-902;554;1228;-1038
323;-1028;590
-1089;974
312;-1198
721;-966;1352;-220
-852;39;72;362
-1233;-772;90
-1201;561;-658;851;-1212
-627;-275;-793;-477
-1190;855;-793;-252;-861;-701
-1322;490;1213
1130;-1115;-398
-260;-1023;-351;-32
-449;-20;228;-1174
-449;1141;-45
1104;211;-1241;-1003;-46;-1215
576;790;-393;-844;-1040
-1027;621
1144;-1295
-18;-226;1318;-602;412;-1296
98;611;1123;677;-1071
1350;265;79
592;1297;-852;-1128;252
341;-166;-759;1126;-984;-232
755;195;149;-472;-409;458
1331;-917;-758;-1357
-834;1235;-1080
-1009;-1147;-605;-222
-680
-386;-277;-53;-677;-1209;-894
-138;-189;750
912;-866;123
-626;-790;827;-607
-456;284
-1202;-131;-91;-798
1362;-262;-746;-528
-216;601;814
-276;1380;-598;53;-1248
-597;1141;-281;1357;1246;-128
-914;-581;-714;235
-1236;-180;-37;-298;-958;734
-913;-1062
-1058;18;-180;933;-1179
-698
867;-1237;-534;359;103
-770;-195;-595;-904;136;93
-170;538;330
144;1264;-695;-1255;-780;878
-35;-153
208;-1252;-743;1086
-531;-819;-125
-769;706;-697;-971
179;-631
1184;-906;153;649;554;-927
-723;-582;-250;1359
976;146;-1060;-855;-1255;-716
-579;1252;-680;-971
579;-917;218;-1326;-494;-1088
-569;-1180
725
1237;1319;219
1241
740;554;1228
-1075;-308;-105;-26;588;-830
-536;-72;-317;398;-271;-448
-481
-631;-620
-166;649;-1226
-1258
-1334;-440
-1262
750
144;-260;675;-278;-1033
1043;1130;251;1149
-718;207
