-611;-771;-438;937;649;746
-310;1303;-10;954;-1168
650;-1294;-719;79
80;-1368;-252
-1284
-354;358
1154;-1160
-1153;1105;1190;279;1162;238
161;1394;-907;459;-589
-657;513;1379;134;941
839;1336;-1258;-1310;-990;1375
778
624;33;274;1128
-774;-12;-252;-511
-528
162;623
-357;1252;-1095;1208;-221
-1169;1329;-306;970;731;-254
483;-779;14
469;-185;-506;-1341
-1311
672;548;-421
-210;497;695;841
525;-814
547
-646;-1183
-1346;-323;1250;740;586;412
229;-189
980;1287;335
300
-730;1163;-1246
-1377;1168;-90;9;-780
-302
47
-1345;-1170;-533;1068;1036;-1152
-305;-485;-493;463
-481;497;659;5;-1383;394
-1283;459
-198;1257;-746
-167;108
-690;-661;345;1261;1342
-429;829;-463
-1074;514;1223;841;-1005;334
609;850;-821;248;681;-1246
-1093
977;417;-1067
226;1384
390;854;-1320
-769;889;-44
581;118;-111
-323;-907;-384
212;-982;167;-457;665;473
1184;179;1125;1030;-221;878
595
-501;213;1142
912;-1000
834;-926
-93
-211;-908
-418;38;201;346;426;-493
-1314;1201;244;886;-856;-60
-70;1195
-545;193;728;-154;810;-1392
610;1288
-875
-801;545;148
1298;-742;1175;1196
-865;-385;-1065;155
-1096;-729;142;543
786;-244;1366
1094;-215;871;414
964;-1368;777
-455;744;-170
121
385;138;1134
34;243;365
-210;-1124;1349;1160;1240;-236
-506;-238;-1215;-111;-880
-1105;-1334;-1003;907;-1182;766
915;-70;329;-76;574
1232;-1269;231;410;-1007
898;355;1183;-752
-1132;-28;-1293
-919
-152
1152;91;332;-400
1379;308
156
49;-259;-1228
-74;1178;846
-532;967;697;-430;-1120
-945;768;1095;-204;-1133
1041;-371;1032
722;-131;178;1139;651;1196
-1330;-69;-1322;-522;1274
433
226;500;-1005;590;-79;1230
-481;129;1109;-374;298;781
309;-748
-788;-293;-955;1084
-468;1191;-538
-186
977;-1027;1059;1011;694;1055
1281;-1122;-1099;-558;1309
-190
-1215
-241;-85;823;-696;-762
-755;-1002;-74;473;139
-262;38;-1177;-298;-414;1149
609;-1317
1217;-229;344;-1258;127
1305;-847
432;-1237;-968;-16;-240;-1248
-1205;885;-454;-457
-466
1106;180;-171;-942;-640
979
-772;-373;-919;-712
82;963;-264;280;-1355;1023
-1153;-1267;-1303;-712;713;-1104
-1247
479
18;547;-488;-1071
736;-564;-196;251
1042;211;488;-1258
-485
-51;1047
1001
-930;980;72;-588;1325;399
816;-865;1281;715;1103
-241;1314;277;1032;795;-1150
-244
-758
-1122;-521;-669;-382;655
-1034;-671;431
240;305;52;1206;75;-1373
-987;-974;-654;1037;558
179;-1353;922
-1349;308;-1262
1139;325;887;-249;1180;1325
