96;305;677;903;681;-863
-18;26
1066;-286
1009;-100;324;-1246
-643;1303;683;-558
721;-594;673;-297;-988;-814
865;-611;20
1089;-130;1302;-1293;1164;447
532
640;1360;721;-746;1389;-1040
19;727;1357;-718;-191;-1215
-23
-885;854
1072;-675;964;-902;598
-451;-678;-186
1268;-199;776;-378;1019;1388
-310;-247;-392;905;777;-1024
800;-401;-299;-316;-591
-305;-103;91;-926;174
-819;67;-473;-745;-123
208;-1024
1087;-1136
225;-996;394;-1213
994;52;-293;-1001;-618;300
773;-720
-1078
-611;484;-1212;-765
1143;-318
1299;-983
1328;1088;-1122;-195;535;1242
1393;-836;271
-318
887;-667;908;252;732
227;83;611;-1242
630;713;-1277
321;-98;449;-360;1306;-15
-1127;-1337;859
1184;-962;740;666;234;1279
337;66;-378;989;-176
146;98;198;-1113;1336;-80
-1043;-314
-846
-1173;-102;-1144;-220
274;-27;1290;334
1187;531;-985;-141
-963;1175;1209;-906;1358
-1153;-187;234
-178;305;-531;634;-574
1395;-1147;-731;234;-1151;799
433;459;1245
-466;1186;1362;246;-1117;-351
-1203;85
-787;454;104;-1226;335
1235;1316;950;1289;1161;-223
-1367;-617;603
368;-470
865;-1227
-291;-1059;325;407
1264;-900
1187;-342;-104;407;-862;1358
308;-741;630;-1048;-828;-479
1061;-742;-203;764
-162;-7;-968
-835;518;922;394;909
-1250;-403
981;-474;682;-1134;1086
118
-893
124
381
-178;148;617;-906;-442;123
210;965;-103;-42;1050;-672
-521;-841;-570;-1018
-545;96;818;-1043;540
1377;-186;-766;221
1008;-1287;927
762;-428;830
-1236;327
-851;1141;261;312;303
-923;558;1151;-640
49;214;-1080;537;76;863
546;-696
662
-609;-1316;742;-250
-455;488;122
1056;1120;-227
-167;874;986
-926
1041;1185;242;772;760
528;834;-164;492;-894;-958
-708;-150;204;-95;1055;1135
-1269;198;937;-1054
-882;727;574
150;-285;29;1295
-1320;-1128;-1352;91;1211;283
-1045;622
547;-1227
-1396;-1044;36;1110;-667
-1298;102;-718;-654;1119
659;662;1151
-1233;-748;-1262
-691
133;-312
249;189
561;-770;919;-221;685;-222
-676;-327;-1228;1021
-955
-82;98;371;132;1147;1340
-1282;-956;1021
707;67;-745;297;1309;-1184
-550;616;-827;-109;-95
310;38;232;-681;1067
290;-52;-741;702
1282;883;372;772;-104;-957
577;102;-475;1387;-111
230;743
-1332;357
148;60
272;-153;-1148;-1229
-946;1290;-971;-1120
1251;-490;795;1165;-862;-1136
-323;-887;-825;985;-444
1393;529;-248;333
-764;1275;-477;-256
1360;-662;-1382;733;-704;175
901;-678
389;1114
-1250
1257;540;606;-1151
480;-531;661;-1372;-236
1137;801;-85;228;-825
1089;-599
1232;777;-494
243;-1140;-620;-204;205
1175;858
801;-855;-1213
1058;741;810;-1086
-1092;13;574
1330;-1190;70;488;1087
-917;725;1210
