-646;230;812;685;-1359;-752
-263
-742;88;313;1372
-1291
-1349;314
-946;193;-412;1068;364
-724;70;-635;252
1171;-903
-962;-500;339;-774;1272;-925
-932;-876
625;-51;-381;846
1394;381;-734
1377;-341;-789;-698;-80
-67;1059;549;277
1360;-566
-1219;986;206
930;1234;1065;1150
33
-813
-1140;1092
-1218;548;-421;-1230;-799
1266;1321;-205;-1277;-800
597;-1368;-1243;684
-164;-1167
1218;-756;-202;238;-175;751
1140;1301;-982;1096;1081
1334
-1079
402;906;794;-255
661;-602;-907;347;813
722;-707;299;767
209;709;1323;11;-654
1369;793;-123;731;876
-968;-811;-848
786;-207
322;-451;-1047;-251;-1326;1149
-81;-439;-248;1339;893;141
517;-1079;438;-971
-75;-252
-257;-1329;1089;838;-695;681
-836;-184;999;-122;-1371;-607
720;-68;-949;-806;-1276
-98;595;297;-208
-41;-297;-1274
1266;-856;-1273;-1262
83;506;-621;-302;-496;-1040
-1044;1140;308;697
385;-16;1247
-1268;-949;85;631;905
-1330;972;-958;445;-494
-1209;1369;-59;-973;527
-1140;1124;-458;-384
-1374
1121
-600;698
433;-675;1204;661;213;-967
408;462
-1127
-362
1281;1157;1301;-1144;-939;-780
417;755;1085;669
1;1225;-859
-69;-281;1231
774;-828;-61
743;-764;-1327;-1328
-372
-629
-1142
-40;-109;527
827;-1087;639
-636
-868;900;-1337;412;-1312;799
1381;-717;-798
-657;-1381;1141;507
-789;924
-98;821;-331
-118;-872;-936;424;-429
-875;347;1053;-623;1262
564;-390;-535;-393;-412
-87;-297;-522;1050
-145
1331;1375
-1013;-725;997;-1161;874;-911
-74;-76
1186;450;-500;419;644
1297;-437;-215;-268;-141;173
-326;-343
157
160;-1126;472;590;-1279
320;1093;391;-860;1007
927
419
-500;694;-871
420
-348;-572;1342
-1201;416;1064;-601;-107;-1276
838;696;683
1194
284;398
1204;506
-1187;-965;-72
-167;599
-373;-174;-655
-51;371;-1016
-953
1092;-856;-554;-332;702;-752
1269;200
-769;534;-824;-877;-302
-929;-540;1132;1295
-417;22;-826
1140;-940
198;-220;479
-834;1064;-217;447
-609;-98;-418;1240;601
1393;1382;-10
1011;1368;-1067;11;-350;-767
-1000;280
146;-646;619;350
1244
165;712;-1133;29
424;-205;-1215
-194;-1061;-1238;-56;507;-1005
-309;101;341;1288;-1210;-442
-1237;-249;-1305
851;-1083
947;-1277;-415
469;1303
944;663;-762;-1228;876
864;-38;-333
1075;-326
-1042;741;794
1250;-197;-486;1115;1278;-1184
880;1348;-279;-171
561;-179;-1175;70;1162;-943
-930;802;855;-992;-496
210;-1229
-1314;1272;282;699;-176
-961;865;-708;745;459;-1165
366;911
322;1363;-871;-459;14;910
