64;-178;-1330;-836;-696;1182
-355;-159
-552;1326
-955;-844
-435;1060;-760;856;-842;-655
261;1111;-731;1147;174;-1184
1031;-250
-645;-1079;203;478
-153;-874;-1131;140;109;-671
-454;-591
-1301
-536
-26
1344;-1108;-518
256;-1220;1271;-824;424;-958
-722;-1331;-820;-1226;-1004;-1071
-276;-1035
-1049;249
-1058
-135;-327;394;348;525
1361;953;1308
372;-924
131;888;521;-698;524;-46
810
-327;-778;-730
224;-361;-858;-682;95
1297;-1286;-1094;522;-303;46
-1046;-1338;29
308
471;607
-529;-807
1072;-515;-420;-1304;-1193
-389;759;-923;-1040
274;1234;-932;532;-301;-749
-1084
-1204;115;-524;942;-160
-449;-151;-392;-584;377;-1168
457;-1260;-797
391;714;-525
465;-850;-986;-779;1308
-755;1084;-286;-207;495
-690;-89;667;-1246
1040;1361;-807;-1273;15
-246;1365;-150;-1111;383;607
339
1361;-83;1365
1061;1165;-463;-399
-537;191
307;-919;-346;-703;543
-1;-531;85;956;-877;-494
101;-982;838;1386;-1293;302
262;1322;-974
-337;1202;389;-1387;-1248
34;168;-815
-619;-1020
-104
-617
-618
-807;-1097;-763
-108
109
-116;-1143;472;-555;621;-159
-162;690;1190;1129;-1258;572
-1139
1029;-841;25;1290;-877
-761;-667;798
1027;826;1340
-452;571;878;-1375
280;634;763;126;1135
466;4;-985;-121;569;1215
1376;-786;-196;405;-925
-298;362;63
-885;630;-584;586;1150
-898
147;697;-1116;555;-1183
-401;482;683;523;637
-97;-257;27;1199;1055
-1162
401;-835;-1190;1127;-1164;493
-913
146
219;-1391
321;-173
640;947;244;436;1061;-619
-1140;-507;-443;-459;556;-207
154
413
1008;977;-888;-409;989;-1264
402;-1188;358;680;-460;-718
-218;635
-761;922
229;423;-280;1160;-858
-172;1359
-106;-315;-255
-33;-920;-313;-153;-540
-4;1333;-599;-488;-666
-170;1308;1004;652;189
622;831
819;1236;-471;-26;475;1214
-182
-1155;-857;-474;255
-170;-859;331;-767
-1218;-883;1205;-1272;1051;-1375
-83;726;-1289;1192;1196;1261
-445
-1251;-756;1318;-635;-256;1391
1366;103
-1395;51;-692;-21;-1222;14
-898;1045;-46;655;1071;-352
-985;-1260
-753;536;-237
-277;732
1323;1181
761;441;-428;-61
-582;-727;312;794
-386;402;-356;808;378;125
974
-1093;118
462
-1345;226;1158;-218;-314;700
-208
-988;-1020
-217
96;1184;-417;-1154;-1033;-943
-323;-1240;313;-1275
468;139;-1084
-385;1346;-663;1382;1359
-99;514;1331;1012;-855;-654
1301;453;1350;1161;57
1059;-1287
500;1272
656;1091;20;889;270;-383
416;-788;-951;1064;-347;845
-593;-1184
-817;-135;103;-248;-429
1297;-904;1353;-731
-1254;1302;-857;682;-764;-896
837;1001;909;-959
-753;-610;611;676;840
255
