-516
-33;721;-850;72;942;1199
1345;-1349
-260
-1001;377;1131;1372;686
-328;1359
-1032
-898;468;954
-632;233;-894
653;-640
526
-1125;-871;189
-465;1104;1080;-604;-588
1219;-362;-878;-1280
304;144;33;1029;-268;59
608;-901;-309;-877;-1039;-64
-145;-868;278;215;-271
966;-253;847
280
-1139;-135;-216;-8;-1343
-753;114;-467;484;-685
-643;-516;-406
-799
966;203;141
-97;-197;-534;-519;-1320;330
376;168
-999;1271;-410;891;-1247;527
1315
-65;49;-534
1207;1209;-331
1265;151;925
-803;-5
883;1224;749
-1237;-664;-1065;169;-667;92
-305
-97;-886;-92
-596;693;-507;-1117;-318
-51;-714;-42;494
1297;-1099;-256
1201;-483;-659
-737;400;-420;22;-93
-1087
-727;-599;-1209;1371;76
-546;-3;292;-217;-235;-1149
742;1270;-808;441;346;1150
838
-644;-1111;398
-901;309;-125;-350;462;-496
-1103
535;828
480;-977;-299;-972;-813;-1344
768;-514;-1332;-149;-1143;745
-609
-389;-1036;-464
-291;-1093;-1355;-687;1279
-97;-517
914;-391;-488;-826;-1103;-1024
-1383
1045;885;1244
-1090;-1318
104;-699;957
876
-389;-744
-624
1033;-1146
1201;-691;-708;1380;468
804;-248;570;1227;-191
289;290;-243;1316
-756;-1082;-443;-990;-432
614;-1274;1182;303;-1200
1185;580;-622
-580;-631;-191
896
-897
793;1099;796
-849;-1092;-262;555;492
1378;-331;350;271
273;-837;-1064;-1325;-333;-687
882;258;-1068;62
-740;875
2;-651
-1173;-567;-1271;1225;810;-188
-1236;-188;-941;-1103
1106;602;-332;300
-954;299
1202;-900;-159
1344;659;1213
258;-109
-801;275;-948;-725
-754;-421
-1334;821;550;-956
663
-994;-1062;1351;617;-62;559
965;-326;-793
-66;1170;-308;-452;-10;1100
-157
-19;-1158;295;-925;-1151;-784
-159
-530;1381;215;1143
840;1388;-384;1359;-736
-850;-1094;791;990;591
943
784;102;1208;24;780;95
-946
714;-844;1339;60;701
-369;706;1383
244;-394;348;-383
272;1347;150;-729;-858;-367
1144;-448
520;-857;1034
-549;-154
-722;-1170;50;-141
1313;-818;-115;-744;169
-713;169;953;-1389;-240
692;-967;-89;-1353;-1039
-678;744;-426;-938;1019;-430
-1305;89;1210;458
1058;-1012;-164;1109;-567;541
-18;-1351;359;-106;-363
-758;822;266;638
-737;515;-312;-379;-1083;-512
-1202;-120;604
964;1289
207
1091;1334;1224;398
-517;-523;829
-117;1206;7;-1309
469
-808;1023
-546;-52;949;1178;-542;510
-1297;35;340;-390;-151;217
-754;-707;903;-218;170;829
-834;-214;298;269
-21;535;-458;172
484
-1193;-538;1340;-349;1231
-308;870;935;1052
1060;198;1016;-251;1039
-1393;-610;-132;-837;932
-1073;-1225
