1239;747;28;-654;-334
707;-1237;532
-451;-485;902;-526;830
-596;-1302;-1190
160;113;-244;696;1228;367
867;-1142
-1124;1108;1317;-758;1014;509
-1159;-1304;1291;-542;1101;79
400;1274;380;-752
-1309
24;1082;11;-942;1389
-1091;966;-1239;-971
287
-134;-38;775;199
-293
-1234;628;-455
1090;-536
42
161;-1139;1220;260;53
-953;-1161;-493
-437;-342;361;-1168
436;-635;-107
-642;-42;-571;-1260;238;-79
323;-269
-2;-1253;943
-1081
-289;1394;1092;678
730;-415
59
-120;-152;1049;-1066;1052;-446
928;1348;-1157;-1184
370;-1385;-825;749
-1012;-1333;820;682
-52;-907;-653
466;664;-796
-664;524;620;559;495;-944
137;954;170;-15;-656
-69;-1067;558;-528
-659;1252;597;153;-299;573
706;-1078;-1079;344
-609;9
1169;1194;1311
435;829;109
800;37;-488
-1334;-345;-601;-924;-733
1015;361
-146;82;-1269;44;-301;-1069
1364;309;-807;1110;940
664;987;-270
-1393;-292;1000;-442
1127
-366
980;1031;378;1180;125
-83;1268;-492;-812
-1092;404;-104;-1213;1116
-1288;-185;1352
-377
599;266;-1277;-414;-575
-689;677;-366
-1291;939;987
531;-1380;-901;-422
513;-132
641
531;-918
-198;-150;-1319
-472;1370
-805;-1222;-902;-215;-12;-1072
440;-572
1138;-278;891;429
-649
392;-1290;1292
-1361;1249;789;-160;-912
1203;-709;-508;-893
-245;-1176
-668;1276;-1006
655
-657
-1042;-341;741;1301
-530;122
660;-249
1223;1015;-32
391;-552
-933;1094
-625;-324;903;1176;1209;638
-514;1071;-976
1081;780;-879;-560
166
833;865;-675;374;-206
848;277;-956
-274;-727;648;715;-926;1245
387;-37;-777
912;-581;-53;214;1215
448;180;646;-1387;1294;15
-45;351;-1248
149;75;974
-657;1024;1233;-1061;-1227;-1280
648;60;494
1140;-701
-967;-202;698;-1372;171;975
-1167;-1072
-515;-189
-450
3;-458
-201
130;-331
563;151
-973
-718
1041;-547;-277;885;-92;-1216
-722
-50;-467;-357;-1317;-838
-113;674;1187;214;300
726
-1345;-81;-465;-460;-301;-1151
388;-822;-472;1307;844
1282;106;-1167
-763;540
1329;429
-226
-913;-1286;-1355
257;-102;1095
930;531;-1129;924
339;-580;-505
-986;234
36;357;-9;-1003;123
400;-694;-359;-1305;-282;-560
752
-162;-1304;265;959
1169;-451;295;1003;-78;-160
-243
913;-1109;265;1197
-35;-1207;-187;671
1249;-390;-919;-557;1375;767
-1014
-759
369;-866;181;-444
947;-937;1261
240;-454;1239;1017
-1022
-867;-1016;1371
