-676;-820;-554
1282
1283
-10;-251
753;514;-1237;-598;1230;-399
-1139;-1317;356;712;92
-1073;1140;1037;703
374;-573;-334
-388;197;1079;683;-702;1199
242;-458;1245;-239
-1255;732;-541;1039
-1009;-99;-1219;-967;-1192;619
-660;-1079;-336
-251;-32
915;-533;629;-25;-187
-370;-1043;1125
193;1093;1020;-736
-739;-388;-1212
-820;-728;-602;-1197;-784
-418;708
-113;768;-134;1306
-1061
1062
-551
299
773;-102;-219;1387
-1328
-1096;1339;430;-111;510
-1201;-675;-1364;1127;1038
-1076
-822
-532;981;-1322;1293;-270;927
755;-1327
-1282;1342
130;1334;1254;927
-1121;-1153;209;-115;-1134;-1359
-1347
-835
-708;1267;-54;215;40;-828
578;-1387;-797
-852;213;-1144;-24;-56
896;-185;1256;920
-502;831
-337;274;906
931;-1207;887;297;-558;751
371;597;1191;-1195;460;701
-337;-1283;500;1301;1222;-45
-259;1239;-153;729;827
-122;714
1392;-173;-110
1301;-956
-868;84;-1080;-1273;984;15
-338;-246;-648;202;506;-79
-580;-794
-386;1268;1259
-161;-1347;-871;457;-1245
607
-1090;-652;1118;1231
57;-922
-353
-1081;-554
-764;-525;-957;-862;-926;1119
610;-1388;379;299
49;82;-282;-462
-913;688;-613;-1018;1148;351
1382
-305;1371;1085
-993;471;218;667
1097;186;1022;-144
-742;872;-1228;-287;1343;1183
864;625;321;-1180
1338;1341
121
1029;-652
-851;-1210;106;-1163;430
1241;-346
-694;203;1387
897
-692;-853;885;1110;-747;428
121;1037
-133;730;-443;1387;-1037;-895
-468;-856;-778;1035;-1006;142
848;-1018;460;-798;-1168
-737;82
-489;-944
-409
666
-97;1170;-980;1341
1026;-1092;-1208;1116
1249;65;1362;1322
-581;564;916;-1094;-459;494
1185
482;-549;-1376
-147;-357;-73;1177;-764
1138;1336;-1195;-299;-304
-996;-436;-1275;1067;1214
-427
-243;1189;-650;-1147;-606
-67;-1392
-437
-1345;1075;-340;84;-172
955
1008;404;-440;-1164;-508
-190
1042;-1396;803;509
1063;409
-1266;-978
38;790;1081;458;-1325;-847
-1042;-242;486;9;-176
-627;1012;-429;-237;-944
48;771;920
-460
-709;70;-1386;1194;-655
1028;152;-236;-1020;284
-1233
-1255;634;1356;-157;655
-435;757;-344;-190
1236
472
473
792;-458;396
-1253;10
961;1140;-182;92
-197;-1306
-545;641;486;408;-586;76
481
-739
672;-619;-1054
35;-117;-503;215;1371
690;-229;-455;-343;-668;-1280
771;1131;-639
752
243
1136;390
-196;294;-76;-447;-1103
1272
250
304;204
-1377;-566;1098;-188;12
-481;-1330;1282;-228;1123;-619
