292;870;-167;541
-1026;1347;-1061;-1110;905;-80
-840;-1243;-736
-12;-1276
962;-343;671
-230;-454;1224;616;1210;972
372;407
783
-69;1189;-490;1178
-615;298;1101
-135;-26;-683;315
528
-130;406
-278
-626;1078;1209;235;-848
-1258;-304
-442;-96
1283;-1286;1310
-290;260
-798
1202;-148
1311
-1204;-1078;937;-332;987;-1135
-1313
-34
675;-453;-251;1307;-1244
419;-828;1212
-724;1268;-134;406;791;1246
-601;-464
-353;-825;-144
-1155;89
-1169;-922
51;1268;580;629;473;-911
240;532;-634;474;826;1166
-20;-281
-116;-94;1279
-900;-733;1071
1248;-1298
1060;487;809
-1122;-1286;1125;206
-314
1155;916;-70;-1254;1359
1267;328
-387;-204;-749
-1364;-1262
1347
-1121;213;1131;491;638
-951;-921
129;-1336;-152;255
1361
-354;834;616;939;95
339
-6;-1049;-1098;-811;30;1310
-1173;308;-1096;1144;316;1356
-737;322;18;-767;-463
-966;1111;-505;345;-592
-951;1273;110;175
-616
640;-884;-117
1385
-362
-882;-790;-999
-1186;-802;-1197
112;-1066;-443
1140
-675;1111;-9;1387;-1037;-895
-1274;124;-1277
481;-245;-617
-1332;323;-44;671
595;-982;524
-497;1233;535;603;-1102;-1167
-884;211;1060;1348;-1146;318
1058;678;-1290;-1100
-545;-1134
656
1170
403
-291;1202;-390;604;302
-1172;1075;1381;486;-1207;359
92;319
-913;82;-1376
-546;-711;1211;414;302
1188
-934
1154;-628;423;-1118;-511
-1349;1353;-1198
1200;1362;-486;729;-1229;-1150
-130;1287;666;652
753;499;-647;-1209;-592
173
-1253;-251;-526;-192
-182
-193;1251;-24;-633;56;-639
-289;1238
387;-1081
-1224;779
-701
435;1164;893
1362;-213;-505;105;-48
392;-681;-460;-1101;94;30
-167;-1179;-141;-752
-1174;-1324
944;-751
768;-146;20;-446
368;1108
128;-977;-659;-1300;597;473
-1297;-1093;1161
197;-167;-1017;-1226;377;1116
-978
646;587
888;858
-1027;1238
-474
516;214
-1173;696
1000;-268
-404;-1144;-24;-829;-895
-562;-1080;1161
-997
-513;-647;-95
-232
663;-345;617;-448
866;-484;854;-1163;-128;1311
-54;-952;1178;286;30
1025;166;-191
233
-2;1340;-382;303
818;-35;-344;41;-733;-496
146;-51;1270;-1257;-444;-415
-115;-565;-299;-508;223
-498
-1106;1347;232;1048
-257;1241;-172;-1326;15
-234;-266
856;488;-75
-246
-1020
-100;1062;104;-45
-390;-633
-1251;-678;791;-654
