-386
-113;370
16;-658
-135
262
-135;-440;-250;-399;-320
-648
-549;-215;111
-515;245
161;-264;-568;-496
-310;38
-371;-670
-148
-24
-49;-489
356;-501;252;-206;381
82;-203;27;-669;-672
-28
-33
-456;-572;-157
-162
-385;-322;415
-673;-104;-539
-161;65;85;-523;-655
-630;-584;-683;-574
-529;-489;-175
-149;281;-175
417;-240
-338;-102
354;341
69;-24;87;-377;42;-238
-441
-420;291;-245;326;-525
37;158
-454
-676;-663;-15
-489;414
-642;-586
-618;414
-206
-189;271
160;-99;-403;-645;133
21;-253;-111
-600
-87;-73;41;30
-264;-41;-681
-347
-86;-584;-377;-172;-140;-15
-500;-266;31
-480
-457;107;126
-17;-520;312
-354
-241;-391;-235
-614;-510
310;-126;-510;-415
-488
110
-548;-590
-197;-534;105
-273;343;-171;-143
-554;-77
-504
-453;-374;-439;121
-626;-156;-109
-182;-105;316;-397;-654
-611;-667
-382
126
