-404;-555;62
-609;-306;99;-553;138;206
-595;51;-374;-72;-313;-110
-355;394;-560
137
-277;136
-6;344;62
-227;-589;158
-66;357;-663;-123;92
-616;-683
-532
344;60
-470;-247;-300;-588;46;255
-281
282
-411
-388;-532;-423;-299;206
-238;-175
414
-133;-166;-247
321;-242;-405;-284;59;-252
-406;121;-365;-525;-272
-295
-297
97;-395
-585;140;-622
-373;-314
48
-434
163;-295;-559
307
-294;347
296;13
-577;-196;-325;15
153;-330;-527
321
97;-163
-180;54;71;72;-60;109
-1;-423;-285
-34;-119;-330;412
-72
-100;-357;-639
-357;203;-47
-587
-337
-568;103
-211
-1;84
-360;391;42;11
-598
307;-91
-346
-604
-550;325
119;-185;-416
-97;-610;-518;-539;-511
-611
-310;-664;-649;121;-60;-78
-162;84;310
-113;145;-396;-255
-481;-52;8;-587;300;-448
-360;-185;-331
367
-269;382
-530;-358;-252
-333;-175
-232;107
-510
-193;145;-464
