256
341;-136;-218;-492;28;92
-545;28;-223;-671
-152;-121;141
-133
-7;399
-269
-14
270
-561;417
-24;41
353;-594;-646;-22;-312;-589
-243;390
147
32;-121;-188
-548;56;-556
-20;299
-679;-472;-27
-331;-495;-608
353;85;102
156
-657;-525
-31
114;-88;-59
323;-30
-615;-568;122;127
25;12
-679
-552
-172
113;49;139
302
245;-247;75;-45;-208
50;-643;-211;-392;-522
-568
-443
-625;-348;-351;-655
-575
-578
-324
-513;67;-262
-85;-555;122;74;-493;-543
64;136
-76
400;376;-318;-255
84;-490;345;-528
-196;-252;-655
-335
-679;-335;415
-344
-218
-166;-10;-540;-399
-93
-502;376;-604;124
-551;-187
-71;430
-233
376;-14
-357;-652
112
-497
-593;397;-303
-210;-166
-122
-541;-479
261;138;122;-269
-511
-642;-245;309;-446
-179;-333
