-115;-142
357;166;-200;-587
-468;-312
429;-351;62
-593;-61
13
270
-657
16
-184;-346
403
50;-356;-549;196;254
-401;-210;-178
-292;-282;203;92
-18;-614;-423;-121
-24
-324;427;-128
241;-164;-103
294;-584;136;93;-30;-192
-283
27
-481;-217;9;-604;-672;399
-438;-617
-415
418
-549
-354;-361;-475
-183;-617;-443;-125;174
291;120;379;-108
-430
430
-365;318
176
-562
197;-252
-583;143
-275;-166
372;-313
-465;148;127
137;-461
-458
-549;-405;-390;-266
-65;397
-562;-519;-236;-302
-194;-500;-440;-104
-376;59;-620;430;-352
96;-315
-65;-284
-223
359;-137
-215;-520
-626;-423;55;-511
-650;-586;347;-125;-286;-591
28;-383
-117;-111
-193;-38
-244;-454;-216;424
-234
-200;93
-581;-294
-482;-83;99;-409
-68;-652;-286
-437;-188
-625
-569;-524;-46
-597;-678;-120
-562;69;-647
150;-524
1;-402;113;-616;-120
