-514;34;69;-487
129
-183;57;-539;-619
-497;-148
-87;-558
-201;-446
-609;-681
-651
399
-659
17;-38
-198;-567;-669
-67;-260;138;-524;109;62
-515;-20;-537;-636;142
54;103
34
291
-555;-123
306;-601
-248;-425;25;-61;414
-471;-200;375
-503;54;-138;-334;-255;367
-138;-543
-68;-358
-171
304;323;394;-380;-477;-592
-176
-436
-337;81;-115;-323
309
-357;-327;-397
-98;-50;67;-361
-444
-460;399
-374;-456
363;-174
-63
319
-66
85;-583;-520;-525;-573
-68
-374;-473;-618;-526
-1;72
149;26;-508
167;-90
-530;-616;315;-528
-545;-468;-182;423;-588
-162;-85;-90
-1;-513;-554;-29;-655
163;-109;-575;-48;-416
148;-86;-408
-518;165
-356
356
67;-469;-344
-212;-156;255
-429;316
-114
-113;-370;-51;-327;73;-352
-225;25;-526;-286
-121;-380
373
-644;125;-655;159
375
-505
-379
-1;-635
-36;-420;-212;-213;-526
-657;-4;-363
