-305;-577;-137;-266;-540;-480
-130
1
-54;-520;393;-395;60
-179;-586;-236;-413
-134
20;-344;74;-141
-197;10;-431;-607;-576
-396
-493;-30;127
400;-669
-422;-362;-12;14
-482;-292;245
-193;-337;-152;-506;-557;316
-97;128;-260;79
98;-373;-297;-602
-22
337;-637;-495
-417;6
156
180;-454;-662;135
-417
417
-676
-421
-116;-374;-491;-238;381;-96
293
296
-369;-149;53;300;335
300
-407;-505;-682;141
48
-49
-502;-299;123;-271
-438
-210;123;-96
190
-577
85;-651;-12
22;-91
-55;-271
-386;-69
-630;429
-433;85;-454;-427
-65;-165;180;-230;344;-143
-2;-205
304;-33;149;-183;-30
-209
-209;81;-573;236
-83
-263;175
-472
-294;-138;-300
85;134
-417;1;-67;-167;45
-477
-96
-674;-362;426
2;57;-415
-88;-269
-468;37;74
-455;-671
-22;85;-168
229;-665;-570
365
-385;134
-186;105;-189;156;366
-638
-382
