-514
-613;181;329;-28
-132;-127
3
-501;111
1;-342;78
133;-294;-618
15
-400
400
-530
-465;46;399
80;-228;37;-424;-506;125
-662
325;-175
25;412;-462
-274;-264
-163;-312;-448
343;-60
-129;-595;344;-672
-157
-619;109;-416
-670
340;230;-538
348;-640
-452;-368;-320;-304
-642;-214;-202;-414;-623
-643;-556;-256
-148;-296;139
-373;-444
-403;-420;-262;390;-506
-133;5;-455;-441;77
50
417;-234
312
162;-124;-352
-486;170
-340;-101;282;-543
-447
-481;29
54;-637
81;34;-523;-413;109
328;-528
-73
-292;-294
-551;58;-351
-629;168
-626;-548;-282;-669
81;-547
-210
338
-470
-167;-304
86;-15;-415
-161;-189
-545;-191
97
-490
-278;-105;-109
424;296;382;415
-437;-59
99;12
3;-24;-302;-671;-144
115
-67;-52
-83;-429;-381
-135;168;92
-97;-225;-451;372;-431;-576
-433;-561;-241;83
