-2
-580;39;423;-399
388
-193;-326
-467;99;23;-425;-204;-445
-164;356;-102;-461;396;-15
345;-333
-14
-398
-16
-161;-495
-400
-273
-275
-513;41;-94;-608
-130;-356;-277;-342;-25;-429
-316;-477
27
-284
287
-3;-30
-577;27;-508
161
164
-166
-578;-362;-508;-511
-113;-297;-656
-172
-373;-441
-431
-470;-91
66;131;341;-649;73;-527
313
-562;11;236
-485;-568;-399;-16
196;309;-444
-259;-531;-296
-401;-561;403;-656
-164;-221;-576
-661;-614;-232;158
-581
326
360;-313;92;60
-420;103;-158;-238
-53;255
-551;348
411;-61;-461;-654;47
81
84
160;53
-273;-85;-368
-466;394;-399
-91
-69;-670
83;19
-549;-249;-283;-654;95
299;61
-401;-94
-244
373
-529;-567;-509;78
-481;-514;-665;42;91
-503
-632
-370;-260;382
-370;-267
-434;-76
382
255
