128
-385
-642
-3
-389
-196;-38;-30
-139
-616;90
372;-502;-141
-144
-418;-496
-23
39;-78;318
-283
-227;-469;197;-175
-164;155;300
323;-37;375;-237;-542;-176
67;-361
427
43
372;-487;-7;-567;-380
-564
53
-675;-228;-564;-614;-150
-311
-395;-301
-101;157
-445
-467;-211;-407
-577
-452
-323;396;-351;-303
-152;-46;-511
-642;-421;-342;-73
-322;-69;-54;-141;-493;-400
326
-587
-204
-561;-594;309
-208
388;-362;-27;-592
-83
251;-591
-197;-135;-392
394;363;-543
88
-220
-258;-82;-3;-260;245;136
93
-461;61;-336
165;-136;-126
-387;-352
229
-450;-259;-197;-478
-621
-665;43
-367
366
-354;-400
2;-180;61
245
-648;-240
-377
-635
341;-615;-105
123
-383
-342;-41
-467;-9;29;63
