337;-521;-458
-513;-131;-118;375
82;-91;143
-392
9
-147;-524;-108
-349;-47
-652
-524
-637;110
-294;-441;171;-477
144
17
-633;-202;-463
-20
-49;-228
22
-657;-274;-108;-655
31
-516;-143;-272
388;-424
-103;-63
36;-333
66;-137;-10;-522;174
340;-277;-235;123
55;-363
-183
-356;-342
-188
97;4;8;79
-571;252
-195
-421;-134;42;61
232;-432
-202
148;309
-586
-437;-407
340;379
-338
-505;-351
-259;37;-124
-113;-634;-496
-284;-63
-657;-333
113;-591
-596;-396
-356
-52;99;-73;-459
-25;-589
-641;-618;-510
-643;-211;-229;-453;181;-30
-226;-264
105
-261;281;-255
234
157;207
-262;-472;110
-540;172
-102;329;14
-312;-571
105;-352
6;42;-155;-653
-194;-451;-630;-342;-155;-12
-658;-374;142
-481;96;-539;31
-510
125
-12;155;-655
