-646;-397;-238
-71;-187
-565;-29;79
-568;-29;-304
-209;-200;-110;-254
-73;-188
119;271
-67;-660;-37;-396
-521
-394
-50;-346
-162;-243;-535;318;-416
-532;132
-532;163;95
-481;-35;-528
340;-120;-201
-290;-116;122;-461;-61;-239
-233;-431
-451;-549;-432
-539
-156;-13;140
29
128;-33;190
-615;-327;-440;72
-210;-71;-43;-604
-289
34
-552
424
-682
48;323;26;-431;206
115;420;-268;-221
302
-304
-373;424
-374;-327;-122
-364;-336
129;322;388;-134
302;-368
20;-554;-125;77
-200
-97;-227;396
-225;426
-132;-101;-425;-190
-593
-339
-117;-96
-210;-134
-378;-479
88
-279;43;-494
115;-56;-296;-58;75
-465;313;-330
357;-584
-545;-484;245;-503;-316;-32
-356
322;-435;341
-626;119;-477;-271
-100;-377;-11
103
-68;-262;-144;-656
288;158;175
-241
86;-455;-683;427
-291;-436;-326;-599
112;421;375;104
-345;94
-125
-572;60
