256
-391
135
-258;-526
-635;-364;-636;-431
-660;-527;-367
-338;-87;-491
151
-539
27
306;-278
-98;-315
-675
-421
-550
166
-70;31
130;420
-679;343;169
-40
-215;136;376
-449;-237
-560
-432
-18;259;-119;-683
-491;-592
-188
-576
-659;-676;118
-321
-323
197
-657;131;-88;-9;40
81;119
74
-684;-32
-332
-532;-596;331;-176
-590
-670;77
-403;84;390;-665
-210
-83;-629;-653
-322;-66;-183;-157
-348;-510
-479
-562;-174
-609
-646;-333;-366;95
144;281;108;-382;77
-305;290;-601
273;53;-95
-106
-107
-273;382
-566;-666;-350;319
-497
-22;-681;106;-110;-671;-528
-99;-483;-532;-455;381;47
-501
-245
-466;92
-72;-671;-144
-516;397
-309;-326
124
-253
-638
326;378;156;-222
