256
-97;-40;-44;-205
129;-132
341;174
-214;-431
-410;-619
-178;341;-14;-142
-289;-66;363
9
16
-82;-587
412
-542
-482;-237;-335
-161;-625;-359;343;-383
-115;76
-680
-658;-490;-429
-530;357
44
-375;73
-197;-364
390;-266;-431
-145;181;-600
400;-595;13
-259;3;-284;-541
-577;-657;-209;-498;-677
-133;319
-313;251
-452;-636
93;-671
-323
-118;-589
-324
18;-343
-457
-2;-11;-317
160;-491
-433;-615;394;-189
-461
100;360
-423;172;93;-304
-665;124;140;-446
80
-216;297
113;-484;-117;-234
-454;-526
-213
-129;-597
-578;363
-362;-267;28
-481;-501;-22;-495;127
-548;-277;376;-411
-352
101;252
341;190;-432
89;394
64;-539;-60;-589
306;179;-589
-104
-441;-185;10
-269;-94
108
-225;-197;7;-78
365
82;-597;-367
50;68
-34;423;-270
-454;69;-555;44;-255
