-295;166
-259
-261
-83;-597;-248;362;-463
5
288;-98;-442;-236;-286
-482;-322;-227
113;-327;348
391
-130;-68;190;-384
-264
-521;75;-78
-647;-505;-524
-212;-57
-527
19
390;-539
250;77;-606
-666
-438;-231
75;-396;-93
-454;-220
161
178;-471
-453;152
2;-48
-307
-392;-555
51
-229;-43;-557
-513;-663;22;-138;287;-464
-190
-610;97;-10;203
63
-515;-485;297;382
-578;254
-184;-396
35;-550;140;-302;-415
-194;-130;-3
82;-453;297;-509;-512
-330
-268;-333;-287;46
-309;165;-315
-226;-659;-615;399
-513;-520;348;93;-254
-179;100
-592
139;-605;-383
-225;-587;-668;-140
234;109
-502;-187;-76;-222
86;168;234;-141
348
-227
-481;-51;-456;-440;47
-486
359
-100;-438;360;-185
-494
366
-498
423;-570;-351
-646;-492
-116
120
50;-231;302
-354;-562;-499;-500
-465;-170
251
