-129
36;-38
-3
-113;-547;-101;117
9
340;-137;-112;303
-293;356;-488;391;-236
388;122;-526
402
-546;399
136;-510;-511;-288
-125;142;14
-33
23;10
-289;-428;92;206
-306;-627
293
51;-295;-122;-507;-62
-531;-100;373;-185;-237
-556
-300
44
-565;21;-199;-567;-317;174
-199;-284;-77
-433
-50
-292;230;122;140;366
145;-180;-390;-656
-66;-261;388
-451;-343;-249;-446;143
-549;-414
-561;67;-486;-295;56
-387;-295;-618;-592;-480
-482;-522;-299;-558
-265;-446
-194;-250;-139
-105;-94
261;-346;-490;-349;-45
-458
74
-68;-70;-169;-43;-365
-155;-176
-76
-301;-159
64;131;137
-385;-465;-98;-290;-634
-657;-343;-503;-392;155;-14
-433;-485;-165;-7;-665
-91
-513;-7;-568;-32
306;-426;-234
147;-501
-98
-535;-460
-393;-477
-193;-148;180;391
-615
1;-678;-522;-651;-174
309;-670
360
-149;-87
-622
-305;-322
-33;-202;-666;411;-13
288;-37
-381
-512
255
-254;126
