353;-116;-566;45;415
-628;-441;-586;-272
-598;75
-674;-246;12
-396
-141
273
-659
-386;97;69;-57
-535
-24
-564;387;-649;-681;-442;-123
162;245
64;369;-4;107
282
-586;175
-457;-122;-11;-590
30
34
-550
-225;-69
-260;-484;-574
-437;-517;-622
-588;-589;-15
-427
322;-198;345;329;141;-640
6;-344;-346
-301
-55
-225;168
-322;-262;391;-249
-443
-445
-20;-681
-481;-566;-156;-143
-593;-102;-141
-196
167;158
-563;-406
-548;106;365
-602;11
-335
206
-500;164;45;-176
291;-120;-282;28
-506;-348
-453;334;31
-435;-52;397
1;21;399;-512
-471;251
-349
-466;118;11;-527;-127
-324;-653;-528
180;174
181;-252;-415
-18;-611;-502;-398;-575;-48
69;-298;156;-671
-419;-554;-540
291;-581;-539;-430
-515;20
-489;378
-169;-73
-243
-442;-12;-301
177;-87;-57;-521;-525
-467;-324;245;412;-368
1;-504
162;3;-358;-573
148;-423;-313;78
