36;-517;-160
-501;-525
-386
-657;-531;-86;-649
-132;139
-91;-45
-521
270
-415;271
-400
-17
-483;-452;132;-557;62
402
-258;372;-121;-654
161;-312
-34;24;-655
27
-30
-673
-674
-34
-330;-603
-49;229;-168;59;-157;-208
39
297
-4;-423
137;-95
-44
-135;-423
-66;20;-645
-421;-615;121;-58;-362
-567
323;-266
-500;394;396;-479
-193;-52;-73
-210;-148;-661;-662;-330;156
86;109
197
69
-257;-539;-28;-142
-499;116;-456
-584
-523;-445
-204
-590
206
207
-649;-285;-206;-478
49;89;-110;-239
-470
-84;-276;-511;271
-84;-568;-205
-34;124
-349
-243;291;-526
-438;-424
-222
-479
147;-506
107
-136;-489
147;-239;207
-151;-222
137;363
-374
16;5;-219;-445;396
337;-586;-128
-381
-91;394;-684
