-370;-675;-84;-26;-557;175
129
387
69;-555;-543
132
-580;59
-434;-471
-266
-651
10
-654
18;-3
33;-14
312;-589
64;-163;-99;34;-84;-158
-418;-280;-665;107;-48
-178;-179;74
-342;-185;-606;-175
-416
420;101;135;399
-357;-503;40;-412;-464
300;-61;-527
312;232
-418
-548
-433;-138;271
304;18;-54;-568
-493;-125;61
180
-652;-111;-576
-547;51;-459
114;329
-344;424;-525
-451;390
203;-142
-115;-312;-377;-27
-648;-184
-293;-168;-152;-27;-320
-190;382
-226;-20;-138;315;-253
68
-450;232;-59;61;-366
-328
-417;87
-419;-41
-291;-4;420;-615;378;-478
-210;88;43
-464
-130;-419;-430
-339
-659;316
-2;-71;-413;141
88
-220
-610
-529;-483;-86;-232;46;-224
-161;-185;-349;-431
-321;165;-331
-177;-436;-357;-101;-440
-306;-439
-49;-673;-580;-422;150;61
-362
20;-512
-674;-468;-5;143
-243;-72;89;-142;-255
-498;421;137;-62;-496
243
-258;-4;-533;-326;119;-654
-308;-470;-327;-364;-575
