-89;-139;-413
-646;-253
232;-367
-34;430
-527
142
417;-284;139
-104;-618;-317;254
-530
353;-334
153;-126
176;-552;375;-424;170;-159
-543
-407;-522
-67;-350
-675
-38
-225;306;-647;15
-299
150;122;-571
-547;115;-540;-480
-430
258;-583;-105
-82;-390;297
-549;54;-203;141;125
-5;-11;-672
-434
-470;53;-391;-652
-437
104;-159
-569
57
315
-468;-616
-60
-188
60
-322
372;-438
321
-581;-127
-67;-6;-252
-205
-590
176;-292;-356;9
79
-504;-456;-400
153;58
-469
-2;-613;-494
80;-297
-516;169
-178;-301
-223
93;-574
-258;312;-58;-479
-614
-360
-356;-645
-361
-145;-346
108
-499
-248
-105;-555;27
-577;-614;22;-617
-379
-507
-581;-37;-73;-556;-413
