1
-83;-244;99;-357;70
-627;254;-527
-564;-100;-623
-611;-294
-138
-522
-69;-70
-140
-144
-393;-474;-46
291;-456;-236
-340;-173;236
-419;-611;375;394;411
82;2;-660;40
-26
-451;-245;133;-104
-97;-4;-85;-119;-362
-644;-56;-313;-556;-508
-626;-595;52;-525
415
-548
-676;-512
-37
-423
-170
299
379;-208
-612;-282;-559
-429
-586;58;-415
304;-84;-468;-568
-325;-533;-344
-353;43;127
-549;-296;-491
-67;-139;-623
367;207
63
-567;281;170;-76
403;-613;-440;-682;-13
-578
1;338;-188;-541;-445
-113;-524;-332
-284;-44;125;-575;-448
-179;-53;-357;-256
-338
-213
-411;-572
-372;-308;-237;61
-54;41;59;430
-241;102;46
-674;-583;-458;-587;-512;-352
-611
9;-621
-230
-375;15
307;-69
17;21;-278
85;154
190;-303;-512
-26;270
117
-248
-438;-375;-587
66;-443
353;-476
-163;-473
127
-68;-616;-360;-108
