-9
-353;-177;403;116
-12
-141
-99;-442;399
142
-196;312;-330;-379;-447
-273
-393;411
402
40;-572
148
-257;106
-513;-408;-254
-535
24
-581;170
-284
-246;329;77
-533;-655
-594;129;-467
-677
-2;-194;-201;-587;-462
-372;-437
44
-16;-416
-451;150;348
-406;-332;-462
-265;-169
325;366
262;119;-650;74;15
-546;-520;-203;-576
-582;271
-583;-424;328;365
-318;-254
345;-30
-53;37;-557
-100;-406;92;-416
-643;-244;24;30
-266;-396;-445;-477;111
337;-455;-460
-546;-307;-183;-105;-621;-480
-323
323
-563;-275
-584
-330
-292;167;-314;105
-207
-34;155;-524;-319
130;-344
87
24;-634;27;125;-399
177;107;318
-392;-584;-399
-113;338
32;-23;-622
39;-538;155;-29;-112
357
101
-546;163;262;-472;-216;-447
-108
111
-233;-634;-28;15
1;-680;-346;-460;348
-373;-125
131;-13
-125
-214;-556;-125
