-65;-72;-171;-78
-577;-323
387
-290;-611
321;-187;382
-506;-269
135
13
-461;44;143
-66;340
-305;-594;241;17;120;-652
-135;411
-34;394;-383
-609;329
-56;71;-26;-269
-70;-40;-298
-561;-407;427
-234;77;15;-272
-659;-217;206
-663;120
-610;-62
-133;-413
-629;151;-680;-539;142;-16
70;11;140;-512;-256
236;-272
-548
-258;-402;-659
-482;-484;-374;-109
20;-392;-11;-429
-529;-327;-425;-427
-487;26;-352
300
174
-432
147;-678;294;11;-208
50
309
-376;-576
-209;-533;331;-670
-441
-319
63
-135;-443;157;-430;270
321;-290;130;-618
117;373;-410;-667
-469;169;-619;331;252
161;-630
33;-573;-445
-89
-341;104;-157;47
-568;312;-652;431
-679;169;11;-268;-432;335
-440;-43
99
-422;-439;-377;-591;-192
-546;60
-357;181;-250;-445
161;232;-624
-161;-519;103;-378;-428
-551;376;-346;157
-65;-3;-677;149;-408
-318;-304
-593;-261;391;204;-240
84;-217;157;-654
-504
-643;-516;-24;-218
-309;421;-88;-56;-348
-207;-559
-599;-328;-352
