113;-242
-209;-644;-117;-349;-669;-191
-7
-577;262;-590
9
-378;138;-380;-30
10
-395
138
-132;-523
-328;-458
-324;-463
-209;-450
402
-581;-78
-513;-481;-563
177;-153
-666;-512
-259;-156
-164
-300;-413;-222
-40
-146;-131;150;87
288;-116;309;23;-78
-683
-132;-488;-320
-35;-523
-56;-120
400;190;-640
-61
-409;122;-31
-421;-88;316
-579
-265;-300;-142
387;-486;294
-404;-424;313;362;-173
-579;-72;-492;175
-626;-214
-642;-519;-665;89
-201
203
-582;378
35;-520;-233
420;23;-236
-180;356;251;363;-576
-355;-628
16;171;156
256;197;-108
90
-225;-36;-88
-159;-128;-256;-192
-609;-325;-405;-358;-446
-321;-113;133;-89;-220
-130;-115;-148;-59;-415
-356;-201;329
-419;-221;-237;-381
-364;-640
-341;-201;-315;60;46
-581;-173
-372
-644;-53;-445;-126
356;-474
-402;-214;-350;-48
-465;-594;-423;-206;-480
-376
375
-506
-127
-165;-246;-22;-463
