-659;-367
-682;-91
161;-678
80;-53;-613;-678;234
-673;-346;-12
-647
-421;313;-171;270
-58;45
-210;-423;-106;-27;-656
-53;181;-110
-247;-28
-276
-662
-642;-199;-332;255
21
-664
375;-656
-413
-282;13;-528
-522;77;-592;367
158
-259;-93;-63
-120;88
-212;-335
-449;58;-540
241;-76
-38
-292;-198;-191
82;-595;-420;394;-478;335
241;-35;-163
44
-609;-165;-681
-561
-564
-180
-216;-105
65
-567;-141
69
-183;-143
-530;-21;-457;-345;-91;93
-521;139;-76
-358;-297;-572
-626;-676;20;310
-180;-28;-124
-593
-595
101;-471;-617;-428;-333
-213
-329;-14
-529;-184;-575;431
-329;-528
-89
-402;-67;-267
-242;-166;-586
-483
-659;-501;-378;365;-462
-104
-4;-236
-380;12
-629;-30;159
-457;-12;93;-639
-248
-250
-634
-636
-242;146;-558;-623
-627;134;8;-508;-29
-184;-331;-253
