-501;-428;-352
3
-434;109;191
-391
-490;-270;-528
-243;-327;-592
-267
-143
-293;-573;-45
57;-620;-221
-644;375;-489;-411
-576;175
-178;157
353;-490;158
147;-188;-367
337;344;-528
-163;-261;138
-35;-508
159
151;-570
-677
38
-424
169
-171
-286;-15
-661;-262;366
169;-124
-174
-439;-377;-239;-144
-420;-408;11
-404;-470;-503;-254;157;-240
-130;-432
133;-71;-280;396
-499;143;-592
-439
359;-542
-59
-659;54;171;-141;-190;63
-447
34;-292;-185;-666;-112
-643;-580
-341;-134;-366
-334
-101;-88;110
-150;-220;-221
206
-113;-307;-536;-648;-331;-64
-375;166
-6;-77
-562;-182;-648;-587;-411
-588;-140
-403;-276;-59
-674;114;341;262;170;140
-361
-489
-435;329
-107
-577;241;-141;-398;79;-208
363
111
-241
-468;426;396;143
-519;-237
-504
-376
120
250
-381
