-513;-371;-87;-298;-267;255
-260
-551;-553;-554;345;-27;-587
-648
135
-649
-49;-597;-165;424;-522;-508
-18;161
-657
-664;-634
181;-584
-277
-23
-230;-538;-91;-300;367
-330;-463
-34;-642;-631
-305;-195;197;-25;365;-320
1;-158
-373;-133;-6;8;-684
296
363;-319
302
178;-166;-329;381;-624
-560
-113;-448
-564
-393;41;43
54
-588;-368
-209;-5;-412;-76
62
-576
-273;-431
-549;-155
369;403;61
-450
-642;-117;-280;-601;159
-329
-73
115;-613;76;93
-52;-277
-221;-496
-462
-464
-374;138;-301;61;365;31
207
-439;-120;92
71;25;-13
-265;-331
148;-235
-563;-165
32;-211;-552
-480
387;312;-90
-243;-165;-551;270;206
65;-295
-444;-348;-592
-535;-40;-681
-50;-218;-351
-580;-168
-182;-312
-374;70;-649;-76;-494
-146;306;23;207;-16
119
375
37;-535;-488;-302;-368
38;-280;-380;-253;-400
-153;-683;-525;-62;-607;-144
-151;-616
