169;-173
-212;54;-604;-332;-271;-48
-552;-606
52;-231;44
-578;-581
-437;-470
397
204;-189
-514;-580;-647;252;-320
20
148;-169
118;415
149
151
-17;337;345
-414
-31
-159
-129;-67;146;-388;-105
-32
34
-593;-296;-109;-63
101;-267
-167
145;-107;-366;-95
33;-73
-129;169
-555
-300
114;-70
429
430
55
-357;-570;-540
-129;-51;-395;-556;174
-290;-286
-635;-620;-622;-607;-383;-527
-452
-594;-435;-230;294
-345;-110
256;-151;-666;-267;-12
-279;-72;423
-659;-7;78
32;-338;-469;-246;-454;-651
341;381
-468
-36;68;-646;343;-217;-239
-677;-550;-524
-209;117
-657;52
-545;340;-400
-513;17;323;-501;-316
372;-346;-154;-95
313;-651;-400
-561;-289;-528
103
-263;367
-56;-41;-137
-490
313;-204
-623
-500
-483;-339;-102;-505;-608
-5;84;-422;-415
82;-199;-601;-426
-123
-426;206;-399;-656
-637
-17;-507;142
