-434;-184;-410
-516
-8;14
-187;-332;-511;94;-95
-625;-675;141
390
-146;-117
-138
-661;11
18;-540
161;-429
-565;-154;-74;140
-526
343;-201
-291;-494
363;-669;-480
402
149
-134;-359;-681
-37;58
23
-531;376
309;-391;-74
65;-350
241;-565;102;-87;-232
-33
-321;159
400;-362;-462
168
-556
-179;387;-293;-123;-46;-303
45
-136;-248;-477;431
-48
-622;62
-177
130;-567;-488;-43;-112
-467;155
-468;373;-136;-105;393
-610;294
306;139
-191
-649;-320
326;-443;318
-100;430
403;-200
-592
-116;121;430;158
146;196
-129;307;309;-584;-72;-46
91
-67;-499;-551
-480
97
-88;-396
-101
-486;-201;329;90;-556;-175
-508;-364
-501;-41;-75
322;-675;-679;157;-639
362
-235
-100;-521
-503;-632
-324;-556
-245
-597;-601;-425;-634;77;15
-229;-358;-41;169;-653;-29
-289;6;-234;394
