101;-360
-194;53;399
-43;46
-437;-8;312
135
-291;-485
-580;-503;-157;78;-127
-660;-234;-525
-371;-125;-110;-624;-448
-143;127
-274
-532
353;-56;-574
-355;-183
-194;70;-159
-50;-371;394
288
-385;293;-454
-646;-572;-96
-177;12
-625;-370;38;-617
161;135
-297
-682
96;-195;-71
-516;-170
-309
7;430
-264;-559
-184
322;258;-140
-449;417;-675;-442;-156;-160
-97;129;-92
59
-611;-188;-287
-465;-550;-169;-670
191
-449
-334;141
-563;-442;426
-198
356;-155
-241;259;-645;-137;-591
132;-464
204
113;-422;-102;87;-138
-593
-386;-72;-11;-382
-402;-578
-547;-585;-140;-94
-598
304;150;-238
-97;-504
-381;-95
-433;-365;62;-255
-561;-38;-394
-209;85;-618
-615
403;-44
-241;-119;126
366
-489;-665;-624
-245
-633
5;390;-314;-202
-673;-674;-184
-53;394;-91
-380
-638
