-260
-517;-118;-121;362;-684;302
421;-297;12
-651
80;-99;-148;-90;-399
-276
176;-344;318
-386;131;423;-447
-611;-582;-156;173
-280
164;372
-412
-669
-30
158
-22;-140
-53;59;28
-163
35
145;262;-446
300
303
-454;120;203;-301
-562;255
-258;-661;-186;316;-670
98;-56;-287;303;-240
-681;367
-281;93
61
-322
-323
-627;39;-504;127
-402;204
-18;-51;-99;-38;-444;-319
169;-94
80;132
86
-65;357;-512
-450;98;243;329
-69;-281
54;296
-229;-252
21;-296;-104;12;142
252;-607
-99
-353;135;-635;-252;365
-88;-585;312;-650;42;-29
-617
2;-232;-328;-572
-488;124
379;-271
-618;90;-605
102;262
-275;163
-368
-536;168
-278;-347
-242;-583;72
112
243
116;-617
-246
-503
-225;-548;20;-135
378
-125
-638;-639
-510
126
