400;-58;300;-384
67;-229;103;-427;-669
132
-162;82;-24;-286
309;-684;63;-464
391
-178;161;72;-63
163;424;360;-509;-301
-652
-268
-436;293
-16
-51;88;-442
-449;-354;-490;394;108
22
340;-428;-192
-668
145;117;-138;-476;-446;-383
256;1;-498;290;328;-91
-672
-417
-49;-628
-545;130;-263
-530;-328;-461
-41
-421;-454;-407;-39
-21;-661
-45
431
-305
134;152;-591
402;-236;140
-75;-219;-94;-176
180
-56
-316
-309;-362;-29
19;236;-447
325;-538;-492
328;152;-32
-184;-139
-77
-497;291
-321;-405;-230;-426;-365
-467
-209;-258
-374;-396;302
-294;-174
-406;-233;41
-242;372;-568;-553;393
97;387;-14
-216
-50;-341;171
-95
-516;-196;-661;397;-16
-353
-354
-484
-1;-372;-266;25
-107
-387;-580;-617;-571
-1;243;-20;22;-632;-362
-673;-227;356;181;-153;-234
-112
-568;-313
421;-280;-639
-82;-292
326;-573
-600;72;-331;-160
