-408;-490
-533;-237
-547;415
-146;-163;-589;382
-391
338;-163;-426;-397
-648
-521
-522
-526
-374;230
-3;373;-503;-397;-383;-384
-273
-533
418;-397
-571;-61;348
-157
29
-19;-645;165;-155;363
-322;-323;-281;-523;-128
169
-205;-605
-405;-278
-162;-11;127
112;-127;-288
-505;73
-561
-505;-458;-368
-501;21;-600
56
282;30
-59
-188
-115;-627;229;197;8;-267
-581;-358;234
-180;-520;-269
-329
-457
329
-589;-509
-578;178;-668;-671
-206
-78
-66;-269
171;-509
-613;-238
43;-126
-555;-667;-654
-604;-382
-212;-519
-139;-208
-220
256;19;329
77;-559
-482
-500;-533;-154;393;-587
-358
160;-374;-503;151;125;206
108
145;-638
-682;60
-98;-19;3
-7;-168;61
-577;-19;-672
-502
-342;-598;-74
-378
382
-454;-347;-607
