-664;-617
-177;-415;78
-20;-141;-271;302
-361;-538
-213;6;88;-157;-94;367
-132;-152;-233
-548;55;-376;297;-475;-622
137
9
309;-493;173
-593;-37;-567;-346;-236;-543
-229;-46
-338;-327;-616;108
-596;59
26
-419;-639
-657;-88;-587;-541;175
136;-316;-112
-59;94
-90;-75
420
-387;258;-632;-173
-1;-362;-444
168;-463
-193;-130;363
-420;-90;-109;-14;207
-47
-468;180;-310;-378;-607
-432
42;-60;-671;-512
37;-215;127
-289;-631;-542;-494;-431;-352
-274;162;-347;-108
-311
-603;-606
-658;-39
-273;165;-592
-130;-644;-677;104;-220;-159
-374;-200
-447
-314;379
-531;-573;141
-49;-326;423;-281;-95
-122;-125;45
-611;-612;-4
-332
48;-178;-86
-78;-160;-240
33;-640
-177;-175
-232;-506
160;39;-29;127;-528
-615
160;-131;-424;-95
-306;-516;-521;-555
-86;-361;-411;62;-463
-418;-460
-495;-256
-114;-639
-378;-444;-575
116
-33;-470
-504
-201;-560
-506
-133;-246
304;-537;42;-444
251
-82;129;206
