-593;-305;-66;-615;426
-246;-269
-386;-439;-74
3
326;-331
129;-340;232;-494;-559
-268;-640
-140
12
-83;-317
-268;251
-402
39;107
-151
-280
-228;-444
-544
-292;-253
-338;-2;-285;-432
-290
-69;-310;-427
296
297
-18;-147;-675;100;-198
-430
-506;27;399;-96
-662;-663;137;-14
-151;41;-139;426
160;17;19;-26;140
20;22;-250;-588;-542
191
-39;359
-616;-443;-415
-451
-324;-265;-105;-397
-179;10;-640;-32
-73
-484;-489;-670;-351;-127
23;58;-651;366
-116;-380;-350;-255
204
-359;281
334
-388;-101;341;232;-425
18;-231;427;-300
-471
-164;-266;-683
-211;-3;303
-603
-674;-424;28;-558
94
400;378;-300
-611
-21;-282;122;140;-190
-214;-614;-301
-490
-417;51;9;-395
-577;-562;-198;-136;-47
-401;-96
169;76;125
37;-537
163;-329;158;-240
375
-501;-599;-573;-431;-576
-377
-470;93
-49;357;332;252
-98;-243;86
177;-246;-537;362;-11
