-165;-94
-197;-192
-265
-651
10
140
-433;84;362
-490;426;207
402;382
74;-348
154;-302
-178;-646;-570;-474;-219;-494
-278
-146;-195;-373;-230;-22;-592
-339;-276;-560
-178;-186;-607;-463
-580;426
-297;14
-441;156
-524;111
21;24;-591
-418
-519;-667
21;-632;-489;140;30
-568;-235
-331;-476
-470;-471;-252
-129;-555
-388;35;71;-601;-314
-433
16;-545;-73;394;156
-53
-426;-525;-382
-369;129;105;-431
-163;323;234;-621;44
-113;57
379;318
357;8;105;-28
-117;167;382;142
307;-454;-47
328
-417;402;-187
-586
-530;-312
76
130;-212
270;-352
321;-586;348
20;7;-366;255
-643;73;-544
-620;15
-611;-268;-368
-224
-353;-513
-356
-484
-4;61;-670
-358
-361
-178;-569
177;-415
-457;-174
-275;-101
-597;-409;-508;-175;-608
-244;-440;-668;334
-216;366;-272
-417;-149;-198
-161;-451;-600;-57;-266
-474;347
