-307;-335
152;-395;-399
-357;-293;-646;-633;-254
-134;-566;-56;394;-158
-402;-434;-584
-397
-483;-516;84;20;-142
-321;-18;-391;-555;-139;-256
-387;196;329;-475;-192
-612;4;75
25
-668
52;-458;250
-53;-235
-10;105;-60
-355;-453;-632;-377;-523
-293
-225;-326
-169
-681
41
343;-249;-265
173
-611;338;-212;309;-535;153
-323;-73;-443;-364
-402;-242;93;-272
56;-111
50;39;95
65;-370;-141
-674;-51;87;-619;426
-585;393
-514;100;394;-654;-544
323
-657;121;-236;-384;-64
114;-531;-548
70
-74
-459
133;-22;94
-435;-395;-144
418;-115;30
-335
-514;-98;19;-383
-466
-393;-411;-302
24;-493
341
343
85;-301
-104;-27;347
-98;-475;-158
-348
-545;69
-223
-609
-132;-607
-55;-649;-314;-156;-208
-211;-517;-378;107
360
-555;191
306;307;-121
-365
-368
-663;-410;61
-118
-503
-551;43
-625;-533;-375
-512
