32;85;-138;155;381;125
-310;-590
131
-133
98;-68;328;-94
-307;-324;365
144;-388;-536
-398
-145;3;127
143
-172;299;-400
-85;-15;-175
-313;-478;-639
24
-282
282
28
-577;-374;25
415
-416
-133;-28
-482;-63
-546;340;-314;-365;-560
-626;-435
166
-169
-19;8;-250;92
259;-486;-327
-436;309;-171
-626;396;-32;431
-482;325;415;-560
146;29
-299;-139
-449;-244;-133
-573;-384
-289;112;-269
-476;-254;270;271;127
-57;-634;-11
16;-463
-572;252
-321
-6;86;-603;-459;-622
354;100
-284;-44
161;-363
-588
-657;-318
-193;-609;-343;-507;-349
-341
-577;-514;-661
-90
372;101
-482;-178;-583
348
-433;82
80;270
-515;-69;39;-447
-100;-443;-171;203;287
-194;173;-335
-489
129;-363
-434;-99;169
-109
365
243
-503
-17;-529;424
-662;357;375;60;-511
-275;-213;-552;-654;158
