-9;-441;-266;74
-259
-136
357;-166;72
-138
-524
-412;15
-195;-85;10
-6;121;75;-590
-274
-275;-533;-150;-598
-539;-252
-408
-659;-663;-622
-409
-155
-595;-585
-113;154;42;-493;381
-292;-411;-94
-289
-369;-651;-523;-172;-623
-165
-547;-387
-579;29
16;-39;138;-156
-302
-215;-471
173
-498;23;171
-291;-15
49
-529;-290
307
-437
-546;107
-205;-237
-460;-496
-137;250;270;-192
65
-578
4;-375;39;-509
-331
-17;-482;-599;379
-289;291;-9;-654;-447
340
-344
-531;-246;-233;-557;-461;-239
306;148;-246;-428
-617;13
-312;-555
-520;-605
-82;-404
-88;-152;-9;-557;-192
-678;-320
-5;232;-141;-319
-657;-243;-117;68;204
-401;230;-575
21;-48;-208
-236
108
-68;-394;-671
-583;-440;-617;-554;-606
197;102;-539
241
-247
-503
-17;290;-183;-295;-446;270
-680;25;-90;-539;-477;-159
18;-245;-29
