-103;-538
261
19;-533;379
164;100
-547;-179;-644;-629;326
-492;93
75;-350
-533
153
-283
273;-300
-628;-39
20;-661;-248;7;-203;-95
-543
-33;-127
-289
-307;-278;-474
-454;255;159
-132;-233;-668;-77;430
-301
-374;-103;47
-303
-18;-357;-43;-656
97;-403
-51
-307
-24;-156
32;-370;-389;-606
-229;46
370;-110;-446
-317
134;71;-78;-575
-257;2;53;-508;-636
134;-584
-81;-97;-567;-185;397;-176
-545;-402;-5;-582;-200
-583
-100;-613
-73
-592
-20;-13;-511;-432
-662;-203;-111
-177;-487;-603;-221
-145;-114;-149;104;316;-605
-497;31
-657;-98;77;-304
347
-480
-388;-485;-348;-671
-615
160;-135;-263;-505
117;-247;360
344;-240
-364
-67;-554
96;273;-325;-506;-671
-365
-34;-517;-280;-479;-207
-452;-293;-341;149;59
-211;-582;299
-112
417;373;-167
39;-540
-108;-445;-463
120
-108;-526
-33;411
382
255
