32;341;-571;-316
-3
-35;-389;-650;45
-426;-493;-496
-197;-471;-368
52;-40;-25
36;-277;-214;-166;411;-447
-406;-124
-628;-182;151
96;180
-153
-324;-597
-261;54;359
261;-287
282
26
-597;-518;-221;156
-99;-59
-481;62
-290;-261;388
-307;-534;166
-101;-319
-579;-148;-269;-64
420
73;154;-189
-308;-70;-359;57
167
49;-564;-550
-170
-555
-130;-258;-69;-613;-511
429
-99;132;-600;-383
-498;-679;-672
1;-482;39
-172;-399
-318
-67
-582
-355;-260;-376;-556;-317
-584
-395;-190
73
-332
-129;-90;-491;-45;-96
-169;-298
-65;-663;-569;59
-215
146;338;-141;-559
-88
-101;10
-642;39;-683;-477
-101
-134;379;-493;348
-488
-471;-392;-395
234
-557;-221;159
48;-437;-220;-141
100;-215
-392;-280;429
-218;-27
-305;19;-437;-151;-11
-34;151
-121
-378
-506
114;-365
-613;-410
