-529;-240
-385;381;-223;-544
-305;-53;-423;-378
-7
-472;-473;394;347;-397;-431
49;-583;-393;-619
-327;393;-333
-54;-295;-55;-618;-269
-268
-179;318
-677;-489
-2;-21;-92;-285
258;-85;-152
52;-485;20;-122
23
-538
-663;89;-108;271
33;-61
-412
156
-157
-414
-413;126
-673
48;-434;-307;-679;-72
-551
-406;365
-531;-458;303
-363;315
-45;366;367
-500;-680;363
176
-657;-594;66;54;347;-559
-532;-557
81;84;28
-202
-242;-604;-639
332
-335
-464
-156;76
-97;6;-505
-641;44
-469
-345
89
-474
-165;-293;-664;-383
-674;387;-504;137;173
-101
229
-216;-399
-137;31
-107
-569;76
-454;-632;-377;-299;-365;-31
-366
-264;152
-624
369
-578;-48
420;-677;-646;-567;332
-567;-285;-544
-33;38;312;313
-470;-616;-218;-13;430
-167;-152;-441
-580;-277;-455;-604
-252
-622;-272
