-465;70;135
-387;323;-72
-168;31
36;-382;-176
-523
-140
-451;36;-486;-523
-673;-645;-234
-564;-357;-635
-406
-636;-669
-658;119
411
-114;-299
-541
13;15
29
-17;-152;-25;-107;-159;46
-415
-387;-284
-261;-661;378
160
-44;77
391;28
-549
-41
-564;-615;139;-108;-431
-176
-54;-668;-684;78
-322;372
-440
-401;-248;-633;-44;-528
35;-536;-204
64
-68
-247;-622;-127;-672;-448
67;-313;-61;109;127
-385;-199
-164;67;196;101
-586
-141;-574
-263;-604;-366
81
82
-86
-226;-515;172;-591;-111;-608
-88
-22;-552;-666
-593;179;-327;140
323;73;-652;-223
-607
-113;-580;-136;10;-269;-416
-339;-568;168
-485;-46;302
-130;-345;-11
-230
-644;100;-326
-356;420;-377;-239;-192
232
-114;67;-149;-506;-428
322;55;-409;-208
-6;424;-298;-491;-638
-179;-197;-332;-302
-499;-411;156
-116;230
-147;-359
-381
-639
-56;-570;-142
