241;-669;430
3
-305;-562;343
-653
360;74;92
-17;73;-459;-510;-511
-407;-506
5;168;106
-671
-562;-598;-280
-498;86;-427;-477
-593;-596
-642;133;-554
-322;-408;-351;-368
-265;-416
-42
-337;-163;-452;-182;-381;-576
-427
80;-125
-2;178;-158;-64
-182;88;-523;140;174
-84;-604
-193;-367
-148;-9;-171;-413;-605;-495
-305
-50
-340;391
54;-28;-351;-639;271
-309
-51;-259
-289;-405
-55
54
-435;-4
-98;-210;-25;-365
21;299;125;254
288;161;-511
61
-450
-87;-138;204;-558
354;-681
-456
-585
36;135;-361;-399
160;-408;-155;-284;366;-655
-264;-251;-190;110;127
-228;72;-331;-495
-17;-198
-114;-6;204;-125;-398;94
-508;-606;-511
-327;-233;-427;-255
90
-220
-161;-404;-214;-633;-222
-675;-152;423;-587;251
-358
-632;-624
105
-18;-3;169;-256
-483;403;166;-184;-651
68;-472;-346
-657;-605
66;-567;-184;-380;-348;-109
372
2;-219;-669
-482;229
-612;-282
340;-486;-110
-291;-221
