-641
-1
-612;-424;236;78;-560
130
-625;-216;-603;-480
6
229;-494
-241;-154
-322;54
-417;-10;270;-511;-496
-13
-631;-552;-538;44
-654
18;360;-377;26;-428
-451;-339;402;-41;-236;-125
-630;-60;412
65;-632;-96
-145;-641;-3;-118;-16
27
-30
-230;-267;-304
-34
-39;10;62
34;-584;-125
-422
38
166
6;23;137;-573;-656
39
-26;-398
-553
-385;97;106;11
170
-389;-169
431
-536;-41;-368
196;-518;345;-253;-78
97;-452;73;-59;315;206
58;-495
180
-23;-671
-306;117;135
-315
-421;-69;7;-122;31
-232;-155;-30;-160
-386;-20;-469;-344
341;-282;-511
-202
-587
356;282;335
256;-51
-493;46;-656
37;-538;-220
-210
161;-376
54;-330;-492;-605
-435;-45
-562;-210;-606
290;-266;203
-419;424;-540;-332;126
-59;-428
130;-19
241
325;-78
378
-163;-345
-502;-135
338;43
-86;-570;-480;-272
