-258
-165;173;-14;-128
-519
-50;-341
-433;40
-139
-396
-226;370
-115;4;93
-373;-118;-280;108
353;-377
153
345;-192
281
156
30
159
287
-199;-601
288
41
128;-324;54;-571;61;-542
-612;229;-684
-469;262;-479
-209;-648;122;-235;379;-351
-305
130;-196;-496
113;-456;-608
55
-468;21;134
-82;-628;10
-67;-252;127
128;-676;-599;-585
-129;-585;-652;-238
-486;-96
-361;431
-102;-535;-119;347;-302
133;-7;-425;-158
-201
-531;-371;-325
-467;-660;-328;423;59
397;-320
55;-235;-411
-660;-647;87;-525
-610;259;325;72;-639
-340
113;-522;-444
85
88
-1;3;344;-409;139;397
-347
-364;-239
-243;-360
-604
-565;90;126
-102
2;-360
-514;154;-384
-647;415
-48;-448
-325;-538;139;-415
-386;245;71;-681;-154;-621
-118
375
296;-416
161;-117;-439;-622
-381
-309;53
-384
