-2
321;-355;-20;47
-129;245;-109
-550;-504;-493
-453;-584
54;-40
16
-403
18
48;-81;-626
146
-150;-395;394
-663
306;-631;-200;-395
96;-642;-7;-584;-683
412
82;87;-507;-460
-578;-195;-90;347;-204;-592
-614;-263;-523;26;394;-588
417;-246;-9
-243;372;-678
37
-466;372;-330;-347;91
-682
-347;43;-637
-177;-388;-330;-622;126;319
-438
-119;303
-576
-65
-289;-548
-245;344;-427
-163;-4;-293;-638
-241;-210;-394;-638
332
-628;-72;299;-476;415
80;-338;-645;9;-637;173
400;-274;-260;-285;-111;63
-355;-343;-539
-294;-408;-154
-292;-422;-411;27;-142
-88
344
-561;179;-508;-608
307;39
-222
-579;-550;282;-77;318
-258;-102;6;-460;332
99
-450;115;-409;-381
-102
-9;-477
-466;-546;-498
-42;-635;107;-398;-672
-617
-248;143
-429;-574
146;-509
-177;-484;-585;11;-92;-189
48;-177;-368
-146;148;39;-458;300
-327;391;-601;-93
-631
-120
-3;382
-51;-201
-598;343
127
67;-69;-200;-105;-461
