-101;-28
-260
-645;-313;-91;-636;399
5
134
-394
-138
164;229
-273;162;102;-409;-285;-464
-272
144
-101;-46
354;-72;-8
162;-144
-148
-20
403
129;-643;-150
-67;-329;-269
-409
101;-343;-40
-666
-177;204
-541
-263;-26;318
-275;-627;-523;-411;141
-133;293
294;-263;-41;396;-223
291
-166
423
172
-216;-282;-576
-436
369;-419;147;356;-633
-66;-628
-50;360
-241;-328
-19;-550
-517;-118;-446
-467;-602;-14
-436;373
-17;-628;-218;-639;287
-341;-358;-522;-270;-111
-153;347
-456;119
403;-566;-199;-684;-445
-581;-285;-448;207
-506;-93
-87
-479
-642;3;-342;-139
-354
-405;-311;360
-641;326;-476;-141;318
49;-435;-521;-603
-533;-105;-586;-160
-468;-38;-238
-620;-253
-322;-679
-630;136
-370
403;-646
121
-613;-582;-316;77;367;-208
-659;-131;-234;-638
-255
99;84;-438
113;-608;111
