-116;20;-232;-476;-605
306;-105;-587
-580;230;-170
256;-290;42
-77;-320
-15
-527
-609;337;-165;-332;-14
-21;-382
-34;68;-568
-54;-480
150
-664
-423;143
155
-115;-148;-136;232
-296
-674;-216;-46
-341;382
-545;118
353;-132;-458;-319
-247;-106;-670;-606;303
396;-447
34;-250;-219
53;-390;-537;-523;-287;-160
-426;-10
-440
-343;152;-634
-49;-597;88;-269
-497;-228;-629;373;153
-515;-58
-61
397;-207
64
-172;367
-289;-420
-229;-456;-408;376;-282;-223
241;-202;-11;155;-255
17;-43;-432
-588
-657;-138;174;-608
400;-68;-538;411
-278;-651;-397;-32
335
-450;-439;41
-482;15
-498;-356
-563;-584;-222
-235;-111
-605;-510
369;-69;-648
-372;-468;-24;-255
-488
-361
-310;-377;-665;95
-467;-154;-640
-237
-530;-247;-56;207
-370
-291;-168;-169;-266;396
-20;-5;-629;-613
-244
378;-495
-593;-676;-151;-490
-483;-506;297;77;-144
-245;421;-183;-266;-539;-205
-437;-440;-397
-381
-406;25
