-505;-138
-620;-381;-542
-11
138
11
-507;110
-654
14
270
-272
-485;-505;78
-387;-581;-37;69;22
42;-573
-570;-218
-277
-404;-165;36
71;313;-538
-539
-514;-374;89
-160
-354;-576
64;-473;-651
-419;-388;-126
-165
-39
-593;418;163;388;-247;-684
177;-164;-469;379;-350
-69;345;-90;-443;-445;-238
-559
-499;-149;-299;-637
-306
36;100;-557;-287;-496
400;-348
-439
356;-416
-167;-152
-625;-467;-261;393
-450
161;-501;-645;-490
-283;-491;-317
22;-347
-339;-501;-637
-404;-344;-476
-257;-209;-455;-560
50;412
-337;-574;-576
-338
-216
-473
52;-654
-347
-481;376;-218;415
-130;39;-74;-317
-209;-101;-172
-484
-259;-68;-414
176;-75
-227;171;-541;110
-616
3;109
140;-640
-389;345;-666;-559
-373
138;-639
-33;147;387
-632
-460;-45
-292;-665;376;-60;-637
-512
