256
-183;-473;381;-624
-84;-304
-498;147;121;362
-340;387;-26;-539
32;-676;375
-433;-34;-245;122;-544;95
-465;-354;163
-273
-628;22;77
-108;381
-241;28;191
-291;-122;-43;-335
-263;-432;-352
-412;-253
-29
-275;-615;-219;-637;-47;-671
-340;52
418;-442;190
-679
68;-214;-568;-108
-182
-440
-314
-442
353;376;-159
-642;421;-607
-61
60
-498;-67;-179;40;-639
-63
357;-152;-9;-42;-300;-47
-581
148;-284;206
-150;78
80;-152
35;84;106;-558;-254
388;-376;-345
-321;114
-465
-595
-88
-68;-167;-623
-91
-355;-165;-230;-622
-291;68
309;-406;-438;-397;-62
306;-532
83;-504;-430;-272
-82;-244;-541
-663;-334
-442;-171
55;74;-29
353;137
-621
-505;139
128;113;-39;-570
-232;-619;-332;47
181;137;-654;-416
-244;-283;157
-300;414
114
116
-503
-120
82;-67;106
-97;-647;-377;-602;-623;175
310;43;27
-182;-330
