-372;-468;-119;366;-432
-196;-23;-667;-47;-224
-646
-6
65;340;-637;-287
-209;69
-585;315
304;-661;-185;-46;397;-464
-312;-122;-478
-163;-408;-525;-509;-494;415
-197;-102;-142;-478
-347;-189
17;-299
-341;366
-260;24;-48
129;-99
-435;-613;-652
-421
-38
53;-189;-254;-416
-408;-604;139;-574
-555
170
-114;71;-617;-316;-92
-72;26
167;141
56
-571
-610;1;-479
-64
-322
-570;-267;-510
-33;-676
-678;-43
-441;-172;-366
161;-626;-4
-293;-183
-497;-178;357;-511;-32
348
-150;296;-570;-219;-284;-447
-457;362
-281;-122;25;-394;-349
178;-52;-676;196;-526;141
-611
99;-326
-611;53;11;-64
-228
-419;-581;-381
-481;-211;-212;-206;-528
-358
-18;-101;-269;29
-103
-105
232
-361
130;104
-337;-359;167;-220
-493
236
-111
-389;232;429;-32
114
-658;-392;-490;-623
-307;-246;-588
-504
-377
-407;157
-150;-136;-92
-130;-504;378;-511
