-641;-628;-581;-410;-557
-276;-109
-515
-132
-259;-534;-110
-468;-662;-670
-325;-37;-88;-27;-398;-158
-241;2;-538
-272
-578;175
-630;-286
-473;-317
151
24
25
-5;-406
156
-159
67;328;-666;379;-527
36
-678
-69;299;-400
-87;44
-174
45
-354;-286;-175
-49
118;-559
-574
-448
-437;-270
144;66;36;-191;15
-455;-384
331;125
-458
76
-405;136;296;-205;-157
-161;-55;-125
-165;78
25;61
-467;-646
-583;-407
-261;-5;42
60;-590;-336
-682;-395;-301
177;360;-89;-349
-267;-684;-47
357
-67;-675;-147;-599;-25
-564;-54
-150;-571;-459;-590
106
-666;43
21;-136;-138;141
-212;-8;136;-253;-288
-113
-115
131;387;-442;-255;-576
-260;-328;-40
259;375;378
291;-342;-651;-669;-541
-635
-339;243;-235;79
123
-81;-317;-494
-382
-638
-484;-651;-208;143;-592
-640
