290;-538;-683;-604;254
-593;-439;-380
-457;63
394
203;63
-551;362;-336
-169;-266;-428;300;-253;-221
304;80;-259;-540;15
-22;-126
-385;-162;390;135
68;-602
-412
-337;-612;-390;-552;-186
-416
122;-413
-385;353;-677;-249;-458;-668
145;-179;-133
-595;299
117;-288
-556
-530;-643;130;340;-554;58
-566;7
-176
-304
347;-653
177
180
310
-212;403;373;281;234
-374;6;-76
-572
-190
-257;-35;-668
-337;356;-534;-318
151;-297;-176
-402;-292;-653
-548;-583;-392;-360;152
-444;-620;-28
-70
-455
-83;-645;-538;426
-587
-571;111
-546;6;-560
33;55;296;-463
-325;-629;-22
-208
-594
98;-643;-244;76;-656
-434;229;-16
-598;-652;-125
-133;72;28;-191
-354
-614
-232
-235
-567;331
-146;25;13;-640
-368
67;-566;-381
-625
-116
176;-343;-568;362
-579;-372;21;300
-293;-504;-587;172;-381;-319
-632
-228;-137;-570;-427;282;59
-594;-403;-260;10;-159
382
