-257
96;161;118;-56;-204;14
-642
-644
-518;-255
-645
-82;-311
-516;250
-652
20;250
-658;-259;309;-584;-489
17
65;-104;-520;-107
-87;60
144;360;136;-621;-638;79
-483;-597;-104;-313;-554;-411
-98;136
296
171
81;-127
-584;103;-590
-282;396;61
-642;-488;-267;-459;15
-225;-596
-257;-327;-494
-596;245;-328;366
-588;-111
-67;421;44;302
-612;38
-680;-360;312;-43;-429;-15
319
146;136;-283;236;-653;-543
-473;-618
-373;-463
-514;-616;-474
-634;-652;-64
-609;376;-94
-147;-308
-51;-504;-414
-663;-311;-383
-113;-71;-26
164;-503
-468
418;-502
-356;-535;-410;-448
-643;-518;-589
-39;381
-89
-604
-373;-488
-132;-96
-150;-557;92;-527;-335;-544
-450;106;-14
67;-357;-503;-205
-66;-682
165;-328;-202
116;4;-58;431
-72;-425
-514;-581;-314;-671;46
-241;-129;-67;-600;154
326;-583;14
101;-522;302
-247
-594;56;-540;365;-559;-512
-633
-417;180;-326;-199
-597;-250;-604;-592
-123
145;-20;131;431;79
