-642
-643
122;-637
261
-337;-532;119;-409
-242;376
-193;-388;-247;-332
-264
-322;-329
103;-88;-412
-481;417;-403;-358;348;335
-189;47
417;-259;-429
-143
52;-422;-662;-9
148;-170;-637
-150
-195;-554;-283;-528
-536
-103;156;-207
-497;293;-619;300;-542;143
154
-241;-331;316;-541
-128;-288
-466;-591
-89;-491;-94
-113;-50
-36
-387;-213;-37;88
326;54;-521;73;77;-431
-306;-227;-613;-87;166
180;375
-173
162;-344;-377
-560
-178
-52
273;-387;-6;-151;-72;-350
-316
-320
-433;-82;-63
32;-611;-442;-667;-508;-175
-657;206
-453
-572;-636;-528
-611;-232
17;315
-323;-503;92;-623
-99;19
-18;-356;169;-75;171;190
-675;-613;-329;378;-238;-16
-597
87
-246;-167;-635;379;-320
-643;-138;302
-477;381
-487
-295;-448
-105
83;345;63
-291;-372;42
22;-471;-174
-98;-132;-676;-486
356;-106;-653;-224
-629
-578;50;37;-502;-232;207
-125
-381
-304;-336
