112;-161;51
-513;-520
-9
-395
-354;-471;203;-670
-69;-569;-61;303
146
19
-138;157
234;426
-419;-617;-139
-371;-565;-87;-280
-60;-477;382
-642;162;-572
161
-337;-114;156
-331;-608
-465;34;-421;-58;397;-302
-465;-275;-595;180;-44
-597;165
-305;-178;-500;373;-582;-521
34;344;-684
177
13;-448
-437
-61
60
-485;-219
-65
-68
-323;421;-265;-160
403;102;-576
-149;372;-378;-301
-545;-40
-649;191
331
-77
-336
65;411;-140
-339
148;85;118;139;-573
177;53;-518;-136;-635;-560
373;-586;-127
-609;-565;-329;93;46
-437;414;-191
74;-416
-677;334
-538;-91;110;-336
343
176;-115;-38;-431;-320
353;-261
-483;-243;-36;26
-467;-420;-234
197;29
-617
5;-623
-490
-311;76
110
-632;39;-59;27
369
-226;-489;-426
-289;-74;-651;-127
-451;-230;103;-520;-171
-252
273;-354;-398;-158
-596;-42
-254
69;-278;-46
