-579;136;442
454;381;590;-144
146;979;926
-594;100;358;984;-75
-774
610;484;-504;55;714;699
-532
-535
210;-661;171
-793
285
262;-233
899;-39;-732;159
-305;512;-886;-203;846
960;-612;206;-592
681;380
-103;-376;73;605;863
33;-3;437;-811;895
-625;-963;-724;874;364
50
977;75;526;527
739;347
65;486;796
689;407
-945;-69;1000;-572
340;-263
-181;-757;-38;-905;445;78
-849;930
-200;539
-324;-528
-962;339;440;780
664;-569;859;-316;732
178;936
-862
94
351
-836;629;-520;-91;-304
-833;881;-759;-157
-649;-475
-3;-246;-364
848;-25;109;-832
-979;179;-389;-583;-633
868
-962;915;901;527
610;-211;615;-477;-173
-65;705;-68;-613;-584
628;-924;-333
-629
-284;-93
996;-92;-798;271
882;-845;-671
-881;-250;-783
209;-87
-765;476;-863
-274;612;666;-107
-337;833;465;-821;-133;123
-275;-211;-868;341;136;-795
-376;-857;-185
-563;-3;-596;318;447
-193;49
-689;-596;40;-747;-332;-126
626;-648;-894
264;-413
-804;632;-540;-844;381
665;174;79
-817;-754;-516;910
576;-369;-617
-194;594;116;-103
449;85;838;633;684;29
753;132;-422;535;57;-896
-274;-118;-795
-259;355;-106;-266;538;415
-883;-308
166
-424
-169
-51;227;470;-264;-557
643;355;-5;-826;266
691
-722;370;-921;-187
-594;-610
530;805;-219;-427;-238
209;530;135;-811;-972;-61
368;-572
688;-22;824;907;-910
-728
-78;-912
144;808;-633;-877;253;-432
-485
-230
993;309;-662;599;-878;637
308;693;1000;381;671
952;58
851;-36;-221;-351
757
-22;878;671
504
32;-630;907;-60
-643;-633
-499;983;108;943
921;201;669
