512
273;134;-665
4
-690;-853
258;692;38;-253;-462;-799
913;-52;470;74;-477;879
938;-556;-365
369;-211;-711;777;-202
913;630;-495
-740;392;-704
-996;-476;-92
918;-728;-730
915;793;-988;-750
-881;-497;733;606
-370;-565;-727;-617;447
-707;-19;-341
-594;-53;633;570
-466;887;-904;-191;111
278;-472;217;-558;798;303
84;-583;395;-684;974;127
316
997;-490;-618;939
-829
-23;810;-208
68
-327
130;-484;-905;-605
147;-165;-792;506;-589;-718
705;533;-793;-475;-939;125
-692;-344;9;-572;-463;958
-737;629;877;-175
295;269;287
-602
674;-451;123
880;640;402;947;645;-604
868
-17;-482;-583;714;-715;719
929;-904;-571;-335
-175;287
341;406;397
390;-219;461
136;-922;106;559
-787;-84;-965;-510;846;-160
-370;-343;-633;-826
545;-483;-250;986;157;-63
-481;130;-885;-168;44;718
338;938;746;108;-208
-646
904
117;-718;-816
392
-220;-431
-689;-377;477;445
-965;-182;746
-641;-947;469;743;520
461;-591;-271
-963;-852;-132;-517;91;-79
403;-811
-644;372;-6;-728;552;298
336;848
418
-706;872;509
-932
-197;-902;-904;812
529;663
641;882;403;-212;455;-459
529;725;969
-722;997;741;-583
-596;-864
-913;-627;-147;-931;-378
-243;724;535;-832
-244;-708;-730;-298
-817;-756;851;-103;696;573
166;711;-429
-243;-675;-452;408
-530;596;37;230;119
755;723
772;-54;-598;-694;27;92
-195;982;-75
-317;-909
-196;-216;75;-637
608;597;-744
337;902;472;-122;797;894
599;-793;907;220;815
-500;-742
753;-162;644;22;-282;267
245;665;730;639
673;353;-419;-294;943
551;-764;445
722;-100;380
-291;149;375;72;765;447
37;715
147;229;-136
-469;917;-234;491;-656;191
227;965;-6;-174
788;-503;314;-126;31
-75;-942
522;-987;508;463
-507
-914;8;408;-523
255
