327;-331
-518
-337;-915;734
-866;-164;-933;-86;-460;-319
527
-88;874
-449;133;-360;296;-494;79
-137;169
-451;-775;-296;-351;815
-898;641;66;535;-379
-979;515;-886;-185;474
634;942
864;240;774;-103;569
-303
688;-633
-67;-614;750;-383
-178;-522;665;348
-565;662;-669
290;-647;713;-928
-802;-898;-277;331;-463
-562;-905;892;-349;861
-593;-404;181;-871;794;574
-945;838;-536;-264;586
273;-868;-580;597;-361;617
273;-297;346
651;700
328
704;-200;-93;223;-304
-916;-442
289;355;-613;870;695;-750
854;711;-680;570;-861
-354;86;-72
996;134;456;-684;975
-133;5;725
-417;-595;725;-697;-729;89
600;232;-859;-63;-511
600
897;901;263;232;104;765
-435;-692;-807;955;-654
-293;903;138;-620;-589;814
-441;-683
-632;-409;683
324;-445;-239
-617
361
-380;-238
-322;934;359;215;-569
-661;102;361;91
-241;211;-724;195;666
-709;517;-809;473;-218;124
664;-426;-494;142
629;-886;-121;751
180;-280;908;-896;-32
17;615
123
1;659;745
-852;119;606
288;140;-832
-329;-332
33;851;-374;150
-663;-231;223
52;649;-414;-960
772;6;952;-11;236
128;-294
97;-261;-487;-235;-668;620
-932;323;-888;-206
934
-66;709;-57;-781;604;269
-948;-742;-617;873;751
-705;-709;216
429
82;-184;-843
-595;392;986;-94
-693
900;533;-505;424;174;959
185
-956
306;650
-850;-997;-648
-583;-472;-672
-291;-501;-154;538;-47
395;316
-567;967;-473;-269;589;-448
-514;971
-897;-369;-317;607
-467
225;280;986
545;805;810;-957;-992
-213
-290;-820;184;936;-224
801;-964;-821
689;705;498;-213;840
731
741
-625;193;770;230;-871;-441
889;111
554;443;-319;-912
-771;-996;859;-352
464;-958
493
617;60;204;127
