4
-147;408
659;-693;-710;-267;604;927
-787;722;67;-271
782
-739;499;-756;461
-12;875;540;893;799
704;-35;634
-881;-675;-661;773;-633
646;-104
323;788;457
-450;-883;547;-784
-257;-291
-194;450;-404;900;715;363
705;-580;499;-217;-585;986
166;440;-284;188;44
445;110
594;-133;-281;699;508;-62
947;310;-233;-28;299;287
707;227;-181;758;839
-372;-956
517;85;201;30;239
563
-679;861;621;-495
-993;-568;488;-778
548;-357;951;-168;601;-748
481;-797
978;-692;214;-184
-318
-200;-956;-189
97;-756;-298;-366;685;702
80;-564;950;200;-732
512;-930;-916;-873;651;-816
-611;536;-974;-814
464;866;277
-948;267;-415
587
403;697
-140;988
-854
472;-458;-381;924;-654
-692;-399;-31
-37;-319
-869
872
-420;308;372;-621
109
369;-741
627
465;515;-710;-41;-271;159
-818;-117;-263;-714
898;-11
-640
67;197;517;86;-473
507;-366
166;440;815
-404
852;-623;943
-514;-947;-37;4;-448
-18;167
918
-804;-201;-682
626;-134;277;554;27;-688
-993;-499;900;-375;815
-665
500;453;-537
-933
133;823;553;-458;875;798
-20;-199;569;137;-717;-192
-100;39;935;282;731;588
-514;-692
484;310;342;-185
952
386;-901;701
337;-972;-141;332
447
-243;290;-600;748
832;-625;-954;-731
920;559
134;70
-781;957;-895
-422;1000;987;-846
-645;-601;-42;330;716;-734
964;533;-903;-320;959
-849;38;599
-787;563;-185;-572
656;-275;347
452;501;805
307;-340;294;987
-929;-562;898;-101;-334;-480
448;609;-989;415
-836;-516;-925
913;82;882;582;362;735
-811;-492;-719
868;-86;984
689;837
760
307;488;669;-511;-447
-353;-887;908;-688
-887;-473;-688
560;259;140;-192
