-867;757;-151
-453;405;584;297;-315
-426;-605
934;-138;-347;-971
710;-701
266
-837;314
738;-72;-780;-365;-816
-195;692;21;-231;-456;440
150;886;486;760;-474
-946;-452;-120;-59;605;991
529;-949;444
-796
68;-22;-796;-46
296;-602;-796;-894;-720;-384
-589;-975
-541
280;856;-493;221;189
65;437;936;-154;762;-221
153;-330;139
355;-117;-492;-846;798
-68;872;12
-914;591
322
816;-585;-859;572;383
-278;571;44
-212;7;252;237;-543;-80
224;-136
850;21;999;237;799
-886;-807;795;-140;175
-212;821
138;474
75;543
307;851;955;155;-926;815
-866;754
563;533;-775;-208
32;-402;913;-535;-584;460
-514;168;185;508;-976
-865;-949;853;-312;23;-922
-297;-938;-173;-254
-898
914;-12
-564;116;-374;907;-78;895
-82;963;598;-376;315
906
289;165;-647;-409;41;701
496;-405;999;843
-946;-21;-201
656
21;-887;231;-729;-574
419;263;42;-12;-719;670
7;-141;798
930;323;-845
-801;-757;-361;-923;126;-512
977;-804;-731;-813;621;-175
-787;-985;587
55;-587;-142
162
337;-202;-302
-689;-741;-662;-427;812
387;295
103;327
-705;-978;932;-520;-698
433
16;-248;415
-599;-141;653;782
449;985;394;-620
-193;50;-868;-966
-833;-417;345;-174;638
-711;267
852;69;-507;-43;586;-254
261;-457
594;228;73;-700
524;990;110;-655
-673;876
-437;805;582;-26;815
-866;-54;-583;456;170;413
736;-931;772;-415;574;-944
-593;-993;863
256;-390;-697;876;-512
-981
-408;-936;-664
240;521;254;-32
-477
734
370;434;-568;424;171;-607
177;559
946;-294;999;-140
-180;838;-408;-536;-8;782
-839;568;458;813
405;-714;542
-406;295;316;-256;543
579;950;407;-840;-347
448;644;-342
598;-920;-431
-754
-323;291;804;-651;346;798
-453;936;504;280
-468;-777;489
-759
255
