864;913;-610;-535;374;-748
-917;293;389;-167;775;397
-260
290;-38;521
261
112;906;988;-734;-318;78
-11
547;-745;697;796
277
416;-325;-117
-194;506;796;-45;765
-38
961;628;310;330;-142
633;-858;476;974;-671;767
-44
147;422;-90;525;-80;655
661;807;237;-638
148;380;542
913;577;547;884;650;60
418;-109
310
408;-96
759;-872;-10;-939;237
848;208;-232
80;-393
-932;874
880;-980;36;-725;809;-334
1;-76;155;-813;-861
556;271
833
-115;-966;-984;173;-639;-607
820;212;-793;-74;415
-841
-194;313;-349;909;-351
339;-247;-939
-81;-579;-99;-761;-893;286
339
-7;-335
-371;-312;313;843;-815
613
-683;413;-607
129;117;377
-247;727;-368
-561;190
-756;-54;924
294;553;-828;-380;-364;-672
144;91;188;461
185;-62;669;-959;543
-787;-441;106;364;637
-690;-805;-983;-972
-785;340;149;90;239;-928
-385
780;-845;892;796;559
656;-737;-521;-860;349;-303
-4;-887;-526
369;569;-288
-684;-223
-562;-596;-517;-472;-301
-198;599
-712;-808;334;-480;751
-259;732;-174;-704
496;-226;-932
931
163
-836;886;967;233;-319
679
77;734;-384
242;116;-188;43;60;926
531;-710;632;282;-751;447
-178;273;84
-698;158;-672
-252;-430;237
-369;-806;714;159;751
689;771;-484;102;-184;-445
114;4;327;-271;-368
-564;619;77;830
-83;-611;-454;-72
198
-193;-194;355;-650;-845;815
-177;642;533;-286
-193;961;3;74;174;207
-241;-706;932;839;26;892
49;469;-891;-604
352;-821
-307;-789;374;506
305;689;178;548;-504;539
577;258;-265;-587;493
-788;233;77
898;-857;-779
865;134;185;-12;-944
-758;870;-775;-168;345
992;-344;-587;606;591
-775;27
494
-289;-43;93
10;-254
-483;-707;-647;-458
-707;203
327;-80
961;-506;379;-925;-207;-463
724;-476
