211;53;293;-457;749;-336
-948;-134;-138;-830
-978;-309
881;840;77
-276;-758
898;-279;-776;167
336;-312;-9
645;605;-208
-660;-550;-122;29
-995;-25;-589;-975
464;-705;679;-682;220
690;-89;-571;493;15
282
5;-234;-588;-364;-638;767
800;-513
32
274;372;414
-689;-566;447
-815
-483;-684;555;300
81;996;103;667
-450;600;-976
-579;-616;-201;538;-224
-641;3;-316;-381;253
400;-433;969;-877
384;453;-743;-923
-833
-50;-469;203;381
842
-573;-272
-846
-132;-972
659;-965;117;792;-123;-816
82
-742;-366
-341
-53;359;664;395
342
897;-267;-544
741;38;-57;-635
-369;473;-684;621;974;-160
-862
-354;260;693;245;-235
929;917;923;-366;766
-918;986;558;-864;591
-451;-469;53
-342;781;-526;734;478
659;243;-543
96;-532;542
33;306;789;955;-688
64;900;-991;143
693;294;668
264;-473;-779;-925
242;55;-173
336;-210;511
-881;-922;987;751;959
452;-998;-343;-408;-878
-659;196;-519;855
699;-46;-271
-114;242
690;-436;-532;956;-750;463
832;-122;603;-399
-214;649;-172;670;47;-320
-582;7;-972;-398
64;803;821
-325;758;-123;-351;-368
-450;101;-663;601
145;9
688;741;777
-673
-708;-200;-9;-525
-148;427;141
-273;-407
694;-864
148;-535;-583;540
65;136;-412;-732
896;-753;645;488;361;587
215;-907
-964;280;409;970
-260;-503;103;-48;895
640;115;746;-540
315;748;157
2;-613;567;618;492;925
64;904
-676;804;-541;-669;110
-561;480;-893
960;-916;-724;83;-127
401;163;708;58;-607
-402;297;477;351
986;764
-210;132;741;-168;875;-126
146;46;286
528;-755
-705;609;-387
981;-603;380;-16
464;724;217;-572;-79
-857;-332;687
582;-462;638
-659;-467;-516;724;415
-263;-183;-250;-847;766;527
-626;-594;580;-175;-31;334
