-209;-659;834;810
-843;58
-241;387;644
-610;-36;-727;-446
898;599;-573;-959
549
-785;-22;-62;575
-792;937;-92;-15
-642;602
560;-225;-636
-818
-257;-402;712
-667;-924
-117;792;172;-16
320
-294;-742;-763;875;988
65
833
-86;153
-323;531;-535
314;525;767
-73
-837;488;-394;345;876;366
-929;596
752;-869;27
-665;299;-701;-670;110
-350
48;34;439;-922;45
-311;-815
658;808;170;-239;-527
896;-793
-17;-930;-791;-796;893;-512
528;-891
804;216;618;-507
-66;-308;-950;703
-497;646;951;-223
227;-503;-508;-351
366
881
-197;533;982;-455;-747
-663;-55;-428
-402;-295;328;-793;329;956
-595;-692;391
147;-36;564;167;-699;-783
547;-855;-792;202
898
-132
903
-643;-20;-582;-359;573;127
515;181;-935;-666
-69;975
-389;-727;-616;839;751
-161;-886;326;-959
-978;-891;188
-259;-84;-117;724;137
674;194;747;-557;-912
291;-443
-755;-101;-261;825;811;-110
-630;219
412
-481;-962
-933
-19;916;118;-409;-442
-935
-987;-974
102;954;-766;-976
-498;387;153;362;972;-176
-530;161;210;339
417;-436;631;-427
-188
33;-802;-375;-39;278;203
-246;741;-54;-39;700;-144
-33;-211;920;-665;188
-442;877;-895
-291;501;887;-938;300
-834;-50;676;964;-506;-47
163;475;-942;-351;-319
-325;345;187
948;-296;696;649;-140;654
601;-394
724
913;596;741;-390;695;988
912;209;-99;500;-857;831
-219
-75;415;-816
594;662;-285;-493
-358;698;140
-291;101;-759;-895;-944
129;-101;-310;510
352;-744;430;191
-740;-709;-373;-55;410;-299
-642;820;680;-270;670
98;602;-428;-510
-260;-151;635;541;-527
546;132;72
641;722;803;970;-848
-833;-914;-132;-773;-43;-619
755
-236;-47;879;671
-908;-716;-928
-533;997;588;-206;-335
