-952;-777;-27;-555;251;523
64;-147;356;86;711;-300
4
-774
-66;978;358;-233
81;-409;-650;282;-860
-83;915;342;-891;189;-750
825;444;-111;-880
-24
-673;-33;298;571;-448
32
-35;-68;-181;-521
-808
-726;173
450;-937;634;-445
-166;-646;-951;-73
368;116;277;-458
-631;-952;827;-350;797
53
424;984;-730;-859;93;-735
-966;396
-962;308;55;-601;-877;-798
902;938;27;-528
-545;516;726;-330;717
-957;895
324
860;300;958
377;298;-446;-126;-175
706;-1000;221
185;-251;-300;-477
401;180;5
244;279;-200;780
-563;-20;247
-317;909
-2;229;374;-519
722;338;-614;405
-705;336;421;918;398
774;-951;-426;-490;409;-688
-758;855;14;-207
103
-948;-328;-425;11;-207
-721;813;782
868;663;-544;-192;-432
-243;-568;446;-256
620
184;-61;-14
-517;-9;415
-195;-429
507;-876
533;295;472;351
-581;681;-218
312;829
-778;-43;702
944;705;307;-919;105
403;262;617;57;63
-966;329
-753;656;-31
144;354;-442;331
-514;-364;108;382
117;-520;285;990;798
392
823;-907;735
-400
-851;537;-762;-571;987
-667
667
-81;-613;87;185;-269;-749
-325;-969;-987;122;74;-639
-659;-453;391;634;-847
-545;-375;728;-795;-972
-356;149;-822;-345;281;924
124;813
-939
208;818;-398;606;478
-244;-373;-742;-217;602;26
-82;65;952;-27;587;-29
-789;-827;-60;-77;542
-194;339;-5;444;-398
422;630;670
-701
944;-262;-237
-562;137;668;205
-738;226;388;779;-461
-482;933
-754;-69;937;-10;921;-573
280;506;250;412;110;-336
388;-53;634;603;-92
-338;-963;645;-559;-272
-865;999;743;-698;29
-212
-594;85;-87;748;63
256;225;-84;-57;-124
731
-20;-205
-739
-644;-692;-942
564;981;-800
-65;770;-980;567;713
-691;-596;-470;-72;488;78
769;866;740;103;-570;125
-229;-533;341;-636;-991
