2;-771
-118;21;-715;298
660;-395;-270
-340;346
-337;-82;-630;265
464;-849;-49;343;487;-122
790
-962;597;-938
611;-885;85;726
-723;435
784;-610;-142
-211;-592
929;563;-175
-546;697;-860;701;766;-207
-244;809;-268;510
-773;409;-958
214;842;60;798;-848
-678;-377;-634;697;-847
690;-934;-6;-154;-795;-896
65;-387;534;-184;-76
-533;-151;-426;-702;-799
962;328;-267;188;428;462
97;-51;-180;-7;-170
40;-538;477;-799;606;159
503;-190;174;-800
-353;35;-983;-39
-932;-612;-824
-956;-654
763;79
-844
946;-180;-954;-138;250
-334
448;-183;696;-368
32;-745;-651
-9;126;-32
192;641;218;60
-54;910
868;-437;343;443;189;-544
-869;-762
996;890
-83;532;-472;761;-383
598;525
-101
869;-972
369
-675;735;-688
-341;-553;-954;810;509;157
-738;-569;-173;-429
129;-904;-301;958
325;-701
376
455;-332
-212;-343;429
-660;-948;628;-172;-511
608;466;523;-702
127
-673;276
821;-680;-313;731;-702
-281;-923;-622;-878
789;-12;892;268
-722;596;-278
-869;-560
920
736;-52;-980;612;8;-735
-241;131;756;279
-977;-126;-79
865;-178;34;194;-491
944;-517
800;500;247;263;682;-271
-915;-901;-150
-827;140
-434
-545;-514;623
977;852;825;347
96;-130;-279;75;-718
-966;-840;599;-187;-395;-191
-455;-56;-122;-940;-109;719
-260;567;-760
-337;-355;964;-682;-846;543
16;-50;738;268
-248;-733;-894;-895
425;-794;333;-686
-67;901;923
963;-454;-282;875;-623
-803;-745;394;-607
262;806;-586
998
-115;-149;-151;-73
-488
898;597;87;442
-643;-229;-184;-458
193;881;578;631
-770;755;952;-969;781
-751
-933;-206;-638
370;904;-251;-492;589;-623
261;-76;-685
-35;-100;934;-296;237;-494
760
903;-397
-663;201;521;-315
