-769
-91;604
-337;-497;-964
-549;-603;298;587
522
783
-533;180;154;-446;-142
-225;-4;900;-854;-969;108
435;-973
768;352;-582
864;497;-771;-521;-96
-929;649;-876;156;205
-28
916;-279;439;55;761;447
-993;970;-16
-695;471;888;911
197;-135;326;9;411
262;-220
44
-885;216;111
-322;-550;108;205;510
-307
564
697;381
-759;-732;749;909;-398;542
312
-314
386;-85;-326;166;888;-715
326;855;-521;168
-948;84;773;693;90;397
-513;641;194
849;-758;-951;793
484;616;971;220;-944
680;667
33;-645;938
709;-381
272;945;-645;-646
389;725;-527
856;-442;-318;495
-576;-528
-84;-180;795;-412;604;638
344
863
-326;486;-635;573
514;37;-39;265;-748;-384
135;-10;-267;-463;959
-868
663;348;-398
729;398
-67;359;-655
98;-650;665
995;-621
277;-155
689;-564
115;933;-601;329;204;686
530;372;-250
-487;-475;-460
-865;969;314;494
-513;-164;804;-582;309
-81;436;-376;267;971;-302
626;-614;119;-506;-285
470;25;-11;382;-351;-112
-338;-582
-132;-234;825;844;-782;-367
-155
272;422;-840;-25;987;-974
592;-176
-547;-246;-137
593;-947;-755;503;281;-605
-866;-643;579
-121;-317;-558;-448
-51;581;551;312;-973
-104;271
686
-99;-138;826;-157
834;5;24;522;61;271
-2;177;-56;-798;-671;654
901;-230;-40;-732;668;-751
933;-600;139;-32
738;989
-148;728;891
424;171;558;-960
709
516;-332;-206;733
708;985;303
205
-50;-249;91
-208
985
948;-582;469;156
224
-993
496;965;-208
434;-230;-443
455;-955
-756
73;-830
867;4;-697;-763;284;60
121;-781;159
-483;-101;41;-988
-963;-828
