-802;39;521;-77;318
-775
64;-842
867;884;-485;-89;632
387;-757;378;14
-794
210;-981;425;473;827;-416
283
130;482;-40;-621;13;319
466;842
51;-288;207
285
-278;-266;361;443;27
-546
-532;-296;-495
164;-725
299;-861
706;-387;-685;572;476;398
912;-102;103;266;669
-61
-996;-246;-998;-126
307;-228;121;394;222;782
566;922;829;-718
-832
-135;-957
853;-426;506;-892;-367
-326
736;-149
625;-906;-829;-893;-399;-239
-850
325;-390;423;-827;-637
340
664;445
688;-892;-142
965;295;878
-449;771;-148;388;490;-703
-33;-629;-395;-574
646;792;-832
-884;-440;204
101;765
118;543;207
-641;996;-407;923
-569;-560
360
-513;-483;3;-874;-31
-622
593;-868;-454;154;461
-115
-307;-56;168;268;-960
72;-42;-410
-903
628;-566;710;42;91
-906
-210;-585;-841;170;302
256;-983;265;-490;202;-670
395
679;489
416;-212;-693;805;-58;654
-881;-289
147;-153;-396
913;549;614;390;-991;974
-661
392;-541
-691;841
-644;-276;-53;822
-923
-277;180;694;-665;223
736;450;647;24;-618;-59
992;261;183
-546;-20;-405;-486;-359;634
-932
-868;171;-509;989;639
-211;-743;-509;-702;206
423
-868;-474;-845;989
-228;-715
-405;700;396
-98;-596
737;-692;-469;-284;891
187
96;-548;71;825
-958
162;-486;517;156;-800
-997;-357;725;-846
437;-72;776;-906;477
-130;-339;-950;699
976;161;275;39;-988
-69;314;237;495
408;828
-228;153;-475;-431
-51;579;460
-481;784;-613;-199;-553;830
-465;-678;397
66;681
58;604;812;943;-640
873;395
-26;-989
962;-532;915;-724;983;-586
-563;-245;-646;859;847
-820;260;889;-77
-980;-299
