1
99;340;395;-318
-8
-715;-317
-529;-451;875;-829;926
-833;99;343;-569;892;335
525
162;-854;56;617
275
988;269;222;-160;-272
-99;72;-394;396
-289;263
-849;546;-196;728;826
226;-436;471;810
165;909
-216;-396;-720
-567
-57
533;870;-573
-82;499;-887;-76;-96;-448
576;-114;-674;437;187;-734
-55;23;-266;364
836
-313;-301;-992
322;-596;-532;-500;249;730
-706;419;691;-5;-840;-399
-629;229;119;-303
995;-405;299;-48
45;-431;766;206
-933;345
-609;529
-40;-490;-574
-625;371;-935;-234;-716
995;200;409;249;285
605
-979;-788;243;-875
-737;99;-855;-1000;264;-684
-885;-732;491
272;-929;-552;-432
-65;-914;820;-541;-47;-896
721;-660;-92;684;-32
112;-87;-904
291;-180
-755;-117;-716;-573
-161;-834;-197;344;-187;-623
-380
289;-979;-614;-555;-13;-559
-482;-50;-195;-796;-784;-128
-355;491
180;713;524
-395
372;405;135
564;-821;-390;-616;603;-512
-450;194;-500;867;-566;-463
288;-801;-646;630;-904
432;801;585;639
-993;580;823
710;-920;-457
402;-814
-535;807;186;-331;31
165;124;-64;447
-694;-632;392
99;713;636
-515;230;390;183;890;783
-943
630;199;-633;879;895
-444;-509
134;296;-618
721;98;391;600;170
-542;302;-463
720;709;39;-509
706
-453;985;942
-554;-413
436;-24;668;399
964;-247;251
197;-183;-728
-715
624;594;503;-924;-702;878
552;681
933;726;871;919;251;606
-468
432;864;-579;-806;125;175
256;451;-202;909;335
-217
165;-639
-18;237
-220
885;-678;270
592;-844;27
880;468;-857;584;585;-156
560;912;304;609;629;540
-434;-628;885;-103;332;175
131;-615
998
-229;807;-91
452;-686
770;952;9;299
-561;843;-526
-34;-20;811
808;-42;763
