-230;491
312;462
132;-809;939
588;958
640;195;326;-108;734;783
250;-237
-482;131;-100;-845;-511
-273
-537
794
386;236;-590
-604;637
209;-547;518;312;522;300
473;-700;460;319
300
275;-902;40;683;-654
466;165;-648;-702;-608
-675;-398
339;365;-399
-194;618;-61;-926
-4;195;-311;-957
-566
548;-888;905
-64
482;643;-330;-219
321;675;230;486;935;236
176;145;468;84;251;-30
384;789;-282;-301
-131;-156;462;671
-612;270
-3;-551;519;905;749;-766
-450;186;-590
610;-84;-440
-755;899;548;486;-343;-923
449;327;-685
-28;-781;204
-499;-163;181;125
54;-922
-691;426;-605
-723;852;668;461;637
-851;-138;-143
988;-622
880
-882;776;669;575
-171;-571;-910
900;-12
-872;234
125
-535;-617
-129
-547;-55;-43
515;919;234
-615;-509;478
403;-794
391
-916;931;804;-488;830
-613;-43
42;541;685;334;-911;734
533;987;-862
-838;-591
148;-585;843
-407
-865;-514;-626;-194
-498;-243;7;-490;811
-756;915
264;-650;-653;877
-164
432;-863
-897;101;614;-574;-959
-740;-358;968;475;44;-205
694;118;877;-127;927
192
194
-321;-59;907;141;-864
-387;905;-154;26;-844
-964;565;933;-444;527;95
516;924;812
-850;-63;446
-228;166;-153
820;613;669;-254;414
-882;917;-184;-201;-891
-450;-246;-729;-713;-896
224;885;329;61
-871;-313;-682;110
-922;604;95
98;-361;-380;-173;-432
231;792;-749;-62;271;767
-82;-451;-37;-938
-485
-311;-688
-449;914;787;515
256;745
241;513;-996
498
114;167;-910;-126
-859;-957;-224
-18;-744
-499;-423;566;-873;-91;44
545;-84;-996;181;-56;157
246;-89;95
320;-923;858
