-500;835;-333
6
546;232
523;-255
-753;-2;-198;678;-219;477
-449;-849
850;-47;238
512;788
-497;547;69;334;79
679;-553;330;-958;-288
-282
816;-790
-593;-471;361;-907;107;-63
-658;292;342;-169;-606
-226;-308;741;-839;519;-176
168;-92;-622
160;-707
-898;100;-423;-281;9;-78
759;556
548
484;836
-465;213;134;695;-302;-832
705;485;-38;-749;61;94
-996;836;520;969
401;652;796
-574
817;-238
-274;201
721;-796
588
-772;244;-967;523;764;-896
-547;551;138;-878;143
694;808;393;555;-63
-86
-804;-964;20;676;-807;-511
-599
-808;-745;9;430
913;466;-584;679;154
-145;64;483;-838;-509;591
659;-217;745;191
257;294;-972;428;-287;894
-716;93
808;585
146;-245;856;-571;-558
-117
516;-775;-88;328;604;557
976;-130;-818;12;-159
-643;840;-12;701
-264;411;-589;-192
-833;-903;967;-127
486;574;95;-256
-455;855
-817;-401;-975
-931;-655;-864
-449;721;273;89;282
-259;407
-157
342;583
-726;-844;-892
832;-630;165;-263;-778
-642;369;549;-534;-416
-981;-38;-971;-733
-868;-951;456;686
-69;20;-469;-252;91
19;950;88;649
887;-713
-658;-628;86
-308;-453;937
790;536;217;427
-405;-30
440
-693;105;762;-363
-192
-630;-663;331
21;430
-162;-471;-872;28
-458;-764
-873;-458;620
115;852;774
337;-563;-628;517;758;297
176;37;-679
-129;848;-626;98;-392;-777
-531;744;-889;-207;-96
-184;397
620;876
592;-810
291;555;397
674;-822;-742;-359
630;493;-446;638;703
-740
-418;-633;-282;-176
834;-579;-531;614;-713;140
576;995;230;118;-912
-980;-287
-264;-685;-62
-889;-703;-447
880;225;691;-22;694;-430
-251
-961;96;-517;-567;-282;186
509
674;914;-59;987;555
