-648;-925;-990
224;-403;181
209;378;-846
-194;113;58;509;157;-383
-850;-435
225;914;-504;-521;-892
-11
805;-214;-318
194;-214
343;-364
50;642;-628;-604;-253;813
482;709;633
274;339;-408;489;11;-416
387;711;315;-174;845
649;-944
326;-183;-712;-360;408;479
992;-55;-553;216;-842;542
674;-630;-507;-351
960;43;76;765;542;734
-290;-949;-859
-155;-925
-63
-737;176;-607;591
-50;-636;750
-834;-339;-263;-423
835
-755;666;924
-585
-939;-159
-309;-349;735
-945;-428;15
591
-227;-952;633;-74;159;543
342
-87
402;-311
240;363
-834;926
713;-348;364;-366;-270
-95
-608
356
848;498;-484;-454;408;-460
-98;-518
65;295
-731;-144
-294;-582;262;-553;-411;955
-609;-503;-281
837;-8;-505;-187;-443;-831
305;835
608;882;-891;-267;716;-670
-454;-858;-349
-33;-820;996;-886;983;397
-307;614;-391;310;924
-925;29
880;-178;-423;455;-554;-315
633;638;-368
908
-180;-966;492
-514;-67;-597;743;-478
912
-673;-101;37;590
728;955
-19;-628;421;806;-522;-975
609;435;-713;526;510;63
-405;558;-304
241;-371;905;-623
-337;-884;-198;-951;585;863
670
-225;389
-941
-273;-414
-944
-503;682
-419;-772;-836;-533;-805;622
-689;-50;-725
-193;247;-350;110
405;-486;-7;26;-414;-479
249;-699
-514;273;121;-845
368;608;-579;461;334;287
-56;328;956
482;-404;639
-465
227;-839;-367
289;-409;202;-539;621;815
213
962;116;-535;361;346;-524
6;-859;126
220
754;54;857;202;-781;414
113;578;-291;746;-332;942
-732;11;495
-743
98;-117;-983
-839;-425
480;-836;-52;829;77
624;-626;294;-48
-950;702
432;54;-648;-601
-764
