727;407;-364
-882;675;-263;425;815
66;-381;830
-738;234;-189;670
371;-598;-552;825;-90;-492
537
-535;-744;-796;-767
272;-642;-618;666;-509;-990
-541
704;-733
-435;629;941;-336
-228;-202;461
209;-329;156
548
435;-988
-305;-225;813;781
149;-535;344
-882;-662;21;951;462;-703
464;802;599;238
804;535
482;23;591
-258;107;77
-844
-34;-789;135;-925
593;882;-211;-374;-846;-894
86
-594;641;-775;-88;-297
513;388;661;-23;569;796
857
349
-419;-247;-298;-380;397;-174
-354;86;879
243;-344
-230;-936;-779;-461
245;570;-317;-509;-557;-560
-97;497;-248;-46
-529;-776;173
981;666
-790;670
378
-962;50;996;-688;479
672;-799
643;508
900
-579;4;438
37;-688
-49;370;612;-950;636;287
-449;-534;843
402;-390;-360;-347;43
773;-375;297;475
73;698;911
944;-646;854;-730;-270
480;-51;-583
433;27;974
723;-56
-868;-24;891;-670
416
944;881;153;-42;-412;942
-579;-755;521;-811;-79
160;228;933;477;-96
450;-501;838;-631;331;-910
424
496;708;312;380;-78;654
961;-248;991
-171
-836;-297;157;-991
-691
778;938
-827;-892
-359;554;362;76;-464;783
-442
132;566
816;-374;-314;829
805;-187;299;301
-451
-273;979
245;889;-940
-183;-589;-704
963
-50;485;-252;780
-279;-983;-923;-317
-899;698
-962;-964;-744;-93
-914;-712;-617;-826;-80;-640
871;-571;-524;-494
87;-73;809;250;-94;253
97;562;915;-827;763;491
113;-756;-38;-553
-724;-52;647;519;845
16;-485
289;-456;-559
771;612;-424;603;205;751
771;-292;-837;906;187
-481
898;547;933;-410;-463
928;-709;-651;587;-638
499
245
-500;584;-843
-509
-766
