-4
-386;652
442;-431
523
320;-306;820;837;-635
790
594;-83;-387;925
-11;282;268
-195;532;-888
482;628;-904;891;991
-304
209;162;444
736;-681
8;-956;-685;-367;-223;-912
498;214;-782
-723;887;426;331;-815;-432
327
448;-660;566;568;-474;138
-964;4;632;253
-881;354;119;-154;637
81
-516;-474;907
-116;871;-296;170;-288
-604
92
-862
560;307
358
481;-586
835;806
96;9
-465;964;789;-375;-591;-688
-836;-692;-742;879
-630
-273;-258;-99
-962;411;-336
561;-828;-365
851;808
865;86;-107;559
944;785;-116;-101;389;14
-980;-750;-703
-690;-655;703
-983;488;-26;-891
34;100;549;729
434;-43
-146;-344;599;714;-174
-805;-921;-720
-916;-469;202;-110;638
834;-724;436;747;-639
-945;-298;587
371;-123;-333;-576
-981;405;937;-445;749
673
102;-492;-286
497;17;674
759;686
594;822;126;-911;-207
-918;234
-174
-259;-427
-133;-923;187;-332
432
737;531;-164;-266;874
144;417;434;378;346
440
-771;-613;821;359;-239
742;-713;-12;-205
-707;771;-253
259;-772;69;841;-445;-910
706
-196
-821;-911
763;-960
276;-920;473;-955;-864
-898;-582;-184;-906;-960
-172;-31
966;455;63
-717
690;935;-137
770;-755;933;487;856;733
-658;445
208;134;894
-306;658;-184;815
800;-867;-661
986
982;-267;667;-140
675;27;285
611;457;-848
-164;-137;-45;-253;188;893
-114;549;-920
-882;41;618;-267
746
229;-331;-13;605
494
64;-815;255
-449;966;-204;-813
311;695;-554;714;730;651
706;-725;264
-347;-155
98;-504;442;-541
-164;-612;540;-527
