-577;970;620;12
112;631;428;-655
880;441;987
306;-469;764;637;46
-6
-328;-795;-174
328;-863
281
-162;-712;847
738;-649;-603;-173;-365
-273;-897;-363;765;-542
-163;947;696;-682;-603;602
885;729;203;-109;-653
-580;-885;-716;94
-119;551;375
-802;68;-870;22;-762
-536;987;876
438;122
-451;-328;-958;846;-175;-271
-244;423;-299;-478;381;-96
705;-643;-24;72;-331;-96
930;157
-118;134;406;155
326
610;-169;-508;652
-546;-553
593;150;921;204
848;790;779;556;943
334
-837;-11
-118;967
-51;294;-567;105;793;-492
90;-688
-725;888;-75
755;-154
-956;-414
688;514;997;-376;120;-61
81;-932;-779
1;50;156;655
610;-500;936;634;-302
-231;871;-283
-627;523
581;-58;862
-453;374;667;287
230;-119
-934;-614;91;830
-308;636;-959
-120
803;-678
646;-264
-82;-493;398;-976
771;-74;-987;-351
-853;982
-900
821;679;119;-460
-962;58
955;460
-65;713
-275;-595;-131;628;-454;-591
273;-147;630;-616;-680;143
181;776;207
-870;-984;173
108;-510
-689;947;-741;636
803;121
-298;-640
-882;-552;751
-162;181;-635;602;266;686
-837;-615
148;-103;895
-749;221;-159
692;437;279;-235;28
-228;-462
-706;-985;505;-272
-481;-837;439;699
178;-805;312;-125
-201;-240
-34;3;-949;-856;792;603
-165;-791
160;-436;975
464;224;679;-810;474;-75
-917;7;-303
-313;764
-950;-966;-312;751
-952;-14
708;-470;-474;890;795;-477
205
-529;250;-667;-876;332
-214
-561;-939
464;-738;227;83;-918;-875
-353;192;-51;408;537
660;261;-424;41;969
133;502;-42;426;971;286
-881;449;313;-174;-960
-612;-697;155;253;-367;270
272;464;177;-163
338;310;137;-287
-673;256;-567;-423;-633
272;990;-79;222;894
-920;-616
