-868;51;-36;596
96;-433;-388;196;-310;325
-438;791;-220;190;191
-519
546;-654;-159
-515;983;-569;-685;796
657;-669
64;-739;326;362
-529;434;-854;741;-574
-527
-818;-477
783
-488;106;653
594;668;-174;-560
65;213
630;-554;458
-882;179;-788;647;-461
-547;-340;-826;-604;-784
-338;367
-799
-11;302
-82;517;917;-601;732;861
4;442;-493
-769;677;553;-538;892
-609;-436;121;557;319
501;-232;-472;-601;169;686
-58
-956;-126
569
-131;-916;197;-263;461;-943
292;71;-301
322
295;-9;-138;-991
-353;57;441;188
737;919;-360;510;831
704;-290;-981;-917;-857;-300
81
-437;852;-728;119;-460;-204
241;521;-672
93
-95
95
97
787;-935;-281;-460;428;814
384;737;-358;645;775;476
611;-90;-622
-725;148;325;-365
-177;465;278;-809;862
-260;-310;205
629;762
-674;50;-726;-556
375
-120
-673;316;76;-864
514;-390
-641;947;-500;-331;-860;492
48;976;-450;411;-895;-224
-392
-242;-357;-874;473;606
768;897;899;-838;973
-898;-267;766
146
-587;347;572;-480
36;261;246;-698
780;-623
671
4;53;-732
193;-660;467;373;206;-416
356;870;-537;-268
-435;794;862;751
833;179;-566;-86;590
-483;499;-457
-691;946;-341;-453;-86;-841
913;437;-907
162;-222;-640
-307;786;-777;109
-731;29
802;-104;-776;317;207
-826;-396
-674;-947;-57;-316
-321;82;818;293;-670
-196;-937;824;-106;618
-706;418;-631;525;189
-66;-820;-284;-428;-912
-464
-470
-728
984
-74;-925
-743
-529;146;533;-807;-184;-416
-745
960;-385;658;900;-876
577;-451;984;-333;-798;255
-241
642;-899;-755
-561;451;-709;-536;-425
-241;417;-139;-572;460;319
400;309;505;313
-890;812;-686
-469;775;-560
