464;-755;-168;296;648;540
-770
-498;239
-488;-44;526
-11
-614;-425
-728;-521;-48
-88;-361;175
976;785;-211;537;-92;843
32
-401;48;-194;-731;477
-806;-509
37;-759;203;-751;-95;-976
-805
292
549
-962;-195;755;-149
295
32;576;-580;345;-77
193;564;328;236
-514;659;86;-190
553
869;-58
-243;835;-292
-529;721;-261;470;924
-402;147;-135;-231;60
-263;-556
672;-325;-135;473;-92;-286
688;-545;916;8;266
-309;585;-171;-671
768;434;-471;862
-571
-169;110
353;-671
-56;-760;-553;795;-704;-320
259;-711;185;524;829
406;935;-715;-827;138
-614;-936;204
-650;715
243;85
438;231;-441;953;973;991
433;-404;-293;-839;-556;558
-20;888;361;-127
58;155;203;-828;332
119;55;-489;841;-750;-368
-620;283
-84
865;-597;-566;-969;413
342
-473;-894
599
-753;663
144;896;-951
-964;854;-999;-426;-348
-274;451;-669;765;-318;-47
194;922
400;408;573
310;-413
615
-25;617;-778;-431
802;-836;-183;-779;-11;-635
912;512;580;-921;-716
272;881;378;-908
324;457;-894
529;-854;-490;-235;-604
869;839;616;-413
-501;282;267;908;-320
674;651;79
-598;584;591;63
848;515;917;972;-46
-486;508;-925
-215;-553;696;105;-171
-229;104;169;811;12;45
155
128;262;679;925;-302
-467;-356;-472;713;827;702
186
957
70;982;-423;840;-126;127
-657;965;222;-336
661;813
-265;-190
-403;738;-394;282;443;301
626;83;789;238
3;-340;-600;223
-610;211;980;310;-299;-796
212;-535;-828;-526;447
453;777
768;-306;977;52;141;878
-241;-580;-793;170;-364;63
-563;916;-8;-557
-517;-938;-302;525;495
-337;900;773;445;749
132;-901;-566;-441;-217;-285
737;-972
-500;309;967;-873;591
-529;-739
-43;-574;-655
919;-744;791;811;571;204
-476;-799
818;-52;-121;330;-831;-912
