169;441;-156;269;46
-25;665;-383
-280;-684;-445;173;462
-263
800;998;-250
-451;-233;415
-836;-772;-216;-109;-975;78
-918;-152;29
515;-823;38;251
-388;-247;119;-159;654
640;-984;-559;-912
-341;60
145;-293;21;-765;-928
115;681
-632;347
-995;243;788;957;-191
-867;-198
818;919;-637;-765;333;653
897;-739;486;727;921;316
914;566;-383;-208;-576
-59
-152;-474;-460
-467;531
320;-393
113;417;485;-328;-200;-413
330
-530;-916;53;-282;60
757;-167
-595;25;284;909;-544
-657;373;438;-283;-171;220
456;137
-343;198;152;842
560;514;-629;997;-572;492
-216;811
161;321;-899;-184;344;-601
-594;418;-939
90
240;580;807
-258;-169;332
352
-599;314;-76;44;925
608
523;-926;-207
-561;-582;376;76;493;-927
-977;307;-438;220;-638;-880
-165;710;-90;-860;765
-902;-794;-204
-370;775;856;-637;765
-865;192;86;220
535;-90;-602;334;-544
753;-787;-842;988
-8;-686;766;-960
-556;-446;621
977;-549;791;-106;-251;-990
865;-916;937;13
-338;882;598;552;236
556;-159
465;-270;126;-976
736;-4;-457;-586;-859
-147
-418;-165;-711;-648
918
964;712;11
409
-626;821;215;-330;602;-16
-868;-612;-536;-104;-607
625;195;122
-198;-507;-924;443;-525
176
-737;315;-781
-439
-307;-100;-182;186;588
340;903;-441;891;796
913;-435;437;-502;-59;-797
-614;486;317
-853;-325;730
-3;166;167;632
-201
-203
144;-962;-484;-346;-350
897;-291;18;93
461
-206
242;-36
363;-829
164;-189;-190
256;-68;468;167;-95
-67;524;783
-533;936;844
-674;-819;901;-698;298
630;106;-512
304;945
123;-352
-659;892;765
-281;682;-782;-878
339;407
145;-18;881
755
720;562;627;-382
789;-393;890;-653;-93;990
-739;-779;-783
