768
-563;579;643;984;-427;-191
401;67;677;634;-238
657;-962;308;821;382;591
721;787;-222
368;132;854;-575
-12
-563;-245;792
454;-176
352;-177;-21;997;-859
176;-772;-693;452;628;-89
857;-44
274;165;-137
496;319
-337;791;-264;905;346;-623
-882;-339;598;1000;-688
369;121;-301;893
642;-99;4;-863
-578;482;276;-89;-155
648;956
785;-100;25;895
327
-553;138;-431
79
-459;908;399
-595
98;375;-815
86
-948;-245;389;-730;891;989
677;165;-470;744
349
-690;-140;221
-628;147;-981;-696;600;-76
-497;-806;-588
81;802;-616;91
-610;-773
656;802;-372;-983
616
-516;151;504;-219;446
113
182;-603;303
320;-18;580;-1000
148;-727;-909;-413;493
962;-645;-901;967
386;546;-293
160;-484;677;-601;891
678;223
-276;643;-297;-464;-512
193;-772;-457;-265;508;654
-165;565
42;-191
148
663;-256
-338;306;-901;-264;-761;266
466;891;-686
276;395
-388;86;-887;56;-26;478
363;574
457;811;317;639
818;23;-41;-606;750
-40;472
177
675;132;964;429;77;206
-68;868;-109
-179;932;-747;474;506;731
-97;256;865;-727;398
-185
612;-170
-499;-261;-550;-928
-870;342;-599;617;702
640;386;-644;820;-495
145;-180;-873;345;409;-811
-70;778
338;-102;-984;601;350
146;-420;-521;381;-815
-998;-664;-847
281;-667;-76
-385;178
801;-806;105;-122;-444
465;-277;84;792;171
-100;-916;36
657;35;261;75;-607;-896
-478
-865;913;499;-320
-65;-438;-873;888;-333;-944
371;884
635;366
-299;-960
-996;453;247;-649;-815;-527
131;759;887
-805;361;-618;-110;-95
-914;-695;-954;266;-317;-958
978;100;670;-224
246
113;549;-909
51;-554
288;699;909;558;-671
-753;547;500;424;664;-622
-385;791;967;331;-799;623
578;-681;-91;430;334;-320
-805;40;666;607
