-513
950;599;-794;446;-688
-3
-82;602;-255
432;-829;702;-95;-480
885;-411;-495
-820;143;399
896;-819;499;469
-535
939;62;319;239
-419;-870;-848;575
945;-883;-373;502;792;-441
96;552;937;749
-817;6;-361;-796;-367
773;535;711;648;-846;-255
-324;-89;-889;314;123;-959
-544
869;715;-524
-354;66;-964;392;-460
-661;711;-458;508;-142
-43
-555
-178;-105;-16
-968;410
-577;512;275;-208;815
320;-885
-793;25;714
-913;627;-133;950;551
-828
-803;386;988
403;685
626;-582;-218;-26;779
912;-459;-204;-270;-112;-960
591
135;713
-580;234;-253
601
952;-505;-268;-221;-896;335
608;657;-820;-556;-958;719
-165;88;171
-354
114;387;902;-23
82;-724;-358;-384
190;-559
883
-885
-146;535;792;169;47
-260;-457;-426;-315;621;957
-638
-167;-24;-233;-476;-252
769;-805;-26;733;-800
-292;708;406;-315;-638
788;175;-832
641;950;-872;167;781
-644
-358;533;-42
-33;-675;-20;-24;105
853;-858;442;-829
-485;-763;-380;539;-910;-191
-257;835;356;-331;-461
-660
640;-898;741;-632
832;995;-180;807
-919
84;-597;-998;-873;440;254
373;90;877;-927
-373;-186;973
-594;293;117;-922;941
-888;619;-462;-975
-967;-907;-988;-126
-710;-966;734
665;794;522;188;638;703
-706;520
-187
955
-481;-994
230;478
576;-354;353;741;-984;377
-918;186;-237
753;467;21;566;-985;-110
-179;-836;968;-923
-497;976;657;-647;-90;827
-116;-614;231;312;315;844
-84;-87;808;-140;606;894
817;-884;356;966;522;991
32;177
-931;-983;-218;-127
-723
835;-361;489;-207;190;-735
866;631
-989
-526;-927;207
119;-601
567;684
-743;487;-749
-257;-147;-861
257;450;266;-475
-501
-3;313;446
-81;-755;870;166;879;-832
528;-996;-772;458;-748
