560;705;-741;199;313
720;-994;-818;-458
-528
-699;970;156;-718;-110;382
723;618;-555
84;-647;299;-781
-322;33;-659;-103
-433;-418;-9;859;-542
30
548;763
-920;231;808;682
37
-273;-354;659;-283;-429;-126
201;783;847
810;-510
-707;728;764;31
436;950;-569
-120;-776;585
881;214;-647;123
931;666
723;756;645;-14
-642;-268;924;-846
369;-77;798
658;146;836;-264;-266;748
177;-835;79
944;-980;359
-534;-48
-171;-414
509;525;863;-544
104;89;-524
208;-306;-595;298;319
547;533;-711;220
-737;547;599;-232;583;-427
165;-215;137;572;444
-309;-799
-342
-854
854
857
118;-216;151;-400
-936;844
144;-433;-738;122;811
355
982;406;-700;220;-32
288;-69;-855;-887;455;702
-146;-823;281;986;-188
242;-758;-396;31
-52;-857;27
-116
785;-934;-222;382;-128
905;236
16;-503;-167;-669;-318;-783
917;744;-221;477
-305;430
-647;-43;-717
852;-89;-123
-644
-321;709
-534;663;-520
-117;326;456;-906;106
85;-760;455;-174
905
-898;-715;-859;540
480;-514;-790;-742;-367
-434;-163;51;-212;359
-131;-102;-167
-389;-517;249;-768
-147;-595;-683
387;-901;-745;601
897;-138;283;893;-238
210;-317;782
-773;-928
256;244;311;-28;75;79
416;529;661;-745;78
818;-19;142
-611;534;-617
417;725;649;-252;-846
561;644
-695
442
-281;622;-528
-210;129;-777;-876
-643;-19;486;-72;958
-449;-660;148;70;-459;382
466
-259;804;837;621
212
-82;-777;313;265;-188
-666;-317
-801;664;89;-877;-319
-468;723;310;602;-959;783
80;944;756;502;-587;-191
-950;-758;-664;-202;44
-530;-999;279;-681;-665;-201
-870;409;953
673;-935;-183;42;-92;-511
237
-514;788;-780
760;-254
818;183;-143;-352
125;638
