-465;858;973;445;318;-847
-262
626;-621
-728;989
247;-239
900;-635
265
-534;-511
-370;-725;-294;-682
-518;71;776;799;-848
977;389;-221;-94
816;370;851;-117;520;-363
-674;995;-836;-971;685
45;-846
800;-579;-371;618;844
-242;777;-445;-333;-704;-112
-17;337;456;540
550
-808
-835;291;-565;813
-203;-27;78;111
885;-589
853;823;-670;62
416;516;-745;649;923;79
807;471;840;-301;636;157
370;-792;-543;399
-241;865;-153;351
67;-890
818;-293;567;-28;-751
-561;516;-430;415
-818;-695;473;-506;974
48;-437;71
-609;195;597;-603;-365;-46
722;-374;921;671;431
-161;-909;-814;-430;-575
-74
561;-692;-327;633;540;-127
-657;-701
194;-692;-902;-634;-860
-865;-66;-917;276;-559
346
-641;732
753;-914;764
771;-932;836;613;-969;-927
-773;-359
978;179;-277
179;964
64;-215;166;954;-80
-67;-710;63;-688
677;535;441;27;765;751
721;632;987;-672
-84;216
-600;840;-890
-652
-817;850;-668;860;175
-468;-518;888;-48
-273;272;-196;907;717
-872;-304
-344;-832
416;-163;-595;996;477;-975
412
-33;323;-582;-316;-575
355;-697;-541;-813
-882;-699;397
418
736;-129;-228;-132;841;-924
678
-369;197;472;-124
546;695;-40
434
-177;-99;-633;872;729
-181
69;-454;745;77
595;-985;617;457;555;-800
-184
695
-593;675;-271
190
658;-260;867;-199;663
167;457;-173
-610;-788;804;583;-858;670
-659;213;442;971
50;119;-88;-569;797;-768
737;549;-230;219;-237;206
423;-540;603;683;332
40;8;889;-638;-782
-914;-487;-368
-709;-919;155;700;28
112;356;789
745
-693;-821
576;209;614;-71;716;494
306;610;88
-274;-44;-175
353;-835;888;-650;-253
-340;-53;502;-360;-157;-605
-503
-506
113;-375;-218;-795
-435;372;-636;447
-721;-300
