512
-103;359
-3
-852;643;263;-59
-434;545;-499;-133
-14
-271
-660;3;-232;-347;-894;-446
-481;-226;434
211;643;-69
-182;838;439;588;-800;159
-338;-132;85;540;159;223
-451;-796;-780;460
579;-325;-197;-165;140
810;250
-40
40
-662;247;713
-146;-443;-734
-738;690
611;953;-202;-288
393;186;346;109;-894;-704
372;-488;-184;-156;-621
53
-177;-392
-821;-662;679;329;-96
59
-129;-241;-483;645;310;-40
-148;470
490;-798;925;-944
-242;69;501
870;234
-230;-758;837;-536;41;-462
306;642;-348
819;86;-792;232
602
-233;846
961;36;805;984;793;106
51;355;-830;783
104
-161;472;76;-750
-614;505
-563;-809;302;703
241;-819;-903;-424
-849;-544
-625
-114
-642;21;247
374
-737;515;-471;-697;-522
632
899;36;968;920;-655
-81;808;-170;877;-527;-15
-612;997;-558;814
-323;978;-20;-967;-56
81;-723;-739;-170;538;878
-691;-755;-900;-910;-207
65;-467;359;-284;15;159
927
-533;-140
785;-291;-804;-325;472
-99;-64
-582;-861
149;-74;219;333;-464
-420
-581;869;-202;-252
168
-241;-472;763;-542;-318;-128
229;729;603;-368
428
-36;740;263;743
-132;612;996;956;-463
272;-708
724;-5;-472;295;312;351
-73;-681;-379;-156;-607;-80
709;-270
-901;-503;363;-334;-607
-500;937;858;75;-156
-963;-37;-854;-935;-991
-257;709;-523;-127
-35;178;-233;424;-794
-657;-851;-340;535;-202;542
672;816
-65;578;203;-925
-929;-885;84;-824;-829;-669
138;843
-116;308;870;-315;988;-751
225;83;676
-707;-536
986
-163;274;793;-11;-780;-589
-990
735
226
948;-854;-23;710;473
484;516
-177;-306;-902;537;-796;-125
405;-167
146;754;-372;-697;654;-991
737;-712;-603;-955
-512
