-612;887;-232;-296;509
325;-87;-495
802;-468;394;539;270
-602;924;797;-350
853;249;-333
135;-282;925
162;-631;-823
-98;621
271
-505;522
-791
-99;52;-748
-833;81;345;-684;190;-671
-692;-876;507
-309;5;-762;956;220;190
-275;610;478
149;-455
-529;-276;-646;-391;-343;-939
246;-557
-306;247;-617;-668
-434;-491;-395;-588;-988;15
50;676;-662
-499;-848
-690;-292;53;-952;-858;110
530;551;267
-102;430
-785;711;746;47;-128
798;-463
-80
-340
-854
-771;-596
-626;-487
-193;225;562;963;71
53;-680;873;-204;-654
129;739
691;406;284
-801;-994;-402;706;189;-848
-105;681;346;858;-908
-721;-467;314
112;-402;907
963;-918;-57;-649;-10;778
-155;842;189
816;728;-155
434;-52;404;860
435;-905;-667
227;-741;615;-696;-800
124
638
-529;292;-681;905;398
-311;-967;886;876;415
-977;144;-457;-73;792;703
-390
-342;5;76;589;78;-544
979;-708;35;212;761;654
594;-447
-961;196;-295;776;-540;-608
-917;-202;-652;-688
-81;-633;-569;345;12
368;-715;186
417
-83;872;910
-593;763
481;201
961;978;-995;327;-75
-257;-173
-17;564;-955;330;-352
-757;-119;252;-831
-339;-603;254
452;-725;-302;750
961;242
18;162;-878
-756;-424;-32
579;-968;-236;-845
-353;-352
-979;-692;-244;53;-710;842
-981;527
-425;-329;-811;-172;-975;-304
456
201
98;617
341;422;439;889;-607
-305;799;-704
-723
-532;-192
723
502;-493;463
-689;-434;727;-778;766;190
-222
-992
-483;-37;40;955;-704
-3;583;41;362;526
-487
-498;774;297;429
-577;752;643;-584
-750
-445;285;383;271
176;65;778;251
257;-916;-104
-402;916;-213;710;778
624;-888;-940;-957;-143
