-260
89;-349
656;-851;-997;777;411
48;-529;729;524
-673;-851;302;-320
995;-108;-895;799;-272
992;210;-37;870;-234
-660;937;393;-524;-413
-783
529;-756;439;877;207
-293;319
-151;-808;-473;377
-821;-759;443;-764;78
-517;-934;907
773;-793;-348;412
240;-799
-433;127
-789;-32;511
786;21;-890;-667;218;-814
705;-915;-276;585;859;-637
-903;-703
-513;979;392;236
-963;-920;-681;444
650;-639;782;559
-378;538;427
-279;551;330;-668;-493;-31
433;386;500;-344;872;-745
-195;485;953;-650
-332;414
-565;905
-728;813
-87
568;648;409
-17;-245;-184;535
529;73
348
65;-532;-469;744;541
-137;506;494
306;276;476;831
848;-689;-247;-798;990
533;-896
-561;-163;53;-460
-747;382
904;-283
-769;480;4;-361;-491
449;-211;515;-200;-923
-629
17;-650
-849;-562;55;-764;206
976;-805;742;712;-219
-935;-665;-827;251
-23;-8;927
80;-710;-779
-946;136;-218;-685;815
-67;-630;-329;331;-846;-896
929;-355;418;-507;-349
918;-782
-86;39;443
244;-120;-12;-718;-110;317
385;134;-671
376;-222
209;-365
292;-712
816;-999;526;847
995;-108;-464
-114;-823
-200;-906;169
-420;808;-557
-641;-99;910
548;-720
18;-196;966;108;-462
835;-107;732
-952
-305;-502;439;-59;509;877
200
-147;-8;-302
713
823;507;236;-77
721;264;569;-320
217
193;-669
783;271;959
307;168;-252
90;-926;-928
483
-163;-991;414
121;-763;-27;-62;959
148;-377;-666;-362;-766
-331;-157
802;900;-725;-216;-252;491
293;-871;822;-168;826;-156
-750
146;-264;-314;-237;-654;61
3;358;-296;776;-525;-78
-694;7;926
-99;69;423;-889
-661;164
801;-530;279;-908;-652
-406;-487;-491;395;-798
-979;147;-71;-615;168;842
256;-261;-134;805;-61;-351
