-515
-420;519;344;588
291;-213;-727;-72;10;446
144;-808;-776;-744;126
-977;-3;100;358
-289;38;-936;42;877
-743;-91;-203
-305;830
-851;629;982;314;-32
-449;34;-102;-348;796;-207
722;-188
112;755;-52;107;-990;863
129;424;744;861;622;319
-162;596;230;-424;-600;650
548
164;-792;78
-996;-420;487;969
-675;-214;775;72
-54
-705;-635
-275;-221;-591
64;-383
-561;-113;343;-121;-124
339;681;-699
-433;434;-436;108
515;54;57;-956
-933;9;79
-802;26;-828;-525
-338
-148;-518;-822;-939;156;397
465;387;-574;558;782
23;-73;650
-857
-50;-306;-758
-321;-599;-137;-64
704;-503;75;847
193;-386;763;-671
721;983;-409;-683
-362
-340;446
-666;-778;-125;-957;-399
857;-716;-32
-878
55;-987;-125;-590
-631
-409;-222
-998;111
-694;1000;-426
-868;940;815
-531;51;104
742;-410;-510;751;-192
742;935;633;634
912;788;286;446
712;446
-177;-691;220
-724;890;-206;-352
673;-23
755;723;-197;-486;-871;-575
-547;149
659
129;-308;-345;-347;719
-929;890;620;-990
965;-300
-154
-467;403;197;997;-89;-879
839;-671
433;721;-440;543;-576
-331;-718;110
-659;757;-271
107;-720;-848
-786;135;-556
-186
-131;581
-434;-706;-531;-830
778;187
912;-57;-700;301
-130;179;-340;180;-984;381
-162;-468;316;302;462;-911
560;-513;33;-325;806;923
-452;388;-509;-302;414
34;279;425;-140;-574;703
-422;709;28;924
-282;778;59;43;-509;383
-722;66;183
984
276;534;313;569;-972;-943
615;-473;-138;747;-527
482
-659;889
235
-961;-966;-521;-797;-206;911
747
243
722;-87;843;76;-30
898;-102;630;-460;-335;639
-503
-250
-764
-306;-715
151;362;766
511
