-868;-695;999;-718
-292;-116;-902;-343;-749;-160
-3;-408;-969;232;633
-465;642;962;-758;-792;-366
6;-936;441;297;714
-779
611;-661;966;89;798
-6;-519
-402;-391;489;-224
433;-198;294
-276
757;-551;-330;-604;45;959
809;315;-444;-958
-129;-150;326;-26
-626;-275;-953;872;700
-676;-133;933;159
-952;-730;-556;-95
-82;769;631;267;381;623
-101;-191
912;147
277;-520;535
659;-313;301;158
944;-531;-407;332;972;781
299
336;258;459;-494
-263;713;475;-525;-254;670
567;-857;-784
742;491;-924;765
35;-141;668
161;887;-992
-450;868;-663;-668;-828;-109
993;338;-756
721;114
-324
-610;146;164;-390;422;600
591
628;-587;-379
785;740;348
-89
-346
932;757;-47;-16
641;691;-916;-279;-967;923
161;138;-13;319
901;-550
50;502;57
613
32;-391
-616
226;-84;793;844;-733;-686
363
-321;-532;-234;-988;379;-461
-879
673;996;-983;-158;-160
-630
769;33;341
704;-291;506;187;811
-383
-117;758;455;-393;298;411
-916;644;-869;-918;-891
-616;-476;701
5;-537;924
563;773;650;316;716;-575
-293;105;589
81;-838;-415
83;-232
-243;196;-838;758;-840;-206
-616;764
-855;454;166;-427
320;601;-255
721;-307;509
104;-603;-171
161;-500;-76
75;-748
881;627;836;-902
753;-211;649;-589;847
128;-178;612;-670;-831
770;-36;-521;558;175
-963;981;-939;-252;735
-996;979;711
693;854;429
-776;76
337;-772;879
553;44;156;462
720;243
-593;293;-119;472;-256
292;-917;-121;811;-158;-366
609;787;68;933;-944;31
-211;533;-528
-979
721;-645;936;479
-967;813;367
470
49;-283;11
-858;-395
-236
-945;-946;643;-525
736;-564;-244;979;788;845
885;712;-685;606
531;835;804;996;-614;-6
-424;-171;92
-68;-439
