-610;291;308;-919;-24;696
881;-451;709;-710;697;411
-771
649;-653
-389;-870;552;973;-782
-115;378
52;-664;476;716;-462;-894
776
418;-840;-859;236
323;-934;636
-229;308;-875
796
-241;512;307;-11;540;974
417;-128
168;57;570;379;-621
43
706;-500;582;-72;903;729
-81;-480;-768
52;574;655;-720
945;755;342;-649;-926;-415
-311
989;606
-316
304;18;-887;-328;-254;830
73;-859;-557
-127;-704
-866;711;536;-956;-990;734
-209;-915;-836;-629;363;-398
361;810;684
-679;535;472
-73
-635;-652;445
354;564;-843
928;55;-604;-461
23;-368
117;-951;-631;860
-769;787;682;-972;876
-627;-874;-384
350
32;673;-524;651;-221
545;294;29
405;731
952;-458;-27;-14;-814;-783
577;-699
913;744
-214;887;744;-846;623;463
121
486;470;-608;31
643;116;-165;646;973;-31
816;-949;267
661;-12
160;-664;554;-192
339;886;504;-48
-612;-809;-42;-988
-145;-161;244;916;425;-877
528;339;133;905;-380;671
-152
723;-455;6;-855;872;-957
410
-668
432;65;-708;-345;620;-733
973;30;-79
-658;-197;-74;-765
384;2;84;453;-631;636
354;615;10;-315;-670;-160
693;-272
-423;601;506
785;-914;-762;205
704;386;-293;218;955
-517;-871;-330
-420;-440;505;732;61
467;471;-240
-188
884;165;-316;-480;447
-562;-911
181;-633
-833;-849;440;-985;411;-685
-168;110;-399
373;-106;446
-459
-37;500
-803;-949;-362;-143
-66;246;-490;-972;812
-85;-380;395;364;-366;287
833;229;599;156;-320
-323;-404;535;845;110;734
96;-322;-251
465;129;691;310;939
490
-493
-902;151
-680;-267;-540;431;-464
709;302
-756
689;979;-885;741
368;-600;252;-302;782
934;-508;331
102;-861
49;82;-839;45;158
-729;986;124;383
-678;389;775;-600;-478;-175
