675;-133;629;-698;-460;-526
391;-392
353;-325;664;685;415
134;-120;747;-28;-221
3
420;-854;-647;-409;716
-855;-431
262
352;-658;901;-683;-671;767
17;866;450;-342;614;-59
266
824;-298
-403;85;301
948;230;-905
-278
576;3;-919;62;-256
792
737;-484;345;-317
-914;-146;9
560;-20
-977;-756;-420;475;-462;318
436;453;5;-558;-734;-656
-433;-712;537;895
592;-451;281;125
-804;840;-335
-815
-642;3;324;-507;106;764
903;-537;794;687
177;903
-321;737;-533;-197
211;-84;372;-822
663;430
835;-645;617;-879
-424;-654;750
997;-669
902;871;603
355;356;-105;-683;-253
591
-592
262;-653;-976
144;241;133;311;25
598
-659;-565;582;-221
642;-760;471
-359
-929;464;705;306;-905
-676;780
620
-966;-217;328;986;926;335
-339;916;251;-236;-574;607
-343;842;346;-476
152;555;-925;-991;-656;-48
-308;-197;-310;-332
657;665;-175
128
182;-506;554;-955;-15;-159
-646
337;212;-158
224;102;-807;855;377;154
820;906;46;815;367
-263;-1000;760;394;811;463
233;937
-465;517;-487;-683;-700;-894
-324;732
342;-569;-842;-479;831;-976
497;-327
426
-17;425;-683;430;271
818;404;61;943
-537;975
-33;982;-987;-382;863
-776;969;766
-867;-22;677;825;636;-32
-247;443
-723;340;86;-637;701;-992
370;418;-789;615;-746;845
-343;811;187;971;-912
-708;390;-744;856;123;798
972
-974
825;-475;-815
680;298
771;-279;998
962;-104;-862;735
-244;-727;-280;-840;328
468;471;-12;843;253
272;-839;410;-300;-544
490
-934;-631;-284;539;-462
-818;-444
-297;-522;-570;381
3;-665;-809;972
210;483;308;261;104;157
690;408;173
759
720;772;262;892;-14;943
761
-801;-65;-163;266
668;-159
817;-580;982;310;-764
-745;-985;-62
