-227;312;138;-847;623
453;406;970;747;-351;-943
-758;-86;-952
-524
211;-905;410;971;860
-378;10;382
-660;-470;-939;-508
-801;849;-868;31
578;807;-826;491
162;-957
162;-581;266;-620;-541
866;466;970;-77;-143
-913;720;736;562;50;159
-226;674;-901;-207;111
-500;-711;136;777;877;-286
550
-39
97;-389;277;-169;748;-270
855;407;43;-240
-667;-656
707;-356;-198;-919;-185;-889
-17;-498;-856;91;207
-675;259;664;571;875;-365
273;547
454;856;-714;-347;61
-522;207
316
828
-573
-832
346;-684;-494
-802;481;-3;610;-620;399
-323
-436;86;-442;-106;829
360;477
771;648;25;-607
76
417;-72;-264
-231;682;-109
87
-601
-722;693;278;-727;-895
-482;834
563;148;-102
507;-606
-486;-631;-713;-573
-551;907
737;180;-838;-265;-490;779
-993;113;387;851;520
80;838;108;-799;910
112;-386;-84;539;959
579;-469;-201;-796
-124
644;773;695;-700
424;-620;62
-146;565;490
-898;-100;266;332;-254
48;-628;-699;-639;751
150;-839;-298;569;-862;879
820;-72;-700;845;-734;-816
880;-529;216;347
-450;-419;569;446
406
18;-459;-992
246;71;906;-251;461
611;309;470;556
-389;-842;-973
-670
-49;-769;113;-183;-267;-284
-883;6;455
936
-353;738;-581;852;-317;-767
50;809;58;331;-669;-752
-935;-716;-573;-13;271
-175
431
178
-821;-629;-921;-250;-971;76
437;601;-396;380;238;-47
115;-664;314;636;-848
-705
-964
710
277;-136;827;-13;-158;686
401;831
407;315
-267;-252;-158;-558
185;587;510;-47
274;-539;-205
-386;641;129;7;344
224
897;434;823;-540;-366
483
-801;-546;-405;999;459;59
-791;-40;-702;271
239
960;-274;788;22;200;-429
549;-121;841
160;401;209;-644;-452;-437
-764
609;533;-121
