-274;-594;-535;120
772
-262
-17;256;433;-389;750
-596;69;-230;-151;698;734
780
756;-614;104;649;506;-620
823;-682;-587;446;382;655
-979;-261;-571
145;-532;-296;664;188;108
-22
433;337;-242;-610;147;468
370;163
850;891;-432
435;564;645;-586
752;-164;-309;553;106;-974
850;-70;6;-713;793;-62
-57;-923;348;397;61;-896
418;-469
-754;950;622
-801;236
433;-282;-205;-701;798;783
-961;-245;-156;15
518;-444;-654
434;-972;957;-94
-595;707;-182
498;-25;589;93;-47
596
-582;231;-201;127;-944
-305;-688;-640
993;-518;310;591
-244;53;56;-475
586;27
772;-569;-826;761;987
771;-284;-445;173;143
-817;712
256;-962;-487;829
-149;-838;394;701
-112
58;-619;189
-194;-517;678;406;793;492
-3;-355;931;-957
-724;-664;14;990
-833;-403;264;331
644
208;-163;-728;360;300;925
-650;-254
-690;-311;-313;-457;-413
131;5
-65;-722;-410;-122;477;446
-141
-593;-641;-882;-76
-993;96;-515;868;-568;712
-115;773;-712;-605
898;677;637;-206;543;-96
-150
-789;936;265;507
-154
-617;447
-668;-572;300
-291;-981;-393;744;936;-955
624;64;261;-774;-604
-801;-149;618;331;-846;-607
-312;153;845
-788;-903;-441;-829;942;-975
-529;-482;-645;-923;351
36;598;-171;-926;-95;-911
-276;-697;874;-92
212;-822;-573;733
695;10
-534;-710;905;140;654
865;-228;-212;-845;623
737;643;247;-904;762
-835;-652
-35;885;127
-968;-586;-751;558;-512
-228;627;997;757;345;-752
-467
-65;-261;-407;-24;-957;991
-257;518;461
980
497;178;-358;-967;-695;-663
326;806;619
97;-726;157
-193;-792
851;390
-934;-745;-589;-254
112;-440;122;-270
819;-552;-937;-379;827
626;693;217;-877;862;-528
388;830;-224
833;-439;938;-572;445;815
-232
835;-603
-233
592;-643;4;-597;757;891
993;-964;-804;-263;540
19;-219;-555;906;-382;-784
218;477;-448
-326;747;332;12
912;209;162;-773
