-625;-500;-821;373;-941;-47
-65;418;-394;809
-628;-503;105
464;465;358;-544;287
-228;-661;-454;-976
460;-240;-752
839;-106;-202
656;578;611;-924;477;670
530;-88;442;-863
-705;809;-127
-791
146;392
-895;-159
-754;-531;-683;-367
543
-999;-552;237
-33;-120;189
128;-198;-902;616;317
-372;-184
-835;883;356;-361
-514;721;305;229;-924;139
-813
321;-196;-843;-607
302
-918;-411
448;272;-412
241;-724;492;-925;605
59;-93;525;335
316
290;-856;-251;-12
228;5;-295
-322
756;-392;217
69
70
-97;681
83;-30;-288;-608
-85;950;236
740;-983;-668;-14;591
-788;629;184;697;-638
280;-889;524
-386;691;806
361;139;-845
-597;358;-874;767
-90
-808;973;-256
272;-274;931;135;-716
607
-817;178;994
-292;51;-726;606
273;739;-135;-600;-458;75
-708;-987;-461
-750;-959;-960
617;-395;-46;959
230;-344
113
-387;-403;324;-775;424;190
-868;933;11;-253;61
81;838;988
291;-665
512;630
309;-1000;215;-157
183;-360;-968
368;100;-700;12;-415
307;-936;410;-844;124;44
-130;-483;-693;411
127
563;334
643
-802;102;558
416;-498;561;821;76;301
803;996;388;-281;395;-623
464;881;-211;-219
400;161;-892;991
-897;-642;365
454;7;203
497;563;435;-518;-303
-82;867;259;-570;973
384;-82;-651;154;-523;-220
698;-527
-113;-50;-266
-232;-202;969;650;782;510
-435;-261;-150;118;-475
131;936;-282;-92;-879
-241;-247;45
617;-602;-204
-68;212;-505;716;-800
-909;-350;-224
499;4;792;-91;543
738;722;-676;231;989
-711;-942;927
773;197;268
-865;-930;-119;663;-477;-285
-98;830
-903;296;-475;572;989
-821;-710;-890;-621
229
881;-37;716;463
-753
-508
449;627;340;586;556
