752;945;-707;-779;812;-766
513
322;884;-584;-619
-97;930;-565;-233;-874;846
-91;76
868;-120;-474
386;-789;246;138
257;275
867;948
212;-744;188;879
289;-195;294;-859;669;-224
625;322;-318;-702;109
-300
400;-417;-177;849;467;719
-769;-628;535;807
424;655
-615;670
-337;-947;43;-608
-826
-533;-56;-891;844;61
-833;-516;-264;107;-814;-304
63
208;-146;-292;555
711;383
673;-424;78;-656
-225;-722;84;-635;-880
132;-208
657;113;-284;172;-734
401;-365;109;-766;286
-342;-908;-94;-528
-626;-990
936;171
196;-60;717
388;-299
-132;-618;-880
736;-479;-799;-64
689;147;-587;-603
-99;6;-871;838;991
-360
-290;-402;-901;-559;255
-875
-660;-553;-332;655;783
137;-28
-494;-96;-544
400;786;936;-988
-230;71;297;-842;-943
800;689;36;566;-444
-135;12;748
-485;110
-634
-426;-780;571
-802;-90;-188;956
864;320;550;-60;-782
-136
-850;-323;372;-954;-174
-292;-617
420;244;133;-523;285;-415
659
401;649;957;958
-11;90;284;14;-528
722;-628;468;-695;926;-128
413
674
715;479
995;517;-317
472;-778;477
448;236
691;388;-553;398;-240
-98;-588
173
578;-807;-888;174
-309;-373;646;619;-733;-30
2;853;972;-623
-83;-216;583;743;-335
-402;49;297;-638
-225;161;114;-739;873
-306;-836;-918;-408;761;-14
-457
945;387;228;-774;-73
36;790;-999;701;797;159
-4;-719
40;827;-399
468
145;-617
577;-797
-990
734
-81;-90;650
-263;-476
995
272;-148;-197;476;-174
746
-235
533;984
241;-2
754
978;-904;249;-523;-175;-384
-509
434;-998;503;796;541
54;-103;558
-191;-832
