-33;465;468;125
326;443
769
-133;-470;278;425;942;751
38;-556
-770;251
610;-171;591
262
-577;168;142
533;-616;-237;-957;-14
225;661;918
-437;423
297;955;-941;988
560;-855;573
-539
-659;-394
-151;-648;254
982;296;810
867;-324;-680;-672
-359;696;730;-255
-6;261;966;874
-821
-402;-711;-281;684;653
313
353;663;-957
-701;-384
835;-614;351
769;573
496;-468;-390;903;-477
-593;-547;899;-168;519;-175
512;-627;-601;457;45;-111
843
208;244;-235;186;556;-112
826;-908
482;-324;-390;538;-127;159
82
855
-84;-309;-571;876
891;477
-424;-684;-780
863
-98
336;-690
673;53;282;108;511;15
877
878
-369;735
416;688;-502;698;348
-225;997;438;-329
-866;-771;724;572;-222;-831
-116
-571;-320
1;385
-850;530;502;908;-192
-855;-300
259;-245;-472;-188
-484;-759;-792;635;-14
64;916;-344;-650;-429;-462
198;-601;-761
-909
737;-918;-473
937;-27
614;-456;-590;-735
787;999;153
-561;-24;-848
491;941
209;945;513;-869;-390
950;-730;-394;795;45
-705;-794;-939;828;430
819;86;-201;-109;334
871;823;-266;-43;59
-835;-659;180;248;888;603
480;-454;-855;-557;959
914;-613;-906;-539;763;-47
852;-136;-603;571
-596;344;220;-912
103;-380;-412
576;290;918;442
-145;739;869;-511
-995;130;386;-557;78
966
897;594;179;-238;559
112;770;-180;-939;-478
916;436;184;971;-509
-995;-84;-663;-410;-747;-893
-246;710
209;-4;-933
-216
401;821;-487
932;310;-762
-529;-355;279;312;985;300
-707;-197;421
485;-808;442;-604
-407;-335
-258;-742
-490
-791;-474
164;588
-56;711;856;267
-309;-213;21
453;-424;505;478
