880;617;-796;-940;239
-130;-407;794
816;-917;-101;-13;302;-864
242;539
168;-281;639
272
323;-694;-863;446
-130;107
-279
-497;786;758
279
25
-796
-161;-995;-564;759;-94
-196;595;228;164;-950;958
112;819;-423;-375;925
-583;-536;648;-77
-338;-885;974;799
-761;-910;349
834;-101;-775;89
613;236;222
293;-487;9;522;827;-860
306
713;618
826
979;371;883;229;317;-160
498;-183
-839
421;344;78
821;-535;-618
-334
77
323;899;693;282;747;-559
-513;291;-507;-125;-637;-128
-626;699;716;830
871;9;971;-223
-852;420;710;327
993;914;534;423;55
-728;-296;840;-944
49;-501;-518;359;-265
-33;187;-46
-805;-843
310;568;-765
-901;-750
353;328;-477;-832
177;884;-887;344;347;796
-806;-537;376;-521;-432
-769;-436;-459
640
-849;-465;-134;-250;-928;447
645
757;374;283
-391
643;-453;-776;-360;42
-904
-981;390;583;-507;411;751
-139
-113;3;999;810;235
969;314;443;-48
771;805;859;-333;860
578;-499;-487
-546;-634
288;913;-34;659;-896
528;-358;262;216;957;862
931
-420
776;415
866;-948;762
169
-369;691;-985;-665;-382
417;-243
-531;-341;-333
-197;455;-712;333;-319
-450;-277;358;-811;-895;-160
-195;-249
385;386;-583
163;387;900;326;653;-959
-448
-530;-948
641;723;-486;344
-488;521;-490
618;-684;-701;558
-978
834;325;-166;-444;173
277;520;-602;-42;-828;461
344;459;172;-877;-320
-224
112;594;-652;397;-224
752;-450;-163;888;-798
465;-700
-289;593;-6;-251;-540;-511
481;924;-701;909;414
-135;167;169;986;-235;-459
787;741;507;253
282;124;460;-63;974
-513;980;-392;42;92;-718
-865;979;-936;569
-354;803;469;358
-254
-915;789;359;-744
255
