-565;516;-280;-700
-884;111
289;612;389;-807;-570;859
-499;-101;980;650
-825;-879;238;-847
-401;256;113;-258;-648;-608
-267
500;-680;569;-378
419;-346;-715;653
-525
964;472;-526;-926
-594;664;-59;-541
-66;-514;-899;-708;-392
-275
768;672;804;-571;218;-590
593;-773;-327;-29
-338;692;821;-86;217
818;-102;902;346;-400
-241;528;-243;228;781
681;-650
-933;-582;-296;457;555;766
464;88;-843
-962;210;-327;-507;126;-112
-689;140
-913;-933;569;523;843;205
371;211;-245;-266;235;-268
-97;698;910;-704
1;-515;-523;-284
-101;-825;153;-815
417;-115;-360
371;-742;-440;-413;237;415
513;-243;340;996;505
-802;643;372;998;648
659;-189;622
-849;-243;-307;905;697;-784
-371;-117;813
-405;-469;-222;-512
-389;-197;-678;890;778;-734
133;603;108
-593
768;-515;148;762;-827
338
5;-89
964;151
-98;-205;-816
-33;-754;882
820;408;-781;-352
480;979;691;-263
-611
629;-311;809;169;-940
723;-717;207;-240;383
-593;-978;533;-262;142;287
-28;-334
66;-308;406;6;-426;-366
454;426
-57;-538;-525;541;-559
631
384
138
-503;903
131;182;-714
-915
-149
993;-645;917;-827;222
864;-659;40;-523;685;-256
784;741;373;-40;41;-459
485;447
-642;550;-619;-734
789;-622
855;345
-691
865;290;-583;376
-659;-806
440
848;801;434;82;-660;985
291;-104
-675;-523;-412;907
-306;-422;805;-584;267;-208
-802;-341;806;-42;185
450
195
544;83;346
441;-908
448;-102;-510;-47
-150;-475;-478;238;142
980
-100;-298;-77
-403;981;920
-653;-79
-261;-326;230;-857;476;958
502;235
-997
-865;-151;264;169;459;-365
530;-471;-811;990
945;-936;489
-225;883;-852;501;-952;889
560;-295;279;903;846
912;757;-39;922
116;809;860
563;596;-328;985;-474;703
723;-598;-23;-360;-780;782
