849;-147;536;303
5
-258;66;549;-983;507;380
-868;-681;-953;-655;78
339;907;-13;-910;461
529
786
451;918;703
583;-111;-191
131;-743;-439
401;-724;21;-744;-58;-204
-796
401;-306;567;537;110;255
300;-269
-129;434;-315;44
-197;231
1;966;-344;682;829;-560
-297
-84;-711;-399;-384
569;-527
-804;-741;729
-675;-806;390;635;-559;-320
-225;-356;-324;-295;204;428
-57
896;119;-861;-591;751
947;-430;445;510;127
-464;-112
-627;404;-774;-726;-648
80;242
432;-868;262;-921;31;-544
791;-14;830;-639;-384
343;-553;137
568;-329;346
420;-840;-424
-590
78
-353;-802;-205
848
450;-41;-746
160;977;168;234;334
595
721;-808
-212;124
984;826;77;909;621
474;-92;478
-225;317
-323;215;712
468;-119
-8;295;-24;-137;-31
-612
2;-108
16;944;536;-365
215;-376;46
-887
449;232;972;-735;-32
233;909
274;-452;996;647;191
-993;-579;427
19;468;952;730
980;952;-90;505;-31;367
513;595;-724
-583;-922;201;-714;91
-963;-965
69;426;670
370;-740;-665;-634;-779
-818;-35;4;-939;875
124;-814;-223
-116;-615;-748;-380;60;-142
-705;163;-570;-250;75;-398
407
-49;-618
-100;-725;666
785;756;-793;-554;830;415
820;-149;774
281;988;-591
-561;-374
-169
752;304;397
304;491;-975
-438
773;-728;904
-185
-698
442
-919;280;-636;63
446
-689;158;-671;-272
-467;442;-508;-941
-961;-583;-700
-690;-548;21;-522
-900;-981;-710;-346;363;-190
595;-694;-874
226;756
212;-684
-220
-119;-316;-781;989;446
112;-82;-658;548;39;-187
-345;280;-425
-804;-720
949;70;767
-723;-502;778;-653;269;-192
