356;413
-321;-742;-824;-409;-784
9
947;-782;-175
-13
128;-141
976;354;995;427;-175
593;-748;429
67;-855
-659;20;-969;-284;236;-925
178;-35;-568;319;639
-35;-453;-967;166;791;779
-588;235;925;-79;-464
818;748
799
994;-454;-695;700;-590;78
39
-43
-899;659;-60
-935;92;31
949;59;892;-576
-931;-294;-40;-830
690;-547;455;-909
387;-853;469;490;107;223
-570
318
802;626;-164;335
-261;186
-273;353
-116;-989
-4;964;73;972;-895
404;452
889;-286
1;964;422;-784
-691;181;-775;-716;-654
-866
-437;184;-956;797;766
660;-46
-388;28
-618
-377;300;-799
-877
-940;62
864;440;891;123;-414
705;837;7;-925
304;994;613;-362;-924;-511
336;-139;-76
-786;-741;-597;52;156
-292;-628;-486
466;-84;804;380;-414
-738;324;541;-800;287
80;-452;-22;249;-11;798
-900
168;505;-829;830;-287
-993;91
-136
-852;947;-1000
-99;-39
180;-695;6;456;714;-524
-630;490
52;860
656
-210;-199
-666
-214;59
713;-557
2;-104;312;-479;-656
674
-372;-452;-157;302
642;884;-649;315
-84;767
293;-247;983;267;-352
-392;-541;-15
-436
144;-953;-875;990
17;-456
-370;-566;761;-203;-28;847
-801;-402;774;-15
-417;-520;473;-924;47;383
747;-45
703
-659;949;670
679;28
-598;-409;460;540;717
-835;726;-666;93;-799
867;-6;742;825;-907;219
-205
-337;716;-478;-366
461;-672
-132;-344
734
-488;-137;-879
592;-19;-94
-129;-337;-145;363;-302;-447
-851;436;669;78;926
-485;-999;409;-668;-31
824;170;270
644;-469;71
292;-795
-201;-543;495
467;936;637
