758;-760
4066;2616;490
-2548;3576
-2006;4059
1584;4338;3300
1906;-2938
2802;-1013;3338
214;-2831;-2512
2178;3794;1829;1272;-4461;-4622
2353;-18;-3174;1720;-4668;-3392
-4753;3523;4372;4298;1628;1183
4194;2987
4320;2918;-2745;-3456
-2017;4082
4117
-1047
-1610;-4558
2075
-1831;488;700;-830;-4942;-1808
-3666;-7;-2282;-3451;3230
-2881;-3077;-4502;1654;1606
-2243;-1267;4645;-3063;-3231
-2562;-724;3979;-508;-1248
-34;-834;1666;-2711;3963;-2093
-3116
-1927;-4269
-23;3625;-1645;1455;4831
-1078
3312;-2753;3427;3700;1304;2328
-2833;2613;-2987;2126
4721;3026;503
-3156;-2888;1887
-3490;4897;-586;-3004;-3007
1879;2985;-1722
690;405
2530;-4117;3397;2361
-1762;-4467;564;3535
1814;2795;-1454
-2134
-4449;-4100;199;-1979
-1265;227;682;4541
-4609;-1629
-1202;-1965
-1364;3222;4381
-1809;-410;3339
3904;4579;771;-2071;-2991
-2721;4038;830
1808;-4790;-3264
-3188;4123;-2061
-2993;-3618;3050;-176;3631
-4466;-440;362;3035;-1263;4927
3369;-187
-339;4995;1750;-2873;-350
-4208
1234;1951
-3288;3401
-4210
4513;-2053;-2005;-2617
-1074;1987;-4187;-3131;-3950
3313;1435;-4863
720;-243;-1386;-1243;4347;-2080
444;-3632
-945;-965;4027;-1181;-2045;990
867;2645;2118;-1240;-2700;3551
1348;1846
-2929;4078
-1553;-1889;610;-325;3285
4224
-4867;2502;-1018;-3631;-3535;-2895
662;572;-1103
593;-1382;4442;-3164;4543;3295
-465;-4257;-4678;4351;-4304
3746;3560
-2628;3574;223
-561;-4437;1527;2571;-4367
2626;-339;934
-737;-4930;4029;462
-1177
-401;-4872
-3074;2807;-2233;298
3888;-3650;-2279;3433;1834
624;-3853
-1364;2454;-2272
3288;-1882;-3610;1020
1777;324;-4857;3144;-3945;-3771
-1089;4516;1528;-188;-2560
-3237
3734;3911;1735
97;3141
-502;4765
-1084;-4206
-1634;-1475;3860;-1949
-2923;701
1552;2586;-892
-4278;4726;-1991;1800;1225;-1658
2049;-4552;4507;4780;-4560
-1733;1910
-4881;-1858;-99;-2262;-3367
-1586;-4274;-115;-969;1610;-990
2032;-2486;-744;2759;-1743
1638;760;2857;3931;-1852;-1008
1477;1031;-2905;-813
-186
1074;-168;-603;4478;-1520
-3554;1282;2034;4087;-1609
818;-2326;-24;1724
1074;12;-3328
-2141;-2542;-638
-4300
-3718;2150;-2378;42;-3757;3359
4677;-4263;-313;2011;1660;-3566
-1921;-2017;-611;-2826
1701;3926;-4587;2655;607
-2263
2707;2630;-2570;-2587;-3455;-16
-1410;-3933
2935;-4906;-1324
1247
3154;-4820;1667;2271
-129;3270;-1628;-4813;-2046
-3718;4266;4046;-1296
-1091;2342
-4593;-2857;664;3725;-240
1302;-2442;-1947;1866;1562;911
-663;-1616
2149;2537;3066;4766
-3304
4545;-1941;3578;-2879
-2597;317
237
-2850;-1978;-3500;-3853;-2397
2290
-545;-4566;-252
4944;593;3300;4647;2520;3695
-3811;-3305;-2345
3187;-4517;-1546;-3485;-3102
-4193;-4134;3797;2582;-843;4061
-1170;211;292;103;3150;3806
-594;531;-4774;2854;-135;1867
-4006;-3179;2444;-1614;-48
260
3300;-4187;-4494
1584;-4006;2685
360;-1679;3631
1616;1854;2094;3919
-4307;2179;723;-1142;3839
-4676;4132;1838
-4422;-1080;2439;-282
2144;1635;-4728;-1374
1299
-4610;646;-4601;3164
3857;2291;1722;2651
4195;2627;-2406;-4183;4072;79
288
3076;1958;-2972;-4399
-3361
-4499;111
3440;2997
1873;-469;3644;-655
-803;4603;-429
-2349
-2788;-2117;3580
3373
301
3014;-3368;1833;1277;1790;3951
-1460;2628;312;1913;-1037
-3777;409;-3086;-3744;-4448
-1507;-4275;3533;-110
176;1969;3506;453;-1166;-3600
4224;2210;-4229;-3576;587;3147
-3391
-3667;1795;527
-4177;-4690;530;4571;-3565;1884
-3410;1162;-1389;238
-1315;-774;1020;-3918;-462
2065;-1283;-453
-4483;-967
-2723;2501;-2454;6;1946;-638
-577;-2293;3142;-424;3545;-3051
-2353;-839;-2272
1368
-2981;4757;2086;3497;716;-2608
3864;-443
-1009;-2413
2866;1301;-745
515;934;-4439;2972;-3453;2095
-4903;4330;926
2131;1540;-4728;4264;-4586
-1314;423;3752;570
2582;4039;1160;-4781;-1616
-2881;-2977;1633;-233
-4913;-3271;855;-4301
-3589;-3882;-2395;1306
3510;1180;2847
3585;-2515;-2547;-2303;-3759
2419
-328;-2093
658;-951;4583;-2441;3468;-2896
1750;4297;-1566
4705;-3156;3322;-1499;2283;2927
-1122;-2933;1508;693;-586
4615;-125
3508;2740;-1692;-2112
579;844
-290;-4611;2051;7;1418
2448
-2945;-2580
1429
-2193;-2884;1911;-2365;-3069
964;4852;-135;-2281;-3098;2159
-2467
-1064;-4783;-1743
3494
-1428;2149;-759;3622;4265;3838
3834;1659;-2620;3695
-579;-1191;4072;-4700;-398;-1728
-546;2499;1547
-3569;-3876;-4252
1147;-4655
-3699;-4070;1864;4444
-2404;942
-3402;-2156
-4536
-2493
3516
4082;2507
-454
-4866;-2314;-4538
2135;-4059;4428
3568;133;-1142;2042;-1086;2062
4081;3442;-4071;2124;-2047
4818;4855
-4772;4244;-1479;1062;-2586
756;1753
1561;-75
-3138;-4487;4808;154;-4972
432;-3565;4623
-3377;1461;-2647
1665;-2171;4045
467
677;-4552;2154;-4893
-1068;-4462;1469;-4832;-2848
2004;2756;37;-4445;2590;1631
901;1627
-4690;-2960
1862;-2345
-3923;2596;-711;-4591
4961;3893;-1415;-3835;-1068
-3841;2821;-1815;-281;-3518
54;-3145;2713;-3899;506;206
-14;-4576
2417;785;132;-73;-2714;971
3202;4482;515;837;-3420
-1522
-3171;-1643;4315
1526
4481;-1143;-631;-4237
-1533
3347;41;-2907;3837;-736
-1684;387;3619;2286
-4611
-777;-762
4896;2771;3927;3263
4432;-196;-1016;695;-319
-2545;-1922;1153;-3282;4019
4209;2468
1681;1267;521;3677;-3535
-2930;-2645;2985
-1873;-4814
-785;2641;-3714;2369;4127
-2562;2868;-2229;-2718
3601;4996;4030;1231
1477;-296;263;-1274;1837;4687
4647
4580;4045;1149
-4626;1650;-2035;-980;-2549;812
-1586
-4660
-2690;50;4902;2414;-16
-3227;3791
-115;-1779;837;-807;-3821
521;-798;-288
-3539;1081;-4255
3781;3254;3257;11;2285;1293
709;4981
4243;4520
-2129;530
3646
-4792;120
691;1926;1639;-186;3678
-514;2994;-3798;1900
-1381;4148;2744;-2879
-3875;-3623;2620;-4927
3264;-2035;-3044;201
-2452;2744;1674;-2478;4510;-335
-4689
3667
-4337;4932;-893;1919
4258;-582
-723;4399
-3205;-1543;-2573;-877;-687;-4016
-619
-3938;-886;2141;14
2887;1834
-4760;-3039
2679
-1661
900;-4533;2933;3385
23;3689
-3841;-2021;4196
-883;3588;-4839;1628;4796;-2624
-4743
-499;1443;1525;-1321;-3385;-3530
-212;3931
-2183;4392;-538
2064;-3361;1691;2463;2063;-1200
-4407;3758
1201;2519
-1675
1203;-3646;765
-3268;2822;3656;-2461;-94
-1801;1144
-2245;4376;2269;4461
-695;2473;1613;3423
1776;-642;1585
-1841;4544;4594;3620
2208;-2882;3382;-2056;2074
3314;-3258;-1760
3753
-4562;-51;-676;-4951;-264;3678
1137;-4435;-1320;-4779;876;1695
2064;1482;207
-1253;-1959;-1468;1948
2178;4652
-197;2933
-1986;-4147;4011;3310;3599
3835;300;1293;3455
-2993;-2374;3212;-2749;-286;-623
4384;4826;682;-3053
3717;678;-2584;3176;1963;-4207
-3985;1043;-359;1352;-4895
2747
387;4791;4744
-3731;-568;-2281;-2108;174;639
4802
-4097;-1938;-823;3738;2523;4379
-1073;4850;3700;2948;-3893;-701
-4321;3606
2762
-3331;1442;-4484;534
753;1159;3931
-3637;470;-4727
4019;-3972;56;3690;-1035;-3486
-625;3122;1042;1427;4791;3259
3139;-902;-4871;1903
-736
3155;-3269;649;1227
-855;4135;2072;1432;-1949
-3364;2791;-4444;-1869
-1767
743
-4892;-2270;-1775
-2613;-4231;-3117
-4841
-289;-3529
-3938;3717;2824;-2155;3373
1876;-1272;-4923;-3740;3372;3934
-946;-3250;367
-4853
-4939;-2989
33;-2675;-4266
-2419;1812;3503;-1104
4853;3084
-2049;1847;-1935;-1711
-4210;2385;3629
-2829
3853
947;2908
-785
804;-757;-710;-2599;3542;2553
2834
-865;-1492;-3382;-1611;-3678
4883
112;3218;-3386;1868
1906;2710;-1559;-4811;-3136
-243;919;1754;-1355;4987;4973
4666;-3869
2846
-357;1285;-182;-4617
-2358;-1516
2307;3304;-2331;-1454
-1812;-4810;-4778;729;2842;-2190
-2852
1042;4437;-2186;442;-380;-4159
4899
1833
3324;2606
-815
120;1689;-1437;3518
2898;-3146;3115
2965;-983;3224;4907;-1309;1231
-1050;1870
800;822;4319
-1058;-3092;-1397;-3468
371;-1636;-2325;1796;-1031;-2096
4737;-3448;1304;4488;-1100;-1056
-2880
4927
-210;3394;3368;4024;-1515;-3104
-3076;-567;-2316
2889
-2978;-1861;-4058;-1628;-4126;4591
4624;4211;2532;1318;-2122;2571
-4546;-2132;-2650;-2784
-2901
2903
2164;440;2814;4654
-4955
-2899;3395;-3304;3495;3245
-2909
-1409;2418;-4997;-1994
1885
3170;-3477;-2605
-3522;2228;-152;-1418;1993
320;-4710;1222;4073;4063
2922
4946;4724;3146;-539;1916
864;3347;-3797;-693;-2663;2059
4257;1635;-2555;3403;4429;-2094
-3475;-3893;-4199;2488
-4337;1978;-3822;173
1425;-4723;-517;878
-3441;-307;4637
-891
2705;-2412;-4256
-788;2885;-1704;4632;682;-4815
-4001;2481;-2874;1453
-2446;-2543
-99;3971;659;-744;-3992;4172
1674;1547;748
2355;-2597;101;-1834;4238;-3168
1521;1074;-4725;4061
-4861;2926
-1395;-4073;-3082;-2603
-1442;-4149;1031;1672;-1595;-528
-1074;-3701;-2997;3989;4700
-1986;1068
-178;-2275;-3896;-2170;-3930;266
66;2997;119;812
1268;1703
2273;-4341;1718;1273
-2972
925
291;-4309;3428;-4581;-1541;2712
3830;-3177;3768;3308;-2573;3965
4065;-4995
-1241;4220
-4610;163;1190;-682;-1691;1626
2530;1192;3353
215;-4223
2325;-167;3469;4862;2735
492;4542
4160;2758;1192
737;3174;2199;-123;4173
4085;3003
4658;4949;-825;1977;189;4333
1970
754;-3753
-4884;860
-1977
2986;14
2786;-421;3210;-4974;3423
-4625;2647
-3003
-1336;1867;4525
1968;458;2635
-4353;-1233;4501;-3805;-4270
4045
-255;2254
-2000
-2129;-1601;-3622;-2841
3763;4470;-3881;-573;1119;-1872
500;-3530
-4932;-118;-3898;2828;-4078
-2006
-2786;-3206;1930
2832;3674;-3468
2015
2769;2242;3368;-2907;-3456
1281;-2820;-1125;1670
3042
4066
4944;-3442;2226;-2408;4798
2369;2658;2404;-2315;-3677;2636
-3393;-2531;-363;-4959
2562;3988;-3766;-1208;4327;-3872
-1009
-3140;2278;1322;2778;2893
1409;-2022;4698
613;4871;1639;2522;-1502;46
-3395;3446;-4184;-2331;-2750
