1507;3196;-3679
-1473;1664;-820;-1877;1478
1264;4356;4183;-4395;-524;239
-4393;-2780
-4321;2292;-4058;-3216;-48;-896
1617;-1699;-4021
4100;3078
-2425;2824;4329;-620
3084
-1156;-4484;4507;1119
2630;-2680;-4956;-2303;3199
-2064
2339;-4502;-759;-1882;-3452;-2000
1783;4120;-3837
-1234;4601;1341;2479
-2389;1270;2662;-4173;-463
1745;-699
-4083;-4760;-2447
2697;-1645
-3699;-3498
-1056
2520;-4091;-1533
289;1378;870;-3594
4896;4016;-2339;-1511;3085;4174
3923;4342;-39
-4242;2596;-1750;775;-1514
-1069
-2094
-4195;930;-4980
4049;1473;4198;3000;-3451
4579;-4293;650;1165
-2109
-1088
242;4903;823;-783
3969;-659;-2457;-2283;-2733
-278;-4495;-416
-1862;2874;-944
452;-3593
-2837;3816;-1276;366
-1095
2193;4710;-155;3963;-3469
754;-4550;-4646;3750;-4599
-4466;1319
2640;4833;-3528;-3673;2877
4658;-1417;-1289;2223
-2738;1890;2978;4171;-4287;-4143
1843;3358
3072;725;-3880
3687;-4795
3954;-2507;-2557
-1714;1058;1766
3159
-3955;4229;-4462
659;2169;4317;-1295;-1663
-4884;1590;2938;1471
4775;345;3164
-498;-2611;-2104
1264;1902
-2144
-4;2278;-3403
-3569;2439
353;3849
3921;4381
-225;1185;-2681;2393;1087;4495
4754;3331;1192;-2509;-1520;3055
3202;-2773;-2591
1793;3940;1716;3976;-4141
-2038;-1703;4198;-3737;3160
4176;3298;4330;2045;1631
-1810;-3315;2439;745;4394;-2575
2171
1909;53;-2062;-4127
848;-2358;3689
2181
1041;-3229
3971;186;-941
-3444;259;-4696;-1483
1888;-1458;326;-4728;1850;4318
3024;3803;3612;-1072
4248
-3249;3154;2069;-3574;422
-3538;-3667;-347;-1820
-3233
-1192
1877;4439
-4269
-4881;-1436
4482;-2247;-4457
4354;-3207;1802;1660;-941;4700
-3266;4474
-4287
-191
849;-2870;4024;-777
-4210;923;3083
2064;1601;2491;-2880
2224;2723;-906;-1789
3278
1856;2337;295;3096;-1887;654
-3012;-4216;-2041;-1210;4173;4046
-1238
-4097;-2498;1330;-3151
4578;1687;3689;4715;-4415;-4911
-401;-3361;100;3125;141;1645
-4593;-1860;-4391;-647
-1287;-3805;-1280
-3595;4846
3889;87;1372
-3301
-1140;2539;2927
-3122;3352
4656;3376;-59;-2621
2280
-2513;-19;3108;-810
-2101;-377;3738
-1261
3879;-3354;972;-237
-1489;2004;-3624;-2252
-2771;-214;2022;345;2906
4994;213;3225
-193;-1589;-1532
2325;2040;4008;1085
1444;1239;458;-4413
-1043;793
1414;3961
3333;4057;1227;2668;4332
2928;3650;-182;1865;-4925
-1267;3907;-4956
864;4961;-434
3253;4808;714;-1323;-2958;-4766
-2321
3346
-2324
275
-4372
528;561;-4707;-1477;3301;3094
2129;-723;1192;4847
-2692;-3179;940;556;-2048
4376
2353;4450;-2997;-3435;-653
115;-397
-3314;2867;292;-2072;-3116;-62
-3491;-4995;3850;1279
-1778;-2818;1127;-912
-657;-3479;2873;2572
-49;3718;4809
312;-1626
-3762;1189;1847;57;1577;-618
3924;-1286;3800
4192;4323;804;-844;2702;1407
2145;4034;1287
4518;-3195
-370;2602;-909
-2348
-101;3431;3673;-4443;812
2170;-604;-239
-1683;3011
1328
-36;3045;-495;863
-4545;-3590;-2918;-4615
-4002;-551;-618;3628;-4910
907;427
-1043;1156;-1398;3125;4425;-832
-3753;363
3435;-4781
1;3225;4559;-3424;-4688
-153;-175
467;-916;-4677;1132;3741;-3152
-4513;-2611;3592;2478;-3376
3776;-2415
339;3332;3834
4435
-4468;3973;-4967
-3585;532;3321;4429;573;1215
1700;-3068
-3668;-1797
-747;-3694
3860;4422;-2331;4634
3606;-280;-1130;4442;811;-959
-1059;-1039;4495
-3042;-4117;-4456
-449;1364;-775;1782;1662;2911
-4625;3078;4973
593;-3764;-4565;2408;-4253
42;-2464
-1617;-2854
-2709;-3717;-2186;202;-4254
2098;-343;822;-4554;-4544
-645;4197;-3034;2012;-685;-2223
2998;3400;1594;2316;1948;3485
1077;-4999;-4653
-384
2658;-4596;-1381;-918;-646;-3693
2445
4741;4423;2584;394;-480
4676;2891
-309;-3019;1643;-4124;189;2143
384;-2214;-4719
2720;-2485;213;811;4555;2783
-3201;4689;706;-1364;887;-3149
2598;71;3304;841;2810
-3482
-413
-4177;2638;2975
3330;3227
-2725;-4519;-1068;-509;207
3716;-1247
-4395;-124
336;3715;1683;-2165;-2391;4365
-2625;4433;-3412;1179
-4865;-4914;-115;-2521;-3372
1815;-365
-804;1332;-486;-2505;349;2541
4526
17;-4932;-3192;4568;-1498;1534
-4788;2294;750;-1760
-4882;-1646;1999
-1457
-433
1577;1818;4207
1360;-2405;3798;-1784;-4971;1514
-4539
-1467
-4311;3401;1359
-4307;4867;-111
-2693;1925;-1174;2775;2250;-4558
-2791;-4831
-2657;385;-2499;4120;-4777;878
451;519;3580
-1205;797;2911
-774;-4743;-2528;-608
-2818;391;3703;1448;1835
288;-1348;-4966;-586;-874;2922
3299;4968;-2426;-252
1009;-1048;-431
-2519
3545
4748;1870
2490;-237;-1870;1117
1892;-2181;-4518;-3339;-1183;2703
-3778;1246
-3651;-2084;1494;4729;1022
-3402;-4223;-3408;3375
-2663;-1834;1467;3419;-4976
-3272;3224;-1467
4790;4918
-2756;4404;2139;-958;735
2194;3419
-3559;4038;-4152;-3849;-4239
4948;3540;-1192;2647;4889
-2259;-2939;3871;4895
1520
-1524
-2550
-1623;599;-2558
-1537
-627;-4788;-1622;4762;-1867;4655
2960;-183;1835
-1447;4014
1777;-234
2738;2905
1808;4678;-3689;4895
2785;-2743;1078;4654;-2096;-2128
2180;-3480;4265;634
2576
4354;-282;394;1182
-389;4324;-1550;-623;-1232
-497;433;-3797;2932;1862;-3512
3299;-3974;-3591;-2028;-2429
4849;-1480;-1033;3162;-4928;-2128
534
-4083;-3813;906;1386;4570;-3599
-3076;-1508;4902;3464;-3994;1772
-465;2640;4371;-2087;3673;2651
-544
3891;-1380;-3510;3592
-2833;4550;-4312
-3428;-4390;1158;2185;-4272
-2546;-2811;-4172;2828
-689;3123;1030;-858
-2610
562
-4625;4062
-4771;-533;-1480;2042;-4672;-3440
-1077;981;-2470;4155
-4230;4799
-307;3721;-2842
455;-218;-1835
3636;-4039;-1063;-2521;-686
1170;-2965;-831
578
4464;2707;-3751;-1511;-1328
-1458;-3222;3877;-1385;-3514
1568;-3589;1240;-4235;3180;-4894
2268;3439
-3330;-1252;-1798;-3897;4569
2517;120
-2422;1431;-2591;-80
2768;1105;4436;-494;-4144
-468;2635;-1567
-865;-2614;-742;-1501
-3089;-72;-2009;-3563;-3086;1999
-2305;-3473;3569;1236;1500;4172
-1973;3173;3368;-3741;-222
-1025;-1158;-1849;-1694
-3924;2293
606
1569;3045;-423;1289;-2779;-3310
-3410;-2373;-2294;3371
4275;-1989;3499;975
-1569;-1156;4487;2600;-4108;363
196;4520
1472;-4376;-3928;2109
-66;-967;1110;4458;2236
-4727
-1877;-110;509;4157
4468;-4758;2263;4954;874
-1841;3377;-2739;-1482
2924;-4591
-2802;-1797;-4743;-3598
2703
633;-29;-1263
-4756
-3945;-1612;-3295
-3930;-1499;-3424
-4759
-145;4923;4076
1953;3099;4827
274;-4391;428;-3119
4416;-3283;3541;-1690;892;-4541
116;38;-286;1821
-851;-4885;-4423;-1436;-4303;2943
-4763
3539;2404;-3397;3909;-4090;-1691
3792;-41
-1080;-1740;2412;-3344
2497;-2375;217;-3068
-2661;-869;2875;3068;300;-2032
-1797;-3046;125;3007
-2930;-4926
-1782;-3800;3866
-3204;-3577;2201;-208
3764
1970;-2665
948;-1198;-447
-3770
-2385;1745;4339;-1896;2990
2417;2924;2525
3027;3045;-4568;219
-338;311;3416;2431
-2750
-3618;-3229
2833;-3540
-593;4563;3700;204
21;1711
3041;-282
2763
272;-1491;40;3948
-1571;4067;4630;3111;4439;4478
1316;4526
2775
4164;1094;-4232;-974;-159;-4720
-3633;-4547;3011;2133;393;-138
4993;3932
-902;-359;1981;13
1751;2055
-1910;2293;-1799;2646;-4107;3611
1758
-793;1049;3049;3931;2909;3903
-3139;-3956;-1834
3813
-4841
-4545;-3331;-4136
-2802
-1378;1681;4402;36;727;-2666
2730;2124
-610;-149
999;-4219;2459
3488;-3528;-3882;2284;2399
1976;-1211
-4004;3444;3572;1224;4969;778
-3921;4963;-1093;-2777
-772;-4966;3418;-4608
4882
1425;-2452;1689;-1883;-3664
-4946;1476;-4282;-811;604
3664;1153;4101;1352;2809
-3380;-1514
-2072;-2731;-1116
-1860;-1654;-922;-460
1986;1268;-3045;-1404;3023
-803;1667;4435;3685;-458;4571
-4910
-1137;-2963;-2504;3740
2864
1799;4201;-494;-2640
259;-3786;3069;2541;-1262
1042;-4936
4918
2976;3299;-268;4059;-3549;-575
3032;-4459;3707;-431
1991;-2988;4895
-2680;3784;-2857;924
-257;-2003;811;3451;-4880
3808;-2977
3873;4097;-920;2474;525
-4340;4196;-1577;-3210
836
848;-2513;2896;-331;-2908;-1902
-2201;-3146;-1930;-1755
4279;-4921;-4106;-3645;-2943;-1792
3680;2243;1033;-1339;4701;2814
1169;3026;120;-3469
-2403;1429;-1176;203;76
-2290;4661;2572
214;2119;1289;2348
-3235;948;-3686
3541;-414;1821
-4276;351
4248;4090;-2123;-190;-47
2773;1160
898;4260;1271;-3519
418;3516
-4152;-809
1892
-1121;-1458;967;-2330
610;-916;-1941;-798;3918
-2333;-4687
4851;-4006;-1721
-880
1088;3216;3736;2395;1710
4032;1921;-3332;-3305;3962;4779
-4738;-3321
-2691;-979;-1353;-938;4044
-4660;-1527;1338;-670;-2543
550;4443
-881;2266;-4462;-3615;671
3923;4516;4749
-3473;1546
464;1296;722;-2793;-2640
-673;-1805;-79;-3472
-3333;-1526;1142;-264
4228;570;-3888
3490;788;-1671;-4255;1806;-3120
-1226;-2955;-4926
4354;-1478;474;4733
980;-204;1164
1943
-1093;-4663;-1415;233;-126
3878;-1354;4462;78
757;1975;-1786;-3916
1504;2492
-3701;-1325
218;3786
1172;2580;-474;4762;1166;1967
128;3459;-2420;-266;-2124;2156
-3442;-340;740;-2151;-2541;-2416
-4358;3419
3683;1429;-4966;1141;3751
-65;851;1385;-203
1553;-4550
4784;-314;-447
853;-1341;1439
4481;1767;2712;-3946;-3550;4607
-204;-3821
3635;100;-3133;860;-2416
-2163;2531;3764;4631;2252;-3917
3379;-1397
-4835;-3223;1097;-2191
4432;-2867;3990;3788;-4286
1985
4801;2994;4504;2780;3005;4381
-1147;-3853;-3533;-1037;1438
-3585;-4594;3988;4616;1562
3015
4179;-4379;1133;-1742;-4255
881;4866;-2728
2999;-1722;-1818;4781;1053;2847
-1797;1367;1755;-1532;-4893;4126
2516;2085;-3592;-3609;2249;-3696
-211;1318;893
-1601;-2276;53;-1503;254
1956;-2646;-1065;-1279
-612;-375
3039
-177;-1451;4842;-3084;684;-1806
-1809;-4420;-490;1899;-1293
-4174;109
994
4496;-2474
4722;3445
1825;-4227;3403
-3526;-312;-2538;2827;-4623
3202;3815;2904;-2794;-2028
2034
-1844;-2503;-1785
835;533;-3596;1213
2039
3222;-4296;-346;-3996;303
1024;-8
-1874;3698;4181;137
4662;-568
