2784;-1049;2907;-654;-1936
-4293;-3928;-3051
4208;-1365;-3478;2830;-4127;-1152
178;-1075;-4724;-3112;1421;-896
15
2388;-1271;3351;3741
-609;-1509;-3238;-2089;-3423;4703
-4242;2069;-1352;3546
1559;-3181;-448
533;-4041;4571;-3439;1327
1208;-159
-3554;-2453;861
-2819;-3859;4147;1959;-3551
-1846;-1383;-72;-776;-1837;767
-3633;1843;-4648;-3291;11;4571
-1053
771;-2344;-1917;3518
-4962;-2293;3383;1243;-4303;3823
-42
4384;1801
4915;1877;-1947;1341
-2644;-2252;-557;-2782
2572;-2528
-4625;2529
-4147
-1076
-3766;-4480
-4195;-4054
-3762;-3482;1466;3756;1965
4586;591
2004;4021;-2651;-2925;-3581
4068;85;4136;3770;-3807
-1990;1865;4761;555
3121;-166;-1927;2855;679;-4491
-1731;-419;-1353;-2716
3042;-4216;4666;4779;4093
-1399;4150;1799;2712;-16
-2486;3013;-2655
-2519;-2687
87
1473;4150;-378;-4075;-1083
2139
754;3783;-152;3224;-347
2178;-4804;2527
4128;1042;-1572;-2649;-4123
-4337;-983;-2488;316;1342;-4192
-4933;-2390;533;3957;-4712;-3821
-2019;-4838;4409;-4827
4448;-1080;1864
-785;-1735;189;2447
2816;-4820;-3623;-119;-4621
3527;3769
2086;-4972;-4031;1663
-3971;3722;-4636;4092;-4797;-2736
-1188;2404;552;2463
3088;1729;-4564;-2667;3805;4893
140
-4240
2544;-134;-3513;2330;-3420
-114;-1763;-1188;488;-603;2011
4832;336;-2731;2794;-4062
-469;-2855;1163;-1631;2622
3232;-4721;-1330;2433;-1961;3517
1666;4598;3193;-3167
3104;-2338;979;1140;-517;-2520
3138;-4500;2550;-9
4252
1456;-792;-2664;-2045;-670;461
3231
-3998;766
-4706;-1987;-4583;2202;-304
1633;-951;-4264;936;-3662
-2273;1196;-4207
-1014;1927;-749
4548;2997;3898;-1451;108;-719
1058;1159
-131;499;3044;1751;2586;-411
172
320;1810;1670;3959;-3226;1787
-3253
4160;4596;-2215;-1001;-428;-3904
2631;-3563;2143
3621;4759
4003;-2420;3043;-4101;-1691;4427
-3905;-169;2860
-1315;3225;4729;-4398
4289
4209;-4013
1220
4738;-2280;-875;3742
2448;4180;677;-4598;1594
-4304
-339;-2275;3849
-3874;3619;1559;-3388;3981;-3135
-4029;-3085;-4367
2535;-2857;2952;-363
-1246
3648;-2552;-1017;-4911;-3583
-3301
-406;-1719;1926;3501
1257
-1284;-4007;957
2900;4199;4089;319
-1636;1196;1709
4244;-1733;-4518;2255
-3585;1844;3252;4470;1436
-324;-1597;1693;477
-2202;-2687;4639
-3089;-2551;221;-4047
1277
-1350;3958;-2862
262
-2450;1730;-1591
-273
1296
3300;-1141;-3463;4796;878
2725;2902;4360;-1116;4716
-2517;2918;-8;3978
-3349
3316;-4742;119;-3066
3266;4180
2656;1699;4057;4155
1408;3266;-3557;4313;-4124
-3861;-518
-3222;-2167;-4847;2735;-3024
802;1532
-1873;-2338;1043;-1608;809;-3488
1393;648;-1354;553;3146
1315
-3490;-1779;-2192
-2241;2138;4269;1246
-3107;-4419;3450;-3388
4392
1233;1553;4679
-4394
3793;-3394;-700
-1990;-3367;4231;-4296
1841;-1938;-4711;1031;-1277;3727
-2930;-3858;-3211;1502
4400
-1350;4717;4109
502;830
-659;4322;1364;1179;1227;2094
1336
-4612;4536;-3661;-672
-1345
417;2429;-2767;-1424
1344
4816;-2553;4062;-2928
3619;4708;-23;-1129;4415
-3029;2794;1834;1804
-2918;3240;-4875;3146;-3021
3220;-2325;-1229
912;3090;4524
1444;1879;1608;2622;2798;-3872
1970;3077;55;-671
4424;-714;-2876;4623
-1187;-1891;2739
4901;1032;2602
4160;-658;4342;-585;3324
1512;-3289;2251;2876;-1982
-212;-4423;-1469;4735
2392
-346
-2714;-619;2362;-1196;1565;254
-1373
1440;-2114;1429;1241;-2030;383
-357
1296;-939
1073;-211;-2090;-138;-4112
-1860;2218
-2645;1261
293;-2759;1494;606
-4578;4294;4518;-331;-4796;527
4737;-3344
1824;-2561;1220;-3102;2990
-1394;-3081;-4089
2407;12
-2857;-4684
-4836;-3220;-1117;1614;-4080
3440;-4273;-3402;-4926;-3504
-3363;-4186
-2757;2264;-249;-1115;2237
-177;-2358;-633;-4381
-4034;897;-1554;-4708;-503;-1744
-3731;1635;-3407
383
-3458
-3734;3342
4160;-2294;762;4859;3052;3166
3466
1593;-2490;-1547
-2884;-589
-3925;-1559;4838;-3880;25;-2045
403
689;6;230;3771;4924
3218;-1975;3544;-281;-3471;-1440
-4386;-3206;2742;4551;-1069;2798
-4857;2650;1035;412;-671
992;-2402;274;-2732;-1662
3280;-4884;-3749;3431;942;-3535
-1205;4200;-4698;-1324;-1488
-788;2634;2669
976;-772;-1382;-270
3543;-25;2026
1449
-1509;474;1994;490
-1761;2658;554
-4551;140;910
1765;2679;-120;1835;4077;-4687
1312;1761;-1359;-256
1107;-3590;2043
442
-1987;-2294;4871;878
3894;1032;-2432
-4883;-422;3834
-2437;1494;-4106;589;2078;3855
250;446;-4879;655
1969;-2082;1980;3661;-4048
1076;-4186;4767;4943
4553
4554
-4002;3886;1598
-2453;-695;3175;2153;-2640
-1073;4226;-999;-1693
-4034;4147;-4971;3307;2014
3542
-1499
-4852;2997;-1239;-2201;569;154
-1500
1500
624;4980
4580;-2694;-1082;-4378;2063
4741;-2205
-1475;-1063
-2626;-4051;1943;2842;3407
-2541
-493
-3746;-2882;-3928;251;-1455
4944;-4304;3951
3446;4220
-4321;3025;2151;903;3913;4045
1509;-1864;857
-4259;2020;2327;-2061;1470
2738;837
4023;-1433;459;-495
1531
4608;-4134;-2009
4057;-4571
1504;-3987;-3004;587;-3806
154;-670
1009;-569;1484;3711
-2695;-4380;1438
3207;-1193;9;542
851;-4596;-3973;3607;2359;202
320;2320;-1026;-4191
-4228;-4079;-1439
-2497;4051
-3953;-2181;-2155;2171;-2783;-3920
4100;-495
-2404;2938
-1537;1696;-54;3782;-1003;-301
-2596;2776;4041;4508
-882;-4963;-2518;1707;2015
3360;-3896;-1098;-3007
4581;405;-2383
-3873;4547;-2315;1371;-4972;1613
-4006;1399
1888;721;-4791;2742
1685;-4167;-127
2261;3117;-2847;3151
-3635
1059;3599
4752;2388;-4135;-2264;-3421;-4031
533;3575;1563;-3055
2240;376
-3169;1203;-3718;135;4393;4797
-2291;-4083;-756;1183;-4864
-573
-4673
532;-2535;-1646
-2631
-3219;-2611;1148
4023;4407;888;-2586
1712;1949
3728;2946;1083
-1265;-2018;-842;4715
-882;-2722;1767;4476
4032;432;2709;2408;-1820
182;4509
2648;3068
937;3758
-4966;3341
-3042;-4228;1018;-1309;-208
1105;1507;-1781;4744;4456;812
1490;-2100
4193;-4404;-3124;-349
-4581;-2319;1167
612
3761;131;-3896;-4313;-2762;-1727
3313;4705;1028;-4312;2877;-3920
-1380;1735;3337
3029;-1336;4279;4264;-3471
1217;-2852;3159;4074;-1419;4637
3073;4853;2956;-4253;1566;2670
1664;-1220;-1072
1856;-3509
-1098;-2011;698;-3340
1760;643;2085;1785;2140;2461
2683
-2465;4001;38;1144;-4986;1631
2685
-116;-4187;2638
1665
707;958
-3714
4128;-2360;-3865;2746
-664
-2712
-914;-932;-1893
3741
1409;-1139;2447
-671
-3301;-4871;-4874;1099;300;1759
4241;-1589;822;2858;-3611
4818;1026;4247;-3850;-3851;-3071
611;2983;-749;3132;3919
-1571;889
-563;-788;1063;3738;-1613;2942
-4933;-1897
4161;-4914;-2035;-2583;1611
-3666;-787;-2382
-4577;3972;-758;-1706;-1450;-268
-19;4807
451;3316
2256;-4545;4950;-940
-1409;-1010;1394;4792;1785;-3824
-4786;484;-2156;-973;-2525;3102
-4807
-3909;3370;-2125;-1120
3059;-2404;3349;-1244
2208;-4178;-163;-4727
-1743
-3908;-2404;1686;-2922;2729
4241;3649;882;-3386;2506
-389;-3047;-408;3319;-2249
-4824
4867;-4740;4358;349
1040;2769;2051
-1735;4407;-856;3021
-2793
499;3557;-3016;-1675;876;-2014
-2821;24
2798
4274;-25;-1451
3823
4633;-810
-1090;664;-2265;-1102;-1056
-1275;2027
754
2545;-1478;1737
-708;-4027;2954
-1781
1783
4003;4437;-1943;4502
-761
3833
-764
4859
3836
4862
-4866
-2132;-740;-1813;3915
1121;-4010;-4027
-1798
3024;3475;-757;-821;3465;-1468
-2450;2994;2919;4600;-426;-4813
3892;-455;1191;953;4411
2967;-139
-983;601;1514;-493;4237
-2830
-1810;-1997;-2333;4333
3457;-1647
1136;-2950;-2566;310;-4702;-4304
352;2486
-545;-3129;2697;2799
-129;-673
2369;1142;2504;2217;3468;1389
2901;-3308;-3470
-3863;152;3881;639
2978;1890;2756;-4766
-3089;-3867
4434;4889;-218;3994
-4908
89;1964;3884
-2887;-745;1850;3631
3892;2055
3650;-149;-3991;4390
-3233;2035;901;-4631
1172;2646;3452;3276;1823;2799
-2887
2595;-3716;808;-4956;2381
4826;4206
-1763;821;3467;1387
-2680;2504;2297;2815
400;-4500;1209
3121;3412;458
-561;2018;-1558;-2312;-3961;-2668
964;-3862
4097;1876
4362;4686
4594;3587;-4826;-411;2012
-129;-4831
3698;1076;1942;-27;1806;-4560
65;-4965;3497;2268
100;-3018
4966
-1985;-2403;1732;1785
-4018;-2600;2681;-4251;-4941;-3104
-1957;-1944;-2094
-387;-3767;3484;-205
-2923
821;59
4800;771;-2438;-24;3368;-2525
-2084;376;4504;4234
-4340;2244;-3318;4102;968;2255
-3960
4267;4814
-4178;-2670;-3743;-2624;3103
-2625;-2209;528;-4412;4749
4067;-2836;-245;2999;2059;-28
-1144;-4873
4997
-740;3188;-521
-1156;-1692;-1134
-1936
-4771;-820;-444
-182;-3050;1243;-975
1940
-3175;4091
-2660;3475;4675;-252;798
-929;4609;3382
-1944
-1057;-4597;-2776;-4779
-1076;3893;1180
-3277;1327
-4113;-3668;-2765;3037;-590
-3124;2884;-886;-2026;1386;-4287
1312;-1975;-316;364;-4911;-3599
-2838;540;-4621;4764;-1839;-16
2883;2154
-3125;-889
-3507;-1894;3434
4015
4695;3403;3964;-3950
-3857;1416;4698;1759
-1121;3076;-4793;3196;589
-4890;-157
2467;1734;-504;-3867;-3854
-3001
3805;4943;399
2051;966;4568;1643;2991
-3846;154;-336
951;4167;2300;-2366
-2645;3464;3214
4035
2465;2949;-4829;-1550
-2513;-1812;-2375;-1434
-1763;-2488;-4138;3322;-3296;-800
2194;-1216
626;-233;2634
800;2915;-4745;3596;-3550
870;-2878
1382;1927;-3481;-2861
3128;-3402;2283
-93;-4430;-559
-691;3000;1243;3579
-4419;-2584;3527;2537;-4573;428
2561;4562;-3060;-742;-3452;-864
2385;3796;3605;3130;4843;-1404
3043
-999
-2135;4999;681;3804;-4302
3048
2820;-4121;-538;4844;1422;2718
-529;-478
-1569;-4438;-4039;2167;-3084;-2333
-1828;-208
400;-680;-2923;1165
-3541;-4325;2646;2157
-2801;2104;-1385;539;2270;4383
1810;1892;2261;-1913;-3034
-929;-195;665;1002;474
2451;3347;-4629;-3877;501;3226
1019
3152;3939;3385;4879
1020
1271;-4859;-539;4493;2702
2045
-771;-4612;-1349;1614
-4006;1958
