2368;2179;3700;4308;1781
-2534;-1114;3647
2316;-3343
1392;-567;-535;-4361;2040;-3098
-465;-4379;-2893;1582
-4745;-4989;-2222;109;157;3487
2369;-246;-3159
-2695;-3463
3085
1069;-1054
-2854;-3310
-1089;1109
2865;-797
-1045
-2659;3811;2163;-664;1355;1135
-389;4152;-779;2734;-1600
-1489;1076;4565;3371;4139;2701
2625;1516;-2062
3683;2492
2528;-1958;-4295;4538;-2606;-288
-4865;-2439;4348;4460;-2286;3886
2273;-1044;1876
-1751;-1882;4489;-509;-382
-1505;4615
320;4838
-1650;277;230;3353;-2251
-3491;1058;-518;-2870;-3851;1439
-393;-1696
-1331;2914;-4504;170;-3900;463
-2274;-3238;3417
-2066;-39;2807;-1913;1564;2767
4146
-3298;3906;2101;-1630
4688;4487;-589;1422;-2784
631;2856;3738
592;-626;-4915;-4488;-1741;4974
3030;3000;173
-2641;-4866;4612;-1958;3718;1196
-243;1252;2125
2680;2504
4506;988;4958;3951
-138;206
-1093
4169
-1636;-472;-2456;2441
4817;-2309;-1672;1098;4203;-2989
3506;-1939;579;1004
3809;-656
3907;1294
641;-931;-4791;-2667;-3600
3024;-3955;1324;-2526
-168;-286;1566
1938;182;3095
3173
4417;1541;2377;3321;-3389;29
-2330;174
-1672;-4591
4160;-1399;1001;-3531;-351
2451;-1973;-4699
-3287;-3688;2728;4122
3633;-4611;-2788;-3529
2465;4469;-2861;572;-415
-4693;381;-4016
-3817;-4511
-1914;-2891;3404;-366;-767;2670
-3763;2602
-546;-2052;410
-4085;-3800;-4606;1597;-1054;4639
-3443;1893;3351;-250;-1692
-1333;2501
-147
3792;-2642;-3220;-1210;4633;1868
-2259;4460
2433;2289;-473
2885;2390
-3091;-1164
2087;-3096;-3801;44;-1005;4588
2290;-522;3515
-2690;4578;-359;3757
-2834;-884;-4666;2394;3483;-4829
-1314;3782;-3390;-3343
4372;2965
-1540;-535;4394;926
-3246
-1198
-4900;-2638;-3903
-2181;788;293;-3737;-3534
2755;819;-885;1654;4302;3823
2832;-1236;4980;-2298
4274;2435;-2534;1221;-4188
-3474;-3671;-8;-1224
2320;2020;-58
-3963;4460;2109;654
961;252
-4286
-1542;1815;942
-3271
2723;4681;986
2255
3494;-4554;-3245
-4171;4380
-4904;1080;1897;-523;1214
-822;1034
-919;-663;-2729
4434;-421;310;2684;4479
-1348;-669;-3326
96;2346;-2667
-2569;-4778;-2191;-495;-4528
2583;2762
4032;-3971;3239
608;2901;-3741
3302;3815;4184;2249
4337
-450;2914;-1683;4515;-1230;-3824
-1159;-1416;-1947;4765
4505;585;-1773
-84;-2213;-2027;4078
3317
4342
-4961;4835;971;4286;3167;4239
171;2127
3088;225;4326;1592;-2921;-1964
356;-4040;-107;-1534;-1072
2302
371;3981
-354;-1092;2435;2281;4155
261
-257;3260;4430
-1229;-1086
-2349;-2782;3839
4962;-2983;-3757;-4637
-1491;2645;-4109;4781;4589
-1843;-420;2067;-501;-4410;2783
3348;2982;1114
1168;-2785;2852;-2283;-1278
-4377
-3603;3811;1494;490;684;3549
2896;2032;-2068;2062;-2591
-1589;1476;-2925;-2591;-800
4229;-1272;-1648
-3815;-2535;1831;426;1759
2335
-861;3199
-277;3942;3816;4221;-144
-2531;-2293;-2616;-1192;-334;1502
4392
-1601;3587;-4044;1759
-2903;935;-2428
1323
-3373
-2545;3061;-586;-443;-4908
-803;4580;-1576;2857;4537;-77
-4886;-538
-4812;3483
-3238;-1167
-537;-796
-257;434;901;-768
4944;2372;-869;693;-1702
806;-2989;-1214
-1412;4247;3464;2219
-209;-851;3874;-439
-1061;1958;3383;1258;4011
-2930;-2470;966
-3491;-2010;1993;-2731;1548;-1791
-3841;2320;-2069;-2677;-1241
-422;-3581;1085;-190;1743
-4040;-3864;1898;3004;-1438
-3303;1496;4092;3021;1182
2240;3922;-3901;-3632
-4675;2805;-1319;1818
529;1544;73;4349
-3372;4750
-360;1741
-3361;-4311;-4171;-2556;-2941;3663
-263;-1561;-2640
4512;-2887;-3052;-1647;-3440
496;1505;4803;2783
256;2042;699;-3389;-1054;-2000
-2113;-260;760;4921;4234
4144;-1636;23;-1724;-3230
-4529;2134;-2759;4075;1454
-1313;-1094;-4503;328;2109
-2370;967
-184;-3547;4523;-1485;2412;-317
1762;-2149
-2692;4436;-1750;393
3634;-26;-3998
2641;917;4405;4715
4160;1332;-2806;4473;-4367;-352
113;-4604
4490
-2131;-2708;4168;-748
-4563;3573;-72;-2425;3884
-1073;-980;1142;2120;-2634
1938;-3499;-443;399;-4944
1504;-4006;2247;2167;-1295;-1024
2455
-3619;-3732;1129;4155;4525
2212;-4184;2329;-4864
3280;-1570;4002;-2829;1773;1902
4511
-724;3189
184;4171;4255
3768;-1294
1458;2635;2477
3500
4672;-2674;-3698;-436;-1812;1470
-4609;1187;-683;-1692;-1806
4930;-4664;-5000;-2634;-3676;-2704
-1462
1890;51;1524;-3627;572;1054
-4929;-613;2647;456;61;-2159
2489
-2163;-922;-3502
1876;3670;-2071;-3993;2553;-2479
2208;-4371;4211;-3070;-1471
2244;-3319;-4921;2716;-2286
-4196;4854;-4176
3665;-2645;-2165;-3079;703
1413;-4222;3293;989
2178;3460;2526;1503
-3481;520;2203;539;-3309
3527
-2916;-4533;-2791;1594;4811;-2767
-3531
-52;2181;-3645;-992
-3405;-127
-4162;-904;760;-1371;-4176;-2896
-1412;-2869;-4374
2306;2254
-3923;1444;2341;4074;-4268;2846
1846;669
2276;-248;872;-383
3989;-536;490;302;-559;3951
1728;1600;-2115;-3619;-4327;-3981
3064;-2591
-4404;-2216
-3549
1542;551;-3309;3742
-479
-3112;-1036;-3502
4883;1385;1388
1664;4067;4489;-762;2970;-3742
-3304;-281;1098;-4811;-2109;2766
-3841;1378;3832;-3917
-4597
3488;1899;4363;-4813;4732;-4047
4002;1155;1459;-2107;2859;-4815
-4602
2001;-356;-4180;229;-1273
-3026;4644;-2439;-4747;-3132
-498;2294;-968;-3868;3550
-512
616;3147;797;-1998
4612
-2930;-4178;-1015;2471;-4825;-1309
-3596
4001;-3798;-776;2570;575
-530;-3524;3128;638;1839
-2069;3621
3858;1749;2379;3806
3889;-3752;1417
-3203;-1207;3720;1322;-1323;158
4514;2660;3158;55;-2687
-4633
-2342;-1190;-1146;-4474;-1629;-2046
3269;-4550;455;3415
542
2483;436;266;3339;-3132;-1824
-4165;4373;-536;-2267
-2595;1580;-4912;-4480;-384
1841;1590;3848;441
900;777;2973
4652
-4828;1198
-3153;1234;358;72;-3290;125
-560
900;-3367;-4524;171;-2960
3952;-1106;2887;-1661;3117;4638
-567
-1591
2674;-982;425;-4734
-2251;-368
2229;-632
275;-262;-4775;1996;1167
-1600
-545;2162;2151;-1433;-732
-1706;2285
-4084;430
-585
2667;2620;-4703
3793;2809;3199
1847;-793;2604
929;-791;2646;-919;-3992;-1533
-590
748;-4415
-1660;-622;-2415
-3652;-4550;1334;-1928
3320;-1097;1870;1631
-4702
4099;4676;937;3930;-1773
1088;3747;-694;-1550;63
4536;-3531;-3661
-4708
1637
416;1761;4594;-1037
3828;-652;4269;-686
-1250;1011;-1613;-3373;-4512;-2144
-2946;2531;4583;-2525
-4719
-1647
-2565;-4503;-1032;-4893;1310;815
2337;513;1717;1181
-1658
-1491;-2216
2800;2956
3709
1968;-2356;-1280
1509;-3422;-2031;-2848
-4354;3586;-2021;2216;1066;4254
2486;-4025;-3211
-3300;-597;-1878
2368;17;-467;-3301;-2344
593;-3401;-1882;4030
-2147;4021;1753;57;-3023
-644;2331
-4229;4740;214;-3130;714
3558;2985;-1978;-3898
4930;-3011;-2680;-2537;-3517
-2719
4768
626;-1108;-405;-728;138;-4316
864;-4324;-2277;-2106
-4486;-1790;-3616
-4193;1698;-2998;4101;2070
4197;-2494
-1244;-4559
-1892;3141;-152;2663
692
-3090;1315;-1655;458;-236;3902
-1543;845
4035;-888;-2264;-4746;2140
-1723
-1751;2424;1050
-1842;3463;-937;4575;-4560
1871;-2576
305;-2468;1451
1909;56;3866
593;-4642;-1783
-3505;-4789;-2215;969;1835;1869
2765
-2673;-1010;1652;-4832
2258;-3540;246;-2125;716;701
-3473;-2147;4821;2543
3648;145
724
2512;-4642;-105;-347;764;2542
-4841;-1180;2158;-960
-4308;-1717;-3920
4433;65;-2739;-4538
4467;1348;38
657;-4230;-3915;-3487
3538;-1443;4019;4872;1771;4363
-3814
-881;-609;-4545;-2609;-4388
-725;1468
-4913;2928;1602;1811;-1078;1418
-3523;-4902;-572;4156
-1619;901;-3103
-929;3425;3914;-4637
915;-4486;4249;-1435
-2994;-2434;1046;-1498
-2355;-4153;3067;2235;4014
3058;-1799;4758;2970;990
-2646;503;-2681;1178;1854
-4642;-2535;-2171;-286;-1375
1639;-490;-4991
1634;1988;-45;-4974;621
-2918;1117
-778
-3656;2583;4671;2303
-1807
4867;-1334;1015;-234;-460
3855
833;-2602;2553
-2147;135;-1929;-955;4110
-4866;-2072;3080
2464;949;1207;-2811
-4497;-1267;-3562;4349;4366;-175
2432;3474
-965;-3431;2871;-1342;-3551;4607
-3736;-2120;-4604;2555;3501;1567
2132;-2315;4043
2880;2019;-2063
-822;-991
-757;1546
2839
-2019;2788;-2330;-1280
-4313;473;-2540;-3629
793
1969;4966;-2092;-2367;3438
-1219;-1653;-646;-2398
4162;732
-3944;1976;-1424;-1504
-788;-1961;925
-2455;4279
3472;1509;-794;4441;3273;-1883
-3782;-2920;4874
2417;4321;-2486;-475;-1949
-2855
1184;2502;-828
-3886
-4211;4596;4526
1633;1090;-2295;-3292
-3272;-2665
-3349;-3261;-1376
-3816;-2009;1935
597;-4504;-3468;13;2446
-4164;3413;2712;873;-3436;2446
240;-2036;372;2244
4082;3683;2276
-3459;-4536
-964;150;3692
4001;2674;4298;-1660;4508;-702
-4913;-3554;-884;-1912;2636;-4495
231;248;3178;3691;4495;3327
-4946;2677;4341;-2183;4522;1548
-4041;-1789;189;-3391
4406;-3416;-2057;221
2482;3782;-3370
182;-3032;-184;-826;-1084
3440;1040;2992;3194;3258;1261
-2914;-1144;-2456;985;-4622;-2991
357;1034;3804;3646;3279
-3922;-2259;1380;1894
3472;3185;4594;1223;-4009;2634
3939
-4966
448;778;1693
-4482;1764;-1231
4896;3458;-4229;-4838;-1193;3807
-1556;-3418
-834;-4450;-4725;3669;1271;95
-4978;-3075
-4071;-2313;3451
1984;-3459;3412;581;2168;-1754
3905;-471;1403;893;4382
-2516;-2405;854;3385;2602
4114;1907
-4433;2112;3222
-2955
4224;-2286
-1811;4179;-2357;24;-3001
2099;-3543;-4265;-4426
499;2884;-173;4877
241;3669;-2990
-531;490;-4877;925
3680;1265;4740;-4668
4086;-93
1108;844
147;2132;389;-3223;1192;-4639
1960;2664;3194;-1180;-1885;-1775
1452;-2384
4098;2980
1474;1654;-826;2730
-897;-4585;3820;-4397
3360;-1252;-1168
-1425;-4636
1121;-3672;23;-461
-3913;4059;1948;894
-401;673;-1781;-3529
-4196;-3915
-1402;2732;3517;-1374;4398;-3856
-4322;-981;-1785
1978
-1489;-4155;4571;-1933
3456;145;-4808;-1802
3799;2503;141;1453;-3856
2656;1169;-2646;1838
2290;-405;-2631;-3353;-4041
-3021
1997
-1793;-1538;4069;-4790;-4412;-1728
-2849;4295;-3449
-1399;4667;2111;-304
-3029
-982
4576;2518;-2012
-361;-1562;-460;-655
-1106;3986;4008;3321
1236;-2233
-2579;4406;-3896;-2000
866;-4733;814
-131;-2714;-208
-36;-2776;4203;-2400
-4082
1936;-1266;3686;2102;3769
4064;-2353;4457;2155;-142
-3316;3875;4518;1048;1737;-2752
769;-1095;2366
-3409;-340;3191;-4636;3951;-3872
