-133;20;3419;-1996;-2335
-641;-4612;-165;-3960;-479;3711
2016;3670;-4856;27;-2912
-1510;-1433;5000
-2060
1299;-1337;-3594;-2813;1310
-3842;-1293
2309;-3654;-2766
-3809;-4721;3328;1091
917;2988;222;-2064
2819;-869;-1126;-3913
-3058;1843;2710;2237;2430;3071
4037;-2646;411;-2845
-4164;-2566;-4559
3440;2069;-472;-3706;-2381
3686;-3656
4851;3742;1679
-3255;-2926
-2705;-4155;-4444
1811;-3703;1878;-713;3165;-1375
2500;-4423;-1258;-955
4163;-757;-293
960;-625;-2854;-2743;1501;3807
-2467;2419
4080;-3442;-265;1016;-3486
-2641;-2792;-1881;2537;-573;-2893
-1507;-1237;1194;474
2907;2269
338;3586;1876;-326;1750
-4155
-3073;2753;-596;4596;475
288;-2397
-4298;1161
-4519;3431;750;-816;63
-1236;3908;-554;4234;-4235
1699;3028;101;-1481;-987;3853
-1094
-3713;-4418;-4984;-731;-2784;-1872
-376;-1417;2891
3011;-3173;-4694;2616;-1292;3454
-563;50;1843;-2150;-1176;4121
-1333;-3865
1106
-84
2145;754;3141;-4311;-3309;463
-3957;-2134;4954;4618;-317
2141
417;4067;284;1469
-2436;-4831
-1041;-3155
-3913;-393;297;-187
836;314;3308;1790
3176
2402;2852;837;-4937;1756;1293
3180
-4206
2159
4209
-2931;-1869;588
-3667;-3204;2054;3239;1693
3184;-4947;1158;2314;1564;-4416
-289;-1346;1783;-2346;1053
-1842;-1528;2329;-2154;-1722;2746
-127
4258;990
-1289;-2715;-221
-2486;-2937;4843;-2623
2436;2217;-2474
1156
-1393;3507;3082;443;-4272;2863
2865;612;-1366;-2247
-340;3320;-4364;2475;2683;2507
-4872;3480;3579
1202;988;3069
1872;-2867;-1518;-191;4895
3217
1570;4719
-3301;-3317;2933;-4654
1073;3463;-1417;-4427;3134;-655
1649;4307;-4782
256;-1923;491
1176
1920;-4550;-73;-3054;477
-297;4552
4833;4543
2800;-3946;-411;-3485;4878
3785;-541
1362;-1832;2343;-3050;2027;349
3345;3853;-1903
-4274
2278;-4506
-2241;-2818;-1416;-2923
-1494;-2678;-107
353;2722;3112;2777;-2154;2591
-2033;3892;-364;1467;-3711;-2511
-3507;3364;-3612;1677;-4255
-1214
1313;1381;-108;-2397
-3610;4683;-3311
2114;758;-4424;1742
4053;3306
4754;-1388;-1455;-1904;-3280
-3779;-2521;4216;4026;-1932;4286
-1234;81;631;2823;-3564;2491
181;887;1256;2200;-3296
-2254
-1473;2084;3421;270
-2502;-872;2551;4840;2333
-514;1746
-569;-668
-218
-4177;4692;1449;1327
4099;2875;2461
-757;2997;-2263;-3164;-4206
2932;792;-3499
-4002;3775
-1252
228
4546;-3754;1005;-1567
1908;-1116;2511
4329
-4131;3379;2118;-540;2479
-535;103;-1546;1741
-3746;-3410;721;-3020
-240
4340
3094;2105;2202;1741;318
2474;-3744
2505;-4800
-3828;-4667;-1148;-845
2145;-3079;824;-139
4344
-3032;-4537;2233;669;4414
-1278
2882;2131;-1541;1462;1464
-4900;3715;-2552;519;2858;-2974
-4362
997;4405;549;3110;4342;4271
-866;1122;-3401;617;-1836
3394;2951;-4012;1006
-1217;-2931;1955;1828;-2470;-3577
1522;-4250;2459
-1886;4205
-272
-4052;-1428;1061;-503;-4569
-3922;-4596;-3141;-103;2269
1636;3893;3451;-1535
-3937;1170;1465
278
4384;4088
4960;-1010;-1893;-1382;-1279;-1728
-4906;4347;-750
-1281;-644;1157;-1145;-1340;-4204
-4584;-334;-495
-2225;1893;-135;855;-2729
-2354;-3191;534;281;303;4719
-1459;-890
-4403
-1334
2698;685
2367
321
-4129;3794;-1284;228;1068
-4406;2714;527;3535
-3138;483;-1529;-4332
-2417;4600;24;2665;-4254;-4015
3400
-391;-3400;-2684
1924;4551
993;4322;-1076;-2245;-795;159
997;-904;-4524
-3410
-3698;-1428;-504;3608;3417;-30
-3298;1731;2934
-3266;2726;-2424;1995;-3472
-3419
-2705;-2419;-1399;-2540;4620
3041;-2670;-2768
-1701;327
4833;637
-4435;-3228;2430;3855
-1169;-4441;3208
4736;624;-1650;-3353
-3777;3249;2148;-3129;124
-497;-4197;3308
4096;2945;-1990;-2937;4699;3788
1604;-984;4863
-3153;834;-415;2686;-4415
3439
-1393
1312;-3523;-660;-2620
372
-163;-1494;-1790
2423
-2915;1731;-2900;293;568;3598
4066;3172;-2761
2433
-2081;-898;-4576
-1780;3284;-2549;4918;-168;778
-692;-5;3132
1878;-4319
3120;-4550;326;-4364;-1069
-385;-3097;4664;237
-3763;-1252;3397;3038
-3826;2710;1850;-2125;-3103
-1777;-1693
-2722;-752
2754;4580;-3833;-1947;-780;652
-2129;3491;-1576;1531;-1696;3855
2560;3994
2964;-839;1357
-3764;-3543;-2777;-1594;-4332;2284
4160;-2722;-3510;-2440
2466
-1383;-2283;653;-1502
2976;-178;81;-822;-2808;-1721
-386;-3094;-3912;-1067;-1182
-4273;-1865;-937;-3597
2471;2330;1775
-4529
3505
-530;-4420;-3358;-2512;-880
3430;-2987;-3135;-4912
370;2341;1820
-1592;-3625;2733
-2293;2733
4054;3337;4428;2989;-1055
-1521;1232;-4435;804;2454
3168;-3676;-960
1805;2735
786;2926;-3263
-99;1314;3331
-1188;3481;1230
97;-4646
-1603;-3308;924;2508
-4881;-2180;-4758;1942;892;1358
3828;455;-4171;-877;-718
1267;3290
2116;-3272;-2825;4619;847
-417;-2866;3474;-2508;4220;-3392
997;-2488
3941;-4920;1181;-3856;2159
-473
-1172;-2041;-1967;1631
-439;3512;-969;-186;-4698;2301
-2281;-1241;-4126
-3563
-994;4358;2247
2339;-3604;-2300
-3842;-4760;938
-2529;-2593;-769;-3332;-3019;-4639
3587;3543;-2328;2091;-1277
-18;-3091;4037;4921;-2462;-3888
-4618;-4077
2283;2316
-3579
1747;931;1172;-3342
-3618;-1970;2006
3440;-1075;195
-4996;-2685
436;678;-2536;-346;4714;639
3574;11
3696;-948;-3780;2583;-507;3565
338;570;-2396;-1436;-1693
3592
-1546
4672;368;-3187;3821;-3566;1486
4519;4919;1324
1168;3833;-1405
-4100;-1434;-2106;-1082
4021;1846;1000;4926
3920;-3389
-4630
1312;1712;1024;-3514
3060;1161;3577;-2139
-4146;2513;-2727;-4109;2476;332
-290;1027;-4653;2350
2914;-342;-3735;1208;-2124;-1535
370;-2964
-1187;98;866;-436;-2343;-1641
2816;-4757;249;-4748;-2493;-3903
-4401;2305;3028;2630;1081
2993;3828;1608;-3482;-2875;4619
-1874;2403;4947;2154;508;2654
-500;-4154
-1587
4306;370;2031
129;1671;1835
-1588
-1704;-4253;-2800
3638
4834;3243;-3405
-4914;-787
128;-2274;540
-1045;2782;-4367
1776;724;-1846;-1239
3123;-4405;-2725;348
-130;-1449;-32
-4952;3020;-703
-4737;321;3176;1593;-1870;-4192
-1781;-2181;3717;-1896;3756
3811;4439;3607
-1310;3951
2595;-974
-2649
-4697
-1629
2928;3281;1788;-4320
4304;391;4106
4784;947
1638
3687
1200;2707;-4517;2294;774;1231
-4003;1252;4421;2363;-526;-4126
2224;418;691;-106;-1581
-623
4929;813
-2817;1826;2638
-2841;-1887
2099;1047;2607
-1658
1650;342;-766;-592
635
4777;-3229;-4798;1471;-1936
593;-202;-780;-2160;2719;-3888
-4003;-184;-108;-448
2696
4017;354;180;-1853
850;3899
-733;3437
3008;1218;-1037;-2366;3245;1711
-1283;4789;-3802;4491;-367;-1119
345;3389
467;-708;-426
881;3702;-4170;-4843;-1151;-2256
-3742
-4767
3444;3370
416;4224;-4291;4418
1330;4354;-998;566;1563
1697
-2583;3259
244;2613;649;-1804
-3540;2860
4803;292;-1992;651
-4645;-3350;-4615;663
-3201;4060;4943
1181;4622
-3409;-209;2770;600;-90;2046
-65;674;-2485;-119;-2824;-989
4784
2195;2244;284;-4031
21;-3926;712;-3052;3500
-2594;873
-4417;-5;-3609;-1883
2136;409;1228
3300;-4647;1751;3786;-1149;-3744
2835;1448;1912;3070;3630;4191
-4625;-4727;1479
-98;3426;563;1933
2560;182;-3335;2727;-1593;-2271
-3396;-1408
2356;-4088
3154;-2713;-1147;2939;-3502;-464
-4625;1154;-3388
1255;3561
-3393;4723;-1029;409;-4911;1422
23;2296;-1581;524;4590
-1331;3443;-3871
-4834
738
-4741;-94
-4343;-3567
4838
-993;3954;-3940;-1701;-3547;363
-2795
-4843
-748
2534;406;-1164
-1986;-3817;954
135;-2940
-4546;698;1087;4543
-4247;4150;4327;1240;3659;-3247
-2602;267;2396;2942;-2240
800;2465;-2628;3199
-765
-2902;1770;3358;-2992
-326;-3849;-2091;2859;-1456
2815
3776;-53;-743;166;4152;-383
-3697;2928;-3330;2539;-703;-2608
4688;-4931;-3563;-1691;-702;302
-1473;-1079;1756;-4382;-4816
850;4901;-2664;-4425;-464
2914;4009
901;-712;-875;-2493;3949;-1552
1270;505;-26;857;-3390
1808
-3586;-150;-1497;3419
3088;2592;4786;-551;3162
-4673;-10;-2379;2970;-797
-4680;2252;-1694;-768
-1822
3921;3940;3436;-1278
1441;-1221;584
-2738;-4564;1844;4648
1633;2050;3418;877
-36;-1912;1047;-2600;-4779;1324
2688;-1585;3465;-2412;-1343
4085;3902
2001;4065;-1150
2215;3726
1650;-70;-2038;3589;4294;-3531
4597;-1727
-4354;4225;1852;509;-3056
-4441;2889;-1789;557;-4190
-1856
1106;134;-3879;-234;4735
3910
839
1528;-3392
4037;-493;-2349;669
-4754;920;-2128
-2129;-1187;2386;-2924;-1408;-4800
-2885;3975;-730;4761;1980;-112
4176;-586;4426
-2050;4744;1721;3369;2284
2066;3236;-2028;3724
2161;-738;4809;-1502;-2639;4910
-3930
-4517;-2822;335
-1825;3991;4840
2916
-1285;122;-2941;-3214;302
871
-874
1332;-4729;1499
-1666;-3523;-4471;-2345;2857;79
-878
-2933;-1020
-2017;-2966
209;2674;2694;-697;-2985;-3806
-4569;-1290;1530;-4752
3985;-149;1317;-1239;-1999
1924
-4437;-762;201
-2421;-3484;2987;1215;3631
2953
-2851;-1300;3480;2091;4607
-2420;4351
1704;-3241;4809;2747;302;-3360
387;-2791;4649;-2555;1883;3436
-83;-3318;-1866;-4986;4045;174
4105;1932
-1505;4805;-2010;-367
-1617;2178;4475;-2064
2972
-3348;-4459;-287
1986;4723;-3990;1177;-1947
-2610;-1400;-3066
-2009;-973
1965
2992
-4626;3681
-3476;-3113;892;686;4063
-4022
-3674;-3661;-4879
-1893;4891
-3926;4878
-3518;-2063;-4495;3999
-3811;2853
-1700;486;-3767;-2122
-2135;550;-4808;-152;-4155;3595
-3748;-906;1645
3428;4861;-1183
1283;-4854;1751;-508;-3278;-4576
3783;-253;-4589;4188;1933
4224;840
-2657;-4338;2953
-2230;4693;-4458
2418;1347;4152;201;-3051
-2087;-4009
3045;1004
757;4230;3894;-3421;-382
3906;-2409;1535
4306;-4883;1029;-2463
2939;2143
-966;-4505;-4429;2767
-1795;-4979;3602;3801;4635;1869
1075;4101;-4646;-1520
4275;-4676;-3096;3785;2713;-2011
4064
-3335;-4826
817;890;1101;3309
4628;488;-697;-2396
-2028
340;1462;-3839
-2613;-1464;-3960;316;-4558
-2721;4400;-663
-3636;3190;3228;1309
-3720;440;2056;4713;1709;-1104
