-673;1652;1094;-4123
-3942;2678;1511;-2364;-1982
-4675;-452
-580;-2501
-580;-2548;-1208;4153;393;-3291
-1035
4466;-359
564;-1718;-1931
854;2875;1406
4947;-2820;836;-2695;2551;2319
-3363;-3348;3011;2602;-3933;911
-2917;4989
3120;-4997;2328;-1500
280;-255
-2243;580;-2935;4572
-3220;-4421;-2303;2750
-3667;-2243;4083;2121;122;-4540
1058
3584;2775;2407;-1562
4132
-2965;1903
-2087
-2817;3587;324;-3159;4186;2014
-4435;2115;3364;-1814;2859
-243;3861;-2553
3858;3975;-1645
-1435;4556
2625;-802;101;-235;3915;-1453
-1844;1427;1497
-2294;-1868;4221
3236;373;-538;60
3296;464;4528;-1666;-1036;3693
2256;-51;4501;3599
789;4839;3225;2479
-1862;-2989;2700;2190;-2256;1119
786;611;1083;1693
-81
-3841;-3366;-2601;541;-32
40;-124
4594;3222;571;-1133
-3507;-2726
-1025;4692;-506
2067;-164;2134;4935;1357
-2229;-2253;4573
1714;2819;678
2903;-2265;-3612;4524;590
-353;4452;-4345;-2315;4703
-4946;484;271
-2584;-281;-4638;1263
-1985;421;3709
-4072;-443;-268;588
-3826;3879;3111;4104
3489;-2340;4390;-2811;-4879
-434;-3609;-4252
2152
-2113;2007
-373;-3831
4544;3592;619;-1472
3188
-4920;-2268;1180;-1278
2337;1877
2739;-29;-2831
-1771;-399
4437;-2486;1702;-1306;-3803;-1740
3032;-2908
-127
-1420;1547
2192;722;-3907;4667;-4655;1119
-4235
4422;-3113;878
3568;3236;-1237;1013;1350;-4713
-4641;-376;1448;-2011;-1068;-3740
1526;4558;-816
-2787;-86;-352
309;3862;-3624;986;4764
897;1688;-1819;2460
-470;967;3755
2211;-4758;-3078;4168;2637
-4612;2452;3557;-2890;3692;2062
-901;-4358;-1964;-3645;1276;4301
4267
4869;3770;750
-1233;-2547;3909;-4077;4124
2044;-4272
4896;-825;904;3946;2474;-1999
-3862;4633;-591
3090;3236
-1123;3893;1610;925
4343;-1800;-1195;-3582
-2101;2678;-2504;4473;4811
-4867;2147;-4421;3414;-2542;4030
-4049;-240
4147;2036;1581;2686;-16
-661;-4397;3837
1267;630;-1064;-3082
1489;3832
-561;289;3604;-2682;-2844;-61
260;-4710;-1978;4171
628;-9;3498;-2539;3676;1100
-1352;-780;895
1237
2464;4945;194;419;-4935;2250
-218
4209;-919
-4645;40;-2253;494
209;-2551;-1656;-2076;732
-3096;-760;-2511
3015;456;-3260;283;-718
4416;-1619;-4280;-1612;-4013;4830
3014;4236;-1901
3305
-238
-1121;-770;4275;4424;3352;1343
-3713;-3922;4341;-1580;-1244;-268
-1266
-1234;-1558;-1544;601;-3230;-1471
-1351;-920;-2425;-2079;-4735
2088;4539;-1261
3795;2582;-1496;3289;-2558;782
-3619;1319
-4493;1981;3517;270
-3325
4706;4579;-661;4901;-4826;-2301
-947;1044;870;3674;2781
-2566;2134;174
2484;-185;-3583
1252;37;-200;-429;-317;-2654
-346;-716;-4509;4876;957
-2313
2832;-2568
4360
1074;-1268;-3381;3143;-860
2134;-4889;-1084;-2575
-178;2165;2987;4511
385;-3554;-3544;4937;-4639
-4931;2856;-2684;-4732
208;4377;4043;-1679;3566
4381
-4210;-3062;-2230
-288
405;-2759;4711;4074
-2786;3074
-2451;-1287;1382;4278;571;-1180
3988;-75;-2427;1178;1804;2990
-3572;-816
3845;-2093;2636
1136;-4666;-1886
-3370
-4625;-3491;-1141;-69;829
4402
-1890;-4868;-1205;1509
4405
1669;3144;1755;-112
2310;-974
4498;1962
-450;-4371;-106;-512
4161;-3284;4244;-1642;-4828
4608;-2482;-2147;4866;3671
1330;-2827;-4972
3405
-2382
-1025;-402;-1811;-165;1018
720;2995;4037;1867;3006
-4545;98;-1337;-1994;4365
-1316;-3749;-46;-4448
2033;-3461;-21;3413;681;-254
1220;3222
512;-1365;-1543
-4465;-705;3858;-4356;744;3551
-4447
4447
250;-2651
2401
804;874;-1323
-3429
1680;-4569;3246
-929;1683;-4185
4000;3616;184;-2320
-2409
360
-368
-4468;-4095
3447
-1060;3226;-4592
1074;-696
-4930;-4114;-1459;-712;4329;3433
-4001;2388;3837;4301
-2545;-2243;1299;-2712;-329
4903;154;-3643
512;-2952
-2517;1239;-4062;-4271
-2021;-2648;-2896
-787;3960;1851;494
-1541;4148;-4918;-4232
-4135;-4601;2411;-1645;1421
3105;-484;-4054
4723;2854
-497;-4012
1693;-1280
2259;755;2520
-4785;-1170;-1364;-168;4103;3802
-595;2310;-1296
-2469
-2241;-1180;-1036;-3390;-1790
389;-3704;4093;-2879;1679
1298;-810;-4862;1902
2177;-333;-3294
-1937;-1659;1178;3870
1048;-2665;-3933
4934;1304;-688
3502
1299;-1736
-2210;-3347
2594;-3032
-2487
-3122;1658
-1467
3893;-2630;1228
-3445;1415;-4560
-2081;-852;-1610
-449
4391;-4842
-3523
3923;-1974;2709;1033;3978
2698;-2459;2075;4284
-3234;2141;638
-2435;1957;-3528;1500
4792;-1257
-309;1062;-2892;2123;-448
1040;-2529
-2421;-699;-4140;332;-4958;2205
1872;641
3824;2787
-2644;-1913;-1033
-4572
4334;3311
-606;-4879;1935
419;3203;4756;2631;2487;1319
866;2500;4571;-365;3021;-4991
-179;-3188;-1925;-822;4281;4365
-104;-3455
-1684;2022;4135;-2095;159
2833;-4347
-1448;328;-397
3681;-1781;1190;3814;-1291
1517
-2241;-3219;-1635;-728;2251;-1070
496;901;-2342;1933;-3536
4097;2967;3322;-1324;1678
-1921;1202;-2133;2678;582;-2959
-851;4427
-4581;1542;-4459;-3247
-4067;-414;-1151
4689;4887;-3945
-4610
480;4001;2115;-2490;1324;1231
-3288;-2352
1749;3285;-1351;3832;4090;-1869
-523
4548;4167
1267;-1173;-3831;3767;-4651
-843;3420
-1457;3632;4610;-231;-4811;-1213
-402;-4599;-3849;3198
705;1697;723;-4553;2905;-4060
-1443;-3605;2462
-3717;3846;-2716
4132;-3528;958
2947;2713
627;3542;1366;3480;-4378
-3505;-1941;2932;-3173;3558;-462
2581;4376;-2318
4498;2132;-3897;-3609;2444
3304;2364
3777;-3315;4354;854;2135;1962
-2952;1375
-18;3725;2991
-4663;2059
-2246;-1383
-3944;4058;-3744
-867;1285;3718;-3865;-3901
3629
-4655
559
1928;-2988;-4732;3788;-2077;-575
-4839;-4937
2000;-3270;3381;-3886;2335
-3334;-2350
-514;1393;-1860;-1958;4526
4964;4906;2122;1887
-1989;1191;-3866
3642
2976;2871;4202;634;-4992
-1474;-1219;3138;-2084;-2149;-3952
-2931;-4455;1036;-2590;4269
1599
1248;-3177;4060;3805;-238
-4677
-4467;-2652;1372;3853;-4831
4640;276;200;-521;-938
4877;-1214
2321;-1395;2739
-3025;931;-1178;-4012;3615
-2907;-4860
-2322;-3763;3557;4584;-4704
4007;-4249;3693;4333;-2064
-1604;2376;-1146;-4106;-1355;-3982
-605
-1528;923
-4702
1345;2594;404;-742;-2935;-2297
-4703
4304;2964;4603
-78;4782
80;-4773;3381;4454;3401;-2862
2659
-453;-1893;-710;262;-893
-4579;4290;4450;-2539;-1467;461
3523;500;1462;1017;-1790
2497;3592;-90;-346;-4011
-1794;-2259;-4309;-1624;4473;-2286
3707
-2627;-1828;3431;-3833;-905
-3716
-1651;-630;1255;4264;2526
-648
3712;1923;3764;1944;3645
-1154;-4620
3478;-3626;-3052;-528
3666;3844;-1562;-4266
388;-4502;3453
187;3548
-664
-1777;1800;-4783
1568;51;-222;-3088
3739
-3582;2909
3153;-2276;-1996;268;-3918
2501;3174;-4686;-1663
1097;-3819
-4498;3895;-1099
1271;4527
2449;643;-2663;-1898;-4333
-3522;1331;-745;2762;4954
1711
4472;4842;-432
-4970;-2892
1241;4762;-4286
-2849;-1699;566;2600;1514;-4924
-4151;1022;-3712
3715;22;-1913;3083;3982
1591;92;-158;-3118;894
4560;-2935;-1449;3594
2995;-3716;229;267;4173;2895
-1058;-4765
3074;898;2665;-4731;845
-1728
-1729
-1542;4134;2391;-3305;-1675;3773
2265;4588
720;4832;4965;-2215;1623
4530;-1772
-1893;-2985;-2235;-2815
736;-1717;-535;-3293
2053;-4587;4270
-3617;-2050;-3733;3245;-4800
-2225;-3938;1826;-4570
-3011;2132;1476;-1433;3598
2817;-4682;3017;3962;4108;4813
-1622;4408;-794;1229;1598
-1896;-2925
4896;-4322;3797;-1430;-3880;-1835
-501;4740;-3512
-2309;-3559;2584;4761;-4830;-1471
-435;-4566;2406;-2199;-3104
-3937;1394;-120;4647;2842
-3155;-4579;3769;2207
1;3585;3812;-3674;-619;4797
2626;4279;3047
-1249;-1865;825;-4095;4622
4657;3618;4435;-2779;4123
225;3315;-2798
-745
-3989;-2566;-2808;425
2576;4948;-293;-2249;2858;2122
-4599;-4169;4009;1962
-904;-4426;-782;-2831
3822
3926;2742;-1818
3985;-1384;4297
-4017;144;-4276;1638;522;-3984
-3939;36;2148;-3978;251;-400
2785;-3772;4029;-4832
-498;2965;1494;1832;-4763;763
1424;3858;-2464
1108;-4231;-4632;-1647;4527
-2827
-3275;2493
-725;612;-3225;4074;-747;4895
-1219;-3176;-3001;2510
-1816
-2359;4535;2168;-2528
-3252;-4329;-2396;973;-1008
-1489;-2036;-3689;-205;3582;-3104
-52;1928;2745;-2800
372;-1461;3943
2609;2881;4434;100
4608;4395
2976;2956
-3284;1123;3065;937
1850
4349;-1472
-3202;3586;-1435;1836;46
4211;-137;-1706;-987;3820;4846
-4950;790;-1384;-1627;-1855
-2950;4808
985;-2507;556;-1726;1855
2538;-3659;1099;2462;446
-2948;-3365;-1696
-2627;4483;3606;-184;-4889;2507
-3921
3527;-1000;-2345;4924;862
2628;-710;-2775;62;3454;3311
3236;-4089
1336;-4237
2938;1179;2879
-3393;250;-3533;2268;-3614
3362;2612
-3201;2834;310;-894;2830
3793;-468;3547;1421;-2383;-959
-4273;3137;1158;3448;1805;4798
768;-209;-3138;-1237;1973;985
4688;1682;2771;-4554;4463
1186;1715;1718;-2409;1721
-4957
-862
3093;843
-1938;38;2619;2299;-3885
-3045;-678;-4872;2184;3497;2044
-1666;4588
2322;-421
4913;-741;-2438;1192
1060;2891
3685;-3894;-3272;1576
-1494;-4509
-2884;-756;-4118;379;3422
1426;4198;-2855;-1993;-1663
21;-3981
-2113;-1443;1093;-475
3329;2914;483;-3909;2170
4067;3992
-4417;3536;2898;-4503;-2510
2948
3142;4377;553
-3878;1783;-1532;-4447
-1378;-2357;778
910
-2609;1429;2090
-4965;-472;-3674
-1126;-822
-4151;102;-2879;-4239
-928
-2737;2503;3641;-1340;2957
3937;4291;2014;-4191
785;-4867;3655;-2153;332;3182
-2529;1221;-4118;1884;2269;3231
2983
-3445;3990;-3531;-1408;3951;-3568
-2581;3862;-2776;-2008;-3582
-2697;3704;-3997
2989
-3351;2632;4734
2624;-2230;-2362
-290;1699;1059;3412;-3339;-573
1927;-1803;4827;-1952
2657;-4115;-997;-4988;4091;349
-2008;29
498;1636;-2632;1453
-226;2723;-3453
3004
-2897;-757;3350;-4392;3127;2538
-667;-1328
971
-3313;4832;131;2376;-1659;2701
-4956;4012;1951;2015
-177;-2290;-2482;2773;-1279;2478
4849;-890;3243;-1534;4541;1007
164;-1754;-2220;3757;3087
1378;2002;2950;4582;315
-3145;331;-4207;-2160
64;2979;3363;1877;-509;2430
-3042
-274;2933;-1270;472;3467;-3310
1265;4210;2486;-1258;-586
4499;2548;3053;-3983
3649;-1827;-3337;2890;4955;1837
3250;-616;2392;-4732;-4367
-2869;-1244;-2703;-2383
-818;-2903;-2680;-2937;4234
-3714;3539;2008;-2842
2034;3251;-166
