112;-2083;822;346;-108;910
2864;1792;-4887;1321;-126;-958
3079
4565;4583;-4073;1705;395
-2738;531;2758;455;-3064
209;-1757;-2558
-1203;-2519;1018;-3453
3456;2768;4766;1311
4964;-359;-891;396
-685;3772
-1497;4584
2755;-379;156;3533;1119
-452;1492
4822;-4615;-4152;-3241
-4690;1605;4118;3085;-3071
-2498;4917;-4198;729
-3298;4713;-2268;1903
2052;3161;4427;-2525;-2991
-997;-2054;3701;-1705
4688;-1586
2848;-3716;-998;3945
-4979;-2518;2726;-1768;1852;2606
2257;2182;-2103;120;3594;-1920
1587;3300;-3558;-1210;1661;3375
-4132
3169;-233;-61;-2912
-2630;-3591;-3385;-3675;2203;-4319
-2087
-2929;-4611;2483;-4950;1775
1187;3747;3700;2391;-4841
3169;1857;-1605;2773
-3233;-3586;-3583;111
3287;3870;-4032
3664;-1170;3754;1535;-2608
2096;2327;-1930;4459;-3820
4069;3402;1805
-293;-2935;-2649;-3324;-3151
-98;-420;-132;4810
-2179;-2165;2629;-936;-856;3439
-3076;-2117
4404;-4329
579;2572
194;-3651;4450;1445;3627;-4959
2805;861;-2559
1906;1252
468;-4857;2254
99;4218;2588;2399
-1282;167
532;-2839;-4363;-591
-4273;1105;4721;-244;-1447;43
294;2455;327;-3177
-4161;1986;-4680;-2464
-2514;2769;700;4765;527
-2391;4151;-3916
2801;3409;-3128;-1950
-3735;3464;-2990;78
-2834;467;-3892
-1140
807;-4954;3517;-1535
-1169;-3859;2120;-282
3491;2772
4627;3512;2221
-113;4004;1045;-3864;-2810;1866
2705;-3860
-4658;4456;4429
-664;-3564
4886;3206;-4009;-3292;-1948
1911;-2046
-2993;2325;-189;991
193;4995;4470;-2823;-1165;-4511
1315;-153
-1089;83;-158
3212
-3154;-1446;3432
3280;-2050;-1055;-4416
3889;3428
-2225;1920;-870
-2201
-3731;-2980;2324;4541
-2098;918
-2732;-3568
-4082;2901
-4195;4351
1745;-2087;-3912
2148;-456;-2876
3652;-1717;-4302;2205
-2151;-4156
3464;-4652
166
1936;-4341;2237
1194
4176;-3029;-777;810;-2380
3881;-3755;-1328
4404;742;4665;-4895;1406
4118;-1431;-105;-4812
-3652;1994;-3646
-3410;724;-1594
-1826;1270;3462;-937;4890;1517
-4755;-692;2596;-3639;-4960
-3206;3018
-52;-4597;3045;-124;1918
880;4445;-14
-4292;4487
-3718;4942
-2341;-2454;3769;4299
-4231;-711;-1336;1980
2803;3911;-366
4627;-4422
-4595;4226;-2910
22;235;-464
2474;-4126;-1631
3072;-1654;3482;-2379;-3758
217
-3319;-2878;4943
3237;-4493;2510
-3430;2357;1190;1111;1053
1731;-829;956;-4143;-1023
865;131;1669;935;4827
1261
-470;-4186;-1964;3309
3252;-2183;1065;444;-2127;814
2403;4387;281;-556;3934;-4064
-1860;2330;4891
2370;2484;4084;1545
3024;1704;-2218;4202;4652;-4974
4521;-1562;-1627;-1579
2753;-4406;1404
4545;4549;-4489;4508;-3744
-2299
-3970;1041;170;-4716;-3022
-3330
-2947;-1127;-1305
2243;1367;3820
-4753;656;-1059;259;-1098;-3488
-65;289;-1858;-1731;-4515;1467
-4277;-4540;-4765
-4647;1687;3231
2003;3173;3497;110;-1711;-2704
-3346
4133;4533;2181;408;1309
3104;-4410;-1755;-4203;2443;4542
-2807;2907;-349;2575
-2098;-1027;2163;-2793;2525;-2126
-285
2592;-1842;-3114;877;-3920
-1436;1195;-46
-4149;1341;4990;238;4014
-4051;937;2810
4616;2922;-4159
4019;-1828;-2742;4843;-2958
-507;-2877
3505;4290;201;3581
-3474;4369;1995;2543
4936;1193;3405
-3735;-681
-419;149;-807;-347;2767
-321
-65;-1282
-4769;350
2581;-2905
-324
1348
2274;-2117;-2694;-2598;710
-1525;-2870;-1336;4378
3402
-3588;1209
3097;2365
1366
-533;-4345;-1817;217;-878;-3231
3072;3216;-3668;-3081;3884
3024;3157;-1752;857;522;-2383
436;3048;-3098;-380;1375
-697;3102
726;-1085
-4516;-1574;-842;1642;-191
-2409
4021;3480;-4969;-2893
-4710;4521;-173
4982;2505;3115
-4818;3078;1374
-1593;-1226;-620
-2420
3445
-1634;2055;-1677;-4831;590
2424
-2978;4379
3344;3796;-1317;461;3311
1618;717;1119
1412
4486
3463
-2442
-1346;2962;-2010
2728;2793
-3506;3858;4387;1980;-4269
-2113;1027;-2390
3878;887;2519;344;-3177;-4046
-145;2995;-2444
-4947;-1701;1380;-264
2529;4387;-4456
-3604;2356;-3528;730;558
-2517;2596;-2983;-3656
-1441
4242;-3797;-4024;3758;2286
3744;-3426;4196
-2548;725;-374;-3344
-2483;-4771;1209;-3514;1967
1172;-1446;-551;-95;-4000;3471
2795;701
-2081;3715;3332;313;3835;3598
596;2532;3605;2713;-4827;-95
-1921;-67;2284;2188
4464;-161;2289;1737;4395
530;-4411;-4380;-2140;747
2085;-2169;522
4626;-2967;4923
439
2739;179;-4518;1158
4257;-4163;4443
930;3539;-3654;2805;-3446;-2665
4016;657;4386;-1528;-1819;4971
4930;1241;-4699
-2577;4721;4005;3830;-1338
-4673;-2117;-4332;2637;-1182
-3300;-1973;-3244;909;-1342;-1743
3524
-691;2756;374;-3548;1500;1085
4552
457
-764;-4815
-739;2759;-4361;2799
-369;4868;1099;446;-1488
-4513;3874;4307;-4650;-1531
1317;2965;-1767
-1657;-218;3195;-1789
-1937;455;-3784;-2987;-3484
720;1408;12;-2126;413;46
-3555
-2306;797
4485;2591;-2496
-1779;904;-1900;-4879
-978;4401;-1127;-2506;2267;-4592
-4673;2642;-714;-4442;556
4980;4868;-1672;510
2532;1573;901;-3544;4759;-4701
-4770;2342;3254;4791
4880;1457;777;3626
-2552
563;-2676;-2490
-1361;-1846;2652;76;-2174;-4000
-867;-359;2600;-4206;-2799
2162;-2596;-453;3207;-651;890
4608
-337;-3876;-1414;-3639;-1870;3455
1456;-803;-3637;-2655
-3027;-3909;4135;1533;141;1646
965;-444
-3380;-1240
4740;3802;2221
3507;-2981;-3626;3162;462
-3026;4577
640;3158;-4889;4555;-3693;-2352
1556
2672;-3746;1670;4105;1290;687
-4243;-165;3366;811;1790
-537
2892;4812
-872;1595;3340;2622
-3570;-1021;-48
-4571;-1468;2971;3420;190
4240;-3717;-888;1932
-3032;-973;-637
-1130;-91;4843
-1075;-772;2120;-2282;-1615
3611;4109
-4228;601
3670;-41
-2606
4655
3508;4503;-346;2111
770;-1220;2039
261;1527;3483;-4703
3302;-2551;1448;-1914;4110;-3823
-1025;2676;-4713;2489
531;-3320;-1882;-1024
4935;2814;-3664;-1456
-1608
-4946;-2675;4916;-952
274;-862
-2402;1699;-2950;-839;-797;4701
1634;-567;-4728
4354;3251;2203
4243;-823;-2634;2879
3073;3700;828;-735;-4576;-1696
2642
768;2259;-2341;420;4620
1696;-1635;2025;3642
-2999;-2425;2766
-1941;3734;-160
4550;-3038;-2127
-2663
3475;916;-704
2002;-3043;-4695
-1921;1585;4806;4887;4220;2399
534;-3677;1502
2700;3726;-688
4714
4545;-1234;1240;-764;1951
-1089;-2659;-1992
-3154;2500;1834;-2844;-462;-2590
-4915;3188;3373
3585;-1283;181;3832;-795;222
-625
-3222;3847
-2006;3189;-1738;-3307;3435;3101
-2690;-2322;301;3597;1742
2372;2292;2109
-890;4281;780;4254;4494
4806;-77
2912;-418;-2276;-2489;-1438
2114;-356;-3172;776
-1666
-3109;-2022;-632;4090;3338
3520;-1026;-948;2548;2197;4591
-3478;-1467;4299
818;4307;-1637;-4840;1997
-3721
840;-1212;-284
-3000;-4829
-2945;-2146;4620;1310;-176
-1809;2209;200;-4841;4906
498;4267
81;-4341;-4606
2565;-1613;3820;4540;-1470
-2966;-3816;2809;-4462;-3504
-2470;3144
-1701
-1913;2922;2954;814
2242;-3543;619
-483;4068;4088;-2894
-1709
2817;1222;-1306
112;-3251;-3796;-709;1435;4492
785;-3668;4938;-2748
4424;-1913;171;59
3671;1240;-3067;-188;3134
-3132;-4445;-3678;3390
4121;-1933;557
3771
1156;4344;-4905;-4368
-274;3028;-2054
3393;-2132;3445;2567;170;428
4326;-425;-4682;1487
1876;4028;-77
4759;-3021
-865;518;-4845;4556;-1104
2050;2130;2405;-2794
1232;2392;1562;4751
2326;-4361;-2784
1152;340;1279
-4497;1720;-1020
2592;-734;-110
3282;-1684;-3850;-4624
1752;-2458;3486
-2517;-3798;3115;4956
-705;-4470;-1944;-1807
3969;2909
-2138;2874
-690;1172;-1899;-4667;-2846
1592;2220
-741
-3393;-794;-4155;-4141;1501
742
-2500;-2340
4961;-1146
-3396;3866;621;-3887
-2114;3887
-4569;921;-2224
4980;3967
1568;4025;283
3760;-2001;2631;1486
-3971;-2518;-3900;4510
-1046;42;-3852
3522;1107;1779;-2679;3179
-577;3763;2700
-1649;4502;-1609;4472;-3916
4624;-3345;1729;569;-941;3262
1364;-3896;3311
1805
3156;1723
-161;789;2537;-4973
962;1096;-4891
-1413;-2333;2958
-3074;1254;-1931;-1500;-4992;239
-194;-1412;2375;440;3213;-1583
-1905;-2707;2443;2683;1308
4898;-4100
2848
-1940;2391;-4430;2814;1967
4113;3860
-4913;-4769;-4131;2981;633;2223
-2934;332;-2317;13
-3649;2354;-3332;-3813;-598;4125
-1889;-4591;542
3476;-4294
2356;-1368;3994;4860;-1855
-817;3683;3733;1286;3176
-2372;3833;-3309
-2873
-1667;841
2876
-977;-876
1853
3905
-4065;-1714;4534;3462;4761
3907
-6;-3911;2358;-2473;3195
-2890
4113;2291;3684;-3862;4476;1405
49;1890;4484;-201;-2462;-1888
-4689;3082;-2316
-3361;-1591
-4997;-3447;3624;-4041;-2139;3999
-2909
-2851;-2279;3244
4800;3821;-3663
2761;-4653
-1895
-1121;-147;-2709;-1481;3561
2563;-3301;3653;-4813
4640;-3826;2289;-1835;3710
-3538;-55;3078;1399
3962
-163;4861;-2783
352;2320;-1249;338;-4702
-3250;-4616;-4299;3690;413
3888;-2897;-1478;4279;4270
1377;-3156;2212;4654;-4192
1250;-106;-2220;172
-2292;-1686
1250;3604;518;2557;4255
3255;-4176
-1383;-3562;2062;4830
-4964;1827;-2779;-559;1455
924
1891;-2980;-4667;4828
1232;-601;-3899;-4829
3146;538;4765;-3103;-3392
-4709;1246;3999;-4544
938
676;264
115;1813;3013;4191
1332;3513;-1195;2253;-1887
-1523;2756;3044;4861
-1057;-3990
-4586;-4539;-4620;3725;2989;959
4112;-1907;2291;3620;-3782;3786
1505;-552
-4115;4834;2244;-2534;-3433
-4114;-1383;4540
-3699;1862;2940;4973
-561;-590;190
2817;395;-3629;-2592
1011;2629;4328;-1888
2864;4497;-4725;-4623
4567;3564
3012
-3090;3314;-3427;2219;-2029
-563;-1925;-3599
145;-3940;2966;4073;1820
3017
-2679;-1419;-252;-1741
929;4865;2993;1923;-1301;-4342
-307;-4762
-4631;1608
-4406;1096;-3099;-3997;-1918;3151
3029
4055
983
3142;-664;1578
3076;-4407;-4554;-3725;-591
4293;2969;2939
-3826;-4329
3601;-2278;687
-257;-2131;-535;1725;-3887
1511;1240;158;-895
2915;3177;-107;2300;-4221
-3255;4838;1466
-1218;3243
-1003
130;-72;-2633;3178;-3660
-769;-3959;426;718;527
4214;2637;-4816
-1410;-4963;-4939;956;4223
4693;-3881;4712;-1439
3061
2550;-2871;982;1719;317;4463
3332;374;-3303;-3468
-4177;-3923;-1992;56;3290;-2464
-4691;-2474
-4843;4365;-4640
