-519;2567
3043;1731;4087;4665;1838
-1030
-2193;4502;-255
4435;1432;-2297;-490
2069;1014
3096;4329;1113;-1163;3211;-3407
-13
4523;-2462
-3700;149;1398;-2408;-2624
4326;4909
1154;1571;-4184;413
-3923;4474;-3372;2797
1696;4472
714;1358
-3125;-536;-3305;185;-3212;2797
-1681;-770;2801;-1403
-1971;1460;1317;-1926;-3007
-4165;3717;2840;-620;-4878
4437;1382;-4392;-3436;3070
4260;2840;-909
4816;4048;-4850;-4062
2102
624;4259;-422;-3126;-1146;3961
-3329;-3602;3586;-806
-4306;-1353;2137;3577
-2289;-842
1123;2537;-2475;2398;575
-4069;1193;4991
1925;-4182;-3303;-653
-4563;3539;-4103;-3134
4173
2179;-2282;-4075
-4772;-4791;1687;4072;2698
600;3580
-1364;4197;1575;2939;-3628;-2606
1300;-4464
2141
97;-194
-530;-4634;3018
2850;1975;2108;4428
-1814;4984
-2740;-2480
1697;3732;38;-248
-1137;529;-323;-1720;3775
-2518;4105;3945;-316;-3068
-2068;648;-1178;2073;-3916;-2828
-2373;-1754;-1162;-4380;-1696
227;2932;4676;-503;-1372;2332
101
-726;-4471;2439;394;-1838
-1134
-4208
1877;2357;-3783;-2842;-795
-1539;-3736;1964;1997;1199
-833;1971
117;377;4762;1005
273;-2659;2514;1974;-959
-2129;4993;4710;-2554;3420;-2176
-577;452
-1153
-3927;-3371
-309;-4101;-2358;1596;4013
-3857;3521;-1946;-4507;2557
-2130;-2243;1018;-3053;4109;-3983
-262;-928;4399
1425;3618;-4772;-3383;937;-1037
2529;-4195;-2678;-3804;-254;-3007
2913;-1742
-4246
212;-4381;-1102
-1074;411;1838
1430;-796;542
-3350;1148
435;115;-3015;4637;31
-4068;1863
-4385;-1058;-634;-3261;2013
-1181
2806;-762;-4922;-2400
-1026;1721;2458;1101
-4506;2299
-2721;1201;597;662;-1946
-162
3088;-3250
2517;2765
2212
-4267
4676;-3482
-1697;-2923;3421
-2375;-4972
-1522;1745;3621;-4248;3655
1441;1811
2240;418;820;799
1192;2520;1098;-1292;3565;1294
-2436;2136;1418;4188
-4915;2182;-4778;3740;510
-1602;-2683
2881;-886;2938;2603;845
1137;279;-537;-3661;-1662;3230
1619;4564;4788;4246;3405
1216
-1062;486;-3274;4043
-1906;2465;-1174;-4903;557;3742
4421;893
-871;247;1801;42
3046;1246
-4296
1600;-184;-41;2794;2174
3153;-3812;1892;3446;-2432
-1589;996;-4728
-4301
-2034;3525;1478;-713
-308;20;215;-137
-4978;-1081;4043;3628;-3870
4912;534;3767;2617;668
-3285
1072;-3143;3307
1396;-1612
-4001;4593;-2740;24;-2890;4795
934;201;4859;-654
-804;1779;-4271
-1970;-290;-3971;-2140;-2093
673;-1575;-348
1169;-4516;3703;-2638;2509
-3302
-257;1444;-4491
-567;-4807;3672;3981
-209;-305;4513;-553;-4669;1455
2282
3308
312;1833;3213
-3346;1832;3081;-4878
4335
-4514;-787;-1655;4061;1629
3332;4920;-4379;-2299;2765
3164;382;1823
-4229;3654;-455;4518;2726;3256
-4883;2234;-1712
3677;-1359
3842;915;-2997;2468;-1465;-3034
-3925;-445
3312;3204;3912;-2986
977;402;3860;884;295
704;897;-2934;1948;686
-2935;-1128;2760
2625;2323;4214;2828;-447
4752;-2216;-1232
4662;-2425;1912;-1417;1645
-1233;-2978;-4821;-1530;-1483;-525
115;1029;4969;314
-3367;-4168;-1965
1234;-4592
4784;2024;-2315;-3183
-4626;-1652;-3931;-2368
-2979;1830;4510
-482;-4928
1317
2064;-3441;34;-4100;-587;-413
1698;4371;-1767;-360;-3929;-1337
-4400
-339;-3300;-4825;-32
-4906;4602
-1810;2854;-2312;-2025;2986
-8;3386
-1761;2688;-3666;4130;-3033;2973
-3889;-4451;-160
1652;4022;3290;-2511
1697;-4884;-4871;-3518
-773;4667;-3582
-3558;2073;-429;2013;-2846;-3711
-693;-1669
3386
1706;-4332;-3837
-1410;1319;2840;-3276;158;-2000
4198;3293
-2652;2319
-2130;-1526;1845;2263;2953
547;-1943;-988
4805;445;2990;4383
-3412
-244;1942;-2040
-1238;3398;-1614;-1918
3906;-2628;-2653
-3297;-3200
1043;3195;-3885
-4372;1847;2424;4729;-4270
-1265;-1073;-4166
4484;-4125
1984;-3846;1497
3437
1391
-612;-2044;-784
-275;-4286;-3999
-2801;-1442;4935;1751;2538;3579
-3987;-3107;-4121;3757;-80
4467
4720;-4054;1928;-3082;-912
354;-1742;-3087
-1046;8;-1132;-4128;1823
2242;1211
-234;379;239
4914;-3590;923;4109;2718;2575
-389
-2052;1787;1678
-3355;-1019;907
3765;-1322
-2373;3513;1308
690;-3379;2789;-3574
4482;-3053
-1601;992;2707;-1781;1596;4637
2133;-394;1741
4134;-1677
4354;-3636;4263;3211;3483
-1841;4886;72;4121;-1243;-2512
-3298;-4041;-1562;-2298;-2526
-417
882;-4854;-1566
-3779;-3524;-2360;-4505;3209;1324
-834;-3411;-2568;-1067;-2862;-1966
-421
2933;-93;4749
2470
-129;-2630;661;-3495;-3022
1216;3915;3868;-3454
870;-4079;734
-2091;4507;1997;1134
3365;4231
-4945;4137;2411;4971
1444;924;-3469;1101;-2479
2929;4935;-3544;-4942;1486;-1296
-19;2004;2935;3994;4830
2816;1170;-4453;4069;2565;-4711
-1713;-770
32;4501
1863;-3326
209;-4886;-73;4830;2414
4150;1080;-602;4010
214;-938;-4606;-814;-4543
2952;1592;-3071
1331;143
-1109;-4887;-1016;413
1553;-3940;3562;-2430;1710
-4306;-4343
-1602;3940;-3913;296;3785
-597;-3962
-1299;-3813;-3656;536;-4028;-3565
-468;1636;-3272;2791;-3816;-410
3360;-1784;-763;2733;2749;2365
4288;3139;2265;1019
946;3637;-2712;-1756;-589
-611;3387;-1278
2656;-3650;3593;4346;3770
3065;-2589
1502
849;4165;-313;-2174
3024;-2276;-710;-2472;-4191
-525;1005
1234;-3653;-4965;3637;-1544;2761
4581
576;1218;2742;-1629;655
4695;1948;4348;-1391;2158
849;-1344
3984;4738;2866;887;3384
-372;988;-1119
3641;-4763;1626
726;-2991;-3360
-507
-3582
4528;-3930;2988
-4611
-3154;-742;-1740
-530;-3987;-2739;2755;-112
-521
194;-1336;619
4544;-3493;4356;2040;-1803
-4401;961;-1364;3430;846
-3252;-2397
-1732;-1350;1529
3442;757;-4729
2579;4323;3544;-3327;-975;-1519
-2581
-4631
-3605;1621;2519
3399;265;974
-1713;-3155;4210;4791;-3674;-3052
-3729;-4290;2562;3880
-1573;-4085;-3979;4987
-3755;-4991
-1029;-4645
-2834;-3865
2464;-2836;-1240;-202;-4475;-3483
-3926;4585;730;4988;-1598;-128
2994;-1412
4321;-4101;2792;4746;-1262;1231
-2930;-3774
3088;-1923;4182;-503;-4600;319
-262;1850
55;2186;-1677
4934;-3672;3289;-2459;3869;749
-1594
-2619
4237;4526
3488;4251
-4387;1766
-2418;-3443;547;-2429
1600
3043;-1285;1447;445
-1283;2886
-2769;2745;1866;-238
424;-4078
1602;115;-1415;1304
4722;-1717;-2197;-4087;-2041;-2432
3222;1975;-3417;-4748;4011;-2654
-529;-2962;-2322;-919
1168;617;1930;251;1742
3040;-2441
1842;807
-4141;-1582
-1140;-3381;-981;-969;3436;2428
-4689;2030
1639
1540;-4108;-508;350;4543;-1200
-1299;-3556;-183;-701
619
-2469;-3957;4505;-4843
-2714;2089
-4578;-2437;-1642;-160
-2534;878
1635;3657;463
4371;-4086;1192;650;-3388;1901
-2082;2805;869;-2923;-335
-2257;-2438;-918;486;4169;3647
2560;-1917
-3847;-2871;2023;-1965;3966
1906;-4600
3009;-3378;4290;1257;2639
-2965;-2088;-380;-4800;367
4883;1801;1627;-1518
2550;-3880;2782;223
-1730;-1091;-906
-4918;4054;-1719;-1146
1731;646;3400
3729
3250;3080;-4459;1067;-4624
4050;-4907;-2878
4758
2102;3691
464;161;-4006;683;-2893;3886
3;2726
-3281;1044;-3750;-3110;4317
1520;-2533;-2373;810;3885;3471
1138;-3476;4422;650
1488;-4470;-3014;4730;-1469
-4545;-2854;-4954;-2670
-2583;2424;2201;-3756
-724;-4063
-2097;-1474;1745;-3846;3752;-2873
2772;3383;-4763;3147;1325;-47
-3367;620
1726
-3810;915;-1653;-217;3037
4934;3962
4804
-547;1474;-2392;-606;2462;318
3776;-2358;776;-3724;-2912;2703
-1741
434;3356
2064;-4531;90;-4716;-4957;-3008
3312;-3781;-2103;-3592;-2283;2605
2770
-1316;-4327;-4872;-1849;362;14
2773
3799
-1574;3326
2778
-4929;-421;2201;2299;2607
-4831
2337;-4389;-2070;2101;-3453;637
-1890;2362;1295
-4843
-4846
-2799
-4850
4787;-3318;4263;3213
-1329;-1511;-509;-478
3475;-2720
4408;4729;-2027;1838
-4854
-759
-4498;2091;3167
-394;-3819;379
4859
2196;-3093;-3846;-536;3020;3023
1921;-2627;-2507;1422
-2818
2946;-755;-1187;-3782;3126;-1120
3600;-1108;-261;-1066;1498;3228
1795
-3859;-1124;4549;-4214;-4810;492
-2823
4872
2314;-1980;-3820;-1390
2279;-474
-2594;-3447;471;-1087;-3344
-849;368;-2740;2741;-1689;-2713
-3459;2116;758;-600;3832;1210
787
252;-2064
-35;-2489;4505;4958
-305;595;4038;-119;1421;4382
-3298;3267;-3301;4458;507;-4480
-3041;-4495;-1807;1375
2995;-2630;-1896;2334
4369;4259;3764;-3157;-1261
3878
-3027;4858
3584;-4162;2385;1061;1142;-2175
1836
1904;-404;3460;-4406;-3004;4286
2354;-1539
3890;2724;4044;-4528;4927
-819
3906;-1317;2903;-4440;3864
-609;1431
-2658;2787;-1012;-4617;-443
-2986;-3984
825
4179;2790
-4899;146;2757;-1468;589
2876
-3587;616;3324;1501
2241;-1299;923
2693;-1687;-2327;479
-1945;4685;-2975;-1632
-4147;-4889
-4246;-1018;-702
-438;-4508
-3924
3504;4515
4502;2494
-4535;2968;-3978;-4524
3223;-1343
2320;3408;-261;-872;3432
3345;1748;-374;-2136;1050;-719
2832;4901;-1751;-2920;-280;137
-1733;1031;-4268
4791;-4667;3326;-2576
-898;-2841;4317;-4527
-3699;197;-361;-90
4147;-4484;2935;2171;-2863
2400;1414;-1228;2092;302
4097;2932
-3332;-4677;4248;2873
3316;68;2757;-4486;-4634;4893
-482;2289;3879;334
1584;-798;-3743
626;4378
1168;-4305;1057;2198;4887
1224;1594;2188
852;-121;2186;1277;4909
1935
-391;-523
1796;-3963;-2748;-2143
-580;3572;-470;2487
-1764;-262;-2985
1940
2497;-4386;-4149
1284;2949;1805
-2969
-4004
-4946;4201;-1306;4474;-3358
-3846;4630;985;3306;-1069
-1860;2836;281;2751
-2328;-601;-4155
-4514;3574
-3906;4846
2097;1473;-20;3539
385;-2358
-1236;285
-867;2841
3378;-3030;4998;-4395
-2885;4854;-1384;-779;-971;-3885
39;3337;4906;-4206;1998
-3923;1572;2280;2617;3403;-2941
4007;27
4035
3016
-724;1140;1285;534;-1815;557
-3633;-2469
4881;3426;-3974;746
1680;4177;-9;-124;911;3567
-3220;-2280;-1275;1692
2312;-730;-591
-2226;1785;3483
17;67;4150;3929
-684;-1341
-4791;-1337
-1009
1703;2687;3791
4849;4553;4922;2394;3757
4094
