-3910;-1848;1144;-3583
-794;-716;747;-878;3694
-2117;3145;-2060
1684;3975;3065;-3578;4763;-685
3468;-2797;493;4990
838;-314;-2298;-4780;3470
-3653;-1449;-3742;2446;-4880
4114
-3827;482;-4563;-2667;3388
-3096
4945;245;3253;-746;-1530
4885;2949;311;-2395;-1631
1301;-4284;4716;-4829
-3859;2515;1476;-159
4912;1488;-3041;-4067;-2381;-2061
-1513;4376;-2192;-640
1508;-1541
4929;226
3264;-2697;3565
-2086
-3112
2089
-2626;-4758;-4519;-1835;1407
-2730;1773;-110
4140
1744;-546;-4548;148;-1497;1582
-1475;4581;1721;-4783
-3500;3644;1950
3849;-2858;-4858;3918
-658;1399;-3868
805;4360;-3593;-3994;3500
-2230;182;-2104
3249;-1252;-1686;-2011;459;-863
-1754;-351
2106
-3873;212;-918;-603
2114;2194;-1785;-733;-4928
-4401;-722;-3125;37;4232;841
-820;-1111;-888;973;-2319
3840;4400;-1346;-532;376;-4621
-4170
1875;-2453;-4604;-190;2223
-2002;1030;2390;-2362;-508;348
-1007;4159
-4930;-536;-4762;1260;3870;-112
-3811;3878;809;1262
-117;1573;854;855
178;-773;-1174;-3272;-2877;1679
1184;4645;409
-4467;-3080;3355
-4006;3910
-4136;-58
1697;1316;3657;-2476
49;-1875;-2741;1317;3145
-1131;-1022
1442;-4389;-552;-511;-192
-1652;2039;413;4431
-4739;2248;331
3152;2016;-4931;-469;3399;-1008
1546;1692;4445;2317;-4559;-2256
-3153;3649;2615;3150
-116;-2648;-4522
4529;-2276;3077;4663;-1599;4014
-2804;-580;4099;3143;-665
-2154;-16
2169
1468;4990;3903
801;4712;-1295
1523;-3460;-949;2757
2224;2946;-1315;-4365;3805;-3167
-2081;-1651;-4516;-3179;-543;1599
1171;-4042;-2109;-1296
2208;2241;1830
-209;4547;3961;1053
208;-2001;1301;-3744
-341;-4377;-4875;2413;-2063;911
778;4907;2109;3549;510;-1472
3215
2004;2024;-2861
-4786;819;-635;4445;1325
2272;250;4827;990
2483;2917;-1990;-4220;-140;-3294
2034;-3207
3223
-4115;2850;1108
-1182
-145;1489;663;1433;-3420;4237
1156;2534;2616
4241;900;2855;-2440;-1050;4877
-4833;2903;2444;2734
4272
-3412;-2425;1033;4618
1186;-2118;-1001;4700;1244;-1775
1542;3526;-985;202
3638;-2328;2344;3101;1629
2279;3034
3328;-145;4180
-3671;-2734;4159
4608;-2915;3224;-3693
1664;-3093;-4310;-776;-2904
-3025;-4579;1110;903;2296;-1005
4755;1752;9;4954
-4305
2289;3745;-1109;-1301;3930;-3248
-121;2382
-1473;2710
4146;-2313;1421;-991
3179;4540;-1405;45
52;-249;-4361;-141;-1663
1242
-4404;-3702;3465;-698
2640;440;-1163;-3166
213;4109
-1911;-4619;3998;254
-4035;4344;-1882;-683;4539
147;1268;471;1422
1461;1848
2158;-4447
-3321
754;3714;786;3845;3438
4408;-63
249
4213;1158
432;-4782
-4884;4298;2763;2173
-1254;-1052
496;-1381;2168
2944;-4280;-2684;3757
-2785;-4132;1236;-1656;-1228;2158
-2508;-3903
-3617;2321
1063;-2648;-857;-2620;-335
-1589;-3830;-1003
4386;-2004;-2102
-4394;-2032
4380
1618;4259;1801;2156;-1357
4242;2547;-4985;-2091
-4383
115;3636;228;-455;2299;-3488
-4083;773;-4583;-1975;2412
-4145;-1651;-2291;-394
1187;4099;1751;-2586;4219;-4286
500;-2839
4192;-1299;-3184
-3057;4163;-2024;2377;-619;2523
-3571;-4889;-3097
-3365
-2130;1265;-677;-4007;135
-4982;4887;2792;2716
-2721;992;-2082;-3831;-3919
758;-2189;2751
3539;-4086;249
320;2913;4883;-1668
307;-4870;-2968;-4634;-4541
200;-3595
-3396
3396
3397
628;3236;3029;55;-638;-1888
4866;580
-3601;2354;1802;4811;-1551;1631
1974;698;2187;2045;1967;671
1912;3535
-333
-4963;-373;1621;1190;982;186
929;-2287
-3169;4526
22;3081;-44;4909;3630
-2225;4244;-4536;1321;4602
-1797;-3658
-4787;1638;1240;-4986;1439
564;-3929;-3115
2386
2049;-388;-1413;90
339
3313;3605;-2423;3240;3147;-300
2712;-4080
1369
-2397
130;3780;-3351;-2959
-2374;3286;-3276;4765
-4451
2705;-4309;2631;809;-2191
1066;-123;-4972;-1117;-4430
4080;-1442;-1163;-4782;-4223
3490;2631;4487
3617;2513;-4389;-2359;4363;-1328
2418
-673;-3316;340;2807;-554
2980;-4389;1867;-2302;-2624
-1125;-2197;1800;-1514;2442;220
2566;-968;1847
312;-683;747
-3555;-3139;4541;2765;-2111;-2976
496;-4036;964;164;-16
-2325;-4359;-1880;-938;-4191
3453
-979;-4356;1267;-2584;-1257;-3743
1411
-1281;4027;253;-559
-4490
3842;-3623;-3069;-4141;-878;-718
-4866;3122;-3773
-4493
-4495
-3235;-1364;971;156
-1956;-2294;776
2033;1190;2567;2905;2092;-2190
2456
-323;-87
148;1398;1976;1290;1742
4995;-4585
1601;2529;-4707;-2826;-3774;1645
-2050;-211;2435;-3659
-546;-4408;4540
3258;-2844
-478;63
4048;-2499;3875;2903;-1273;-1518
2722;-164;-3303;327
-2645;-3919
-770;2103;-2844;2955
-2834;-3719;-2873;4908
1425;-4968;-2249;-971;-3902
2595;69;-2182;-998;3175;840
-4504;2745;3211
-150;-25;-1294;3294;3007;1743
4603;4203;843
-4118;-3335;-4234;-3950;2911
3698;2420;-4429;-191;-32
-1467
4539
-1207;-4361
1153;-2308;3797;-4199;-4015
-3042;2388;-4984;-3805;4894
2661;1447;3369;987;-2652;-2287
-3602;-2132;-4047;3183
1857;-2258;-3346;-2659;627;4297
980;1605;-551;-2071;-2679;-2864
2130;4805;4571;2267
228;3209;-3903
1249;-3766
4116;2261;216;-3052
-470
-3571;-2957;1951
-4041;4777;-1630;-3694
1137;-3251;-1093;-1383
-4777;2872;382
4833;3586;-1289;-4735;-4943
-502
-3449;-3162;2010
-403;4589;-1632
3381;-2873
3801;-1243
-20;-4025;652;-1215
-3202;-384
16;-1861;4088;-4939;-1916
1540
-4870;518;4646;-200;2476
4131;-2711;3198
-3954;116;-4879
1425;2834;3523;-1113
1378;2215;-1162;-704;1871
-4623
3059;4164;3511;1608;4569
-4641;-2887;-4264
1921;706;-3621;1466;-2924;-1149
-1832;4408
-4531;-3167
-81;-593;3493;-391;3274;1995
2577
4626
2982;-1503;-4064
540
-3699;-2984;4477;-2431
-1604;-173;-2893;3103
-2934;1527;-4120;-2186
-4657;-357;-934;3943;-4473;810
4384;-3734;-2886;2981;830
2531;28;1069
2689;3095;2232;1871;911
-1506;-2216;91
-3942;3382
-3456;-4272
1874;-3369;-1657;541
1590
2954;3758
-851;3413;-4045;-4894;687
3635;1174;-3450;238
3200;-3185;3137;3667;-2870;-2351
-785;3409
-3156;2563;476;-2510
-4913;-2834
-2921;-988;382;895
1315;-3273;-571;4143
2049;2263;2426
-4356;468;646;-3992;4923;3932
1680;1601;-2838;4252
2219;4525
-2655
-4568;4538;3676;-1423;-2832
2883;1029;1114;4397;-2671
-4914;-4004;4644;1228;-1663
-3765;-944
-2804;1166
-253;-2415
4720
1306;-3982
-3604;4403;745;1132
1586;4403;-2893;605
1475;2724;-3189;1093;4233;3514
-3218;4650;-797
821;-3984;2527
-2580;-3189;-1766;-1741;4541
-4466;1222;296;-4379;3615
1287;-2955
4739
-3762;796;-3824
2727;-3802;4794
-3123;-2727;473;-3466
17;3299;-1670;-2439;4891;652
2704
4433;3955;-1801;-1897;-4987;955
1714;-311;3356
4195;-1387;927
788;2949
-4743;3051
-4274;-3815;348;-2144
-2835;-3974;4092
-1777;83
-3042;915;-823;-2841
-1813;1269;-3641;-1150;-2511
786;467;-4518;923;-4544;1087
580;-1211;2334
-1442;-1810;-884;-3527;-2235
-2730
-1707
3904;2754;-695;3753;777;4526
-1701;-1258;4666
3153;2291;1270;-4571;-4877
3830;952
-3192;4904
4102;685
3699;1621;-1318;-237
695
-3435;-318;-1040
3586;3255
3602;-4774;-3639;1718;1001;-1679
-611;2804;3628
702
-2517;-4231;3997
2650;3179
1079;654
-1362;2073
4272;-3762;-570;-4763;3086
289;4994;-4563;-3958;4022;3002
-4153;2811;-2495;-3023
-435;41;4281;2681;4795;621
-2034;-2020;2901;-1623
2020;756
-2082;2646;-4365
-4978;1812;-4489;682;-2974;-3071
-2780
1763
-3826;-3284;4661;3994;3293
-3817
1056;-1284;-1750;-815
-2050;-1478;569;-4187;1279
-390;1894;1373;-78
-1780
2710;950;-393;-463
-2737;-2963;4580;-3863;-2829;910
-1091;-4469;-2792;136;-2654;894
624;-3506;-2274;1066;-2507;4812
-768
-3011;67;-3686;-205;3916;-2973
2416;-2546;-3715
-691;-2147;4516;-1422;2573
-2968;-153;4927
-4805;1333;-2855;-4698
-1861;4069;2423;1273
-549;180;2885;2141;2271
-421;-2870;2198;2665;1261
-2455;4264
4151;-1864;-3289;-3549;-4782;-1696
3280;-2488
625;-1219;1572;3911
1601;-2403;1804;2863
-674;3400;-1932
1954;-4009;-1818
3971;-1146;3643;4013;-2799;-2784
-3985;-322;4725;74;1371;-2670
-101;955;-205;157
-1811;-4643;2201;3242;2106;-288
-3588;1667;-936
1409;1889;824;2698;4971;1308
4785;674;-1575
720;-3585
-2870
2873
-3298;-2309;2245;294;-2878
2594;1525;-2041;3869
2690;2099;-3910;-1949;-4879
4064;4308;4581;-861
3250;2473;-4895
3382;2743;-4268
3846;-4057;2490;1756;-128
210;-1603;2819;-1818;-4541
-1714;2690;2933
-2322;3476;-1068;-2988;3740
1936;2933;-4030
-993;2274;2148;-1272;-4011;-11
-2343;-649;-3994
4473;-2604
4994;4245;1847
-4358;3333;3543;-2635;-2783
-3585;-4964;755;4892
3360;-1829;4550;-4204
-2962;-4904;219;1659;3085
4648;-719
3930
-820;1158;-3900;-3470;4125
-4675;-2966;3943;-3533;-3679;-1215
-3524;-4761;-704;959
4262;-1352
4858;-732;-1214
1889
307;824;937;1869
3045;-128
-873
-197;-566;141;-4351
4210;458;-1547;1852
-3748;-197;-3078
-4467;-2917;772;-3980;1517
-3414;3516;3438;415
-508;-589;-815
-195;-2617;-3225;1656;-3675
3185;3089;3388;526;1599;-1680
-2085;-857
898
-1927
3523;-726;616;-491;29
-2068;2437;4631;-655;1679
865;-167;2823;2152;-2719
2278;-231;510;2447
1933
-912
3988
1944
-2973
1508;1733;-569;2349
-928
3999
-3411;3030;3208;-266;2463
1136;-1349;2764;909;1246;319
4881;-8;-872
337;-1245;1789;-286;-3134;4495
4539;923;3663
144;-4804;-2341;-3142;3784;3373
2320;-3442;2187;-126
3206;-218
-257;4560;418;-3959;-4889;-2959
403;4211;3988;-4588
-3538;1572;-2874;1050;4733
-4533;-141;-3039;4719
-1802;4798
948
-1944;3704;-714;2842;-3276;-1565
-4026
-958
3319;-4329;-3486;-2559;975
-3009
-726;-2487;-1338;2890;3599;2095
2228;-135;2200;4860
-1009;-3043;-2031
1862;3286;-4186
917;2326;4825;-1885;-4192
3957;2569;4682
1169;-4766;-3518
-1857;4610;1427;4741;1772;3599
-3794;-4484;-614;4838
-3170;-3475;-2211;-1012;694
4132;-3151
387;-4087;1881;-91;2939;-48
193;1364;-572
307;681
-769;4148;-2025;-2345
4848;-805;2454;-856;-555
-1474;4770;3197;-4704;-3808
4546;-426;3116;-1120
-2023
4263;74;410;-3611;2939
2181;-3638;-1959;-39;-766;1166
3009;2145;-3634;4706;-4186;-4075
-4966;327;3226;-4720
-3419;-1371;2749
3244;3917
1016;-74;4714;-1567
1281;-3207;1932;-4848;1775
4054;3206;-2824;-1369
-4066;-3778;3427;-4988;4286
