3079
-3812;1754
-4578;-516;-1316;2215;3865;319
3408;-1300;974
2110;3023
-1818;2859
82;-1095;1031
-1330;1945;3018;-558;-2032
-4897;1352;-4777;393;-1308
4116
-3266;-1398;-4727;3928;-3581;4926
2049;-1940;-4374;502;-3113;-2366
-2481;-241;1672
3303;-648;443
-3626;1548
-3378;-2979;2276;-1256;-2890
3985;3011;630;2204;3516
531;-391;922
2848;-4641;-1319
-4139
-849;-2268
-129;-4013
1639;-856;-3887;-959;-4176
2503;4713
-4151
3129
583;2587;-3150;-4175
-2182;-4492;-2156;-1053;-2464
-3666;-1605;4188
-961;-3321;121
3191;1018;-3117
1093
4165
-210;-53;-3128;3402;60
2816;-694
3537;-4275;-4004;-2968;-2607
-2321;1299;-2757;570;-2956;-2111
592;-1314;3061;-3352;3833;-2735
2096;-501;-4363;2219;2140;2591
-4817;2903;-1147;3566;-592
1747;2037;136;1945;-1196;3611
-649;552
704;182;-2105;-3357;2431
754;1302;-552;3212;-4816
-2759;-3487
-883;4131;2730;2091;-3839;-32
-4465;2819;3241;-13;2623
4609;-4232;-3562
-4019;-4287
-4193;2001;3827;4615;2795;285
2163
598;-4219;1454
-1345;-2277;2983;1079;703
-210;-2563;1571;1321
1723;1469
1970;-3115
-1682;-4005;-3575;-2268;-1693;814
2065;-1413;-3846
832;-3061;-3206;2239
775;2423
3050;-43;2239
1817;-474;-525;1021;-1712
-615;4025;-3277
528;-4210;-3383;3497;-1836;-2926
-4101;-120;4970;415
2672;2021;1031;-1485
-2082;534;4765
-4194;-2418;2133;3307
-3881;2413;3663
-4561;-1203;-3060;-3734;-4614;-4480
2288;1600;-1220;-137;1240;3545
-3841;1925;-2394;-1984
-4689;405;-3048
582;2502;152
3237
-4370;2155
-169
3761;-4955
1173;-4170;2106;4442;1741
-4532;4964;1467;-4127
-3697;-981;4789;4965;-4603;3805
1942;-1759
160;-393;-3421;398
1860;-1929;-2858;-4045;-2430
2513;-1298;4885;-3399;3918;-3360
-4820;-1082;-2479
406;-281;3672;378;3614;4687
-3763;-4085;1734;2199;1675
-3315;387;3253;-1463;-523;3900
1216
-3265
2644;1114;-3565
-2889;-2428
-2247
1223
1377;-4483;-4869;3677
4434;7;-1592;-3020;1758;-1791
-545;1779
3778;3907;-276;-581;-2650;-1917
2052;-3686;1417
2164;3636;-2918;-1837;-2287
-2596;424;3274;474;-1438;79
312;4202;3898
-513;-950;4374;-456;-4649;-1101
-1650;-3718;-1000;-329;2683;3790
-2361;-2988
-1121;-1873;3412;-4746
2529;-1427;-1300;-4133
2096;-999;1190
-1077;3722;2719
129;-568;685
-3633;2359
-4351
4946;-2580;1574;2490;-2637;2605
4832;3645;-4126
3328
4228;-4486
-225;4645;1982
-1145;4729;-3326
22;1261
-3233;-2147
1203;-3990;247;3977;2923
4930;458
-1492;-3240;4363;3710
-1295
4002;3443;-4519;-3370;1882;-1712
97;1400;3291;1853;-1696;-2624
-3121;2293;-472;2119;4091;-2589
-2133;4454
-4276;1237;-1334
-311;1287;-3433;-2940
1303
-3091;-3910;410;-4476;-477
3604;2821
-4658;-515;-4326
-3395;-1477;493
-3553;-4034;2658;1573
4631;-2570;1002;-2779
-3554;-3171;3268;1801;1370
289
1315
549;-1463;2838;-4264
-993;1329;1601;-1592;-4520;2859
3607;-4542;-4480
211;4133;-4855;3880
-482;-873;-4064
-3409;-2596;-3510
4241;-4106;1257;3434;-3501
-4690;337;4050
4792;-4603;2682;923;222;-640
304
2784;-3388;3101;1438;-4240
-99;1634;2420;-4940;-3421
3016;-1323;2570;-4573
129;-452;-740;4006;2456;4127
-4408
3633;2515;1189;-1163;1244;4158
-3387
2196;116;565;-3370;-1871
4086;-2697;2218;1338;490
-546;-2947;-2180;792;-556
2116;4425;-1262;-510;2717
-2914;-3124;-1913;-4602;3147;1916
-4097;1573;-4971
4470;-4798
-4084;-344
3404
-2225;-2258;3857;-2521;444;4062
1792;-4774;1880;-265
4482;1798;-2606;3838
-1370
4948;-1206;4567;-1001;-4794;1932
-4451
-4786;3426;2755;1368;1529;3230
-3336;-1192;-1881;-381;-735
-2759;-4797;-208;2287;-4096
-3873;177;1290
3058;-1878;349;-2912
105;1278
505;185;-4444;-3357;2655
-1155;326;3175;3134
-4460
4460
-1847;-2539;-2125
2416
-4694;-2600;3853
3834;-2476;-3775
4837;485;-1768;2600;1389
-3810;-3353;-4091;4507;-798
-1201;-2001;-258;3839
995;-550;4651;-909;-2783
1508;2276;1205;-842;-4909;3199
-4962;4053;2375;3021
-2227;-1363;1060;3946
-3468
2214;-2905;-2779
-4495
-1425
534;-938
2441;3085;4094
-4771;3130;-1661;-4973;702
928;-1415;4987
-4963;-424;-1977;2958;-3679;510
-3481
-4948;489;1132;-3229
-3075;-2294;-3721;-651;-157;270
-1009;-3699;-725;2973
4756;-1190;4342;-3775;1918;-4608
-260;1909;4119;2856;-1306;3342
-423
-3499
1648;4738;1235;-693;-3035;-395
-3859;-1172;2965;-3095;637
354;292;-4697;-3548
-204;3707
-3185;820;-2778;-2459
-1123;-4021;137;3177;3295
-1857;3322
-1467
2305;-4796;-2685;-4813;-703
2358;-1143;-764
3113;4508
968;3325;-768
-455
-3714;3257
-3349;-2667;-3837;-845
770;3789
4562
-2179;500;-2712;-4928;655
2807;-1312
-977;2481;2657;3655;-2223
-2278;635;4302;-3135
1728;-1251
-4574
-2580;4675;-2934;-4759
-99;3400;4360;-4111
3717;-3848;-4174;2799
4720;-3214
-4867;-2784
-1578;-1402;-4461;3885
-601;-2956
4864;1698;131;-4022;1912
-1512
-2743;2823;-574
4754;-371;-3640;4827;3052;-4032
-1313;-1995;-3259;4077;-1167;2127
3280;-3810;-1064;-4683;285;2414
-2609;1269;-2506;1291
3001;-4299;2366;4559
510
3347;307;-2777;-4460
4661;-1943;-2205
244;-1175;3494
-2566
-3763;-1268;-1332;-3206;4941;13
4355;3577;1322;-92;14;1583
-3154;3699;-4150;487;-475
3008;1443;-1129;-1774
3056;-2657;4315;-189;-3472;1519
1548
-1510;-3112
3601
3206;-444;-4319
-4632
-2328;1791
3784;-174
-1638;4985;-4911
4998;1686
-3619
1029;3911;4328;-125;718;926
2712;-1019;-219;-220;-4878
2690;4339;2293;-422;3094;-2224
555
-1348;-3576;3931;-1612
-4467;-820;1292;1390
-177;3277;-1726;-816
-615;-667;-4523;-749;4668;3469
-563
4071;2555;-4013
1025;3877;-1886;-1422
-3282;-4490;3769;-4763
-4672
-4325;-3420
291;261;3579;542
-65;1601;-2610;-3780;1316;4118
-1607
-178;2515;2388;-523;2525
-2733;-2974
-3954;3731;-3749;-2680;2538;-4668
1268;-1606;-4352
-3907;2807;-2521;-1071
1620
1970;-2836;-1790
1496;137
2419;-4053
-2065;-742;-3592;-490;-826;-4159
-524;-2492;3629
1107;-2746
-2626;-2612;-277;-1318;1717;-3692
-997;-984;-3452;-2959;-1440
3696;2420;-4888;1436
-3122;1474
-3638;-2359;3131;-733;1949
-4950;4518;279;-2522
4608;1237;-3277;1132
-4727
-1985;-3318;2406;2873;2702
-4518;4485;-4200;-2670;3790;431
-1207;-2408;4250
3707
-3145;460
-1444;-2580;3316;-3896;4091;-1149
-4002;1299;1045;4167;-3595;-2624
3376;3936;2273;467;-517;-703
4098;-4227;-4612
-4806;1223;-3866;-3437
2817;-2946;-2850;595;4394;4780
-1350;3462;2872;-3310
3025;699
-898;-2979;2150;1431;1976
-4151;-3145;3567
2225;-2147;3396;-2934;1144
4816;4394;667
-470;-2240
-3;1766;-76
-3349;250;4588;2255
-2738;-1780;-1244;-3103
-674;1346
1284;-1159;-4216;2393
2753;-2024;-4860;1451;3245;4206
4624;4245
4754;-3813;-4872;-1133;-1534;-224
-186;-492
-678
-4;-4006;-1496;-1993;761;4012
-373;-4359;839;873;-1754
-1075;394
-4520;2616;984;-1998;4623
577;106
685
-497;2754;851;1116;559
-4053;2335
-931;1493;4742;3894;-476;-3933
3793;-26
1352;-2988;3356
-2748
-707;-4093
131;-616;-4379;-4942;1581;-4767
-4800
-3126;4379;-1806;3005;1727;3695
-4468;-336
-1569;2660;-3819;-2652;-3520
-84;3155;-3691;-348;255
1739
4112;-113;-201
-4597;1173;2234;1965;-2528
4826
-4789;-715;-348
2624;4115;2473;4970;-4781;-2526
1986;1683;-2969;-3483
4337;2866;3139;-1786;-2702
2243;2549;1381;-4634;4958;3454
2576;-1834
-3493;1654;-2088;-456;4121;4076
-421;-1051;3739;2573
-2100;4260;-4296;3353;635;4015
2197;1653;-2077
2797
-4789;-1365;1051;4348
-3830
-437;-554;3113;3194;-2958;1471
-4057;-3872
-3835
2368;3304;-4909
-3985;-1298;2439;26
775
3697;-548;884;1348;-74;589
-2067;-4855
-3682;-4507;-4878
-1843;1061
3520;336
-737;1770;2587;3628;-3392
3858
4883
4885
-4088;-1824
2839
793
-1537;-4379
2549;-124;-1630
2258;4020;2549;1303;-2953;-2281
272;424;2186;-1055
-2916;2597;2730;3515
-1833
1832
2354;1460;-1480;2571
2858
4528;-2435;3619;-3480;-1049;-4043
601;-220;1454
812
548;-3845;4110
-4932;3094
-3349;-3464;-2040;-4796;-3550;-3072
960;3952
-2870
2586;-4432
-2467;3291
4176;3585;-2354;-1509
2291;-1575;-696;2969;-1134
4928
-2881
2437;2774;-167;4264;2410;2426
4853;4172
-1817;-906;-4879;623
-3754;1226;1691
-4098;2377;-144
-1121;-1779;-454;1487
3916
-4945
-4337;1984;-518;-2103;2075
-4950
3763;2819;2131;2934;4183;-2686
1881
2752;-2996;1655;2520
-2911
-211;-2499;-1909;2711;-126;-1903
3136;4595;1690;-443;1483;-3453
-1266;-2573;2973
-4002;-3011;-4;4934;1576;2398
-1394;-4614;-3287;3832;-3386;2859
-2337;-4810;-1917
3472;1910;-4510
-2081;-403;3765;603;-3952;3967
3984;-2663;-444
-4119;1304;-4973;765
-3953
4978
-838;-2615;3944;1418
-3939;4376;-1695;4191
1339;1421;-3647
-2600;-4445;4397;-288
4337;-1063;-3655;3547;799
-4195;-4744;-1160;-4047;-3279;-4976
-4438;-2763;-3712;3871
4354;-2025;-4204;-47
3971
-4195;-4083;4518;598;4063
-4214;-662;1368;-4409;-4251
3111;-1183
2371;-549;2537;-3915;1486
-2468;-2955;2637;3693
-4113;3223;-4044;-2398;-1775
-3730;1557;1814;-4877;-799
-1811;4645;-791;4375;-377
1507;2570;1022;-2112
1429;3941;3447;1324;1039
-417;-3597
-2770;2100;-3608;904;4315
-2806;838
2915;4781;415
3440;2626
3684;335
-4177;-4327;-2746;1581;-4592
3784;2477;-1216
-9;-2174;-1839
949
-66;-2467;-3460;-4948;-1275
2930;4852;-4903;1146
3121;4641;-2568;2407;1545
-3027;1003;316;-4415;2095
-1981
3968;3618;-2819;3861;-2551
-260;2949;2364
-3779;1444;-3744
4034
3137;-4824;-1328
544;2726;-1278
4045
-2409;1065;-4110;-640
-3329;1912;856;-3487
1282;-2261
-3698;1379;-4405;-4167;-2636;3327
-4914;3734;-3902
-3298;4585;1899;859;-1008
-3891;-1334;1160
2361;-4383
-998
-4721;160;-4853;-1495;3080;3756
-2914;-4055;-4311;-4411;-671
1458;-52;2933;326;4744;3882
3051
-49;2946;4038;-3882
-2030
-3432;4345;2142
2034
2756;-3768
-4901;-2055;-2615;3580;-142
-1013
-2038
2230;1865
-2737;-4098;100;1262;-4767
