4498;-2445
-1703;2457;665;4621;-3311;3422
-2497;-4681
-2515;-3828;-1860
-3173;-4038;2183;4407;632
-2273;4106;-4684;-4444;3852;4479
4722;-1991;-2345;-2448
467;-3254;648;3178
-3665;-448
1873;1815;3577;-1182;2125
3849;2297;-3997;4013
1586;-4101;3834;3820
-1923;1962;-1051;858;1198
26
1427;1451;2411;-3341;2175
-1347;1220;-4565;1637;-1963;3965
-1316;-3365;3061;154;4459;2156
2720;-3233;483
-1178;1147
-801;-2386;-3781;3290;4733
1016;-763;-222
-1460;-1254;-1530;4331;971
340;1765;3269;2855
-1474;2516;-1127;-3079;-1997
1554;-4757;4606;4783
1223;3655;-4328;2745;2444;-1599
3713;1989;-1561
2830;-1231;495
-730;683
-833;-1940;4809;713;-654
4304;2817;-1594;1484;2254
-51;2147;-4932;1209;-3740;-3902
4153
-2638;-3263;-2351
-63
-3683;3749
-482;1651;2132;3975;983
4352;-1075;2613;-1726
-1618;4866;259;-3237;4918
2016;1890;-2813
-1891;-4308;-3557;-3590;4058
870;-3962;1178;-4303
-3027;-4406;-1400;-2299;-4011;2781
3280;-3939;-442
3148
4401;-2258;-1747;-4101;2632;3199
4384;1427;-3300;4692;-3816;-235
-2754;-2452
-668;-2686;3439
-88
3794;2898;708;-1630;3534
1136;3971;3396;-3862;4667
-4835;-4789;4296;1464;1723
4498;2131;-712;-698
-2371;-3061;-1544;-1049;-1293
-3544;-2382;4799
144;-1043;-4538;-1531;-43;2811
-1129
768;-1218;-1171;-312;3066
-1957;1269;-3182;1711
2746;-2860
17;-1157
-216;2539;-1183
-2084;-84
-4002;-3286
-1121;-2623;4895
-3395;-1598;-256
-1077;2874;1230;2222
-4419;-781;3021
-1634;3221;4311;-2714;-942;-1088
1297;-1844;27;-4732
-1029;2663;919;3722
-357;4357;2566;430;-1647;-3168
-3205;2045
-1958;2701;-1903
4121;-1898;-3390
-2353;-1577;713
-1400;-1770;2122;-4222
4754;-3573;-1286;-1225;2506
2694;-967;2524
-4851;-931;-148;1678
-3446;1001;-1808
-4276;51;2519;2409;3535;-1008
3215;1039
-3458;2946;-3574;-2455;2586;-4398
-1521;-2388;890;-2877;3388;3693
-3025;3618;2787;-3784;-3294;1485
-2547;1659;4686;2511
-1191
-3266;-1733;-3887;910;2687
2533;-2365
4034;-2986;-1436;-1293;606;4318
1601;2547;-3095;3703;2590
946;2629;4988;-190
-2324;-2085;-3191;3612;3965;2253
-3463;-3888
-1878;1710;-16
-113;-1670;-1752;-153;3871
-422;1415;4264;4024;3193
-3260
2164;1597;-431;-3519
-3687;-1386;-61;846
2178;4724;1145;-4781
1010;-3543;-1752;-4952;-2041;1867
2512;-3410;-3237;-950;3865
3267
1230
-3017;4249
-3889;-745;-331;-2972;4653
1237
-1186;-2642;1413;-2331;1212;-782
-2297;-1946;170;1805
3292
628;-2394;2953;4153
4019;-679;-2094
200;-4522
2405;940;-2095
3986;-1964;-4302
4768;-1879;920;3402;2237
2754;4152;2540;-3262;-4928
397;862
-3396;4165;-1881;-2953;-187;4015
3937;3299;-4308;1878;1576
-2418;-4947;-2618;4623
512;-4838;-1464;-3433;-1789;-4591
-8;3864;-365;2895
-3048;-4363
1776;1713;1349;-2632;4183
2240;3128
-579;-150;2694;4423;-3068
369;-3507;36;-4518;-1848
-308;-4618;2623
4878;-3599
-4358
-3987;-1396;692;-4761;-30
-1217;-2455;3673;2842;555;-1085
-3750;2517;3111;-11;-1643;-2540
3342
-2324
391;-1808;4767
425;877
2465;886
1073;236
1360;994;2308;2105;-335
-2342
-1273;889;2795;1979
3570;-3749;474
-1585;-2147;-4100;-5;-2620;-1104
4393
-3410;3108
4336;33;3002;-3435;-2107;4620
2769;-729;2361
-4184;-1675;2479
-915;605
-4406
2016;4955;206;4398
-4325;3782;1879
-314
800;-1489;-4068;285;47;1039
2320;4146;1607;-3258;-1210;-3291
-4926;-1535
3809;-3699;3510;-1383;-1917
-2181;-3261
-4658;4422;1766;1739;3197
-1717;-2935;-1816
2449;3989;541;-2559
4421
3688;4940;-3181
-1628;-2798
1905;-3716;-2616
-2500;-1112;2971;1997
3344;4609;-663;-1495;1711
-1000;878;2511
4309;-1222;4424
-1586;-4626;-4131;4788;4885;1015
-4448
258;2141
4293;3227
4635;-4989
-361;3787
2945;-636;1533;-2463
-2452;-794;-2780;-3549
-2407
1008;-2002;-4036;4671
-3433
-1058;-4168;2729;-3900;-3551;1390
3972;2537
3952;-2873;1400;-2459;541;1853
1509;906
373
4080;1335;4174
1473;1158;1004;-1213
145;2616;874;4170;3035;2846
374
4851;-1404
2753;1381;1349;2358;717;2061
-3026;1730;3188;-1899;-1403
-4916;-4326;4309;-3645
4744;765
-390
-2422;2023
3704;4987;2972
-4497
3779;3316;-487;-4440;92;3262
-695;3752;266;586;3663
3632;874
-1437
-414
3876;2682
3841;-355
4444;-4720;-144
3493
1097;1994;-3371;-2783;158;-3663
1200;-774
2867;2681
3062;3511
-3491;322;-2021;-3271;4670;-2784
848;-1590;311
3808;-2167;-4121
1457
-3701;-230;-4122;-1600
2914;131;-2441;858
-2244;2684
773;-4636;350
-3845;-43;-1803;3499;-1328
-448
-3521
-2660;-1893;-791;-988;4859
4945;4147;3644
515;959
2240;-4900;-4836;101;4491;-2669
-3698;-1906;-953;-1066
4385;4884;3146;1355
-198;1349;-4713;1054
2509
4771;-1655;-2654
264;-2777
1109;806;2841;-75;604;3374
-1494
3409;-646;3320;-4589
642;3001;1951
4571
-2737;3781;-3478;-4375;-2200;-3757
722;1573;453;89;1132;2654
-1013;756;-2271
104;-1964;-3743
2533
-4614;4902;198
487
491
292;2228;-4873;2845
-877;-4512;799
-2482;3586;3268;-4777;-3161
-4102;2582;-3544;-4410;-2286
1235;-4789;-79;-959
499
3571
-673;-2578;1217;2884;-2810;-590
1050;-2576
2932;-4463
1826;4825
3939;-3380;1861;-2928
1331;-3239;-2345;-3423
-1363;-4296;890;-860
4646;983
96;-4095;-4704
3155;-3285;-3928;-552
-2228;2744
1922;-4260;682;-1933
-3893;-152;-3642
-2278;4557;-735
2772;-757;-4587
2337;2675;-166;4201;425;3339
2640;-2258;-3702;3573;-1803
-113;-4220;734
288;3249;1086
2;436;2140;1023
-4338;178;4819;2820;122
404;-2982
-2579
3764;-1183
-4630
-471;4620;-543
898;1070;1647
543
-1570
-2547;3575;-4105;-4639
3624
-389;-3815;-568;-3417;-558
4130;2245;4359;62
1570;-650;-283;-604;-348;2924
-4739;4340;4036
1122;1501
4449;222
-1029;-2421;-4555;-2814
884;1943;2875
3654
4241;441
-4685
2674;4778;-1325;3678
1109;-2360;1224;187;-1776
-426;1228;2862
-1745;1266;-4519;2347
4844;414;-560
4097;-4739;3458;3448;-47;-3567
627;1715;-2662;-3191;4518;1643
4256;1810;3172;-3756;-784
-2564;2195;3385;-4587;-4987;4926
-4817;4315;-4205
-161;-473;1244
-1028;-3582;334;-1456
-4490;267;2459;1150
-1640
-4649;-2027;-365;-2334;2830;-2271
-3156;-3613
-4422;1191;760;-3291;1291;-1278
-1864;3271;4860;4285;4414
-1224;3848;-4282
3873;2198;-3259;894
3858;1286;3176;1535
1205;-4028;2620;3916
1121;4644
-3718
3568;-4130;-4451;3580;2079
-1099;-4671
3377;-679
2100;-426
-3812;-2953;-2010;3484;-2943;3487
3716;2055
4496;3363;1863;-1804;1950
-1652;503;-201;-794;-3022;-2656
-3251;-2524
-3730
-1683
3735
-1207;-2472;-508;-3325;1726
-4027;2251;3340;1149
3738
-4767
-2418;3095
-2611;1301;-3464
1248;2418;3558;-2759;-715
-1047;-2314;203;4092;-2640
3836;2989
513;-4818;-1092;2854;-189
2735
1811;4357;3718;-1007
3796;693;-4715;1659;-748;-4447
82;-596;-3300;-4557;-1535
-4178;3590;-4123;-3149
-694
4592;2864;4770;363;3884;1629
992;-84;-1928;-4392;4778;-64
3952;-4065;3348;3416;-831
4688;3095;-811;-2364;3262
-3379;-4915;3221;375;4265;-271
-1122;4004;-534;407
340;3380;3977;-3821;-94
1857;-50;2997;1382;1400;-3804
2914;-469;4423;-619;2715;-2110
4256;-2946;-1556;-1014;-1819;4814
1915;-4895;4719
1377;3162;-3823
3777;1973;2854;-4076;1246;2111
1922;1221;3051;2716
1;3194;-204;2847
-2767
4610;1060;3751;-2347;4155;-1293
722
-1601;-4904;2423;286
1955;3781;4902;-1722
-2721;-3347;3779;788;-1274
-3800
-4305;-3430;1256;-4490
-4355;-1499
-1759
-3973;3177;1530
-3426;2342;-1309;3132
3397;-935;4840;607
-2086;1381;1142;4920;1529
3020;2847
-3987;856;4282;-3805;-142
-1005;-768
-2798
-275;2998;-3052;1403;1725
1780
-3208;-1560;-2219;-187;-1775
1079;-73;-1772
1924;-3973;-4314;-1802;-4891
-4993;2390;2666;-4268;2045;-2704
4865
-769;3265;-150;3526;3270;846
-2821
4871
2615;235;-3629
-4807;-1688;-2527;-976
-3284;-4140;-3359;4879
2916;-2025;-1676
3857
-4163;3707;4460;-141
3864
803;-3420;-3296
-1818
-3869
-4310;4807;346;-3627;-4299;1165
2851;2132;-790;-3990;3463;1227
-643;-2182;-4054;-63
-3528;-909;-2382;-3198
672;-1830;-1145;621;-2192
3175;3517;734;-1967;3535
3732;-3301;442;4027
-2980;2885;-4199;1436
995;133;-319
-811
964;870
2930;-2117
2041;3514;155;-1949;1773;-624
4439;-1609;-1545;556
-2963;3012;2649;2217
1844
4515;-1132;509
-1313;-3905;2976;-3157;478
-4691;3859;-2807;906;-141
-2097;739;-1302;-4216;680;1273
4931
-4932
-3074;1602;-2038;-1723;3370
-3913
2099;2839
4152;1193;4719
-4616;-761;431
849
-1140;-1781;-3704;4903;-3420;4285
2513;1669;-3326
-4228;7;-1802;3117
2021;889
-4267;4507;-2748;619
1623;3351;-4110
2242;-995;-4039;-128
2979;-60
3248;697
2923
-258;-1990;-3385;4748
-4049;-3491;-616;3945;254
-3189;2279;-4395;-3278;4621
583;1047;4168;-4906;4444;-3423
-2943
4992
2952
2954
2896;2990;143
-1938
162;501;-2077;-3598
-2851;392;-1529
-3990
-923
-2579;-4707;1796;-2604
-2852;-1960;-4842;-4027;-1358;-2271
-1474;2001;-3862;-3737
-4642;4545;2307;-600;2634;1807
4208;-2291;2012;2127
2889;3167
-2579;-3034;3482;3613;2526
-1490;3172;4667;3182;2671
-2988
-2811;1853;3950
3922;3586;675;-70
-2994
-4019
-1974
-1777;-4003;3577;-2844
227;-3229
-1315;-1067;1423
-1879;2151;-4956;652
-4801;-127;-2176
-1361;-2901;-284;-3501;1965
3351;-604;-3710
-4850;-2116;-1781;2663
-3938;297;-3468
-3014
-3877;679;-812;-3102
2328;-430;3166
1782;3287
-3022
-853;-2176
-4611;2658;-4156
-4453;105;2329
4569;1547
784;-1315;-3540
3049
-1041;1633;4505
-3926;-4390;-1903
2049;-51;29
3793;-1923;-4076;-4943
-3649;-904;-2680;1036;1085
3088;1092;-3384;-570;4586;1324
-37;3102
4089
4877;2285
4839;1914;2235;-2846
-3072
