-3874;-4470;-4969
-1073;884;-1722;-494;-670
-4499;-2436;-565;-703
3268;-3279
2475;-2909;-3053;4156;3438
-3731;4794;4076
-1047
1060;-1037
596;-2422;1880;29;-111
-338;4708;-1944;281;2442
848;3857;-2004;-2889;4314
-268;300
199;2824;-2990
2083
-1636;3572;-535;1711
1952;-1539;-4967;-4826;-2922;-4124
3556;2629
41
-4968;-1096;2376;-2527;606;1471
-3010;1521;1329;2250
3244;895
-4339;2291;3837;-1744
4528;-561;-359;-58;-4621
-1731;1833;3019
1218;-2282;3162
-995;2852;-3237;302
3153;4079
2848;-15;-2768
3573;-343;2328;3724
3138
-4355;-2566;-3387
-1556;-2772;-4025;3755;-1150;1583
-2599;-839;-1976;-3872
-3539;469;-73
-2325;1669;3741;1086
-4500;-3851;-4955;2188;-3294
4154;-2029
1681;4291;1157;2165
3233;4680;-2714
3814;-4346;-575
4725;327;408;-4665;4826;607
-700;-590;1375
-1188;-1430;2855;4473;-2255;-1344
4185
-1653;-4582
-4003;-19;-3478;349;-3182
-3796;-1351;282;-188;3935
1472;4710;-4184;-880
97
-372;-2583;4078
4196
2520;-4669
1744;-614
417;2625;2965;-361;4201;-3594
-2159
-3490;-2359;3671;-2031
-601;-538
-3953;2801;555;-990;-3648
822;-4647;-1016;-3467
-133;3111;-3497;1929;3146;682
-1812;2276;-2727;3451;-1069
1489;2631;2825;-2730
4112;35;2426;4814
2663;-1208;-2217;2025;-4972;-4608
1396;4503;-655
1150
4105;-2955
-2913;-1980;1054;1663
-1153
1203;3700;346
2405;-1386;2028;1180
-804;-1376
2311;-187;2523;1629
-4088;-2424;1965;4413
3514;4812
-136
3207
-230;-294;-2687
-1636;469
-675;-4541;975
3364;4973
401;3512;2877;3597
1172
2695;-4158;2637
-4248
-3385;-2912
-1844;-4726;1290
4240;2065
-2457;412;1628;253
4994;371;-3431;1339;-3488;-2000
-3272;-4064
-1162;-1056
705;-409;1433;3529;-989
-1554;980;4055;43;2060;1759
2162;-324;1382;-4425
4340;-364;-1693;1724;1295
-4280
-1315;4774;-4667
-211;1763;-4548;-4457;4633;1610
2235
2354;-644;-1798;3626;2091;-319
437;-4071;1337;2491
-722;3779;1046;4810;-1549
3632;-4897;1557;4729;297
3659;2445;3310
4353;-1670;-999;-1485
2843;-2636
-4183;1496;2139;-2893;-4078;1166
-4482;522;-348
-4485;1013;1211
3539;-1096;2890
264;-480
3288
-2316;-1598;2493;4718
-2052;-3590;1320
-2403;-2835;-4052;3959;3052
-4548;-2005;2222
-2421;1179;1007
-2287
3622;2761
116;-4454
-4049;-4641;2229;214;-1163
336;4065;1985;1828;4396;-2128
1904;4114;3700;2868;245;-1323
-247
1600;-1384;-3535
1905;1553;-1795;-3959
4272;1557;2855;2411;-2655
-4869;1548
3321
3322
1321;-1883;3886
253
-1409;1120;-2466;4484;1285;-2759
-4129;2640;2769
935;4028;2013;-575
-3477;-3950
3936;4404;3860;-1702
2385;-3669
-2329;-2030
2784;-4105;-3039
4418;-1924;4739;-3590;270;2494
264
3482;1903
-4365
4372
1301
-2226;-4006;-3255;-584;-48;-2448
1303
-2341;-2485;-3720;-3195;-4924
-745;-1578;-2986;-92
-285;269;1567;1807
3027;2270;4335;-128
2737;2728;-1755;3181;-2495
161;2137;-4107;-1567
2899;1764;852;3925;-944
2160;37;-279;-2224
-4785;2121;3993
1138;1640;-4253;-880
3522;4883;95
-4869;4373;-3081;-3738;860
967;-655
3968;-3765;100;3911;-830
3411;-1050
-1154;4274;-327;-2748;268
-315
1233;-2867;3986;4618;-4012;3502
-1172;-2744;3691;3614
-320
-4423
715;4715;-4444;3438
-2081;-1297;-2423;3483;-286;-1824
334
2802;-4153;-3852;-2300
-726;-3095;-135;-2057;4654
2383
4432
-4065;-1756;3739;-4493;446;4767
3417;1020
-3842;-630;-1581;398;-832
-1313;-1409;-1478;2184;1866;1516
-2372;-4987;1019;3947
-2866;4951;-361;-2123;2058;3805
-1554;-1877;-2250;233;300;-2366
-2131;-2325;741;-3438;4877;4670
-2599;329;-1788;1227;-447;2927
-4742;3881;1212
1105;-1475;-620;1341
-1379
-3122;2147;-3508;4126
-1555;-1433;1161;2571;-2126
1957;3385;140
-4786;-599;1950
-1046;3399;-668;2091;4783
-1601;-2422;-3223;-1097;1579;2299
-4229;473;-3227;-2607
4473
386;1781;-4810;-1036;-1822
-4337;-3573;-3911;-872;23
-1158;-745;4333
2960;-3250;3254;-4184;-3625;1387
2051;3923;820;1897;-3404;2270
675;-3047;2764
-290;-1174;1708;-639
-3467
4560;-913;-2923;3770
4916;-3384;2967
-829;-1389;4670
-3831;-3096;3497;-683;1452;2255
-2099;-2549;-3099;2586;-365
-3938;3809;4632
-3483
-3970;4381
-4881;585;2730;1151
-983;568
1155;-2437;-1614;3311
4640;-4388;2149;-247;-120;2478
-1896;-2586;990
-226;2049;342;2350
-868;2312
2055;874;-2413;-94
-1819;-670;-1006
-4520
-4708;-2069;4342;-3080;-1984;927
2725;1175;2632;459;-4574;1087
-3092;-4359;1768;-890;1019
1459
4873;4781
4518;-2028
-2761;268
-2753;-3187;-2723;-1721;-3259;1931
-4065;1066;3851;4077;975;-336
4772;-4568;699;2685;1982
-3553;1227;-174
4499;-4951
3906;-1493;-4170;-476;-1294
1779;-3261
-4559
-1092;-2630;-1862
1488
4153;3882;2670
-3523;-3926;-1147;-734;4765
-2065;4267;1131;-207;415
3542
1554;-4169;93
891;-416
2211;4425;-3088
-478
-1851;3787;-3438
-3876;-646;678;-2781
-2113;-3587;980;4952;3322
-769;-3464;-4443
4406;-239;3967;2591
2784;-3106;-4264
-4674;3603;4982;-2603;4285;-4078
1904;-4180;-1289
-2451;-765;-1375
3344;-4376;-4986;-2382;-4383
2695;-4825;3769;2953
499
-194;2066;-3046;4746
-501
-503
-833;535;313;-1547
2096;3890;292;-152;-3596;-3039
3760;3917
-1670;166;-1056
4992;-1010;2949;-1959;-4460
3585
1538
-248;-1020;-3344
-4741;-438;-1482
-4613
-3235;-3590;-1629;2815
-409;3999
753;4834;-696;4488;360
-3984;3455
-3509;-439;1208;-3049;2184
-3605
-1250;2373;3657;4969
-4019;292;-2952
-1560
-625;-3522;4726;3482;1595
352;1350;4985
-1089;3233;-3159;-3176;1786;-4286
-535;2298;3788;-3981
4754;1092;2895
-1138;4871;1064;-4267;-1308;-4896
1333;247
4711;1977;2063
-4659
-1923;794;4767
-1591
-4643;-4005;-1127;971;3884;-1791
1592
-4946;-1177;-3532;2861;-2991
3571;-1975
1616;932;1716;-1671;345;-1342
-2402;-4317
1198;-4847
-1492;-4455;-1690;-4237;3183;943
516;-2363;-4877
3938;-3751;2921;-1503
4679
-802;3218;2968;1483;-2525;-3758
-2637
4691
-1510;4489;-1356
4385;2530;629;-236;2507
4736;577;4370;4514;-3358
-4702
2210;4883;-3141;-4031;-1887;3598
2949;-984;-1357
-594;769;-2372;3126;-1164;2895
2705;981
-2019;4002;1349;486;3750;-807
-1777;4354;3167
4052;485;-1336;-3800;-2077
627
2678
1120;-1395;501;-45;-3886
2135;-478
3706
358;3351
-1185;-1506
-1154;-2763;-3467;-2477
-4151;-3911;-3337;3581
1673
4773;4182;2951;-1016
-4022;-3415;4198;999;3915
2801;-3266;-2680;2493
-900;-1946;4522
1969;3719;-4011
-997;-4726;602;-1679
-1604;-3413;-2806;4296;-4988;-1359
4482;-1479;1754
3733
-196;885;3654;968;4346;4317
-68;1627;-896
3736
-4763
3808;-217;-75;3307;-1036
1891;-2981;-1626
-1170;-3125;555
167;4090;4605
678
2336;1456;263;-543;-4191
4913;-1443;1800;-3786;4316
4783
-1713
-4786
3764
4593;2168;2124
-4306;-2374;-1995;1836
1760;4304;2823
-1554;1522;1835;2475;-4974
4797
65;-1525;-2108;-1230
-726;3928;-4121;-1723;-4941;-288
4449;-1210;3610
-4689;-2730;1449;4558;-4991;-3520
4802
-1073;581;-4153;-3021;814
-1782;-632;1144;-1021;1581
3319;1486
4805
-3537;-4920;4671
1491;2454;-814;4751
2898;3156;-4024;-909;-2864
-4820
2547;-997;1225
-1012;3573;-2488;77;-2928
-4775;3019
3027;981;-3705;-2779;1743
3488;-371;-2506;4700;1565
4418;614;-4682;-3246;3631
4864;4065
3256;-3997
2705;4311;3751;-3882
-664;4958;2591
-1382;838;-2362;-3195;3531;-2270
744
2019;-3751;2040;3704;3901
241;-3075;227;837
-625;-3197
33;-4418;3044;2120;506;494
-2513;401;-3765;-4697;2684;4061
1025;-3811;1702;-2776;-494;2573
1827;-4892;-717;-4541;396
-4627;1109;4474;3038;863
3493;2245;-3389;2861;-2399
2680;-4810;-4778
-4485;-407;-1788;1612;-3663;4895
-259;916;3988;1495;-1741;4557
-2871;-3176;1240;1752;-782
1520;2321;-2133;-4461;-4159
4583;3754;4718
872;-2138;2698;317;2093
-497;421;-4155;493;2959
-3161;1358
-673;-2164;4757;2294;-2411
-3633;-2270
3185;-3927;503;2685;-990;-4288
4946;-2571;1611;3935;-2976;1983
-466;-4163;-1278
1476;-4614;3210;1740
-4595;-374;762;4986;2364;4813
2273;-4875;-236
-3302;454
3843;149;854;-3847;-24;-2799
2848
-4404;-4331;1787
-2503;3306
353;4184;4459
-3029;-3545;-3450
3360;2865;-258;-4133
-3617;-2372;-1128;-2378;3644;1967
-241;4128
-817
2852;-2726;-4540;1083;-1584
4180;3670;-878
2673;-455;3577;108;-3024
-3;531;-1511;-751;-4224
-2790;3629
-3957;-4936;-2859;-3215;1838
4292;853;3318;3239;-1658;14
-594;2417;596;-3497;-1946;-2939
768;-2834;1495;4972;4636
3872;-3370;-3275;-2620;-3567;2991
-3652;4483;-372;1420
-2649;1787
4957
-4084;2357;263;-458;253;-2270
1216;-3857;-1994;921;2555;-3804
-961;-4372;-1625;-4554;-3692
-2689;-228
3942
-596;3045;-4635;-4688;1903
4418;3142;-366;-1200
4609;-268;4923;3900
876
-3172;3412;4631;4201
2748;-4656
1764;-3343;4510
1281;2722;-3339;-4622
1914
-2306;-3508;-3270
-3051;3485;-1328
-1825;-2247;-3640;-2079;-1344
-3060;2630;3374
-566;2779;3805
-4999
160;-4097;-2087
-1929
4514;411;-941
4368;-1510;102
577;-4470;-454;3430
1226;-2240;95
-229;-4101;-2286;2301;-3775
-4248;4904;-2092;-1805;959;-2736
-1185;-4022;-2679;-206
3668;921;-3020;813;4687
-2356;2023;3933;398
-2975
-4114;2322;3540;-696;4536;-3631
1012;1780;-4343;-1433
2016;-3980
2803;1942;-490;-3581;2524;1837
3895;-905
2869;2249;-1101
2608;-1923;4021;-3758
-1206;-712;2410;4254;2750;622
-4024
32;3980;3085
82;4967
1020;958
2307;2537;2799;4575
-117;-3386;2764;-1598;3294
1264;113;3684;2676;-3819;-910
-4743;3882;3870
-358;-279;1100;-2462
1889;3036;-2653;-1182;1933
-1186;4770;2979;-3654;-906;3071
-2839;-4169;3980
310;4767
-3411;3923;-2520
569;-3002;-3839;4255
4064
-4310;3311
3048
-1005
3053
-386;-2228;-3415;1947
771;2119;-1065;-1035;4859;-4640
-3063
-3193;-1515;4075;-1407
2042
-4092
-2193;3213
-2046
3760;-806;-1931
