576;-4322;1490;4006;298;-2048
-4017;2929;-4844;-1247
3776;-962;3010;1447;2217;4859
-3908;1461;-4855;-1129;221
18;2835;-628;-4868;4773;4031
-3908;4931;-3764;110;2607
-25
-2076
3217;-4244;761;3580;2046;4911
-1450;4554
-803;-712;-648;-4073;4154
3776;-3812;-2342;-1752
34
-4598;-458;2972
-2916;2789;678;3851;-4367
2665;4540
-3317;4695;3802;2028
-4388;-3700;-3110;1221;-966;-363
-1070
-3474;3426
-1666;-4196;1123;-1268;4010;3070
-3489;2413
73;2027
-969;-108
-2999;-127
3250;-1032;2968
324;-256
-1809;-4899;-2133;-1162;4812
-3713;4835;-1193
-211;-3364;-968;-3722
-4226;4153
-774;3918
-1825;896;-3798;4825;4252;3917
823;3051;-2766
-1073;3417;-4764;2700;-1390
2001;4228
4753;-3348;-2647;-249;-1977;-3786
-1362;-3706;-4235
-2769;-3474;-3235;4469;1543;-4813
3715;4565
-3619;2548;-4504;3752;-1340
2260;1051;3228;719
-3349;-1862
3815;3675;-4814;-2768
-563;3252;4969;-2444
-995;4164
-2673;-178;264;-4217;-750;3359
1729;4259;3460;4042;-80
-358;-1916;4556;-4589;1182
33;-780;-4061;-4719;-1840
4804;-3832;4250
-4403;-3316;3515
-2157
753;866;-3369;1850;4251;-2192
-112
1523;-1366;3912;3211
-1202;1609;-2298;-2319
-677;-2510
-226;1410;-44
3282;4805;-4679;-3111;1868
4561;-3015;4718
-142;15
-1444;-1940;-839
2352;-3987;1733;2077
-3203
1571;-3191;4438;-2763;2702;4542
-3878;1814;1303;313;3529;3194
-3605;-4698;4074
2181
1683;356;-1494;-2583;2973;-2094
4210;-2452;1753;2990;-1039;-208
-3539;548;424;3727
-1345;3057;-4597;2565;4557
1166
4529;-1477;4491;2795;2988;-2941
-690;484;2808;-4797
1330;-4391;-524;4460;-4096
-4594;-2243;535;3384;-4608;2255
-1505;-39;-4967;1238
354;1846
-1601;-2052;425
4254
3456;-2205;461;-1871
-1183
-3331;-3997
1191
-3233;-1858;-137;-4157
-4805;-1718;-1783;-2105
-4330;1561;-3210;4781
2880;3586;4020;1983
-2450;-1554;3330;-4472;1704;3260
-1956;-3047;-2442;4828;4847
-4052;1031;-490;3948;-4798;-1967
-418;1271;4695;-2121;2392;1532
4001;-2021;2356;-1258;-4444;1181
-209;3795;-3771
-2625;2321;-2805;-3223
1697;-850;-1316;2695;-3440
-1442;-1077;-2662;-3271;-1308;-2718
-1603;-3496;2860
-161;-3820;4667;-1902
1842;2757;-427;-908
1217
3666;3695
2485;4792;1305;4782;142
4064;-433;-3332;-871;3211;-397
4963;-440;-1914;-191;-1983;-239
3272
-1042;-2435;3382;1319
-1557;-3995;-3166;-4798
-1526;-4055;-3840
3248;-2305;2800;1889;3369;-2652
2253
2448;-4485;-4821;3061;-1384;4969
3288
-2833;4653;3519
-4674;-486;-2233
2161;-1253;-21;876;-1533;1021
518;1758
-3363;3817;4217;-1388;-2717;1711
-1212;-1213;-878
2164;2634;3838;-3280
-2049;2787;-3029
2292
-4596;4348
-249
4055;-2158;-3406;3807
2652;1695
-2663;-4829;1453;-3440
3624;-3273;-26;-3565;2494;-4640
-2118;-3416;4553;4044;-2797
4048;1812;-1496
184;4185
321;-3748;-1434;3498;462;-4495
1783;-3088
3205;-2313;2460
-284
-1889;-1811;-3270;-4056;492
-481;-1862
1587;-3544;1703;-2091
4896;-2004;-10;1466;45
298
-4434;-2009
3138;2452;-1128;-2110
4400
-3224;-3225
1329
-4213;-3911;2537;-3936
149;-459
-2360
4785;2291;-910;-4223;-608
1335
1072;-4309;-2249;-970
-4712;-4872;1370;4141;-1360
-1218;4193;-3652;2154;-2815
-2274;3510;1959;-1855
2070;-729
-2401;-1716;2773
405;-4987;-381;287;-2528;-3360
-2465;-4466;1363;-2345;-2651
-134;2506
4224;-4708;-630;2463
3585;4018;-652;543
-1969;165;-2888;2317
-4070;3739
-4427
3404
333
-2383
-518;-842
-3993;-1017;-1982;-1536
-336
-2835;4516;-74;2186;2687
-2385
3479;-1308;-2512
-2391
2390
-1026;683
17;819;-3225;-4393;-3806
1082;-733
1104;768;3827;4441;-1931;333
4865;-2643;-407;-4311;4998;-3883
3393;-2307;4180;4955;1067;2382
-2147;4263;-1196;-3710;382
-2085;3469
3881;-108;1532;-1872
2652;3854
-338;3492;-4939;3354;2891
4547;-1110;-4871;2953;-2909
1392
1744;4499;2391;-73
4965;2575
4405;-2374;-634
-4323;-3415;-4925
-4977;-4337;4132;1944;-2335;78
-2082;680
4691;2075;875;-877;1807
-2453;-1175;2204;3662;-3824;2991
4737;758;-2443;-2670
4355;-4519;2998;-2125;703
-3729;4117
390
-3987;-3573
-3470
2388;-1254;-1534
803;2250;-4478
4502
-4509
-2463
4868;358;3030;-4152;-4040;-4575
385;3444;4569;-1834
3656;2909
144;2992;1013;2150;3340
-4451;-2695;3591;-265;-4542;-2303
-721;-1754
-3585;-2740;-1271
-3538;-2013
2483
-241;-244;2312;4313;3513
3510
-3171;2580;-1095;-1959;-3946;3055
4772;1337;1322;-2461;2909;-1295
-3970;130;2373
-1467
-4578;1701;-807;-3067;-4317;-1664
-20;-997;3396;-3206;2295
-2183;-4680;-1912;392;-4446;93
-4215;-3306;-4192
-3961;-1947;-1711
2116;-489;3578;3003;-4685
41;411
-4408;4861
-2503
1920;-1265;996;-3769;3836;-1262
-4083;-4327;-4298;-4141
1280;2752;2401;-4770;858
1905;-642;3067;-1808
2579;4677;3173;917;-3002;-3773
2899;2438;-892;-3260;4399;4111
-50;-3394;3794;678;475
-2529
-76;4653
-4522;-3132
258;4712;937;3945;-4474;-796
-2538
3507;-2933;-2421;1176;2184
-4423;1066;3853
4593
-2802;1837;1373;3390;-224
996;1397;-4104;-3946;-4731;667
511
-4515;1962;1386;-573;3196;79
419;4035;1684;-125;-45;687
4709;-3753;1225;3451
161;-4772
2944;4482;4467;1686;-3848
516
642;3971
-4618
4128;2868;-2374
1956;1572;-3002
3635;-2822;-3766;-396;-253
-1105;3172;-4645
-1934;2751;-288
-1491;52;-120
999;-3944;1659;1821
1843;4323;-1269;4854
535
-2641;-1188;1238
-1193;-377
-837;1876;250;3355
-2273;-2968;-428
4661
1412;2902;252;-4543;-1616
-881;-4804;1656;-2686
-4668
-2433;884;-3285;-2295;4425;3276
4673
2275;-1703;1031
2464;-2117;-928
-2629
-4066;2883;-331;-1517;-2047;1423
2950;-1897;329;-796
4054;-2583;3213
2049;2291;1388;3086;494;-528
-2741;-1528;-416
-2305;-4330;3996
-591
4401;-3461;-2856;25;-3823
-1781;-3397;-4407;-3786;4314;2318
-2643
1623
-433;-4261;-6;1434;-4076;-1454
-4098;4701
481;1860;3926;-4283;2586;-1916
720;4433;-2964;-4392;2712;-2140
384;-1239;2555;1885;94
-1457;2453;2696;-4732;3695
-977;-4550;2135;665;-3004
-2323;-1781;2646;1114;-1294
-2581;316;-1422
-2374;4022
2563;2159
-307;-2712;-4649;3003;-2671;3631
-595;-4196;1975;-4988;-2430;-4736
-3019;-3212;2734;1838
-1169;-2894;-671
1661
3024;-3666
-4228;-3583
-2707;1039
3477;2789;3594
-4018;2443;2220
-2929;-3393;-3896;-222;-1471
-2354;-2391
4338;-900;4790;2326;4679;-1272
-4452;3574;2525;1246;4254;2719
1571;-4283
-179;-3221;-3541;1210;970
4018;4807;-219;4347
4562;-1675;-1197
-1691
-4393;4315;3775;47
24;4745
-4771
657;-3834;3853
2632;4189
-4307;4827;-2223
-2729
3623;122;-4427
4784;-4913;-2786;2404;-3401;1179
-307;-3461;-2666;-3405;-1151;4158
2896;372;4885;1833;3837;-1871
691
-4390;-4583;-2985
-4796;1517;1886;-671;-2735
4529;-1459;-1303;3242;813
-49;-67;-2859;2732;-4558
-2883;-4007;3996;3599
-3876;4696;3369;-3483
562;3621;3511;-2891
713
-4356;3509;4903;-2009;-4809
-1972;195;2276;1238
2944;-1298;-1588;-4872
-3170;-4517;1093;-310;-3383;4447
3792
4448;-2308;3543;-1882;1771;3342
-4372;2623
3360;1474;1988;-1544;3848;1838
2896;1846;-4735;1743
4491;4428
3989;-1095;3595;3455
-3878;-1815;-4254
449;-4539;4826
-3089;302
-2388;4867;-2181;-4854;3815
-1303;-3133;623
3728;3283;-1510;-4696;-63
-4839
-138;-3678
-4497;-4995;-566;-4534;-343;2926
2530;-4264;-3641;-1307;3676;-4912
-4961;-3346;-3842;-1106;-2037;1229
-2241;-1266;-185;-9;-4221
-4033;-3748;3493;-871;-1740
-3096;-3004;-4896
1547;1660;3693
-577;-185
2420;-4208
2811
-3297;-1937;-217;3660
640;469;3849;-3326;-3038;2174
-3075;-1962;1003;-189;3452
-2723;2947;4852;-263;1480;1647
1386;4507
3846
754;-1924;-3990;1333;566;-587
523;4348
2788;37
-3473;1081;1612
-632;-841;-4938;1533
2829
-782
4144;3807
788
-825;-988
614;-1407
-1284;-1689;2137;1629
1818
-1878;583;376;4986;1723;-1920
306;-4308;-1046;-119;2568;1800
-4665;1164;1677
-1857;-4980;-4967;-361;3802;3467
1701;-24;472;-1130;3034;2892
2856
-1985;1430;-2304
1835
-4245;-4874;-909
4908
-385;-2273;-4742;-3656
-3891
3185;3814;2445;-3504
-4289;-3266;-73;-3438
-4707;2327;-1520
-2936;-968
3360;2017;-3477;904;-443;3595
1572;-2614;1357;1550
-3139;1369;411;-2988;3503
4900;-3032
1635;3895;-92;1551
-1870
-2894
-130;-1509;2485;-2717
-3672;-253
-4950
578;4275;3337;4378;3646
3588;86;2311
4945;-2643;164;-3910;488;3870
-3649;-3249;643;4502;-1166
612;-2509
-4995;-1000
4972
2927
-2929
2932
4817;3585;1499;3516;3004;847
-275;743;-3402
4003;3940;-912
4354;-1417
2942
2032;2224;2865;738;4300
3120;245;-728;2536;4011;-96
577;-3523
2946
-2053;2325;-3675;-3645
4771;-518;853;3415;1151;-2624
-2017;294;4328;3642;-223
-3766;4326;1500;4541;3726;-2255
-908
-3863;1931
3363;4612;743;-4264;4375;4366
2353;-4052;-3237;-4165
-4466;-3234;4153;4250;-4684
911
1418;-3359
3281;-997;4900;-4280;4247;936
1008;-2982;3918
-4444;-2622
-707;1475;2026;-4893;3932;-912
-631;-1178;-4237
2310;1208;-1321;667;3182
-2296;4297;-4831;4783
2624;3825;-3373;2974
-545;480;-4212;-1321;1625;-4128
-3009;3953;-2009;3022
-3173;2270;3887
-1222;2934;-2233;-2667;1838;3311
-2470;-1880;1866;218;-720
-2818;2995;1049;3227;-29;-2463
-4012
-2292;-1732;-3590;-1519
943
944
4016
-4402;1506;-324;-3108;-3834
274;-4740;-1592;3064
-931;-951;4879
691;1514;1819
550;-1192;1594
4234;814
4704;821;-507;-1919;2974
-3465;3835;-3260;911
4960;743;-2281;-4864;3423
-4965;88;3918
-2205;3165
1664;1681;4609;4373;-1531;-1643
-3858;3284;-390
-1988
1330;1939;2505;4762;-1694;-4800
-3186;3123;1909;4216;1053
-975
-131;-1868
1777;-1797;1766;-846;77
-4051
-82;1876;-1147;2365;2958;-895
1026;-2868;862
-4868;3577;302
-4851;-196;1141;-2359;2952;-4844
4062
-595;2466;-3701;2853;-1287;2278
-3044
3666;-3526;-4999;791
3667;-1783;-2232;-3722
-3457;2192;-3848;-3053
-1842;3977;-110
-820;-4508;1247
-2065;-83;2587;-1453
1427;-4491
-1482;-558
228;1819
