-979;-4213;1380;-1637;4424
3056;770;-1319;1590
-234;2825;-1566
737;4725;4501;-27;-1739
-3383;4521;-4012;3903
-2482;-675;-1556;4682;-1003
-1233;-1877;2312;4909
3970;4238
-4293;-1990;-4360;-1098;4556
2065
-3305;-1835
3872;1136;2640;645;-4395;-4942
-2851;-710;3081;-1354;-3312
-2077
-2021;-2969;56;-4794;-4638
-4065;-1569;1618;2648;313
4275;-148
3600;-4934;4379;3404;3500;-2750
3911;4314
4130
4513;-1517;1102;-992
2569;-4989;2798;-4512
-3874;-1256;-2424;4919;4392;-3852
-1633;-2337;4512;1568;481;1554
674;3637;581;-3255;2214;-4925
-1077
1590;-4719
3970;3000;-3179;-1741;-717;-4463
3428;-295
-4327;-3929
4788;2447
2786;1042;-1380;-86;1801
-2391;-3824
4789;-1606;-4440;-1886
-4378;729;-3213;-445;4157
-3855;-1807;-560
-3988;-1211
4179
-2403;3028;4772;2918;4775;-716
-3298;2002;4246;3544;3579;4351
721;-1795;2941;-752
-4251;-875;938
-4486;2344
-2786;-4793;792;-4057;2558
-2562;-180;-1285;3932
-4866;-4004;4342;-3064;-697
2146
-3666;274;-2025;-1915;3133
2946;-182;3416;-3897;-1915;3835
-3570;-3762;-4195;1609;-3293;2863
1134
4290;-4052;-2982;1371;1261
-1005;4189
-1144
-4216
2770;2820;-837;-1561
3192
-3878;1862;3162
-884;-4730;-1823;-4975
-4825;-1804;2427;4076
4369;-4534;2536;1851
3070;-2944
-2164;-1220;1208
4634;-1532;-2892;2141;-1199
-1473;-2946;4593;3938;3769;2493
4098;3654;-232;-1704;4559
-2868;-3333;-4139;122;2910
86;2010;4635;-3519
-1255;4759;-4670
865;-3395;2644;-2169;-860;-4398
4593;-2400
-1282;-4005;-2454;759;-333
1478;-312;1306;1643;-1919
2208;1680;-1218;-4888;-1113;108
-3476;-249;-1805;-1055;2335
369;-4733;1135
1282;-1159;-4379
3232
-3685;-1197;2671
2211
720;467
4417;-565;-4697;-2858;-1582
-545;-2694
1367;-1466;4364
1524;-2872;-3480;-703;-1807
-1011;1349;1578;2638;-3359
-3506;261
-4613;3110;-2999;-72;1326
2017;-682;4587;-2461;2989;1918
-4804;-3621;-2873;-1817;9;-3455
4096;-1699;-2575
177;-727;4311;-3581
-3345;-3412;-3399;456;3945;-3645
-2423;2854;-3690
3826;4871;-2366
-4021;-4536;4858;-3659
-2239
-3522;529;-1635;-1751;-1800;1832
3275
-3473;4295;1992;461
2566;-5000;4686
-2801;2162;1256;-1803;3118;-2144
3028;3556;-1175;-4329;3227
4102;-2877;-4509
1738;-1950
212
-2837;-4544
-216
-1281;-4882;-4306;2058
2450;4675;-1304;-4573;-3517
1507;1031;-1052;-3821;3581
3042;1526;3847
-3507;-3652;788
2801;-1621;4167
2864;1920;-1316;1251;-4950
-2337;-3906;-2182
-3125;-2229
-3058;2505;318
4330
-676;-3125;4197;166;2748
-1685;-1626
1909;3640;-4364;4094;-944
3860;2614;-2024;-2158
-4840;-1551
-5;1277
2739;-2807;-3000;-2889;1676;1983
-1027;-1423;3727
240;-3145;-2475
-1105;-4226;-1868;2908;4028
-3089;836;1878;637
-4360
-3347;3225;-4240
1508;2453;2728;1772
2448;-4455;-4855;-3375;750
3768;2648
-914;1112;4809;-3258;1885;735
-2019;148;-4615;2714;-891;-3807
-2805;1846;-344
1096;2154;-3533
-2902;4023;-2572;3533;-3391
416;-4765;2015
2800;1314;-2948;-237;1198;3279
1088;-2021;-4728;-3885;3229;909
1781;4262;968;4540
-65;-4536;2058;-4556;3502;3887
1680;-353;-3171;3893;-2121;-4316
4497;4997;-1194;-2522;-1389
-2748;-1646
2848;-4680;-2346;-222
3092;-2405;-992
3379
784;-4165
1344;-1827;1602;3812;3685;2956
4913;-312;-4025;4856
1875;278;-816
1282;2484;-1589;4070;4570;3835
-50;2531;-109
-4427
1649;-3890;-138
4864;4230;-3754;-3984
3523;3061;-3179
-4367;1214;-255
-3459;-1999
4560;1893;-3846;-2824;1578
2112;-2443;3741
-340
-3811;-4662;-4160
1507;-1752;-475;-2704
3714;-4327;-328;2318
3698;-1956;963;1747
-4328;1433;139;2399
-4840;-4874;139
3904;130;-2196;-1017;-4223;-31
-1857;-2602
-1391
633;1914;4989
3383;-1661;-4144
2918;537
4802;703
1473;-1751;-4220;4172;-1086
-390
2257;1522;631;-729;2939;1963
296;3167
972;1468
-3460;4150;-3927;-3543;-4877
2754;-1315;1140;3380;-2246;1800
2257;2551;3658;124
4672;1687;-2889
-1763;-2068;323;2437;671
1808;-536;-2985;2234;-1228;-1743
2705;85;-4009;2793;2924
632;-1530;3546;1182;-2016;639
2432;3096
-3942;-1178;-4508
3843;-3429
414
2184;905;461;-3135
1053;-1471
-552;3944;2504;4027;1759
-1428;4199;-3193
-2964;-4105;682;1469;4493
-1378;-2644;-3096;2456;4234
-459;31
-1442;3919
2140;-478;-207
3881;715;1983
2113;2165;3413;-88
-1449;3933
-3510
58;-4923;635;-304
4224;-1346;-3399;-4014
3764;-3495;174
2258;-2709;-2123;3019
-4565;1670;-1465;2889
-3218;3667
1474
-99;-325;-1051
184;-3707
3219;2649;2411;366
1714;1223;3661
1478
-3066;1386;-4267;-652
2136;4058;1738;2763
3952;-82;2785;-2515;414
43;3487
1713;-4224
3600;2481;-457;4824;3961;4490
306;809;4473
2521
-563;2915;3242
3041;2756;-470;2734;4703
-2946;-1733;1333;-4489;189
-3170;4248;1049;-3530;2602;-2703
4577
-4869;-1258;2573
3477;3096;-1995
-4580
2836;-2519;-4137;-1789
-3566
-3235;4885;-1152
3984;4709
-1426;3112;-4240
-3729;-1478;904;-1353;763;-1759
-2817;-2906;2142
-2882;3956;459
-2259;73;-2427
3712;-4275;-3123;350;2815
3597
-3794;4322
-3603
-2890;-4284;-4622
953;-3819;-4812;-2078
4100;1561
4639
2085;4662;1175;-3725;444
3110;1532
-4645
4880;737;4597;1189;2700;-237
3504;2650;-4653;77
2516;-3071
1997;2655
2256;-244;1907;-2469;-3032
1235;4755;-4551;-1532;2701
-4547;-2158
-3875;-3672;-4283;-2043
561
-1093;-4361;-1882;-2447
-3640
3154;-230;2775
-1944;-2937;3562;4764;2254
-2631
4450;4325
2291;-3902
-3780;4038;4247;-4603;-4957;-654
1361;3700;484;-2552;1692
-3667;3460;1957;-4503;-909
3716;970
-1559;-2378;1404;-3053;-2429;255
591
4017;-133;3317;4917;1067;719
1654;2778;-1792
-4243;-1125;1989;598;4398
-3617;-210;-2327;3179;700;-1392
-3859;190
-4619;-3691;-1643;-2380;-3996;-654
3670
-660;2712;-3210;4699;-4253;-1935
1622
-3227;-4540
865;2913;-3273;3165
602
-3001;1560;-187
2820;-3832;408
604
3040;4157;-4543
1751;-26;858;-3693;-3600
2784;-321;3509;-267;1501;1599
3351;-1098;411
2274;4438;-3336;315
-4718
-2211;-2039;1064;-3772;-832
-1986;1352;3482;346;2554
-2312;-365
314;2365
-3042;1153;-2276;-1702;4843;2685
638
-3202;-4658;-373;-4647;-2104
3723
-3330;-396
3317;-4201;-794
-4790;-366;-3694
-3578;4237
1097;-3691;907
-4840;-4925;3982
-1267;-3782;-3807
3995;1789
4764
-4483;1625;1643;1885
132;2666;-1852;2796
1616;-2801;2804;-3111;4839;3470
-1345;-3732;-1742
1538;-1704;4936
-1162;-541
1705
3612;3213
693;-4008;-1834;-2122;3930;-4511
99;-4697;-315;-894;-1024
-4995;2259
-745;-2411;2461
976;1745;-4441
-4456;3383;-1674
865;-325;3338;3498;4589
-4913;2162
-1202;4035;2287;1727
-1283;3719;2712;3224;634;-3182
4370;-2565;3542;4201;2426
-4247;-141;2798;1423;4975
3040;-1265;3587;1496
1569;-2676;-635
2450;-185;-1548
4467;-3269;1716;1463;-3225;1614
-4613;-4085;-2711;999;3901;3741
817;1445;-3432;4183;2826
-4817
4484;-3654;-1552
3748;-3113;-4750;-1728
2772
-2386;1304;-2715
-3394;-3746;-4802;2133;1913;-3071
3700;1124
732
4800;-4931;4691;-965;-389;-2473
-3302;-4601
1617;-4101;-3373
-2210;-663;1688;-3547;-4668;-557
-3075;4088;-702;4527
-2755;-1061
-1730;-2027;-172;-3854;3967
-2968;2223
-2002;-2228;1436
4144;-682;-1690
-2196;-4697
-3397;2696;4523
419;-3925;1494;-2841
3109;4181;4730
3489;4438
-764
-967;3447;-4620;1375
3010;-3254;-2575
-1602;2179;-4980;2180;1160;3883
-4870
4179;-2981;-424
-1753;-1070
146;-1948
3520;855;-2362;-3823
1784;3100
-1897;-2157;-335;2575
3088;3748;-926
4939;972
2400;-3811;1874;1893;3479;77
-4522;-2363;-1036;-3007;-3184
-4801;-3169
-2037;-2629;373;-1629
3669;37;2714;2574
1879;-2171;-4608
4480;584;-4649;1035;3293;4255
1028;-3337;1674;-3180;-3774;3710
1040;-2614;3407
-4907
4819;-134;3294
-3766;42;862
2434;1250;-3929;-2621
-4682;-4250;-3150
-819
4915
821
-913;1730;1366;4844;-62
-4918
208;-1814;-1611;-300;-380
2320;2568;-1754;-3596;-2414
-289;-834;1951
4571;-3741
3713;917;3372
3315;1013;4699
-3650;756;-2071;-555;587
4937
-964;-890;-3085
2993;2178;-3303
-545;3776;-2385;-2565;-4214;-32
2945;-234;-2763;-749;-3485;2414
-452;1317;3447;4471;2071;2282
3442;1503
-1113;-3834
-137;-1738
-107;3005
-1524;3332;4810;4892;2653
3669;4693;-3991;-4568;-1679
-1013;2197;1621;3765;-4075;-1644
-299;-557
4889;4158
-4566;142;-3600
4661;327;-2760;-1484;111
3713;2354;-4789;-2714;-2494
-1415;2060;108;-2638
-1395;3526;3112;1929;-1184
-3451;-3166;-3662;-4927
259;2116;4729;-3162
-2598;-1337;-4107
-3857;-3239;3371;-2269
-4482;1254;-2647;-3992;-3661;1389
-3347;-3251;3675
-4802;-1915;-4620;1245
4378;-3868;2413
1143;-330;3482;1341;2415
-1913
3161;1823
-2964;-4264;-1037;2255
-2001;-2387;1446
-3396;3765;1550
-3606;-667;-587;1916
68;-1989
897
-2948
-3480;-3565
3024;3379;-2181;-4057;-4140
-4321;-4596;3918
-1525;-3483
-1939
4212;2024;3338;1819;-3309
-194;-3;-3638;-1433;4347
-921
4918;3849;-3562;-2811;2126;-2576
116;-4906;795
3286;2761;4095
-4389;919;-664;-4493;1551
2320;-786;-695;2141
416;4963;2105;3690
-292;2254
3761;-3667;-1034
-1967
-2342;-2905;-2490;1961;-1312
-945
-4371;-357;-550;3052;-4941;3149
-1011;2259;-262;1480;-3050;-2413
4640;1121;-4040;3193;-4762;4893
388;219;683;3757
3672;-672
-4089;62
-2308;774;-2189;2767
-3416;4807;-2985;3577
3569;3233;-4324;-3718;-2621;-2223
-2585;4575
641;-4680
-711;3727
737;-1353;-1386;4237;1807
-275;-1030;3190;-1387;1885;1663
3444;-4758;3337;-2731;-267
-3526;-3111;1335;-3006;158
2883;-1901
-515;4532;4137
1013;-583;1581
998;-10
2247;-2649;-4685
-1031;3595;-3469;4028;2141;-2224
-517;3564
3048
-771;-4524;-1852
4691;-3688
4049;3928;1561;682
-3621;-3292;-2288
-377;2923;2558
-2214;3320;3998
3409;-2499;-1861;4020;-3638;-2489
2080;-4115
1012
1632;2976;-4753;4409;3919
1940;1125
-2373;330
1939;-2741;2326;4839;-224
1748;4468;-4566;-2823;-1767;3959
562;-1909;1720;1243;-3664
