4500;1620;598;-4587;4829;-2862
4785;-533;3192;3823
3813;-473;-4368
194;-3045;4742;-1400;-3231;-336
-899;1546;-3724
2208;3174;3353;-2586
570;-576
803;4711;-3241;-3194;-1134
-545;4058;-4206;1727
3216;2039;-2635;-2607
3093;-2616;-2542
4498;-1055;670
-4114;4791;-2968;4055;3466;-2140
4320;1248;595
4337;709;-2334;-238;-2496
-4885;-3338
-2871;2838
3040;2564;3558;93
-578;-1220;-1780;3864;-2267;-4205
-1059;-3736;-1392
-2093
2417;-181;-4012;-319
-3155;1160;4093
-2593;-821;-2782
901;-1062;2263
-179;-867;755;-4235;-3485;-238
-824;-392;2618;4811;-3085
-3876;-4084;-4541;2622;3678
166;1785;-4890;-733;1566
1472;1604;264;-844;3211;-4624
1083
4192;4469;-2937;-4603;2526;510
625;-1880;-2906
538;-28;603;-1452;-4847
-785;-2310;-2422;330
4929;-1789
897;4931;-2312;-1386;-1242;3279
-4837;-4811;-1483;-2254
-3890;1189;102;-3623
2369;3682;711;-4985;-1856
98;3055
-2132
-2337;-130;4598
-3845;3846;4392;-730;-699;-3053
4208;3939;3206
4482;-4310;4391;2491;204
-346;4057;-4861;-1405;413
1776;-4037;3300;-3718;-2375;2910
4593;-2635;4556;3070;1007;-3328
-4817;3461;3502
1123
-3477;-1401;235;3886;-3440
-2948;-1787;1674;3162
4884;-2589;-240;-2160
-114
-2401;4281;4378
1824;-1090;-2594;779;3244
3937;1298
3939;4360;2872;3290
1584;3332;-3765
-1649;-258;-3866;524
-4835;-2467
-3410;-3894
-1714;1572
-4566;-4794
1537;2521;-4091;-4207
-2011;3182
-4869;3668;-1861;1500;4783
4386;-2569;4299;-846
-3396;-853
2872;4377;-283;-3741
1057;553;-431
3556;-1882;-1518
-3459;-1381;-4149;-1960;1576
-3413;4603
-2217
84;-4352
-3491;2917;2793
4230;-2010
-3410;3141;3254;-1355;591
3186;1432;-2748;3789;-958;-3502
-4049;-224
-3937;-3634;2283;-15
-3478;-2182;2983;4921;-3451
1155;-1684;1670;-3277;-2144
-757;4374;-2472;4158
185
1169;4241;4035;-2090
2058;-221;-3198;1166
-1252;-432;-4656
146;3593;-4960
3809;-3078;3766;-4695
2692;-983;1323;1757;-1520
-804;-4775;-3517;-336;-1456;4543
1445;358;-1599
-1713;-4966;-3768
4818;1458;-4020
-3281
-2737;4914;-1604;-783
2226;-3460
-293;3574
2260
-2261
1537;4084;4228;3692;-4096;-3088
-2550;1307
-4327
-2227;2210;195;2619;4843;4879
1905;1399
-3671;1623;-1690;431
4915;-694;3399;4043;860
-4308;-2072
-3309
-1263
-3974;-4491;-2016
-4102;-3308
-2481;-2244;4404;-1447;-2571
-507;4847
1879;4525
-1538;-3846
976;-3057;-2740;406;-1996
4957;-4687
-4801;-2165;3156;-3703;1098
-3507;2580;3701;4939;2943;-2192
3792;-886;1224;-782
-2049;-4838;-4311;-344
1991;3751;4776
1648;2120;522;267;3916
-772;1893;-4326;-4763;-3582
-4467;-1963
4358;-2616;3083;1292;3886;-4592
-2627;-712;-4457;1358
-3063;1534;207
-302
2772;-3509;-3576;1149;2861
3374
-3649;3343
4404
3381
-2491;-3083;-4976
-1236;-4868;3271;139;-3760
-313
-593;-3553;-4019;120;-1484
-373;3020;-2960
3819;-1456
-2779;-4572;1644;-1086;1406;4047
-2364
-4481;-2283;-4318;510;-4080
315
3202;339;-4917;-583;1626;4746
2370
32;-3431
3138;754;-2796;-3533;61
-3626;-3804;4029
1568;-3329;-3882;-2879
1716;4372;-1662
-3380;-1002;1263;-3360
-503;-1881
4225;-1970;-581;-4489;361;-954
-1795;4643;-2917;-1734;1466
-3681;-2800
-1729;-3477;1668;-488;1641
4848;2657;2211;-1180
-1953;711;-3497;1533;4574
-4167;1592;-3387;-3104;-1520
4420;-3309;1006;-4511
-4443
-561;4650;-3743
1799;1977;525;1166
-4146;1749
4992;-4641;2227;4387;1099;4572
-2817;-4999;186;3565;-2798;4463
-436;4889;1821;-4895
568;-396;2143;-2672
1382
-4501;2392;-298
-2338;-2117
3432
4288;168
-1169;-2067;4709;4262;4744;4219
2373;4923;1164;-928
-2402;-2198;-2262;-857;-586;1791
2403;2485;-4424;-1743;-2831;4479
-2785;-2083;-2951;203;2973;175
4502;4727;360;-3071
2787;-3802;988;-1376
-979;-2392;-1209;3434;767
784;3691
-4582;-1592;-4446
3239;2120;-1097;4826;220;-4831
4478
-2401;-1854;2847
3076;4825;4873;-3131;-43
-2882;4915;-895;3343
-664;1687;-2456;-4074
2712;-2233;-3161;3355;-286
-4002;1955;-4250;780;-2735;3759
-3139;1717
260;85;-745
-49;-4328;-557;-285;-4398
2968;505;3324;-2174;-127
-980;-478;1054
-2657;1435;-1788;1582
850;-2278
-1265;-1554;-4562;-4648;3431
-1431
3648;4065;643;-781
880;-1363;-2391;-3543;-540;-3696
-3284;-2254
-4296;-1931;-1359
2467
2912;-4260;-1308;412;799
3408;-1755;-4844;4636
-196;-1573;2191
1664;3878
384;-1861;-2619;-1067;-4478
1920;1219;3339;4395;-3773;2541
-2134;-983;3799;1128;-989;-2272
-643;3119
2007;4330;-445;861;2894
4727;2872
4048;3554;2292;3333;-1530
-2485
4770;-2260;4787;-1909;169
-468;3972;-1702;4712;3401;1787
1285;-966;2470;-1321
3518
134;-3433;1304;522
-1473
-3522
-1490;-258;-2904;4201
-1475
2512;2584;-2058;2714;846
-4552
2800;-3634;-3107;-553;299;-3437
2506;2459;2828;-2413;4701;-1424
373;1486;4751
4595;-1056
2562;-650;606
4945;3666;-2678;-1305;-202;3213
-1585;-4007
2519
2678;4394;4671
1239;-1721
-68;-2437;2023
277;-4856
-1106;-4949;4470;4263;4396;-3519
-1298;589;-2848
-545;4615;-2988;-3616
2913;-1403
-3553;-1205;-1493;3930;2012;4894
-1351;4281;2601;1103
2721;152;-876;-349;3967
513;-4597;2615;-1353;-1773
4193;4450;47
4391;2252
-227;165;-2407;-825;-4171;-2255
-4137;-2511
3493;4437;-668;956;188;-4830
-1527;136;1131;4284;-1472
-1173;2726;-4109
500;-1767;-1929;2664;-2026
-3343;-240
3587
2564
1004;4813;1871
-2572
2689;4627;2266;4076;-3375;-3616
-670;-4974
-1777;2848;-4567;106;4205;734
-1171;-1688;2332
3504;-473;1597
3504;4675;-3398;3738;1230
535
-2385;-2255
3170;870;-424
-3524;-3898;990;3839
3556;2661;4005;-220;-4845;1534
818;1588;4165;4471;1464;2378
1653;-4351;-3999
4977;2787;-775;205;527
3320;-4649;-2300
-1219;-2919;-4793;-2012;-3133;205
2608
2656;-1736;4760
723;-1494;4057;-766;93
2816;3011;2740;958;-1791
1712;1553;-4615;1917
-83;4985;-3307
-3859;3796;3476;4329
4249;139;283
336;-2982;-2731;701
-2625;1336;-2861;2543
3142;3674;3467;2587
3312;3416
-1635;34;-1308;-2510;-3584;-4896
515;-1349;-1686;2933;-844;4091
625;3081;4154;2410;-4940;2427
-3662
3233;488;-1403;-1453;925;3919
4486;2615;-3273;-2875;-363
-1284;-1373;-3342;287
-1616
2243;4493
-4513;-3475;4150;1670;4812
-2097;4882;2981;-1072
-483;-3225;-4985;1836;-2959
3984;1345;3430;-920;3000
624;778;2270
4034;-3828;-4905
-1203;3107;2038;3830
-2655
3763;4708;3305;-1950
-1735;4059;-3359;4718
2162;-526
4224;-2587
-1793;2432;-3427;4310;-3160
1494;-880
1640
-66;-2578;1511;4824
3875;-1030;-838;1431;1288
4329;-2042;-4428;-925;-2686
1152;2680;-44;940
1116;3693;-79
-5000;-4856;-1193;-1308;-3196;-447
4196;542
-2740;1605;-1194;-219;204;4012
-4579;-1942;-1065;-3305
1040;4731
-3524;4371;-4906;4042;-2684
2712;-10
4689;-4699;2892;845
-3745;4401
-4753
-49;3137;150;-4920
3591;-4523;-2702;2206;-1279
-4162;339;2870;202;91
-2819;-1603;-5;4980;-3261
-600;-2110
4624;-3490;2594;-692;-1686;1368
-2578;-1165
-2306;1379;-782
3184;-4359;-247;7;1338;1787
-505;-1211
1977;2811
-1618;3638;-712;1531;926
3520;3492;-747;-4541
-2550;4821;-696;-3736;-2639
-849;-2435;3235;-3942;-810
-4217;3503
307;407
-2833;4465;-3080;-4393
4817
4981;1626;-270;-1711;2239
1474;-288;-464
-1749;-1079;1655;4839;-2943
3683;-4361;1406
1192;-2590;3151
3523;-4148;3351;2904;3295
4482;2396
-1713;-3107;291;-3717;341
-3402;4139
-1185;-4675
-1105;1122;3255;3559;3783;-4747
-4801;-3634;3686;4903;-4187;-1836
-3634;-918;-4089;-4185;2413;3519
-4370;4484;-864
-1588;-2509;-2798
4847
2817;4916;2996;4553;-4288
4497;2850;-280;4632;-315;635
1782
3832
-3745;1860;3788;1934
3428;-615
1065;-2491;-1391
3840
4984;2457;3851;2639;4095;-864
-3090;-3833
2389;-87;-4663;-793;-4794
-1957;-1896
-784
2128;-2540;2413;1566;-4352
-518;2328
-791
-796
-4689;2723;-3768;-3256
-2847
-433;-2646;3798;215;3768;-3903
-800
2658;2200;-4058
2849
1361;4373;4374;1911;1434;-2412
-4902
-3170;835;-4951;-1712
-257;-3650;2852;-1803
3801;-4588;878;4815
-3026;3844;970;-592;1663
-3011;-1158;-409;-3404
4673;4533;-4807;-1883;92;3327
3059;4787;585;-1471
-2865
-4916
4997;167;-248
-1666;1170;3315;-4762;988;3823
2499;-4346
-2740;4036;4647;-2024;2810;3311
3520;4900;-3494;2326;-2601;1295
1505;4634;-3264
4927
2880
-1859
-1544;-4411
-4455;-4971;1423
-4486;-2110;2253;-1070;863;-3456
4577;4073;3451
2113;-3748;-229
1541;-1832;2905;-2861;4159
4372;-601;2686;-496
-1700;-1930;-3357
4832;-3112;-4617;-1021
-4562;1621;-4871;-3275
982;4006;-201;1853;-175;2574
2897
-2786;-2021;-1671;3577
-2154;-3820
-2291;229;1687;-4153;618;3055
3504;422
880;-153;2587;-2462;-1278;-2478
-3649;2775;951;4877
-2907
1104;-2034;-792;669;-2880
-3909;-3339;-4880
-3345;-1590;1752;2681;-4459
2696;217
2321;-2806;-1405
4081;-195;631;4973;-3504
2500;3767;-3161;-651;-4508;-1887
4359;2455;-1849
293;4921;1757;46
-3905;4780
-879
4976
2104;4926
1092;-203
3024;-2020;3385;778;4940
-722;-1163;2570;1231
130;1596;2238
-3105;-4852;918
-1919
-1920
-509;4479
-1443;2002;4498;-1850;765
1121;-4071
4370;-4179;-4100;4094;-512;-2624
2496;1481
-3444;-2725;4406;-2217
-3140;-1557;2347;-3680
177;-2051;-871;4326;-619;4043
-787;-117;1367;1784;-4396;-1836
514;-3061;-1621;-3916
-274;-3690;-4496;367
1488;-2824;4332;765;-4687
-2418;-1683;-3597;-2446
-3075;-4968;1991;-2766;-4815;2462
4594;-895;-720
-1106;-4914;1799;-1645;-4221;-1087
389;-3511;4263;1719;379;-2301
1664;1058;4379;4077
3812;3271
-4076;-960
-4470;-4253;-4510
1700;3147;-2893;-62;78
4456;4140;3517;-2974
4020
-1366;-4153;474
2707;291
-3190;184
-183;4364;-3661;397;4334;-3264
-1321;-2716
-2986;-3102
3874;1301;2214;2582;-411;-395
3637;4471;-990
4739;1802;-732;4989;-3679
720;-2050;4229;4741;4198;-1645
-4059
-2182;1750;-2328;1771
2013
1906;2114;-2933;-4009;1932
4624;-2354;3318;-1977;-2971;-3678
1330;-4517;4180;1606;-56;-4558
2374;806;-3131;2989
-992
4336;4309;1566
-386;3955;499
34;-3509;-3797;-88;3290
3042;4597;-3127;4684
3618;3731;-1462;-4585;2956;2892
418;637;-2063
-533;-1223;376;-4683;-4416;2303
929;-2965
-673;4759
