3076
-867;-3236
-4341;-2809;4363;2075;-2367
3081
4896;-1877;-4679;1643;3133;2013
-3417;4169;1305
-1746;-1795;4802;2099;3818
1605;1480
-2693;-4489
3856;1155;-4823;-1467;-2832
-2082;-4077
-3799;-3385
3087
1072;-354;-1284;-3621;4169
-2227;1234;2508;-4605
3219;-3784;-589;1118;-2032
-626;-420
-1265;-3713;-2628;-4647;-4153
1329;3297;-2229;-2313;-2154
-2244;1478;-827;-958;-1823;2303
580;-1630
26
4977;754;-3332;-2692;1061;1309
-4130
295;968;2185;-1658;-733
4004;-4088;-4843;666;156;4143
281;781
2564;4502;2537;4665;2157
768;-2915;-2695;-4395;-2603;-3563
-2929;3254;1767
-2131;-991
-3634;-4788;-3581;-2640;-768
-4596;445
4976;-1865;4111
-2104
-3286;1932;-110;1519
52;1860;4615;1723
1681;-4820;-2230;2168;-4027
-965;-1143
-133;2326;3949;-3008
-375;2935;4670
-882;1012;1576;3785;476;-1808
-1352;-3786;-3118
-4257;-3348;3576;488;-4715
-2114
353;2087;-1065;4090;731;-3056
-70
-2690;-1082;-3150;-3390
1571;-2356;3014;-2155
355;-4526
3696;2859;-3134;-270
-3489;-242;-4451;-952;1576;-714
-385;3221;-2507;-4156;-349
850;4978;-2039;-1658
272;688;-2520;3692
2514;-3628
-1122;2501;-263
-2147
-103
-3810;-3794;2979;-2537;-4989;783
-1810;-4153;-2717;1407
-849;1138;840
-2155
1702;1527;1998
1265;1013;537;-2541;-4157;702
855;3080;4377;-1533;-2574
1015;3003;2238
-534;-3704;28
-1497;-1690
-1736;-4524
1460;-4843;4972;4671
-1141
-1827;275;-2472;1448;938;2782
-3196
1152
3202
-4230
-4074;-1021;-160
163;4724;-4120;-4264;-1760
-4235
2705;-3125;1895;-2640
-3939;2451;-3639;2584;-4491;3819
-819;669;4317;78
2072;-2667;3823
4736;2487;-2125;-3917
-4327;-3000
-2209
4001;2818;462;-4048
-158;1343
-1617;-4696;-1466;-1947;1164;1230
897;4280;184;3483;28;-3583
-4849;3975;4490;2699
4275
1074;-1051;4253
-1209
-228;-616;-3483;42
4770;617;-3754;2652
-1702;3577;794;-4908
-3940;-410;1085
2241
2672;4390;2808;-4443;-2160
-3777;-392;-1149
2276;-1144;2941;4317
688;2281;3883;-4044;1486
-1286;2844;-2782
-3626;-4766
3031;-3019;3260
3266;-3654;197;-3850;-3088;-2288
3875;2627;-2980;-182;-4158;1021
-1330;-4805;-3801;-1916;1404
-193;-4115;-1659;4074;4442;2779
2259
993;2295
-2609;-17;2086;4951;-1369;-1801
594;-2863
4759;-1466
3429;-1079;-3288;3320;-4653
-2867;-1331;1927
-1123;-3203
-4329
-2259;4539
2272;2953;-492;1340;-4814
1988;2982;-2807;-3320;-527;3967
1263
-1714;3208;799
-802;-3766;-3819;267;-4958;-4576
2296
-485;4831
-3324
-1206;-3147
-3569;-4853;2260;-240
-2135;326;3081;-3579
4611;-2522;-2348
374;2959
2722;-22;3398;-2039;4395
-886;-3689;3784;1882;-3403
4292;-956
1281;1413;-2232;569;-1870;4175
1347;-4228;-409;-1071
3342
-271
611;3252;-586;-4734;-1823;-2112
-3315;-4707;-884;2613;-1046;-2151
2113;-2242;3732;-4427;-2221;-4400
3989;4055;-2282;-2620;-4446
-3257;-4574;1407
3427;4022
4898;3908;904;2863
-2659;743;3434;-208
-1025;-3360
-3363
-1969;-2338;-2292;-2871;2459;-4544
-2341
-4867;4850;311
2692;4775
4086;3866;-2526
-2530;-2727;295;3098;-1519
-723;-4563;4042;-3296;4223
4413
-793;568;2570;-3693
-1585;472;3484
-3506;-1029;-3163;4156;-1903
-339;-2325;4916;2714;3550
-2001;-1397
1894;4328;-1098;-3772
4425
3525;3607;1354;-987
784;-3253;3016;4075;2877
-4875;1195;-972;223
-3573;-3590;3565;-4927
912;-1618;888;154;-671
-3408
3940;-4279
-4438
-2763;-2171;3994;-2493;-1487;-4639
-946;-2035;-2717;508;1775
4278;-3981;3117
-3332;-4856;72;4444;-2079;1311
-867;-2598;295;4540
48;1763;-2999;-2439;3279
4694;-250
3706;3994;1900;988
-4657;2098;3899;-990
3696;4644;4245;-1146;-3920
-2132;-3205;87;1608;685;557
-1685;154;3820;3966;-783
-4833;-3716
101;3878;-362;554;2334
-3438
-4659;-3899
-1857;144;1509;4008;-1390
-2721;2320;4995;2601;-1709
4832;-1313;-802;52;1526;-3929
-3439
3937;1443;4627;-102;3323;3533
-597;-3365;3867;-4380
-178;-4297
-3843;2437
-4129;3060;1322;-636
3196;1276;3085
3985;1878;1801;1753;-4924
-3842;-1724;2094
1494;-4967
1744;-1636;3687;4667;-1916
2000;2499
2469;-1551;-4256;4767
1941;4439;2186;-2016
2017;4930;3602;-3779;-3159;4991
-3681;4092
-1649;-3602;393;4074;-1676
3762;3571;-3910;1806;-2496;-1296
-1441;1604;4347
-1209;4762;-748;172;-2558
-4487;539;-1596
-3059;-2005;-3637;2118;-910;1949
696;-4192
2753;-562;-1627;1994;4011
-4522
291;931;-4884;-1879;3495;4522
-2867;-636
4082;3618;-2117;2088;4236;2861
-4020;-2405;790;-1134;-4928
-3475;2291;-1814;-2599;-2457;4543
3728;-1090;-1395;-1060;-4836;3189
4433;-2851;1683;-3526;-2570;-3755
-754;4790;-3640;1450;-381
4833;1658;2143
-3515
-4643;4888;-1563;-3899;-2395
-4450;-3156;-3706;-3470
-4453;-1173;2516;3557
3217;50;255
-772;-4804
4552
-1484
2515
4193;2099;1364;3051
-147;4710
-593;-353;2627;3204;3947;-172
3296;-2225;-4213;-2571;2172
-1142;-199;3735;-3902;1039
-1318;-1499;4204;92;-3358;-639
962;341;1214
2788;3239;2635
705;2946;-88;-4301;4828;4573
226;2534;1807
3107;-4245;3658
-3219;2980;3790
-3011;-3480;3741;4254
-67;4644
-372;-1653;3020;3582
4320;-179;-803;-3883;4909;4317
3056;4540;1086
-4918;2437;-637;-1470
-3683;-20;-1733;2893
2192;2946;4572
2183;-4616;3531;1643;827
2545
3858;-790;4170;-4110;1469
4611;4774;3430;762;1263
2449;-2562;3234;-1144;-4492;4043
3472;3318;3336;4889;-2222
2273;-4858;2345;-3343
1617;3250;-4659;-3700;-868;2825
-4708;-3573;2649
-626;3224;2573;3533
3616;4805;2327;-4090
-1910;-2119;-4808;-894
-3383;2747;235;1372;2748;1917
4979;4757
-274;2929;-2134
-1620;-4024
2562;-4111
3077;2058;4443;-4526;-430
1792;-24;-155;-3164
3584;-3013;-3834;2733
1770;-2304
-3956;-3733;-4713;4696
-2309;-1302
-577;4081;-4343;-1820;-956
1489;-2393;-907;-3853
4295;-4586;-2303
-4372;-919;-2952;2574
-2039;-648;-2890;3999
-434;2786;-4474;4233;1469;-3023
96;-2066;-4386;-4729;-1595;2906
2322;-275;-585;124
-3496;3623;-426;3659;-3180;-4845
1526;-1417;-1438;3950
-3843;-1907;-1923;3074;-1100
3111;734;4926;-2048
-154;-1309;-4751;-4608
-1608
-241;4418;-2468;4727;4408;1004
4823;-138
2224;-3110;806;-169;-1403;-2012
1381;-791;-3230
-1623;-3482;-1631
-4721;393;-1002;-4479
1760;784;-1062;2504;-3388
1857;3715;-2438;-3015;-3422;3903
-3675
-2129;2634;-1163;-2476;734;3006
1563;-509;-1663
-161;2663;-2954;-4254
1809;-3287;1656;-378;-4459;-2095
-3378;3989
2162;2648;56;-1483;3372
2434;-916;-4443;427;78;-2288
-2513;2007;2142
2660
672;-1289
4368;3314;2165;-1464;3503
3746;-1076
-627
420;4774;54;-2316;-4832;2527
4209;2626;-4358;3752;2894;-4400
-2242;-1189;-4239;-3200
-497;-2965;-4218;1993;-1087
-267;-3437
-3716;-1238;-378;-4939;-3677
-3393;-4416
4707;196;2820;-2806;3960;-2092
-35;3813;-3207;4107;3132
-2853;-3216;-2768
-3850;-1802;2218;4495;4703
1589;182;3995
-18;-3461;-2806;-3750;3175;-1980
3906;2738;1474;-3142;1820
-1522;1651;1700;-1830;-74;3801
-1680
2560;-1904
-1463;-219
2711
-666
4761
-3032;4167;2889;-3230;-128
256;-4403;4706;-3275
2716
-3585;4258
-865;-3603;2852;3748;-1110;-1696
-4850;-677;-2374;-3738;-958;3726
2642;4211;-885;-1003;-176
-695
-1442;-4052;2751
-696
-4145;-2860;-3933
1492;1608;4413;-3744
-2465;2435;1162;-2028;4507;1183
2371;-921;-2522;-651
-1738;781;-4863
3120;-18;-4035;4040;2716
-881;2176;-2054;-2761;-2188;3980
1378;-1045;-4022;2824;-3097;4667
4803
-1254;-4790;3068;1244
4547;-2965;-874
709
-712
-2546;-3046;3369;-4924;-1150;4510
-4934;3336;-1789;-4703;4302
-1129;-809;-2876
-947;185;-10;3066;939;-1486
4257;2545;-3413;-1638
2785
-4085;-1447;1974;-4138;1772;2110
-2961;-3250;533;-199;3242;-155
-3681;-1460;-4836;-2029
3041;4068;-1928;1545;4394;-1151
352;617;3261;4670;4143
757
-2849;2652;3007
1788
-1807;926;-3984
-3137;4930
880;2402;-3;1588
4786;898;2387;893
-4513;4480;4488;3391;1119
-3201;3428;4648;523;-2574
2417;3218;579;-4359;970
-1522;-1305
1802
4628;2217;-3035;43
593;2238
-1025;1523;-2743;-3384;4670;3791
-2561;2009;-4766;-4686
-3859;-375;2056;-2538;-2091;-4222
1817
-1900;4667;-2109;-2477
240;-337;4259;-3774;-4256
-3869
-1823
-6;-1310;-2559
2416;-120;-3101
-3729;4871;-1948
-808
-2930;4291;1684;4693;-1081;1321
-2685;-3246
-52;4959
4803;-3991
49;-2451;1589
-4870;-2635;-3550
-2964;-3936;4031
3792;-4075;1067;4462;3774
1959;-874;-2940
1854
-4296;-1901;-782
-484;132;-1594;-1564;-1421
832;-2261;4247;-2586;-4188;3119
1867
-3154;-2678;2936
-4981;-2012
3057;-3926;-2838;1707;1629;-1504
2002;1559;-665;-3290;3294
3251;-2299;2972
-4857;-2143
4248;2751
3200;4705;3362;-2970;-4365
1886
2356;1580
3251;132;-3352;4743;154;-4063
-2916
4673;4834;3235;-27;4539
497;4757;-1566;-1472;703
-594;402;4102;4762;1419;4092
2549;-123;3738;-4267
-3090;-3929;-1023
-4837;4567;4171;1531;-2511
3946
880
-2805;4517;1655;-4473;1960;4124
-3126;-3902
-2939
2088;2522;4348;2396;-4320
-1060;3589;-3111;-1483;3980
-2865;3715;-2603;3835;-3679;-4415
1076;1866
3060;-4551;-2478
-4705;4085;-2442;-621;-4702;3389
2225;-3254;-4638;173;-4207;-4512
-3828;1902
2327;1647
4998
3619;2406
-3825;2641;68;4711;4503;3052
1935
2992;384;-203;3886
917
-3699;-840;-1499
3232;3927;1991;-4137
3105;4197;3512;4440
-3954;4659;3285
3257;2827;-285;2287
3428;1847;1465;-4876;-2109;1165
1703;-783
-3266;1557;3225;-251;-2751;4463
52;1901
-572;1503
-4136;1978;-1147;-3775
3970;-4531;-3303;3015;3578;255
4011
592;-3580
-4744;-1324
4544;4595
1670;-2619
3221;4230;4406;1463;2990
451;3572
1714;-2804;-4261;3711;2591
1346;888;4862
-4451;1506;2787;-1414;-1851;-3677
2755;-2551;2799
146;1080;-1513;-4766
-1984
897;-2551;-1356
2960;-2937;2987
3010
1010;-2999
-1108;1557;1371;556;4333;-4720
-967
1857;1507;-4938;4588
-2981;-3158;-3564;2845;767
-3747;-298
1997
-1794;2484;-4808;-954
-2165;-2618;2089;-4426
3396;3758;991
2819;3412;2938
-4689;1218;-22;-2607
-4437;1398
-738;275;-932;-1191;-4235;-2364
1239;2283;2591
-1258;-3822;-2063
2427;-3661;4286
1005
3783;4503;28;-3213
1006
-3122;2931;2868;-4681;-1422;-654
-2661;-630;310;-4824;2200;3563
-2047
1264;-3571;-3445;1657
-2807;-1287;-1607;2280;349
