-129;-4629;1892;-3280
-3746;4775
-786;3686;-1276;-1631
2561;-3672;503;-3417;1967
-1972;-2135
-2916;-1685;-1319;-235
-1425;-3268;585
-1037
4109
2272;3203;-2857;-3259;-606;-3887
-4753;-1572;2051;1302;3403;-4543
-2817;246;1911;2968;-3579;-2844
869;-2536;4552;-4458;2010;3678
-1975;1708;-1215;1134;1391
4802;-3044;-1268;-2348;1838
1044
1632;2178;-4261;-4294;-57;684
-1048
3104;-467;-1113;-1548
25
-27
2146;-371;-2356;4682;-4703;574
947;-776;-2250
-1221;-3222;-922;2729;4492;-1823
-610;294;-1112;-4506;4876
-1778;4498;2450;-583;-4622
-965;-2144
4835;-502;-2583;4998;4908;2718
4950;-4989
1729;392;-1056
-3559;-2635
-4833;-2803;3187;-728
-149;516;-2472
-4130;1192;-2975;-2079;1790
-4546;392
1666;-2790;236;4574;-3456;-1312
3634;2083;872;-3453;4093
1416;4712;1103
3972;188
1478;3710
-69
-3363;-2963;-1013;-1113;-218;-1643
-1853;-271
-2124
-290;-3720;-3612;1932;3566
3233;4947;4570;635;-2045
-2689;-2269;-1264
673;1841;-4052;-4688
4178
-88
-3923;791;-2522;1404;-4032
-2673;3990;-4285;2877
-2733;2973;-1359
3281;2466;4323;-1301;486;56
4194
-3604;2054;-1416;-4141;1887
-130;-3122;-2135;-1818;1100;-143
1361;-178;3302;-442;3229
1633;2010;4654
4672;1530;-1949;-2096
4615;3834;3950
-1356;1468
-4241;-1681;-2982;-2375;1869;-2992
-3586;482;-3237;-278;-2150;-566
-2401;4786;3987;1783;3227
-309;-1512;-3661;-782
-2259;4036;3645;4558;-2687
4224;-2806;4936;3822;3262
1985;-2708;-1976;29;1117;2703
393;-4795;-1872
2323;1205;-1242;-108
1553;4726
4433;3833;-3034;4282;3341;-4528
64;-275;4370;4506;-2768;1407
-2954;-3328
-3385;2218
1170
964;-3165
-2553;1752;-3626;3275;1307
2369;-2670;-880
-1493;1701;-215;4906;1405
-4257
-4290;4438;2063
1376;1;2386;-4633;2345;-1310
-4795;-4894;4399
-3045;1845
-4242;-3316;3162;4138;-3676;-4445
1332;-4793;3273
4192;-2676;719
-4819;-3561
3772;-1535
-1811;-1011;3237;4584;-3692;-3548
4096;2273;4825;4362
-4486;3783;3433;3610
-2253
-2254
-2081;-173
4149;-4331;2810;2555;-4976
2864;2609;1572;302;4046;2127
704;-666;3244
690;-904
216
1527;2154;1565;446;4766
353;-4855;-841
-1256
-3305
4275;-116;3235;3605;-1550
1424;-194;2077
236
-2354;2116
3953;4358;4023;-4927
-518;-2571;-972;284;-2607
-3020;2779
-3239;1162;-527;3007;2223;1711
3872;-2892;2335
3922;-4009;-2956;2796
4438;-714;4025;-4301;2943
-598;-1192;-3724;-4237;3357
1940;3065;-654
-593;-2400;-1360
705;1698;-4708
-3890;-39;-2474
-3332
3336
1825;179;547;-4438;-1177;1771
-2103;537;4090;-206
-3255;4009;362;-1724;879
-978;-3444;2903;2814
2784;-2512
-4385;-3187;-373;3574
-1185;2001;4219;-4622;-2080;367
2837;4617
4208;-4295;3176;3342
-4479;1118
65;-2532;-1480;1111;-1292;2814
-3781;2837;-4630;-3961;1240;-3263
2882;-4566;-3659;-4828;-364
3912;-4208
3368
-4884;1957;-2664;218;-4268;2174
1239;-1610;2045;-1184;-192
-1401;731;-654
-1570;-4210;359
3374
4398
2290;62
-1333
-2290;-2103;-2060
2401;-41
-689;1412;2662
-4411
-2466;-4597;3721;-1069
1491;4517;-1558;-2281;-830
3171;4312
3809;-934;-3990;3709;1183;-2432
-3849;-4764;-3613;2268;1438
4160;4771;-1433
3363;3111
-4897;-4652
-1358
-2053;-1450;3885;975
624;-1778;1218;4058;-1741
-2818;-92;3246
4433
4497;-4245;-2982;-1206;523
2049;3602;-4283
3418
2084;537;-2108;1708;606;-432
-351
-3478;-824;879
3154;3352
-4460
-4164;-3162;-1819;4476;206
-551;665;1850;-2925;-2510;3838
-2130;209;-2994;4542
-4531;1940;-2362;-2588
4212;-4151;1388;972
1760;3009;-2884;4650;2060;-4126
1270;-896
-4500;3764;-3735
3104;-437;2653;-4943
-4759;2953;-4717
-2429
-3300;2469;-1143;-4554
-2042;3453
1232;452;1221;3627
-145;3045;3494;3834;-1822;2222
-4433;3924;-2278;-409;-3019;-2367
-2035;2740;1735
-3780;3267;906
-3814;1560;2057;-4298
3971;-3467;-669;4156;2828;3821
1731;-3157
1427
4658;3907;-777;2585;-4635;2863
4513;-8
-342;1925;3798;-3031;4554;-1373
-415
-277;-102;-870;4890;3949
4626;178;-2342;-4278;4854;-2615
424
3489;4150;-3146;28
4752;-2434;4742;-4312;-2219;-956
-2980;-330;-46;-3216
3890;-4279;-2456;2552;-3833;4554
-4402;-4220
3857;2719
-3099;618
1473;4945;4532;-3350
4080;-3645
240;2577;-4635;4301
2217;-4702
-2689;-1810;-1731;4647;-4586;-415
245;-3760
-445
-3557;1063
4817;-3525;2917;3406
818;3725
2756;1788
-4552
1076;-2873;1179;-1676;3773
2504
2981;4645
-1777;3106;-3271;459
4050;-2659;2500;426;239
515;3510;3847;-3631;2367
-325;2997;3238;1544;3660;3692
470
-1500
-4786;-2419;182;-2733;-4032
478
-479
4961;1285;743;2218;2764;1820
4624;-2930;4935
2340;1415;3899
3959;1303;-4826;-4495;-527
-1767;1833;-2605
4098;450;-2743;2169;4938;1821
-495
2182;-1880;-2382;3598
4592
3191;-2904;-2990;4317;-1071;-47
3812;4005;-4425;-1870
-2851;2351
4457;-206;4446
-3105;3970;-1992;615
4610
-3569;3507;2371;2440;4985
2455;-1948;4109
247;1288;2058
-4803;-3911
-452;3848;859;1116;1231;-960
4151;-1579
531
3463;4999;-1274;-574;-4367;3407
-1097;1849;-2317
-649;3241
1060;-1367;-4760;3544;3871;-4944
4643
707;-1766;4679
3392;4066;-2812
4776;895
-3571;-963;-4213
-1626;3835;-4812
-3630
4130;-2037;3223;4810;-4446
1477;-4088
-4483;-484;-4812
132;3029;121;-4287;-1151;4767
-692;1277;-3199
3017;382;1263
545;-2754;4139;1709
-570
-3642
2983;-3433;1512;-4220;1563
-4836;1702;-4607
-3985;-2034;-1941;-4105;-2844
-3653
2498;-4698;-2479
-17;-4154;-254;-255
-3601;-1082
-1613
-2643
242;-2403;-2869;-1180;1519
305;-4823;-2681;2364;-3552;-3472
-1971;-4248;1192;1358
2464;-4085
1072;-4785;-626;-3431
4624;1496;-3326;2927
-2067;3756;-1086
1628
-465;-2788;-2741;2317
-4930;1058;1462;-2136;-1180
-2337;1332;-4905;-3920
-3556;-3061;-1366;-4150;806;-2605
3522;-2807;-1608;154;-3979
1349;296
4403;-4184;3272;3279
176;-3942;4790;1753;2076;2941
496;272;-548;-1814;1750;2520
-3041;-1958;-4832;-4112
-1427;4042;-3678;1694
-3708
-4726;1018
-4625;-4386;-822;-1575;-905;412
-305;-2380
-1707;-748;-2652;-3725
-647
4001;1766
3876;-1557;4637;2830;3150
2704;-3204;2725;4568
3424;-1377;-1767;3097;4522;2990
4746
4757;3383;-696;-411;-606;-1679
-2702
3729
-3283;-3011;1013;3913;-316
-2971;3630
-1207;4360;3819;3099;830
-1602;4949;4472;4011;-4653;2701
-56;-1632
4801;1956;-104;969;-3150;-735
-1332;985;-2732;1388
4922;-4252
1348;-4042;-3098
671
-3745
2720
1585;2037;123
1698
-978;-1667;-4598;-3305;-4495;-2016
4594;2226
-4914;3492;1465;4937;-1231
-4454;2109;-2318;-1136
-3220;489;1961;988;4990;-4528
4857;-3786;1660
-4305;2168;2824
1681;3715;3081;2107;1756;2687
752;-2545;2485
4931;277;-4969;3739;-4672
-695
2720;3185;821;-1935
912;3443;4201;3964;-1584
-3773
3360;906;459;2492;4671;79
4435;-3078;3701;3839
-3910;4794;1869
209;-1700;740;-442;4141;2879
716
-2595;2131;-4041;-1929;-2476
-2306;-3858;-981;1307
3040;-3138;-4187;1694;-4272
1008;1751;3002;4061;-2862;-3167
-2633;425;1211;-3245;1471
-1541;-206
2644;2806;3465
-2820;-4982;-2471;4445;4078
3248;-2996;3301;2727;4920;796
-1654;216;-319
4830
4360;-3579;-4591
-2787
1413;2074;-2748
1111;2703
-4930;2135;-3515;846;-1424
388;3173;213;42
3280;-4674;-2019;-2453
-3818
3057;3061;-3993;-3931;3885;1741
-3825
195;2102;-2299;4123;2476;3374
-3830
-2498;4820;452;3722;3099;1406
-109;4972
1586;1231
4257;-416
-4866
-2821
-1066;-3164;-640
1970;-772;-950;4086;536
-1938;-3334;3911;-4537
3731;2277;-4102;-4735
4877
-3137;-4099;-230;539
4433;-2119;-3098
-4209;353
-3026;-3669;1015;799
-2243;3027
-2257;3044;2508;-1486
1394;-2245;-3327;2367
-2882;4453;-2939;-1565;-927
1875;-4101;4949;-4011;-622;2701
4835;3861;-2454;-2330;-3358;2286
2672;4265
2129;715
-3506;483;3452;2415
-2865;-3497;3848;-3481;1372;-1296
-3972;-3285;4566;-4952;3419;-671
-4116;-2780;-3853;4830
3284;-137;4104;1721;-44;2111
-3652;-788;-2309;1853
-4164;2196;-3941;949;1085
-177;2964;-1984
-385;-3971;291;188
-4371;2542
-2755;1484;-430;895
2883;4403;260;-4487;-2254
2131;995;4852
1835
290;3594
1837
-1308;492
-1409;-2485;2664;1597;-3232
4807;1134
-3286;-1931;1898;1468
-3901
1297;-3580;2875;3406;-2144
832
2978;-1524;617;-4299;-2703
-3939;2842;-3835
4336;-3493
-1829;999;2184;-2201
-3850;-2459;-1212;3598
3360;-1922;4130;-2612;3015
-855
-3778;-2004;-517;1479;574;2367
4951
-2308;2134;-1336;-2463;4990;2910
449;-677;1706;-620
4885;-4026
-1031;-1879
550;-4136;-1918;-4575
-1090;-2498;-2708;-4808
865
740;-759;1913
1664;3940;-2632;-329;-3581;-1983
2359;-3083;-1277;-1165;-3854
-1206;-3912;4647;-2462
-1252;-874;4969;2138
-535;184;-2713;170;-2556;-2605
292;-4252
-4434;4545;3363;-2586
-2051;291;-4413;-4958
-3779;-2232
-150;2325;-4909;-3280
-2657;4445;-271;-624
4834;3228
4852;-1909
4992
-3139;-312;4348
-625;1686;3722;-283;94;-3696
2531;-1269;-1526;3211
2896;4805;4007;2507
1935
-1938
1409;4869;-2761;-2603
3604;-7;681;4186;-2123;1742
-778;4766
-2823;2407;4455;4697;-1674
-809;2092;3741
-1427;2434;-4276;-1757
-1940;-4120
866;2914;231
-4995;-4501;-3734
-4375;-810;-2269;1421;-1423;367
2017;2003
-1975
903;47
10;-2508;284;237
595;-4620
80;-211;2662;1320;2222
3474;1940;-4459
3505;-2372;-1989;2892;4044
-1748;1027;2905;4764;1181
4803;2675;-3927;-4664;3100
3808;2052;3317;-2070
3015
-1413;3110;2490;108;-4094;2815
-3353;333
380;-1598;3213
-3021
-3886;-4255
545;4357;-4759;3902
-2005
-2242;-3145;-921;2253
848;3122;-4853;-4758;-1292;4925
1824;2617;1773;-1567;-591
-1669;3678
-2404;101;-2040;-556;4414;1471
4833;250
-1810;-2084;-4168;923;-1024
-259;3363;-1430;3419
-1265;4144;-3191;-3752;3048;-1008
-24;2104;4521;-2526
-3319;4057;-1744
4982;1144
4704;467;-71;-4375;281
-3042;-4205;-1263;2382
-3187;4197
-147;1158
2871;2729;1833;3820;-4093
