328;3709;-2638;-4479
418;1766;760;2251;1981
1376;838;1801;1113
9
2000;-4738;3075;-3766;3496;-80
-2296;-604;-4285
-1043
1042
2677;2614;859;1038
-1096;-3864;3723;1261
-3138;2884;-4712;-3418;-1882
-3397;-728
2480;-1251;-1626;2348;-4032
-3106
1744;-404;-3685;-74;-4784
-642;1979;3229;-431
180;-4317
2240;4449;-1528
4691;2519
-3739;2671
-3119
-3284;2871;2174;4431
-3127
-3014;1483;-446;-1152
-2729;-4782;2334
3221;-2495;-3856
4947;455;-4732;-1757
1088
-739;2738;-868;3285;-61;-2240
971;3035;-1037;-3325;2877;2670
-72
-1425;3891;2344;-2267;188;414
-74
-610;3555;4230;-1527;-2250;-252
2368;-4564;1303;-3279
1264;1653;-2343;-4747
-225;-4205;1965;-3662;686;-4880
-4547;4628
-2421;-2663;328;-2494
2258;1189;-4556;-3072
-3142;-3287;-825
-154;-719;4030
2800;-1238;4668
1993;-3886;4029
89
-91
-4188
4033;1178
-4200;1852;-95;302
1632;1469;63
-644;-533;3319
4017;-1459;-3680
-4196
-369;-2403;-3466;-4859;1642;-4989
-108
2384;4944;-89;-298;-2110;397
-2369;-998;-3913
675;2511
4217
2052;-1544;638
3188;3366;-4377;3995;-1950
3234;-4420;3491;-2649;4568
2176
4402;-2134;-3799;3655;-3288
4673;1613
-1463;-1754
-3218
-3530;-1739
-4738;-323;546;4101;-3835
-3875;-3498;-4240;-1856
-4946;-596;516;-3207;2953
1153;3782;4860;4701
-1217;2584;-4603
1142;-4876;3566
-1193
6;-2224
1731;-4869;-4168;-2012;956
4513;-2261;998;4779;-686
-4756;-2597;-1909;1860;-2341;1371
-3281;2388;2565;-1855
-612;2183;2268;445
3266
706;-2681;-4364
-2786;164;-4374;-2343;-2199;78
4560;3976;-4798;1070;-1536
2723;4084;2293;-1815;2135
-4370;4146;2789;-1718;2169;-1788
2434;-101;-1484;2316;-2960
-4402;-503;-3097;2890;-1244
-1281;39
-1318;-4680;-3438
672;3585;-2713;-3945;-892
-2065;2193;-2374;-632;4871;-3242
-4961;4913;4337;-629;-1385
-657;465;-119;1567
3652;-1829;2507
4720;1061;1174;-4937;4153;-3887
1201;1121;1639;-4280;-1083;1163
772;3766;-4839;4617;-1004
1049;4314
2964;55;-3113;-4027;1742;4671
4643;870;-3992;3287;1502;3150
369;711;2237
-4788;-2216;3417;-282;-2522
657;-4614;1148;-3582
-1414;4843;-111
3414;-2921;3851
-1777;291;1910;1416;462
4279;-2985;-3692;701;-4703
-3249;-1105
-4322;-4571;443
-791;-4220;654
-4853;-2390;-2461;-3870
1744;-545;-4068;-470
-289;-1321;-4720;2991
-63;2382
3538;1154;86;758;-142
-3192;-1180
-2091;2367
1509;981;2726;1642;1085;2574
-3846;1422;-1952
2384;-2370;3442;-1129
-4226;2359;-3370;1054;2782;-1952
-3523;1125;-1673;2793;-1053
1249;-4307;-3374
673;-2536;-3546
-1674;-4762
-3537;4853
1664;-2920;-3118;-2000;-2112
1172;-859;-3564;1228;-3216;-176
-978;-3447;-153;1516;2766
1299;-1748;-2981;187;-4221
4928;112;4108;366
3540;-3840
-1266;-1083
3373
-1563;1261
-4890;2539
4917;3992;971;684;4220;1903
336;586;-539;-4783
-2721;-3603;3876;3238;-2120
2354
4659;3607;4808;-15;3631
-4163;1414;-889;-4013;-830;4078
1809;1157;-1625
2366
-2419;-4047
2723;3528;-809
1352
-3894;-1256;-1419;3370;-2812;-4559
-3857;-4187;3867;-3325;4095
1796;1846;3034;2698;-2732;860
-3708;300
-2164;1156;-3016;1721;3662
224;-769;-3682;1992;-4859;-1436
3569;-2722;-4073;-3259
1607;860;-79
-38;-758;-1177;89;-1102;3326
-2899;1526;-1176;-4960
4964;1801;-2843;-4683;-1628
-1521;385;-4439;-2096;3231
1123;568;2108;-4144
-820;-2741;-4410;-3628;-2765;-2367
1494;-365;-782
2967;-571
-1350;-2247;2222
3185;1062;1225
-737;849;-3239;-2616;-826;-3003
1106;-40;1337
-4808;2845;2318
-3543;-536;3723
-2786;-2901;1577;3498;91;4973
1859;917;726;-1975;-1884
-4210;-3111;-3278
-3378;-1059;1080;4619;893;1278
-1390
3249;-2884
3922;2357;1064;-2079;3295
-515;883
2627;-4023
-2066;633;1804
-3444;1972;-1304;-2973;3325
-18;-3030;3818;-1437;-1757
-4201;378;-1676
-2430
-383
-4483;-2022;1366;-1595;2027;223
4562;823;839;2359
-566;-1686;40;796
2548;-1132
-4938;-3423;-1248
2944;-2821;4964;759;-3833;4526
-3106;3013;4133;-1595
-2436;-1262;-3871
-3473
-977;1318;-4152;3272;-3772;-3262
1988;3845;890;-1164;-3565;-3424
4502
1393;-7;-1303;246;3978;-2875
3254;-1975;-936;-4189;4254
-529;-2820;-3369;-4526;2206;-1615
-4511
-1941;-4395;-4925;1198;63;1391
4514
2500;4062
-1157;2762;-3756;4572;2094
-899;3862;-3880;75;2287
4518
2372;1877;-1609;-2793;-1439;-2928
1249;-4746
4266;-43;2619;3228;-1454
-914;3009;-3545
-915;-1084;4476
-357;3861
-1649;4064;-692;4772;-4927;-111
-450;-4260;-4604;2317;-606
436
864;-1303
-2209;2082;-4454;316;-3343
-1611;-2925
-1665;1479;-2955;4990;639
443
4068;-1942;1591;88;3211;-4525
-4129;-1524;4293;-1529;2553;-4206
-2068;-1453
433;146;2293;-88;-1312
-1253;-69;-4075;-572;3790;-4415
-2456;-2092
2499
-2501
291;164
460
595;2517;936;1532
4114;-581
-3534
-2489;2952
179;-3257;-3885;-1694
-4518;807;4393;2106;4812;-4062
-3718;4409;4714;-3179;-1019;4381
3632;868;-3006
2518
4384;3921;2694;-2336
-1796;-727;-1021
-4569
-4812;-783
2738;-3337;-2042;4685;3550
-1501
-3882;4857;2074;-1996;-2092;559
-4967;-1052;-4703
4164;-1736;-1946
576;482;-4923;-715
3556
1617;4036;1028;-1943;-4075;2893
-486
2560;2694;2615;1228;-2126;-4432
176;4988;-3646;2670;-3696
-493
4996;-231;-3640;-2376;-1023;2767
-3178;4602;-2557;908;-479;-815
-3858;2210;-2884;-3132
3396;-1207;2887;-956;-4621
1216;3553;-4980;4808
-210;-3235;2579;-21;3182;4350
19;2167;1417;-2076
-4602
-1682;4239
-3293;2526;-2528;2783
1158;3450
-3155;101;1337;3261
-1121;4480;4330
4619
-2260;4341;3564
1814;1657;588;-3373;2911
3971;1676
-4801;-3818;651;-2398;4366;4447
-2628;-1430;3450;1422;-4416
2421;3334;-1930;-1245
-2882;-1495;-1305;4491;2412;-1759
-551;1800;-3516;-1344
-1567
3904;-2994;4504;3676;2717
-309;4949
323;262;2359;-349
2596
3376;-1524;2740;2873;-4864
-849;4977;-517;-3082;-3132
-1441;4165;951;-48
3633;-739;4831
4833;-2517;-2875
1732;-3546;-2842
4660
-1217;1712;630;-1257;700
1658;958
4658;-2660;-4581;4428;-3439
1209;-1258;-4860;-4880
3075;-4968;-729
-849;-1666;-1828;-3001;-766;-1680
4657;1125;-4505;-2780;3534;591
-4181;-4572;3055
3649
3936;1559;3279
-785;-1459;2402;-1190;4687
3763;4133;-2327;3562;2956;-1264
-1795;4841;-4731;1274;-176
2637
-3662
230;-618;-1594;2990;-4672
3014;-3272;-335
-3626;1198;4047
-4757;261;1690;-3936
4944;2723;3641;2955;2719
-3671
4117;-2822;4425
4699
-605
-22;-3623;-1162;4636;2831
1862;-1902;653
-113;-435;-1589;2294;-2712;3175
-706;-1458;2002;1801;2057
-3523;-4568;-2890;4476;-270
-2114;4417;-3570;130;-520
3029;-1371
-2684
4548;-3910
-2708;3926;3519
-1219;-1643;2284;-64
-2696
-338;603;4478
-2673;-3457;-179;1561
2849;-4003;-3780;-2027;-2907
-1284;-3466
-4114;-1479;3914
-1553;321;-2878;-3919;4654;1695
-1090;2801;3716;-2845;2413;-2288
119;-784
-4548;-388;4220;-975
-1331;-1387
-3667;-3990;842
-672
-3013;2806;3687;1644;-590;4335
-3892;-938;-4221;-3920
-3841;-1207;-1848;-4297;2317
-1972;582;-970;1229;4141;-3696
-3363;2468;-1951;-2960
-4225;3554;1939;4461;77
177;-2836;-1181;-4287;142;-1920
-1714
-1137;-801;932;3141;1653;-3097
-2740
801;-1460;4424
4336;4752;2876
1272;-2954;-2093
-4145;-4760;2202;878
-3745;3273;-2523;1340;2542;1870
2913;-2227;-2421
-2978;-4902
2929;4899;-2718;-3375
-99;1838
16;-2710;-4246;1895;4392;-2112
-4743;-2923;-3995;-1344
-4450;-1236;1572;-2650;3100;-4224
3394;2104;952;-633;874;2220
-4146;1479;1096;-3246
-1109;-3546;2908
1430;4413
-4353;3770;-2222;-4064
-1011;-739
560;1296;-195;-935
-2769;2912;-1634;-760;-3326;-4367
-1746;-4548;3749;3594;4799
3805
-3770;-3626;-700;-2636;4782;-2976
-4;-2782
-178;-4770;1531;189;4990
-163;-2693;-2295;-4666;-4238
-745
4499;3668;4553;3257;-2413;1518
3492;2777;-3549;-3472
-3474;35;638
4193;497;-3192;-3231;-3120
1785
-4862
-4486;1338;1358
-4801;-68;264;332;-1615
2352;-1058;498
-3107;-728;-1419;4379;2671
4869
-4533;3892;-3737;-1036;1563
-4875
-3853
672;2053;4170;30
-1394;-4887;-3241;-1565;-1984
-4880
-4162;2545;4321;-2823;2859;4189
-434;-531;1656;908;494;-4928
1488;-2275
-4465;2643
1683;-583;-72;-2858
-4616;-4248;2937
-4904
4640;-756
1268;1691;-1120
-4912
-4099;-1540;-2548;-1847
213;2775;-1864;3658;-828;-3134
-1441;3793;918;1646
-4141;-4221;-1678
1464;-640
2418;-644;4651;-1373;-128
1846;3079
834;-1769;281;3725;-3903
3827;2772;-7;-4856;2167
579;3444;4876;4365;-3216
-338;-4086;-4603
3168;-3124;1463;-4395
3697;-1322;-509
-258;-3155;1715;4310;926;-2688
-664;4587
3251;-2375;-1728
-945;-163;-2534;-3823;-2608
-4210;-2791
4513;4693;-2076;-4223
529;-1390
2196;4374;-3659
81;782
-1777;-1058;-2125
3396;4124;-4608
1414;715;2831
4400;1522;-68;1939;-56;3367
-981;-2598;1096;-2668;1213
2291;3268;-3669
-2246;-3198;-2592
3061;1813;3673;-4686;-943
2709;-3580
-4200;3327
3378;3042;2281;364
2976;1895;-3657;4361;-4204;4622
1585;-4138;-1468;4894
-1988;-937
707;-2839;-2762;-4074;-4093;-2158
-1588;-4377;984
-3329;2444
-1910
-1233;-4777
4987
-1713;-3395;-1557;-2791;3735;4829
-4347;3454
2624;-340;3267;1565;-3151
-3970
3974
-642;2546;-2708;1428;4023;-3744
1604;-1270;22;4646
528;2870;236;-4238;-4400
4112;2594;-4998;-1371;-3295
-3586;-4493
-2356;-4390;-3674;-1691;-315;1275
226;1710
-307;-4471;-1640;1407
4979;3220;2374;1318;287
-4811;-477;-1422;2718
1538;4505
2288;1298;3843;-309;2596;4522
1905;-126;3247
-2565;-3733;3317
-3265;1202;970;3052
-4470;4105;-3646
4015
-1782;2725
3120;2801;3215
-4641;-2631;-2601;729
1200;4724;3926;-4800
608;4792;345;925;2477
-1981
959
-4915;-149;-569;-525;3149
4016;-2581;2902;-2987;4043;-336
1985
2000;-1666;-851;-1956;3439
2257;2597;-2630;4060;1133;4814
3291;1775
3932;111
1328;385;4723;1191;-2558
-449;4843;-3420
-2994;-31
2147;884
-2015
-979;-2504;1997;3502
-2085;3060;1636;-1022;2254;1247
-1828;-1096;-3451;-4860
-4021;-3400;-4121;1400;2601;-2672
-306;4377
-2028
1230;1823
3474;2787;-2601;-1883;253
-817;-3814;551
4080
2040
-2981;1077;-138
-4091
-2580;-2535
-391;-828;4285
