2641;2219;-764
-2369;-1785;1961;-2220;2206;3231
-4979;3429;1563;-1039
1057;3970;547;3646
-915;-117
225;4705;2252
4110
3222;-347;3291
32;3065
-3733;2824;-4237
-477;-3519;3598;-4752
4128
-2902;-4167;653;3662;-1935;-1488
1051;1035
-3116
-1069
579;199;-829
-1396;-4074;297
-3417;3929;-571
1504;-4640
3987;4394;-1150
2390;-312;-4249;-2617;3693
1098
-179;2301
3617;1814;3657;-4416;-4592
-3059;-426;4956;334;-2912
1474;4419;4056;2554;2461;2527
1312;4244;-4587;-880
-4113;1763;1596;3756;4255
-1907;-3753;-1599
2140
4733;-544
-412;397;-4783;-4512
-1029;3142;-2857;-75;-4396
96
4551;2076;4733
3066;4203
-465;918;-2488;2568;-432
-1988;3637;2038;-1536
1010;1748;-1317;3222;-4556
1939;2266
1296;4016;-1826;1989;2826
3952;165;2137
-1832;-3404
-2090;-1290;-4928
2550;4734
1260;3436;-1504
1872;-3461;-3660
-2096;943
930;2692;1702;4488;-4413;1901
-4168;-3134
-1094;4667;-4735
4720;-994;-4019;2738;4983;-1144
-4341;-332;-77;3628;3310
-4242
-898;-3125;-566;-2729
546;-4500;-2615;-248;523
304;-310;-4838;3029;-4480
-273;-1877;-2633;-1515
-2818;-4789;634;-2400
768;-3534;-1488
2193;3841;4227;-2928
-4568;4399
1368;584;2120;-832
-4001;3830
2165;-1627;3005;-622;-1727
-1746;321;3688;2571;1004;3549
4133;1164
-2228
-2737;-659;-1320;-1547;3692;-4782
2448;530;2725;-3799;-1720
1586;-518;-3303
-1297;-2546;-4419;3977
4288
-979;-1268
-1734;411;-77;3646
1088;-594;-3426;-1204;1486;-4719
-3201;-75
3969;4675;1958;-2200
2261
4309
-998;-1399;-327;4520;-4059
-1269;-502;1255;395;-1150;4559
-374;-3222;-4971;1756;-1599
432;-2329;-3274;4953
-4291;1379;-3972;-4184;-4378;890
1875;556;3932
2768;4054;1239;1374
220
-1731;1220;1758
4136;1209
-4119;967;7;-1611;-3663
226
3376;-1490;-3989;1492;-4487;-249
-229
1040;3290
-1263
-2288
2769;2361;-3516;-332;1006
-1813;2326;-271
4512;1875
-248
1174;2214;-1465;-1837;-335
-3347;1811;-615;124;-2270;1999
2298
3281;3799;4120;1340
-1075;-2251
3717;1991;327;-1081;2856;4734
481;4325;-4252;1805;-1534;-1086
-1026;-1283
-405;1005;-3935
4359
-2492;-2893
2048;-546;4055;-1195
-1857;-1684;-4700;-3756;-559
3285;-970
-2082;-237
-1479;-842
3218;2341;858
1376;-1156;-4164;-4509;-1262;4318
-3593;-2254;447
898;-3751;696;2393;2654;2511
-3207;4266;3403;4124;1935
3858;-503
1139;-3472
3357
-4404;3000;4537;-1180;1115;-1758
-3077;2789
2661;2748
-3955;246;-1499;-2255
4913;1927;2298;-716;-4029
258;1027;3109
4397
-259;-3291;3247
928;-3202;-325;-3592;2812
2816;2436;711;2106;4526
-2850;2071;-25;1116
370;3923;-4551;-90;-4462;-3696
-81;-2100;1107;2414
3947;-2607
513;-515;4415
3390
-4869;-1287;1052;1711
1664;4183;-2312;2236;-4717;-2400
4355;2883;2456;-3738;1534
1779;-3127
-4625;3131;1660;4335;2991
4422
-4497;1930;3917
-1298;-1959;1319;-410;1305;2394
4688;-1441;-422;-1629;2205
-1172;3674;-2171
3573;3927
4429
2274;1427;3165;718;2911;79
3122;3943;-1482;-2175
-4435
-1283;-83;1704
-65;4289;434;1242;3659
4632;-1216
3169;1169;-2757;-4215;-1807
-2065;3435
-4356;2936;-4669;1436;-814
4443
241;-2532;-106
-1375
3696;337;118;600;191;-4592
-787;-4549;1320;-2666;1210
-2548;1320;2606
-4722;-3286;-2823;3830;3822;4558
379;4797;2878;1518
4450;-3453;383
737;-1098
38;1275;-2701
-1777;-1409;-152;2327;-4473
-2920;-3592
-368
1555;860
752;2003;4069;-1466;-1887;-4864
3842;-3478;-4830
1540;3796;4102;-87;3895;-3656
1089;-4884;1172;-1849;-4096
-2425
880;-4330
-378
1921;277;-4904;2424;4057;2747
2312;2472;4441;-3066;-2669;-3871
-384
1732;1725
1936;706;-1332;-1367;3516
2438
-3211;-4732;-1693;1870;207
2371;-4581;-4167;-2855;-714;-686
1416
-2577;1906;2089
-4945;723;-2903;-2199;-3360
-4492
2447
-3475
1840;-2689;-3444;-572;2413
-4502
-3479
-4503
1161;-93;4620;-1183
-1313;-4660;4483;-5;604;-3616
-4289;3536;2189
3475;-70;-742;-1864;-4605;-1727
-2981;-3733;1958;-4090;-4880
3876;3655;-2698;1727
4403;4567;3737
-66;-3059;4439;-1356;3531;-1021
4092;4526
-4993;-3731;4052;2664;-713;-2829
-1456
1057;2855;-3178;4106;2764
-1138;-3961;539;12;4894;-784
1465
442
-2097;-259;-3545;-2972;2812;-2574
-4540
4539
2584;-1193;-2861
-4897;-1441;899;4991
-3809;3959;-426;3866;251;703
-1237;-2028;-4144;2863
3238;-3292;-2445
-2499
-3345;-3220;3029;-3062
-2481;3478;-780;-4767
-4690;2257;-3812;2117;-2471
2803;-180;1799;-2944
3303;-2846
1575;-2972;1855
3249;3317;4230;-4279;86
-916;3427
4448;3705;-4859;-4782
464
466
-1107;1704;991;927
-982;4197;-2391;1066;-3755;-1677
-1494
-1557;-1799;-2905;-3898;4569
2518
-4195;-3444
-552;-4016
-1345;3025;897;1992
1360;-2707;-2154;-1071
-2919;3510;-2093
4566;4727;-2232;1723;2957
-1315;-1656;-3897;3560;4810
-3781;-2445;-398
-2793;3274
4453;4101;-4504;-541;4143
1509
-3557;124;-1294;2190
4161;-4466;-4630;2662;-2252;-4158
-2804;-3173;2774;-4458
-3569;3604;2631;-1228;-64;3215
-3476;3483;2299;3310
368;1857;-3269;4086;-3660;1115
-3970;4641;-4338;4868;1209;1161
338;165
3943;1703;4074
81;4341;-1127;3415;-4157
-2387;-4265
2866;-548;-2953;126
1698;119;-712;1096;-2844;-2944
2890;459;-60;-1214;-4943;-1744
1155;-3689;-2078
-449;1993
4580;4872;-2784
513;915;-1592;-185;4441;-2542
1552
-1555
-1332;-1247
3602
2401;3123;1523;2324;-2523;2906
-1282;-4438;3031;3227
-3265;694;-39;-2268;-2382;-448
-2129;-1484
4944;2004;3834
3496;-2330;-623
544
-1826;-1882;1179;-4014;781;-4000
3776;-1183
-1943;-2792;3767;-954;351
2258;-2583;154;1741
2176;-1217;-3591;-2459;396;47
-4066;-3267;-1112;-4617;3130;-861
-1845;-503;2986;4618;-2716;3132
146;2199;-1886;3166
-2308;3080;-4715;2747;-3340;910
4064;4501;-4938
-1361;2941
692;3433;-4282;-3472
4662
-4722;1651;-3641
-3028;-4788;-3911;4347;668
-3586;3016
-3880;-1576;874;2987
3808;-3587;4501;3017
1893;-135;-3771;3724;-111
-1265;4914
1603
4577;-2498;-3013;-1707
-3233;-486;986;315;796
2884;-3304;493;-3744
2101;-247;1943;1050;2284;-3456
563;-3030;-3869;-414
1792;4393;-3676;-1902
4547;-3833;1800;-4908;-4302;958
-4068;-1509;2443;-4656
-1522;4457;4667;191
4352;2419
-3314;-915;1507;3876;2854;-4639
-529;3537;-338;1768;-414;1726
-2216;-410;1017;3961;-4475;-4654
961;1720
-1432;892;-3166
-4001;4945;-2602
-1576;-4700;2556;2621;-560
1521;3304;4312;4411;2030;-4704
1729;1171;-875;-1229;3935
4884;-1177
1425;4731;-4494
-1663
2576;3104;-2001;-4318
638
-4865;-2325;-3692
-1202;692;-1830;4394;3708
-3108;-2655
257;3922;3206;2567;-4185;4091
-3717
-3556;4200
-49;-1622
-3844;340;261;4791;-2600;-619
-3891;2354;-2276;-1227;-1964;-813
1657;1039
-1674
-3052;1374
-3364;-2505;-1321;4508;1004
-3619;-1781;1845;342;3869
130;498;4115;519;2711;3948
1424;488;2830;-368;1407
4761
1457;-772;-4970;-4573
2250;-2860;-318;94;4798;-1248
3298;3515
1825;3400;4138;956;-4526
-2723
1699
-437;3718;-2606
256;4898;4738
-1943;2621
2584;2506;4811
-2069;-2279;871;-4860;-1566;4095
-1461;4421;-2457;-681;-125;3039
531;-2425;-954;3885;205;2526
-4164;-1835;2682;2811;4283
4674;-3078;-758;-4424;2618;-2813
-2757
-2901;2231;-973;-1120
1185;-4866;-165;-1704;-3163;4923
1603;1580;-542;2302;1919
-719
1348;-136;-268;-1664
4817
3937;-2725;-4662;1527;-1737;1914
3794
929;-3779;3911;1304;2461
3169;3671;1064
-165;2951
3737;3146
-740
-4262;-576
-2420;-4471
3000;-1229
-4845
-2593;-4785;-2932;-1707
2784;3556;-791;-1992;-3722;1949
4770;1970;-4086;-364;-3757;-320
-4915;2597;2456;-666;1660;655
-3953;-2648;717
2800;-2793;4489;284;-2862;1919
441;2747;4859;2959
4353;-3267;-4547;4870;4634;-155
-787;-1798;3159;3783;1532
-1029;-4473;2329;2729;1225
784
178;-3528;4665;3438;-2863;4014
1270;262;-889;-3468;4684;974
3361;-233;-1865;-2761;-4204;-204
-791
145;4818;2018;-45
-3202;2257;4629;-3831;1911;2104
485;-1702;2663;-297;-1948
4626;3365;1447;3914;1915;3964
643;-1577;3192;3662
545;4351
272;2962;2690
4305;2721;245;-4374;-4776;-1998
4002;-1580;-2796;2204
-2036;4980;-4778
4464;1057;4003;771;4854
-4437;3848;873;-4636;-543;-4111
-4002;-949;630;-1848;2347;959
4896;3281;2506;-1021;-2703
1682;4255
4529;-1879;4807;281;-2618;-4301
3384;-4205
3892
4032;-2643;3907;-900;1769;-3296
1333;-3370;3916;4413;-1374
-1848
-3954;-2067;-5;-1863;-3179
594;-656;-928;-1888
-1432;4311
-3240;4075
-837
-3655;-1595;316
1024;2513;2051;1818;3787;909
-2595;-1322
3916
4662;140;2621;590
-4003;-2988
-3301;-3111;2461;4798
-3202;-4003;1765;2808;2603;877
854
4244;-4229;-2344;3183
2582;2059;-2556;-1229
-3346;1382;-3483;3566
1882;4061;-991
-3649;3932;574
-2102;633;-3485
-145;-716
2717;238;-47
3934
-2053;-1525;4661;4213;4502;-4840
4419;-484
-866
-1171;4792;4413
1890
-1898
1410;-4020;499;-3884
-709;-1735;-3720;-3592;-336;1023
4974
2929
2018;-151;1175;-3595;-2957;-446
560;1220;-1414;3591
-3147;-2589;750
1917
2564;-217;-3546;-3930;4009;4062
-995;-926
4993
3701;269
1713;-2450;-1970;-4546;-1439;-400
-3857;-902;4677;1335;-2157
710;2151;-3096;-1694
2952
1779;-4263;-4007;-2265;1290;1438
-4097;4053;-3936
-3137;-2066;-1731;883;1315;-1292
-3320;3626;3162;-2267;-446;-4736
1932
-4049;3245;-111
-1269;-806;-3320;2634;-204
-2689;-1730;2900;-90;3550
4626;1299;-40;2681;3615
-2113;2803;4660;2996;1018;-3326
-806;-919;-631;3276
-1217;4191
1409;-2327;3190;-3178;3883
-229;4852;4756;1877;-3351;-3899
2544;-1609
4544;3699;-139
2272;1250;1699;1770;93
-3239;3451;3803
3200;-804;-4772;-2334;-2383
-4244;-3636;-2917;1655;1064;4056
-3734;4622;-4912
-4115;-4133;-4166;3878;3486
-2211;-2131;4867;-2507
-1987
-1829;3541;-3576;-3661;-4862;2255
-2610;3411;-1324;-1982;-3584
-1995
4496;-2501
-2531;-1701;426;2829;-1023
-2200;-826
1976;3306;-2253
2007
3574;-3400;-104;-4959;-2240
3639;-1628
-1381;-1356;-2847;-4624
4341;-3529;2509;-2446;4222
4129;-1059;-646;183;-4587;-3118
3025;-835;3704;1192;-1982
-1298;-3245;460
2309;-4343;-9
-759;-1803;-4669;-4029
3069
