-3073
-1026
1075;-1190;-1767;-4524;-765
-6
3412;-4442
-2915;1396;4133;-1583
-2407;1375
4177;-1098
-4721;962;3750
4500;3172;-1517
1037
-1187;-2071;-664;1143;-313
-115;2189
-4004;904
-4690;2114;2547
-1506;4852;4632;3288;-4158;93
-134;4267
-4050;3313;4465;2950;-3419;2923
16;-3890;305;-2410;-1228
-2977;-2040;875
46
-771;1337;508
182;3786;-2894
-3129
3090;1063
2912;-965;-926;-2112;-1024
4116;4662;4023;-443
1808;-3524;-1253;4853;3261;4141
71
-1096
-1794;-1350
4370;694;-472;603
-4994;-4298
-3154
4245;-710;1831;860
-4180
17;-4002;4130;4676;3063;-3705
3953;-2003;-710;1915
2001;-2889;-2269
-4184
993;65;-854;-617;-1727
-3346;-435;-4006;1719;1112;4862
242;2899;4492;2989;-3359
-3168
1376;-1171;-3139;1861;-3222;1126
-757;3338;3661
1732;-4508;-4719;-3872
1249;3626;4956;-512
-4207
2645;-4816
2171
-867;2916;3524;-326
-1596;4796
-129
-3273;4425
4227
-1160
-4434;-4071;154;-4747;-748;398
1029;-3383;-4828;-2220;-975
3666;1274;3354;-989
-1284;4494
3893;-680
2722;3880;-750;-4687
-369;-1636;2052;-1735;-2554
-530;1287;-1802;-4224
-4279;-2076;1836;1534;4159
-4152;312;2664
-2468;1767;-2552;472;1225;4780
-172;-4925;847
848;-3206;-2329;-1514;3999
-156
4257
-1329;1921;-3171;1718;-2442;4492
-2103;-2154;2042
1191
2304;2562;1556;-1561;3501
-3620;-1542;-280;1688;1964;4013
2223
-49;-2307;4565;-2634;-2493;-3406
690;4610
-2578;-3752
839;-1067;-1853;-3230
-2776;-3608;2236;-3214
68;2174
3858;-1509;3336;3725
-1236;-1142;1526;-2779;2299;-2960
-2930;-904;-2776;2235;-1455;4607
-1858;-4867;2795;-4463
3273
-2630;-1036;-1663
4659;-3424
4305;1079;-730;1340;1391
4314
3426;891
937;-1164
-609;209;1639;-2524;-4064
-2102;-4760;3067;3517;-976
-2278
1649;4505;219
-4005;-2374
2562;2233;-2060;573
-1262
2641;4034;-3414;-4648;1704;-3629
1730;2356;3326
2624;-760;2461;-2031
4547;-1227
3202;-3603;4745
1936;2408
3520;-1497;-1774
-962;-2738;-2694
2866;-2644;3829;-1529;-2633;2413
-51;2713;1356;3405
144;1655;-2058
3827;-1199;-2959;1679;3007
578;1411;-2456;3049;-875;-1967
-4740;-156;2587
-1377;-4004
1028;3659;-2044;-2382
-485;1771
-4362
1088;-467;-230;2917;-2776;3832
658;934;-1324
-2612;-4172;-4222;1661;-4239
2000;-497;593;-4697;-491;-253
2323
3348
-3351
282
-893;1935;-2352
2611;-2117;517;3691;-2320;-48
240;1875;1955;1141;-1114;285
-1650;837;-4456;-1533;559;-3264
3363
3616;-3929;4815;-2160
-2867;-2937;-4732
3521;2770;327;4941
3955;-4390;869;-1622;1486
820;1158;-3256;1529;-412;-1166
-2531;2227
-1553;-1361;802;3699;1791
-742;3991;2312;4411;2653;-3102
-2357
-4405
4866;-4500;-3750
-2113;-338;371;-4376
-1170;-3122;2309;2806;-3263;-2992
-2837;-1157;-2141;1230;2542
-2645;-1785;-2489;4329;3594;4431
1600;3837
-1682;-4116;-3880;-4171;4235;1101
1409;506;4027;460;-574;1663
327
-2692;3177;-3642;3487
4427
-3874;2834;4920;-2426;-4411;-3520
2932;3544;-1481;2684;846
-2793;-1164;267;2332
2934;-4826;-2107;-875;-2044;-4688
2016;-2916;4997;3801;635
-1970;2003;-3796;-3655;-4192
2644;-360;-3513;2168;-442;3945
-1857;-931;3135
3249;-3860;-359;-3738;-4138;-2767
1024;1106;3341
-1379
1717;3270;-1481;3000
1408;-3252;-4214;2623
-1425;1545;-571;1837
3436
3380;-1990
-1186;1505;2947;772;-56;-3615
-571;202
368
-4740;-4313;3482;-2876;2958
-3105;1784;3737
-4467
-4657;-4939
1405
-383
382
-676;742;1340
-2628;-3525;4743
-2579;-4580;-84;713
-4483
-3505;4916
-4899;4194;-3284;-2107;622;2014
96;-1875;-4933;4277;4471;-1648
-3489;4577;4866;1491;2458;-1323
-1666;-1876;-3765;4037;4684
641;2674;-3862;2989
4325;4950;-2920;-3912
-4321;3106;-4198;4119;1691
-3300;4420;-119;-601
2609;3925;4412;-3805;93;1359
3475
-405
-2455
1970;1364;341;-1207;-4924
-371;3108;-1655;-1851;3659;3662
-413
3488
-4074;-1467
1680;-1811;2295;136;72;-925
4721;772;4148
-3860;3434
-2425;217;4236;2494
4525
3353;843;4429
656;4729;-4747;-830;3886;-4128
3507
1120;534;-192
-3671;-568;-3609;-783
3510
3137;-2963;-616
2035;-3813;-4328;2842;-252
-1858;2818;-4468;3206;2250;-1503
1888;1981;-3424
-449
4544
-4865;1073;2183;3083
617;-3709;1615
3680;3906;-4998;938
3332;-3678;-1135
456
-2856;2651;-1280
-2100;-554;-1904
-462
4482;3378;2050;2840
-1813;-3772
-2241;-3348;-3292;2815;-1568
466
4528;-2758;4726;2102;824;-1786
1508;-3003
4161;405
3794;-4440;4856;-3740
-471
4993;3332;-4310;4652
2523
-2525
-4852;2326
-898;4447
2194;-4550;853
-2527
-452;-3317;4235;4043;-3007
353;-832
500;1770;-2479;-1296
1505
-244;4116;3301;2165;4588;895
-1081;4639
1568;1155;692;-879
2818;-772;2541
-494
2896;-2082;98;-4183;1641;1134
-3395;3689;3274
2610;958
2787;-3111;90;-156;-1199;-960
-2117;3204;-3622;463;-4576
-1379;2787;-40;-863
-3093;535
-4033;2471;2073
-3592
3762;-3252;-3085
1005;-479
3676;-2334;-3920
3888;-1027;471;-3933;1132
113;-645
-3479;4011
1255;-2637;-4543;-752
-3605
4417;-4995;507;-2512
-2050;-3043;-4312;3559;-1930;-956
-4772;2996;-2860
2928;2732
-1409;3364;-4105;-444
-710;4330
-417;4164;-4296
-4838;-1856
-45;-511
1377;-1267;-2291;-872;-1600
-4664;-1018
-3201;-98;1711
2612
-4359;-4411
753;4514;-1526;1957
-513;4245;711;-2840
-3283;-372
-4697;-1007
-4405;4687;3375
-1281;2512;356;-2395;222
3029;-1419
591
-1347;3155;-1532;2364
528;529;3010;1689;572;3484
3668
-3412;-261
4632;-1371;3867;-2431
2650
-1013;2639
-770;-3079;172
3676
-4818;-4627;-4473
4402;-4508;3789
4996;2790
-3642;973
2070;601
-627
2760;-2845;-4639
2675;3285;965;-4250
4001;-3446;-1687;4855;3049
2614;1814;2376;3561;-860;2397
1824;3810;1974;-826
1616;4355;2861
-2689
3412;42;-779;-510;1149;399
-3556;-166
-1361;-290;-1794;-277
-3810;4407;2072;28
-660;-4086
4506;-784
2620;-944
2785;-3439
3061;3209;-2543
-2881;-1871
1237;3861;3493;-1792
-2705
-2436;-1293
2049;-2295;-3484
-536;1197
-1268;3977
-3473;-3587;3811;2187;2749
1617;3746;1282;-3933
-2426;-4384
1493;3576;-4732;-4078
2717
-1203;1961;2985
4213;2604
676
-4277;-2822;3817;4090;941;975
-1703
3127;-4665;-4794;-2540
-4065;-3380;1165;-2063;494
-1636;-3145
-1711
-3409;3202;3988;3051
-3057;-4386;-4996;-125;-2942;-4639
190;-4976
1713;-548;1044;-1516
-4795
337;-1621;3351;-3561;-697;-2604
1795;-1461;-1036
2339;-3061;-3293;3311
1733
4723;-3557;-3959;-3038
-2582;-2871;1289;1404
4465;-516;-2934;408;2073;1311
-4814
-3060;-870;-3961
2067;-3815
2738;-3156;4391;846
-1858;2114;3094;3705;1770;4188
-570;-3228
4491;4427
2563;-3415;-2103;-3146;4876;-3598
-736
-2993;-2274;378;1515;3517;-880
-3957;-4025;3149
1763
656;1605;-2311;2010;-1184;-4592
-1594;-3247
2343;-2682;2109
-749
3729;-1412;-3477;-4501;4151;760
4900;-2470;-4430;-4896
-1041;3921;3956;2056;-2812;-3280
-4259;-2701;62
-513;-2868;73;1483;1069
-3288;4044
-4195;4932;-4566
-2807
3600;-499;-3863
-763
763
2811
-4861
2946;1431;-2459;-1150
-3524;-1355;4108
-3703;876
2289;-1661;-3998;703;-3232
2723;2682;1517
-833;-3589;4567;-1949
1120;4783
497;-610;899
1812
3686;10;267;3036;-3134
-3866
3152;3234;2600
4130;163;-1451
794
-3681;4546;-1702;-1895;-4208
-243;2002;-2885;-4280;-2560
4674;3828;-1132;-2348;-3950;3823
3656;4633;-795;4188;4477
3872
-3593;-4652;-3821
1314;-2387;-2165;-2685
-3883
4117;-1818;-2427;-2972;2284
4576;-3760
-2565;-3374
725;-2573
736;-917;-3639;92;-2222
1854
-1123;-2598;4684;-1088;1983
2883
-39;-1824
3473;1385;172;-2254;3183
3911
-37;1157;-742;-3830;1098;4219
3107;1321;2558
-3814;-2488;-1593;2461;493
323;2692;4982;-1008
3920
-4529;4306;3525;3174;3671;-4176
-2325;-649;409;-2811;1451
4901;-4742;693;4954;-1261;-3693
2752;149
1876;3446;-4303;3935
-861
14;847
-1415;-1052;-4540
-4785;-2771;3826;-2517;-2523;-1309
4117;-476;-1068;-686
2464;3217;3475;2213;758
2338;-789;-4076;-525;4940
-2076;3965
3577;4300;3229
2641;3909;1484
572;-4511
-3747;3154;2338;2615;1767;-139
2944;-123;-1980;-1712
-2919
3689;1566;4831
-4657;-2629;2806;-505;-3371;-717
-1839;4767
548;-4454;-2775;2726
3184;-2614;3385
2933
-3720;-506;2316
-2856;-3695;-1504
889
-2942
-894
-4545;-1130;3005;687;-1984
-895
-130;-2421;1893;1687;3021;4015
4690;1971;-1783;-377;3224;2393
-3765;2265;-4987;4428;-1918
-2960
3543;1465
723;2663;-3737;-2251;-2412
-3265;2753;-1702;1175;1578;1402
-3475;4211;-23;-813;4093
-721;4643;-1974
2785;1313;526;-2672
-1959
3185;-4854;518;-2857
-3027;-4214;-4328;-1532;-4926;1725
1457;3381;3349;-407;2262;-904
-2995
544;-3431;-108;1023
3003
4103;3370;3100;1310;-4784
-4031
-2355;4902;4476;-4016
-1988
3364;-1481;2154
465;-553;-1690;811
-547;2179;-4870;-4552;-1643;-3822
-3019;-2379;2380
2612;-4085;-521
-1997
-4047
2900;4839;1689;4858
-3955;982;-4008;1992;4444;-431
-3110;-182;-759
658;-1749;341;2360;2443
-1475;-3382;-285;4159
-984
-2657;-3457
-674;3716
274;-4405;-4934;-4221
-3825;2823
2977;-1970
-155;3212
-4873;-4330
-1074;-4699;3611;2268;-4317;1151
-1796;-3013;3974;2586;-924;-4911
1016
4093
-2047
-738;2785
