-1106;-595;-3845;-598;1174;-151
51;-3207;-4013
-714;4332;3550
1781;453;-1210
-563;3638
-2641;1024;-2486
4064;-4518;-1466;1228;3772
-4714;-1611;4139;1151
-3237;1892;3749;-2039;-3467;-2032
-3;-4039;3000
-4577;2962;-184;-1293
2304;-2935;-1049;2794;-1135
-4451;-918;-3900;30
2073
-2241;-1057;4070;-2848
-3490;-275;-4455
529;-4370;1954;-1784;-3498;-3101
3696;-1972;2663;-1562;-1771
1360;-2331;2125;-1118
-1493;-4981;1834;507
3761;-4628;1517;3613;2941
-129;-437;-3567
-3201;-530;-4264;-3722;-4027;4443
1169;1940
4834;4899;-4917;871;-1726;-3999
3109
2737;-2275;2038;4550;4254
4321;-1141;3316;407;4184;1242
4976;-1833;-3099
-722;3202;2685
-2625;4897;-67;2599;-1353;-2379
-1490;-3400;3144;1418;1405
-1464;-1664
4177;164;2661;1993;-684;-1087
-386;4643;3081;-379;75;-2880
-3106;3385;2474;1403
-513;-2623
-65
3106;-2760;-4509
4162
1954;1171;4229;1067;3933
434;3189;-3695
-2690;-4167;4631;2252;4142
4170
2032;-914;-2966;551;-2875
-981;616;-4570;-2411;-1100;174
-3102;1998
1808;-101;-1788
-3409;2242;2820;1349;-4110
4498;-1495;2278;-491;1470;4063
4993;962;-4847
4614;1225;-4731
-3159
-2305;-37;1862;-2360;3951
4464;1403;1390
1776;3755;-2524;3228
4002;2212;-4440;-218;2636
1779;1411;-853;-4181;216;1529
4150;-4249
-1125
-1202;-4706;-4835;-4767;-4048
-2647;4796
450;4697;4171
-500;982;-1611
32;3808;721;2713
-2158
112
-4599;1127;425;4187
-4313;2969;4460;2108;-4077
1160
-4238
544;-1971;4771;2885;-2473;-2590
-2354;-2681;4329;-2509
2001;3922;-660
-373;1044;3013;555
1524;-2696
-1473;2418;919;-3040
-373;4391;-3864
-4209;2468;-3536
3984;-4137;-3258;-1867
3229
-881;-1317;-4200;1897;-778
-2083;-2549;-742;870;407;1887
-2547;3733
-1188
995;-2406;4345;4041;-3307;-1452
-993;-3234;-4136
-903;3976;-3244
2145;1878;202;1293;3870
-3713;-3670;-4057
-2882;1929;4314;1935
-4116;3044;-4055;-3132;-3183
3590;1638;2120
-3202;-59
-2164;2995;-840;1020;3278
3441;3075;-310;1815;3564;-1151
199
-1665;-2901;103;4554;2156
3713;-3269;3851
2773;2837;4615;4311
-4498;-4898;582;-4702
4303
630;2808;-2537;-588;-1551
723;-2486;-457;-1069
450;-4020;2780;572
-3121;-4115;-3653;-743;-1084;205
3186;1368;-4780
3300
272;624;-4980;744;-4220;-3936
-2440;-606;3614;734;-4607
154;2127
3447;-2186
-2963;3204
2647;2583;-893
-3745;241;1190;1047
-1466;-1579;2522;3371;-2732;127
150;183;1210;4236;-2799;3407
3073;2482;-1239;2743;-4767
-1186;3237;-3210;-3835;3723
-3473;-4546;3851;3725;-4927
3333;3861;-1271;-391;2527;4479
-3473;-3986;-3032
1278
-1553;1104;-291;2018
2303
2161;-852;4436;-1673;282
-4356
3331
4944;1553;2082;-935;4904
2658;-3693;2319
-3025;-2659;3763;-2089;-352
-4754;-1846;-3833;4475;572
4113;177;1637;1717;-1704;-554
277;-2262;-330
4366
-3318;3031
-3413;-3801;781
4034;-3333;-411
-4680;-3805
-2775;2198;-824;-4638;-4496
-2350
3563;-3852;-3086
-1092;3672;4891
1808;-4024;-3208
-2353
1843;1534
310
-2408;2719
130;805;-3529;-2938;-3997
2001;-181;-997;1765;2845
-4412
-317
-2366
3940;-3656;-3497;1581;-4832
4803;2067;-3946;-555
-2372
2208;3508;1753;-4204;-2942
-276;-1848;-95;-1184
-1889;467;-4392;3095;3337;-287
-2495;2831
-3353;-2459;-3742
-3623;-2860
-305;-4791;-2923;3083;-972;1470
1505;-2290;-2568;2632;2088
612;-1002;734
-3699;-2262;1519
-1010;664
-3235;-185
3420
1152;-4627;1078
-3249;-4178;-2143
752;-4324;-1902
357
3252;1653;1574;24
3812;1188;-4343;2090;2699;-4062
-2481;-2370;371;1193;1148;-4367
-2562;-3747;700;-2989;653;4510
2945;-982;-313;1786
-244;-4775;3721;-4331;2651;4367
2452;1894;-1591;3419;-3757
-4785;2883;421;2407;-2329
-3649;-294;-4678;3559;1196;3485
3904;-241;-1956;-3160;1196;-125
-3425;2539;4348;4700;2044;-4701
4610;3460;3579
-1416
3986;-3091;-4084;-4201;-841;669
-466;-1843;-3047;664;2249
-4381;911
-3138;487;3048
3680;2706;4341;519;-1917;1309
-1425
2968;-2621;-2799
3154;1747;-57;684
3481
643;-429;-2672
-4738;-3029;-3258;-44;4510
-1188;2004;1338;-4173;-1469
-4946;-2196;2628
-1378;-2873;-1610;1786;268;316
-3619;-2438;4970;2252;109;-3742
2548;-678;3670
-406;1723;-4941;-4992
-2474
1138;2999;4136;650;4815
2120;1594;4331;3998;3743
68;1765;613;-479;4606
1939;-100;-4199;-4681;1034;-3643
-932;3417
2227;-4070;1365;2933;3103
-4177;-4277;3147;-253
-3619;-1754;-507;1342
-2625;2256;4625;-1733;4008;-4041
-4310;2843
-3604;-1960
-178;-3320;-4107;-4060;-3116
-1298;-1557;-4265;-494
-1771;3595;1310;383
-1412;616;1852;2461
1470
-4903;4455
3584;-184;-1212;-4686
962;-27;540
4835;-3061;52;-344
-2565;-2518;4619
465
2083;4038;-1272;-1464;-3852
1494
-1094;2589
2881;1465;3294
690;-2693;1581;894
-227;547;4198;1336;-4042;-3309
-1635;-3132;3963;1279
3548
-2171;3626;-748;4749;-4975
979;4295;2282;1117
-273;1779
1686;-792;2265;3004;-559
-323;2855
-2834;-4787;866;-151;-4893;47
-2962;-4696
-1345;2754;2404;3493;-3112;1416
243;1796;-2613;-166;-1800
2576;-3715;-1622;1244
2624;-4886;-3352
1890;-372
3875;4852;-3111
3477;-1638;1721;2300;2863;-32
1888;-2533;2746;3227;-3805
-1475;-4149
-4209;3553;403;-4570;4316
1169;-2259;4387;1307
-2353;1193;3705;1035
-887;554;3019;-3903;-3407;-2032
3583
-4803;-628;-1240;3086
-3846;-903;3212
2993;-1698;-2565;598;2537;3769
1569;-3317;4311
-2532;-965;-3166
1393;3832;-607
-3430;-3015;3417;3550
3872;2320;2640;-681;2601;2061
-4259;-613;-1177;-1948;4399
3554;472;-4556
-195;4391;3502
-2084;-4549;-3480;716;-4527;2127
-4630
-3636;-4069
1984;1464;3722;-44;-4542
-2034;4470;-3079;-1418;-3310;-1311
-4817;4017;-1003;1419;-430;1357
-1267;2835
3619
1962;-3536
-3991;3271;-4956
3297;-4775;-4939;-1311
-3137;4969;-2394
-3910;2086;2550;2189;-111;4926
1249;-723;3666;485;-11
-2621
-3394;-2998;-3401
-4546;-2405;3302
119;970;-1454;941
264;-4794;-3216
3527;4185;-4299;4142;-4928
1222;3670;-4009;-1468
-3363;3874;3765;1542;-3722;539
3680;406;2648
-2489;-2762;-2971;4461;94
-3668
-3541;-1151
-3137;-3617;-676;-335
3048;4717
1008;-3571;-4083;3690;-1743
-3089;1731;2582;-60;-3375;2815
132;-4441;-2442
4870;4663;4952;4555
-361;970
-2468;4101
-3074;-371;-1317;-1398;428
-773;-4960
563;-2037;-3253;1421;-1407
1641
3013;585;2139
-3378;1736
166;-617;-4361;-2974
-2669
-1389;-256
1936;-3123;-1784;1324
-1667;7;1928;-1468;-4544
4240;-2899;2802;-345;698;-2847
-1523;99;-4246;-1544;2795;-2351
-4647;-4520;455;1769;3691;-2496
-1713;1162;3083;-3534;1630
-1012;-485;4214;4063
-4180;-951;-506;-1146
-4881;-65;-330;1516;-3023
-339;-3048;4029
1785;-2159;-2319
420;-3114
2774;4015
-3623;-3915;3644;2765;2799
4746
-2033;-118;662;-2751;-2559
-3925;-3899
2703
3280;-1986;-3957;-2999;2393;-2509
-4721;-885;597;119;4232
3746;3511;3641
530;-4948;1539;-182;-2919;-3896
1588;1844;-3261;-1856
4241;-260;84;-4886;4714;1887
2709
-3761;3097
3349;2905;-3196;-4541;-1229
665
3811;-54;-2763;-4733
560;-4354;-879;-96
3590;-4264
674
-676
-4273;-3892;-3781
-3155;423
2547;3190;-4027
-2884;-568;2125;-3456
3047;-3736
-689
273;-2265;3802;-350;2974;3423
-1222;1926;-4265;4252
68;2677
4930;2756;-2918;1866;-3117;3326
3792;-2024;2329;1722
3;1108;-2759;-3735;2315;1342
3778
-3546;-414;175
-2716;-4141
-2164;-1624
-2499;1782
-2274;-227;196;-1485
147;4667
630;-2777;346;-716;-1276
-513;3733;-760;-1738
4624;-2754;-4057;4959
-1381;2539;-432
-754;-4676;1007;3695
-1537;-2146;-3275;586;4620
201;-2587;-2444
944;689;3621;-457;-4062
2038;-2775
1761
742
-788;-21;3576;25
-1701;-376;-3353;1612
-3826;3970;-4988
-803;-2150;2808;-4299;2670
2115;1747;-2631;167;1898;-4046
-452;1959;-2763;4139;4236;4894
165;4951;-2168;4971
-3431;-92;-4398
4858;1019
-1682;-980;-1310;-2222;2957;430
-2813
2082;147;-3157;4437;-2744
-770
-3973;233;586;107;4716;125
224;4373;-3824
1802
4212;-2409
-4876
-258;-1683;1160
-3430;3686;-3086
-4232;376
2371;3802;-2027;4829
-2213;3530;4589
3862
-2178;-71;4118;2347;-2655;255
4893
-312;4599;442;-1163;4399
675;1146
2213;2761;-828;3661;-462;1645
-1906;2803;3941;60
-88;3965
-2776;-1690;1612
-4213;3052;-1295;3263
611;-3467
4256;-1797;-3269
-2066;1841;1541;-255;-1871
4851;-1652;686
-3778;-626;3607;667;-798;1741
944;2708;-103;-4686;-1728
-4045;4863
-39;-781
2870
4919
2331;4636
4369;2485;3639;3705;-4156
-3283;-3689
2876
2593;-1512;3854
4370;-3971;4887;-3336;2440;-3551
1145;-304
-2705;-3675;3487
3050;-683;4621
-2894
3080;3560;2399
3366;1882;-4060;-2046
-859
-3521;-2579;120
3793;3378;550;-4635;-4973
656;3278
2911
1251;1166;4591
-884;-1006
-705;-1188
-2450;-4563
387;2531
-2994;2394;-4300;3420;-3487
3425;-853;4443
1537;-1651;3035
4412;2606
-4954;810;-3900
-4649;-667;-4412;-366
-872;1852;4782;3311
1512;3787;4798
-2258;-4851;3753;2474
-3300;2215;4015
2594;-4469;518;4359;-4910
-3601;-4018;-4007;-202;2750
3957
-820;-549;2756;522
3905;-329;-1354;4652;-590;-2318
4373;1560;-572;3725
1088;2787;-2854;2824;122
2244;699;-2048
-4468;-524
-1604;4548
2945
1731;190
3970
4258;1284;4743;4951
1202;643;-3734;1976;-4782;-2352
2002;-3635;-1319
2993;2522;-3582
48;-2098;1140;2836;3079
1939
-3026;4595;-4485;2164;-3243
3998
-1028;4164;2685;-2846
-3188;244;-3526;-4078;-1647
4256;3184;3634;4199
4994;819;-3852
4012
-4630;-904;-282;-682;-2557;-80
-3526;-4602
-4513;2436;-4584;-285;4622;-3760
3104;-1140;3097
2468;-826;4938;-4589
336;4295;1847;361;-2797
-2290;-1625;4891
-4595;-2526
2993;2146;-1925;3591;1340
-497;4498;-4461;2526;-3519;4479
-179;2678;1942;-778;-1020;4479
-3396;919;-1400;-1198
4689;2761;702
-2851;-186
3044
4309;-3754;3594;-4108;-4110
2896;-2791;-4988;1022;-208
193;-3883;-4477
-2032
4354;3823
-3250;-3604;-1053;-4526;-3312;4495
1811;-4072;-4894
921;4026;-1888
2720;-987;-3136;3439
4096;2739;-4713;-2457;-2716;-13
4092
-674;-4852;1749;-4412
1029;-6
