1025
-3638;-4696;1576;-2876;415
2740;-949;-407;3449;-2443;4781
-2742;4795
-4103
4103
656;-1860;4743;-1068;-3645;4254
304;4656;131;2086
4183;-2126
2769;421;3990
4001;2212;981;-1112;-3616;-2480
-4449;-4783
2848;-4037;3049;3372;-3168
-643;1906;-1161;3195;-3276
-1666;3899;3454;2526
51;-1653;4730;-1486;3502
2994;-1086;174
-2742;2470;-4775;-4631;4520
-4134
3872;1336;4921;3228
-1071
2498;3587;-1942
1173;-1222
-67;-584;3694;3790;383
2368;4644;4302
3124
-2313;-1897;2074;4412;-1199
-1409;4640;2324;3222;-4743;-3981
3778;-643;-1141;-3725;4125;2783
-2338;-3779;-4100;4423;-410
3329;868;3654;4473;2075
629;4554
3139
3074;-3397;252
-4869;-3110;-3359
2036;74;4110
-1489;3953;897;-2707;290;3229
-2473;-701;1039
-4113;3347;-699;351
-2140
2224;-2469;-4104;3065;-4653;-303
1970;-1800;-3226;1500;-1567;-47
2290;-1142;-139;-3532;2028;397
3154;-441;2092;4509
-1042;1316;-2389;3238
-4613;-1589;-204;-3021;4207
371;-4916;4775;1927;-4312;-1017
3233;297;666
3269;4504;266;-2814
-947;-4661;2901;-4759;-832
3539;-3418;-236;-2622;3870
4117;3352;-238;-4047
-3210;4347
-4980;-4694;1784;907;-1486;-1886
-3188
-1141
-3192
-433;-4809
4224
769;150;4216;-4010;4123
1154
-689;849;-453;-4790;4951
-1159
3078;-2941
-4451;-813
-1006;1150
-1222;-1002;1055
1682;-678;726;-268;1645;4206
1150;-3344
4484;4123;-1292
-2324;4072;-1435;3628;-1744
-2355;3732;2840;-1177;-843
-151
-1795;-3864;-2620;-64
4660;-4505
-965;424;-1663
-996;-184
-3653;-2630;-4951;-2280;1070
3231
-4289;-1783;3591;1294
3968;3653;-3911;-4567;1949;-928
-4295;-586;2667
502;-3320;601;2043
-4435;3330;-1941;3973;271
-1761;517;2604;3935
4005;3895;-3628
-2001;-3522;897;2859;1564;4476
2581;4470;-2776
177;1460;-554;-1263
1840;-4068
-1043;4996;-3701;236;-2655;-64
-3874;-3572;2039;313;4923;-4108
-4279
-3140;1431;3560;3132;-2751
-2689;2873
4360;-4175
4048;677;-1467
-1955;984;105;3855;-1776
-1604;3205;2526;4318;-63
-488;2728
213;4906;-4027;124
-1315;-1797;-1180
-66;903;-639
19;4277
-2006;922;2540;2700;3212
1466;1530;-2141;-1056
54;-3751;-4379;-3245;879
-2098;1309;991
-2033;-370;-3316;4387;552;2008
104;-4059;-1213;-3230
3277
-2949;634;3546
-4304
4912;2913;-1002;-3675;-2557;-3871
769;-3682;4436;4886;539;429
3283
-1667;2708;2516;-2905;-2912
1236
-1990;-4368
-1416;-3388;4589
2900;-4140
-2822;-998;-508;-3918;4958
-4651;-686
866;-1029;4637;-1438;3325
4979;2777;-4159;782;3135;-2176
-4578;3429;-3838;670
4322
4385;-770;4339;-884;-2428;-1344
-2422;-2887;984
-3299;1656;-543;-4192
384;2564;-3182
-3688;377
240
2662;3351;-3609;-2506;-2573;-4734
-3315;1186;2742;3374;431;943
2290
2291
1530;-4848
1270
-3713;-2964;1637;3879;-1965;4398
4346
-2785;80;-2136;2541
-1726;3006
4662;1687;695;-12;2716;3821
-1938;-3139;-4371;4403;-4432
-4161;-3666;899;1451;1117
2976;3809;1186;-4808;4542;3823
4594;-2676;-1477;1529;-3261
2084;-2438;566;-3551
-1506;2178;-3740;-4368
-4546;2386;3913;-426;-4667
-1154;-2356;-4679;-1160;-3401;4287
3953;3062;2713;-238
3697;1558;-4059;4207
285
-2334
4381
-2209;3650;895
576;2219;-2109;-3023
-3537;-1523;-741;3926;-4559
-3219;-1300;-357;-4874;-3855
-3859;-2117;-854;-4956;-2844
3365
4832;3268;-3753;1069
1409;-4950;-4074;1721;2522
-4709;1285;-4683;4763;-1053
3601;3281;4971;-3360
-1036;557;-1871
-2379;2685
-2278;2518;-4729;-4829;2862
-4359;-4505;-2713
3684;-2346
3798;-2554;-3229;4796;-2495
318
2371
-2802;4850;2293;4696;1529
4870;3798;1671;-2107;3307;-1996
-2594;626;-4556;-2574;-3518
-4498;691;4021;-3343;-4368
-4426
3040;-218;556;-573;-3136
1374;-1040
-4353;-3601;-2267;-2381;-2719;-3456
-1606;-1463;-1071;719
3204;216
4596;3029;-1206;4199;-1181;4223
2656;2582;-2842
640;-3493;184;-4186;-780;-3984
-994;2150;2920;-137;-4875;-3516
3091;-2736
2405
-2407
2130;-4374;-1190
-518;2934
-146;-2291;-2028
-4787;-2709;4054
523;-1920
-689;3187;854;607;4607
-2428
-2882;-786;886;-3744
-3445;2102;-1087
3453
-3188;2442;-3548;2764;4989
-3297;-3049;-4891;-1229;877;-2111
64;-4130;-1971;1923;-4858;-2683
4352;-4807;1263;3679
3223;-2728;-346;-542
-3825;1042;-4729;589;-4495;-1264
243;2887;234;-1055;-224;-2480
-4725;231
-2835;-4550;-4283
3448;3550;4671
-1763;3955;2312
2247;4728;2651
-414
2463
177;-4339;-1148;3869
4273;-739;-3356;-1807;2047
-1537;342;3421;-784
2977;-2226;-918;438;1307;-3024
-3622;-3174;1246
1453
4526
3507
4576;-4055;-4847;-1232
-1233;-7;-1723;235;-2749;2990
-1079;-4142;686
2128;-3593
-2230;762
-626;-3915
3728;-4174
1526;969
4788;-1479;-3758
4546
448;-2401;2514;-217;2667;-510
-1057;-4517
454
-4554
897;3569;2293;2406;1534
3824;-4037;-3321;-1023
-4241;1073;-1209;1210;-1391
-4559
-3636;-4005;2388;-2379
4215;2394
2579;3882;-3678;-1294
1749;2103;716
473
-476
1763;1787
1216;1314
-4018;-3555;-4035;-1900;-3760;4495
3264;2341
-3314;-3349;-395;1451
-419;547;4244;117;-570;670
-4786;-3218;-1187;1828;-2347
-2885;568;3163;-2365
-3567
499
-1137;-4690;4789;-3898;-3760
705;3894
-3556;1003
3488;-1219;-1764
4602
-194;-4930;2;-4404;825
2133;3317;-4779;4685;-4847
-517
-3591
404;-1958;3942;-1308;-559
3596
-1174;-1401
4643;-3068;1005
1440;-4522;-4621
1489;-2082;2564;3496;2333;1950
5;-4815;-3920
-3593;-2316;2620;351;2399
273;4818;-771;-436;4099;1775
2577;-899;-2105;2635;-4463;-1360
-545
-2450;-2358;-2807;-4761;-2507
4439;2280;-4170;-2859;-3311
-4403;359;3529;493;-527
-1974;-3559;454;4525
4649
-1922;4523
555
3155;-456;2364;-2589;-1919
-3698;307;3238;54;655
272;1737;-1452
-2608
4099;-2508
2231;1209;4318
2115;-4884;-2943
-830;1422
-2456;3052
-1204;-4439;2631;363
2180;3303;4732;-2446
1600;4919;-1822
1786;-156
4703
2656
2210;-1011;-3859
-614
-1829;1006;-2863
-3672;2215;-3354;-4363;2415
419;-4919;-4747;-588;-2413;3439
4096;289;4837;-2462
-1644
2472;2250
-2662;2422;-1945;-876;267;4447
3458;-3283;3335;4443;-4252
-3714;-4052;-3835;1755
2305;2777;4763
-3537;-4561;-3507;-2932;-550;119
4864;3187;-4870;-374;-631;-4856
2680
-4732
-4728;-4282;-1868
2164;4214;4952;4825;-1182
224;3794;4811
-1895;3654;-96
-513;2790;-4425;-2591
-4003;-2567;1608;-2937;-939
-833;-1862
336;2129;2329;-1070
-564;4921;4170;1341
-3372;1693
2321;1461;4665;-4299;2650
1099;3819;2045;445;2463
4420;2887;40;3389;-4960
4114;-292;-4980;-1577;4808;-3759
663
-1450;-2139;-2908;4317;1215;3679
-1732;-2756;2104;4074
-1692
4763
2717
3741
1457;4903;1464;4203;-3983;-1231
-3695;3023
-3747
4022;-2202;2041;-2159
-3281;552
-2529;-2649;4315;-654;-3263
2017;3045;-282
-3682;2261;2889;-4990;-2286
-2545;-373;-2022;154
2530;2436;-2224
2729;-3568;-880
1120;-4563;4766;4494
1722
32;-4503;1815;-72;-2169;-3995
4530;-2851;-1558;169;-3038
4628;3883;2428
2749
-1941;-3886
1990;-311;3720;2475
4578;3411;2965
-2226;4659;4517;2342;-4152;-328
2305;-1114;4875;-224
-2776
3697;2089;-368;-592
1056;1824;2996;-3097
4178;1846;1799;-411;1182;-1712
320;3331;56;1193;958
-3812
-3187;2019;-2614;-3103
741
-2055;-3210;3498
-4634;4873;1276;574;3775
3924;-4586;3454
747
-3322;2574
-3900;-2655;686
-4996;900;3301;233;-188
1328;-2850;2258;-1783;-3799
-4421;-3159;-4983;-476
800;-3558;1514;-3851;-2829
2548;2213;-2695;3463;4443
2864;2816;-2952;975;1151
-641;787;-3675;-3376
1543;3082;4156;-3839;-3664;-512
4405;2454;-3021
-4391;3623
1986;-3846;-958
-4546;2117;-330;4378;1198
-3697;1899
-1876;419;-405;-1259;1323
2720;-2215;2455;3944;3087
1600;2130;437;-551;-2954;-1439
-4759;2956
-3370;1563
2208;-4440;-475;-3597;-2671
3854
-4880
4833;-4047
3154;4888;4011
-3220;2429
-3299;-4660
-4531;1685
-1122;-3395;919;750
-4227;2516;-1293;-878
-2003;2813
-4148;2293;-4077
1856;-660;4947;1428;410
-369;2304;1302;-2361;-1694
3542;4443
1744;-2553;1628
-3819;-78
-1541;2565;2807;4588;3678
519;-4539;-4205;317;-4190
-3910
-4177;2444;2574
-4109;3628;2205;1166
-2849;1123;503;1384;2185;-478
1394;3221;4422
-2895
4580;1386
-3012;983;1625;-2414;-4176
-4577;-586;-171;-3228;2591
2896;3314;-707;2290;-2847
4354;1385;235
-117;-3303;-2935;3863;-2826;-3738
-4019;1812;1668;4379;-927
1491;871;3928;-3743;367
2915
2918
4881;3010;-4564;-4119;4621;-910
-3944
-1899
1505;456;-63
962;2438;1574
-1685;1750;-473;2393;2414;-1471
1459;-1050;2122;397
1812;612;-12;2347;4860;3550
-2728;-1082;2925
884
-3529;2639
2400;4634
-4706;3602;-4790;2582;4203
-4988
-4262;-3178;-3694
-3332;-4793;1087
1428;1837;2655;-3808;831
1921
-212;-4052;-2024;-3032;-794
80;-3165;1869;318
-3971
-1905;3138;1508;-3225;187;-4702
3980
908
4229;4165;522;3964;2365
-911
2881;4562;4802;-950;760;125
-4060;-1661;-4494;-2991
-1445;1142;-2375;2902;3114;4748
2966
-226;-3220;-844;4684;1551
1875;4580;2503;2568;1530;3229
3760;3459;4933;4758;-2671
-2962;-1863;4585;-3677;4845
338;-4341
-3681;4614
-2737;2631;4312;4920
4468;4005;2135;-2169;-2732;-3744
3860;-3014;506;-2091;-1519;4223
-943
4192;-2947;-1383;-1832
-4453;3148;-2351;655
-3813;-2550;-2070;3241;3212
-2210;2659;4036;-457
-648;3849;828
4118;-1113
97;1619;-2985;-3262;-527
4682;1404;4095
-99;-679;-4104;1865
-3204;1210
1890;956;172
-262;-646;2906
4632;3819;4748;4159
-2789;-4220;-3184
192;-866;-4403;-3973;-149;1053
-4385;3407
691;4617;-3578;271
-4774;-4327;3000
-4385;-3778;985;-1182;-4910
-275;-4805
-4065;4509;4637
2341;4839;2375;2809;-2160
-119;2471;3735;-2057;1054
-1799;281;-4091;90;430
3522;543
1585;4881;-1749;4808;-2384
-354;3402
945;-1272;4455;3672;-1962;4380
-4754;120;4232;2429
273;2780
4577;-3012;-3670;1130;3004
-4085
2282;-3104;-4288
-969;-4637;494
-4401;852;951;4520;538;-1437
