3984;4339;3965
1410;2468;-2361;-1520
4632;-2761;-490;-1948;-1328;-1184
-2276;4309;840;1229
-2213;4045;-1616;-1248
-1510;2198;1789;2654
3086
-17
2228;-3371;-397;-3598
2065
-4137;4155
2068
4117
-4194;74
4249;-379;3322
-3101
2131;4581;-2278;-4463
-2523;-4605;4348;2749
-471;476;2079
4581;278;3672;-1947;2670
3384;-4975;3679
1680;2371;1524;2036;1128;1545
-4141
1107;986
4769;4497
-248;-1803;1999
-1077
2857;1294
-4276;-3095;2920;4907;2175;-2576
4152
-434;4659;711;-3854
-2108
-1012;-996;-3445;-1775
-386;1620;3947
3458;2531;2388;-2168
3063;1098
4163
-4900;-1691;1595;3900
-947;3458;2870;-3164;-1839;718
2514;-2441
-1098
4170
2096;-3538;-4456;425;-1770
2928;1495;-3148;-176
-2881;2124;2492;4605;-3456;-3984
-2209;2284
2774;2426;4093
-1104
4132;616;-2620
-1762;-2419;4098
3010;2728;4395;3261
-4086;1670;168;-444;-463
4235;-4318
288;3898
849;264;234;-4510
3190;-487;-3434;-491;-3374;4687
4113;295;552;508;2702;-3983
1460;-3600
-2530;1061;3174;456;3051
-3720;-1882;-3707
4727;-3321;-4956;-4736
-94
4866;-3668;-3849;-1097;-4046;-495
101
3243;429;3598
-4802;-4964;203;-3772;-893;1836
-4035;-2548;3306;3964;4253;287
753;4421;55
2169;3065
530;-1684;-1192;-1865
4134;1466;-1005;4735
-571;-4667
4609;-1732;-1960;-1516;1741
576;-4689;200;1594;4554;959
2832;-1365;2645;4119;-4011
3574;-3752;-3019
1148
-1493;2645
4049;-2130;-1702;-854;2008;-3549
-1075;441;607;2207
-1493;2988;-1518;-111
-2264;-942
480;-3659;-765;-3870;510
-1250;626;-4633
1162
-1154;-3650;-20;4747;-64
950;3366;-4379;3279
-3304;-1868;-4189
1027;-2006;-4951;-359
4241
-1820;4015
3025;3878;-4839;-888
944;-4213;3116
2331;4990
-4113;-568;-4281;-410
-1411;-3772;-1117
-1181
-1410;-1347;626;-355;-3816
-1969;-4050;-2676;1461;-1574;-572
401;2835
1504;-88;4892
-4;3977;3866;2570
-3468;-798
-1067;-2847;3743
1984;2753;-2228;2201;4266;3482
1316;-1590;-1721;2472;-650
2884;2341;935;-2332;3100;2463
288;565;902;2343;3371;-1149
871;2712;-2382
-2835;-416
656;4738;3079;2231;-2474;141
-1538;2563;2859;-4064
3253
-4978;-4213;-4215;-4877;-3438;-2015
185
4282
-4482;-3897
1540;1269;1961;1643;943
-4865;4849;1281;2417;-1460;4111
4241;-3348;244;2262;2538;3469
-3264
34;-821;228;3822
-25;634;4703
2521;-2716
2705;-3762;3477;-1211;1899;-2912
1462;3855
3872;1665;-4316
-4722;4563;1014;-3102
-1225
-3273
1814;-1611
-1094;-1243;4590
-2401;2261;2283;4207
516;3789
-3108;-1684;-1829;-4854
4864;-558
-2217;2429
-1241
-3138;568;-2638;1278;-4464;-16
-323;-3148;-3918
3714;67;-2536
-228
-3300
-3751;-2903;-1527;4011;-4430;-1871
2512;-1555;2346
4034;2341
-1603;-596;1402;-3536
1889;3138;-2375;-792;1866;3678
-609;1521;-4982;693;686;-2671
1267
-1448;-848
249
3668;4757;-1245;4334
-114;-3635;1028;2629;4810;1679
4673;-597;1333;61;927
176;-4527
827;-2110
-3861;2340;-3815;4262;-2378;3710
2837;-3097
2307
-3335
-3506;3059;1269;2825;1821;-4176
-1474;-3347;4551
-2386;-4100;-2262;440;-156
-1970;-4952;-361;-1389;3278
-468;-666;858
-4178;-1138;-2357;-4170;3482;-110
1719;-4793;-3515;-3307;-991;-656
-3155;-200
2128;-4521;2508;860;-814;3197
1798;3420;-4207;78;2271
-1332;-213;2265;314;-1324
-2818;1348;-2024;4815
-3249;-522;399
-3073;-3460;-822;1768;888;-1754
4209;3909;3400;3291;860
3127;-765
-2948;-4311;2855;-696;1624;3790
4675;-312;-2200;-1704;-777
-4993;4736;-2516;4003;4207
-1093;2344;4409;-222
4115;1294;-992
-450;-1939;1093;1944;1721
-3713;-3129;2169;299;1995;2702
-577;-2453;-1941;-3643;-926
-2051;-2381
4835;405;359;-2232;-1978;-1726
338
-1864;3229
224;2273;4371;-4422;1994
-3418
2678;-713;-3498;-4221;175;-3984
-3516;-1951
2819;4773;2457;1561
2981;2485
-3298;2211;-4950;-1674;-2879
-787;-3370;1916;-4014;783
2399
1552;4160;2960;3688;779;-2544
-1381
3665;-603;3438
2984;-4525;1182
4455
-4913;-1122;3365;4390;-888;-4265
-2210;1666;-1220;-4984;-3328;495
-3241;3996;-3168
-338;-2005;199;4764;-590;3455
-2482;3721;3227
-868;-3062;294;3898;2829;-2720
-2689;3169;2803;-780;2990
-3446
-3453
2756;3769
3553;4545;548;-3047;-1695;-3519
-2486;2359;-2009;-2348
3153;-773;1094;711;3373
-1493;-4118;-4808;3258;3102;-2480
4445;1071
-4610;2265;-2154
2500;-4806;997;902
-3281;2919;-2094
1835;2670
-4506
2098;-4132;-4212;-2571;-813
-2070;889;4042;-399
848;-2564;1301
4704;-2227;-1670;4550;-4667;-269
-3046;-2105;-1643;-4797;-96
-3497
4868;726;4047
3498
3217;4501;4614;1607;-1225
-5;-1546;1977
428
4609;-2565;-2458;4187;-3343
1296;1285;439;-3340;-3184
4768;1413;-3160;1399;3963;-3856
1419;-1677;-4285
2992;4195;1510;455;2559
448;1347;-1589;3365;-1789;4812
2808;1738
-4033;-3430;-3449;777;250;3290
-482;1571;-4406;-3193;859;4172
1633;-1622;74;3258;2235
1351;-1418;1551
-803;-2732
-1368;3496;-2428;284;-448
-724;-2297;2555
4929;759;-650;1273;4395
-2785;-754
-475;-1020;-29;-4462;4493
3175;3753;-315
-2326;-3063;-3275
-3025;-2572
4934;2710
-356;-3300;3860;1989;2381
4370;-4985;2125
487
-1381;-1163
-1971;-2621
1456;2019;-4101;-3064;-3979
-3986;1894;1590
4597
-3026;-3172;-852;-423;4920
-145;-3623;667;2028;1580
3584
-3989;-4582;-3209
2113;-4683
1973;-4712;-4668;-573;-1935;-4944
304;-341;-1417;-2143
1318;-1847
-1910;2266;3980;-3806
2896;-3698;-2948;-3305;-4187;-557
1157;-4125;4526
3520;1604;532
-3281;3201;3828;2773;-395;3628
-3612
-4651;876;-1678;-208
-3002;413
-4728;73;-2554;522
-554
1577
4484;-1723;-1515;2382
-4250;1658;-4091;-1709;3036;2750
1090;-1412;-4332
-4295;3735
-3320;-2890;-2542
4612;-2744;1775
2633;-3195;2699;-2716;1151
-405;-3973;4072;-124;2381;4766
-4131;-2745;4254
-4671
2496;-3572;-382;-2191
-3652;3370;-2300;-1118;-4048
3658
4682
1474;-275;4947;4115;3350;-2784
-2402;-2440;1181
4684
1811;2874
-4452;-3310
3472;4064;4034;-1755;2046
-516;508;4702
-3639;4872;4489
-4764;4158
3513;-3291;-475;2911
-788;-4517;-3066;-1483;284;3838
4455;-4296;-1337;-1787;3611;-1263
1826;-102;-3190;-175
1202;-2771;2838;3610;-4798;-1728
4513;4547;-4692;-1695
-323;711;237
3970;-3732;-2870;-1017;4041;2287
4146;1430;-4760;-3498
-1815;2776;-4667
-2598;215;-3480;4204
1659
-1846;-4586;-2413;-4062;-4095;3054
464;4020;-1830;-444;-4943;-3024
4448;1299;3443;3562;734;2511
3709
4711;3817;4603;-3596;2366
3557;-1303;-4942
-2690
1680;-2257;2242
-1667
-177;-3538;3068
-1974;-2966;-71;4695;-332
-4758;955;-2989
480;3825;-3657
-1457;2341;311;4157;-2367;1759
69;-2768
144;-4425;2605
-1105;-2037;-2584;-3981;862
3728
-867;-38;1932;4109;-1407
361;4827;2638
-1186;-1539;-1653;-4028;-4541
3218;-2182;-3783;1575;-3465;3976
3072;4758
-1526;150;-3388
1808;-2626;-1011;1510;-2399
-1790;95
-1459;-2116;-3899;-1390
-3893;2197
-358;3606;775;-3291;-4477
-4993;-2353;3598
1601;2296;-57;-3657;-4892;959
-2596;4452;-4744;-236;2444
2730
482;1242;-3406;3391
3758
-3315;803;-3092;-356;-874
853;-3592
930;371;3524;2221;2862
693
4790
3302;3528;4666;-2524;1212;-3343
-33;-668
3732;3492;-860;-3613
755;204;-4736
4930;278;4715
-4004;630;-649;4733
-4866;2220;909
4739;-4361;3915;-2557
-4965;1036;143
2762
4848;3921;-3414;-3320;731
-2705;1982
-3030;3753
4483;916;4773;-697;-1584
-3189;2836;-1337;-12;-4142
-3476;2772;4152;-2720
-3746;4921;-2364;-159;2079
2276;-4032
1409;-677
2192;-3493;-1925;2968;-638;3678
-3934;1151
4580;-2775;-4510;-78
4864;4784;-4034;3554;4878
-2818;2807;3820
-498;2018;-483;-3476;-249;1950
3878;166;55;4346;-3181;-3501
1603;4980;-1014;-4250;2734;2831
4836
1344;641;-2730
-3169;225;99;-976
-210;4438;44;573
-1717;4232;2250;4187
193;2455;-3257;346;1023
-1786
1788
1058;-4099;4419;-3631;4495;-4032
-3265;-3731;-2711;4363;427;-974
3317;-1964;3516
-3523;4235;4157
4643;901;1256;3770;4060;-3616
3345;-1546
3170;1061;-4828;2396
-2193;4774;1032;-829;2092
-209;307;-4717;-3343
688;-1909;4375;4568;-3643;2859
-795
-4210;2552;2456
-3681;2929;-1653;890;714
4756;-3803;2379;3614
-2551;-4397
3505;-1678
-2339;3595;-893;3165;4446
4902
-3895;-1992;970;1898;-2909
-4882;1736;-4922;3177;-2028;4061
163;-1429;-569
-4483;-2474
-65;2925
-3522;-2771;2291;-3981
-1393;4086;1193
-4915
4112;2980;249;-4795;-1725
852;4005;2424;3355;2444;2078
-1457;-234;-4362;4892;-3309;3646
648;-2496
177;-2388;4695;1417
1858
4484;-3851;4300
-2009;1165
-2658;3074;4023;-2520;3020
4592;3718;3592;3192;-4000
1884
-2099;387;3284;1902;-560
-4243;-4231;4136;-3293;3213;478
4659;-1735;1144;-3200
4373;-169;3561;-4875;2078
147;3798
1347;1027;1849;746
-3524;995;-2794;-2362;-282;-2124
-4209;-1699;3682;-1959;2828;-3614
-2927
433;-1315
-2660;3563;3054
-1254;-1176;-509
-3035;3931
-1185;-3479;2742
1922
-4566;4729;-4299;157
-2755;-1669;3516
-2645;-1238;3882;-3902;-831;2798
-3474;4808;3679
-2977;-3046;-832;1839
2102;-3320;2759;-2461
4931;-180;3337
1409;3449;-3935
-2260;-718
3011;-2279;4296
662;-4670
4163;3604;-2294;-4311;698;-4844
-4740;-724;-2566;-413;-688
3232;-1030;2135;-1344
-755;4277;-2569
496;1281;1047;-2024;-2779
3004
-4436;3859;-1406
-3493;-378;1788;-1453;-2861;4414
1050;-1451;-1709;4092
-1505;-1560;2378;890;-1918;-2319
-1986
963
1546;-2380;2828
3950;1119
-1999
-3107;1668;1864;3019;1997;1678
3953;-4789;-3213
354;-3380
-4017;-981;2725;247;3006
3637;-2140;1357;4351;-80
3282;4867
-4867;3910;-4793;3657;-1595;-4464
-1540;-3061;-1655;-1912;-2032
1073;2806;-4858;3113;-1629;2527
2186;3919
3651;1797;4919;860
-2015
4064
-179;2805;4774;-844;-444
-4465;689;2605;1293;-4191
387;372;-2299;3066;-414;910
2560;676;-200;3082
1312;884;-1161;1450;-461
3137;-1815;4278;525
-2032
3015;2088
152;3640;1962;4155;1339
4082
-1815;1014;-1515;-3821
2881;4582;4983;-1800;-4457;4044
-578;1959;-4448
-164;-648;424;2430
-1527;-4104;-4605
3068
-274;2600;234;510
2576;626;-1127;-1052
