3618;2999;2604
176;-3201;-4563;-2307;-356
-375;4552;-1742;-2448
-2500;-2549;-2102;-1055
3601;508
-2657;-3570;-3574;3642
4827;-4812
-3764;1737;3068
-4340;3658;-2012;-1420
3186;-1492;1397
4003;-3862;1561;-3771
-3796;1655;-411;-2125;3277;-1695
-1050
3122;-2359;3359
-2418;-645;984
4069;3129
-278;390;-808;4827
-3603;493
-41
-4215;-4858;3161;1758;15
1729;-70;-1724;108
4142
2112;1639;3048;-605
1508;-3608
896;-2996
3568;1609
-3265;504;2702
-3282;-874
4066;-3892;-2372;3673;-2559
-3133
-2446;-1007;2367
4158
-262;-2878
3936;-595;-3142;-2409;4012;-2896
-401;-2999;4426;76;-3805;1597
-1508;3242;-2139;3003;556
2721;2178;-2909;1164
-3156
-2133
36;-2765;-4990;-1584
560;-4540;-862;-3438
-312;-1824
-3777;-408
4033;-2118;-3032;-3641;4729;-3133
3170
-1226;-4000
1378;3431;-4970;-875;1005;2190
-4212
4212
2800;-1962;-523;1291;-2348;-3471
1842;-1956;4327
4897;-1322;3276;-575;-1039
1780;869;4637
-2922;-270
-4220
-2486;-585;1433;3052;2815
-436;2617
4230
-3713;2838;4038;1689;-2347;703
2675;-2470;1158;-4653;141;959
3216
4784;4657;4872;1849;-3068;4459
3493;2799
-3105;2502;-4669
3668;-1686;-2136
3861;615;3128;3674;2395;-204
-4118;188;2620;1212;1279
1633;2622
2243;-3380;-2709;3256;429
1075;-2213;2837;-622;3470;-4383
3389;2237;685
-168
4194;3143;-3645;2620
2355;-1365;1230
-4642;3907;-646;4633
1969;-1227;4559
-499;316
-3733;3677;-128
-4280
-2418;-2803;4200;-1214
2068;-3962;1707
4326;-3115
-657;1841;-2450;2231;522;-2701
-129;-3878;-1645;-2733
-4419;3683;2836;1574;-3868
-3153;-3286;-3276;301
4707;-4217;4828
-323;4468;-2150;-2360;-3931
-3666;-3815;-3372;3483;-1023
-3273
-49;4114;-1011;-202;699;747
2816;964;-1270;4860
-3905;2483;-4142;-2832
-2821;-744;-1760
-4304
-4578;-2757;-3117
-2261
-4818;3203;-1351;791;-3675;-1532
2835;1846;-4586;3803;4508
484;-2886;3641
3938;-2888;1513;250;2523
-193;2864;617
-4822;3127;-571
-1201;4785;3386;-30;-2624
865;-642
3552;-504;-3272
-1028;4630;-2250;3289;-2828;460
1954;1587;-4791
-4247;-3211;685;-4030;-3760
-3303
4928;4323;-2426;-3311;2862
2129;-1844;200;-253
-3939;2964;-2664;333
1360;-4245;-710;-1162;426
3681;-1794;-3256;679;-3593;1996
242
-1154;4053;-4167
-793;458;-1453;-1533
100;-2379;2299;-1293
-1505;-3687;-28;1899
253
-961;-1782;3273;-1886;318;-2288
-4948;-2101;-2423
-2962;196;462
-4197;3189;1061;2233;4617;4621
-884;3224;-4362;-4300;941
1491;-1754
2855;-1464;-1149;-1277;-2303
3569;-1508;-3531;-4943
2316
-2721;2130;-1062;2152;794
725;1899;-301
1346;-740;3173;598
421;-1879;3510;3800;-4544
-693;4488;-2090;-1131;-317;-2590
-2333
-3359
-1312
1312
-1581;-4864
3545;809;2089;-3071
-3236;-4109;-1150
-850;2006;2220
4389;726;-1549;-190
-2804;-1225;-571;3083;-2623;4447
-3064;4904;1258;-1759
-2303;1374;2975;4415
2272;2212;4026
-737;-2103;889;3323;-2717
-4282;-4507;-748
-3425;2050;738;2884;-902
-1441;3060;-3255;-3693;910
2370
4897;-2370;867
2171;-3519
-145;4112;888;1613
1765;4391;3385
3049;-3376
-3893;839;-2397
-469;-893
533;1013;1945;-174;4190
33;70;-1469
-3249;-1320;-1164;4367
2088;-3455
-3417
3416
4620;3916
-346
1521;1746;-4628;-3301;-1804;-2079
3459;-2311;2630;983;3499;1309
-2442;4844
-1202;2216;3436
-3305;2669;3038
307;-2713
-3395;1988;-1719;1656;-4011
-4307;-3223
2194;2214;6;1302;-4521;1214
-4785;-4402;2042;1662
-4518;-3015
-1014;1174;2168;3721;3305;-1822
-4753;-914;1892;715;-4479
-4244;-1621;254;1838;4143
-913;-3845;676;356;2934;3211
4659;1368;3566
2179;-4933;-2679;958
3451
-3233;3617;-1789
4678;4569;-2539;3818;3167
-3986;-2932;4983;4012;-2557;-1950
562;4007;4476;1500;1646;3551
-1879;-2601
-3876;410
-4343;4204;-3328
-502;4009;2969;-3901;2444;-2575
3078;1798;1751;-4303;3199
403
-3537;-965
-4405;-1366;-2093;3359
-4500;-1031
-307;-4596;-2681;-3068
4705;-4427;1708;-895;-3552
4408;-1948
-3124;-1354;-4128
-42;1354;-4507;1643;2511;479
2463
2577;-4307;4118;-3991;4808;4378
2848;-4728;2135;-25;3259
-1975;-541;-2383;3455
-625;-1846
-3766;2166;-4215;1916;844;-1469
-3027;1354;1244
-430
928;-2003;-4475
737;2228;-1432;-638;-1326
-2658;4645;-1898;-236;-1438;3039
320;2691;-4614;2038
-436
-3891;-1701;-4231;4023;3533;2702
-404;2308;-4951;-3534
4633;3996
4580;982
2704;278;2680;-410;-1738
257;-3626;2667;-3839
-4665;1321;2894
-1474
20;3335;-4232;-2440;4589;-2751
-4552
3409;-2372;-1493
-52;-2085;4970;-4908;-4526
3528
-978;4690;-2180;-502;-4814;1277
1637;3191;751
-2465;1217;3026;-475;-1776
4195;2423
-4948;-265;904;3832
244;773;-2631;1134
479
-4753;480;3264;-3568
4576
1171;2261;-4407;-359;-1196
-1717;-3867;-4700;2909;1374;398
1296;3569;2978;772;-4841;808
1608;2975
3200;2146;-2169;1261;-4927
4569;-4079
-3564
-285;-3280
1440;-3028;3960;3242
-1921;-3620;2997
3570
-2100;3318;-2648;-1913;3241;-1421
-673;3746;-4807;4665;2377;1340
2273;227;602;474
432;54;-956;4270;-367;-2928
1653;7;2942
2961;-67;3688;2153;1229;1807
-1075;-260;-1452;-4221;-4765
3582
-292;2180;1590;-2747;-4045;-4366
2570
2417;-357;-808;3719;-988;1663
-3011;-2569;2333;4799
4802;2963;4037
-3042;4165;-4061;-687;942;2143
3459;-3999
-4322;-122;4300;3982;-2447;3247
4326;-3783
-2486;-3179
-1475;756;-1454;2717
4177;2708;3724;-4943
2595
-1736;3403;-1119
87;3535
552
2769;4375;-2477;4078
4356;-856;1978;-221;-3293;639
3628
-3395;-485;-1590;3974;-2839;-4415
-4435;-4955;2686
-2306;3528;1464;2235;1787
500;4152;3080
-3610;-4124
1089;3219;-2741;-155;-1982
2391;-2138;-827
-2739;4531;4548;3383;-3100;3166
-4981;-1835;-2397;2495
-1599
-2098;1513
1552;-3105;-972;-2156
4684
-2497;-4738;-3859;117;-3350;1446
-1815;3431
-2930;-3029;-278;2933;-4186;3818
-1057;-4388;4868;-440;-2656
3312;-4419;4323;-2363;-3294;813
605
-606
4772;3912;-4699;1934;-2063;-4464
-2674;1016;-4076
-3241;3017;-266;-3180;3053
4260;-4294;3654;-4472;-1692;-124
-1926;311;-4666;3611
-622
-4017;4224;-3378;547;-680;2680
-737;-1380;4661;-1160;2311
-1747;1414;-1175;-1915;4046
-2226;-3700;-1434;-763;2027;4445
-1947;2573
-3649;4276;2213;4489;-3931;2351
586;-4288
-1813;2443
3915;-3549;317;301;3743
721;-1446;4088;-2381;1950;-3568
-17;-4674;3031
900;2517;1319
4324;-1398;-1719;-1736;-4208
-881;3826;2998;4699;-766;2031
129;-1320;-4073;4616
1672
-1569;-3058;4516;-4841;3278
4020;1751
2194;-819;-2032
2994;-3827;-3988;-958
-659
1685
-593;4787;-1957;2214;-3004;-4159
1712;-2054;774;-1066;-1290;4638
4229;2233;1098;-3340;3615
-1905;4722;-2403;1090;4003;-3815
2723
-4018;209;1202;-4852;-390
-819;1011;-566;198;-3097;-1504
-2729
-3754
-3076;4884;-2565;4104;-1642
4321;1459;2806;4316;-1981
-2289;689;-1923;4205
-2951;521;43;4094
-4451;2615;-1360;2511
4416;-689;-995
4672;3765;-3657
3940;4679;4058;3802;590
-705;-2360;777;-1472
4834;-4163;312;2776
-2489;-4236;-1215;-2991
-4003;-3748;-2678;1642;1948
2480;2913;-583;-2315;252
4256;791;-4666;-4157
-3542;-4333
1412;-4070;-264;-1740;3067;2301
2754
-993;-905;-860
243;742;2797
2641;2243;-456;-1196;-2028;-493
-518;4302
1715;2070
-3459;2190;1983
-1730;-532;774;-2299
770;1993
2678;526;-3920
1768;-2858;-366;2174
-4821
-4820;4094
4389;4374;-4572;1372;4013;365
-4583;4907;-4125
-569;-2847;639
-4932;-2970
-4802;-2261;-3720;-4124;1885
1939;2888;4523;1789;2621;-3808
-3831;3016;-334;1886
-1141;-4095;1423
2433;170;-3743;542;-3215
-499;4711;-2445
-1745;-3331;-2265;-2619
-1769
3841;-4861;-4846
-3574;4319
3360;-3603;2857;315;4219;2815
2386;3877;-2522;-4858;-460;829
2562;-1077;-3782;4854;-3882;-447
-2372;-2475
-1779
-2116;-688
-2835;1282;-228
-4913;968;-2889;-79
-4114;-1812;3429;1350;2679;-2302
3842
4866
3825;-4882;3256;622
-311;-4560
4945;1107;-2568;3290;-3950
-780
-659;-1784;-3545;-4297;-1759
32;-3987;-921
782
1408;1880;-2795;-2364;-4032
786
-4885
-262;-3487;1935
2679;-1675;3962;-2126
-1041;1424;306;3607;-2139;684
4948;4324;3607;-2232;2792;3739
-2053;-3990;-3142;-3723;846
-962;-1708;3724;-1854
-1841;-4082
3249;3746;3434;4538;3261;3055
-4978;1306;-1228
1829
2260;1686;-4023;790;-4538;3018
-4853;-3127
-4562;-1652;-3237;316;1151
1146;-4011
-2578;-2790;-2617
3074;1895;3530;-510
-248;4632;1225;-2736
1984;-2424;-4345;3929;28
2876
-2738;-3763;4178;1992;1165
-887;-1276;302
640;-1409;-3890;1355;-2654
1142;-3004
3328;4681
-2980;-2983
-404;3294
-3074;-995;-1480;-3550;63
914;-3854;1071
3487;1455
3920
-4952
3744;-179;4002;2787;-1305;4095
-1079;2204;-3007
3837;285;-191
2224;-4680;-2843;-3532;-3293
1409;609;-2596;-2808;2524
1732;155
-4913;1040;4546;-2563
-4580;4565;2501;1451
1025;-601;-1292
600;-2493
3368;-447
-533;3454
-876
1296;-2091;-4975;3870
3177;-4635;-4813;-4032;207
-3361;674;1430;-329;-1739;395
-562;-4680;-2810
1627;-3517;3774;-4816
-3313;4840;-638
2976;-4517;-3690;-3709;-4446;2255
-1650;-743;538;-2011;3580;-4702
1409;4100;1031;-3323;-4366;-2815
-580;3892;1679
-4385;-627;-1572;278;-3808
2130;-3687;1756;3774
-3476;2291;3511;1047;1135;-1552
1825;-1176;-3849;2857;1867;2459
-2749;1836
-1169;-818;-1672;-3594;953;3339
-3985
-202;1772;-655
98;1786;59
-1633;-2312;3021
-1235;-714
-3090;2201;-1820;-13;3646
-2975
-770;-3014;-215
246;3752
926
71;-3112;-2221;1405;2926
4005
-1715;3611;-3613;782
2756;4133;4581;-296
-1682;2098;4549;4601;3660
-4946;-2373;-3749;-3866;3755
-4290;-3986;4067;3094;1514;1567
-4459;1899;-1758;4958;2351
2944;1106;-744;-4157;-4654;-4656
2528;-2229;1110;3638
1905;1186;4564;-3241;-3355;-4064
802;3226
-4513;-1522;4548;-3567
-1983
-3394;4642;-278
2804;-421;1128;-1516
-1298;3059;-3127;375;3546;-559
-4977;3331;-343;-1036
-980;-935;1543;-4701
4759;952;4137;-91;-4685
737;-486;-2566;2651;1245;-2559
3031
-260;-4645;-4136;3191;1788
3492;4420;4811;2604
3044
4071
3047
4737;2710;-3032;-4296;536;3418
-2515;1474;-4903;-1145;-3945;2861
-231;2694;-1512;3544;730;-1148
4082
-2860;3871
-3458;1650;-3931;-1340;206;1759
