3796;1326
-1921;-3034;4554;396
-1316;-4629;-263;381;2749
1031
3332;-840;-4554
689;-1728
2261;-2058;-4316
1041
-1218;676;-422;-3478;3910;4647
1653;-2729;4168
-2946;2996;-22;1982;-3056
-1057;-3105;4614;-2696;3289
-23
-1045;3688;-2283;-2432
1745;-4979;-3734;3992;1497;430
-1347;-439;-138;75;796
-3411;4115;1108;-533;1158;2711
3786;-685
2576;-2306;1697;2897;-620;3982
1062
4096;166;-1152
3113
4788;-2491;-4444;3215
2882;3717;4718
881;200
2213;-1497;4909;-2495
779;-2892
-4114;786;291;-4420;4069;1274
4772;1438
-2852;-583;-2778
1632;594;-1190;-1768;-2409
4597;-2815;-3040;3375
-1638;-3321;1804;1293;3085;-4367
4064;-2706;-7;-1114;1883
1863;-601;2904;-3101;-1583;4687
-2785;-897;-4099;4554;-2960;-32
-3205;-2613;-2663;214
-4175
-1028;-4502;-2902;-1399;-3561
2976;-3489;4369;4419
-3236;-427;3547;-2016
816;3778;1525;-2633;-315;-2061
3508;-2622;-3024
-4450;3158;1383;-4280
-4642;147;-4838;4119
4945;4471;3292;3229;-4575
2230;-79
2962;4163;4245
-1134
-3700;3045;-985;2888;-4431
-3460;2132;4511
2160
3316;3606;-1689
-2018;-3779;-984;-699;-3899
-1078;3241
-1676;-493
-610;4831
-4369;-1233;-2373;3205;-1500
4962;4794;-3486
-1306;2458
-1154
-4066;373;-4902;-4848
4613;-3898;330;-2317;-3647;-335
961;-1899;-2029;-3311
-388;-1621;-984;2570;2750;879
1398;4662;1832;-4684
-2836;-2597;-398;-4943;3454;3087
2187
112;-3539;-4905
-1378;-1236;-1788;-1888
3840;4497
-4001;-1058;900;3527;4877
2087;-2921;4059
4930;3274;-140;2173;1741;-2608
-2898;3522;-780
-4019;4739;-1862;-40
-3634;-3694
4256
-2737;4578;-4584;3929
4149;344;-28;-845;-384
-2626;4225;-4515;-4852;-2244;-4489
3586;-2372;1765;-3513;367
3240
-4291;3954;-3300;4453;-985
3242
4001;-4470;-1961;-3886
-802;4483;-4878
1489;-4806;-2714;-1451;140
-4130;-4238
-1569;3367;-4873;-174
-994;3219
-3763;-2310;2358;826;3067
-2262;312;-1306
4704;1818;3931;-3100
-164;-4232;-251;3436
-4565;-22;-4089;2554;2859
912;4385;252;-2286
-4145;-3202;4535;-2473;-2143;-959
290;1816;-4940;-4285;-4589;-1805
-261;-1285;-4854;293;3958;2350
3273
-2972;-4399
323;1285;-1670;2809;-1675;-4351
-956;4235
1985;-4516;4536;-138;25;-1679
-3335;1710;-1664
4312
3338;-3120
4323
-229
-4036;1588;-1161;-4716;-4397;205
-4581;4517;2021;-3644;1916
1122;643;-1997
3099;2253
-4330
-3643;1359
2726;-4887;4444
2995;-4256
2416;2241;1602;-3848;9;3961
1262
4161;3075;-3768;-2379;2556;-3887
-1178;2446
-4305;166;2615;2727;-1225;-4319
-376;-4461;3293;2813
512;2212;-2972
-4804;681;-3998;-63;2959;-3216
249
864;-3410;-3990;4231;-4090
4530;1637;3654;2855;4491;-1552
3329
-4549;4710;3081;1066;1037;-3039
262
-2315
-4951;3096;3626;-1117;-383
272
-1793;-2274;-39;1593;505;-318
-2273;544;-17;-2676;-2294;2342
1303
2401;-73
-2646;1541;-2489;239
3793;-435
-4754;-4068;-647;2791;-1785;4078
-3640;-4841
273;-1475;-4835;-2612;-4954
-4194;-579;3590;167;-2781;-4686
1108;-426;-4046
2085;-808;2250;-1789;-3119;-4032
2369;-4338;3859;-2760;-4857;-714
-2100;-4932;-4919;-4874;1593;-2476
-355;-1532;1740;1470
3569;-4007;2041;-267
-3619;2088;-1535;-3392
3991;216;-3580;1739
3343;-976
902;3094;-603
1074;-595;4583;204;-4670;751
4422
-1957;-53;4725;-2966;2985;3738
274;3047;3272;3977
1777;996;-4198;-1417;4203
-242;-3823;655
2539;-4925
2386
-4001;578;4500;1333;4075
2868;-2526
3728;1313;3044;-4005;-664
-2787;-1799;-41;-137;-4846;-976
257;-195;-409
-1639;136;-2941
386;2147;-1161
1794;4662;-3240;4619;-4412
-4401;1555;171;-3550;3822
-1446;-3660;4751
16;-2678;-2331;541
3430
-1139;2522
-981;453;-4954
2907;-1519
502;1451;2509
3346;-196;-2039;-3628;-3996
-3399;-1723;-2685;1245;-2000
-1078;4523
-3106;3494;2042
-4243;500;-4520;-858;4639
-515;-249;3197
-530;-292;-4485;2997;2812;2957
4168;-431;-4128
-3463
-4036;-2888;1050;4892;349;-3855
-242;-1989;-822;-2463
497;-1605;-444;-1612;443;-4847
3473
2450
4272;4081;-549;857;4029
1953;722;-1317;-280;2397
4529;-4934
3744;-1291
4688;3104;-1156;-2903;-3434;2154
1065;-3678;2206
-561;-1383;4398
4213;710;491;-3903;-4992
-2459
3138;-3605;-4042
2258;-453;3575;2888;-2253;-479
-3346;2342;585
3329;-2692;3879
-1523;546;3450
4524
-278;1207;1738;-2924;686
1347;4084;-2892;-2732;-4159;4783
-1969;-3169;1474;1685;2410
-1458
4195;-2820;663;-186;4314;4507
-4531
-1460
-2730;-3213;-1664
2096;3521;2549;-1085;-1214;4815
-1699;1103;1039
-3457;-4646;2759;-1385;1373;-1232
1761;3284;-4776;4567;4824
4258;-759;-4267;-702
-1475
-1234;1235;-519;4746;-2251;1549
1638;-2601;1418
-2097;2420;-2761;2169;-2239
2353;4251
992;1331;-2901;3622;3736;-4270
-3654;2776;3390
-707;-2311;502
-1493
-4290;1809;-1510;-4346;3452;-4800
-3543;4343;472;2766;3599
4567
-1891;-2520;-160
3550
-1442;1333;3066;-428
3731;693;1674;-494
-1874;-3688;1768;3308
3557
4073;954;-2493
3137;-1077;-315;797
-2791;-4554;-320
-3411;-3275;3466;-2108;2781
2406;-520;4746;1150;270;3711
-4597
-4002;-3443;-3493;-4117;-3209;-4766
-2961;338;-771;4907;-4064
-1911;4651;-316;-3951
-1765;-1813
-642;-4502;572;3037
4403;632;-2476
630;1721;-1840
2803;-4855;-508
4579;-613;-4974;2957;-1423
-632;-2825;232;1673
-4626
-3640;4874;-4092;-2799
537
4544;-677;2231;1691;-1101
769;4949;4043
-4994;-4969;729;-2125;3644
1570
3380;-117;1254;599;2602
-3185;-4427;-492;-4559;-3599;2399
3626
-2210;-1833;-2174;542
-3570;3423;2751
3628
-4545;3993;4186
257;-2359;4713
-2883;2644;2356;2543
-4775;-4268;3357
-65;-2052;3251;459
-4401;-2812;-4622
-4573;-4415;2271
1598
4739;-1722;619;3084
-3619;3588;3702;1002
-4674
-3656
-914;-4794
-147;3717;-4872;4456;2554
16;-950;-3031;794;-1149;-366
2518;-904
-4210;-2459;4030
-2787;4406
200;4492
-3014;3613
1075;-1716;40
-4555;-4654;3421;-3551;-479
520;1880;-3003
-1628
-1727;4383
-4169;4553;1964;-3902;-80
-4753;2339;4552;3595
40;-4752
4098;549;39;-4268;-3166;79
3693
-4723
3702
2680
660;276;3029;4861
1824;1220;-581;3832;-2589
3888;-387;-854;2598;3929;-347
-4732
2260;4600;3097;2105;3933
2851;-3525;4405;4074
529;-4242
-4641;-4066;-3142;957
2528;1554;1160;-4220;-2302;2959
-1409;-1554;-3251;1286;1322;-2171
-3825;-2786;-2966;-4119;751
2833;-1898;2684;-2094;3230
-3274;-4555
-1542;-1168
-4195;3348;2533
-4052;2679;2046
4531;-341;4037;-1408
-2498;-2164;4805;1704;-3551
4803;1380;-1144;762
-101;-3802;4619;-2654;4670
-1779;-3004
-4171;3484
-4293;3002;59;4991
1712
1800;3576;-1002;10;-1646
-561;-1698;241;-1175;-4666
116;-2806;1941;-972
-1160;-3194;4649;-107;2014;543
-2746
1697;1380;4725;-4032
2064;323;-3524;1988;-4622
-1108;3075;2790;-4057
416;-2276;-441;4808;-380;3694
-2849;1904;1090;-3972;3635;-1536
-3126;2423;1323;-3375
4128;1429;-1179;4508;3134;-48
-3860;1718;-2665
4887;-622;2591
768;530;-3143;3113;-3006
-3786
1088;-1457;-515;4039;-1036;-381
289;-3235;-51;4115;4718
2872;3336;-4585;1176;-3516
-3189;424
-1474;-553;1339;-4767;4735
4512;-1961;-1355;-1916
-1749
-4468;-4024;-2120;2732;-1325;1309
4007;-1913;2730
1763;4760;-4649;3850;124
-1668;-2089;-45
4500;-344;776;4505;2348;-1840
3120;3767;-4109
2401;-1671
864;-1059;3001;-252;-1823
1393;-1171;-980;2697;397;4541
3938;4901;473;4379;-670
977;-3781;-4503;-4759;551;4636
4100;-3366
2737;-4837;-3625;3163;-3151;-3215
-3985;-1054;4302
1474;-4391;391;-2297;-762;2798
-2609;3046;-3865;2825;3391
65;-1164;2863
3188;-6;-3446;1662;4255;-1840
-745
-4405;-2485
3216;4083;-1387;-3119
2322;-4474;381
-2796
3750;1576;-3551
-4486;-4459
-3761;3493;1512;-491
1920;4821;4700;-2607;2159
3720;-4189;4606;3790
-1058;531;3336
3537;1108;-2316;-1568
-3412;-4389;4987
-3839
2249;-1852;-2189
1791
-2457;-1002;-4479
-4259;1438
979;-1752
4416;-2433;-1780;4666
-2486;3049;-2795;-591
1616;3201;1029;-2584;-2042;-1996
-2821;3352;713;-2285;2188;2701
776
3536;-3237;-1943;-2286;2126
4257;455;1464;2795
-2714;907
4880
-4197;-4105;-1785;-4011
2450;-3283;1933;-4959
-4100;517;1717;-1175;2202;-3022
1013;1704;936;-3370;1820;1757
-758;-4127
-2673;3364;1988;-2230;-1226;2590
790
151;2247;3819;2492;-751
435;-4036;-4055;1064;-1914;-2528
2258;2631
-1153;273;-210;2907
2225;-2260;102;3976;-28;3949
-4888;-3048;3960;1965;2814
4725;2198;2077
2965;-108
-1143;331
2849;-3664
3739;-4094;-1902;-3232;575
-3155;-1605;2148;3431
4032;114;-1278
4336;1364;3831;633;2522;-4688
838;-1672
2690;4340;1559;-4680
4825;4206
1888;133;4581;4038;-3656
-1459;-851;2275;3046;-2171
-2243;-4741;-3797;-4985;3065;-1455
-1841;-3074;-1236;-839
1869
2643;-2022;-3517
-1571;-1325
2121;-1788;-126;-3103
-1875
-3924
-4481;677;-1149
1379;2620;1548;-2479;3966;2015
-4389;-3769;-1356;4559
-851;3475;505;-2635;365
3528;1771;1116;-4862;3405
3026;1224;-4620;-525;-2957;1965
-3973;-3065;3279;847
-4456;-4602
-746;-1466;4303;-3984
-4420;-1125;-3206;-4520;2158
1192;408;-3499
-2897;-1729;-418;-914;-4757;4716
-4716;-3341
-2372;2803;-1814;490
-1607;-2360
-418;-1160;-346
1203;-3178;2877
2642;3382
-2563;3991;-4830;-576
-3864;4649;-557;-2159
785;549;-1511;-4060;-4879;4111
-4035;-4046
-3986
-1073;-4968
4434;3655
1947
-212;3067;4075;4236
-39;-1801;-4987;2827
2534;4542
2502;-2174;-2287
3046;823;-796;3900;1471;4783
-2498;-2596;-4039
-157;-3856
-4881;-4687;-592
-3138;-1234;-4739;3427;-2422;1017
-849;-882;-1264
228;-4549;2181;1190
-4049;-3809;3616;-3075;133;-1960
-4;-948
3000
2852;-3806
958
-2690;2738;-3988;-2491;4525;-2127
-246;-1740
1537;-3528
-1992
1473;37;3366;646;3638
1619;4308;-3725;3887
-4257;4981;3318
-3363;901;3435
-4210;4274;910
-2401;-3347;-325;1034;2604;-1615
-980
1958;-4332;-2702
426;-1408
-1089;-3698;1752
-3158;-2952
4098;4198;840;3118
-4086;-2361;-730;-3818;-2284
-1668;2118;-3755;2603;4767
-4067
-2025
-1105;-2484;-1365;3382;570
-2067;-3049;-3130;2124
-1143;-2936
2034
-4932;-3412;-425;2638
3377;-115;-2675;-1223;-3452
2459;3679
-3068
-1491;-2604
768;-482;-1767;-1179;-1436
2992;2739;-4264;2360;1337;-2093
