2823;-3850
4823;3375
-3234;-2917
2129;-2917;-1029;4646;346;-4208
1424;-404;-4102
2675;4951;-2299;4010;-111
4937;-831
736;4083;3578;3902
-1794;-4674;-243;3794;-3241
3713;-3559;-171
-3601;-2146;-4682;2477;109;-1391
3586;-2520;1005
-3412;-2766
-3027;-3639;1818;3789
36;2046
-769;3266;2675;2215;-1114;-3166
1616;3540
-1062
3249;3954;-725;4452;2421
3444;3974;-1340;939;-1856
-995;-581;1428;-1035;-908
1025;3749;-1691;1055
2931;-3768;-3128;-1199
-4145
-4354;3731;-3434;-43;-2094
-4386;3542;187;606
-68;745;3277;-832
-3315;1637;-3511;4872;4712;4875
1089;-4907;-2221;4686;-2800
3129
4067;-2041;-3755;3834
385;-2466;-499;-1579
-3797;3863
1082;779;4475;-2174
-1973;3722;-656
2672;3542
-3105;4690;755;3766;1319;-187
-2209;-2872;-649;-1882;-3725
-2611;-4724;3166
2179;3272;1530;-2812
-882;4611;163;4679;2767
-3218;1749;-3208;-1896;-4767
4560;4720;-3223;-4395;2511
-1461;-3272;4378;-2799
-2133
4280;3998
3174;72;1244;-4398
1120
-2996;3785;-908;-3916;-2430;2269
100
1360;706;-100;-4086;-1054
885;2517;551;248
-2355;2067;-3625;-4459;4971;223
-4593;2939;-2028;-4620
-4226;2427;-1117;-1295
4833;167;1353;-3996;1405;-3646
-453;1594
-2769;3891;4117
1995;1198
-4898;1703
-49;4754;66;675;-4327;-1245
-3199
4592;538;-1260;-2717
-3106;-5;-1183;1087
-4580;1101;3343
-3477;-823;-990;4638;-2560
2190
-794;-381
-3665;3777;-1290
2677;-1500
564;-4873;-1593;-1423
-3332;-324;454;-1611;2607
-964;3093;1102
460;-1648
-275;-3395;1864;-4602;-2974
-2321;2017;1496
-3587;-680
4719;3647
-1203;3331;94
4740;554
-121;-4154
-49;4324
-4487;4302
352;2434;2597;-974;-4224
-4403;4486;-1960;-4552;-1340;414
-4945;195;-4077;-1600
3400;-3610;399
-2738;-629;1944;893;3791
3184;-290;2159;-3840
4286
2485;1990;-4667
-83;-4216;-2329;617;1676;46
1104;-49;586;-1840
-2129;4324;-4681;4508;-4270;-3072
1393;-1284;-3389
2996;4313;2554;954;3726
-2534;-2698;3999
-721;929
-4306
-1205;-4126
1633;2725;3022
1237
3635;-3850
-2131;3371
-33;-1828;-1204;2844
4320
-1716;-100;644;-2582;-3576;-63
-226;-2579;-807;4250;-414
2274
-4242;1110;1371;238;2942;-3696
-1170;1677;-4832
-2278
1456;-1261;-429
-721;-1557;3094;4410;-2461;-1504
-1733;4700;4237;781;2317;2223
-2903;4632;-2953;939;43
-2947;-2415
2480;2096;4353;-1469;3021
-2577;-698;2876;-638;2303
1185;-68;2470;3126;795;-3168
1288;-3584
-249
2449;1892;4328;-765;4636
-4785;-2021;804;-683;-2909;3197
-253
1731;2617
-4354
-180;3491;3445;437;3142;-1886
2820;-1534
2145;1170;-2486;-1878;-1319;3655
-4361
2693;597;-1919;4494;-3552
-2318
2448;1334;4743;4327;-2795;-4667
-1697;-609;661;488;-140
-1175;2478
1523;-3460;-4535;-1512;-1419;-4191
283
-4381
452;437;-4839;4918;1001;-3279
-4155;3867
4914;312;2376;-1168
-3365
-294
1862;-400;-4832
-4399
4588;-3453;-2559;2751
-4577;-2419;-4180;-4153;-3407
273;-2133;2841;2138;-1744;-4752
-1030;4587;4940
3872;-297;2185;-3403
-1058;-4676;-2293;-3045;3560;-991
-743;-1162;569
2873;-3278;2077;1711
-4945;-884;-469;2470;1562;-2142
3282;-4051;2373;-4956;4687
2337;1653;248;3241
-897;1213
-1154;3944;-2091;58;1293;-4416
454;710;1497;1241;-4173;-47
-2071;3592;2894
1202;-1527
-2529;-647;3501
1779;-2789;3387
1968;2585;-125
-2564;-4938
-1445;2855;4203;-4256
100;12;-3519
705;-2548;-1609;4187;-400
178;-2885;825;-4700;-2973
-3234;4995;-1401;-3774
2482;-2726;3658
1953;-329;2568;-3131;-4539;3821
-1554;-2370;1875;-4521;-3805;812
-1997;-4495
349
-646;-1752
1282;3972;-3925;47
-4450
4949;-1607;-941
357
595;-1838;-1167
4817;-1605;-3371;4252;4461
4459
4066;-1480;-812;-3149;4814
2903;2588
3444
-2428
-3454
3680;-3298
-2770;4292;4138;4554;2138;-701
2289;-1902
1011;3433;-3147;-2811;-765;-160
-1014;742;-1163;-2029
-35;-1645;1612;1485
4658;-3254;4046;3135
-1411;2830
3415;-441;296;-1851
-4786;-4053;-2327;-221;1772
-2229;-4743;-584;1367;1402;-4828
234;-4572;-3231
-4530;-4115;4682;-3612
-753;-4979;-819
-4886;2166;1288
3251;2131;408;2153;-4044;-1440
929;-4627;3671;3290;4317
-1441
-3891;4724;3271;153;-4239;4495
-4516
2054;-606
-626;2259;4039;-1152
465;-1302;151;-4696;4955
-1671;458;1710;-2976
741;-3896;-4447
4532
-2437;951;1929
2786;2661;4215
446
3889;2628;4120;-3722;4138;-4462
-4049;-4881;3360
-2001;3525;-1561;-2463
-3729;-4083;-4773;-2550;-1703
4016;-2130;4711
-3474;3642;-2524;4543;1343
459
1520;1251;-2822;-409
-882;4471;4411;2700
4963;3689
-3555;-3668;315;4397
465
-1509;-3371;317
2519
-2737;4689;1762;1235;-1405
-2757;1257
-2525
-4740;228;-4534;-648
-2249;1771
1502
-4770;2755;488;-1372;-4224;495
4544;-3012;101;-2859;-4908;-494
-2965;-2640
-1610;3562;-3083;3663
1510
-4038;1961;-3530
1940;3974;-3337;4969;1277;-1168
-2538
1514
492
-20;-1497
2540
2085;-3881;2088;-3241;-3229;-3534
2596;-4629;2039;-3657;-4684;668
1522
-2978;2478
132;-2938;1630;2703
3365;-1976;-1770;-126
-2898;1298;-4649;-3545;-4330;-2768
416;-3555;-1923;-2617
1378;-3443;3220;391;-2060;-3072
3554;4962;-4520;-3482
4647;-3374;-4862
3520;-4956;-2428;1294
2418;-1395;-4340;-1787;-2363;4894
-2164;2691
-4065;-803;-4022;1191
498;4872;1416;-111
-3015;363;-2604;623
-501;-2056;3705;1437
-3059;-1723;1035;1548;-2013;4751
-4261;-1078;4215;-2492
-1568
4998;3738
-2286;1677;63
-546
2594
3024;-276;-6;469;-4783
2596
3590;4921;2220;2622;1534
-1478;889;-332;-4752
3888;4856
1579
-3363;757
-290;-4364
2803;-1383;-4215;189
2304;-245;-2615;56;-3134
-4630;-2679;2168;3400;4351
749;-2336
-1591
-2322;1147;4814
-2616
4689;3075;2179;4504;-1851;2317
-1409;2805;-4023
-723;-724;1763;2519;2863
-2628
-2018;1362;2889;442;-1072
4688;-2849;-114;-121
821;-1403
3682;-3687;3015;-299;-3293
-4965;331;-4703;-4415;-4240
3703;-2698;1980;670
-387;-4467;515;678
-3676;814;894;-4768
4592;-3890;-4739;-2767;2111
849;-4907;4654
2355;-2086;-4967
-4702
-1779;-1902
1831;2009;-3373;3215
-3108;447
-4195;-4363;1547;4350
-2321;924;-1264
-104;719
-4898;3908;-373;-1947;-1247;2910
1155;-4981;-781;3983
2628;4142
-26;2700
-4938;-3470;-2463
4433;-454;1975;4680;4637;-2352
-4593;-3169;-1238;3798;2925;3934
-1311;-351
2765;-1104
-2803;-907
-2420;-4885;-4983;-3711
116;4618
3093;3690
-1809;3841;-2082;-1885;1294
-4195;-805;532;-54;-2732;-2605
-3946;-3819;443;-2877;-3551;-3280
-4050;-948;-889;-1338;-4686
3724
4054;-4184;-4649;2456;3999
248;-1962;1177;-1243;-2492;4925
4099;-2712;3833;2602
-1044;4900;1189;4892;957
-1475;950;1063;-3242
658
2307;-4681;2909;2174
1136;658;-644;4039;-4458;1981
3872;-1761;4700
4466;1574;3849
-1700
-679
1988;-3109;-3654
-4232;3550
-2355;1670
-3041;585;3129;1037
-3138;-2278;-422;-3801;-269
3824;4308;3236;4683
1251;-1836;2303
-3767
4758;3959;634;-4558
-3330;-4537
-4796
195;2197;-1692
-3397;3030;1097;-298;268
3386;1418;2349;1981;-3311
-3421;1693
-3350;-2477
-1673;4428
2677;-1968
1648;2136
-530;-4388;484;1671
2978;-373;-3320
-4812
465;1042;-1270;3550
3540;2889;4874;-2396
-3124;-1785;1196;-78
-2757;-1032;-1338;-395;-319
3986;-1286;4054;-4909;1932;15
4532;3670;-1338
1745
2240;3940;-997;-4295;-3102;1486
3425;-2618;-77
-3252;1507;-4773;3738
-129;3186;-890;-1435
-4867;36
-3746;2131;-3216
4112;-3376
2786
-1205;-4086;3942;-414
2643;-1366;4986;3691
-4113;-1001;-2990;3262
-2612;1461;198;2504;2153;-2957
2053;-3065;1080;-2864
-2755;725;4826
-2798
3809;4857;202;4174
1418;3546;-110
1411;1639;-3162;1579;4732;-318
66;-71;808;2012
-493;4333
1480;316
642;2498;-1573;-407;2918;4889
-2833;-3122;56
4876
1922;1913;-938;1980
1268;-231;-3880;1146;-1343;-3888
1072;-3906
827;-3662
-486;2298
-692;4820;3206;4983;-2985;-1373
-4375;4862;-1279
2211;-4105;3816;-4173;-2414;-224
-1172;2339;-553;-3422;-3166;2109
1940;4071;1096;3929
1787;-271;-719
336;321;3794;443
4135;-2506;1705;2585
-3618;-2628;1732;-4143;-4432
-3732;536;2393
-403;1363;-4053;1349;1735;812
1481;1371
361;-1166
-115;4067;1315;3543;4234;-4047
-2917;2111
-4641;1187;4435;-3837
1410;-551;-267;1244
-851;1491;2518;151;-2013;-4158
-3075;-4169;4701;-3392
481;2278;-4602
-3937;-2803;3871
3456;-2982;-1033;-1625;-4863;-944
2871
-1732;852;-2502;155;-3742
3970;-2565;1004;3148;397
4278;-3640;-856;1325;2799
-1865
-283;-558
1892;-1685;-4121
4388;1240;-953;2312
-1871
2784;-2691;550;206
-3425;930;-662;-1790
-853
-4406;1498
-4051;4709;1431;3096;572;-2847
700;-3614
865
5;-2919
-875
82;-4555;-511
-3170;3747;-4183;4567;4023
402;1027;3962;-3853;-4973;-4622
-3798;4842;2091;4925
-1989;3446;2695;4890;4140
832;241;3907;3288;-4301
-3867;3852;3212;-4095
3072;4389;2742;-1113
-4998
-3012;-2436;-2822;2248
-906
-3992;4376;3593
2955
3264;-2755;-2054;-631;-781
-470;-855;-215;4985;2603;2029
-4387;-5;1813;1877;2636
-4101;-1934
1940
-177;1821;2622;-3135;-2048
-3203;1258
2165;-4857;-3658;-2219;-2592
-2035;2852;1302;-303;-896
1217;1752
-3139;3909;-3673;-1769;-1692;-2750
-2974
1777;-90;555;2253;-2544
-2976
4504;-1529
-1301;-4088;-2714
3159;-2330;1131
1330;631
-4693;-3877;-3431;-555;-1694
-4015
756;-4217;-3626
-4017
-3553;1314;-4501;670
-1457;3489;239;2783
-313;2297
-1268;-4726;-2136
-2610;-312;-1115
560;4465;210;-1222;-3049
-4038
969;1865;-4043;-1551;-1279
-3586;1233;-723;-441;2363;3151
-3024
-2129;-4992
-855;-4025;-3051;4220;1629;-4015
-2290;3907;-1460;4;-3912;-2348
-2009
-2370;438;-809;-3371
-1889;-3317;-1253;805;-2124;-383
-4529;4390;3180
2757;-4552;-4795;2523
-553;1549
4961;-531;2006;2071;2967;-1262
3049
-1398;4261;-4889
738;2319
-1474;-3971;1122;-3305;3545
4160;2583;873;-139;1227;-2573
-4388;-2437;-3195;1838
