-2419;2166;-394;4172;2622
1028
3235;740;889;-924;-2911
-3080
2859;1245
4730;715;-2365
561;3895;-666;4413
-4097;3900;-1277;-1646;4158
-1713;-1930;-1019;-171;-1327
3075;-2742;-4648;201
1042
4563;-4541
-3266;-4133;1366;4055;-4616;2475
-577;2560;2448;-1336
3715;571;-1183
-4578;1299;175
-1617;4355;-1573;2122;3372;541
291;-1481;1452;460;-687
-1075;15
832;-3942
-1063
-355;-4330;-3306;-2288
-2497;2386;2644;-1222;1806
-20;-572;-3551
1296;1347;3172;-4441;3832;985
855;-3161;-1003;3261
4114;-4164;-1023
-2401;3027;1237;-105;-3260;2574
4682;-4732
-1076
497;-3621
4546;-136;-2895;-2592
-820;-2948;3687;4761;-4943;318
1082
-4947;1430;361;-3674;-2446
-4164
3140
-3026;441;-1839;-4863
-3146
2257;-4242;-1193;1480;1771
-1873;-456;1211;-3197;-1904
-3148
-1511;3351;3355
-3151
-305;325;2389;-4759;1246
-1106
4753;-4878;3279
1347;-4509
1913;3450;299;2621
-2941;-766;-94;2558;126
4800;240;-323;2357;1214
3808;-2390;3737;61
101
4561;418;-3367;1147;-3212;350
1266;-3194;797
-2052;4206
3732;-3304;2751
4384;4243;357;1813;3647
-4208
1250;-532;443;1708;173;1167
113
2162
1552;-2695
-4215
-3250;-1319;-2888;603;1613
4418;3698;-3708;-3262
1665;3908;-3401
-1746;-2478
688;-1716;4419;3477;1497;-3115
-514;-4515;3814;4426
-4529;-803;359;-4958;3647
-180;-3465;431
4155;-941
3841;-1253;-4779
-2191
143
-3009;-1233;-210;4676;1126;3914
-3223
2438;-237
311;2329;3660
579;-3108;-702
-4255
4257
-692;-3141;760;281;-3515
-4261
-2646;-2906;107;4173;2462
2242;4072
-3201;593;-2131;3798;-1280
4001;3973;-4987;-2060;-4175
3251
4887;4909;2671
4275
457;4298;-2028;-3933
4743;-1769;-4604;-2654
2115;-1476;-2875
2116;-4567;-3465;671;-1088
3921;1989;3702;5000;4011
-192
4801;1867;-2380
3766;1304;41;3993;-2766
1416;-3674;4217;2171;-1887
-3782;-2047;-4591;-2064
-3826;2997;-2422;2425;2047
2434;4152;2831
-202
-4647;3367;-2953;-3146;3081
-4053;-2373;-3973;1574;428
2609;1860;3880;-4046
2723;-3670;-989;4191
914;674;-4948;3317;901;4472
-146;1204;-3866;-2523
1236;-2471
1973;3014;-1561;-1452;2333
-2755;-3509;-218;652;-1550
-4243;-4824;3288;1947;-2525
4480;3925
100;-3595;2253;-3070
-2268
2944;-4911;1695;47
1553;-3847;-4077
836;-2582;-4984;-4764
-234
2064;-3685;-4760
1744;4947;-3819;3518
643;2188;4590
4432;2529;4209;-4198;-575
255
4499;1555;-4316;-2000
2256;225;-4791
-1370;-4830;-1232
2314
259;4039;-760;3897
-4162;-2180;1381;-3501
4946;-3316;-1359
-1235;4374;1337;922
-4377
2328
4651;4892;-1070
1305
3650;-3382;250;-4896
-4379
-84;3189;870;-4298;1630
-289;-1178;2041;-2717;-189
-1415;-2970;-3067
2631;1912;126;4831
-2444;1645;-512
4932;2525
-135;4522
-2039;-4508;2155
-2346
1892;2468;1236;-701;3596
-1327
1666;685
4401
-1755;1930;4411;-4896
-339;-4741;-2537;1162
2288;-4738;3958;-1208;-472;-140
2994;-4035;-3589;3364;-4168
-3926;1564
2361
-1345;3731;2819;-3308;-1583
-2726;1386
2993;-115;-2101;-169;-2350;-4718
-121;1208;-4479
3861;-3463;-719
-3682;-4831;-2048
-2769;828;-2478
3936;-2590
-3395
-324
1957;-327;-2104;2845
3617;2856
-4177;-2242;-3078;1240;-4107;4862
-4097;-4901;-4950;357;3017
4430
3104;-4728;-2813
3762;4421;4231;1369;1919
-1906;899;3187;-2056;-57;-414
244;3181
-2083;-1612;3341
-530;1026;180;2902;4342;631
1156;-2648;-2522;-1466
-2037;4447
2411
3905;-1733;3627;2283;4171;-3696
4869;1562;-172;4349
4256;6;4811;-3584
-371
230;1470;2767
1395
226;1001;4939;2399
2273;-2050;3748;-313;811
-2761;1528;1609
-1841;4184;4152;3098
-1061;-2773;-4665;953
3923;260;2884;1503
-483;3621;-1864;2504;-4175;-4080
-1842;1461
-2998;3319;-3934;4157;-2975
1440;-2033;4817;4146;-516;-303
-3889;-2640
-786;-3778;-4684;668
-2437
-4489
2905;-75;4811;-95;1039
-2980;-1733;4597;-600;2135
-3921;-4227;1267;-84;-3674
-3137;-4652;1677;-2270;813
3014;1351;-2940
3492;2197;3928
-202;1261;1391
2135;2824;-778;795;-2046;-1503
3492;-1913;-1983
2643;1956;2381;-430
-3574;2140
-3460;-3541;1222;-1835;-990
4507
-414
3485
4755;-4219;-524;-1456
-1445
1669;-4136;3337;-2907;638;2847
-2473
-1757;-4815
-2677;-4954;-4525;4557
-830;397
-3509
4533
4385;-2103;-24;-1819
3519
1844;-2838;541
-2421;1543;1786;1130;4559
256;-711
-2436;3468;4189;-1694
1479
-3462;1978
-4402;-1229;-976
4;3737;-1738;1786;-2302
3235;-1365;661;1450;-446
-4241;1292;3420
478
-2820;2227;4041;-1548;-1245;-4207
1921;-2181;1364;-4710;2522;1564
804;1495;231
3889;-2382
-1671;1179
2544
-993;1266;-1319;1080;-478;1965
-4561;-3639;679;3276;3743
-4680;-2697;-1466;-1370;3564
4033;-3655;3479;1767
-3428;597;-3822
-510
4472;2682;4618;2907;-4205;-4845
-513
-3624;1271;-2700;443
4499;-2535;-56;-4474
-4214;-125;1373;141;4367
-3599
2385;-1221;-2950;-2439;3276;-3679
2228;4581;4987
-2739;2189;-95;111
3042;4740;-2122;4940;1117;-944
-3878;-2858;3129
-2586
2017;1362;-3252;-2134;-551;-4125
-4875;3562;2879
-548
-4257;3576;-377;524;4700;1502
2673;-4246
-4177;-4690;-1522;3213;-544
-2017;-1703;95
-1699;3254;-2807;-3417;1467;-1452
2240;-1731;2264;330;-1519
-4274;1643;-1485;479
2018;4212;2918;2876;1852
-1593
-1025;1764;-3392;-4064;-2048
-353;-475;1339;3132;-1022
-2419;4250;-2667;-4860
-35;611
-4674
-450;-4675;-327;459;4413
4786;4867;1382;3080;-2556;-2784
-4680
-2899;-1077;4228;-1400;-3419;1935
585
4273;2794;-4432
3789;-2176
-4211;-1700;4981;118;2427
-3879;4472
-2771;53;-3193;1354;219;2716
1904;-963;-4068;-4555;-11;-2126
-77;-1551
4272;-2466;-1411;-1349;-1640;3198
-4005;-2663;790;219;3005
-1571;-2276;3589;-2283;4170
-729;249;-4411;1212
1473;2050;-2793;-4653;-1806
-1473;2545;-498;-3259;3307;-2255
4705
-4515;4114;-4266;2809;4538;-3291
-3204;3814
-611
-3057;2273;956;-4880
-2515;1462;-39;2263;-3834
3313;740;629;-1224;4328
2951;-2332
916;4919;-3129;2235;1823
1644
4832;4928;-874;107;2844;47
4957;-3312
4051;4485;-3819
4147;2227;-3704
-4719
-2338;3940;-2088;2137
2518;157
2608;1497;621
-3635;-728;-331;3179;-4237
849;3459;1603;-4340;2010;1150
-1699;-678;-4919;3913;1387;-4784
3408;499;1244;4829;4991
688;3032;-523;-2559
27;-3741
1669
-3381;4581;412;1084
4418;468;4116;-1871;-847;-4608
3168;1314;2418;468;3526
993;-277;-4412;-592;-3536
-4752
-4963;-2734;-1152
3731
-370;3048;31
-3172;-4358;-4398
-1190;790;2090
-4767
3592;2858;2975;-2608
1664;-1297;-4963;-2484;-4326;-1559
-1589;-1946;-2733;-4013;-1551;911
2729
-1105;-3266;-1669;292;4052;2377
-4658;-4261;215;-3242
4035;2170;-2347;2973
3525;488;2556;-2318;-4318;-624
-4227;-3573;-774;713
2010;-2704
1829;-1928;3867
563;-709;-183;-375
-2753
-658;-2770;4900;630;-4727;895
-353;-2834;-2724;-663;742
-4643;2738;1639;-2808;-713
-1426;-4211;-2052;2859;-4077
715
-2661;-3065;-1135
4707;1972;3114;140
-1235;-4915;-714
3380;3993;4329;2331
931;-1876;-2772;4472;1130;-1164
-2165;-4615;4071;-1978;2939
-3651;-4472;-520;-3306;-282;-3854
-312;-556;1599
368;760;1626;2078
2784
-3089;-1781;-4763;4799
1762
4130;-317
1617;-872
2416;-4275;1892;3782;-1015
1778
-4017;1474;1285;45;1967
32;2400;-1811;140
-2962;2199
-866;-243;612;-4939;-447
3030;1575;-4076;-3341
-3777;-1331;-2116;-1733;-184;1208
-2469;-2617;-4655;783
738;1767;-4424;-475;-3500;-2045
3201;4547;3687;-4219;-3373
4193;-4724;3749;-3992
-1941;-4269;2060;303
-3;-502;3957;-1833;1209
3859;4581;-490
-1348;-4907;2445;-4142
-4561;-4446;1805;-752
454;3879;-73;-26;1674
4889
-2610;-3192;-781;1692
1819
4389;2552
2288;-2216;-4681;-2333
2866;2067;-427;2826;4908;845
-4071;-3898
1312;402;-2244;-3414;-4029
-3922;-227;3588;1896;4894;-4400
-818;3431;-3420
-1545;-4383
-4909
-1112;1303;4986;-3340
3890;726;3367
-1793;-4295;-1547;-3372;3692;-2720
-1205;4072
4338;-1284;299;1565
2137;2873;2953;27
2785;-2004;-2631
-2578;-2901;-2518
705;-515;-3070
-3989;1700;-4518;1065;1643;-4928
2883
3026;1460;-2682;3565;-4528
-561;-281
-545;-3730;3093;-1709
4304;-931;1013;-646;-1372;-4239
-3636;-1609;-3290;-844;-4780
3952;658;1086;270
4916;-2981;1847;137
-3926
3010;-4965;2809
-3970;1891;-4921
3282;-2308;3977
-1556;581;792;-10;4126
-289;1457;1742
-1474;1331;-1103;2655;4735;863
4960
-1089;3651;-840;2554;1516;-2879
3347;-2470
-4066;-4668;1709
-3443;1559;3946;-813;-367
1592;3529;-2827;829;-2143;1950
2707;3655;-200;3880;254;4927
3952;-1528;-1536
948;-4502;-410
3970;-3366;341;-3116;1868;3244
-2129;-4093;-3853;4285;4895
3968;2046
1344;-2240
-4213;2293;-2633;2745;-3882;698
-2468;-2485;-1659;-3501
-4515;-484;4102
161;454;3609;3290;1243;4429
3981
3088;-3730;-2590;-3823
3489;1731;2523;-3757;2047
3329;-3589;-2704
1456;1585;673;-3880;-1487;735
-3428;3341;4079
3152;-293;-3755;-3388;-734
2550;-1464;4232;-2349
210;-4957;2799
-928
-3926;-361;3994;-1996;-688
-737;3286;428
976;-2130;-2917;57;2620;-3632
4005
-2982
2784;4982;-311;-2120;439;-2793
-2962;-1078;2470;2392;-1757
-1961
-2986
3232;419;-3798;4651;-3566
3482;-495
3652;-1590;1271;-76;-1356;3135
-3665;-3825;4495
-1586;-1522;-247;-3738
4825;603;-2701;3694;-3423
2995;-2042
-4515;-1914;-3744
1315;4521;-3854
-179;-4661;-3866;-4544
3541;-2394;4937
816;3667;3877;2728;-2955
-338;-2341;1782;-4840;-4942;1518
-2068;-3289;-4078;-4848
1857;-278;-1274;-3005;-335;14
-3473;-2706;-3922;785;-3882;4031
-3847;-3500;-4894
-1236;1275;892;46
-1642;-1819;-4172;1612;-2127
1010;4066
3266;-1861;-1943;1518
-3768;4088;-699;-3963;1310
1717;-1727;-2000
1587;1189;-685;3999;4111
-1748;1011;-1399;2982;2875;-1711
988
-3669;1204;-1670;-1975
-513;-2514;4436;4967;-2314
2755;4119;4361
2874;778;4511
-2290;-3468;-2413
3984;-4595;-3095;1770;-1116
3051
-1754;749
-554;1259;-3151;4590;2958
-2308;-326;3352;554;-4204;894
4497;1653;-4072;793;191
-1233;36;-4261;1461;-2139
-220;-796
3137;4886;2422;4009;4362;3706
3523;-1000;-3866;4810;2671
4091
