736;-82;-5000;2297
67;3987;3881;-2842;4606;-1504
979;-2010
2081;-3513;2971;-3615;-2032
2656;4744;1771;3131
2561;-105;-1980;-494
1157;638;1295
-4100;4745;-2972;2620;1774
1457;-4522;-1055
4560;3717;-3133
353;697
-4381;255
2609;-2640
-3859;2517;-4664;-4682;4511
4611;1322;4716;652
4274;-1284;853;-733
2210;-4791;4669
1816;-1755;4076
-433;-1235;802;-3332;3706;-3646
83;3033
-3713;-4178;1188;2559
2081;-2026
-3074;-4082;946;1031
-61
-2869;-1288
60
-964;-122
-4353;-1733;-3589;-4375;456;2267
-4159
-1523;4659;-3861;-1901;-1534
2649;-3738
-2564;-2469;-1974;1819
-2117
-2178;1162;-4176
2115;-3213
914;-3832;2844
-1334;3272;3256
1238;2695;2600;-3961;574
3840;-2742
4564;-3000;3423;-2864
-76
3760;-4727;-1512;2555
4873;4426
-1665;555
-4673;2010;526
-3161
194;-4381
1521;-2130;-901;1608
2900;-4392;-4574;3918
2980;-2411;1580
4197
-4529;1204;-1431;-3003;-1068;-2543
3666;824;-2334
3298;-116
-1137
-2018;-4239
-3617;2513;1266;-2131;-3379;-2959
-3992;-1259;1467;-4525
1557;-2598;1163
-803;-3445;4232;138
-3845;-3589;582;4215;506;2254
-2305;-4690;1636;-3381;-1432;4927
3072;3199
-3506;3378
-4482;-3063;-3595;-1277
-4996;-4541;-2509;3869;4974
-1587;4682;2797;3454
4769;3096;461
2188
4337;-373;-3782;4234;844
-2191
-3215
-3617;3394;1252;1209;-3263;-2191
-694;-1000;525
-2099;-3566;3471
-4115;1347;570
4246
144;-743;749
-4264;1035
902;2040;971;-684
-3231
-4577;-1726
-2906;3915;-4736;-4624
-1265;4785;3809;1219;2875
-3172;2851;-486;-1511;2478
-3841;-1043;-3702;-2966;4223
-4721;1965;-480
-3236
3539;-1014;1835;2972
4352;-77;-4109
2899;2165;2555;-284
3105;-2099;-4020;1611;-2862
-1622;1791
171
3057;1363;695;-987;3854;1406
-2472;2296
-3953;4132
-437;-3525;-749;-1614
-182
3889;4167;-2970;-2156;-700
-1010;-3626;-191;-4591;-4080
-1239;2713;1802;-3950;1885
-4284
4149;457;2412;-271;-4431;-80
-2308;-2651;-2399
625;-4106;-3565;-2365
-3602;-963;-2726;-4042;-2174
2852;-774;2217
1828;-4805;132;-775;3002;-4702
1301;-3916;2413
3649;3031;-265;-2860;-4782
3977;-3629;3951
4305
-4309
-452;-309;713;-3804;-1486
-3882;-432
-4900;1579;2701;-1646
-1633;4992;4026
2192;-465;1090;-612;-959
-1669;3417;-315;-4492;-2285
-4452;-2875;2653;-3743
-516;2792
-3298;3953;-3874;2186;1263
-4328
-2280
515;2133;-4007;-1992;-4249;-2874
1952;-580;340;1701;-2153
-593;2822;58
-3569;1279
-4914;-3490;3207;1883
-2962;-2711;-1738
54;1212
-4342
-964;-1542;-3222;3670;-4588;4350
-3944;4841;3577;1499;-3438;-2288
-3031;1759
1272
-977;-3953;-4978;2946;3975;1709
2817;-3421;460;-4206
4835;4742;-3322;4251;-2060
-3528;-824
4665;-4923
4810;747;4943
3510;-3162;377;1130;3674;1899
2737;-1156;4809;2062
3335
3267;1099
4130;-1808
2432;-50;1267;3959;2911
1307
1440;4044;-2128
-2338
1910;-1591;-3609;-1004;-3165
-3458;-484;-2121;2699
-3540;3911;-3740
-1321
-3765;3466
-4289;-1793;210;2883;-4253;1823
914;-3027;533;3930
-3206;-3243
-4721;-3731;-3822;-783;1487
-865;-2294;2327;-554;-2476;-541
169;4233
2215;1164
-1332
-1650;1961
-4113;4562;-2372;375;-815
-4690;-3818
-1341
-1945;2265
-326
19;-853;3207
2064;-2919;601;-315;-4719;863
1040;-4887;-1880;-2553;2473;-4763
-332
321;-981;4084;-3342;-1439
-335
1794;-2309;-3917
4960;-2471;-4489;1420;-4879
-679;-2558;847
-3393;-3158;2070;-764;-4653;-1709
-882;-1979;-4653
-4693;-4875
-196;-711;4330
513;3413;1287;-4859
-3395;1497;3261;3087
-3457;610;2150;3102
1730;-4137
1840;4874;-1180;509;-1056;2543
3315;676;887;1225;-2941;-750
-259;2167;250;-3885;445;4719
2737;2477;-3615;-4000;2767
3697;-1075;-1062;-4714;-1148;4668
1912;4602
4233;4379;4047
4565;4437;3734;-4172
-1665;4310;-664;-297;-3087
-433;-3444;2682;-4304
1892;-3176;-41;-1641;-4490;-2140
547;4324;359;2318
1474;-1620;1404;-878
-194;-3715;-4378;-2336
-3460
-3154;-1095;-4331
3314;-948;-2549;-459;253
480;4007
866;-2902;-647;1625;-3291;-4236
641;2211;3508;1366;3516;-4702
-3060;-748;-46;-2687
3042;2139;-684
3478
3666;2837;-4790;-4138;-4127
-1556;-678;-4320
-3483
-2898;3604;732;2045
3484
-4660;-4603;-2139;4845
-1089;1218;3811;1110;4508;3149
-793;-1675
-714;-988;-3356;4190;-576
-1491;628;-936;-2719
-3501
1824;4241;-2226;-4711;1351;-3981
2357;4550;538;3230
-2470;-4090;1146;875
-3533;-2030
2577;-487;-4871;967;-233;2492
-3972;2307;-1980;2844;-4303;-1488
4436;-2551;-3399;2663;-3646
-2641;-2067;-2324;-4518;3916;4109
-433;4;-4520;-624
4551
-1828;-2872;-424;-1016;2314;1322
-456
-3767;1262
692;-4151;408;-1504
4016;-315;202;3292;1455
3169;-740;-1100;-2813
3136;-689;-2561;2001;-547;143
-3457;-227;50;-1012;4185
3649;2243;-4472;4393;-4330;-3995
-4278;-2630;3371;3069
-647;-3917
3544
-4379;-2431;-4927
-4609;-2039;-1144;-4970
3093;-3862;2268
-4573
-435;-3012;-1717;-3402;-108
3376;2560;-515;-4935
-626;3884;300
-3078;-521;-2156;-4972
-3394;4906
-4195;1858;2194;-3374;-4142
-4483;-132;4124
737;3812;-3034
2541
-2945;3282;3445;4089;-4303
1571;-153;105
4016;1604
-901;-997;581;4891
4598
-505
3699;-775;-4761;-2617;-2651;-4668
-4449;2865;-3860;-4285
1381;-4170;-1147;-171;1741;3902
-3586
-3591
755;3875;-3622;2583
-2497;-289;-293;4478;-2944
-3186;-1652;-1114;4301;-3999
2563;183;3146;3854
-3921;-2787;-4693;-3013;-453
3491;-1289;-4842;921;-2910
1618;-62
873;3357;4798;-3376
-1954;3874;-4616;-1934
1697;3509;-3448;88;-1131;1871
4384;-3843
-544
-3617
1569;-4854;-1223;888
-1486;-1118
112;-2071;1387;1837;317
-1335;-3560;2631;4938;989;-4224
1858;-3222;-2270
-4612;-366;3391
3024;1241;-4687;-4240
-4903;-1450;2714
1712;1298;-3579
4360;-3838;47
1596
1976;-4604
872;1756
-2801;-2906
-3685;-1017;-1996;988
594
1891;-2854;85;-167;1639
-1763;802;-3413;-3389
-3668
-66;-4629
-1889;-516;-3991;-2397
-1625
-2929;-4420;20;2170;2620;-112
-1153;981;-3816;-4477;-2382
607
-3698;-362;1403
978;549;236;-1999;1870
3953;-4786;2924;-4750
449;-1690;-399
1506;-1492;-1685;-4055;-3084
-3348;-3269;4007;-3260;-893
-2273;-395
3692
-3449;3373;3775
577;-1285;1222;1531;2365;-1728
-214;-1448
-1713;-1633;3908;-4397;1484;2989
87;2503;-2842;4204;3999;-3216
-1670;-3067
1666
-227;-2357;916
-402;-3607;-2781
-648
-1251;1986;995;-4422;-4812;-1341
1811;4403;2901;-4807;1372;93
-4253;3599
4501;-166;1701;-2311
1941;-1560;-4108
-401;-3605;-843;4813;-622
-4227;3384;-1146;-719
4918;1917;-1054
1667;-4791;2315;-1901
-1874;2536
-1029;-1575;-1133
4016;-1080;-222
-4594;-2953;1757
2718
-2785;-4069;-2662;653
3745
676
1585;3671;4025;-2842;475;-1117
3314;3830;-4777;4505;4827;-780
-1090;409
-2455;2023;923;-1438;2653
-625;-4643;-3958;870;-4616
656;-4404;-3221;-214;-3238;-4600
-1766;-1980;-13
4322;3923;-85;580;4280;-2091
-2722;-1774;93;-1407
-4198;-391;-4360;2728;-3099;-1611
4530;-2596;2422;936;2858;1756
-692
-695
-1169;-1715;1282;3229;2142
699
-4796
2624;1058;3170;1628;2461
3858;4533;-3308;-4368
-3299;3876;4629;-1419
-4884;1094
3170;-1880;-554;-2479
-3108;3496;633;-1005;4799
1696;4774;3432;-569;4988;735
4816
-2902;-892
2420;-252;76;2895;4799
224;2931;1909;-3690;1775;-3872
3815;1005
4352;1481;829;-816
4291;-2375;-3415;139;2364;1772
-3169;-4946;-1097;-1178;2491
2385;2113;2482;-1449;1724;-4477
3733;-2267;842;-3040
-19;-3013;2299
98;-1268;-4685
735
-3301;-2556
3927;3098;-3212
-1779;-1303;-1760
2352;-884;-3239
3491;4425
290;-2903;3640;3994;4410;-3563
2629;4505;-747;-1211;-829;-1551
-4529;-1730;-4149;4728;-45;2926
3729;-2931;-2564;-1036
3092;4923;-4830;-383
-4072;-3564;107;-238;-2607;4495
-4325;-841;-3354;-2603;-508;2671
3840
-1633;1008;4041;1562;911
-3410;-419;2199;1448;1977
-3172;-4504;-3625;-4192;-1664
2642;-683;-2031;2894
1798
912;-124
790
964;-4758;3878;-2765;1887
-2842
4890
-3867
-2513;-1030;839;-584;-1052;-3629
3074;-3543;-2381
-1809;579;3443;-2249;3564;2397
-2855
-1298;-200;-2633;-2604;-2076;-3263
-2561;3926;-4124;3245;-1296
-228;3322;-1260
3168;-3501;-367;-2160
-3780;2327;-4601;2523;2942;-1247
2918;775;2985;2874;1503
771;2149;-3885;-2766;-3230
3491;3470
3720;2218
675;164;-4069;2567;4919;-3438
-471;71;1688;-3133
-1972;-2710;-236
1120;-4529;2560;4744
3767;1801;378;2046
921;3999
-4922
678;4698;2619
3365;3223;-1664
-4926
-102;-4825
-3906;-210;1330;-1053;-1296;-3888
-4820;-108
-758;2616
-354;1267;-151;-3646
-1091;-4867
4259;-2229;-168
838
-2439;575
1011;-2696;-3065;-4282
-4937
1377;3622;-2681;507;-1214;1279
3915
-3137;1985;-720
-1780;-569;650;-2224
-904;1755
-2050;519;2538;1163;-4048
-3554;626;3299;4291;874;2491
3296;361;-1450;-4091
-3397;-1563
-3554;4418
-2244;-2888;-793;3594;4219
1445;-1643;-3740
-1783;-4207
3944
-3946
-4974
4976
4183;-2892;1131;2765;3679;2255
2933
754;2642;1588
1985;-1412;2662;2778
-3972
-4488;-4670;63
-1927
4521;-715;-2588;-4781;-3422;-3134
1559;-653
435;-3391
1971;3028;4679;3047;3160;383
3249;-3654;1320
-3990
920
4608;409
2333;1661
-4321;-4260;-1780;3291
-2513;3442
-3639;2877;-4094;847
4197;-184;4504;-4042;-2154;-4284
2986
-498;-3228;-287
-946
-2407;-4684;2398;1694
-4541;-2559
3008;3187;-2710;-1502
48;4177;-3798;534
-4849;1025;4247;-2413
-2721;-2533;4774;-2777;239
3956;-421;-2841;2794;2842;-2285
-2692;-1069;-3358
4737;2705;-2456;-3562;3647
2288;1824;2641;4642;4677;2314
-81;-4545;707;891
4960;1521;-2851;-3828;-4047;-3904
-2357;89;-2922;-796;3980
-4059
3034
-82;449;345;762;1564
129;-4610;1139;-4327;-1514
-3299;99;-286;4477
-516;2541
-3382;-695
-3105;3155;-870;-1064;1691;-1840
2426;-3439
-3105;851;1640;-3472
-4322;-3652;1203;4617;-2959
2065;-1400;3656;3865
-4021;3877;-1942;1928;4252
