-930;2566;3960;-3067;4639
1218;2421;3413;-3166;-1838
-3524;-709;3222;-4112
-1031
-1937;-3190
-3528;120;4440
-3105;-4161;-1570;2280;-4042;347
3088
-868;1205;-2759;-4167;-2648
-1013;2663;-2697
-1235;-4355;-1140;-4558
4225;-4196
-2434;1729;4;4388;3511
1055
-241;3344
3122;2853;3813;-2590;-4095
2150;4680;-1035;383
-3829;2022;-4201;-172
4481;3625;377;1754;-28;-1981
-2899;1782;2359;-4728;3401;1149
1059;1140;-6;1943
-1067
3332;-632;-2440;-3593;-4458;-2492
-44
-4849;1461;269
3091;-1272;-265;-2318;717
2150;1032;-2347;3834;-4716
-1210;4330
1075
2388;-3446;3545;3709
773;3717;4678;-1948
1410;-1981;-4654;3119
-1489;2373;-1967
401;-4450;914
63
4868;2364
2208;889;4202;958
400;-3529;4970;-1725;4045
3379;1363;1590;-1419;-750
-69
4;1653;-359;-4311;2590;-2720
2129;-3603;3735;-3305;877;1263
-3857;-1685;4919;1835;1932
2305;-4582;1127;-3023
4432;-4147;2980;908
576;4193;4405;-1191;-4680;-154
-1714;1814;2697;-671
3153
1829;4775;1625;-1179;-3115;-1806
96;-4018;-355;2143
-1576;-4968;1338
4805;749;687
-3929;4620;-399;4015;3983
3170
-4197
-4513;-337;2195;4709;4190
2400;529;-3267;-677;3957;2280
4272;-1890;2515;-3479;2782
1128
-3142;2012
245;-856;504
2690;-3155;2611;-104;-3933;4045
4204
416;3458;-3155;-3673;921;-4220
-2661;3206;-88;-4508;-3229
-1828;-4904;1561;-3135
-226;-3143;438;759
-1778;4035;3716;2156;1420;814
3198
3537;-3141;-1832;-4681;1065;828
1361;4594;-3238;-4784;-112
-4371;1651;-2599;-3034;-667;-332
-481;-4298;-2111;-1823;-640
2289;-2180;259;-4166;4959
-144
-2330;3434;-3296
4304;-4673;3537;-2316;3389
3440;-3715;1447;-2794;-4909;1262
-4246
4064;2210;-1859;-3675;-1916
3636;-1175;920;4120;92;4846
1251;1924;4185;-4764;-4798
-2163;-3432;3391
156
-3321;2138
-1602;545;-760;3000
1191
3244
-963;4931;358;967
80;-1490;-2483;-907;-4317;3822
-4518;-777
-4964;-3736;216;2683;2685;1917
-2945;1945;3340;3981
2552;2140;782;-1200
-1204
3158;1639;-1323;-1052;4926
4112;3604;-367
4416;672;1062;-892;-1997
3168;4189
4258;1683;4981;4073;-4560
-4997;-1344
197
-3272
-3361;-1540;-4773;-3839;-1024
432;4385;4136;-2607
917;311
-1973;421;330;4154;350
1537;3443;-1448;-601;-672
263;-188;2140;4972;-832
-4275;4842;-780
2810;-4222;1421;-224
-1489;-775
4352;4243;3910
657;-2154;1276
2887;3482
4323
656;-1147;4814
-4577;-4869
-3798;-2170;4394;-4812;4107
731;4620
-4332
4262;870;-4716;2843;-3023
4704;3334;4919;-4847;-704
2532;554;-1824
-3330;-1258;251
-162;2451
-3318
-978;638;1615
-2957;606;-2000
-4351
-257
-2547;-3365;-3308;1790
-4370;930;363;3773;3662
-3489;4725;-1997;-2576
3729;323;-1638;-2742;-2488;-3593
-3333;310;4312
-3339
267
-4836;-1910;2698;-3855;-2608
3595;-812;-4079
-708;-2741;-646;1774
-1126;3400;-1370;-1578;3081;939
-418;753;-3654;-1367;4457;-4143
1541;-3226;383
4000;1952;-2580;2933;-2955
-4375
-4265;-363;1052;-2847
1002;2555;-2527;-2336
-2332
4323;4102;-4046
-1074;552;4905
-3939;4357;-4201;1979;3117
-4050;467;612;3860;2925;-3518
-4161;-3061;-2294
-4307;1555;1380;-981
304
-1666;4274;263;-2875;-2559;207
-1948;-2637;4895
-2427;1595;4683;1579
-1442;-2930;2180;1878
-2369;-1299;-278;-3662;2494;1727
339;-135;711;-2255
-4500;2072;-3531;2571
3363;-2532;1481;2649;2525
2602;-2573;-3710;-3806
-3392
2368
322
2375
-3159;1993;-445;-1791
-332
979;3285;-3242;-4780;3948;3213
2153;-2587;-2892;-479;-624
2383
-244;-406;-1480;-3326
1443;4997;2312;-4319
3352;1708;2445
2818;774;843
-2275;786;1430;-3466;1530;-2443
347
-1905;-3778;4962;-1257;701;1629
-1333;-3451;334
-1525;-1481;2651
4661;4991;1967
-1299;-1558;3749;-4872;-3401;-4240
2704;1748
1636;4281;4686
2368;-114;-786;-3881
4828;-1392
-4113;515;-2837;1336;4460;4076
-4771;-2885;-3462;3418;-1886
-376
4709;-236
-380
1152;-1873;737;3994;-1583
2428
-225;-2182;58;4651;3198
4709;4888
-853;-3622;4380;-3360
1492;3980;1055
-384
-2802;2418
4673;769;2771;3011;4901;-4476
-4311;2137;-1019;3579
-3393;-4083;-2307;-4948;8
4224;-2867;-711;3837
-3809;3510;-4186
4389;1511;632
-4497;-3330;3378;-1733;1556;2188
-2595;2204
-4874;2427
3857;3602;1549;3679
-2290;-250;265;3709
-658;1893;-2650;-3194;-1277;-1696
-820;3764;541
-3941;-1546;-603;4652
4578;-2180;-3188;2297;4940;1135
-4367;-2192
1713;-2723;-2932;-1961;3438
1414;2077
-422
-2712;-3929;668;1213;-3856
-4520
4998;-2524
913;-1043;557
1452
754;2995;-1207;-3994;4108;-3085
3140;4421;488;2074;-2526
4886;215;3319;-4042;-2923
-807;281;3838;191
4934;1641
3584;-346;266
1265;-3078;-519;-266;-2970;2061
-3826;-2754
-821;4773;1211;1084;3038;-656
-3714;1576;-1372
-2963;2438;-762;2749
-4407;-1336;4329;155;-206
-2628;-886
-227;4114;1318;-1692
4032;2855;295;4526
-325;-1336;4842;-688
-4130;1729;-4441;2552;-2301
4545
2505
-1170;3106;3731;-681;-1707;2298
3612;1773;-1855
1392;480;1026;-1416
-2129;-340;-2427;-3580;-4333;2109
4548;-2134;-2727;-4839;-3501
-2435;2308;1611
-2510
-1067;2845;-287
-4388;-2224
-470
3648;-2682;3066;540
-4577
-4182;-4495
491
-3820;3325
-3969;-1142;-4091;1547;4171;-3168
340;-1078;2855;3511
-509
-2289;-1294
-1108;1539;3151
1538
-3361;1792;4321;-4898;-4707;-2879
-4835;4615;4343;-3355;1804
677;4967
-3640;1499;4252;-560
-4933;-4069;2231;-2536;-4538
257;-627;-1764;4315;3471
2583
4642;-11
-2579;-2949;-4486;2310
-243;-1259;-3342;-4911
-2186;4777
3278;-3824
3520;-4117;-2536;-1212;-2576;1247
2531;-950
-3382;-777;-798;1519;4591;-2736
-1985;401
-3729;4481;390;4715;-1200
1588
-2626;-2297;3801;4667;-1950
3643
2417;-2691;4805;-391;-1805;-4960
2839;4023;-2268;-845;927
-2884;2301
1602;4291;-3263
-1089;-3973;-1752;4584;1647
4680
-244;1854
-2691;2119;2440;-1280
-2642
3092;-2233;988;796
-3782;-3984
-305;-3366
-2653
-4545;4355;2822;-1611;-604;-1023
-3393;-3405;-4048
1857;-599;2427
-2808;-4974
2;1128;3884;-1328
-1642
390;-4472;4701
1645
4718
-1236;-2474;3085
4256;2400;-962;1329;1794
4994;1699;2166;4312;-4352
3616;4289;-2839;4778
384;4233;2155
-1185;2918;-4072;686
4727
3383;4311;3180
-3506;3905;3307
-4628;-4809;3496;4282
-1659
-3243;2607
421;-2505;-602
752;4162;4795;-1902
658;2470;3658
-2913;-420;-389
-2698
-1027;2181;-1930;4027;1420;4172
-1075;4067;-2967;-41;-4732
-3823;3167
-4163;4115;1702;-2313
-1928;3447;984;-4748;558
311;-3945;-4202;-3805;1759
2547;-3572;3845;-2966;-1546
-4922;1181
4371;444;1999
-451;-1453;1230
1698
-884;116;829;4221;3567
-838;837;-2423;-41;-3337
1504;-516;2767
-4339;-3806;3359
3890;-3878;-3775
-244;3397;615
-1223;1240;3723;3102
-2289;-4554
-2484;3001;-2240
3266;-1223;-320
4611;-4053;-901;4074;1484;3676
2880;-3253;-1976;-1930;-2010;-4652
1253;-1912;-3115
-965;1096;-3049;-667;-191
-2181;-1453;-3951;-4383
-3381;-1082;-4138;-2348
-3841;3914;-3855
1606;-3516;173
2595;2339;-2939;4861
225;-139;-1824
4112;2260;-2023;3287;-2827
961;-2931;4723;4756;-2698
-2679;-1449;-4781
788;-198;1557;1647
-2771
-2502;-2318
1300;-919;4599;-3693;1484
4897;-4743;-4279;327
3649;2427;988;-4383;-3408
-2135;4375;2583
56;-3371;4731;1676;-4846
4828
-2743;3831;-3870
2018;-4453;2326;4939
-1733;-4808;686
-4545;1334;3948
137;-1899
-1938;3621;-1609;-1836
4051;-421;182
-1302;4761;-669
-818;4809;-3244
3040;1492;3384
2758;3303;-1215
-402;-3331;4279;3353;-75
228;-4056
2868;-4267;363;-317;-1453
-193;-4998;1734;648
-2810
840;-1883;-3884;-957
1323;-1709;2173
4542;3391
2032;2481;4018;4343;-3916
4848;-4628;4102;-4615;-363;2447
69;-633;312;-2635;-3292;-2782
-74;4940
50;2770;-3591
771
-1138;-1541;-870;-4584;-1184;-3744
3238;-2122;2731
-4115;308;4585
4848;852;-1067;-3855
1344;459
-3240;2460
783
706;4839;360
4240;-3268;-3807
-1461;4439;-76;4396;-4462
208;-3122;1784;-686
4887
-4929;-1378;-3339;-2413
795
-4077;-3887
-3618;-3066;2815
-4401;2627;-2709;-3690;1225
475;-1280
482;4388;-3034
-2862
2387;-3702;-4555;316;-3296;-1184
-2565;-3255;-4796;-2477;-4110
3744;-4422;792;-2922;-3291;-1888
2758;-4601
3024;38;3911
829
-2340;804;1238;4664;-3535
3065;1866
-3720;-4090;4909;1421;-4480
-2372;1603;-4247;-3704;-312
208;-1048
-4551;3559;-2108;-2861
-846
-2019;2883;-4469;-680;1389
2018;4181;4630;-2235;-1006;-590
-856
-4609;1458;4214;-206
-4005;4644;-4085;-2951;3549;4735
-1283;-374;-3511;-4439;-4778;-815
-4129;-4593;-2383
2145;2675;4238;-2287;3311
-4968
-4875;-1117
2919
3952
-3301;726;2246;3590;139;1579
-2977;-2373;1502;2958
-3105;-2910
2992;-4914
902
-4193;-4819;-822;-829;-480
-85;-71;235;-4029;-3406;1327
1634;-611;909
-2481;-1288;4682
-1380;4325;-4774;4457;-2922;-3694
2453;3670;-3559;4823;1720
2480;3637;-3511;-329;-2460;-1758
1943
-4306;-715
35;4205;-1311;-976
4003
2977;3958;331;-191
2273;-2902;-3478;-1948
-186;-749
3264;-275;-4953
-3842;-3508;-455;-1375;3118
4196;4421;-1815;284
3447;4665
2244;-4104;4570;1484;2895
4976;-499;1075;-2554
4227;2579;-3807
852;-1806
33;-1740;-3085;2813
2451;558
-962
-1700;4713
3253;4439;186;-383;1663
-4284;-4813;-4159
2641;-3430;2780
-72;4263;2920
50;4538;-4124;-4301;-1726;494
2421;3895;-4320
3826;2483;-1638;3078;-1915;-3837
980
-3265;-1988;-4614;-1017;1711
-3033
-385;-2833;2481;1141;-3895;1481
2961;4754;4022;-4606
3184;-2962;-3524;-1206;1471
-3218;1491;4260;1529
3025;3187;1947
-4034;-4127
4578;-452;-2116;-327;3080;-1722
4792;1322
-996
3044
4738;-3270;3077;2606
3504;2290;117;-3672;-2874;2667
-2274;4307
-1010
-1255;4406;603;4460;-32
1856;-4018;-902
3064
-2630;246;4972;4573
-1650;4610;-3766;3048;1850
-402;-2995;-372;2984;1805
3200;3966
4087;-4554;-4861;-4912
