-3457;-1873;4955;-2685;-3070;-4112
-1122;125;-32
-2138;-2988
-2055
2723;2452;-554;874;-3440
49;1705;-891;-2475;-2493
-49;3475;-1559;1215
1000;-251;1311
-3473;2530;4003;1444;2378;1322
-4260;3220
-4759;-378
-3138;-2034;-2197;1204
2138;956
-2708;632
2275;-2008;-269;4428;-4398
-4263;-2969;-3918;-2191
4126
-4226;-3123;-3507;2310;-30;-3744
-4135
2438;2504;218
2426;-2016;2703
-3105;2036
-2724;-3015;4858;-2239
-4146
3411;2507;-2796
-4149
-786;2052;-1321
1024;-4197;1670;-607
-2658;3825;-3278
-4627;-2606
3506;197;4313;-413;-1392
193;-3334
-3058;3329;-2358;950;-3050;-1004
1464;-1228;859
803;3478;4967;937;1898;-2796
1044;278;-3447
4086;1114
3058;2643;-2549
-4887;327;3468;-4109
1933;-2016
3712;-1929;-3916
-2955;-1227
2209;-3811;2217;1518
2336;2896;998
-4186
2902;3081;3466;-144
323;-3991;-3594
-3166
2790;4473
-1122
-2899;2450;-979;2246;-1695;1999
-1176;1677;3693
-1137;4298;-3262
3508;521;1193
-2188;-4064
-513;-2129;2146;-2924;237
2834;3906;-856;-3644;-511;4527
-3170;-1811;1284;-4168;-2489
-2500;-3766;359;2729;-1531;2540
337;-630;1438
-1158;-2375;4569;111
-1666;1842;313;-366
-4801;3808;-1635;1383;-2491;539
2176
-802;-1523;-772;-233;3195
3649;1283;3875;4374;1451;-1183
-529;-4162;-3170;-4567
2341;3948
4677;4181;-4988;-3725
-897;-2626;-2297;1738;-1856;3743
-147
146
1793;-4867;3029;-319;-2687;4223
-3698;-4649
2611;664;-4587;2494
1761;2675;3795;-1928
-1862;1690;3020;-2158;-2895;2367
4261
167
1198
2224
-257;4659;3572;-3388;-3262;-3551
-2019;389;-1624
-2977;230;439;3947;-1455
-2940;-3391
3264;2337;3509;3576;3885
1511;-345;-3228;-542;1550;-3231
-4965;-1526;1181
3263
-2641;4230;2701
-1223
3859;-3661
2182;743;2761;-1548;156
2246
-1505;-3554;1826;-1066
4274;-4074;-4090;4313;-1210;4062
707;-500
1283;-708;-3645;3278
4378;1981
-2803;2388;-3594;-4400
-326;-486;1035
-309;533
1136;-3106;721
787;-3061
3239;3135
801;3526
-4333
-4663;3401
-1125;-2615;4759;-4330
3311
-3489;-4202;1305
-2296
4240;-723;3493;4507
-1585;2570;-1148;-4700;-4608
1684;1832;-875;-1644;285
432;-2294;-4125;-4526;1037
2311
-2315
4976;258;-4823;-4535;-240
-3598;-4863
-596;326
-2318
121;-3371;-3168
2548;-3894;1878;4861
3637;2781
4514;3396;-4717;-1888
-3354
3809;355;-4583;-3271;3609;4459
2130;-2628;2886;-3695
68;2229;-2490;2524
4740;4759
-1897;2474;-3935
3296;4056;-2332;-1662
1314
1315
-4711;-3864;283;2878
-122;-2842;-2605;3933;510;-2240
-2710;4490;-3102
4128;-1148;-4831;527
-484;215;-1055
1222;-2776;-3933;61
3377
3699;3251;1548
-2727;-1038;-1663
-4961;1573
-4354;3826;-2861
452;-2072;-1756;-2062
1344
4418
-3969;793;-858;4907;-3244
-2276;-697;-3178;-3392
742;3177;3451;124
1353
2864;4616;-3055
3618;-2135;1919
4099;-3765
4084;4886;1335;3342
-4008;-2473
-2469;2132
337
2259;-2164;-3672;-457;2669
-2616;-4110;2862;1471
3712;4826
-436;151;-3499;364
4352;2323;-266;-4858;-2012;-1936
4447
1380
308;4378;3706;-699;1228;3724
3429
-4579;4339;-4951;-711;1448
-1939;3860;-2792;-1999;-2608
1956;-3527;2954
4486;-2171;1116
3376;-1603;-37;-3120
-550;3982
944;-4313;-3136
4016;4162;1399
3072;-1687
1811;120;-3338;4300;3421;-1856
-4961;273;-868;1094
3810;995;4294;3160;4491
-754;3170
-1261;4702
1851;-4910;-383
1393
-4471
4609;3445;-327;2055;-3192;1980
-4913;-1106;2805;-238
-381
-1046;-2408
-450;831
1942;4583
-3671;2265
-1169;-3219;-3429;-506;-3325
967;3519
-4488
-4246;1805
-2053;-4394;2970;4474;-1391
3667;-4663;985;3022;-4431
-2548;3236;4889;-3900;3839
480;-2241;-685
2849;2147;-4793;-3034;-3834;1146
-3617;-1276;4253;4110
-2448
-71;-330
-2006;-1469
-4410;4812
-2450;-4533;-2566;-4170
1843;-1864;4524
-2457
665;-3003;3772
1026;2025;-1616
-2712;889;-1630;-1728;3743
4657;4947;-1785;-3982;-2400
4961;3459;2235
418
4516
3906;4019;-1565;3277
2162;4691;2915;3965
-4919;4651;-1277;-928
98;-2468;-2395;636;-3533;1086
1953;4370;-1741;4046
-342;-4201
-3842;1428;-2939;-3067;-1868;623
-4786;4213;330;-4303
2499
2576;-4053;1612;-2510;-2175
2688;4388;-3894;4793;1694
202;3326
-706;134;-909
-53;-2870;-1632
-1483
-180;-1461;327;-170
1483
-3861;2470;4217;-763;-3613;-960
-4914;-4996;900;-409;2941;894
1874;3749;-3103
112;2977;-788;-4824
-4572
-1235;-634;-4620;1916
-1504
2432;1570;791;-2411;-2782;879
544;3764;2136;-843
1012;2789;-1470;-2030;-4879
1510
3665;483;723;4245;-841;-1643
-1681;1746;1829;-4982;-4570
-2721;-4099;-4985;4776;410;2031
-2388;-2342;141
-493
785;-453;4648;-1865;-446;2943
-1522
-2772;-804
-4642;-4130;4210;-632;221;-4752
-1430;-1789;-1533;-3950
4820;-1239
-3332;772;4950;-1226;1930;2543
-4617
1541;-2062
-66;949;-3543;2967;2264
4779;-2349;1165
1937;-3156;-1941;2632
3846;3927;-73
156;3453
-4952;-4921;-4969;991
769;227;3012;-2550;-199;-4877
-4515;2724;1236
4866;-3541;4350
-4726;4170
-1669;2037;2469;-4506;-1898;-3134
855;74;-2027;4189;542
-4551;3975;-504;3689
3633
-3762;2385;4437;-2712;2264
-4361;-2588;-764;1004
-2053;-3029;3940;2735
-3249;2963;3928
-1142;-935;4822;1338;-3536;-3168
4306;4261;1943;-3066;-3610;842
2628
4676
-3783;-1919
4226;1475
4579;134;2013
-4632;-1582;4606
3276;-4896;4255
4210;-836;-1512;-2648;-2874
-1937;1747;-1254;-4666;-639;1039
-51;4515;54;-1275;-1563;1981
-1141;4251;492;-3071;2110
-2546;-4717;525
594
-4226;1684;-3930;-46;2846
-1624
-2437;1835
602
-3158;-2678;-4394;-4027;3210;1228
1637
2695;-1114;-2988;3771;302
3106;4683
3572;-1926
770;-3449
-2657;2680;1113;2537;31
3828;3125;-663;-4983;-4169;-844
-2513;3138;2345;2057;4041;-2287
-3651;-1598;-511;-2047
-2579;84;-2168;-73
960;2469;-3641;-428
-1877;1802;2794;-2063;-16
3859;-4698;4939;-1085;-4063;3742
4752;2183;4975
1153;1946;3691
2274;2790;-3417;1385;-2380
1072;-1090;2965;-2742;-3931
2565;3400;840
669
320;4818;-2262;390;4571
-4524;3853
2227;-808;2327
2993;-4694
1075;4570;172;13;-927;1918
1702
2320;-1639;-48;-1312
2840;-3520
-1777;709;7;-1676
-4785
4789
-2969;-798
-2436;1737
-217;891;-2400
258;-1984
-3774
1088;629;3813;-3239;2507
-161;1844;1067
2704;3118
-3350;-4859;335
-3778
-2258;-4592
-1732
-3752;-30
4805
-2392;-1480;-4635;-4221;-1294
-4385;4176;3073;2804;-2910
-2760
2762
-492;-1248
2605;158
963;-245
4817
4545;2098;-3718;1894
-2052;-681;-45
2113;-596;2765;-3552
-2517;-2997;2661;777;2378;3501
2275;3524;486;1615
-3880;4200;1438
-3729;2738;3831;-363;-716
-1763
-4485;-4190;2814
-1751;2125;2415
-2217;1369;3129;4604
-742
1773
4963;168;-410;-655;2830
-4753;401;3597
-2083;-2746;-1451;-731;2972;-3888
2867;1529;461
-1788
-1889;2164;1605;-93
-4241;-4718
1790
-1991;-3897
-3396;2661;265;1242
-4729;-1164
-291;2499;4708
2434;2787;-2857;1420;61
901;-2699
-4867;725;2537;4426
2823
-3635;-951;-2219;2283;-4190;765
-3348;1172;2507;1471
16;-1249;2116;-4736
1745;3108;2074
-1587;3059;-4149;2506;4092;-64
-1959;-1882;2031
600;3258
-3699;-4867;-2132;3222;-1504
789
3728;-802;-4259;-2728;-826
-1189;630;2376
-2612;3413
-803
3522;-2467;3003;443;3471
-3763;4499;4773;3487
-514;616;-1387;1660;4526
4866;-4579;3812;-4172;4396;-1469
3498;29;-2159;-560
-1486;4350
-3569;1362;3604;-3560;3609;1418
-456;-4936;3482;-798;-239;-1967
-646;102;1478;908
-1288;-2090;4346;4285;2735
823
786;1236;134;2764
4929
-1991;2826
1860
1124;-4854;-2327;-2974
4009;3755;-2829
819;2068
-4519;-247;-1290;2555;1629
3779;-2214;3494;-2810;1083;1611
849
2899;4598;2568
-4834;2546;4407;-2973
-1429;4332
-3249;-4569;-3279
-513;-2536;-3952
2604;4397
-859
-4481;1441;369;1784;-3561;-1533
-3393;2132;-3879;2422;3580
-2756;-101;-4073;-1785;3836;-4176
-2641;-272
4496;-292;2724;-186;4364
18;-2940
-1777;-3988;-2740;3096;-2556;-1102
211;-4171
571;3389
2866;-313;-4126;4509
-403;3555;-1317;3556;4715
-884;4132;-2631;-3176;-2432
3249;-2287;959
914;371;-4237
-4854;2926;2831
-826;-2127
1138;-1044;-4532;-3303;-2380
2148;-3815;1705;1722;-4588;-1151
-3537;-3585;179;-2839;3837;941
1126;1819;1039
-1747;2115;-1364;-2991
3697;-155;-3452;-3054
-4985;-1053
3906;2196;2621;-1662
-2265;232;89
-4677;-2637;3948;2444
1030;2966
-1949
89;-1498;-3613
4856;-2892;-1038
-4641;4721;2885;1033
-2001;2880;341;-13;1469;3375
4003
2681;4395
368;-135;4797
768;4096;-1811;4887;825;4460
-4354;-3575;1870
-18;-2951;566;-2635
-4016
-2993
-1025;1444;1541;4153;-2096
3392;3700
4179;-155
4385;2245;-3930;300
-2499;4750;750
3216;3927;4602;1196;3358;4111
4026
-262;4357;3005
-4083;-4421;4220;3725;-3824;-2720
960;1782;4233;2363;-188
-2723;4373;3407
-965
2721;277;-2032
-4040
593;-1381;2070;3736;-2138;3209
-1574;-1916;4460
4198;-4236;-943
2981;-4986
-1702;-2059;-1275;4858;3850;1404
-2581;-3609;-3306;-4907;2284;-2175
-4452;-453;-1018;1868
-91;-2780;3853
1664;1730;-2452;4643;-4310;4827
3090;-170;61;-974
673;1219;2324;1556;-423;-3341
-1633;-4072;602;-3212;-4958
4546;-1396;-4141
2020
-4069
-2023
1216;-4578;-2374;-200;2889
4321;3622;-1656;3929
1762;-4815
1272;218;314;-799
2868;-1510;-936;4684
307;-3736;-2312;-491;3995;-4924
4400;1509;-1689;-2585;-4701
2436;3702
-4897;-1654;2570;-4076;3948;-1008
-3234;3172;1052;-1712;4815
-517;2952;4538;-4927
-1622;-378;4047
