1120;-3314;-4839;2409;4623
-4785;-1522;-4009;4778;-364;4876
3363;-519;-1368;-2954;-2267;2717
851;-4918;3078;1048;3243;1822
-657;-754;4722;3292;4670
-4292;-4231;-45;1469;-80
-386;-2182;-3015;-2620
3798;1655;-1342
-1162;2201
1207;-3452;-3885;-1055
2065
-194;4708;-400
-4040;3928;3369;2906
-2070
-3905;-4161;2164;4391;1532
-3850;-3342
-4609;-4385;-2051;4483;2277;-4959
3139;1942;-4297;-2252;3580;-2080
4726;-2189;-4621
-2417;-1829;1083;-3021
-4433;3570;2967;4670;-2576;-4240
-2965;3446;-2634;3194;-2301;-2878
562;2955;892;-2320
1028;4139
-4761;4812
2726;-4647;-4889;-2459
-2102
-2103
-18;-3541;431
1393;-2452;-3097
1616;1013;-2682;-12;-2044
945;-2520;491;4539;-2367
-578;582;62
-484;4980;3316;4542
2977;-2292;-4260;-503;-3530;-652
835;358;-1431;-204;3583
3876;-4709;3975
4115;1445;3926;3902
-399;3551
-4275;-2186;2763;-3823;-2800
-3429;743;553
-1146;3965;-1711
-4181
1045;-1678;4815
-2372;1596;-3823;2815;1871
-929;6;1911;971;-3072
754;-123;-542
-2289;2452;420;535
-4193
163;3620;1559;-2477;-719
2848;1744;-794;3275;-3903
-2904;2285;-512
-1233;-4530;1299;-3863;-4076
4337;4833;-4039;1975;-4187;2315
544;2001;4033;-4072;684
1473;4514;-4214;395
-1146
2880;2033;-674;1256;1544;2300
3491;-3989;-3093;-2615;-3549;3487
-1150
-2596;-4069;-533;3860;3463
4641;3591;2135
-2788;-412
4866;-1831;-2585;-1741;2444
2179
-84;3942;-2699
-1202;3986;3828;4213;-4280;-3338
-2725;-2541
-1956;4964;-3703;1864
-1650;3554;3635;121;4924;2878
-1794;-2178;1773
-3225
385;-1858;2386;4883;-2571
-1836;1675
2768;-559
-2228;1350;-4697;-732
-1653;4891
-4178;-358;630;4887;-2412;4669
306;-2694;1659;-4815;895;1407
-3245
-4225;3233;3651;538;-3149;2173
-1202;-198;-2870
3392;2338;-1237;-224
2736;3939;667
-2915;3575;4921;-287
1962;-1227;-414;190;2735
1589;-4009;-3901
-3777;4231;-636
2183;3774;-1679
-2338;-2818;630;-1066;-2636;4971
-3650;2660;2073;1690;-2589
-371;3638
-1415;3659
-2250
3905;-3908;2779;-1551
-130;1254;2583;-1451;-428;-4079
4936;-2589;-2144
-3530;1274
3971;-4039;-3548;4397;-2015
-1075;-1845;392;4760;-2443
2888;4491
-388;-1129;-1241;-1628;2891;-2813
4594;-3111;-4633;-153;-2411;2428
-1860;-4134;-4460
-421;2949;-1128;314;-1500
-2709;-2583;-44
-4313
896;-1569;2593;2292;4709;-2556
-4318
-224
3636;-630;3143;222
-2562;3814
658;-2918;4440;-1775;4943
-170;-2108
4033;-852;-3749;1558;2311
-521;-2554;491;-2782;4110
-3570;981;-718
-1937;1093;-3488
-3309
-2900;2661
3248;4465;-548;3877;395;-1982
242
400;4210;2246;3630
4240;-1266;2813;3821;3951
-4346
4336;2058
-2695;-2826;-2925
-1701;-3674
4545;-594;37;3766;4297;-2574
3152;-4675;4151;-2843;-4143
-1286
3842;4855;792;-1483;-3644;1020
-467;-2757;-1285;-4971
306;-3335;-4538;-3643;-2366
-2823;3945;-2043;-988;379;-3856
4117;3050;1851;3535
-4219;-2191
1073;402;68;-1277
4772;-400
-227;2551
2737;3508;-2055;3260;4557;-1488
1298;2760;2874;-1532
-2707;2994;3641;3177;-1596;-3180
-739;4979;-2933
3356
1248;4900;-1673;-2122;2141;1934
1474;-4964;-890;3273;-1227
-3559;3578;3340
-1461;1396;-3238;-3626;-4704;-4016
-1314
4785;-4147;-2916;-3577;3516
-2721;-1673
-871;-2154;4348
1323
-3681;2385;-3987;-3077;-3512;-717
-225;804;3877;-2742;-2904;-1162
-2105;-4345
-753;1569;-3;-2205;1086
434;2100;-4889
1780;1598
2354
-4408
2448;3632;-4634;-4830
-3409;-3459;-2661
-593;434;724;4649;-2733;2956
-4696;170;1499;2286;-3680
-2450;4049;1073;3796
-4644;3291
-3401
-3617;-4481;-98;-4629;-1561;-1307
-4689;-1921;2389;3674;4975
-2103;3720;2379;-1646;3103
-1359
3412
1366
-258;-4452;-1432;-4442
4440
2993;4088;-4687
2396
1936;1585;-2050;4627;90;-4815
2929;-3285
-363
-2483;-99;-3528;-3470
-4674;-812
-359;-2616;-232;-1049;-206
-2933;-506
341;1050
-4257;-4550;-3974;4006;1112;1150
-4836;-439;4903
-2885;2857;2221;-4159;-1488
3453
-3505;-3023
27;-4509
-4195;-1452;140
-849;-3010;2001;2419;-3655;-4462
-2474;3887
3575;3983
-4870;-4966;1402;3947
-4068;4215;1305;-1931;-4796;-3310
449;2247;-1279
-4772;-2821;-1910;3818;2218
-4494
4494
2447
-2641;-4928
-1428;37;106;-142
4501
-3481
2745;4831
720;-1026;-2156;-1166;-3950
-4324;1035;-3341;4428;1790
2930;2602
3728;-4849;5;-4731;2971;1438
-420
-422
869;-2316
1875;-2948;-952;697;4169;-4288
-3368;3385;1913;4637
4853;134;-4558
-2092;1662
4816;-1925;1095;-1067;4909;4893
4949;-4509
-342;379;-1980;-958;3343
-2587;4010;-4892;-3120
385;-2878
2263;-3258;-2765;-1805
-2229;4788;-2217;457;-2412;4107
-3362;-4253
4135;-3259;-812;2430
3697;2712;-842
-2065;627;4489;4857;3804
422;-4746;-1533;285
1476
-4983;2057;-3178;-1051;555
1136;3537;1429;-520
-1487
-4242;-3476;-4325;3174;4214;4190
-1720;-2713;-4746;4618
1041;-594;962;-805;-4142
467
-3057;-2065;4020;3064;4728;-2122
1499
4866;269;-560
3553
2483;1732;-4533;1271;-2478;-1006
3009;2039;345;-1838
1488;-999
-2579;-4761;-2393;2717;1918;2559
-4530;115;4906
-4881;-4194;4281;205
1866;2730;4331;1807
1457;1841;-4518;-1324
1684;4149;3500;4478
-1332;-4500;-2106;2059;4351
-3584
-3299;-2888;-3466;-76
-3158;2906;765
3585
-3799;2668;1310;3407
-1731;-1014;1079;125
658;883;-2149;1481;-3439
3232;4353;-4885;153;890;4973
3393;-2674;4739;-3832;-3179
1554
-1041;-3588;4853;-2568;-220;-2063
-2947;-4438;-922;3678
-3355;-3324
-2585
-3610
1299;-4206;-704
-4638
2402;3260
544
-3620
-1588;-2518;-4905;1164;126
-3249;3971;-169
305;1909;2810;4012;-3360
-4531;-3251;-1845;4421;4295;3516
2736;-4628;-693;-3479;4395;-942
-1299;3909
-3714;78
4659
88;-3737;-2121;-3962;4650;4510
1696;4293;3800
3828;-3253
-2626
2705;411;-4718
4947;1550;-2847
-604;-2143;4350
1153;-4441;4891
-580
-3653
4003;826;955;78;863
1265;4437
2737;1947
-2004;-1658
3603;2728;-233;636
2455;-1865
-3431;-3723;-606
2770;2953;-1709;-2895;-527
3921;2818
4625;-1220;-2458;-1386;-160
2931;4389;-4670
4820;-892;-1277
-608
1748;3254;1239;2558
608
-265;-2395
-4529;-963;-240
-4711
-2004;231;4218;3370;-1596;2540
-1829;-3911;3478;-313;3227;2013
-2513;1335;2903;-3372
4309;-3434;-250
3649;-314;3323;-3375;4270;-4879
3728;-3298;-1604;-3556;-2004;-2085
1202;4246;-2648;-1386;3309
4723
-3733;-3382;-3130;4492
-3713
-67;-2809;633;1597
-3721
1411;-1977;3982;-2767
-650
-580;-1514;-606
3330;-3862;-2297;3260;-1085
-4857;-378;-2798;1231
4626;-4423;455
-2930;-4034;-2088;4074;223
-1604;3043;-3333;-25;1260
-1393;-2341
1524;3765;1525
-230;-4840;4398
4048;4817
-1588;4905;2478
-4385;-3810;1489;2613;-3370;-3455
2514;2230;4711;2488
-4561;4994;822;2508
4565;1206;4007;-1323;235;-830
4098;1895;4297;-1405
-3810;3157;1575;4377;-4604
-1026;4514;-2791
2288;2851;-648;185;1355;2859
-1725
-54;-648
-2338;518;-1273;-1706
928;-3579;-1180;-844;-4221
2832;403;-1512;-1018
-2801;-3587;2149;-4103;-1580
-3634;-259;-1875;-1445;-3735
-1739
-1740
4812
-3812;-2517;-1894;3814;427;2238
-1752
-3297;-388;2947;-1429;1438
631;-57;-1307
4130;-2371
-3861;-4617;-1994;-3722;-3308;2429
2412;-4814;-286;2205;-255
2387;-3257;-1917
-4490;-4203;2364;-3198;-2478
544;-3499;-2910
-2795
770;-2543
-2497;4290;2728;-3771;-1501
-4739;-168;473;-4364;2926
-3797;-4128
3714;-2957
-3800;3384;-346
2723;3556;2790;4510;-2575
-312;4199;1999
-2815
2352;4578;-1475;-1616
2098;582;3574;2729;4522;-3517
775;-4621
-34;1833
1698;-2918;-4855;4407;-1176;4655
-1923;-4825;-2233
-258;-534
-4562;1591;-2395;4571
612;4679;-57;426;1278
2704;-711;2520;4589;1934
-1761;3493;-4614;-2777;1115;-351
-1823
4897
1828
-2325;493
-2803;2968;1258;4510
2387;2971;925;-1838;-30;-3600
-8;1854
-2642;3745;-4556;-1469
-1059;1381;3014;-4189;2703
3008;-2930;3555;918;3625;1866
-1219;-632
-68;-2808
2288;2675;-2087
1852
4928
3029;-1034;-4042;1213
-3189;2182;1223;4744;-3004;925
-4692;2552;-1052;-4812
-3042;4994;-487;198;1880;4462
2518;-1048;4711;-143;-80
-3687;-3624;4650;3068;-1343;-1952
-359;-4475;1805;4893
-3;1126;2489;-859;-4620
-2726;-3130;-1115;-2064
-4068;2211;2595;3097;-1968
4365;4671
-3922;2291;-4683;4444
1158;1830;-2141
-2468;4836;2133;-1895;-2058;2349
4768;2945;1652;744;-1726;-1390
-422;-3501
3157;2969;4377;-3868;2845;589
4851;3129;45
4497;-3112;-3673;-1118;-4623
4962
1239;3915;-189
4018;-405;4379;-3996;-4399;-480
-1825;561;-210;-4788;-2180;4486
-1604;-405;-774;-2872;232;3515
-3286;-4558;-2256
-129;-4854
-2648;808;40;-2474;315
4432;-2230;-4703;1614
497;-4036;-2470
-1969;2080;-437;4841;-2602
-3028;-4484;-1111;1304;1707;-399
-2788;899;-3304;4301
4625;132;1205;4232;-2491;-2716
-2309;4980;1413;1974;-2095
4545;1380;2142
2869;1099;-1677;-367
-3620;1924;1574;-1655;507;-656
3024;3251;-3335;9
-2951
-4953;-1071
-2867;3912;-2569;2429
-1361;-571
-2694;-1339;-1613;-4480
4417;-1458
-4721;-3360
1824;660;-2295;3575;221
1638;-2120;1992;4523
865;-3602;4018;-363
4376;-2586;1180
-3635;-2580;-2950;-4184;-889
-852;-74
-469;-1481
144;3745;4450;3212;638
-4722;-1171;-2437;-4778;-2155
-928
3040;-3881;2377;-608
1025;1586;2806;3704
-4009
940
-617;874;415;4367
4231;1609;4319
-2419;2073;-1210;2457;-1500;-3420
-1715;1814;-43;-1007
1975
-746;-4363;3131
1649;3458;-1651;4580;-4008
-1586;2853;-2010;555;1276;894
-962
-515;3685;-2630;-1064;-2490
-3538;-3395;1844;1050
1505;1509
-1041;4449;2743;-1659;4702;4063
339;-1540;452;-3294
2049;-4708;3630
663;3831;3756;-111
961;2322;4514;-4566;893;-2127
-1957;712;-3564;3835
4249;-1227
-11;2157;621;1279
996;4982;3191
2377;-4381
-1766;-2006;-3353
2563;4436;4221
4720;-3367;3081;-3453
520;2314;4763;3611;2062
-227;-3526;-2352
1824;1970;-254;1550
576;4612;3220;-4599;-2970;-2859
1569;4980;-2479
3954;2804;1447;2872;-862
-154;3753;-4603
-4898;1795;3492;-533;4602;-1405
-4065;3683;4359;-1803;879
-2305;-1221;2566;-2096
1586;-4807;-2908
-2069;-1995;58;3227;2382;-591
2720;2017;2423
-4818;-295;2009;4122
4321;-1026;-3669;-2678;4265;4925
4192;-359;-2570;3853
4804;-3782
4272;-4578;-102;4502
