3220;-3350;-1848;-4969;-2924;3726
4464;3617;3369;4042;2942
-4102
4054;-1710;1758
-486;-585;-4061
1554;-1572
4549;3065;-1451
2050;3091
4752;2916;566;4078
3554;-1317;-3270;4122;-2636;-1502
1317;-4791;3182;4414
1700;-2901;-88;1260
-1055
-4532;-2244;-4187;-2384
2167;2920;-4377;-1866;3819;4542
2598;-4264;-2634;-2732;1294;-4544
3636;-4702
-2289;386;-2677;-4775;4348;863
-3700;-1468
-993;-2151;-3049
536;-4764;-941
-1414;-4782
2515;-3430;2774;-4425;-1583
-3761;-1298;106;3869
4157
1563;-476
339;-500;-459;1710
-2406;-1687;-3753;-2365;3997
4421;-2519;4314
-113;-3703;4519;1771;4860;-4190
2051;-1716;-1877;-2840;-4620;-3360
-4172
78
-3403;2972;2845;-3519
-3809;-802;3991;-1560;-793;842
3873;-3962
1441;-659;3572;-1864;-3177;-2477
2141
-995;-2964;1817
-3938;2162;1923;2428;-1808;4447
-163;1892;-3448;716;3149
-3074;930;-4852;-2119;-3640;1391
-934;-4823;-3561
4963;-2245;216;2287
2275;-2922;2713;-188;-2157;2428
4199
-571;-1582
3056;-770;1314;458;-2607;1727
4203
2160
3282;-2291;3635;-1061;3719
-3494;4635
198;1239;2744;-1836;3390;527
-123
4337;-1571;4626;3995
-4613;392
1842;3284;-4518;-4832
-2534;-2776;1084
1916;-3071
-2183
353;182;-334;1983
2187
4034;4147;2278;-920;2812;3151
-4053;-3431;4887;-2330;-336
-2281;1883;2669;-1582;3550
-4882;4735
-1075;-3577;-2379;-1309
-4659;4810
242;933
4950;1097;-219;-2269;-4736
897;-261;1351;-2492;-2720
1365;1973;-112
1916;3359
3378;-1108;-2536;1112;-1390;-639
-1922;1945;-1739;-813;-1917;4287
1778;360;1340;2830
-4472;-4910
-2423;4646;-10
4313;4619;-575
-3297;3223;-4889;3515;1614
-3241
4181;4156;-2574;-3406;-4576
4437;-4199;-3401;4505;2925
-2485;265
4268
3651;-997;-4409;74;-2459;3966
-3247
-4102;-3899;-2416
-182
2992;-995;1490;2660;-2891
-1153;1521;2356;3223;4264;-1834
2787;-2581;-1750;-102;1720;3183
-4786;50;-2618
-1364;4622
-1010;1619;3783;-685;1599
-3794;-20;-2598;3653;1335;-4908
2237
1283;-3525
-4294
2360;2958
-4466;435;4308;3974;2620;-4624
-1226
-3281;4514;-4039;-3177;-364
-3654;503;1434;1514
-1553;-1558;-4539;587;2076;686
-2610;-2117;-3671
209
4469;1990;4118;1850;1950;2222
957;3358
4317
2271
-4050;-4003;-2412
4482;2066;1859;-4085
4323
4385;3715;965;1031;-74;4543
3732;-2478
76;1724;-2896;1327
-4329
2340;-3894;697;2575;-4000
-4331
3572;1174;742;151;-473;2239
35;3275
-845;4156
239
-3725;1436
1616;2883;-1061;-2697;4671;4047
1267
3889;-2620
-4347
-4116;-1492;-4823;-4062;-4191
-1282
260
4897;4530;3063;-3738;-365;-3006
4752;1152;327;-4253;334
976;2050;3382
-1842;3203;-4511;-1215
449;2893
2593;2469;2005;-3881;2749;-1568
849;-2542;-110;2078
4516;-3093;-2982;-4391;2602
3200;195;-2677;-4120;-1997
886;3479;2490;-1454
-3442;-2550;4661;2639
417;4825;2714;2077;4591
210;-1912;3016
-1190;4630;-1583;-15;-528
-3044;4022;1686;2746
-1217;-2005;-1420;-4141;300
1889;2504
-1019;4010;1404
1698;1592;-1420;1501
-3718;2393
661;971;-2959
-4804;4835;1350;-3740
2596;-263;3965;4894;1407
-85;2295;-3549
2362
-851;4133;249;-4266;-2826;2222
-2363
-306;2668
-2368
2369
3769;2699
3170;-2846
4562;-376;3772;2812;-4654;-2719
4422
2257;-3925;-2424;-4990;-464
-3137;-3124;4937;1306;-4477;4828
178;4563;-3383
-4393;-3273;-3935
-4849;-2082;-2509;4588;-3887;-1840
2390
1760;4726
-4229;1557;-2183;-3194;-1979;-558
2352;915;-2436;-167;3782
-3799;-3721
2887;-2441;-2846
4532;-1109
1312;-1205;-2330;-27;4651
2754;-4067;-3083;-2909;-4317
-2435;-645;1694
1953;-4676;-298;-1388;1709;-4832
3632;464;146;3218;1108;4087
-721;739;-1110;-4398
4481;4932;3316;4890;3501;-1294
-2676;-3004;460;-4671;4991;2479
1761;-936;3722;1194;3468;2428
-375
-376
-209;-4892;-2444
1401
-1528;-4474;-3596
-4210;-2468;4904;3915;-4575
-4355;1922;-3908;-4216;3081;-4176
224;1280;3120;2274;-556;3262
-3462
1922;4597;2554;-3307;-1548;3341
-3825;-2051;1388
-4146;-843;666;4716
2340;-2247;-2876;-1710
3186;2023;-1097;477;3999
3072;1120;-4995;809;-3420;-2108
-1427
-4708;3526;3751;4904;-2974
2464;-282;1295
544;177;-1739;2251;-828
-2291;-1572;-3061;-3189;-1560
964;-2999;2135;-2491;-268;3067
-259;-728;4952;542
948;-1546;-2043;-845
-2565;1636;-3526;-2919;-2731;474
3061;-365;2845
-3498
-2353;4339;-4230;-2135;-143
-1452
-4526
4804;3820
-1686;-1528;3647
1203;280;-2943
-2487;2839;985;1977;-4747;-4124
-4149;-4042;-1948;-30;-3086;-3567
-443
723;3820
1412;4806;-2567;1496;-4697
320;1269;1933
-3875;-2197;-1224;3772
561;-3545;1705;-4987;-1356
2224;1030;1516;-4317
-4402;3602;-8;-446;798
3529
1520;-2661;-343
1472;-99;3497;-1948;-4414
-474
3546
-4641;2209;3523;2933;3197;4526
4402;739;463
-1284;-759;-3355;-1231
-1265;4824
-3922;-2553;-158
-4530;2873;4651;-4510
2539
-4211;2695
3565
1505;-3990;-1947;3788;-1166;-4831
-2337;1831;-2825;-3312
-3905;-691
-502
2929;-377
977;-2355;-3060;2964;4859;-832
885;-4279;-3417;1978;-4763;3966
-689;4131;2439;3095;-862;-3504
-1283;1238;249;-720
-4481;-4131;1091;4956
1093;-4262;4597;3926;2173;2206
-785;-2963;-2244;3018;4842;-320
-1923;566;-1450;4361
3828;-277;-3253;-3050;-1450;-1452
2593;-2293;4683;-2400
3609
-2933;-3973;1751;2487;-3406;-608
3797;-2024;-4873;3626;3084
-4417;-1955;-2436;3397;1800
852;3014;4760;2777;3769;-4383
3621
3623
3797;854
1324;-2447;2703
306;-1888
2608
4803;2927
1287;-1545;3117;-2783;-640
4721;-2775;-3535
-4004;-2632;3466;555
979;-3575;167;-4680;2408;-989
-4999;1356
-1597
2803;531;-713
193;2724;3897;-1933;2700;-4960
-3828;4307;-3069;4685;1967;-416
-2009;2793;4911
-4673
3976;4797
-2631
-97;3889;-137
756;1960;2923;4620;-2301;-206
3316;-3903
1667;-3195;955;2908;-3951
1810;52;3959;-1210;3563;-4510
-4260;3671;1594;-2624
1059;-4325;710;-3352;-831
3675;3436;4333;-2031;847;-448
2386;-2038;4423;3000
4464;3249;-596;-4774;-1320;1629
-606
-4513;-3264
1105;3554;-3828;4809;108;4077
3682
1617;-3254
1235;1475;-3324
-738;2246;1927;104;4170;74
-2644;4900;-3191;167;3438
884;-3110;-3228;-1821;4764;-1184
2328;3417
2675;-4122;-3371;-3663;687
-2388;2070;2968;3930;4988;-3775
3299;-1194;570
3891;-1335;-2937;-250
4528;-481;2882;-2595;-3704
2681
2531;1594;3678
-3897;1213
3616;91
2709;3047
4593;-948;4376;4844;1084
639
1026;-3589;-4870;1289;2428
-1059;-3301;4407;1916;-4655
3457;2769;2836;-2950;-1352;2029
-3763;-2260;981;-214;3448;-889
4244;-1335;-2921;-1739;76
4865;1302;-1960;-2858;605;-2607
4198;1577
97;-1270;-1926;-4697;-29
-657
-3737
-4765
-3314;3982
-1281;4082;-3860;4707;3911;-2794
-4211;3347;4070;542
2497;-1668;-3876;3657;4906;1308
-1425;278;-3064;-573
-3762
4534;2299
-3986;-4437;1926;-2968;-441
-2533;-1030;-1228
455;-4684;1484
-3935;-4960
-1812;4742;-4873;3322;3421
576;-3330
881;277;4919;3736;108
2945;-466;-4788;-2495
3553;1014;4795;-3534
2369;4866;2437;-3322;2826;4844
-1044;3801
-2739;2387;-4022;4717;-3486;2430
1537;-2292;1941;4649
208;2897;4311;-1258;3773
-1858;-3858;4907;-2332;-2492;-3280
3461;1290;4538;2779;285;-366
-2500;692;-1990
-4774;-1898;265;3630
-2385;4486;-1671;-3560;3305;-1932
-2926;4687
1954;-4744;-2617;2168;2495
-2449;370;-1012;-3558;2334;-4624
4179;217;3261;-766
4544;3201;-4244;2438;-1450;-3742
-3041;1524;-2694;-2072;1439
-357;-4406;-3289;-4988
-1776
-2337;-1704;-1864;3165;-2110
3232;-3813;-3749;-2330;-4314;1003
-2501;-303
3648;4357;-1708;603
3269;-3002;1514
3830
4898;-43
4944;2705;-1930;-2907
2815
-1590;4391;1515;-3549
-501;4229;-1276;4461
770
1410;-1638;4213;-3673;1851;2703
2819
1809;1635;88;651;-2639;-2319
-3090;4307;-3062;44
-1110;1061;3014;-4696;2679;-171
3852
1910;-4711;-2140;-3567;2606
3854
-2817;4419;154;-973
-2052;-2829
1361;731;-2879
-4514;4805;-2105
2521;-701
4245;902;-1928;744;-1978;3933
1447;1403
-3459;3331;-2791;188;4558
-1704;-2364;1471;-3328
1568;2818;-4998;1992;-684;4205
-4905
-2549;-3381
-4083;4741;2296;-1307;1211
-481;-3286;1208;3370
1858;-1107;1314;-2286;-2640
1173;-3128;-2957
1492;-348;-4765;4476;990
3894
-3897
4922
2773;3016;856;-698
-2876
-2833;-4902;2811
-4931
1348;1605;1637;3878;-2512
1378;-3052;-4285
2625;2882;2746;4875
505;4431
4375;3943;-652;939;4524
2891
3362;555
-180;1221;2555;-703
2864;4754;-4549;-4366;3966;-1824
1856;-2721;360;1131;2588;-1342
3922
3352;473;-4123;2172
-4835;-4309;3959;-1225;-1611
3984;-1570;487
-245;3525;555;1117
-305;-3703;2343;904;-1706;3323
856
4082;3945
-291;-4827;-2911
2336;-1523;2154;975
4975
2929
4225;1668;3366;-183
-4618;-3435
3761;-1853
-2918;1656;2921;252
887
-2626;-4115;-4244;3268;-3030;3707
3173;794
-2104;3277;4157;-2223;862
-2551;-2732;-3437;508;-3534;2655
-1398;4245;-4776
2953
-625;1688;2937;1004
-4300;3388
-4661;-2873;4058;-509
2960
1804;-2720
-4665;-1372
3876;-1637;-1321
3409;945;-2676;1068;2269
2065;5000
3994
3896;-4923;-2781;-4974;-2383
4350;1695
-3153;3971;-2356;2421;-1480;-4428
-1937;-3750;758;854;-1975
994;-3621;2840;2767
2740;-230;1274;-1822
2357;-327;4031
-2081;-4196;-939;-3691;2829;2015
-4955;939
3568;4470;-8;-2414;3519
720;3043;3527;-3273
-1972
-4194;2786;-1251;2699;908
-2265;-3289;-4970;-3739
-4023
1984;1764;4359;-4762;-3162;-3183
2293;619;1851;3996;-3327;-4480
-4871;3916
2048;3645;382
-483;3011;2262;-4300;-1964;-1536
592;-4020;-1693;2109
-691;-3348
-4835;1346;-2932;-4260;-3600
3020
-1682;4706
2394;-4395
2211;4389;-4886;1310
-817;2818
2389;4794;-1085
-3430;4973;4846;1759
-4900;-453;1685;-1047;-362
4276;-119;-4616;-4619
-4737;1330;-950;4442;-4140
-433;4488
-985
3808;4545;1413;4651;1019;2959
4571;-4828;-1759
1768;4346
1137;-2677;2022;2583;-351;-3711
-4077
1408;-2226;-4888;-4280;-1306;45
-321;2856;2793;-2381;2045;1135
-2082;3236;2926
1557;4696;-442;-4748;1805;1213
-2597;4631
1301;248;3050;1532
290;-4359;-2064
3552;3604
467;3926;-4521;1977;2859;-3695
-146;-980;4235;-3598;-1551
-4088
4089
3186;787;-4063;-4000
3302;-2744;2206;-720
