-1782;3164;428;239
4098
727;-4632;3818;-2989
-4102
4946;-845
2743;-361;2027;-4476;3788;-4752
-3084
-1154;2522;-3084;-4988;557;-16
-19
-604;2670
1008;1794;4357;-4171;-4203;1195
-4118
-1254;-151;1383
1189;4728;1497;4895
3712;2593;884
-4308;189
-1049
1795;2276;2517;-859;2059;2477
29
3473;-3509
-2086
3285;-2120;1705;4911;-3648
1986;-4500;4603
-4177;660;636;2925
1193;-125
-4417;-2357;-565;2170
-1650;-282;4028
3818;-3867
-259;3687;1256;3608;1997
1794;3811;4686;3070
802;-2839;1767;-526;845
1667;-776;-942
-4659;-1764;-3029;3033;-800
823;4458;-2158
-1303;-190;-1632
-4150
-1234;-182;333
-642;216;1195;1341
-2098;4017;-1611;4204;-2638;-782
785;632;58;-3101;1694
-2119
3076;4825;3436
-817;-1845;2588
2162;2786;-4071;220
-2580;-3643
-2127
-1123;-3705;1483;-4271;-1680
-677;2804
2209;136;-3452
-3459;1188;585;1259;1535
3157
2553;2889;1915;3292;4796
849;-760
-3249;4099;3340
-1169;689;1943;4777
3909;-806;-3005
-3173
2150
-2308;156
-4583;1403
-1828;1717
-4977;-4950;2648
-1457;-4107;2427;-4143
2948;236
4609;-1424
1138
161;2602;4955;2332;-719
4757;-3615
1200;-3111;-2360;282;4108
-1146
3553;2069;-4475
127
2599;-3656;985;-1082
-2354;-1346;-4406;3737;3213
4230
1826;-1796;492;4732
1160
896;-1399;-4279;264;2426;-2143
3847;-2952;-1913;-2122;-1242;4521
-4449;2755;2968;-110
-1362;-1413;3706;3194;1135
2549;1687
-3045;-249;3435
-4069;-4263;1752;472;4893;-1999
-1745;-356;1190;1162;-4731;239
2400;1681;-4579;1177;4587
2291;3225;4253;2973;1982;1806
3218
-150
-1174
1108;-4024;4490;-2748
-130;1393;2437;-1503
2437;166;-4218;812;4028
3414;3207;3306;-4939;-4832
3890;4787;-1944;-2316;3165;1791
-4751;4591
3616;-3682;-388;537;3149
-3681;-2801;-1684;-2715;4923;-2398
-4067;-1781;-1751;-4632;-1245
1153;-2409;-1982
1640;-1310;1885
419;-3660
-657;689;3481;-3342
-2641;-3462;-1768;-2811;1291
-1409;-1590;-250
-308;-4293;-2506;-1262
3253
3746;-3348;2855
640;-2873
-1217
2069;-3431;-649;-938;-1342
1264;3985;-3003
3392;913;-4275;3685;-1977;3580
-4161;-3906;-2647;-1479;2102;-4446
-787;-4907;-1676
1700;4377;3980;-638
-4653;-672
3745;-1828;1365
4977;3427
213
-1765;-2951;-521;4589;862
-3057;-233
-4388;724;2422
-3893;2456;3291;2637;1871
2266
2176;-519;-413
3553;3377;-1254;2558;-3199;-4815
3092;-3078;-2439;-587;-4700;-702
-2271
-3212;1964
-3302;-2121;-3881;3194;765
1348;2700;-752
-3425;2390;1259
2179;-3161;-2123;3898;2012;-2576
-4210;-3426;1260
723;518;1642;-3597;-3645;2077
239
3651;3013;396;-3230;510
-4194;1697;1062;-861
-129;4531;-1686;1037;-3199;-303
-4066;2642;147
-260
-1351;3910;790;-3834;2141;-1918
3587;-777;1996;2623
-1922;737;-3700;3599
-899;-2440
-1574;2870
-3799;-4985;3993;-2939;3484;-4223
1813;4409;4298
3505;-2149;-1398;423;-4715;-44
1762;1476;2395;2974;4350;2686
4017;4297;-3934
-4531;4356;-1017;906
-3811;-217;2859;-2687;-528
1729;-130;-386;-2179;3923;-1645
288
1314
-3351;2521;-4363;-2924;-4990;-496
3488;-3779
-177;-467;-2613;2965
-2965;-4200;-1772;-4188;4639
-2969;1646
-4724;3062;-687
-3075;-3051;-3392
4405
-2522;3855
848;-2051;966;-1384;940;4063
3335;-1946;1692;1325
163;2165;4326;-1753;-924;1455
2240;4402;4388;2520;4170
313
-3390
3988;3497
1043;-1050;4106;2060;-720
-2965;4230;-2622
3713;-2041;-4809;-1659;1484;-1118
4033;1284;199;-3129
771;-3404;-2268;-4861;4301
-2354;3604;-1447;-1176;3191;4668
546;746;59;-3743
-2966;569
-3085;4029;3646;879
129;371;2836;-1478;789;778
646;2382;2447
-2673;708;1608
-3577;-4715;4863
4460
-3394;-3620;4596
-2418
452;-3960;3134
4243;-3030;426;-3099;2858
-377
-2513;2889
4473
-3474;-4083;2130;-38;4245;-4279
2913;1084;479
2672;4899;-4820;-3133
1879;1336;238
3223;-2841
1216;3263
2086;-1770;874;2764;1549
4931;2819;-1462;-3856
2155;2204;3197
-2243;4885;-636;-4447
1418
448;4963;600;-954;4556
1849;-1450
1829;41;234;1515;2924
-2453
1345;-629;-2693;-347;4045;-4175
-466;-1317;-153;2505;3039;895
-2913;4838;1400;4283;-3887;783
-2458
-4509
-2456;1053;1405;-2464
2578;1933
240;641;-2468;4708;1390
1570;-2293;2569;623
1447
-1299;3970;1850
-196;-4137;-4012;27;-303
3298;-919;-2316;1391
3505
-3559;-905;1980
-2566;-2646;-3254;1160;-3372
1670;1839
-307;-3878;-364
4115;759;3624;-890;1258;-221
-907;-572
-1483
-3556;855;3271;-1034
4500;-3447;4489;252;4909
3011;-4587;3804;1309
577;3045;-3593;-2473;-75
536;-3855;1406;-1312;-4000;-416
4242;2131;-2539;3806
-2884;-4501;-2409;-3770;-3915;1642
3476;38;2136;3548;-2575
1109;3467
1958;-3463
-2385;-1396;4373;1977;3035
-3558
-4727;3080;4410;2845
-3617;-1314;-2900;-2476;4876;1869
-4526;510;4511
-3082;4603
-3960;4457
1526
1969;-1204;4133;2009;3773;63
-1218;-4932;3773;-1486;286
2552
-2710;3224
-3779;2403;-3319;-3863;1899
3859;1460;-2157;4637;910
4614
4711;3399;1081;-1611;1530;-1424
4579;-1974;986
-1173;-1591;4950;-376;-4384
-2575
-4626
-177;4768;-1924;2872;-4842;1884
4032;1104;-2917;2724;3782
-628;-1924;-4126
-2625;967;-3996
-1954;1668;-360;4616;-3387;4047
449;-988
-513;-2247;2220
-3569;-1602;1558
3620
2784;4996;4709;3420
-2209;-3042;-1269;4773;-665;-4288
-3489;-289;-3861;-232;-3341;4511
-4967;2761;-400
625;-3108;-1496;3994;4411;-3869
-4655
48;-3638;4151
-2835;3415;1671;-1241;-3626
1592
-2785;1191
1856;-4882;-3558;4088;-4218
-4161;-3108;1574
-53;1269;-4519;171;1436;3294
2725;-2151
4086;3656
2805;838;-1098;3150
-675;4006;1340
-1857;-2816
3715;3909;3910;-4872;61
436;1652;-1144;-362
2619;-1008
1273;-685
-1781;1365;869;360;-2428
-1619
2534;-3483;-1696
87;-189;2334;3486
290;519;-3864;4120;-1664
-774;3480;2121;893
4112;2644;1493;4069;-1193;-1296
2144;947;4805;3339;-1150;-2303
4228;2920;3929;-4410;91
2516;3143;3022;1150
-2850;4643;-2476;-909;2207
1986;-2603
3907;1332;4597
-1251;-2052;-3765;-3209;3658;3950
-2867;-4922
3728;4497;-2418;-587;1948;3695
1792;-3480;667;2862;2686;-1856
-321;721;-4618;-3802;-2795;4043
-4371;-4086;-1390
1249;4529;2742;4124;-3821
1826;2902
-1907;4357;235
3710
-179;-3528;-2748;-1356
-995;-707;-3591;-1626;-895
-2259;-4964;-327;760
-1447;60;-1310
-2802;-3031;-3852;1628;4334
-1841;-737;-3940;3576;4622
3872;-1283;1043;-3390;1438
-4085;-763;3466;3979;-1936
-1235;2920
4210;-4665;-3818;-507;-3837;-240
-2722
-1672;3624;1320;4571
-642;1524;-2885;-1528;-2169;927
3748
-841;-3120;-3888
-2449;3205;-75
-3025;-4722;2355;-2839;-647
-4021;-3209;-2894;222
4782
2260;-2293;-2182;2695;-4668;1452
-3750;-4107
3768
-4225;3172;-4856;4188
-51;-3719
4183;-3640;2990;2287
-3537;1233;-1140;-789;4762;3244
3920;-676;-4697;3180
100;1783;-2591
1267;2006;-3239;4874;2523;1468
1842;914
-1128;-3677
2022;-2731
-1730;4987;1547
-4487;-2199;1880
-2386;3443;4234;4637
2820;-2773;2121;2267;3051;2443
-1362;-4932;2871;-877;-4607
-979;-3145;4361;-1179;-4894
-1987;246
-2998;5;-3703;-4810;-2525
-949;-1095;1418;-1117
752;961;2267;-253;-2032;1071
-2149;4872;2987;1019;-1725;-4285
2864;4933;3829;-1690
2914;-3894;-1789
3649;-3892;1622;-4666;3613;-1055
4129;-3653;2233;1321;1821
-4830
-546;3144;-3978;-4477
2762;1803;4140;-3872
-3875;-3388;380
-3923;2775;-1386;-255
1444;-2839;-3031;-1436
2594;-3188;-3173;-3606;-348;-3262
-4610;884;-2390;-1306;-2539
-2961;4389;-391;4967;3401;1580
-2249;-2602;3241;3513;1916
-3153;-3539;1974;4987;-1727;2207
-1969;-483;1510;-1256;-3677
310;-567;152;-4749
-1329;-871;-4704
4498;-4134;-1814;-4268;45;-1231
-4861
498;-4214;-4218
4673;-4146;1123;2108;-3503;3583
-2817
247;1545
1472;-917;3352;-2713;-3851;861
-3090;3075;-2808
4053;-999;-1560;-890;4909;-2688
4874
2064;2102;-3847;4871;-2364
3281;-2501
-4650;4137;2010;-3052;2335
4225;2387;-1733
3855
-321;-1521;-1889;4769;4675;2239
-1388;-750;3949
2019;-1653;2021;-4902;703
-3863
247;-2063
3316;3815;831
2999;-4729;-2571;4780;1341
-799
-2855;-2040
2849
3336;1564
-4147;586;-491;1259;-1085
-617;3471
-2867;-1927;2872;-2570;-1627;2236
-2754;-2771;2005;-1625;2285
-2594;4435;825;-1886;4399;-4368
-3797;1691;3963;3675;-4719
3234;-1512;-3448;3563
-513;3733;4697;4282;-1868;-2350
3780;-2967
3745;-4803;2722;229;4360;-1342
-4363;-1931;-3772;-4063
-4225;792;-508;-1004;3103
-3636;-1270;3062
-753;-1601;2713;2511
-178;2642;2728;3336;-2443;-4239
-825
1143;460;-4574;-2975
3442;-1591
1956;-2792
-4210;-822;-359;-3194;-443
-2570;-2363
1875;56;4028
-4964;3171;-4441;-4848
4937
842
-2920;-650;4413
4736;-3335;-3641;4922;-815
-845
-4723;1303;-3899;-701
-2994;-3702;-1801;3549
-4859;-27;-62
-4146;1827;-4393;4168;4426
3931
-4165;-2038;2327;-2333;2270
3361;3830;3181;-2336
-4290;2963;-1974;-2471;-4316
-2920
-3547;-3472
-4865;786;1430;4070;-3415;4925
-1413;971;-2221;-3344
-4482;-4802;4082;-4132;3327
2936
4986
4659;-2648;-3130;3035
-1919
4272;-4579;4770;-4789;4953;3436
3552;-2645
627;2329
2915;-794;-189
-4673;4019;-1205;837;-3383;-2649
3162;-203
3232;-417;4995;-1991;1385;4972
1840;2441;-4507;-1996;3135
-609;2178;1285;2846;3886;543
-3720;-2954;-3629;1196
1238;-2158
-2196;771;3236;2632;4718;4047
-995;248;3723
-962;-4052;1127;1835;1118
1217;-2153
-1441;-4529;712;1246
4594;-581
-4016
2930;-820;4100;4974
-850;-1348;748;4444
3536;-2434;-66;-1637;-3291;-127
4784;3698;2661;-2616;-1434
3762;2869;-2631;-4601;-1626;250
3683;2390
-2457;3673;4857
-3588;1848;1128;-4681;-2829
4460;-432
-54;-2246;2093;-2335;-2800;-736
3005
1970;-22;2165;1963;4379;2796
964
416;2212;-3478;1815
1728;-4355;188;-3647
-3411;-629
-1667;3659
2290;100;-439;2508;-1006;591
-1591;2937;1679
-4050
-3110;-1967
2369;-3350
3104;-980;1284;1143;1551
800;1751;-1628;3836;3391
2499;1560
-3332;2533;4807;4794;-4988;4349
-4834;2609;-2275;-488;-1035;-1120
-33;4056;-3439;1439
4961;-4630;-4043;2219;493
-294;1525;3686;-1164;4415
-357;-4742;-903;2902;1224;-1178
-4468;-636
-3121;1635;-986;-3661
-583;280;2746;2671
1481;-462
-353;-1985;-4490;685
3631;463
