1670;2535;1417;-4396;-3278
1813;-2748;-3166
1649;2455;1021
4416;3301;-1566
-1291;-1791
-103;4151;3128;-1598;319;-1792
-705;-2961;4703
-3476;4405;378;-3068;2798
-1635;3283;-4056;3691;4285;-4527
2178;-4086;3718;-1017;2492;830
-2578;1682;-21;-1078;-1098
-854;3302;-1767;-3928;3225
3095
401;517;-3174;-1270;-2826;-1866
-51;3652;1476;-1317;2421;2043
-4739;3459;1846;236;255
3961;-1484;-396
-605;-864;-512;2015
-195;-67;3572;-716;-512
3107
-4996;1557;4647;4199;-3835;1535
-3111
-4468;3525;3031
4137
-3810;-1353
388;3318;-4744;2395;4831
-1956;-2188
-1010;-3555;803;4104;2537;-3951
-1938;1985
-289;2789;3526;-858
4560;-3651;1924;3685;1722
3090;3266;-1183
-3127
1378;-2918;822;-4459
832;-1459;4780
-3681;-2914;-2309;-504;-891
-2722;-4487;3051
-1087
4193;-315;1338;-3104
-372;-718
2033;2599;-1371;-3196
3524;-1849;4027;4605
3987;-2933;-3514;-4714;-3136
1173;-4535;1910;2838;2316;1487
1282;3810;-2792;-1496;-1563;2878
-1764;2533;4374;1911;3192;-4027
2928;-1270;3446;3655;-489
-3152
79
81
2629;-1771;3131;2238
-4865;3863;-107
2946;-1837
208;-4392
-1377;2664;-1196
608;-4792;2200;2079
-1698;-757;2996;-5000;-649;-3180
4193
1669;-57;-4398;1662
-1127
2310;-1803;3083;-4719
1248;-323;3766;-3644;141;-1296
3792;-4729;-4188;44;877
-289;-182;-408;2012
4641;1109;4139;3534
-467;1364;25;858;381
1040;4097;4245;410;-2508
-4037;4487;3767
-4677;459
3042;1283;-1514;-411;-2860;-1712
-4710;4584
-1152
-2135;2395;4988
3202
4115;3683;1974;-4792;-1295;542
-872;-3357
-257;123
1489;-1203;-4516;1022
2864;-2114;1654;791;4027;-2991
21;-374;4970;-4445;990
-2466;278
-4049;3511;4394;-1085;3101;3485
-4324;3013;2423;-443;-1406;-4527
1481;-4668;-2844;2765;-3024
3160;699;-3711
3492;-2088;9;-4639
-3228
-1507;-91;-2923;4365
273;1237;1701;-966;4440;-4477
-4259
-225;-1973;-2638;-3086;4686
-1281;2245;362;3450;-4608
-3241
4096;1876;4186;-1308;-2528
-1249;-1762;-2100;-3722;588;-4224
-4284
-190
-465;1361;147;-3380;4568;-1017
1427;326;4582
-3857;-1463;2056
704;-838;-4154
-3105;-4165;3863;141
3587;-3349;-2480
1065;2921;-4429;639
-2209;470;-124;2733;-671
-2854;-2891;-1630
759;1501
1795;2904;-4912
-4641;4247;-2908;2063
-4314
-3233;-4068;4011
-2772;-2374;-3264
460;782
-3398;-2968
-2120;3911;-1981;-3678;574
4528;1078;4858
-2949;-294;-4598;4120;-2459;-1213
-3857;3630
-3525;-1942;-3325;-4750
-1655;171;1247
-2593;1281;2792;4248;-3343;-4672
-4435;-4885;3557;4744;3306
-3314
4944;4016;2549
2577;146;3897;3482;2316;-3981
-3441;2128;1066
-3734;1770;-2316;-863;3871
-3627;-992;-752
-2711;2939;2716;4478
3600;-643;2420
1378;2975
-2308
2307
-3991;-2414
2312
265
-941;-1694;-1728
1934;1406
4624;4723;-4982
3698;2667;-2000
-1553;2689;3229
-4282;939
1953;4594;-4229
-1698;-4582;1526;7;376
546;-3158;-3807
-2323
-4091;-4844;-557
2897;3319;-3481;-4811;-3165;-3229
-163;-3529;-3757
-3481;841;2921
-2762;-2285;2717
3971;1431
1315;-3646
-327;-4504;-4793;1852;-2751
-213;3269;1942;-1356;-3360
-1668;4102;377;-2046;3614
285
-4706;-4798
4288;-4813;3662;2271
-2056;-4378
-405;-1672;762
2065;2674;-3908;-2309;-814;-4144
-2676;1358
4035;3588;2823;4008;2232
2431;943
1104;-595;4531;3139;3604;1831
1512;3912
-3188;3451;-605;-4064
3508;518;4478
317
138;1739;3563
3811;469;4153;-2138;2221
-1619;-3576;986;1835
2378
-4774;647;1276;2687;1519
2512;-4786;-4949;-597;3014;-650
-181;2567
-2388
-2579;1523;2104;-4460
534;-4908;4718
-450;2883;-392;-985;3385
160;-2051;178;-215;3031;2318
-3345;3482;-4411;-2718;-3600
4447
640;-261;3893;-88;1288
3316;-4617;137;-4972;-2412
-358
-4454
-4723;-4101;-760;-3259;-2046;-1856
2282;-125;255
4595;1028;-3900;-1358
4193;-1813;-1128;2152;-3179;3214
2864;4562;4535;4108;2732;-2048
-289;1522;292;-4150;-4780;2939
-2421
-1892;-4484;421;-3351;-4174;-2254
-3921;3297;1697;2450;-77
-582;230;-1769;-4603;2779;-3598
-4473
4004;3540
4721;-4612;564;728
-4476
-2577;4577;4675;-3224
-4804;4739;2884;3876;2907
-641;-4405;3013;4295;-1872
-1532;-2093;-1741;2927
1994;446
-1969;-2522
-1858;-2994;3586;4500;-4653
277;2855;-1724;2060
403
4480;-2028
-3482
-4506
-3158;695
2137;-619;-1276;3244
-882;-4230;-4522
-4676;-1833;969
10;-95;-3407
-745;-2748
-4082;-2900;-3593;4874;-3085;3245
-1794;-2886;-2912
2833;-3748;1012;-461;1373;445
4998;-472
-771;1095;1560;-3275;4895
4048;1097;2393;105;-3261;-878
1457
-2705;-4467;-1430;246;-795;3597
-437
2486
-3212;-2351
2944;2135;-3613
-4466;-323;-3477;2008;4590;4159
-3185;4315;3131;1308
-4264;1720;-1098;1529;1373;-1759
1475;787;937;-2747
2739;-4343;1691;-2431;-1263;-4016
2510
1393;-2679;839;-4112
-2193;1602;-184;-1902;-1566;-4416
1442;-3961
-3739;-3900
-2520
2519
721;-1668;-4518;134;3834
2497;-4668;-688;-4784
-2481;2956
2961;-3766;-394;4749
4144;2930;-204;940;2909
4022;3626
3329;2271
-1453;3983
-1826;3809;2378;4318
1516
1521;-134;2455;907;-2205
4066;-2119;2888;2830
-3345;-2482;-2037;-279;1494
-4401;1057;4307;-935;2527
-2785;-881;-4501;-3337;-2717;-4720
3580
509
-4475;3964
-2066;1649;-2422;-4841
-4116;532
4549;-3863;440;1340;109;-4112
-1281;307;-4665
-2964;2067;-1672
3313;-1045;-2895;2174
3332;4165;-2983;266;-1184
-3347;1797
-1941;-639
-1859;-3123;-3493;-3210;2959
4200;1455
2586
2590
4385;-180;-487;631;-2140;3453
4897;-4116;-3376
-4593;-4153
4584;-4030
-2504;-1017;-4123;-3151
2571;31
-229;-2183;830
-2021;1941;-39;-4537
-2243;3828
2611
2486;3197
-2612
-4518;-680;3609
-4661
-1555;2114;-1977;-3243
1888;-581;2856;2553
-2273;-1802;2473
2391;1708;-3693;-77;-141;-1791
4517;1881;-1821;-1950
-4743;1382;4318;2286;-3824
2630
3058;1703;-75;2828;4332
4737;1425;-3667;3207;-2047
658;-3290
-3810;-2899;1656;-1194;3614
-2337;4780;191
3793;-4108;-3344
-1765;4651;780
-3763;-1952
-872;1471;2047
2646
600
3878;-3277
-81;-3201;3885
3540;2184
-867;-2459;4411;-2446;-2318
4224;-1268;3575;3083;-1838
-1730;4387
1552;562;4067;4539;-2655;-3360
-3685
-4709
-1383;1175;-2332;-4220
615
-4963;2362;-126;-3503;4590
1601;-3924;3963
-2536;3704;-2858;44
-1297;2131;-4090;3497;2429
784;-954;3865
-629
-4290;594;4324
3010;4467;-2748
-634
3522;3255
338;2521;3919
2005;-2809;-3277;4718
2687
-3712
2688
-4226;-4677;-1978
-3590;-2536;3146;-1949;-4928
-2129;-1267;-213;597;1851;-1532
-4405;-4119;3865;1964
4788;-4950;4087;-4105;2874
-3459;871;327;9;-4542
-3473;-2502;3277
650
-1634;2610;1196;1551
-654
-4769;-1922;-3906;-2628;3145;-4912
1633;1426;1139;-3770;-3133
3189;-1467;-4428
1600;-2456;-392;154;4507;4414
3522;136;2091;1054
2710;3398;-2984;3834;699;3243
2710
-2712
4464;3811;3493;-509;668
868;-3191;632
-4867;278;2472;729;-3582;1230
4244;-1449;-1337;3929;-1612;988
-3572;1493;518;3897;2427
-4581;3700;-3401;2568;3790;-1408
4765
-514;-3815;-4875;-652;-4127
-1974;1445;-1558;-2841;2202;-1020
4770
-875;3055;4639
-3684;902;-4218;-430;1629
4602;-621;4318;2350;3343
-3266;945;-2131;-3050;-4060;-1408
2805;-2777;1677
-1384;328;-4590;-3230
3585;-4019;-3733;-2661
3937;4907;-1390;3471
2657;2779;-1679
1523;4286
2728;3192;-1134
-3361;-3685;-425;3706
1089;278;745;-395
-3058;642;243;-747;3037;-1838
4899;-3671;-2951
-2785;1056;-1032;1784;-2396;2671
1377;3827;392;-794
-3713;1185;-4068;-2304
4484;-704
3171;1848;-4491;3628;-222;4974
2917;-4456;3559;747
3220;4501;4326;-1087
-499;740;-165;-1383;3055
-165;3781;1207
-3333;4391;2010;2779
728
-1521;-2689;-3730;-1155;4122;1167
-2450;1526;2087;3672
449;-2326;3950;-4399;-1487
-2499;3861;-3128
4976;-3651;-3461;-2702
4193;4359;3454
-2290;3093;3255;760;-2330;1327
1972;-426;-1627;-1039;-655
2033;-3700;-424;-3961;-1978;2158
4847
-2953;-3339;-4703
2803
3607;4075;-781
-1865;-3275;1307
3985;-3221
4676;1236;569;-2029;1886;3646
-4962;3167
-773
4868
-3849
3906;-2963;1604;-603;-144
3393;-3271;-493;4222
-2599;-4332
4391;1516
4658;1252
3105;4854
2502;-456;874;-669;3886;2847
-4481;-1435
-1137;-866;3154;4547;422;825
641;-2307;-4788;2947;2584;-1930
1830
2132;1801;3020
-4104;2268
4053;-1574;616;-124;-1134
4321;-3286;-2422;3162;-959
1297;2918;3384;-843;4302
629;-2828;-797;-959;-4671;3711
944;3193;284;494
883;3945;-2894;1966
-4081;2448;-4296;1079;-4171
828
-1089;1917
-4083;-2228;-2165;476
980;2932
3915
-2359;1287;-1385;-4459;-3596;-573
4941
-1665;-3749;-4103;-256;1759
1555;-4069;-1405
2903
-4642;-387;-4683;-1468;-944
3932
-4960
-1777;2052;-3065;-1148
3942
-3636;-1530;-4430;-2542
-1713;-325;-4694;-987;3771
-65;-3130;3022;-4800
-3090;-3381;-3397;1638;1193;13
3952
240;3718;2678;393
2161;-3131;-1965
1910
-3382;447
3882;-2991
-4033;4023;-248;3433;1820
-677;1479;-1691;-3340;2303
-24;986;-460;-4479
-3682;-3370
-3982
-386;-201;4568
-307;-3590;3434;-2496
-2563;4773;2973;-3519;1295
-2369;362;-4030
3298;-1352
-3971;3026;18
2393;-3323
2837;2476;-1309
1783;-3531;2236;-4798;-719
3265;2625;-3635;-4645;-1616
-4217;207
-1649;1056;-3235;4488;2332;-4958
1967
-3732;-436;1092;-2428;-2608
3697;-2729;3051
1184;-197;-3113;-2107;-3404;-3552
-3252;1397;2711;-987;4522;-2414
-4971;-1326;4525;1453;-2687
1506;-3747;-2638;-847;2719
-737;4194;2870;3848
3392;-1522;-4567;262;-4671
2884;743;-1722;-3339;2428;-32
1901;-3822;333;-400
960;-1927
-3205;185
-1859;4751;3199
4420;2888;-3259
-37;-3430;1464
4053
4033;-499;2568
4979;1123
-2721;-1410;3144
-1489;-4419;-2635;-639
4791;-1753
4352;-2180;1269;4615;3770;4527
1281;-4691;2412
-1001
-2515;1906;3686;-2556;-2495;2974
-758;-4503;3832;-187;-1101;3725
-1226;3258
2033
1586;-1990;3464
3650;-3962;-3770;587;-3664
2065;167;-1771;4395;4238;-1935
