6
4113;2584;3551
2800;-4857
-1569;-1124;-4500;67;-2042;-1088
-387;3492;-4198;-635;-3408
-1031;-1033
1185;-1269;-4030
-1747;997;1257;3289;4414
2513;-1747;-745
4464;3253;-1542;1430;-1531;3164
-4120
577;-1654;1053
641;3479
-182;2254
3707;1438
3376;848;-3308;-1468;526
4192;2026;-4142
1908;-854
-3105
1042;-2773;-1946;3642
1424;1529;-4378;4042;3563
-3075;2902;3705;76;-4670;-4095
3380;821;2453;3399;2719;-448
-3874;-2772;2869;10;-3439
-4401;2756;1317;-1467;4906
40
956;3181
2144;3019
-673;-4515;-4499;-1188;591
-2756;2804
-1073
49
3506;-2709;3576;-4426
-802;-642;4708;-4341
1081
-658;4322;1542;-28
3130
2291;1655;-3323;-2731
4930;-1366;-345;3625;-3227;-3677
-3004;1919
4340;3913
2832;2802;-4469;-2712;59;-623
2275;-2213
4898;1092;2265
4538;-4605
-968;1175;216;-4121;2893;-2335
-2116
-4004;-4717;588;-3199
3664;-4165;3337;1897;1338;2188
100;-3019;3339;-496
-78
4598;599
3952;-929;-1555;4183;-3802;-3979
-1286;-1898;3098
-3475;-262;-2495
-1910;917;2105
2137
4628;998;1561;-394;1786;1756
3443;-3239;2586;3437;735;2351
2145
-2146
3857;2497;-3128;3417;-396
3475;1078;-4447
4736;-2738;158
2896;3894;-3610
-3636;-1594
1873;2963;-4617;-1721;367
-3295;3406
114
2324;3557;-792;-3691;3323;-1534
2464;-3351;3051
2168
-3938;-3721;3439
-2149;4921;2889;-416
-978;-2230;-3018;-45
1824;-2313;-3737
-3958;-4731;2412
4033;3077;-2279;1447
-4177;2133;-1355;1295;2239
3171;-1641;1386;-4078
4400;4992;3809;3445;1626;2346
-2604;-2656
592;-1756
-2545;2228;1828;2869;-31;2958
-212;2310;3768;-606
4242
1379;-660;1128;-1293;-702
-1283;-1078;2509
-3222
407;-1583
1959;-2348;2843;-3632
-4251
464;-4050;-1690
-4612;2438;1367;-2828;-4717
2608;4517;235;-878;-399;1246
4665;-3599;-3279
1776;2947;-4793;1900;4478
-4263
-1235;-1846;71;-3337;-2825;3882
3537;-997;-2361;2985;2861;-1759
-1027;1347;-3901;-2831;-2976
-3811;1284;4372;-4790;-2733;382
2998;1276
3570;-982;4101;4166;-1821;365
-488;-2393;649
2113;-1929
-1892;423;-1789
-1710;-1118;-1214;2830
-4614;3269;-779;2203;1132
-1762;2974
-2113;2302
1650;2789;3577;-2380;2317;1453
-1155;-4120;-4618;-77;-1485
-283;-4380;412;3934;430;1102
4278;2571;-3583
-2754;2276;-1606;-70;-1114
-1557;885;-1592;2461
-947;-1270;3575;-3241;-2414
-3431;1178
-1092;-3719;503
-4981;1301;4713;-1901;158;-3599
2260
4309
1248;129;1202;-3909;1114
-2264
2468;-3621;-4600;-1389;2605;-1824
-4850;586;2459;-2285;494;-4816
-4319
-2644;-1676
4785;-464
-227
-1489;2449;-2727;-508
-228
-2279
3589;-584;1372;-2096
-4307;-870;4358;-3511
3697;634
-4913;1635;-3510;-1803;-844;1007
3308
1809;2627;1091;-284;-4972;-4608
1737;4426;3819;-4621
-3832;4074
528;-594;-1353;-4969
-4994;1677
1792;418;373;2887;-3176
-871;-4713;1241
3319
-3317;310;615;3785;-1643
-2339;-3032
1089;-3389
1841;4562;-2083;-3286;1417;3948
2369;-1268;-1397;4741;-3159;1018
-3413;965;2039;3738
-2201;-1821;-4430
-2017;3302
3158;-2940;1071
-4061;-3375
-3699;-4995;-3221;4597;-1145
3494;-2663;4374;1898;-1708
-1301
-1588;3626;2334
4377
-2566;422;2428
-2335
-1123;-691;4054;-1948
-4658;4364
-849;611;-3814;907;-4320
297
-4817;307;-973;-4080;47
67;1332;4261;-237
1908;516;-1180;-1551
-2993;3370;955
-2866;-3207;1367;1897;-2624
-4629;3334;-1068
-387;-4996;-3195;-2589;-1438
-3141;1109;-3582;-3920
-465;1873;478;-1568
-321
-710;-4733;-909;4351;1679
4421
326
2374
2464;787;3463;343;-3658
1206;2184;1034
-2483;3672;-861
4256;-3077;-2840;1127;4584;-650
-333
-4007;4697;-3069;814;1231
4384;-2977;1363;-4128
-1004;4253;4621;-3439
-3025;1731;-3861;-4407;1913;-3951
-3042;2580;4420;3547
338;-1701
-1330;-4905;-4428;-2990
2592;-3909;3829;-3142;4042
3506;3620;-345;3801
3056;4836;3637;1212;-2686;-2544
3876;-1691;-2286;3519
-359;-3048;-1246;-2862
3076;-4791;-3643;-3183
2017;-1922;4775;2794;4973
1938;-1781;-572;-3101;3165
2823;-2472
4449
1379
-87;2008;3452;109
-1284;-103
4180;3832;-478
4641;-567;-2618;-1087
-486;-3981
-1399
-3447
3332;-4732
-3861;3237;-2182;-648
4478
3454
4800;-3473;-4580;1640;4268;-4063
2224;-815
-3771;-188;-524
513;4498;1861;2861;3965
2596;4741;4677;-235;-1150
3923;2372;-4875
-4433;-1106;437;3676
-408
416
-4257;1558;-522;3114;4620
-2681;-4906
-145;2987;1677
-1522;-2402;2052;2298
2848;3777;3762;-2857;-4141;2158
-2629;3669;-3258;2842;4926
2478
-232;-3629;-4766
-1700;-1124;-3288;552
-1123;-296;-718;671
-1857;995;903;1995;-2479
-3661;2190
-1653;8;1197
2693;-1866;-220;-4925;3135;1631
1472
1968;-505;10
-2629;4297;-1755;1563;-1022
4241;-3096;2382
-457
-3313;-4788;1415;-2346;460;-3150
-3530
-1555;4200;-2474;-2908;3197
-3847;-1784;-4698;3913;-2669;2479
-4559
2139;-3149;1854;-4832;-576
2168;1150;-1823
3442;1125
929;4242;2454;-1401;-1673;-1008
-4401;-2596;-1114;-3626
-3548
306;4711;983;-4761;-763
-2421;-3542;1390
-3220;2740
-23;2551
-3058;-4611;3912;2250
-3557
-2535
2506;3406;-3375
1266;52;198
-2226;756;-4374;3301
-2543
304;4966;-875;-1852
243;-2293;-2318;3870
-3861;613;-1896;-3242;-304
3889;-4835;-3159;1550
-3357;-3294
-2225;3648;2637;-3552
-4998;-3623;3590;-3576;-4190
-2564
3888;2809;4061
-1121;-2309;2747;-2909
-2179;2115;1588;-229;-2090;-4846
-4391;-1866;-1470;-4063
3443;-1781;-1134
279;-4905
3602
-140;4078;-2384
4627
2242;342
-1030;1110;-4153;3820;-669;-2688
-209;-4167;1789
2451;1496;3034;-3532;363;2878
-2361;-2284
1580
-215;2904;-2090;1163;2891
-4655
3632
627;-140;2636;3038;-1504
-33;4148;853;-198;-3960;4872
-3108;2724;4182;-1184
-1930;-687
-372;477;1085;-4831
4963;3799
-4066;3720;-969;-3355
4949;2794
4457;1515;1774
-1603;4232
1970;3493;890;4346;1948;4319
-2515;-372;-1978;-4394;-2591
-2868;4532;1995
-101;3413;-2775;2358;-3148;2892
3909;1802
-1617
-2465;-3830;-1526;-1964;-32
481;-4379;910;-2735
3316;-1094;-2087;3478;-4217
1628
4177;770;1029;-4554;-2332;-1744
-4703
-607
3046;-1415
4801;2481;-4712;88
-1636
-2369;-4138;2813
3012;3990;3160;3772
-3652;1418;-4540
2868;2597;2375;2007
-633
-3522;866;339;2950
4612;-363;-444;1885;4766;-607
-913;1825;746
-3347;-2408
-4934;-4919
-808;3499
1808;263;-3066;-3082;-2588;-1151
2001;-2901;-2810;-2843;2107;-3373
-2595;4101;-3355;-3918;3486;606
3089;4148;-4534
1604;-693;-1834;1581
-2709
-3140;2804;-330
-3745
-674
-2612;3237;471;937;-1359
-3747
-2727
681
-4887;-744;-4140;2942
996;2181;-3872
-1716;-3430;-4506;2349;2510
3257;3929;1709
1232;-3989;-1077;-3211;-1851
4835;4236;-2223
-370;-338
-1121;-503;-1134
4805
296;137;3357
-645;-77
2242;-1519
1205;-4989;-3086
-3149;-2702
2876;-95
2032;4180;-455;535;3273;-636
1762
2837;-872;3900
-3875;-1189;3821;-3600
3792;3676;-1119;2591
-4065;2977;1288;282;4364
195;-3460;-3631
435;-3622;-3016;1353
2244;559
-953;3822;-4016;1903
-1335;-1472
-2332;-270;-3278
4857
-2309;1558;2967;-376;-4652
-2816
388;-2344;1071;111
-801;1372;126;79
-4805;-2776;-1391
1700;2228;-74
2003;-1719;-3550;1454
1872;2801;-4438;3207;-636;31
-1297;21;2791;1374;4046
791
3863
-1826;-3065
-3378;-3907;502;1655;-4895
-4904
-1812;2622
2135;-299
4913
2149;-2972
-4929;-706;2583;-1385;2714;-2176
2848;-1925;-2301;4333;-2126
-1554;-3316;1992
-2915;4482;-3422
3828;-1974
672;-3185;4354;1830;233
2880
-4930
954;-300;1614;-3103
-2290;1843;-4603;-4013;-990
-4114;-308;-3584
-1332;3959;-3628;156
4483;631;-4793;4588;-4751;4783
-4228;-4811
1014;4663;3416;-1067;1197;-4272
3458;-3285;1221;-2758;507
-4050;-4700;3791
3204;-1735;8;505;-3548;702
-3529;4395
-2289;-3620;-662;3656
1524;-149;3029;3871;1807
501;-3417
3425;-629;-4688
4752;2360;-3290;1145
4968
1898
-2001;240;885
-194;-114;824;4634;-4043;-4031
-693;-2071;1735;3418;-3019;-3323
2816;4965;1207;459;3726
-2061;-1903
-4642;-2428;-831;-1183
1924
-3859;1272;-1387
2949
2950
-2405;1501
-905
-1285;-4375;-3196;2831
3976
-484;2119;-3565
3977
3961;-3053
-1934
179;4805;-2377;-1788;4748;462
-1921;-1862;1158;-1629;3342
288;-4625;-3743
4101;4823;4696;799;2879
2963
-404;-775;359;-4271;78
3024;-4033;2705;4181;4665;1646
1540;820;-1146;4942;-112
724;3350;-2126
-2532;2714;715;30
-2979
-2181;-989;190
-4837;983;-1177
-4437;-3190;-1624;1688;-2970;2430
2051;3748;-3510;4693;-1821;4991
-2421;2310;1079;-4957;3052
-2465;-1123;-3498
-1966
-1090;4146;-1350;-764
-1106;-4467;-327;3453;479
-449;4240;2850;3653;-134
-950
3446;-2457;1354;-3296
4025
-2930;1347;2537
-2517;3320;540;2429;2302
-2454;1112;-4700;4363;-301
97;1813;342;-3497;1546;3727
-2020;-1397;4229;-2920;4090
-1425;2853;-3546;-4986
3408;-2465;-2243;3560;1290;-4511
-309;-1384;-4027;-3933;-3454;-3216
3702;2382
-3202;-3430;-2967;-4441;-4777;1467
-3176;3208;-3050;-1023
3139;1096;2878
-724;1112;3660;4814;4398
-2865;-4498;-1107;-709;3605;-2567
-4047
-1636;4724;-4171;3083
1890;-4309;-875;-4523;-1852;-4623
3168;465;-4712;-927
2006
4965;-1933
-916;2900;-780;4748;3229
4787;-1749
2658;2868;-3399;-2888;2776
4006;3133
1747;-2935;-3904
4310;-2367;78
3955;746;-4139;1210;251
2864;-130;-2341;-4889;3754;2765
2913;-3913
-3013;-4199;3133
4353;-2377;1529;830;-2304
1008
-3990;775;158
2496;4145;-3351;1719;4088;104
-1171;4228
-995;-4227;2661;-3974;-620
3666;3638;541;4430
3024;-39;2681;2395;3883;4427
1012
-3940;517;-2634;1705;1547;3821
-2315;-3231;-4688
-4179;4996;-3627;-3342;13
4092
-516;4310;1543;-2267
-3763;-4548;-220;-684
