1892;4917;-167;3159;2296;-1856
3652;-4039;-4941;2252
321;-329
2055
-3878;2845
-3474;-585;-4143
-3864;2074;-2510;1215
-1682;4148;-2454
-2180;4643;3695
2063
-833;-4437;-893
-355;4682;300;-512
2709;-4120;4551;-2409;4154;1278
935;40;-1403;-4013;-2751
2112;-315;-3550;-3391
-1381;3455
-4820;-4726;2693;1559;-410;555
-1802;3164;-1662;3406
3106
3333;-3292
-1621;-4565
-3059;-59
-4609;689;-951;-297
2768;-3619;-2696;-168;-431
547;-3611;-59
4147
-1511;-592
-2132;3828;2551;-2459;1339
3234;3228;2812
4913;1425;4984
-2897;-33;866;-4889;2617;-3916
-1586;3235;-3757
-1458;-2699
-4327;-1880
3491;3892;-4744;2061;-4894;-894
-2339;-933;-1430;4869;3638;-669
-3729;-4628;-1819;2651;-2909;-1919
2996;1861;-2744
1840;4225;1746;1833;-3435
508;-576
2721;-2653
-69
-4169
3792;-3866
1088;16;4036;2646;2540;-3085
2100;-3337;4383
-4006;-744;1596
-3428;-1942;3239
4344;861
2704;454
933;2856;697;-3707;2379
2400;2883;-4645;2365;141;-1008
3168;4587;-2544
276;-4391;-58;-4112
-3057;-17;737;-1852
4612;-4216;-3930;2940;2735
4190
4865;2739;1501;-3888
-1777;2224;-643;4391
3174
-3186;2519;1370;3339;3229
867;-3829;-4567;2797;-3566
-4977;-4562;852;-1662
-3458;-3096;2348
-4530;-3561;4808;-2972
-1138
1922;-4906;-2891;4735
1143
-737;-4835;42;2063;-1776
-3442;-138;4106;2670
-2740;-4619;-3006
-4983;-280;920;3192
1843;422;-3818;-4925;-4640;2799
-3201
-705;596;-2910;3358;-3551
-1506;4101;-3710;975
-7;-2120;-4125;4063
1968;3462;-3067;-236;-1678;1742
-4246;3077
-1177
-1938;-3063;1774
3042;-840
2336;1411;-564;3605;3080;-3562
-4260
-1700;-1383;-4040;-472;569;716
1653;-3740;-1151
2129;4857;3419
3237
-3905;928;-947;-2595;-975;3231
-2698;-650;3181
1173;154;172;-304
-3018;2843
723;567;904;3100
-2226
-1571;-2662;-1068
-2260;-4823;-1291
-419;-1220;-3062;-3160;-2746;-1868
-3195;-2637;524
-4903;505;110
3504;4566;2054;4375;4829;-3774
112;-2547;676;4984;43
2288;1625;4874;748;-4557;-1710
-521;4814
-450;4743
598;-3911;3721;-2538;1307;4092
3009;-4324;-1225;-2779
3156;3988;-2119;-1658;927
4295
4784;3332;-3654;408;-2622
-2250
-4466;4953;-283
-3277
-4228;-3544;2445
-561;178;-2376;-523
-1491;376;3374
387;-3337;4219;2015
-4593;4373
-801;4580;-2424;-112
-4977;4438;203;2604
-919;-2698;4249;-4668;2059;-3372
-1846;-432
1140;1962;-4699;-2763;3103
2131;-3005;1886;-1247
807;-4377;-4844;-4542;4527
-3313
-182;3496
-3318
-2481;3907;1447;-3120
-2865;-2498;4919;-4924
-2296
-1137;932;-2597;502
1173;102
3273;-2810;-4812
4736;485;2709;-4556;-4109;988
2150;3209;3305;2266;1615
3872;-2807;4314
-4146;-4134;-971;4894
2932;-2443;2844
4384;3590;2299;2044;-1807
-4369
-232;4280;-1726
2771;-2133;-552;-4984;3596
2209;2561;-3367;-3274;346;3852
-3698;-4200;-1775;3247
-3873;1907;710;-857;-4425;1135
4795;-2462
4724;-1624;-3113;2489;-143
4067;-86;-4953;1993;-1403;-1952
-2033;3057;1032;-1998;238
754;-4643;-3878;-2278;3608;4090
2347
192;-2697;-3979;-4060
2355
-436;-4361;-3709
1136;203
-4763;1375
-628;4547;4213;3449
-259;-756;-3097;-302
-3811;-2316;-4431
-4706;1313;-1499;2107;-1470;2911
2304;-1913;-1742
-4402;578;1045;-4409;714
4098;-692
1536;3888;357;-584;-1790
337
-2505;-1276;-2718;-1008
2566;1870
42;4397
-4545;-2131;563;-1382;-2326;-767
-4947;-520;2046
348
1057;-3285;3991;-2009;4265;3498
3701;-4089;1513;253
-3314;4694
2465;-162;-1305;-4364;-4319;2207
944;4818;-3741;-640
-3990;633;-1052;2204;-3279
-4789;2762;4843;-3182
-2322;-3139;-4870;616;-1919
4161;-3635;1975;943
-242;426;2238
1715;4326;524;-2095
-4209;-1288
-379
-1692;-735
-2087;-858;-508
383
-2102;-2775;-2904;3545;3851
-3530;-1563;2654
1077;4711;-1608;-362;1084;-3487
2145;2086;-617;3946
961;-3404
2256;-3676
-1252;-4102;-3466;1195;3133
-899;-51;-3705;1325;4767;-1040
2593;497;-2724;2677;-4464;1023
-4498
436;548;3530;-3004;2315;-1374
-1318;-3901;3791
1363;4948;2287
3916;1613
369;-779
-2459
1648;-4098;4935;-4488;3439
1970;3012;-1061;-4988;3596;4030
4130;1406
1090;-2825;-2713;3006
-3493
3732;-4856;2871;-2171
-4769;-4948;73
-327;616;-938;2441;3257;-1550
-4313;1481;-989;3695;-3376
-2480
2532;-3813;-3927;-346
-3345;-4337;2839;123;2620;-2431
-2337;-4245
1462
630;-3479;328;-3803;1741;3118
4165;1334;-4767;4830
3203;4408
3410;-1943
-4737;-1106;1234;2116
-2321;-174
-196;869;614;2008;-3259;4507
1124;-1625;3337;2649;-941
2352;-2077;4270
-1763;4757;-311;1543;-3080;3400
678;4055;-1209
3220;-720
-1299;-3556;-29;2383
-3857;2705;-3012;2103;-3513
-4520;-1056
4683;3967
-4985;1451
-4526;-4128
864;-3375
-3536
2512
1489
-1558;-1367;-4713;-4095
-3315;-1141;-2157
-4930;-2851;-3574;-4054;-4076;4671
3425;4379;-1183
2028;-526
1174;4246;-2892
2615;2988
3372;2989;1295
4691;2676;-245;2825;-2285
-3567
-2546
-1331;858;2108;2959
2264;-2765
-3042;3907;-1238;-1078;-2123
-323;-1203
453;-1337;381
-1779;-3240;-5000;506;-2366;110
-506
-180;-3944;-2538;3789;2527;-160
1445;3992;-2218;4461
-3889;-3687;-4202
3137;-4583;-3928;2536;-2345;4667
-4641;-1460;-1405;957;4062;-3151
198;1255;4187
1446;1368;-3338
-2580;-4502;-202;-1434
1556
-2585
4612;1449;1786;-143
-1321;379;-3693
4786;4972
-4929;-3585;980;4943
629;2040;-1357;1278
-4103;1511
152;-2748
1985;-469;1787;155;-2910
2947;-4526
-118;-3512
-563
2631;-4220
-565
4661
-3586;3395;3515;4411
3315;-1401;-1276;-2896;-4464
-4675
4724;-2096
2628
-3528;-126
4679
-4817;-2578;-2551;-1576;3769
-2466;-168
1729;-1078;4031
-4003;-2442;-974;3758
3666
3654;-360;-2700
-839;44;973;-3070;3487
-871;-4283;1483
3617;2386;4163;-3423
-23;4744;2186;3658;-750
3488;2641;-2147;-4708;125
-3188;-1588;-4436;2104;648;-3358
2866;4761;-1005;3199
-3766;-326;4871;1271;4700
-51;-4359;2920;2265;4954
-4835;-3576;-3464
-4710
-616
-2130;-4760;-1274;3482;-4975;-4272
-1253;1367;-2779
-3058;-3316;-390;-695;-4424
179;-4052;-4186;271
134;-3224;-3678
3109;-4552;-2493;2287
-3697
-2273;-1428
-2226;-2773;-1146;4763;3036
-4728
-1951;-736
1662
-2059;1805;4989
3638;-2008;-1161;2888;-4000
4741
-690;-1875;903;-3277;-208;2447
741;-2264;265;4714;-3484;-1648
371;3589;-923;-2959;1599
-1680
2562;-1907
3088;-384
-3730
2469;3878;1065;-4970;267
2692;-695;2891;1917
-4116;1395;1544;-3770;3963;-4799
-2867;2229;4454;4184;-4572;-1740
880;4666;-3677;1293;-1471
144;3000;3306;3434
4250;491;492;1437;-4976
1700;278;-3593;2286
-1699;2740;-197;2809;185;-94
-946;4691
3941;-3945;3755
2434;3367
-3034;413;-2159
3757
-2692;-4582;459;-3087
-4739;3448;4236;813
687
4052;2997;3881
321;2402;4616;4987;2173;-2544
2241;-4123;4622
2145;3751;296;-3289;1787;-925
1136;274;708;1647
-1045;3702;1494;2055;4732
-2443;-4960;-2512
2747
-419;-4377
-625;-3619;1460;3639;1213;-1359
-4353;4307;-3861;774;-1675
-1737
-2322;948;-4133;-554;-2814;-1055
-4634;845
4814
3997;-207
-3418;1674
-3410;849;4898;2628;2045;4975
1908;3935
723
-2489;-1740;-3455;2862
1755
-438;679;3563
-734
514;-2062;4989;-656
4640;-133;-3767
403;1493;-3512;4411
-4625;1920;-4402;-1268;-3639
-3830;-2311;2909;-4687
3683;4741;4623
3377;-2936;2367
-3527;1369;2921
3866;-2139;60
3504;-3585;-2045;-4782
-3701;-3261;-431;-543
-3617;3011;-4261
-82;-2984;-1085;-4094;-4814
1410;-2387;-2568;-3640;2316
-3846
-260;-516
1587;212
2848;3971;-4758;2901;-2888;2799
-4726;2359;3853;319
2416;-3147;1866;3743
-4519;-3433
-1507;-1561;-4010;-4971
3857
-3489;3988;3226;1323;1133;-3344
-1761;-4326;-4742;3303;3662
4336;4196;-571
4894
-3877;-4072;-4874;4345;2559
596;1732;1384;-3134;3293
-801
-2449;-1721;-4683;1610;-2974;1215
243;-2079
3902;4367;2783
-3889
624;-4788;4422;-750;4381
-4643;-2974;4750
4916
2738;1476;-2368
1584;-1428;4997;-3863;-2252;-2941
18;2084;1237;-4635;3518;-4079
1744;-4193;3378;1731;1247
-4435;-1702;1927;-861;13;126
-497;292;-2486;2395;3533;4767
2885
403;435
-3153;357;-1115
1252;-4140
-2889
1865
-465;-242;-4231
3520;-1654
4690;-4646;-1004;-1854;-80
673;4857;-2637
-1762;2246;-3272;911
-2739;-3945;-459;-4124;3245
-4950
-2097;1489;2149;-4039;3353
3376;-610;-3253;1342
2116;-4117;-3718;2519;-1755
386;-2233;2569;761;3471
-3185;-1595;-2224
-4402;1491
1729;-2276;-4871;2216;-2783
-1457;2100;2313;-42
4848;3191
-1873;4736;-1555;-3814;-4510
4433;-4755;-2420;884;2730
-875
-2927
276;605
3648;-1114;-3003;1610;4860
1719;-970;4554;702
2933
-3843;4866;-2581;-311;1031;3772
-4146;3653;-391;4026;-1134;2974
211;-104;298;-319;-3024
1468;4542
-2594;1702
-1730;3810;-531;-3150;3519
720;-4021;-1691
-3204;4100
-1985;-3828;-1160;-4025;-1372;-2864
3973
4384;3688
-4278;1209;2123;3900
-4753;-341;1447;-3080;154;-479
868;1578;-1405;894
-2418;4731;-3694;-2606
-1601;-2401;4530;-4983;-3630
1366;-3497;4091;-2879
4195;-1577;4714;-4811;1470
-1441;-2217;-2318;622;-688
1136;2434;4980;-910;-4670
4544;-1590;-1006
-4850;-3245
-1939;3959;2522;-1566
-3665;-3890;-3395;2274;-1941;-3632
936
-4995;-564;-773;-4847
-2711;1164;-3488
-3051;1467;-4479
3825;513;2679;-4108;-1967
-355;-4868;3989;-734
-2995
-1619;3859;1289;3566
-958
1188;-4390;776;346;-1951
4055;-4651;-1133;-1181;926
1888;-2517;341;27;1227
-1162;-4927
-99;4140
4044
-4047
3026
-513;-4454;2727;4007;238
58;2972
2006
-2337;1329;338;-1483;1166
-2482;-1050;11;-544
2896;1170
2276;1119;3743
-2660;4503;-2284;-735;4223
-100;1764;-1016;-3529;4905
4246;-2221
560;-4817;-4483;-3529
1006
117;-3016;-158
480;-1923;-1992;-1145;1532;-4109
-3602;-4581
2040
3984;4995;3028;-3770;3050;-4127
-3941;-3224
