450;1698;2403;-998;3750;890
-4505;-3691
3
-4100
1137;2886;-728;-3548;-3101;-2797
-2953;1919
-2059
-1205;-2087;-4745;4953
784;-1876;-148;-3908;3205;907
1698;-3316;934;-4512;1087
4256;2926
-2259;-264;-732;-3117;-1838
-3698;-3065;4697
-3746;4904;4490;-2284;-2320
1361;-4210;-2598;-649;1979
-532;3507;2387;2694;-2061;1196
2785;1963;397
-961;2082;3605;4921;620
2079
-517;3030;1099;4971;1484;3277
-1331;-4744;-1131
1862;4136;3306;2765;-2816
-2660;3891;-4342
984;-4668;1325;-4848
2088
-931;1123;-4329
-4434;-4803;-2069
-2849;-2965;2612;-1798;954;-3166
2978;3579;-4860;-2766
4625;-3204;3667;758;344
387;1687;-2217;-4222;221
-2995;1476;4597;3116
-3124
-4641;-3891;1311
807;3067;-61;-1712
-1322;-1724;-1104
1524;-1237;-3818;-3692
3792;-2930;-436;2531;-4328;2456
17;-3732;-4967;4472;409;3739
4786;1898;-3550
2950;-2296;-4298;2557
4123;-4189;1519;-2544
-569;-3596
-2146;-2723;1362;-26;-1115;476
-3605;-1594
-84;-2329;1901;1710;-1120
-3429;-4952;107
-3729;4024;2861
-1338;-2844
551;1771;-1212
-1012;4172
-1852;-3359
385;-4915;-728;-2298;-1643;-1133
-4805;2587;2126
-4004;-135;1382;-4455;3544;-4618
-883;-1263
2080;3954;-2599;-4558
3;2855;4538;3966
2642;4114;-825;4169;-2829
-4229;1052
470;-1467;2126
-2155
4340;-1749;4469;1370;2988;-3118
161;-4773;-2475;-2076;1324;-2512
-4529;-1683;-4531;2789;-3422
-3834;3949
291;-407
-866;-131;-3784;-3625;-1024;2143
1777;-3253;425;-2364;2271
-4218
3448;-2298
-1617;2769
-3730;-3026;-914;4468
-612;742
-2868;1710
4065;2578;2452;1461;1479;-3706
4352;-1713;433;-4371;2462
4449;-4658;1698;-869;1567
-1476;-648;3400;-765;1677
-3668;3814
4240;-3069
-3221
1125;-2299
3715;-601;-4570;667;-2542;3485
1178
3186;616;1193;-3002;-814
3730;-941;559;-4528
323;-2392;888
-1090;4930;1689;-2301
-72;-712;-1263;4255
1936;-7;-507;-3632
4368;-2157
4818;-4421;-3801;-730;1821;2478
2214
2641;391;-4010;4796;1469
-2643;981;-3467;4959
-1558;886;1869
-964;-2950;1080;-1737;1929;4863
-2459;2284
-2757;599;1983
-600;-601
3745;2117;-4888;-3309;1693;-4656
3792;-1063;-2552;-3690;4093;2670
-3252
-1204
-3349;4294;3481;-4846;-3248;2463
180
2821;-3004
-4513;4306;1450;2235;-3293
3299;484;501
3472;-1124;1845;200;-3180
-1833;4618;3551
192
608;-147;-3464;-3641;4121;4764
4690;4194;4623
-2614;2886;-1353;-4969;731
-3553;2944;813
-3279
-210
-612;4889;3581;-3615;63
417;-4706;3265;563;3784;3037
3971;1621;1253;1563
-3922;3571;-3768;2871;-3066
-980;-265
2269
-4809;-4106;1467;1564;1005;2606
-1251
-420;2023;-3881
-230
-3382;3016;-4986
1430;-4122;971;-3933;1326
3651;1462;-463;1727
2432;4885;3302;2028;-142;-2031
-242;678;3371;-2270;-495;-4352
4403;-2392;4904;3932;1678
-1417;4394;-4511;271
-1697;4915;-2596;-4957
-3887;1599
2009;1706;-400
1985;-3909;950;-1386;-669;-1312
-2355;-3077;-8;-1368;-3680
-1795;3189;2744;-639;-3248
2832;-1713;-3971;980;4172
1697;-678;2934;-1335;-2618;2301
-850;385;3922;1411;-294;1823
4400;3153;3569;2444
3424;-4851;-3955;1972;-4920;906
-250;4873;-272
-1745;3346;2751
-2305
-4582;3621;1222
-1185;4466;-3544
-3798;4365;-3902
-1073;-2263
-1910;1816;4731;-1279;3215;-4256
3025;3223;3851;3485
1821;-3119
-65;-3777;-4184;-2488
3094;1321;-4815;126
2380;-4702
3653;4813
-4402;-2469;3988;2841;-2174;4543
-1922;-2891;429;-2048
-72;-1864;3613;-1390
2051;3767;-1962;-3566
1506;-4695;-2223
-3905;4756;4549;1035
-3589;1544;1689;62
-2465;2036;-1914
1320
-965;-4133;-886;-3167;-2415
2020;1894;-2761;-4987;-236;3755
3386
-2850;-3988;938;-2958;4446
-1811;-1833;-4733;4749;-4880
1059;-3862;3002;4362;-4989;-2960
-3907;-3525;3447;4303
-2470;3160;-138;1945;4990
2917;-4377;3816;-59;3146
3397
-4130;-1507;-3909
-1893;-485
3408;850;-211;4468;1048;-4108
-805;-1197;-2110;-320
-4919;-776;3308
-3412
849;1617;-3769;-814;-1296
4370;4164
305;4947;-518;3801
2392
-3523;1545;-207;-4304
2672;-2118;1255;1613
3348;-4422;3109;4407;-4044
992;-2368
2002;804;4719
-1555;1027;3670;-316;605
3573;346;-4766;-542
4727;1721;-1984
1394
-3443
2422
-4474
4020;3527
-4476
4478
-2276;4246;2295;4184;3660;-1486
1077;-185;-2301
-4021;-794;2857;3419;844;-896
609;-2360;4827;381
3557;-4074;1481;446
1841;1283;-3818;3964;-2880
-4116;-3111;-3391;-4111
-3089;-3653;774;-570
-1844;1205;-1677;-127
816;-3875;1416;2794;1292
-3826;2884;-3550
-4180;343;3448;457;2778;4717
3889;-743;-3591;1383;4328;-3840
-3858;531;-600;3513;201;4714
2341;-570;2126;2654
-2391;3335;-3851;-573
-3484
4509
2369;-3125;667;4299;4396
-4147;-2121;2057;-1327
1205;-711;-424;2201;-1854
-1315;4807
2802;1144;-4300;2831
-98;-1510;-1895
1600;-1167
1809;4657;2466;-2296;-299;-4880
2937;-3372
2656;915;518;1799;2586;4250
2736;1651;-2636;-3213
1633;-2792;-3721;1914;4429
2553;3833;922;701;-1423
-4290;-1913;638
-4544
-4456;-3692;-3566
4837;-1833;2569
2850;1714;-3087
778;4189;4703
-3675;-4973
4756;-3958;3495;3672;-2957;-1470
1781;4133;-4423
1651;-4580;2489;-2078
-1555;-3013
-1377;-3177;-4112
1910;-411
-477
1505
-1731;3397;-2087;4808;-3904
484
-3860;740;2838;-2026;4523;-2703
-2772;-200;-2346;-4731;-1515;1854
1525
-4545;-3203;-1720;-1280
4606
-3586;-1225;280;-1565;1486
4032;-356;-212;-2325;-4986;-2813
563;-2980;3651;-1398;-4312;-3208
1604;-4635;3547
-1329;-1330;807;311
-500;-791;-2299
-4517;3994;-1021
1175;-2062;366
-2482;-2757;-3221;788;-583;-4554
3995;3695
3425;4002;3706;1678
545;-2585;492
-3142;2054;4118;-1575;-4027
3521;-3556;1896;4808
-2386;-192
-3297;3223;-668;-2861
-1317;-744;1751;-2270
-4772;-3142;4359;4683;-2688
-4129;3592
928;689;4600;-555
4778;1915
-2363;-1261
-1347;-2358;-2347;2428
-2257;-3970;451;884;1849;3594
1778;311;-1919;3566;-1135
3626
128;-1090;4589
-4098;-555
-4655
4433;-2262;-2617;-4463;4574;2942
119;-2906;-1870
-2582;2997;-3224;-697;3960;-1019
3352;1308
146;82;-1253;4967;-4508
3689;3258;-3035;797;-4144
-3174;557
4353;167;3415;2283;2716;-1101
-578;-946;-1651;4426;-3870
-3249;1393;980;3244;-718;-3247
574
-3238;-410
-4672
576;3459;-1412;-1023
-2226;1826;4596;-473;952
-812;-4892
-587
-1335;-4874;-1547
944;-2558
2304;1719;664
597
1696;-2872;-1471
-1718;-3239;4646;-3663;975;351
-3617;3637;-4077;-640
1396;-1999
-507;4186
-2949;-1820;63
-2829;3438
1540;-2652;3309;4557
-182;-430
3842;-2627;115;-292;-1255;-397
4193;1012;-4087;2230;-4987
496;-4131;1836;4461
3687
-978;-2867;1731;4407;-3916;4286
3138;-2521
-3329;2418;851;-3739;-1950
3892;3253;1677
-4757;3525;1191;-590
-3185;-403;-102;-1533;-1552
274;308;3686;-2217;-396
2949;3862;7;3032
-1667;6
352;4594;-3575;2342
-533;-358;-3547;-2123;3869
662;-1611;-767;1071
-4369;3723
-2870;-2521;-4747;490;2826;31
-3941;-3494;-1657;1276
2257;1095;30;-3599;-4528
888;-3547;3309
-2242;-292;84;70;-391;-3000
3255;1512;2553;-2573
3960;-236
2118;4155;2574
-2930;374;-3035;-3821;-4558
-3972;387;-3335;4539;699
4096;196;-4040;-2959
-1170;2018;-4120;4152;-1482;-62
-260;1950
670
-673
-511;3231
-3954;-4436;-2516;-1958;-3575;-623
2681;4141
-2082;-3317;1707;-62
-4385;-628;-2085;1317;-4519;398
-3219;-1414;2277;-2125;221;-1550
4017;1041;-227;-4023;1290;2687
-694
4561;3937;-1078;-2624
1140;-4919;-1992;4073;-1051
2748
1218;4500;-1943
3363;-856;-1882;79
4144;-1304;-2281;2665;558
-4810
-307;-4148;-4453
3939;1239;-1388
-4821
2933;-3372;2188
-757;3222;-4989;-2974;2718
1014;4634;3275
377;777;3673
4828
-4513;-1356;2062
3088;903;-122;2826;2108;2172
-738;-1331;-2630;-3960;3576;2297
-4433;-3542;2501;104;3002;1627
-2593;-594;1074;-756;-4170;-4973
-3418;622
3916;-4925;2301;2527
2224;4665;2057
-3828;2965;-3992
-3010;1176;-4301;2303
-437;-821;-4329;2778
-761
-1845;1434;2924;3372
-2521;-4395
4050;-4746;-2332;2255
-1667;3734;-269;-1023
-2825
-2083;1381;4601;3098;-3149
-3306;-1726;4062;1759
-3938;3748;2327;4778;-1004
2560;4601;-432;2255
-3871
1552;227;3117
-1186;4630;2479
-3543;-2384
2658;131;2115
1216;-323;-741;503;-3706;-3904
1827;-1016
1923;1962
-4890;2602;4127
2832;804;-3866;-3659
3011;-2859;-1308;-688
4643;180;4940;-752
-913;-2708;-3336;-1034
2692;2569;3753
1363;-680;-457;-1054
-4927
2896;2275;-693;-1318;1611;4255
-1815;-4346;4299
-738;-1666;3377;-663;-2399;-3872
-2890
-3634;-275;918;4551;-2265;2573
-66;-3341;-1536
-3382;486
165;-1046;-1638;3510;-3887
3665;834;390;-269;-3343;-3151
819;-1669
-4644;1475;-2501;3320;1499
4042;2653;2351
-2903
1830;-3710
-3577;-2400
1881
-4325;2485;2698
4707;2795;795;-4366
-744;4875;2876
-2985;3851
-3058;2321;-1752;-1454
-3335;3721;-1258
3204;-1882;4090;-445
-4970
-818;2293;3399;-713;-2733;-3328
-769;-507;-624
-2135;1382;-3196
-4973
-667;-3724;1995;1694;-3248
3220;2148;-1418
-2933;-4885;-3129;847
-2179;4104;-669;1677
-889
4987
-4105;2187
1334;3977;3775
593;1828;3594
2945
3170;-4124;-3021
1125;-222
738;-1020;-623
3971;2919;-3613;4079;-1328
-3154;1714;-422;-1097
-3901;2989
-917
-1478;-4667;4204
-2802;2827;3965
-3267;2373;-26
3490;-1331;147;-4250
1312;2992;2759
-1466;-1504
4768;4353;1570;-2131;4008;-2426
2647;1352
2472;1610;-540;1597;2957
1990;3034
-1225;3181
3696;-1025;-3364;1925;2182;-2480
935
563;1397
593;876;-605;-3855
-1778;-3262
-209;-1189;-571
-65;-898;-322;-2629;-1702;3646
-1889;3863
-4676;2901;250;3499
2400;3154;-4087;-846;4717;-2335
688;2099;2196;-4363;-4477;1870
-1992
-1252;-741
4736;-1720
-803;-1366;-2294;-4823;856;-3804
-2179;-4821;1549;-2688
1665;-1491;-3178;-1040
3253;790
-1996
4049;2822;1880;2301;-864
-1508;-3381;1735;125
1968;-1842;-3157
982
2915;-4727;4328;-3917;-2655
4068;-3085
886;-4943
-1637;-1494;-1176;951;-2751
-2961;1994;939;-3006;2045
-3092;-4422;793;2654
-934;2953
-74;1071
1824;4934;4534;3482;3631
4305;-4885;4952;-302
405;-4182;-295
-2609;-4790;-970;-509;1726
-247;-2761;-1081
