4096
-475;4573
2040;-3069
-4305;-4563;-3203;4889;4811;2364
-1075;-4630;-220;1804;-3056
4907;-4622;4845
3681;4667;4157;-4302
2914;1193
2275;-3311
741;-3591;-1418;-4954;955;1087
4164;4042
-1333;2484;3369;3690
-4116
-1683;131;198;-2765
-2242;-4521;4520;333;1887
1046
-1809;-2771;2179;-1049;4617;2958
1992;1192;462;-1567
-2086
3889;-1364;-1464
3111
-4098;502;4263;-1787;3167;3119
-3331;1303;2076
1937;-2502;-2558
3747;-569;1465;-3566
2726;-2670
3696;-2614
-2003;-104
-3454;-1727
-3874;-2336
881;-4691;-4323;935;984
-4627;2599;3914;3132;173
1425;85;-4655
4600;-1037;1630
-4115;-2837;-3642;-4619;-223
4976;-1778;2114;-4318;-1070
2435;2532;-4439;-2654
769;-2339;1379;-3288;3256;2351
2504;-746;3483;4795;-3808
928;1382;-57;2952
-2763;-3467
-4183
3760;1894;-3177;682
3569;1639
4424;-3312
-2789;-2741;-1351;-2424
-11;-80
2637;525
-3164
-4163;470;-1598;3709;-4654
-4833;-3497;4364;-1662;4382;-4992
-3803;3434;-4619;2845
2432;-1873;-4900;-1899
3158;2184;-125
3666;547;-4312
240;-2740;-1547;3946
1856;-3106;1761;-4853;1639;-472
596;-4795
-1220;419;4933;-279;4445
-4465;1304;2186;-3405;3245
-371;-2981;759;1453
-3669;-582;-1644;-2415
2361;831
-2897;-850;996;2874
-1282;4037;2490
-711;1863
-4772;4451;891;3067;2636
-4934;-3385;3498;-2190;-287
1156
-4499;3622;-3354
2289;4291;1318;-104;859;3771
-2260;-1573;1647
-1525;-4759
-3799;-4843;-716
4238
2737;-1410;-2041;3502;2046;-3663
124;1069;-4814;3774
997;3669;-2459
-4530;2307;287;-4368
1904;2625;-3172;-1996;3757;-1935
-903;-282
1185
1201;-2230;-1447;2314
-4260
-2214
-1299;4276;-1719;2793;698;-4923
-3253;-3065
1235;987
4786;-2297;3835
3793;5000;939;-3052;670
3121;299;2252;2702
3363;871;2093
-131;4439;-27
4242;3;-2389;329;-1835;1884
4283
1812;1000;121;2427;3020
-804;3317;1335;441
193
1699;-4519;2622
100;2053;-2631;680
-2252
2391;4119;842;-4075
739;1367;-250;4588;-2142
3811;2021;-504
3729;1601
4307
2834;-4694;4237;-1136
-1569;-3848;4265;1903;-1600;1071
3105;-2229;3990;4572
-224
18;-2180;3672;1865;-4624
-1298;-51;2452;-281;426
-1111;-360;-1513;-3387
545;4933;1560;1385
4179;4532;-4382
3792;400;2436;-4615;3087;4351
2208;-1762;513;4357;-4710;4751
-3222;582;-4768
1265
-3809;-4674;-1750;-252
-1649;1762;-2739;4135;-2782
-1274
-153;90;-3468;3356;-3150
-1179;925
-2353;-3022
2068;2617;-4430
-4837;-2856;4343;-4268;188
3334
-4518;4536;1179;4891;-702
1856;-2130
-1813;2087
1473;-4891;3693
1347;-4824;-3168;-800
-1425;-3331;-719;2926;-2864;3087
1680;-3507;-2067;3438;3807
-2065;4771;4067;-1371
-1370;1274;2730;-1755;-3215
-661;2789;-3223;555;1260;3663
3313;-3317;2585;2796;-2639;622
1900;958;-4176
-1622;-4488;682;1035
545;-3722;1851
-1172;1703;4891
-5000;2232;-2128;-2576
324;-3701
-1411;3092;-363;3900;2766;-4608
-4867;-422;2936
-1153;3129;-4459;2175
-69;4713;-4171;2907
872;-4255;1023
-481;4146;4533;-4813
723;-437;1124;2489;-512
3955;2295;-4044;1182
2025;-2347
387;278;-3040
1744;1456;-1910;-2744;3832
-1921;-4402;4933;4361;1964;-4605
-698;3609;2589;-48
4496;-3460;-725;4359;429;-670
2210;868;-1430;1948;-3261
-3685;-1192;-1560;312;1692
1875;4606
-1365
4131;4675;-1768;3194;1374
-1249;-3546;-668
3968;2519
3079;-682
4386;-2883;-2823;-1753;-2046;-3423
-3796;421;2374;-379
-4550;-4664;2168;3614
4852;-4653;-559
-2804;1253;2773;2890;3419
-417;2369;628;-2088;-472;-4491
1399
3250;-643;-184
576;3939;-1493;2171;-2382;3709
130;-3429;-39;1385;-4876;-1742
-3321;2942
-1404
4225;-505;-1724;1869;-2350;-112
1571;-3719;2791;2586;-800
3425;70;2279;2799
4478
64;-609;-3549;2302;4223
1410
-1570;4998;-3066;-4496;1695
866;-4968;4495
-2628;-2500;3373;-2735
-2445
2788;3753
-2769;-434;1779
2449
-3475
-3462;-3309;1247
-1875;2279
407
-67;2909;-767;2031;399
4369;-2211;-4538;3753;62
4146;633;-462;2239
-2881;2052;476;2813
-4849;-389;-1783;2511
1676;-237
4511
4562;-344;-600;1918
-946;-2709;-858
-4227;2643;3685;1931;-2592
3249;-68;2036;4678;762
-3491
-659;3158;4074;2139;1949
-386;1298;-1447;-4280;3864;2398
-1570;-2259;-1098;-3693
4355;900;3365
-2022;-2505
-606;1039
4057;-4492
-434;-436;1308
-1793;-3515;-4253;-3166
-2370;-3192
2404;86
1013;-794;-2492;3739
-3378;-143
3393;2387;-1174;-4022;3429;-4462
451
1008;-4657;2937;3017;-1853
1169;1332
2689;-3619;-1625;-2507;-908;3468
-3029;-1513;-2058
3472;-36;3923;267
-1484
-3536
-1442;1857;-2196;-4678;-2198
-1285;633;2140
-337;2139;-3293
-773;4102;-4391;1385;-3627;3770
2896;-534;213;-614;-4718;-2831
-2258;-4952;4936;-4285;828;3215
2442;-3934
-1493
-1498
-1458;3827;1181
4977;485;-1831;-3152
3075;-1512;-232;-4841;-2108;-4078
2592;-840;2967;-4297;4574;-3487
4657;4168;-144
-1315;-2643;2443
2403;3414;-3191;1962
-549;811;172;1086
-2738;-632;552;-4848
-4675;-944
4599
-4404;-3850;3339;2363
-2197;-4823;-3192;1595;1967
-1441;-2138
4397;3279
-4693;2996;-3670;2330;332;4238
-4098;238;-3824
3058;4903;1338;1867;-2333;-126
-1206;-4431
2565
2982;1416;-4042;-732;-2190
3568;4402;-2179;-3753;-3580
1936;1654
1040;-674;3224
305;3953;4660;2571;2347
3599
3872;2706;-1077;-4869;-2186
1954;-2053;3701
4122;-3164;3403;-3261;-3679
-3494;405;-4423;2646;2906;4540
3139;-3973;300
-2583
-2577;627;-212;2947;3847
1561
-3924;-331;-1005;-4287;-4303
-946;-3688
-4085;-296;-4351
2208;2865;-4229;-269;-3117;-2095
-2881;-3300;-3685;821;409;1950
-2762;-171;-2524;-3853;4671
2484;4069;-1725;-3262
-2305;2801;-4916;-1098;2926
-824;3416
-1399;-2220
-1571
-3233;1831;-3848;3673
-1865;2377;-235;-43;-988;1307
1024;2530;-1976
-1186;2764
4769;-3620;2659;3852;-4032
-499;-4596;503;-3961;4441;-3613
-449;898;1170;-4231;-4091
563
-4545;3377;-1207;-377;-4313;-1693
3205;-1128;2907;-2365
4096;-2306;1854
2832;-4647;-588;-1245
-3514;235;1677
-2051;2979;2324;-3045;635;-3471
4181;-983;-2024;-2362;3899;-3295
2145;245;-423;2713
1571;-520;1003;-4687
-4034;1667;1910;824;4318
-3664
-1620;3748;2549;-4807;-1527;39
-1254;2812;-4637;-2638
-1621
770;-2629;3847;-3852;-1807
-2730;3065;-4638;-2448
2298;-141;-4221;2670
656;-43
1385;-1850;2985;95;3119
123;2541
673;3042;-2586;2559
4713
2752;-3025;898
-3170;-3718;-4041;3294;4958
2000;4385;2867;424;1193
-2683
-3291;607
2635;-270;-1726
642
3697;3093
3264;-4130;721;3867
436;885;-3543;2247;-1084;1709
-2598;-93;4479;911
-3668;2756;149;-3383;-2140;-2559
2774;-4920;-1579
2837;3894;-1980;-814;-4943;-4768
3725
3712;4113
225;-3239;552;1370;-2640
-3346;-3461
2000;2578;4756;-3552
-1141;3657;4075;4556;1804
2417;-4600;-2701;2204;2014
-627;520;-1584
2541;1197
3649;4177;4104
4925;-1935;3614;3279
-4500;-4361
-3745
1443;3477;-2199
-930;-1799
-98;3541;-2118;2346;-4542;1551
-2755;3540;-3518
-3190;1960;1916
1200;4611;-2684;2764;-3007;3951
-3959;3735;2492;-3984
3240;1976;-2729;-4829;-3471
1010;725;1007
1718
-4806;-4907;2684;4286
-2929;-775;-2410;4204;188
704;3380;1559;-3320;-601
2580;1834;380
-2836;1172;4373;2086
-2532;3510;-1722;1449
-514;-2708;-4653
-2597;345;-4699;1834;-2252;-3582
3828;-3118
2194;2614
-1123;-4713
1665;1449;-204;-2622;3502
-406;-4411
4816
-1093;-1463;-1467;2811;3981
-4274;-1555;-3772;2735
-2082;1141;4696;-3003;4171;3995
1752
-4260;3703;2363;1147;-2478;255
275;-2030
-2002;-1043;4840;2011
-3443;-729;-4378;522;2507;-1358
3808;-2595;2594
497;1267;3770;-4799
3329;-2469;4724;326;-4967;-1679
-3253;-557
4777;60
647;4269;-4174
-1733;-3147;3995;397;2255
-3817
3794;-1669;21;-1542;1164
2306;-2757;-3366
-980;3174;-2940
-3819
-3669;-346;2220;-3056
-4855
2435;1075;1604;-808;-2844;-3246
3974;-75;3005
-3410;-2455;3194;-4236
-2707;-4201
3122;-4911
4435;3498
-4129;3586;1308
-3731;-3180
2434;-3749;-1223;-3847;1261;1279
4874
3131;4815
-981;1285;-3656;4188;-2640
4545;1272;-267;2397
-1329;-98;2471;1181;-2816;-2240
-4322;225;1896;393
546;-1207;2474
-1510;3326
792
1938;-2755;35;-4246;138
793
1821
-4514;2066;2083;1162
-4161;-4533;-1500;-1085;-1998;4286
4772;4380;-3165;3005
-3254;-839;-4077;-4093;-2878
-2854
1347;4886;4666;-1053;-4477;2605
-36;842
4936;-3104
4992;-2533;4494
-4690;2053;-375;2200
2757;3228;4047
-1841
1864;2203;846
4128;1811
-597;-2272
4803;3172;1620;390;2102
823
1026;3108;2133;-1895;-1499
1210;-544;1183
-1697;-3396;-4790;1446;-3079;-2624
-3382;-1753;2254
-3426;-1204;-2428;-4189;173
961;1226;-4045
240;-182;4517;-2552;-2858
4626;4922;-3627;-3357;4365;-975
-1042;3930
4019;-3177
4025;-4749;1566
-3506;-3331;-795;-380
3904;-2279;-3257;1177;-314;-3148
-2418;2132;4779;4543
4401;1106;3749;3031;845
4838;-1944
3925
-2482;-4517
-1107;-1237;888;-2479
4677;4731;-3740;573;3837
-2325;-2646;2794;-4831
-370;1672;1083;-496
-867
-4963
1392;758;3179;-2174;2831
2000;-3938;-4226;175
1296;-1508;2667;-1584
4162;-1192;-2603;507
3948
2482;-4584;-3904
-890
-486;2549;-924;3852
-3754;186;3659;1839
2677;280
-3030;-4024
-4179;3556;2558
1474;3460;1020;-2992
-2773;1851;-1023
4308;-3721;-2538
-1953
-2113;-116;-757;2757;4776;2526
2564;3486
-4851;1080;-2491;-158;4351;1135
-1961
209;-4219
-3587;4342;183
-643;-1382;3673;4395;-2032
-97;-3955;-2409;2984;1913;3529
2513;-1849;3752;-3962;489
3248;-1175;137;-12;-221
3234;3203;2281;1451
897;-4923
-875;-1104
-2758;1800
-1559;-664;-2159;351
3936;-1570;-3733;-3782;3164
-3458;97;3720;1387;239
-3157;-4085;4169;1594;-2478;-2127
4512;548
1203;2020;-3077;-2601;3705;-3243
1569;669;3854
-3641;1225;-4108;1756;-303
727;3322
-2133;3883;-2735
1330;4420;4454
4307;-1062;-780;-3454
-1285;3670;3725
-3508;4760;-3276
4075
-2049;-2461;-1293;3773
3056;-3449;-1722;-4012
-4469;-4733
-2917;-3213
-3066
-4091
288;1270;4583
