-1684;4677;-726;-2268
4096
-3410;-243;-1417;1997
-385;2739;3899;-574;-2606
2667;-4717
1153;4082;-3013;-1195
-913;476;428
3651;3235;-4829
-947;-3863;2750
1715;2774;440;-4877;-64
-4109
-2305;2998;1192;3258;-2125;-1982
3843;3340
1039
-3909;-408;3736;1737;1933
-2933;-1320;-1432;-3481;-4410;-3851
4569;-3565;2428;4782
-4897;2532;4889;2618
2544;2081;3828;-295;-1175;-4906
-1908;-3290;-78;3198
-2033;-1382;4473
-36
-2260;175
2976;1601;-3267;2822
-4129;4919;2792;825;-687;4511
-2306;994;-297;-4575
-1015;106;-717;-2511
4754;-2666
-932;-138
-770;1250;-216;-4345;-3134
4899;2324
-4823;3272;-4650
-57
-4154
1281;2738;-4532;-3480;-3721;-3609
1456;1874;3833;-4205;1198
-1412;341;-3882;314;-1420;4972
-2968;2681;-3264;-608
656;-3093;-2122;1134;-1759
-1242;-2925
100;-1095;-2327;1993;-651;-140
-1097
-595;885;-366
-2363;1003;-4861
-2996;-4182;807;1944;4348
1571;2603
-2694;-3308;-2269
1056;1649;-1443;1690;2923;1373
1907;-3015
-2083;4214
4979;-380;4702
3158
-996;-1189;-2824;-4299
1116
-2033;-4381;-2544;-352
1622;-4793
153;3340;-1710;-4447;-2223;-3408
2151
4202
-2070;3256;3387;558;3390;-4319
-2914;2803
1187;-4952;-1470
1907;-2025
-3190
-1394;-1081;-2366;3982;-2336
-3397;-1877;2075
4180;3992;-4974
-1153;437;3413;-1546
-3428;-3869
1152
-4177;-3635;-101;1845;1205;4734
-4556;4123;-2541;1820
4832;4513
-657;676;2503;-2381
-979;1122
-3221
-4129;-3189
3185;-3237;-822;3418;-3611;-2156
3728;1542
-1154;786;3702;4456;-3530;-4110
3;-4346;953;619;734;4238
353;-3093;3909;-1324
155
-1026;4066;-4284;63
3671;-4857
4713;2233;410;-2444;2540;3980
2677;-1494;-2377
4593;-2500;-869;4710;2534;920
-466;4034;-74;4538;4428
4339;1285;-2902;1867;-4416
-531;2807;4313;-1516;4174;1167
-3249
3009;-995;-692;-3657;1576;-2494
2245;-3288;2779;62;-3007
-1804;-1454
2764;3164;-3101;-4751;2111
1731;-4359;3320;-505
-3264
3985;2612;-1417;-3850;2362;-2476
-1988;-3797;3543
3312;978
-1223
2247
-2873;108;-4606
3276
-1969;-4277;-3998;-4304
2661;-3016;2200;2463
-322;771;4633;3327
-1245
256;227;1544;-3306;-4826;2810
-4721;-2357;-1718;4477
3729;-2358;-4476;-575;383
4785;1348;-2902;-2024;1071
-3543;-2765;1981
-3078;3307;-4559
1072;-3586;-2771;-4886;-267;3035
-611;1683;4996;1095;-1808
898;-2159
3104;4550;-2331;-2398;-2688
-4123;4253;2157
-436;-828
2403;-3093;2692;2229;3177
630;3225;-1567
-2978;-340
3411;1877;-1462;-1533
882;-3893;4438;-1900;-3870
4343
2295
-4673;22;-4171;1404
499;-750
1356;2990
-1275
-133;7;-666;1241;4921
1508;-1760
-3987;2355;1621;-1257;-1355;3899
-4340;-2060
4801;-4802;835;-4879;4303
-1286
-3906;-2739;-4885
4562;1925;3574;952;-3370;1838
-267
-3332;3771;332;941;2655
-994;722
-2326
-452;-438;-1415;3610
-3525;3806
2036;10;3580;1469;-3134;-607
-4897;-4338;-1794;2803;-2101;-1224
-3284;-1797;2634;4699;-189;-750
-1026;-2339
-1621;300
-3475;3030;4635;3277
960;1445;-3738
2148;1224;4650;-1534;3037
2545;-1266;1523;-1003;60;-525
-3874;1513
-3385
4897;-489
-4295;2664;2969
2363
4905;4089;266;-1117;621;-2303
-1164;3403;4923;220;2157
-4787;-2468;-3769;1482
-3954;-2517
-577;-4629;-4841;-633;4204
-2966;-4536
3406
-3655;-1415;4508;-799
3616;-1730;-1052;1998;-2496
2385
1493;4373;4998;3687;1870;-720
2068;-2742;310;-4696;1646
-2391
-4402;-2197;2933;4009
2;1801;-3180
-2769;-1748;-1982
-1153;-1236;1192;842
4599;-2520;2604;589;2255
3955;-1220;-3988;2965;2747
-3314;261;-215;-364;-3901
-2098;-4372;2843;3995
-4705;2211;-2452;1238;1289
-3883;-716;-1919
-3465;-1946;2989
2217;4491;-1214
-3095;2266;-2622
-289;4482;3267;-3813;-2554;1338
-3412;67;-4999;-3305
-245;4021;3607;-2395;-4238;-2160
-4726;-3855
2932;2373;-4600;4104;1836;-1136
-4708;-1223;430;-1040
960;468
2656;2866;4101
-1315;2748
-1080;-1449;-954
2460
-2464
-4260;4676
-2470;-2043
-3428;-1774;1711
-4677;-4669;4333;-527
-420
903;108;-592
3497
-2147;3206;72;-3385;2778;3997
-4185;2732
4272;-451;-919;1670;-3115
3008;2529;-1348;4179;-4860
2486
-449
-4547
752;-2787;-2868;4935;-3035;3455
-3729;-3011;371;1269;-154;2751
4551
4176;-2697
3528
-2018;536
1202;1211;92
-3537
925;-1390
1490
466
469
4769;-3496;2119;1175
-3545
614;-4103;2856;-3963;4123
-4690;4972;2254;-15
1539;-3013;3190;-137;1135;1855
2208;4450;2501;-1481;3035
1139;-3754;1116
3345;-1699;-3724;3788;1836
-476
2339;2195;4245;-1132
32;675;-950;-3449;2044;3151
-4114;1986;1705;409;1519
961;-4517
2532
-4925;-2557;-2223
1378;-4940
-4024;425;-987
-2456;-2044;4990
-1515
-594;2821;-70;-4246;1597
-4929;1987;-2841;-2714;-3259
-3636;4487;3321;-2655
-1527
-4369;-4017;4114;4723;3463;-334
3990;-2856;-2383;478;4239;-2960
4676;-4005;-4151;-2151
-1025;2001;2346;-3292;-3614
3072;-2642;2691;-701;4238
4355;-1847;-3024
1456;-1990;4121
-4614
-873;-3743
1098;2107;-430;-3487;-4448;2591
1467;4990;207
4616
3600
-1555
4643;1411;392;-4891
-4610;1381;1670
2342;-3607;858;-2176
2587
1059;-324;-2828;-3568
-4545;-3534;-2703
4637
4849;-3748;-646;-1687;1342;-655
-3922;3329;2433;-1295
-2309;4905
-2020;-2037;1656;2205;1549;-3952
2865;-200;1944;-4124;-2576;-1536
3458;603;1324;-813;-4015
-1892;553;2425;3567
4759;-1258;-1579;4237;4639
-561
-2435;-4582;-985;-1241;-4394;-4332
-4041;4186;75;-782
1586
1107;4148;2651;-204;-2814;798
567
-2099;4294;22;-4668;4475;-3616
4416;3985;-2599;806;823;-1741
1590;-2155;1135
445;1151
131;-704
-3715;482;1093;3512;-284;2558
4972;-2350
577;673;-4866;-3421;2157;1231
2624
-582
4936;-4846;-1696
4370;2132;-4614;-4665;-3952
-1874;-2696;-4681;1194;218;-939
192;4292;-2405;-599;2409;3865
-3127;2214;-3772
224;306;1086
3297;-4328;4697
156;-1776
-4855;-864
1008;1185;-4840
3385;-3756;1995
4848;2210;1138;1272;2397
1938;1858;-2711;2588
-516;3107;-2229;-3560;-2651;4222
617;377;1660
-1076;-558
2787;2943
1952;-4023;-2219;4702;-3072
4052;-3349;-2454;2134;3193;1131
1635;-825;1850
679;-3341
3029;-3254;2918;470;-41;-2507
-4306;691;-3781;4119;-3483
1642
-3694
833;3099;-1262
-3096;1799;793;-1151
482;-2104;-717;-3423
-1062;-2653
2325;934;1484
4593;-386;-1703;4265;3099
-3321;-1148;-1309
3734
3633;-4916;2164;795;-3374
-209;-4081;-484
-2610;4565;-3355;2014;3630;-3567
-3513;-1262
3011;1321;796;-3422
2756;3321;-3580;3308
4783
2167;4267;4494
-99;-2890;3679
-1719
2325;4711;1562;-411;1723
-1253;1814;-3384;-4016
-2745
-1814;-4776;-253
3171;-3336;-2952;-2717;301;3807
4799
-151;2950;3431;-3466;-3246;-2270
-2534;-4905;4684
171;-1904
1874;-676;-521;4136;4795;4412
4804
-2385;1123;-517;-2938;-3277;-2957
203;1535
-2663;167;-3406;-3007
-1742
2657;-1042;53;-1126;-1264
720;3074
4802;-1619;-4884;3447
-729
-4124;1324;-653;-1837;-4270;2686
-2130;-3831;4743;-3612
-465;-2745;347;-2991
-3521;-2929;-844;-508;3996;4541
-3812
4674;4563;-1291;989
743
-3108;-469;3015;3354
1056;-4099;-774
-4690;3944
4243;-2021;4284;-2016;-1696
-3819
-2804
3697;-1506;4068;2053;-584;-829
1040;4657;-2827;-4652
656;-1814;1991;3225;2010;-1213
4097;596;-3621;2373;-2365;-320
-1506;-2647;3390
-4861
3749;4742;-2572;4063
1776;3299;4088;-3276
-1605;-4285
-771
-803;3587;-4794;3806
-2822
902;2230;-4938
402;-4756;1524
-809;2569;3118
-818;-2669;654
2256;-1249;-582;1049;1358
-825;2299;3406
3281;-3644;1149
-1826;4674;2390;-4967;169;-1230
-1482;-335
-788;2966;-4366;-1679
-3867
2097;1845;4345;3758;-3055
-1300;-2853;-742
-1633;897;2136;-1356;-1871
4224;2738;-4407;-729
-3937;3458;2106;4076;4317
2836;4869;-2809;-2828;-96;-1168
2852
-2932;2374;-248
2209;-2121;-2942
4177;-2345
-291;-3604;1037
4204;2751
3885
-117;-4795
2768;1427;-2549;-1369;-3149
-2929;-818;4674;-1397;1061;-2440
4920
-1526;-4232;-3307;4143
528;-2171;1419;3099
-1612;3083;-796;-2528
-2090;236
1853
3282;3650;1075;2547;-4605
832
4929
-69;-1432;-730;-3724
-4562;-106;-4492;-540;-351
1862
-1570;3621;-134;-3354;4874;1502
1431;439
-4465;256;-3724;3404;-3486
-3032;-458;-1453
966;-4893
-2904
-4134;2519;-4363
-4468;4053;-1273;3689;-2862
3655;-1944;-1708;2092;3886
4048;-2245;84
-1858;1704;2043
3777;4114;-2792;-4527;-2463
3825;-911
438;-1325;-1006
-4626;-4997;2165;-2026;-2429;-4317
-274;-610;-546;-1491
3579;4526;-2720;-2464
3715;-2842
2924
-610;-1380;-2199;1903;-2688
-3202;1234;-792;4714;282;-1355
888
-115;3053
-4045;-2991
-997;4022;2025;2521;-2698;-3981
2941
2181;4858
627;1253;-4423;4727;-2186;-4991
3648;3348;4140
-3396;3811;1223;231;1194;3979
1431;492
-305;-1141;-3551
1638;1558;-4570;3306
-3981
-2322;-371;4632
-4625;4240;3482;2941
3520;3333;-3885
216;4073;4250;-3520
3971;-2854;-2775;1918;-4256
-3538;-4325;2229;-283;4988
-3971;4150;-2887;-3099;782
-1842;626;1236;3981
-4753;-3346
3761;258;4217;-2588;-4718
1954
4005
-321;-2657;-3604;4149;-3465;-2205
-3621;-3367;3944;-4330;3449;2988
2586;-1647
-1185;2422;1513;2091;-829
3777;674;-1077;4734
-2897;627;-1844;2884;2441;-3180
-2289;-3113;-1242;-446
-2661;1541;-1882
-3490;2433;-4778;-2288
2417;-1459
-4033
-4390;1014;1386
-4868;1126;-1464;141
1382;-3375
1666;-4661;2068;180;3110;-365
1998
2439;4681
-2002
-1937;3426;-4517
1009;1170;2981;-4232;4570;605
1041;-4072;2473;-2476
4928;-3528;776;3931
3038
4728;-1690
-1235;982;3177;-2858;925
-1929;-3898;-2334
4068
4641;-3416;1431;3223;351;-3184
-2386;324;1061
3201;774;2071;3689;-4446;3903
-2996;970
-785;-220
2433;-3202;-2620;189;2191
-2034
-537;-3740;-4928
-1031;-1690;-971;-4286;3885
4756;3718;-4380
