4105;2077;4061
-3079
-2807;-1928;-2441
-3080
4496;4066;-811;-2637;-2032
2258;3450;4843;3515;1196;3180
1864;-1853
-3477;-3704
-4712;-1448
2899;-2966;4869;2489;3098;4987
-3076;1236;-3336;2089;3103
-4451;-4969;3500;317;-1583
-1781;3270;-2106;-2476;-4413;319
4754;-3353;3179;-1485
-4166;1974;3707;-4208;-1440
4163;-925;-126
-4139
1313;-4041;4985;-763;1675;-3213
3719;4663;-4171;1243;735
-2771;1398;-4458;2250;3535
-3121
2510;1983;-4544
1921;-1396;-1904;-720
-3863;2216;-844;-2412;-4365
3952;134;347;-2334
-4865;1667;3496;1337;3001;4634
-2225;4528;3240;-3085;3164;-4543
-4035;3975
250;-2540;-3920
-2981;-2205
1300;-1369
-4497;4161;3285;-4043
4947;1208;2396;1759
-4664;492
-1106
4706;2917;1417;-765
-436;2774;-2456;-2686;-352
4277;1259;-716;-3710
-481;2497;-4422;760;-490
3681;931;-4414;-4318;-2112
1665;-3508;-373;-1146;-1850
1284;-1191
4435;4373;1624;-1116
1862;-1760
2097;2801;-1971;4344
289;994;-3436
1845;-551;2158;1630;3215
4273;2994;1561;3034;811;3819
4205
-3183
929;-2058;1018
1744;2463
-1221;-1964
-1511;-953;2702;-2400
-38;-4718;-1998;495
3494;1742
-2873;-4829;-1198;3663
709;-591
4067;4900;2415
3194
-3349;4495
-2058;443;-2608
488;2219;3789;2846
4081;1027;-4201;-1227;-831
4920;-1516;-4556
-2881;2192;-754;-1286;-1741;-781
-3938;-4277;2277;4783
4064;-4533;1625
2987;2270
3091;-4253
697;3961;2650
-4209;-4914;-1251;-549;230;-2762
-3122;1954
3824;-706;-2547;-4356;3636
-2198
152
929;-1011;-1989;2150;-1259
4432;2759;-2826;4748;-3357;4639
-3229
-172
-3993;2507;-1758
3248
4672;-396
-4280
-4834;2615;-1790;-1295
-4986;939;-2332;-1998
-4547;1523;21;-3048;4842
-4081;1889;2900;-3638;-1351
4754;468;3737;-859;-3885;-4030
4561;-755;-2742;-878
-4286
-3264
-3009;2242;1669;4072;-687
-4163;-4261;2043;2092
-3306;4875;1147;-2383;-1984;431
-279;-2136;1976;-781
-4547;-1445;-2743;4279;-477;-4479
-404;1555;-4085;-1174;-3608;2398
-4085;-1528;-3807
4848;-1717;-4138;-2749;479
-2690;1445;3096;-2508;-2623
1138;4153;-3643;445;-1886
-3477;-4871;-4681;-492
-2261
-1682;3346;663;1534;-1600
-3858;2612
-1714;-2414;4349
-3296
932;-4793;4905;2253
-915;2388;809
48;-3986;-1481;4975;-816
104;-1882;3998;2111
-881;4209;-4708;1142
4333
3524;-4502;-1933;1070;-2496
-1603;-3716;3029
-773;-857;361
4343
248
-4347
-2305;2354;1186;3220;-1158;28
1490;4674;237
-2308
-1284
-1717;452;1528
-4306;-2921;249;-1565;-2366;-3695
4421;1994
3345
-4724;614;1190;-4762;-2832
2064;-3797;619;1387
-4712;1848;1257;-1740
-2868;4166
-660;3237;-4539;-364
-2581;-3479;-2233;3919
-4355;2035;-2055;346;-1037;-2382
-2102;-1035;1354;1502
1304
-449;-4563;2680
-1043;-2423;1244;-3183
1985;-2435;2099;1708
-1539;453;2937;-3164
2405;-360;4072;315
-289
-3362
-738;-1828;3883
-2321;4665
-2274;1746;230
-1639;554;-2911;-3471
600;-300
-2082;1510;1766;2679;2219;-670
3066;-2607;-768
-4033;-402;2658;4500;-2311;923
-181;1513;-1020
1235;-2574
1286;3081;4701;-2608
2566;-1851;-3181;-3917;-80
-4416
3413;-649;4600;123
-4417;2180;2406;-4360;1256;-3530
-403;2274;-2423;2502;1384;2107
3936;-1668;1605;-2527
-4420
-801;-3524;-2455;4407
-4996;741;1881
4424
-1413;-3173;2798;-4687
2379
-2380
2581;-2936;-3881;1855
-1750;3702;430
-1196;1467;2111
-1360
-2785;3637;4774;-3432;4700;-3486
-372;708
4833;1922;3577;-442;-1278;943
2163;1796;694;1610;-4893
-2401
2689;1761
2259;-906;-2735
-3285;-4629;2042;2925;2589
3590;-2156;2173;-3102;-143
3715;132;-3834;349
643;-3255;3998
-3437
-1393
2128;2595;1791
1313;-1187;1028;-4518;2588;1149
-1810;531;-1526;-3015;-235;-464
4545;4026
4994;-3219;1014;3255;-542
4849;-3704;-1533
25;364
4179;4054;4649;-1819;4687
2968;-528
-71;2231;-4393;1839
4898;2389;-4714;-3580;4478
4499;3683;2971;511
4497
-1003;1405
2292;-3721
-1429
1429
4504
-2531;-1976
3824;4914;-4229
3487
-1443
900;-3655;1545;1677;4047
4800;-1235;-1097
2560;3588;4324;3943;2670;-271
-4528
1781;2751
-3754;-4875
-3778;-2498;-2900;360;2680;-4544
1546;4013
3460;-1991
4541
1041;4358;-2647;167;2970;1725
-1572;-2901;4922
2291;-4509;3629;1086
1664;-188
-1094;-3455
-459
-3553;4083;-2501;-3095;2558
2323;-3205;342;1577;-2525
82;2405;-3158;3182
-1683;2746;379;2380;-4287
2129;1540;-4135
3156;3454
-227;-3257;-3082;3021
4474;-2976
474
-980;-4071;-1568
-150;-1450;4122
-2801;-1777;1538;-2182;3239;-542
3984;3908;4999;3993;1001
4789;3004;1308;-431
-3569;129;-2147;3414;2923;-2256
228;2644;-390;-1830;-171
1857;3794;3428;75;-1504
-4580
-2945;3092;-3878;-3270;-3725
2662;-128
1138;4419;-1605;917;1109;4748
2101;-2774;901;-599;2749;1181
3122;-4584;3998
-4935;1371
4848;-1042;-3476;1992;3289
3027;-1033;-843;1407;2255;-224
-2021;-1545
4590
1239;4383
-2551
-3843;4296;-1981
1922;-2093;-4432
-2933;1780;-2502;-967;-3229;173
2609;4148;2972
2114;-1495;-2159
4259;3989;-4151;3256;1113;-3854
-2235;-3405
-3656;3064;-4234;-619;3901
-3765;-536;3419;4524;-1808;4831
-385;3250;-1763;-4710;1286;-4346
992;-3716;2137;2333;4365;3631
2631;3018
-934;-3692
-1480;4040;-4666;-1083;-1438
1443;516;-1422
3618;-1493;-4214;-1369;-3226
4925;-3359
2160;-513;944
1512;-2457;-624
4244;3162;-4814
1265;1431;3997
1461;-2039;-1578;-618;2223
1744;2864;-4422;4439;-2089;-1980
4395;-2812
-561
4629;3063;-1272;-4296;74;3483
4437;-3468;-4604
1972;-4469;2074;-2861;718;-3120
2099;-1674;1406;1806
-51;-3590
4886;1174;-201;-4265
4899;3572;-2780
-3425;-3296
-1125;-4575
582
659;3335;686
-3842;2906;2940;-3358;-1280
2999;-363
-4359;2743
-4146;4739
-185;-2380;603;3582
-3909;1261
-3876;-3206;-3625;3962
1213;1886;1310;-3616;-192
-3282;2116;-3645;4349;1069
2657
2081;-1186;-876;4556;-2942
-2597;3206
-422;2056
1025;499;-570;1484;-3056
-2262;-505;1708;3725
619
-21;-157;4895
4769;-4147
-3671;-4122
-339;3731;-3525;3926;-94
-1186;3353;-236;-3584
1990;-567;-476;2588;4268
-1663
-1444;-102;2471;745
-2738;1067
265;4478
-1512;536;-4795
976;3697;-2999
4641;4918;1496;-1945;-4138;1823
4750
-1321;1979
2708
-3922;-3269;997;253;-1888
1092;3573;1117
3488;-981;-408;-232;4939
4759
-2418;3490;3012;-4667;2013;-2095
-1110;4357;4456;-2942
-4051;-2742;3054
4928;3004;-3167
-1801;-714;-206
935;1514;-3532;1757
3024;3443;3031;-1002;-4746
-1591;1210;-573;-1775
4390;1946;1515
-2947;102;-1935
-3990;1659;4924;2190
4497;-738;578;4466;4122;-3022
-4787
-3011;-3716;-4039;3497;-592
-530;-3235
-4744;-4143
-2754;3287;-3400;4171;-2142;1535
-2233;1689;1900;1391
3392;997;4599;-93
-3526;-4347
-4131;-2053;-453;-214
3345;-4053
-788;4739;4423;1549
1905;2584;4042;-2701
-3108;-3961;-811
-4465;933;4870;3463;10
2208;-3595;-432;79
4547;1288
-1743
-2768
320;-4403;295;-1531;-3612;2061
-1859;-742;4150;3277
240;2817;4632;-4910
4828
2242;1340;1247
-851;3638
3302;-1609;3884;1564;2814
-33;-82;-4178;-3616
3328;-2004;2490
-3076;-3639;-3245
3600;-4674;1012;-1861;893;4847
-162;-1609
2763;-1390;2446
-1441;-1986;2678
-4845
4289;1315;-2568;-460;220
3811;1300;-3529;-1321;3323;237
4406;-536;-939;3965
2658;-1769;1545;3497;-4462;-4271
3843;4079
-373;4199
-529;-1374;4877;862
3837
1792
1123;-3461;1032;2075
769
4676;1798;-3657
-2739;-4439;758;3599
2129;1380;2213;-4270;-1935;4335
-2903;4810;924
4304;-4481;-1797;2743;-1260;4350
2018;1987;-4038;-4470;1662
4145;-2308;-85;101;987
-1819
576;2266
1889;3619;746;686
-4538;1962;-2317
1552;2800;376;-3931
-884;88;2504;-3532
640;1748;-38;-1111;3544;-2960
2207;-4032
-4897
1616;-1041;-530;-3078;-4937
2849
-3925;-4045
-1832
1888;-1842;-2357;2825;-2554;4895
392;1000;443
4352;4020;1256;-3771;4175
1459;2264;2091;3197
3856;2091
827
1490;1154;3925;-107;3226;-1693
828
-3393;868;1673;-4075
2208;-2520;-3596
2624;2165;-1902
-4874;-2112
-1522;-2947;2487;3402;3517
3913
-817;1043;4732;3052
-449;729;2218;-3342
-847
2899
-1697;-2836;-1134;1053;-335
-2225;-4485;-288
857
1136;4674;442;298;-2619
3202;-3236;4214;1800
3237;-4118;-3056
-4135;1208;10
2917
2706;1811;-4571;3996
-4819;-2979;3677;-670;4094;2591
288;2643;1829;4230;-2553;-2495
2658;-4708;-1371;-4381;-2287
1896
-2923
2922
-2950;-919;-3161
1872;-278;-3929;-4537;-159
-2050;2146;-3991;-4170;3371;3806
-2457;431;-3984
4800;464;852;-924;-1230
3714;2677;3720
2404;-3303
-971;2174;2767
-790;53;3687
3975
-669;3181;-3424
3234;2821;-1526;2527
-3991
-4450;346;-911
-919
-4661;669
-3547;574
-3410;2673;-2980;-1305
2834;-4854;-39;-184;-2780
-481;3642;-2235
-2515;-1484
927
89;-1563;-480
1893;-2775;1991;-3819;4011;2701
2448;-1985;-4979;2387;3672;-4526
-4009
-2311;4519;777
2721;-4612;-3861;-1526;-3383;506
4963;1095
4272;-162;-3989;3909;-87;-3003
-945
-1889;-258;3687;217;-4653;1950
2880;3828;4477
-2790;3741
-2929;-4628;2229;-2459;-718;-1663
954
2823;-843
929;-2562;1284;1306
-3985;-1428;2283;2172
-2327;-2200;-938;-59;3711;-2224
-4913;3860;-634;1885;2815
536;425;-1995;-3627;622
-38;-4231;808;446
1111;-4683;-4587;-3436;-639
280;1529;4282
-2718;1743
1998
-1553;67;-1629;2796;4366
-1765;-4471;-2905;4073;3182;3887
-785;4931;310;-407
-594;-4646;-3944;5000;-4957;-1055
3824;1923;1013;-1631;4894;3247
4373;-1542;-568;-1003;4843
3524;-491
3012;-3318;-682
2012
2593;3026;3562
3040
-4929;-4213;3222;827
1603;4744;793
-2497;2296;-2858;1036
1006
1217;2417;475;-1054
4597;-3385;2970;891;-3165;2174
2258;-4035;4330;-3659;93
1316;600;-2684;-606;-671
1779;1653;-1386
