-1010;-725;-1338
-2961;-1508;-1677
3623;4552;4537;602
-3798;566;1546;378;3358
3888;-4881;2196;-174
-2114;-3590;-2103;-4489
3079
2741;3813;-1912;2441;2141
2209;1613;286
4108
1555;998;4570;2111
1216;-4402;-1124;4940;413
-3908;-3606;85;-1655;2919
-3879;3901
2401;-2466;-4034;4844;-4494;3774
-114;4610;-3209;-237
-2660;759;3594;1405
-4084;1401;1629
-213;-2763;426;-4221;-2397;-3151
1056
-305;4817;-2788;1382
-997;-1610;1548
-1969;-356;-3269;-597;-1013
2568;1564
-4181;729;1771;1643
273;-1108;-1094;-1181
-2089
-1065
-4835;-2377
4150;2246;-1015;4903
-2274;-242;-2452;1845;-2043
-4660;424;1435;3871
1287;3945;-3196;4716;2510
-1074
1076
-1076;-1063;-3245;1036;-3342;-2607
3622;1625;3450;4810;-4524;-3806
-545;-962;3566;4142
581;1528
-1252;-2603;3790
2803;1861;-1527
-1045;2135
-4168
2119
3106;-2436;428
515;-325;2069;4630;-394;2799
3888;-2435;2491;-1868;-3853;668
3088;-2136;3950;1327
-597;-1846;3209;-506;-4445
-3164
-1117
-4807;4360;-3115;3469
3024;-884
866;-726;2391;3722;-15
3376;4471;-4761;-2554;1612
100
-122;-3149;-2974
3142;1055
-130;-440;344;152;-3419;3391
4114;-1460;1299;1270
-4201
-324;-3880
3179
-3633;-1798;-4151;251
1730;-1270;-3209;-3513;-2398;-4768
795;-3612;1676
-4129;-3909;-1402;90;1231;-4288
-1282;-179;-4068;1908;-2071;-2623
341;1032;-906;1209;495
-4338;220;2269;1725
3195
1281;-1128;1929;3166
-871;-4072;761;2666;3630;-1984
4646;-4779
2181
-3393;3630;-431;335
-226;914;-3902
-4721;-3619
-1474;-596;-1156;807;542;-1344
-1771;3967
-2197
3171;-973
1908;-1416;1802;-94
608;-4626;1017;-224
3400;776;2121
-4785;-1603;-4133;1758;1439
1181
-3250;3092;413;-4512
162
801;2997;-4986
-342;-1223;-3719
-167
-295;4557
2706;1234;-2921;-364;3613
-71;-4199
-3939;4166;936;-2682;-832;-2944
-2514;-4595;1799;825;-1866;28
-4276
2130;-2259;4522;3979
183
866;1156;1899;1933;2525
-4369;546;3141;2088;-1595
1721;1836;4828
3030;-4231;-3192;-2974
-49;-1953;2356;893;-2622;-3952
208
4592;4788;-1702;-1323
4257;-3018
216
232;-698;-1803
-43;2314
2688;-4690;1252;2223;2847
-1107;1781;-2107;-843
1269;4039;2087
-3300;2615;-715;-2924
228
4324
-230
-3202;-996;-824;-636;-3484;4813
4322;-3176;-1818;873;-1837;4942
-657;-2612;3684;-1677
1263
2769;2501;-538;-1694;-1775
-2757;-1605;-422;2236;-4606;-255
816;3713;1174;4413;-2350;4767
3280;2213;3095;-4314;-1754;-4814
4615;4846
-1445;173
1112;2207
-3323
3762;3416;-783
256
-258
-4578;-800
-3172;-4256
-418;-3941;1942;-3463;-3597
-4513;3653;-712;4696;1594;4766
-401;4720;4099;805;-1786
-2320
4594;3042;-4693;-3414;-406;604
2321
3348
-3009;4304;2599;-1067;1534;14
-3427;-1689;3753;-1996
-132;-2969;-2091;-4972;-1708;1343
1633;-1043;-1862;4904;712;42
3362
2099;277;998;1751;4382
1462;-2779
-1320
1584;-4324;-1654
2417;405;1751;-3480;890;4463
-3386;2058
-1609;-3817
2355
-3385
4660;1639;-3930
-4369;4432;259
-265;-4158
-1459;-3220;2356;-4151;-2935;4985
-1715;3284;475;1355
1516;-1566;-1311
-4436
-2818;4713;1517
1763;2675
-673;-1609;-1134
4482;-293;-4535
-1163;-2255
3554;891
516;-3383;-2428;-4014;2815
-1375
-4545;-3586;4515;4949;4138
-3426
-4369;2117;-4247
355
2816;-4979;-3991;-4730;-3872;2111
-770;1713;722;-1381;-3621;-1117
2356;-2910;-1918;-4032
-1570;-4835;1445;1528;-1275;-3853
2064;-1795;-4467;-3667;-2746
276;4709;26;-4640
-1138;1607;-3482;1613
1073;-1796;-1044;1620;-4695;-1679
-4475
-2214;-3992;-1100;2364;-559
3601;-3764;1123;-1341
2512;-1330;-4229;85;-1518
2624;-2739;1730;3973;2826;-2909
-2436
1857;1602
1490;-2980;1227;4748
-2422;3848;-1034
4491
761;-2252;-540;2428
-3756;285
-2471;-1321;314
-4068;-4712;-2941;-976
2384;-259;-4485;4852;-3626;-1325
-541;-2942
4067;-4485
-2468
3380;-1101;-2334;-1566;-4944
-2899;-297;-1195;-4893;1693
-1059;-3219;-1913;-3100;-2397
4739;4746;3227
3497
-2369;-1285;3161;-960
801;-4292;-4916;376;-2640
-2481
-2482
-4513;1079;-203;-2941
3207;-3645
-2982;-3689;-2826;-2493;-3917;1133
1041;-3027;2425
3018;3566
-2534;3273;3530;2315
-3514
-4708;-2632;1771
1473
4929;-2324;1940
2544;3028;2836;235
-2369;1365;183;3656;-2378
4867;596;3846;-1479;1847
3185;2210;-3320;-4283;1742
-3702;-3707;2846
2499;4179;-1111;-4361;-4747
4564
-682;-4910
-3009;-115;-3431;-1085
474
-263;-4185;-541;-4702
2523
1860;-4789;-2267;-1424
-3549
2707;-2468;2663;4745
-2727;-2968;-2556;3468;4302
-2610;2127
2675;-3162
372;3244;2365;2701
2277;262
-1716;2085;-3933
-1462;1159;-191
-1556;2053;3334;760
4177;-4850;-2339;-3273;2716
80;-1220;2277;-1174;1242;2363
2737;134;2422;-2536;4792;122
4600
-4101;1031;2733;3917
3026;434;1282;3491;2324;-4925
1536
-3587
84;431
4770;3058;1715;-57;-4762;-2160
1280;-490;3822
1153;-2153;-3786;61;1135
-918;-4720
2566
1544
-3683;-2870;2648;-4809
-818;4435;4788;3239;872;1321
-1941;-138;-461;13;-1072
-2578;3569;4917;75;-4172;2813
-2600;-4781;-317
-2094;3647
-1778;4356
2054;-2585
3536;3857;-2122;-3710
-1690;1151
3683;-1285;216;-4064;399;-512
-657;2221
-2497;4062
-2467;-3861;4555;1228
3123;987;-3565
504;-1051
-181;-3439
-546;407;4783
-2984;-2688
1203;-2122;4543
-2358;199;-939;1131;380
-4129;3507;-3081;-1517;-2512
1685;1192;-2571;-987;3292
2741;1918
-791;489;-1646;-2062;-1678
3122;4629;2165;-702;-2239;2815
2948;4329;-4655
2612;-1030;1496;-3114;3705;4076
-4545;-4226
-276;4245;4599;2935;-1706
1621;-2205
-4681
587
546;-1711;-4544
-3044;406
2432;-2757;1973;3350;1740
920;4795
3667
4918;3870
3298;1284;-1142;-796
1648;-23
3750;3337;-1147;3643;653;3679
3681;4818;-1160;-1612;-4958;-3422
-55;-3625
336;4131;-1574;-1174;316;2669
-2164;2983;4217;-4428
1168;-4417;-3815;-4122;-2415;-3392
4979;2230;568
-1506;-1239;-3607;-4041;-2506
1072;-2003;-3109;-3893;1961;-783
-1089;-1971;567;2409;-1327;799
-2870;1594;-3598;-3630;-1326
-419;4437;2263;-543
-4755;-470;2557
3937;-932;2739
-1763;2227;-1012;3222
-3681;3697;1063;2119;4775;846
-4193;-3826;-804
-3315;4515;4554;571;-3647
1299;-1557;2692;3099;156;-1983
-4691;20;-1384;-4954;-1915
3488;1243
-4231;502;3287;1196;-1390
205;2479
-1601;4896;-563;-2186;2140
1828;-1130;-4411
336;-2609;2101;3688;-3182;-4048
4225;1539
4096;646
944;3729;-3812;-4297;1756
-3938;838;1417
-3742
258;-3860;-2918;728
-1698
-1810;3429;2341;-2457;4090;1227
-978;-2964;-2121;2891;4862;14
2721;-2471;3239;1289
-3010;1169;-1914
-342;-2423;3206;-4345;4045;2590
3360;2148;2149;-2122;-4909;3134
1592;-2281
689
200;-4992
2017;1765;-649;-3833
364;-2622;3983
-4613;2533;-1257;1688;-77
2758
-2188;-3647
-2711;-4603;-4671
3538;-4967;3179
-1795;-150;4474;90;2203
2005;3287;-4028;4589
1766;1018
-4833
2754;-4900;3459;-168;1965;1726
4052;-2282
1771
-3858;-4171;-1179;267
-3617;3858;692;54;-440;-1296
-2643;-1241;2124;-2062
2759;4695;3562;-2732;-4463
4128;3880;-4186
1775
-1029;4007;1224;3289;3501
3587;4334
961;-115;1219;-55;2841
2805
-577;4408
762
1089;2738;-3560;-3114;-2988;-4144
624;-3766;329
2195;1366;3544;541;3359
-3838
2386;3605;1350;3722;3067;1996
-1137;-2678;-25
-2407;-1434
3543;-1802;-4559
3140;-3912
-2101;4791;2425;346;4526
-774
-4872
1268;1466;4191
148;173;461
-1106;-2749
-952;-521;-1049;712
3858
4457;-3581;-3711
3088;-1284;-1113;-4842;-334;-4496
-4964;4170
-3074;-3542;1079;-3033;-474;1082
-2131;-2323;-3764;-2551;1782
-3043;3956;-2326;-1083;1695
-4994;-2976
1105;3142;619;4127
-1827
-1491;-336
-3011;1174
-2862
3382;1530
-1845
825
2304;-2325;1685;2282;975
3124;-2214;1461;-4461;239
-732;-879;1663;3503;-4384
-4930
4945;3907;-651;4924
-1369;2206
-34;3626;1343
-1170;-1129;-3660;1981;-1983
-1350;-2167;666;4123;-2478;4094
-4273;-148;-471;-1504;-3664
-2892
-1089;-2661;-1098;-1708;-126;4814
2757;-3382;-3703;4600;2619
-1202;-1691
-2739;2455;3960;-1307;2573
-1299;3637;1734;-4920
3699;1795;-2359;-2616;-4459;-3052
3920
946;-4724;-2630;-4046;-2687
-2546;2515;-2872
-674;4325;-1276;-4316;3390;4526
-4738;-3656;-3530;1881;-2925;4943
856
3764;1189
-553;218;-3836;-1502;-4575;174
3970;-155;-4683;1726
259;-694;-431
-3137;4176;-2214;-717
-4706;-2646;-3515;4094;-240
-729;-2190
-1157;506;-3295
-2348;-4670
400;4149;-2651
-4217;424;-3418;-1867;-3069
1367;3804;-3264
1875;-2836;1924;1464;3577
-4946;-39
4913;-3462;-1128;567
-2355;-1930;-4800
-3554;4450
-4580;3990;2488;1226;2892
2629;2397;3039
2608;1074;1858;-3193;4859;4957
2657;2403;-4229;4038;-1919
3171;-3510;4138;-397;574
864;2088
1130;4410;1518;3070
-3317;3225;-2191;3199
1315;-4516;-4694;-3263
-1329;-2562;-86;-142;-1919
1689;4175;-2896
-1525;-4762;-4875;1023
-3997
1948
2961;-2310;-967;-3209;-3418;1918
-2977
-1523;498;228;-3930;-701;-622
-3637;-4120;4776
899;1013;-3898;4425;3245;-1680
-1924;-4504;-3928;-2623;4591;2335
4337;-2313;3005
1961
-3654;4470;4524;1982;3855
1962
-1267;2103;4200
2866;-3716;3811;1477;3126;-2525
2707;2709;-1838;-1342;-2959;-1248
2388;-4359
-3575;-4832;-1760
-819;-1159
-1469;-1342;-4287
4128;-4817;4178;2372;-4907
-716;-2463;-4944
-1985
2257;-3526;-3661;3967
-4036
-3937;3393;3623;2088;-4379;1199
373;709;-3070
-3906;-4531;2350
1994
-392;-2554;574;-656
-4933;151;-1112;3341;-3359;1854
-439;182;3303;2746;4412
1937;-3832;-3528;-2584;3752;-4927
4372;3786
144;2449;-760;3434;4940
-1911;-1132
-4689;3712;2996
1107;1495;-1017;3499;4796;3405
-2899;4149;-4089;-207
-4690;1817;-3486;-3855
2260;-3941;-4604;-3469;-463
3092;1780;4935;-2392;1514;3341
1152;4418;2258;346
-1619;4581;-3868;3963
-3544;-538
1729;-2890;-1899
4320;883;4996;103;3003
258;4915;-3623;-1914;2010;395
1252;4948;-3134
-466;-3958;2614;680;-4987;2026
-2209;3543;456;-3838
