-3362;2334;-3071
-154;-397;-478
1891;1508;3895;2954
4096;2932;2358;89;4058;813
-2292;724;-1576;59
3923;-619;-2267
1370;-1388
-4649;-1580;-1983
23
3376;245;-3449;-443;1338;3053
1985;-3157;-5000
-32
-3860;-4069;-4456;2199;2985
4006;2569;-1421
4281;-1627;-956;-639
1120;994;-4181;-1383;-2736
-2770;-1301;-2869;-4662;-728
737;-693
2092
-4482;-627;3077;-1516;-3773;4204
3333;165;4294;-1895;-4635;-1310
2095
4019;-1814;1255;2157;575
-771;1027;1571;3343
-3747;451;4040;-445;-3424
-3973;-332;2203
-1107;-3524;1863;-2408
-1654;1709
130;-187
1345;759
193;2937
1843;-825;4632;3548;79
-597;-3990;2477
-1091
1553;-1053;4687
2244;2133;3261;-2448
2320;-1877;-680;3880;3645;3022
688;-1784
-2596;4116;-1495;3177;-3130
-3276;1151
-3733;4711;-3103
2125
-4249;4329
1580;-1663
-4052;1748;212;1270;904
-3156
1268;-1184
88
-94
94
1153;3603;4967;-3049;2907;-4365
4002;-1252;-116;2582
-801;-1393;1310;-239
-3089;-4629;-3046;-1352;1774
-706;4689;2369;-1642;-1535
-1141;3292
2448;4259;452;2356;3738;-4956
4931;-4936;714;-2110;270
1794;-3027;1342
-112
-3171;-1660;2669
4944;2690;-4599;-1064;-377;-1708
-1139
-3061;-1126;-3096
3189
2306;998;-2215;-4281
-4132;4564;-3238;2630;2601;766
-3394;4821;-1547
2722;4567
3474;-2052;1751;473;-1339;-4478
-850;4482;-85;-4124;-4077;-591
3346;-4601;2408
-1573;-2392;1035;2799
1696;-2369;4657;-3027;-2918;3116
-4514;4660;1188;2117;3848
4066;-1667;2278;2974;-351
-1159
3207
3812;-4181;-3077;-4055;-1021;-4926
2184
3428;3496;-2011;3195;4318
1163
3650;4050;2998;3559;551;-4428
142
-753;1680;-130;-2998
-154
4034;-4739;-4571
-1187;1061;-4128
468;-2677;4021;4744;4346;1548
-53;-4854;2903;815
2898;293;-2423;2503;3117;-1103
834;1383
-2657;2625;-3896;-1370
-2498;3608;-4362
416;-1106;-1545
1860;-2488;814
-3879;342;873;3323;1835;-2684
-2595;99;371;170;-3355
-1214
-916;724
4963;2484;-1767;655
1216;3348;-4955;-3820;-1102
2371;2611;3130;-2891;4141;-4048
-2243
-3505;-1634;4998;-3370;-781
2096;-1596;-2447;3391;-224
-529;2599;2093;-894
-619;-2653
3440;-168
4065;-3350;1541
4464;3457;547;2663;4791;-2400
2610;598;3146
4107;-4319
4422;3983
-4497;1284;1206;-1431;-250;-1646
901;2086;-3768;-122;-4685;4350
1239
-4652;-688
304;3557;-3640
2912;381
3920;1423
4129;-4154;4398;-1071
33;-4361
-3251;-1078
897;-1988;-2954;-1295;-15
1586;-2149;566;4327
-836;3380;1893;3782;-3767;1927
-1714;2082;1309;-2158;1598;4239
1619;1847;-3869;-4959
132;-1398
3025;-1144;2650;1855
-3106;812
-161;-1889;-2294
-4788;1700;-4569;-3225;-941;2351
4355
4356
-1286
-1220;826;-2943
928;4192;-1987;-4247;2712;715
-4368
416;-1762;3159;2555;2047
4736;-2115;-297
-2393;-956
2171;-4989;3516;-496;-2528
-280
-661;376
4964;-1607
-2049;-3876;1203;-4781
1347;2012
721;614;1192;-106;4025;-12
4160;-1497;3771
-3971;3875;-4105;-4796;1375;-4960
3509;-142
-3731;-1799;-121;2508;1053;-1280
-1137;4506
-4728;-2585;-2732;-3759;-1727;-1152
3328;-2961;2105;-3835;-3292;2302
2003;-455;4902
2208;2195;5
4757;-1831;2509
317
4547;422;1931;2573;-1984
1346
-3555;-1302;-1062;2550;4716
4119;4396
1959;-4332
-2903;1719;-217;3773
-2577;-4902;1830;4362;-3470;-1712
3744;1827;4405;-391;-1068
328
2064;-1735
-386;-741;4632;4508;3581
-4150;2742;-2409;-4489;-4714;397
2256;-3724;109
2097;-3128;2315;2124
224;979;4119;1160
-1351;4764
4098;-1652;1011;-3116
-1367
3116;639;-2384
-4227;4584
2387;1895;-537;-1818;-3806;-1552
-4025;3161;2249
1387
-3106;-4504;-697;-2714;-1932;1324
-4053;1064;4346;-3229;-2590
1221;4264
3936;3633;4060
4690;-1865;-1434
-3681;-3766;4101;-1527;2456
-611;-4387;-467;-4245;3269;4023
-2260;-598;1463
2807;4732
1168;-4305;-2515;-1239;-2698
3462;-4861
2435;-724;2885;-1148
2300;1036;-2957
4331;-2926
-3893;5;2479
-594;-3238;2422
-1411
-2167;4607
392
4931;-2278;-2072;4809;4377;-158
1504;4353;4980;-3274
3204;-1269;-1688;-3129;-3615;-48
-2451
2146;869;-2344;-2697;3454
-3076;-405
408
-3889;3077;-621
-2898;2883;2819;2405;-701
-413
-762;2971;4348
-2756;-3367;1895;-4300;-1102
3487
1440
-1444
-1688;-2830
-1139;2147;-4116;-3558;-3836;4959
1472;998
-2338;4146;1442;-2153;556;-1231
3539;4949;951;-2330;-2718;-2942
2696;-2269
-2477
-1570;68;-345;1417
-2312;858
4128;-4531;4292;4734
432
433
-436
4278;4602;1979;221;3694
-4226;898;-724;1158;-2666
-3394;-665;536;553;-1566
-2490
-3478;150;2887;2618;2367
-882;2355
400;-1190;3445;2102;813
-1405;3903
3648;273;3233;1090;3620;4975
-636;-4942
-3351;-347;-2060;-3917
-1974;-4487;3929;-1451;-2621
4342;4056;-2413;-4494
-4565
3972;3045;2009;-3869;431
-4260;2003;-3944;1785;-3322;-1949
4162;-776;1183
-2580;-68;3237;3751;-2714;-3133
-3395;2203;4750
4337;2434;-567;44;4478
-3130;-1455
-3413;2708;216
273;-767
-1521
1460;2902;3307
4321;-4997;3305;-3533;3453
-3218;369;292
1535
-2565
-340;4852;-4279;-2798
-1811;572;-2911;1583
-3634;3114
-3249;3904;1168;-2385;-4054
-1027;1547
50;3545
2371;3267;3988;-2647;1063;-2399
630;3654;-4809
-3986;-134;3863;-4410;2121;4095
-3863;809;-3616
-4868;-2872;1160;826;3323;3982
3936;-3654;-2888;-4328;-1051;-2783
-386;1826;1140
-1729;3074;4867;-262;41;4783
2834;6;1847;1468;1342;2254
-536
-2453;-409;171;4254
-3918;174;-2944
-1164;1709
3296;-562;-4197;-554;1466
1009;4661
3872;-2389;1769;-4827
3623
913;-1459;4820;279;-76;4268
4576;771;-4966;4837;-2615
-2610;4503;2109;3581;2190
4917;2809
1318;4326;-2061;47
4246;2854;3543;-504;-266;-2144
-2611
-169;-2442
4660
1027;-948;2004;-4886;3260;4204
-41;-2574
3296;-148;492
-3349;4943
4741;-1627;-2699;-2573;1581
-2918;-406;-4247;950;3995
834;-3813;-3111;4039;-3437;813
3652
581
549;-2970;2843;-3165;3166;159
-372;954
-2261;-549;-1872
-2634
2838;-3752;4572
4097;1906;2776
-290;1458;-3738;2763;3468
2944;1734;-4825;-59;-3020;3819
705;-730;-4941;-2319;2591
-897;4257;-3401;-1051;1994;-3551
-2017;-2563;1272;-569;2250
-418;3069
2130;3922;3539;4326
-4914;1269;-1675;1642
-609
-552;-2107
-615
1345;-3652;-2407
-386;-3591;-3097;3626;1806
-81;-4002;2852;1769;-1438;3566
-2668
-4055;919;-2477;-4224
623
1328;2085;4885;-2023;-2631;-972
-626
625
-4486;-1260
1971;4517;1064;1403;1884;30
2678
-3138;3842;-199;-3722;-1547;-3038
4835;-3159;1007
1091;1957;4136;-3657;1595;1660
-241;-4418;-3093;-57
4963;1895;-1403;-4814
336;-2211;-4117;-1082;2222;111
-777;-4607;3710
-900;-4871
-4625;-4747;-3760;-1856
2146;4650
2341;-4872;-190;-2032
1120;-785;3649;-2729;-378;-220
-3755;780;2909;-2960;-1728
2514;-426;-1804;-3645;1678
-67;2774
1685
4758
4369;322;-2278;1930;3487
3866;1228;-1358
-4765
2370;-4703;-3456
-904;2584;3689;-1707;1165;-4159
-497;2449;-131;-1767;1643
-1218;728;-3067;-4733;-1600
-2387;-2181;-3468;-3902
-369;1856;1113;2171;-2670;3695
-1845;-2760;489;1391
-2115;-4500;421;551;-2316;111
-2434;-4660;-4390;1286;2349
82;-121;-1548;4317
-2054;-2903;2652;-4717;-2878
-1709
1760;881;2822;1433;829;-2944
2469;1109;-829
-785;1459;4709;-3784;-4541;3647
330;3450
1152;2658;-4118;1017
-4467;2676;4203;4093;2397
2481;-747
-1377;2434;680
-3781;3178;-3115;1195;-239
3701;4503;876;-174
-716
258;441;-1531;4444;-4352;2479
1189;-474
716
-134;-584
1744
1073;1794;2973
3541;4998;2431
-577;-4817;-3234;4439;-1664
-613;-2599;2679;-4156;2927
3302;-4043
2565;-1485;3757
-4418;3675
-2290;-3618;968;-2973
114;1659
-4850
-1705;4506
-97;-3579;4431
-1580;-268;3627
-758
4017;-4421;1067;3167
-164;-1476;-2573;828;575
1536;3349;4854;-2985;1176
-4153;2761;2669;1535
531;-4196;-3246
-914;-1234;3939
-962;-1574;91;3180;-3103;-4544
2880;-2849;-3300;501;727;-4872
-2405;-4247;762
4535;-3256;3895;4813
1056;-4725;-2758;-4807;2269
1064;2655;-2944
2825
-2489;4360;-2651
-2797;-4128
-791
-2082;4775;-1833;4123;-2144
1280;-2369;465;-4579;-1610;-4221
-4489;2671
4890
3871
-3876
-3720;-4589;-1711
2306;179;-3290
2657;1220
806
-115;986;3007
-3542;4106;3867;1291;3003;-750
-1363;4580;-4534;-2575
4064;-292;-4213;-3080;1324;-2720
433;1666;-2227;2547;-1546;3019
4722;-4940;-2253;-1310;1935
-1850
1608;-3402;3643
3696;2592;-2421;-251;2332
-1877;-791;1527;-4810
-1857
-2883
2720;1187
-1862
-4938
2835;-4704
1869
3876;1156;1831;3199
2900
-2686;-2335;3134
464;3474
2672;-427;3741
867
-2593;-3859;2696;-4282
-2853;4453;1318
-3906;-4501;-4168;153;1310
1432;-3022;718
629;2650;1691
-4212;-4996;-315;4475;1261;-1184
3568;2929;885;632;-1309;-1728
4356;4423;-3369;1051;4667
-835;2500;4233;2988;-1853
2938
6;3958
-2311;3063;-1241;-1946;-4606
3334;2281;-4719
4281;716
-3077;3723;-1551
2640;2760;-830;2479
-3979
-1143;-2744;-2328;1129;-4510;-4624
2003;-612;3254;-4839;-2859;-4000
1714;3291
-1935
-1010;-669;4637
2818;-2296;4855;-2970;-714;-3630
-3988
-2424;-1566
-406;-4616
2162;-1064;-3050
273;3846;1752;-1872
-2241;3520;4368;1931;3851;3835
-2981
-4378;-3725
1700;2761;3101;-4575
2225;2883;-2407;3783;541;-1983
1857;3186
-899;4548;1335;1818;-4831
-2420;4634;-1199;958
201;1579;-4477;3647
-3185;2533;-2350
-2673;-4465;-1426;4585;4942
-2609;-3477
-2051;1083;-1023
2624;-631
-1783;4599;4743;2633
-359;4778;1676;-1023
1152;-885;-3294
4882;-4490;-1373
-3173;-198;2745;4795;-591;-1567
-4081;-4197;-4139;-860
3036
3474;903;-1341
3710;4287;-1888
4432;98;3555;-726;-1340;1118
-756;2069;-444;-2349;-543
244;1016;1790
-2032
1872;-579;-4294;2110;2927
-1925;1957;-4120
4531;4680;3145;3049;2811;-4909
-2325;-4122;-718
-4930;3448;666;1839
