-2069;3593;1548
-3115;2479;3711
-823;-1231
-626;2839;2681;3339;2013
1478;-842;2651;2428;-589
4225;-386;3335
4272;1267;1637
3080
-3251;2953;-3323;-701;4110;222
4928;3716;4681
4794;-4443;-2011;1646
-3057;882;-1940
4129;1473;-1644;172;-3088
3733;1466;-2109
937;4202
2610;2565;2405;-2232;-2682;-2688
1237;3910;-1033;-4091
-2193;-167;4071;-2605;-4253
-510;-4638
630;-3848;-3113;3229
3106
-4343;-4473;4683
-539;-4827;1405;-3215;-4128
-100;83;3706;4542
-2355;-2806
3859;-4933;2677;-4775;2839;-1758
4903;-4859
4179;-4127
279;3768;568;526;-2016
-4388;4723;-295;2072;-2059
3093;-2440;-2570;-3325;-4030
676;-1759
3282;-4367
-2635;1549
3249;4916;-1606;-3766;-3880
295;3864
-2082;2409;2811
386;4227;4516;2806;-2637;-15
-3970;4001;-2003;-2871;-2523;-896
-673;2882;-1114
562;4535;105
1648;-774;-327;1178;-1643
-3256;2552;1241;-1867;222
-3617;2096;-2947;4940;-3631
4720;-690;3729;-727;-2024;3271
3521;2147;2614
-1332;-4229;4010;2251;-799
-1322;-2875
-1125
1128
-555;490;2554;3147;-3484
-3564;-4734
-4743;4074;-2509
1264;4264;-4234;-3452
2372;-2485
-390;503;-3544;2264;-2651;-3471
-4238
1376;-3714;-2090;1644;-3502
-547;-4717
-2167;-4125
-2198
1175
-3275;-973
4080;3648;409;1231
240;1966
306;390;-3097;-2121;1720;-432
-552;-4733
208;-483;3719;4600;-3130;-4748
-3945;-318
192;788;-4712;-2874;-1754;-2047
-2217
4818;1668;-3485;-1808
-4017;2498;1769;-3038;3982
2034;2642;-1385;4526;-3551
-838;-76;3228;-95
-4709;-4521;3481;-4156;-4608
-650;3853;4142
-4823;-480
-4449;-1125;-1895;-3424;2511
1213
-1331;4789;-968;-2506;-571;783
3760;3524;4885;4411
200
1905;-4822;-3738;-3996;2254
-4301
2119;2186
-1364;2599
-4021;1061;-4103;-1767;2472
4083;3304
-4923;607
-2196;4932;-4310;-2683;-1084
-102;-41;-2143;-1008
-2155;1933
3329;-2258;-3344
3041;4834;-2966;2808;-2042;-1355
4224;3250;3046;3334;3159;1647
-1948;3292;-477;-2126
2282
2979;102;-2199;-4617;-4698
-3314
547;2825;4236;2877
-2993;-1765;414
657;-1930
2967;-1721;4123
2298
225;2027;718;-2719
251
-2562;-1430;4777;490
-3403;2171;-2077;2031
-2443;4749
4473;-3291;618;-2061
-3169;-3121;-119
264
339;2532;1413;2315;-4844;2607
-4069;-2406;-4032
-1097;829
-4364
2318
-1295
211;-1093;2171;12
418;-555;2811;-2397
-4372;-3031;-3594;1503
2257;3144
-665;4652;-4272
-2334
3948;-590
-4402;2948;-335;478
3473;-213;3846;3355;-3006
-3701;-1782;1096
-2340
-4769;-1669
2864;-3650;553;-1373;4734;-1808
-4210;2885
4080;4933;-2663;-1739;2860
-3742;3438
2352
304
3937;3607;3162;1886
2178;2391;-4842;-1580;4206
-3498;-558;-2399
-314
1761;4130;2578;2806;-2585;845
3217;-3668;-894
-3253;-4085;-2870;-4752;3375
-3585;1334;-1145
-2948;3415;-141
4449;-4779
3521;-1251;-4248;-2059;1354;-2767
-3206;3033;1835;3788
-1395;-15;2767
769;1613
2384
-3658;3994
980;-2343
329;1034
-1203;-2328;-1931
3714;-547;-777
547;-565;-870;-4743;1191
344
4352;4193;-4787;2790;3353;3759
-4732;2748;-1439
-167;-1210
1344;3425;3635;-2502;-4522
4740;2197;1432;745;462
2912;4161;-424;879
-2308;-4521;-4508;2780
-195;1988;4884;3332;-3501
-4462
3058;23;-1692
-3748;1349;1157;4345;-2734
-2117;4986;3644
-3219;3507;-4021;3944;-2010;-3691
-370
23;-2446
4434;-4812
-3362;1863;-1900;1149;-2224
-817;-1736;-2875;1882;-2638;4781
-1403
2996;-1960;-1416
-1998;-1455
-1395;1714;-1369;1993;-1327
4483;-870;2439;4984;2138;3595
881;4709;-3192;-2330;3389
2817;-1831;-509;-4960
-2372;-2519;-843;-1051;2300
-2354;-4407;-1820
4512;-3763;2338;676;-4201;1854
1348;4424;4813;-3023
-4122;4169;4010;-1611
3472
-2450
3444;-4969;-1104;-4944
-1177;-1133;-4240
224;-3926;-999;198
3482
3073;4535;-3101
-4642;-1591;3593;4379;-302
2834;3726
-4426;4842
2466
-549;1995
-2547;3636;-3175;1559;1980
-403;724;2157
-4036;980;2742;2650;2795;-4700
4528;-2616;-732;-1614
-1650;-1718;3335;-1722;-2891;3182
130;-1592;2926
-3811;3798;-4525
-2257;-4362;4127
4011;-367;-1152
-4786;-1442;2725;-1962;-1130;-3071
-4551
2741;-2087;-936;-2217;4584;-3565
-1171;1955;1085;429;206
-266;-2239
-4482;3777;-1576;-1241;3979
-461
2224;4383
-706;-2565;-267
-2905;3498;-124
-3938;550;-4252
4258;-1459;1303;-558
472
-737;-483;3843;3820;2062;-1888
3232;-2514;646;41;92
-3388;2956;-2093
288;-1443;-1623;-1691;-4524;-2750
3249;-2261;517
2977;-4484
4308;293;1687;3656;782
3664;-1346;4773;-3624;904;-812
4904;-383;-3007
3344;-4209;4290;1501;3485;-750
-1286;-2280
-3568
2932;-2726;-703
4417;4103;-1354;346;3596;-3439
544;-1638;-4870;1016;2126;-4848
1442;-3095;2156
-3105;359;-3050;1915;-2542;798
508
4606
-4829;4318
1508;3189;3240;-2921;-298;-4202
982;-1453;-48
1924;3240;665;-4796;2559
4561;3026;3813;1127;281
4617
-4619
2369;204
-4580;981
3478;1287;-1166
2065;-2963;-2981;-920;1199
-2851;1682;197;-4327;2073;4778
3688;1833;-303;1454
-106;1659
-916;3032;-922;-1967;239
3607
-1842;-724;419;-4328;-3211;1981
-3351;-1608;1432;1641;-3917;142
3362;3131;-2880
-387;-804;4504;589;-288
-4358;4902
-3939;-2473;1101;669
-546
2817;-1246
-2967;-2279;4696
1863;4830
1952;3511;3279
-2181;599
1588
2051;-28;-2590
2789;-4381
-1460;-324;1211;-2796;749
688;-754;-2297;1357;-592
3698;-3195;4699;3566
-1491;3204;-3656;-4106;3213;-1838
112;-2437;-1269;-3288;3225
-3202;4685;4222
-2546;-2490;-2718
4852;1109;3829;2062
3024;-1027;-2918;-3371;-2444
1058;-1337;2920
469;-2424;-2169;4718
-2871;4150;-8;-1996;2347
2147;-149;2681;-1663;-3840;-3872
3913;-1611;3677;-3328
-2849;3939;1187;4772;1750
3679
-4711
1861;4263;553;-4015
4583;3528;-2972;-1276;1871
-593;-491;-2795;2236
-2309;-3624;-3752;-713;-1164;1726
-620
1553;-199;-1208;3545
-1299;4307;4783
4288;-1940;4051;4214;-3422;4702
-369;-2596;4264;-1241;-3120;383
-100;-1557
2944;1785
1542;4216
-4963;-4068;3222;-4379;3277;2175
4913;-3108;-2139;4479;1135;-4640
2800;-2159
-3716
-2178;-2743;-4942
4751
402;-4116;4453;4012
-1683;-869;295;-4544
2096;-1809;4611;4974
2884;1637;-3543;-2153;-2107;-448
-3441;1759
2016;2676;63
4064;3764
2306;3254;3866;-3853;-334;4639
4569;4286
1553;-3682;4026;2925;-3134
1792;593;-1012;3390
-451;-3702;-3849;3113;4219
-3940;-2808;1981
-3010;4002;4764;-2013
676
752;2422;-2792;2875;1518
-596;-2981;-4159;-3760;-3520
-529;3172;-2982;1175;-1993;3885
-688
-1022;4783
3104;-2102;1525;1401;3741;-3904
4314;4814;4942;-1584;-4624
4933;-921;2282;-4221;3742
2146;3850;4538;-1774;1151
-1721
1946;3051;-141;-3278;2190
-3081;4700;-4686;-2750
2772;-3112;1039
-2743;1018
-3750;-25
2630;1000;-2845;4015
3440;339
2672;546;2137;2522
4643;-3386;-4509;2301;3117;4687
1094;4311;1449
4498;-2644;-4806;-4927
-2761
-2722;-1283;-787;166;748;3165
1488;3745;-1554;-3331;-4133
-1738
-275;-3670;1183
-2273;3474;1289;-3819;-3372;-1135
1953;2402;-2503;-112
717
-1265;212;2916;-4391;1807
-257;4052
-3;4825
1957;2566;4909;-3072;2559
4000;-2821;573
-1755
972;1807
-1970;4382;-656
2782
-4340;-1609;-3689;-4025;1662
2145;-1408
3729;-3363;-3190;-2393;3866;-414
2145;-4182;-120;2296;-2044;2652
-4588;3838
-561;3248;1137
3829
3210;2860;-4063;-1248
4178;-3333;-2632
-2994;-2147;-2839;4073;-1978
-679;1596;109;-4864
-1720;-1097
-1489;3281
-4370;-3475;-2284;-4159;2255
2419;-3258;-3467;1403;-3853;-3230
-866;-3624;-4473
3236;4703
3173;-2870;347;1533;2782;-95
-129;-4999;-43;1323
2243;-1468
-2825
-4168;4346;4699
-4879
-3175;-1225;-3101;2621
-3075;-1094;-1831;2140
2386;4981;4685
3866;4091
-4889
4841;-3019
4899;-4
-305;1585;1906;-710;-3277
-52;-6;-4423;3678
-246;3096
-2711;-1164
-3986;1286;872
4069;-1214
-3544;1304;-2572;-94
-3506;-4454;1782;1478;-1896;1690
1376;-2339;-4180;-134;1656;-265
-918;-3993
999;3915
-822
822
-137;-687
3513;4478
-2737;-4403;-3973;-3450;2810;-4431
3897
1941;-3351;3883;-623
3444;-570
-1853
-2018;2913;1188;796
-2001;4884
-1861
97;-1959
-1863
3610;301
-844
-1121;4528;-4196;-2934;831
2481;344;-3033;4716;2479
-1364;-4601
3155;-3927;-4410;-2832
-2708;-4821;-4871;-1944;107;3149
-2675;-1011;1813
499;350
-3925
-2321;-1777;-3732;-3142;886;1039
754;-3334;4458
-545;-3281;3467;-496
4656;1508;-501;121;-733;-96
-1441;-4441;1950
-1826;964
-3891;2643;-2197;-490
3935
-3939
1408;-930;-1810;242;4006
4802;2645;2361;-747
1977;-4896
3504;-2633
-2163;-2342;-3536
-898;-483;-3207;1659
3954
-2022;3878;4294;4599;4604;892
-3111;-522;539;-1838;957;3086
-401;2855;-1566
-2705;-545;-1916;-1724;2927
2980;-2077
880;513;2818;2662;3913;-3739
1440;4456;-2827;-732;-1628;-4686
2745;-4621;-461;-621
-1937
4243;4691;3242
-1730;258;3539;1272;3064;3727
-4468;2526
-3990
482;2040;2137;-4123;-2479
-3220;-3275;-1292;-2494;3677;-2511
672;2521;4249;2172;2573
926
4966;231;2154;3243;3131;-2559
-1874;4966;-1996;1197;-4254
4010
-2987
-4883;-3139;2236;751
3198;814
-2481;-453;1577;1981;-1566
-3347;351
-771;-3508;-3558;-749;-1582
3002
4401;4946;-3193;-3152
-4785;-3541;3733;-2507
-4625;2098;-3129;604
1441;-4722;4499;-2175
2721;2333
4150;1143;-1502;3311
-4692;-4023;249;-2219;1870;686
4976;-2972;-1040
-2740;-2357;-4153;2141
4036
-8;4367;-2368
-4040
3920;-2852;-587;669;3997;-80
-3586;2002;-2230;630;-1388;3597
-4055
-4354;1895;312;-3306;-651
-898;-1442;-2964;85;4518;-4380
2066;627;-3622;1320;-3629;1228
869;3190
-4771;4275;1956;4509;142
-33;-1331;-2987;3358
1140;-1685;1494;1335;2807
-2090;4110
4074
-3010;982
2772;-3574;-2250
-4590;-4814;1950;-4816
198;4486;-3737;-1978;-1005
-4417;-2119;-4636;943
-1619;3699;1559;-1819;1244
-3764;-3399
164;2583;-4347;-3518
