-825;329;4539;-222;-1775;-3072
-798;2847
-2882;-1933;3788
-3076
-1289;-634;1358;-464
-3698;306;1059;4067;-2997;3316
-2081;3316;2950;3802;-1838
-4261;884;-3094;-4487;-1336
1760;4378;4669;286;-3919
-2343;-4811;2027
497;-738;-500;-3176;4856;4187
4;-4108
-403;423;3544;1564
1377;1875;1830;1070
-2595;2983;2919;4895
1666;-2703
-3921;3618;-3829;2888;2589;-1358
-1720;-363;-2012;-2317;3326
841;-2910
-4546;3846;-3420
-4786;1443;246
4754;-4840;1135
4027;-1951
1250;1523;-2519;4104;-4329
-1268;-1051;-604;348;-4624
849;3074;2488;-2283
-4753;-400
-2503;-1435;-4379;91
4912;4339
2084
-3846;4054;-1179;-1727;1119;3663
-4321;-1988;-1446;-4575
4203;-2110
-3858;-2621;1311
-2305;-3062;167;3499;-4496
-4865;-3607;-2071;2297
2810;-4411;4732
2065;-3365;455;-2288
-4756;-1046;326;-3804;-2045
-3146;-4042;-4142
-1092
4816;4965;-4441;2922
-2098;3876;-1190;2555
1095
-1096
2121
-2626;-1298;2482;-4381;-1421
-4066;4453;2761
2693;37;-219;-1709;302
1410;2260;2028;782;-2911;2655
2404;3437;-1663
3521;3730
84
-744;3227;-4238;-1406
1140;1705;-3374;3694
-4759;-583;4222
3814;-2777;-505;-3805;4396;2045
-3841;3313;-4455;1003;3468;415
-2626;-707;713;1498
-2840;-1354;-1099;2203;3004;-4110
-611;2761
-4675;236;2287
1601;2801;2421;-4251;2652
3168;1621;-3095;463
111
-3106;-4181
-1143
2166
1440;2340;1800;4044;735
1264;2936;-959;3023
-4219
-4484;-3543;173;1807;4895
135
1160
-102;-4298;-858
1161
2144;2897;-3268;-4277;311
2272;-3922;-3581;4046;-2032
-1682;4900
-3158;-1687;-3722;220
3666;-2613;490;-2988;-4864
1819;2444
-2641;3569;2946;3283;-3466;3645
-2307;3300;1172;-3013;3065
-4611;4178;-3580;3839
178
272;-4935;4534;-380;-717;2428
-2371;2099;-3241;1325;3390
-1685;-3804;1211
4848;-4666
3092;2278;4422;490;-2525;2669
274;2985
-4962;-3458;2738;3445
-1329;2562;-883;-159
-4994;-2038;-183;-3865;3788;3004
-2740;2933;4632;-1561
4418;-3540;-3401;-2444;-4092;1694
3701;-4601;1865;-1562;-1996;348
-4641;2963;-2871;-3482;1419;3342
2816;-1250;-2116;-376;-1321
1223
-1972;3196
-4068;-1253
3347;4732;316
-538;333
2547;2740;-1814;-3625;-1770;-2379
2871;1481;3021
-307;-4389;2441
-4772;-4654
210
4243;-1764;1832
194;4261;2821;4876;-223;-2496
-4577;263
648;4872;4969;-3404;4190;207
1937;-3180
-70;-1478;-1526;4455;-3336;4222
-2436;-614;-24;-3308;-2031
4195;3509;-1208;3368;-3753;4350
1161;4587;4812;927
-4081;-258;-181;4777;3039
-4358;-988
-1746;1818;-1484;-1888
2282
2283
-2893;-2463
-4119;808
-2291
2293
-868;469;3077;-2928
250
-1619;-4837;1781;-1724
2302
-2182;2439
3408;1185;-106;267;-1424
3616;-2089;-3228;-4702
4848;545;-2179;-2453;-1047;25
3251;2949;205
3620;-285
1282;2055
4593;-4839;838;3416;-3743
-2744;-745;-297;-139;-2269;-3295
-1299
-3350
64;3287
1634;4277;4616
-1312
-3369;1817;4684;-4448
433;-4091;3951
3792;3443;1252
2496;3172;4661;39;1962;2303
-3458;-3443;3820;735
-1281;-1108;4735
-3373
-4400
-1945;2824;-1134;3631
-3173;3813;-335
-3810;-1236;856;-4298;3054
4146;-1784
-2360;2045
317
-4627;997;3941;1051;-1680
-3431;2745;3083;-2080
-2065;4723;-2133;-2894
-1655;1977
-2357;-2055;535;1502;-3072
-135;1830;681
-3402
-1356
2307;74
4564;-4025;-875
3537;-3558;90;3340
3411
4112;1280;4163
-1412;-2580;3523;2437;-4713;3085
-3418
4817;417;482;-3323
-1371
-2397
-2561;-4002;-3286;2229;4199
-3157;-265
2965;-4616;-4329;509
2163;-3399;2654;-4847;-3071
3910;4745;1099;843
-1992;-2462
2201;-1612;4507;-3119;1455
-1462;2847
3433
-755;-2598;2278;-4312;4761;-2814
995;2278;-3848;-2760;919
2007;1432
-4450;4339;1310;-2592
2150;-4312;2105;3498
-1396
1750;4542;-4896
-3446
-4545;-2183;1303;-281;-3695;-1215
1400
147;1000;3326
378
720;1105;3138;4709;-909;3903
49;-3190;-2713;-4302;-1679;4287
2214;-395;-3339;-908
-854;472
-3572;1768;1691;1742;-1248
-2945;2439;4569;-4524;2286;-4256
-604;4861;223
-4486
4608;2355;3507;3782;-4506;-3212
2445
398
-1697;-3822
4112;73;4793;-2876;-3245;623
3317;-984;3881;4793;1804;1935
-787;4271
3484
1488;3667;3524;-3736;-1471;-2032
3879;-2428
4888;4762
-2801;-4610;-354;-2180;-1482;4844
3514
-129;4017;-3446
4710;3930
847;-2320
4946;2530;-4214;-1275;1999;4655
2624;4129;2580;-3161;393;3103
1192;-3693
2745;4795;-2990
-1474;-2580;3605;3656;1343
2082;-740;890;1627;-2126;-4239
980;-2997;902;-1562;2346;-127
2592;1963
-4052;4100;4422;457;2906;-1229
-3259;1837;-2112
-462
4915;2903;840
-2993;-1169;-4504
-4870;-2614;-3662;1215;-1808
-4574
-4372;169;-4924;107;2398
82;4533;4519;-379;3947;3135
479
642;3515;-606
293;4283
-2007;-4616;4093
-3688;-4761;2876;-2077
1025;4099;-4678;1562;526
-1514
758;-439;4268
80;-3538;449;3501
-3000;3833;-4399
-1738;268;4014
-3969;1777;2520;-3903
4404;-2344;123;-2750;63
503
-36;-1302;-3159;-2151
725;-697;1311;2095;1167
-3627;-4048
-82;4450;-4217;1049;-3259;525
964;1596
1858;-4439;-2903;-3659;-4255;3663
2994;-422
4667;-2607;-2239;-351
579;-1636;2181;-233;1688
1696;-850;1258;-4254;-432
-2197;2730
113;-2133;-2023;-3944;1305
-4634
3052;-2512
-4425;2507;-4126;2255;175
4690;-3542;421
-3284;-3973;-2875;926;1486
2600
-1635;473;-3980;492
1827;-3109;3205;-233;-111
-557
-1793;535;3002;3803;-892
915;1692
-2753;-4453;-522
4705;980;2613;-567
-2357;3643;2349
-4035;-3990;-374;2089;4718
2880;1783
4665
1593
3266;-3814;4190
-1813;-3222;-3751;4391;2346;-571
-578
-1603
-4311;3726
2645;3063
1612
-2640
3648;497;-1595;4186
3184;-4776;-3098
-1894;3512
2993;-470;-1928
4832;4100;646;3516;1838
-3350;-583;-4776;-1977;-45;-4208
-417;401;3765;4023
1776;878
4914;2436;-2648
-610
-1414;-1246
4674;3413;1646;1118
3010;-4293;2828;-4207
3203;-2587
4838;-3198
-2834;2065;-4972
3044;3722
-891;267
627
2704;-4182;-1199
114;535;2121;-2315;174
-1817;-2911
3847;-1835;2715
1284;3751;4813
-4803;-4260;-2580;-1093;-4283
1732;233;4717;-4000
-4709;1414;4504;-2956;-3836;-4269
-1489;2832;-3217;-2290;-3827;185
3716;2357;-2406;3436;-2366
3719
1609;2763;-974;-2142;-608
-2453;779
1675
1968;1758
4961;3012;-2853;-1768;3449
1509;2221
4755
-3127;-2654
-455;1238;695;-815
3219;-885;2345;-909;-3103
656;-1955;-2837;4154;-4784
-4201;-3211;-1452
-1696
1680;-1826;185;-476;-3310
816;-3331;-4630;1177;3244
-3124;2442
-865;-1865
-4385;-3106;354;-714
-4769;-643;1657
-3666;2162;1493;-584;-2938;-224
22;666
2752;1427;-2846;2431
-1828;-775;4319
2499;2149;2715;-1277;-272
3392;-1491;196;-2731;-3006;-128
3764;2132;-4586;1435
-2641;3862;1527
-4546;-54;2870
3714;2914;-2678;4023;1596;-1695
211;2628;-2905;-3049;3374;1471
504;-4491;4894;-2640
709
-2500;-3332
-4101;2365
715
-4145;1506;-2062;-495;3454
1938;-3735;3607;25;938
2226;-477
-1636;4415
-3845;-2902;-2280;4120;4171
497;-1621;-573;4861;-2542;-3406
4624;-1714;-4968;1320
4838
-4981;4233
3825
1725;-1215;-2288
-755
2112;1414;1324
-3208;-1354;3807
-1060;-3237;-2922;4411
-1704;942
-3747;2771;-342;-983;3047;15
4291;-3102;-2975
-1788
-1169;6;1404;2108;1007;479
-4946;2514;4605;1567;4191
4001;-3134;3181;-1232
-51;-170;2015
1185;3681
1408;1669;-3193;4396;3662
-1013;-3767;-41;4046
-2826
-1972;-392;-2000;-3344;-240
-1805
1427;-233;-3115;-3260;-301;3676
-52;4282;4410;-4910;3199
-930;4905;3979
6;-1520;3327
-2375;-3865;-4346;-446
1361;-569
-1989;-437;341;4075;-1196
-2454;-4106;-3453
-4894
-4449;-81;-948;2854;-3929;2682
384;341;-297;-3674;2447
97;593;4730;-4093;-4879;-3392
535;4299;-4990;4877;2223
-4211;-4167;407
-804
4208;3121;-29;3743
2852
4128;-4979;-3145;-2331;-4718
563;307;4070;3033
-566;1101;-3327;-1087
-609;1014;871;1468;4207
-4018;3380;4150;1391
-2261;2407;4759
2480;-2979;-4148;1541;1271
2859
-531;1481;669;3293
1441;-2467;-372;3284;-40
2419;2517;-856;2010;4973
2576;-1748
674;3139;88
-3154;-1545;1196;1644
649;1036;2575;3743
-2066;-1076;2069;983;-750
-4807;-1004;-4573;-4493;-3071;-1328
-845
-3521;2017;2594;3923;952
-578;-85;-2232
2454;-3161;-1164
704;-372;1443;-2070;246;-2847
1440;-1803;-188;-1324
-852
-4948;-3125;-2809;-3358;2718;430
-3490;-3509
-2609;729
4740;1717;197;1370
3928
-2901;4202;-879;-1280
3415;1577;251;-4384
-1576;4793;715
-102;-4041;-2155;3261;-1807;911
2830;3151
3936
-867
-883;3798
577;-114;4657;-3641;-1759;1151
305;-4051;4306;2372;1319;717
994;-4940
-738;645;-783
-520;-3257;-3327;-4015
-4898;820;3977;-2570;-3151;847
161;435;3380;3796;-4029;-1839
4656;2276;-3351;-4937;-4042;4508
-3798;-166
4990
193;3766;1031
4690;1049;2633;4476;-3760
-2308;691;-4438;-4918;-3239
882;-1031;4122
-4885;1928
-646;1765;-3054
-4520;-1082;2826;3707;4077
2017;3157;-3755;4414;-751;1983
3814;-1132;-3198;3487
-4593;418;-2727;2601;-3676;2956
930
1027;422;3579
2550;4295;2781;-2544
-241;-2630;4182;-3324;-4047
1964
-241;-4609;4675;3163
3990;2857;-2832
-1218;-579;946;-206;-3279;-2752
-4392;-649
-2228;-3877;-662;873;-3292;-1999
321;555;-4894
-1938;-1862;3943;-4635;-43;-1532
-3218;-629;-2233;3084
-3942;4966;-4200;-4940
4646;2760;-4410
-2998
3986;-185;4319
1601;-228;-759;-4105;-2573;-16
1776;1865;1163;-1229;1644;1886
3010
966
-2310;1343
-3019
-1995
4353;-202;3993
-1828;-4837;165;616;-2270
1989;3095
-2513;3012;-2712;-126;-1935;1230
-731;-2317
-2180;-3285;2039;957;3469
-1820;-4304
806;-3193;-4763
-98;610;1282;-4632;807
1456;-3842;3;1941;-4663
-3057
1777;3905;-1212;1805;3951
-500;-2250;-2555;-1053;-1821
3641;-219;2445;-879;2174
-2865;897;2195;-2774;-3593
4352;4019;-1625;-3006;-670
2849;-581;3592;3369;-2459;1421
