-4181;2009;-1995;-3613;-1438
3074
-2677;-3909;-2267;-366
261;2149;492;2606;3710
-2790;3819
3313;-2515;2068;-1836
-3079
2259;-2117;4026;1982
4545;-4538
-2513;-1237;-374;1925;140
-4547;-1545;4905;3147;-925
1803;-2845
-1811;-454;-652;-2224
4064;-4788;-3978;58;4623
-4450;513;1719;-3950
2343;-1294
2499;-1412;-1116
2624;4769;2875
384;1425;563;4068;-4022;687
-2421;-4426;1788;-3359;-4208;1327
2052;-3112
1719;3436
544;1621;3429;775;-1004;-206
-4297;-4959
3888;-348;-3581
-4324;-1402;-2636;-1920
-2341;1270
1381;1738
-235;-2315;-3020;1278;-4975
3030;-1320;-41;-3658;4506;1631
-54
2833;1174;-4172;4315
2102
-4152
-1089
1089
-4163
1684;-4040;776;3913;-2592;-832
2242;3860;-3877;2965
2611;-2804;1061;4229;-1947
-80
3779;4915;1702;-3148
2640;1507;2634;-556
-2412;-237;2925;4926
-497;4675;2227;4518;-3116;-557
-361;4462;4175
2464;-1028;-3062;-3406;-3183;-63
2137
-4371;-244;-2644
561;1362;-294;-2746
-1125
-103
-3858;-1365
2916;2986;2748;-2400
17;-341;216
-1025;1057;3602;-2057;-3386;1917
-382;-1776
-2164;3304;3034;-4060
-4756;-1369;3961
49;420;-4486;828
2356;-3127;-3447
2389;-1031;1838
3987;1509;2262;3630
2;-1987;1859
4817;4228;1882;-2608
-580;-1867;2428;-3390;-4959;4143
1601;-3924;3414;2156;-46
963;-1846;4085
-4857;538;1290;2826;2382
2275;-359;-2048
-948;548;1049;-512
2752;-2741;4223
-614;-2598
3080;136
1640;-2505;792;2265
1962;-2107
-1779;-3831;1367
2960;-849;2883;-3819
2481;-4564;-2806;2311;-4668;-4172
-3693;-2607
-2609;1110;588;3004;4207
80;-3269;-2361;-3422;2671
-723;1337;953;-3774
-4060;702;2174
-2481;-3281;-4228;-3646;-4959
-2947;-25;4158
-2673;454
2120;-810;-1487
-707;-10;4090;-3551
-1721;1899
1780;3334;2315;2044;-79
674;2520;-4397
-180
-1062;-4971;3931;-239;-1935
-1717;1897
3137;-99;774;4170;-364;-3342
82;194;-4296;3559;-4329;-1536
1520;-1797;4555;-1024
-756;1988;-2216;312;-2412;-4269
-947;2677;-3898;-3483;-2461;-3342
-4717;3502
-2819;-1657;1721;-3583
-4226;1175;-4313
3058;-2342;2555
4296
-4354;3543;-1528;-570;-4539;79
-3278
-3617;1192;3068;796;-4718
-3937;-3106;739;-2122;-3884;-1214
2210;1427;4071;-1544;-3712;-1216
2905;-2493;1021;3901
-929;4215
-2961;1720
-1186;-1107;3533
4426;910
-1560;-2600;-1241;1087
2484;811
3633;-4120;1658;2940;-815
1696;-2159;238
656;-1491;1043;2967;-2811;-139
-1315;-3196;843;-1679
4308;53;-2456;3786;-268;-1101
112;1301;-1181
-3879;4375;761
-3730;-4680;-4957;845
-1777;3037
4800;2215;2969;1517
2278;2075;2558;495
2833;4818;4074;-2268
-1491;4068;-1308
1952;-2292;1383;-1481;3356;-1647
-3320
-4504;4600;-4460;4110
-1280
-3885;556
482;798
1307;-1565
1106;-4547;-1429;3588
4545;-4989;1503;223
1904;-2865;-3030;2764;1486
3332
-4850;1524;-440;4027
-1962;-2396
2864;-676;2707;-4570;-4491;-4288
1317;-1052
-4899;-1512
1143;3322;1948
-1729;-564;-3499;-2672
-4225;-2438;2485;-3035;4090;1822
-1308
-2402;4355;-3264
-3362
-585;1898
3216;2489;3946;-2603;1978;-543
-1189;1481;-2860;-797
-3236;4553
-2343
-2562;-2373;3981;-2415
-298
-1764;1285;-4471;2604
4787;3107;4107;987;2014;-3439
1608;-283
1712;-4405;1623;1371
2645;358;2106;-93;4812;3791
310
4784;-795;-603
4413
626;-4356;724;-3078;1179;3563
-3041;3188;1638;-587;-3566
-3883;2907;-1392
-1346
-3555;2009;4780;-864
323
2195;4580;3271;4796;-2223
-2097;-2310;-2070
-88;-4441;-1242;2364
-1199;847;-4080
321;4915;-2484;-3088
-227;3638
4497;-1085
-1890;4747;-461
2399
4929;-499;3012;3303;-154
-4452
2008;1420
-2066;-1367
3696;-4834;2050;3682;-2186
-2657;-2328;-4493;924
2836;-4119;2858;1308;349;205
2414
3472;384;-4628;3060;4550;-4424
-4948;2532
577;-4842;-4731;-3661
3523;-1174;4150;-4231;184;2013
-376
2041;4478
2710;-3950;14;-3248
1731;1175;-4873;3386;3951;-2944
-885;-4614
-1404
2464;989
-788;3620;-2039;-4983;-3150;3886
1777;883;-4918;-4746;2526
4036;-4406;-3311;2270
-2372;261;2263;-3595;2031
-389
2104;-2494
-3463
2441
-3017;-603;4015
-2995;-408;1211;3147;-2367;3855
1729;-304
304;-3875;4626;772;2136;-4368
3360;-3383;-2391;199;-1277;1037
-770;1778;2549;3287;-2937;-3500
1089;-807;-2393;922;4670
-4465;-3569;-195;3778;-3207;3151
2961;-3739;-2651;-3931;-252;3103
2770;4499;-4729;-79
2570;-4011
3489
-4931;4509
2647;4010;-2140
1730;-4202
-2741;-1769;-2059
-3197;-3375
-3693;3260
-3538;4229;767
-2292;-3822;558
3393;4865;1317;-3878;-620;-4638
1468
-129;67;3480;-3596;-1645;-4767
-1471
-97;-4099;-4836;2532;-2142
3522
-4548
-3733;1092;-2055;-1902
-1445;-71;-4058
-1479
-2164;-3397;-4533;-1557;-3335;-3903
1482
426;3066;508;-4285;-3248
-994;-4706;-19;-1382;493
2290;2614;4822;-89;-77;124
2432;-4018;-627;645;3062
482;1734;-720
4587;3053
4457;-2960
-3442;3245;4767
1777;-68;3236;-3013;4852;2907
-479
-2961;3812;-2473;-906
-4193;-3456
-2546;-2322;-2342;584
4544;2483;3747;4181;1910
2261;-56;-2617;-890;-206
3665;-2901;-278
4064;-2052;4820;341;3509;1071
2725;2885
-4588
1267;4988;381
401;1416;-299
-4594
949;537;-4971;2332;655
-3571;2054;2015
2566;1206;1847
2208;2038;-4184;-3641;-1609;586
-4567;-1064
688;-946;-4488;4567;-569;3308
1232;241;2689;1621;3946
-1714;-4836;2920;-443;-235;-303
4612
2944;1672
-3250;-4898;-4275;-4122;-1563;-2895
2833;819;-2036;-2140
3969;-643;885;4405;-266;4461
-853;-2408;4888;-28;-2125
-4626;-38;2089
148;-3751
-1940;-488;-3945;1372;3438
-529;-4471;2871;-2313;1227;-1421
2498;-581;4767
-3906;2722;-3238;1942;-1134
4037;3675
3732;-2158
16;-883;3466
3232;-2953;-1691;859
4983;-1804;3519
-4468;-469;4197;-1864
-3849;-4954;-4235;-2879
2769;1555;4500;-2938;-3822;4637
4866;-1726;495
1744;-4292;4852;-437;2792
2120;4589
1126;-4765
-1458;3059;-149;1385;75;2780
1618;3598;4574
-3429;-3527;3309
-1169;1507;4004;2534;-620;462
4672
2626
3490;3315;-4101;-2969;4941
-433;1014
4882;-2851;-3220;4740;4007;-4926
-37;-3702;4024;-4907;-2109
4682
-3661
1057;-2503;4039;-2603;-3453;4062
608;-6
-3041;-2682
1713;919;-2027
-2949;-2806;-3048
-4545;1315;1990;2876
288;1344;2770;-4903;2140
4947;-921;4408;4473
-2487;-185
-2672
4882;-1045;3159;-2441;2809;428
-2633;-1948;-1168
2455;-1128;-4155;-877
1371;4861;-480
-290;-549;-763;-267;-572;783
-4067;-3736
1090;-517;1194;-1133
3842;4567;1946;-588;1771;367
1795;-4486
-1251;-4307;4070;1096;-4700;-3743
-4803;1042;-1544;-2508
-2693
-1969;-338;-3875;-675;-4;2118
-3571;-1142;2395;1227;3947;-1183
2699
1170;-2421;-1456
-4227;756;-1463;-4943
4625;-3992;2984;-4377;2445
-2025;3711
4641;2179;4933;-2780;4892;2157
4096;3239;1164;-3581;-1230;-1999
2194;-2170;1515;-4255
4765
3153;198;1416
3393;-4872;-4552;4264;-1550;-430
4775
-4963;-2293;-4138;2522
-3052;-703
-2549;-4728;3307;3772;-1582;3486
3617;-2898;-1619;-1543;4151
-241;-3908;390
4785
-1714
-1124;-3662
-2066;1219;2067;-4053;3524
4896;-4834;4913;3910
-1218;-2549
1718
-4564;-2277
-702
3774
-1082;4795;1086
3235;1509;1082
-4502;-2570;1244
150;2606
3249;-4628;886;-2587;-4798
-2743;-4871;2808;-3917;4044;-4224
711
944;-2407;-808;-10;-2527
1743
-676;-2388;-4328;4620
-663;4780;-414;-4430
1600;-1447;-3496;568
-729
-1706;974
3586;4312;-4749;655
4112;-2741;-3817;3181
-4083;-2630;1880
4675;-2912
2832;-2091
-4852;4483;3493;-3866
-2534;1932;-62;-3151
-1825;-4771;-1316
4945;422;2758;3884
-418;3211
-1425;-2754;-3330;-3925;1334;-2935
146;3371;302
2369;-3316;3763;2692;-9;-654
-2516;3108;1061;3767;3527
2566;4442;-109
-3831
-195;2166;584;3931;-2655
-4771;546;-3705
-4003;3240
-4860
-3843
2819
-2996;4052;1512;251
2826
-780
1315;-726;-3081;428;2844
-2835
-596;-4135;871
-2839
2948;-486;1033;-750;-928
4952;-491;2762;-2876;2462;-2943
-2374;1930;-3423
4737;-723;-1316;949;2566;-4395
-3060;-138;4796;2268
-3871
1584;239
4896
-1585;-2049;1159;-3455
-265;2122;-141;-4574
4052;3925
3104;50;2147;-3510;46
-4650;763
-819
4018;4259;-501;-1837
4977;-886;1224;-399
-4918
4208;4182;-3469
2162;4470;-4169;2461
-1813;-613;-456;-284;4973;-3663
-1107;2262;1037;-1359
1092;1909;-1832;4599;-2188;4429
-657;-3220;3065;-3103
-3282;-3715;-1300;-4872;-990
-1872
4849;-2566;-3919;-1263
-3994;4847
706;3044;-856;-2040
-3285;3194;-2812
-2643;712;1912;4969
-4994;-564;-56;843;1292;573
-2907
-194;-2214;871;-1450;-3087;3166
3792;1937;2300
2896;578;-2007;183;3309
-1895;4807
-4649;-3386
-1732;3783;-984;4905;-3871;2863
-1233;4161;4790;-2766;3086
-2050;-1704;-191
-1404;-494
-3682;-4838;-4632;-1034
2562;-665
-1491;-4024;1563
2245;-1129;1626;-1517;-3150;1039
-3377;-3657
-4426;1162;4332;846
-1717;3631
384;3136;2386;3;1336;2862
-3351;3367;298;58;3595
-2632;-3898;-892;367
2965
2969
-88;-1864
2037;4875;3788;-398;-1182
1668;3877;3577
-3730;4633;-3422;-463
2984
1619;296;-2410;-3004;-508;4943
4440;-986;3069;2606
-2306;-4151;397
3061;-279;4008;-1644;-4958;751
1895;3147
2529;-3479
-1975
-3000
1906;4822;-3725
-357;-2649
1360;-4532;-1676;2860
1121;3241;3771
4432;2625;-3699;3047;-319
-968
-4041
-293;-2726
-1986;-1544;-3672;-2667;-319
3060;-295;2302
880;-341;-555;2013
1110;-1463;-2058;2794;591
-2000
3344;1112;1945;3868;-4270;-3999
3794;-1747;83;-3733;1305;1275
512;-3222;3688
-2295;-2393;1704;-2045;-2096
-705;850;867;4072
-2357;3460;4516;-3145;-857;1421
3114;-1900;-4544;-1760
-2337;4610;-4292
4563;3731;-1182;2079
-513;1604;-1317;3275
-517;-362;2841;-2666;-1324
-2948;-3077;-4614;-586;426;-4542
-4802;-1059;2867;246;-3384
3667;-2060;-3438;-207
3061
-4086
-4625;3554;1940;-885;-279;-2768
-2232;3247
1348;-4412
-306;308;-2119;855;2492;4908
432;-421;3924;-4426;-2925;348
