-2051
2354;-3911;-3242;-331
1038
-3206;2869;-3775
4519;827;4910
-3105;-1298;2821;1286;317
-3362;-4562;4708;2694;-1097;568
2976;1495;4185;4062;1646
-2036;3093
691;-1445;4645;3368;633;2383
-39
-2770;-4437
-3114
-44
1378;2275;4538;4330;-366;-4943
-3130
2326;-4311;-3512;4216;-2875
-3586;-4674;-997;373;-4490
1927;-301;-4766
2115
-278;-1840
-787;4179;-4167;4009;-460;367
4691;1303;2040;-2844
-2964;2684;-3424;3631
2481;2917;-4584;4378
2096;1092;-2566;-2747
-690;-4930;3346;2579;3870
193;-1331;-3317;248;4940;-654
-4857;-1371
-97;4945;-2085;1412;3946;155
2996;3669;3560;-3642;-2400
-2066;4792;1886;-4704
-2084;-372;-1189;3830;3351;-3628
4837;4476
4353;866
4887;-2168;2503
-3908;2582;4054;953;-3579
-3093;1965
-2065;-4482;2019;3993;2473;-811
-481;-100;-4744;-2972
-4593;3457;-3070
4594;-1507;-1434;2907;-4672
1201;1570;-115;-2544
2304;3952
-644;-4997;-3483;-4941;-2127;2767
2853;2824;296;-4284;-1804
1009;-3174;696;2607
1600;-458
401;-3045;133;4677
706;-587
1168;481;2786;2852
-3017;-3209;-1065
-4613;-4726
-1297;2516;91;4956
3194
1146
-788;-3784;552;3897
2171
-4950;-2344
-2787;2243;-4724;-4078;-3072
2178;-1078;-2598;-472;1118;-1327
-196;3623;-224
1377;-3810;251
-145;-3602;-3142;3238;1644;-3248
137
3506;-4869;-3213;-1711
-3220
-2196;-4613;-582;2121
1171;-3956;3780;-3196
-1633;2811
356;-198
929;2931;1797;-378
3059;-1300;1589;-2025;-140
-3940;5;4729;-4875;-4272
4356;-3962;-4652
2834;-1864;3690;4668;-974
3829;4599;951
1188
-1428;-2789;2758;-3147;-3244;-1532
-549;1740
-5;-3001;-4908;-959;4606
3265;-4291;-2217
-3587;-2742;-394;-2619;-2512;-1632
597;631;-1213;159
240;-4790;-2794
3878;4492
1394;1780;4564;632
2468;-3445;268;-2543
3446;472;-3066;-3935;4287
-3061;-3264
-1765;4389;1609;3118
-3714;-4843;-2653;-1263
3257
-3402;-2928
2033;-4269
-3287;1306;-1790;2559
-916;-444;4620
-1223;1591;4841;-2972
-866;-1650;-853;-2026;-2252;-1759
-168;1691;4813
2960;-3702;-4519;4251;-2256
-2434;2600;4123
-2548;-56;-4139;-2462;-126;4015
3268
2771;-1701;581;792;3899
864;4294;-41;4729;-1631;-3920
4432;322;1734;-366;3295
-2311;1143;-1498;1210;3708
1314;-57;-4841;-941;1247
144;-241;1845;1912;-1407
-4326;-2616;2056;-1467
-4002;577;4709;-1132;-1756;-2701
-2884;1647
1236
1520;-3782
-1666;2725;-2086;3707;2655
3814;2663;1611;-703
-2739;1988;533
408;-637
-4392;-2250;-3227;1276;-126;-4832
-3970;3729
-2804;3146;3995
1991;4396
245
-4001;275;-408;-2256
-3130;4236;2684;77;2333;-3904
250
834;4536
-2300
-4617;4362
2146;-2997;-3114;-4796;1532;1854
2546;-2356;-3783;1847;-3224;1642
-4658;1667;-3797;-4424;2456;1326
-2900;4628;1512;1118
-4905;-2527
3341
-2721;1681;197;4205;-3632
-3925;838;-942;3758
-177;-1707;4204
-1650;-2132;-4206;-2528
-4536;-861
3571;4793;4203
342;-2761;91
-2691;-1688
2416;2931;4159
-2340
419;136;2474;-688
2576;-2402;2434;4711;-3952
-2260;-2135
1649;-2972
2347
4288;-2377;3068;60;1932;-4622
753;-2082
2995;1961;-3627
-2891;4222
-242;4273;1634;4263;331;-733
-3385
-3905;-3560;-1053;4109
-4504;1977;-3098;-922;-2044;-942
4226;3259
4098;963;-1670
-429;2078;3791
706;2263;3801;350;-1679
4387;502;1992;-2464
737;3473;-882;-3893;4377;2653
-4961;1157;4869;777;-2283;763
439;3979
-3537;2865;-1752;3930;-1708;1548
-3697;-4389;-1598;-2927
-3398
-4693;-3637;-3879;4281;-4687
2066;1862;-391;-3710;-1182
4432
-3652;-4907;2621;-2671;-1968
1847;-1915;-4368
4649;3882
-1731;1976;-570;-15
-3489;-3107;-3941;25;-2122
2672;4841
3216;-2866;2869;1302;-169;93
353
-2679;-749
3043;-4327;4265;-4363
81;472;-912
-367
1394
-371
3714;-3908;2759;-2056;2935
1008;-2933;1687;-2188
809;-602;4268
3216;4920;-1613
-1543;-1978;-1981
-3491;-1945;3006
886;520
134;248
-2481;-485;-1707;2235
-1635;-2309;-1350;-3292
-395
2443
-4693;2854;4263;-3817;-29
-1464;1095;-3104
-2449
-930;-4614;582;1498;4091;4894
-1233;1696;641;3574;1101;2814
1388;-1791
4035;54;2406;-4414;-654
-1683;4471;-1691;186;-1262;4479
-1396;4372;1686;-4329;731;1389
2455
2487;-3483;2427;-3888
-21;1453
4771;1783
-3893;-3205;4631
2064;-4407;-3197
-2018;-420;-3958;6;-1888;687
-177;1857;4891
4801;3811;1061;1174;4743;2248
167;-4009;-733;1071
4151;4473
-433
741;1191;1212;3549;365;2590
-2682;-2428;-445;-462;1487
-2937;2841;217;-555
-2883;4005;-3527;-78
-4340;-3004;2094;2766
-3561;-4047
-3515
454;-3066;-4972;-1404;1871;-1520
-3518
3518
450
630;1871
-4468;2168;-1065;2908
-1189;806;-2124
-4147;-980;-1877;-891;2315
-462
-4;596;-4101;-2725;4553;2142
-3995;1485
1638;-1143;4250;843
1297;-4438;-3358;3982;2046
4569
720;2947;4646;-3739
2914;3709
-1940;-4486;3430;-268;4956;-3199
-2118;-1063;-12;-4460
-1510
4150;87;344
-4915;-1285;2292;-2586;3161;2844
-1891;3074;197;3798;-3655
2920;-3422
4112;-539
-2931;-2693
642;953;458;-1147;3435;-4845
-3349;-2213;472;2444;3150
3387;1213
-2360;-1641;-347;-4352
-2676;1253;-3258;1578;4636
-4978;2678;-266
-2597;-3623;-3128;2685
1457;-4435;-3796;103
-3202;-1730;4402
98;-388;2874
-3612
-4091;476
2705;1889;-4051
-1105;578;4584;-2490
2768;-3314
450;-2021
-2434;1282;-597;3796;2663;-1086
555
-206;-463;-1504;-432
-1137;-1468
2832;3761;-3155;-2878;3070
-1652;-4116;2314;412;-4686
213;-4871
561
-4533;-2856;2375;-2716
4658
3924;-1158;-106;-2459;-3839
1016;1577;-282;-251;2235;-2703
2620
-2595;-3098
946;-1892;2547;-3199
1463;507;621;2079
3314;3140;-2057;-1433;238;1470
177;-3613;333;3679
3415;-3483;4571;172
-1603;-3673;-426
-2337;3601;1186;2820;-1098;-3581
2608;3746;2758;-329
-3668
3792;-4391
-3166;-2560
-3717;-1387;-1648
-4177;1301;342;-1497;2857;4860
-2379;-4380
4713
-4003;-2005;-3771;-1436;-4063;-703
4851;-1110;975
-4273;-530;3073;-515;887;-1311
3695
3090;1630
2192;3012;-4908;1116;1005;255
1840;4099;4359;-3291;-1308;3119
-1553;198;-4153;-411;1196
187;-1806;-2256;-3920
2288;-4963
11;-4735
-630
4969;783
-3709
3709
2390;296
2048;-386
-4740
-234;-330;876;-4029
-3673;2797;-4607;-4383
3873;866;-3112;2024;-4302
1904;-4755;-1338;-3631
-2913;-34;-3907;4263;-4207
654
-2721;-2030
4544;-818
-22;-4680;-3625;-1548
4393;362
3731
659
-3907;-3157;-2813
-1688
-1043;1708
-2210;-1524;4739;-3719
1693
3411;-693
-2488;4859;4446
-676
-4772
677
-1174;1852
-680
4433;-1077;2153;-3804
-2101;-4727
-4197;-2263;648;409;3469;-800
776;-1469
2080;-1401;616;-106;4623
-50;-212;3005
1795;-457;-1835;-589;-4221;-511
-609;4545;858
-4660;3877;-2392;1577;-4222
-4680;1513;-2394;2809;317;4158
1872;-3751;1622;-1468
3330;-3427;3871
-2675;2643;614;-3498;-1883
672;-948;-3982;-1070;525
-738;-2920;-4250;3103
3785
3907;-4623
-1635;-932;1640;4717
4819
-4952;1928;427;-176
-3797
2817;262;3593;-3437;-461
-4693;3351;-2281;814;-2991;-4144
1216;2177;-3140;4516;-969
3280;4465;4642;-1644;-4045;2222
729
3986;4826;2572;-414
-260;3028;4055;1079
-1010;3321;1497
-1761
-742
-577;325;-3567
-1269;4955;2315;-2366;-4384
2928;3966
-1985;2291;445
-1777
151;-3753;2746;-3996;4157;1453
2503;-2380;1165;494
-4018;-3907;1469;-2495
-4477;-3455
2017;-4830
-4209;-738;3428;4459;-128
-881;576;-2508
-1790
4806;-2344;680;-2587;-3371
2097;4738;-944
2928;-4100;-4330;2777;-3168
4112;-3171;758;-2473
-3649;-2817;1916;-2368
129;1062;-4015
1481;-3564;2859
-3851
-1972;1683;3686;3726;-4143;-4784
2889;-1085
-337;1556;2823;4668;4940;3517
1600;-2452;-3021;-3055
-4883
-1813
-3300;3252;248;3497;-1915;4127
1361;-899;-231;-3071
-196;-1687;-2135;-3945
-3870
-2774;-615;3254;3288;3788
2112;3540;2405;-2919;2830
3874
-1029;1364;523;-4382;-2400
-4055;-3512;-4810;-125;-558;3039
-2050;-2371;-2949;-2653
-4035;388;4455
-2323;3619;-2872;1049;-4157;-2270
2049;-2853;2293;2749;4766
2723;3267;4039
355;-3381;-4202;1257;-4060
-3073;2594;-2710;-1980;-4367;-4591
3895;872;-1901
-4805;582;2471;-4985;1819
2874
3922;-2965;3029;987;1997
-2807;1977
2881
-3413;-3567
981;-4070;2102;4006;2936
1248;-276;-4886;1478;-2024;552
-83;-1493;4997;-1049;-4477;-4879
-4086;-1143;-732
3914
1778;-4294;-4266;-1995;4862
-1953;-339;1811;1326
2674;-916;-2022;1113
1873
2576;-4706;3221;3286;2221;1423
-4346;-1918;-735
-3395;659;867;-2058
2309;4774;2298;3775
-1237;-1686;-2182;-1879;-1417;362
-3636;2116;2741;3495;810;-559
4339;3028;-3162;3356;2526
4772;4251;44
-129;-4063;239
-1425;530;-535;-3897;1373
-3426;1955;3882;524
-4963;3460;1836;940;2686
-1896;1007
1568;1172;-1530;4799
890
2658;2386;249;2766
-2179;100;4981;38
-3543;2648
2946
3495;2988;-3534
3440;-4473;125
-2916;-1621;3877;1030;-3328
-3889;3412;3640;1480;4620;-3232
-210;962;-3876;3208;1868;-2864
4901;-3290;-4576
-2965
-4102;4486;-4377
-2548;-4152;-2363;-3371;-4879
4272;3224;4556;-1904
-2982
4005
2852;2794;3485
3841;4600;-4476;-1197;-4735
-133;-1688;1464;-4683
-3586;-323;-3668;908;2653
-297;4507;1854
-2132;2917;1765;4230;3385
-4674;4803;-4101;-3845;-2348;2046
3682;3427;-245;-3830;989
-4024
-1668;1397;-583;4878
-1980
2208;146;2964;2900;-1436;2366
-819;-4821;-2775;1194;-2684;-3342
680;3867;908;-399
2097;-3508;1478;521;-3567;-4128
-1431;-4124;-3600
-276;2265
3013
-1993
2242;-4660;-125;-4574
690;-3032;1882;3483
2275;2814;1007
-2851;-3350;3174
706;136;2283;1949
-4579;1546
4061
823;-4984;-3243;1293
2452;1558;-968
-1861;-502;4826;-348;-605;-512
2785;552;923;-2317;-797;2927
3696;-3860;-3911
-2385;-3742
-4974;3022;2959
-338;-2324;3468;3277
-499;4802;-2627;3290;1819;-1677
58;-3503;-1664
2037
2658;-3677
-1021
4093
4310;809
