-3073
-2853;-2523;2302
-3941;-4941;3759
2000;3251;1094;1675;-4942
594;-84;-520
-3378;4658;514;-3852
-2132;-2999
2544;-228;4166;-4807;1287;3197
3688;1449
-3571;983;-216;-1310
3136;-840;4892
-3860;-933;-4730;-4253;2301;189
-1281;-1187;2492
4529;1642
3973;152
2272;-3173;-1532;-3663;-80
-883;-1637;-2011;4493
1414;-379;1052
-3928;-1416;-4617;1726
-724;4052;154;-1243;3947
-419;-740;-292;-823;2375;4041
-391;-3258;-496
3122
338;-910;3694
4161;-3412;-1077;4475
928;3991;1517;-2288
-2579;3267;-1879;-78;-3711;3903
2802;-1189;4916;-2022;-3431
-2839;-4569;-730;-1658;2110;-560
-1079
-3846;-3431;-4987;-4176
643;2484
3128
-4499;1958;2299;299
-1330;3570;-3430;1247
2106
-3651;-1764;1259
-2114;-2885;-2470;2709;806;-203
3746;2413;1071
4711;3544
4294;2216;-4398
3143
3488;4215;2601;-1131;-2957
2121
-4485;4411
-2123
-4034;1604;-2811;652;-2655
-4435;-485;-2650;-3772;749;3343
305;-4644;-1887
-4341;-4246;822;-2551;2744;-2752
-4183
-4579;-2186;-3563
3905;675;-3722;171;-4192
-3729;4883;3333;-2348
4384;880;3257;4682;1228
-2196;4788;1146;-1740;-2542;4735
3168;-4288
626;-648;-2123
1267;-1477;-1990;-1995
2498;-2085;4052;-4189;3918
1969;4229;-158;4766;-2512
-3538;230;1510;-4359;-2936;1820
-1800;-1032;-2984;-2585;1529;3693
4848;-1349;2168;-4409;-2398
-169;2335
-3939;661;3030;-2875;956
1143
-1685;-649;2206
4224
-4595;1828;4820;908;3311
-4225
130
2899;1327
-2322;1137;-3720;424;477;-2272
-4427;-4923
532;-2775;3174;231
-2547;485;-3199
4452;809
-3427;-3383;523
-4755;4420;-2880
640;-2068;2904;-2953;4697
1424;-1170;-594;490
3554;-3287;-2953;-3434;-175
3224
-1332;-2724;-1001;426;4477
54;-3576;74;221
-3683;3619;-2144
2289;-1716;-1070;-2735
1063;2169
1341;-4575
1059;-1237;597;408;-2014
-3094;-3319;-2698;-461;-2880
-1192
1185;-1848;-111;943
4144;4921;-4800
-171
-2644;-1574;1369;-2653;-816
-396;3166;3550
3206;1067
1465;-3695
184
-1210
-1212
-1633;-1212;-1535;-1199;1951;-2704
4791;-3305;1368;873;875;-4414
-641;-630;1223;-1212;4524
1536;-852;2580
708;-3814;2632;2718
3985;-3061;-422;4294;1546
820;-4710;-1432
4848;1248;-2050;3490;3572;-666
-3751;-4652
219
3632;-2468;-4341;4425;1020
-3779;-2587
221
-3929;2795;911
4565;-3510;-1243;-4395;1419;893
-1250
-693;1205;-2040;2778
2658;-200;936;-96
1607;3017;-3930;4652
-4404;-4016
1185;-978;2406;-2842
1252
4608;3008;-945;2979;-3094;3912
4184;-3196;4365
-3009;-3843;-1577
-4514;1970;1365;942
3105;1974;282
-3921;737;-2182
4341
-3021;-2029;-3391
-4216;3902;-959
-2730;4057;-1578
3481;-2205
-2302
-2243;4105;3513
1862;3031;4825;1805
2307
-355;4151;-3534
2019;292
2320;3248;-114;-802;4083;-1302
2066;-4382
1638;-2297;927
2512;1969;1527;-3384;4815
-3642;-2715;-43;-2064
-4372;837;-2536;3915;3452
1904;-1843;194;4114
3233;4209
1378;4262;779
-2327
2375;-4415;-4911;2575
688;-4979;-2295;2630;2168;-541
4743;-3898;4988;-4528
1236;1094
-1311
-2791;1479
2756;2654
-675;3076;-1258;-4877;-2621;942
-2342
-2033;964;-4680;2110;-3824
3226;4238
3872;-1331;830
-178;-126
3543;2137;-4351
-4564;-886;2104;-1785;2877;3583
563;-3685;-3927;1338;285
955;3981;4125;1982;-4592
3907;2548
-4296;777;3434;4494
4513;2850;3704;-4650;3019;3167
-23;3510;-4829
-1348
2114;4794;2283;349
-930;4850;1831;1516;-2975;-895
-201;526
1521;4788;-1898;3049;-4222;-2910
-450;3037;-1279;4143
609;-418;1011;159
4433
-891;-172;1406
3415
-1364;2327;1242;2235
-1587;3980
-4355;4531;1235;-757;717
-2962;-4530;-373;1428;4148;-4208
-513;4753;-1572;-1291
-1030;311;4169;4202;621;-1775
3888;-1486
2402
352;4823;1980;-3919;-2879
851;4596;4855;3657;-2477;140
-3138;2691;-3159;-4263;1752;638
-3410;2053;906;634;-2592
361
1424;3474;4680
1217;-1748;500;-938;2014;-2432
4021;-585
770;551;-3353;-1931;3597
-1407;-3055
2352;114;4906;-860
-2421
-3719;3574;3835;4877
-2450;-4546;-236;-2366
-417;-1794;-118;-1980;-172
643;2805;-30;-1278;-3551
4612;3479;2059;893;3086;-4527
293;1015;-1048;-3722
-2113;4564;4085
3619;-3156;4342;-728;957;1503
-1034;1723;1805;1806;2239
3468
209;-2661
-3477
-4501
2433;-2486;2746;-1053;-207
2458
-2371;1286;-350
-1909;1476;2894
1620;-4709;1687;-3097;-2059
-1502;4685;334;-1056
4192;-2261;3527;3147
4720;-38;-1225;793;-1788
-1826;-3291;1082;-3550
4401;-4535;2603
-2515;3411;165;4309;70;1127
3760;3073;-420;-2469;-1470
-2034;-3493;4281;1261;4511
-276;3779
2858;-4317
-2485
208;2532;-263;3081
4539
443
-4033;-798;591;-304
-1472
1187;902;-2105;-3916;365;46
2673;3507;-3509;-2757;-365
-3061;3272;-3003;3244
980;-334;831
2583;-3040
-883;-1624
-4227;4856;1787;-1296;1391
3045;-395;-1163
-3026;1932;-2447
4343;-3658;618;-1773
-2520
1824;-3896;2748;-4479;-768
-3265;1156;582;54;4376;-1403
2768;2275;1577
-3074;-3859;4264;1164
2090;-4622
-841;2350
1267;1540;3493;4236;-2880
3184;2034;-870;-4214;-2123;3501
-97;2391;-4125;4367
-306;-4292;-2309;1110;1659;-4543
-4562;-164;2188
-4011;1469
-3910;-3754
-1412;3765;517;-1596;-2957;-3935
3571
-2930;2341;-4346;-955;3341
-1527
3579
-3584
-4536;-1227;-1917
-199;3784
-2946;4049;-3012;203;-4960
-739;-1835
4983;-1848;-4685
-2574
-4370;-1315;-3956;3558;-592
-2579
-54;359;-777;-2109
-4867;835;38;-2668;4172;-93
-2931;-4099;4307;-3956
2692;3046;-1993;-4170;-4208
3808;-1463;3499;-3260
-3873;-1784
-2824;4808;-3773;-4430;-464
539
-2849;-196;-156;-414
-3620
1572
-865;-1081;171;-828
-1581
-2979;-2473;-3707;3611;4991
-4580;4615;3369;3755;-317;-3213
3744;3554;-2645
-2849;1925;-4138;-1646
2614
923;668
-568
-3732;-806;1510;-2823;1240;968
-3138;-2515;-2563;-1925;1373
-4418;-184;-1050;-2795;4795
1888;-4515;1513;-2733;-830
4518;-3191;-248;-3417;3951
4688
-2609;-1506;-2127;-3568
35;558
-2151;-4779;2110;-4992
-3826;-4421;-3190;599
-4977;-2002;-3251;1779;2676;-1994
-4698
3399;-4571;-491;-4059
-3284;4714;-828
-2296;792;-3693;-1806;-1792
-3634;820;-1591;1753
128;4448;3645;367;-4912
-31;-4127;2526
-1992;-3741
1408;-2290;-728;-2077
-35;2868;3705;2315;-4142
-1554;3261;3005
-3107;850;-76;-4908;4574
1328;-4642;3933
4369;-676
622
1424;-3159;-2987
3397;3688;1083;3564;1838;-2704
-881;2103;-90;-188;-318
-4673;-4147
-629
4817;-2139
-836;251;3263
993;2119;1289;2713;1660;-4047
901;-1727;-1856
-1658
-4193;-2389;1269;-2491
2272;2462
2691;3067
-3411;-2883;3160;3980;-1486
-3306;3945
1669
-3724
-1031;4342;414
2130;934;1689
68;-2728;-2094
-433;-4610;2946;2547;-149;2406
-531;-3530;-570;-3837;3708
870;-4537;-3289;3785;1483
-4082;2394
1922;1092;1637;-3984
320;-1302;-1291;-3883;2414
3251;-1413;-341;2535;-76;4907
-4566;1846
-2642;4068;3432;-3452;-3039;-2112
-370;-2883;-2085;-2325;1725;2191
-3748
2324;-2701;2526;-4848;4399
4346;429
2674;-1332;1957;4554
-53;-3159;968;2536;3066;1423
-2070;-2777;-960
3758
818;2343;2600;184;-138
3611;-4300
816;-4611;4488;2717;-1696
-3697;-4776;-76;-3406
-682;-2478;-3854;174
3429;2678;1758
-1058;3560;4250;186;-3168
1722
-1912;3688;-650;1484;-3310
4324;665;-3264
-703
-4804
2865;2263;-1897;-2346;3886;-2016
-962;-1331;-311;-3216;-4112
4091;-2348
3409;50;3628;-4669;-1695
-3797
-2778
-1537;-3461;-2682;2877;-4128
3905;1796;168
3376;358;-1961
-2802
-177;-690;3668
2247;4651
755
1783
2481;4673;4871
3958;-2171
-1349;2086;1050
-2815
-1650;-2275;-2791;3900
1920;3076;-4734;510
3666;-984;-1402;521
1200;-405;3054
-341;-2394;-2779;1437;-799
-2641;1056;1858;1533
-673;-978;-168
-4385;3110;-544
-4659;-4331
4625;3341
806
2384;922;1599
899;-4473;713
-884;223;-1184
-1299;940;3228
-1812;3157;-152;1676
3060;4644;-245;4629
-4744;1704;2136;-3003;4732
3281;-1699;725;3639
2608;992;-3443;-588;-3612;-3952
-2880
-4113;-2482;2424;-458;-4925;-3568
-1691;-1087;3615
784;-1623
-20;1180;4510;-736
-3912
-4102;3158;-3997;-3070
-2051;-2235;-2702
-1762;-3763;-744;1452;-2175
4945
-658;-4290
4177;3427;-3051;2443
-3928
1488;-3370
-2039;1180
3456;4937;-4460
-1716;4311;2599;2968;2943
-3364;55;-4137;2970;2799;4591
-1891
3047;-1898;-1610;-3387;-3163
-4485;-2229;726
3939
4113;-4530;-2332;-2224
-1902
2802;204;-1998;-3934
-1505;3428;-1720;-1868;2543
3779;-2276;-3430;-2856;1854
1909
-4984
-1812;1878;4378;3851;-2732;-3647
-1829;4889;649;-3659;3292;-4237
1921
-2227;-2768
-1768;-4251
-818;-3017;2009;4777
2740;-2487;3723
51;-960
909
-2290;-2499;-1243
-3346;4708;571;14
-928
3400;-3290;-2843;-3707;-1660
1481;-1807;-1631
-1954;3592;2012;-2077;-4830;-4846
2321;3906;-3320;2127
80;3894;4426;-4477;-4864
3298;-2355
-4876;3931
1283;2733
-4369;3315;872;905;-1514;-1179
-691;-1280
-4561;3613
-3458;3497;-4060
-929;3025;-2280;-734;-2079
-1427;-4374;3959;2266;-2988;589
2196;4182;318;3471
-884;4646;-2810
960;-4644;-1594;-46;-751
3904;-3186;4812;-1503
-2113;-4820;4869;-2919;2999
-4038
-3015;-2024;4039;4062;-2911;2863
-3015
1991
642;-3379;-2603;-4061;-4880
1996
-4721;2450;2517;-823;-4524;4125
4049
979
3682;-2746;2093
-4131;916;-248;-3664
-2789;-4984;-587;4844;-3613
4176;-2402;-2371;2236;-655
-986
-2666;-1392
1120;3760;612;-411
-2469;-3541;2970
-1829;3304;2590
3511;-4248;3896;-4412;2395;879
-4755;-4308;-806;1688;3978;-1916
-4803;-2246;-2144
4073
4385;-786;-4202;-2123;171;525
2608;4101;-1224;-3194;4861
-1827;4759;2443;-271
-1542;-3566
4213;2711;233
1924;-1561;3305;-2124;-3584
1458;-3336;2893
4704;-1539;-260;1183
-162;-306;4557
-3893;2197;-1370
-4049;1655;3991;-3162;2586
