-884;4;342;-745
776;765
929;-874;345;-379;-796
-265
-577;-708;467;281;525
-134;119
657;-547;-728;89
532;52;-6;151;56
321;-243;948;-358;-393
278
881;610;105;762;-542
-598;-807;-413
-834;-216
-609;840;-861;-943
242;-973;-335
-21;-184;-376;-746;767
676;679;232
392;-702
-498;872;457
792;-667;-523;-844;-126;-239
-291;-59;-190;-303
656;-401;913;482;-184;-878
-691;-158
80;339;-152;-138;-270;222
-641;600;360;905;138
-851
-851;898;824;-957
-275;877
-945;-2;-24;878
-116;-5;456;-410;686
-146;-167;-44
580;87;168;-922;-399;-383
360
886;632;123
242;-340;974
832;-874;731;700
609;-290;194;902;349;397
385;694;986;-926
635
-434;449;642;494
-38;697;493
771;-841;-830;-895;-127
-806;215;200
904
338;-132;698
-674;812
130;-502;766
512;-930;980;-807;-219;-188
-561;993;-437;-422;822
707;264;-973;911
-291;-108
581;41;-204;236
-400
399
-305;-792;-825;-16
-950;-223
-55;-472;-395
666
520;-107
884;230;-392;347;-556;669
476;-317
226;452;-87;619;-12;-270
309;-729
-935
550;-719
98;-900;-649
-683
-423;42;205
995;-824;-892;286
-629;-320
-657;619;-351;-48
930;-724;-200;-186;-122;-141
-801;530;973
-723;-246;-182;342;360
948;853;-809;-286
-615;-375;-183;711;-299;957
656;384;320;-305;-874;-378
977;859;124;798
467;-38;-74;-560
-719
-385;416;614;780;-958
-982
257;-690;-899;628;442;45
-18;-328;184;-490;666;461
465;-851;-682;106;-32
-611;946;179;99;874;-494
-531;-855;167;-288
378;-862
-306;866;440;138;-508;-144
151;939;908;29
995;521
-977;775;-232;808;698;445
-257;692;814;334;191
-225;-242;-675;787;-476;334
737;-707;-756;-32
967;302
346;155
757
-252
-915;-884;100;-758;37;630
-243;-325;-456
