643;-265;714;590;879
343;506;268;-496;-880
-823;-799;-432
-97;690;451;821;805;408
468;-885;36;-651
-645;-603;-299
-524
242;518;-492
-689;419
934;-27;-78;-48
14
-839;-473;-635;426;222
-537
-797
529;-895;-431
-258;195;611;404;789;-686
592;674;932;188;670;-720
-105;908
-560
816
740;-167;105;797;877
310
-628;804;-75;-928
354;-38
-596;278
-887;-346;143
-737;483;-997;-678;261;-702
-328;877;543
-71
144;945;388;8;892
-114;833;-359;-472;-877;-110
-609;276
-725;-840;718
-178;467;-614;-830;558
229;-678;-778;-139
817;594;50;-551;74;-640
68;-709;326;-382;-416
753;18;-868;-152;-970;106
-545;672;-399;-335
-614;343;952;744;-813
-22;-55;-120;-840;-988;-639
-362
361
496;-33;-650;92;127;79
-660;-567;-169
-150;-167;295;714;-285;479
149;728;9
564;-216;-733
-373;-629;441;-460;12;367
149;-537
644
129;520
-126;-783
-399
964;-103;-156;462
565;679;984;586;-623
769;-368
224;66;806;-361;-585
200;793;-139;-748;-272
679
962;518;583;359;-894;-847
681
-947;-855;87;-766
690
484;980;-854;-682;-780;158
-642;450;853;251;62;-16
102;247;428;348;605
-473;-41;477;-414
544;369;-83;-425;906;-91
-449;130;-246;822;-58
-459
-724;516
-6;-459
465
357;-348;-733
368;244;6;-831
834;-131;-740;986;254;-223
39;-937;298;238;-367
528;449;-211;732
-913;-981;55;-890;910;831
993;-4
991
735
435;85;-214;502;953
-308;966;711;138
-408;-125;46
-744
-581;470;-135;954;27;524
776;-540
-497;-618;363
-181;168;829;-320
-33;306;-373;-400
-374;-638
-756
801;-18;230
503
506
180;838
662;-155
565;-265;-652;605
-18;436;618;-782
