-777
-657;996;233;-508;972
545;492
783
-868;857;538
817;482;-768
-851;-681;-428;-831;190;-240
541
-643;435;755
322;579;-406;743;-432
-98;906
320;-402;789;346;11
273;114;-452;932;-570
280;536;252
-826;524
-956;476;-79
-372;-613;-989;956;749;222
-563
422;654
-344;-222
824
-178;235
179;-119
-42;331;397;-622
976;-34;-807;443
68
931;900;-330;621
-316;556;-878;-975
-490;844;-432
817;982;585
67;-389;820;-614;-488;10
976;900
-113;913;821
-948;-917;184;170;142;511
-881;-756;260;-443;-955;892
-658;4;-613;407
-401;869;-120
714;-542;-302;-80;559
-376;730
977;388;487;301
498;853;473;12;574
833;-579;-454;649;-814
-549;823;-266;41;250;77
633
635
736;-945;-612;185
309;997;-311;567;903;223
528;-722;294;-345;379
-760;-749;845;799
656;-515
-675;-455;-185;968;204
368;410;475;-669;349;749
817;786;259;406;695
884;-762;252;287
-135;778;-237
-690;-506;-779;-992
151
-897;-642;34;774;-475;27
-337;-996;-552;-425;634;-271
165;-40;458;-173
-211;21;-893;-352
809;634;907;781;-415
-925
-246;152;-731;412
-103;235;652;397
384;322;212;-246
592;133;-571;-684;109
775;-845;-95
65;-5;892;749
-364;-573
848;434;931;-429;-592
429
-435;932;-678
48;-833;-755;-381;380;335
-227;595;-518;686;927
500;981;10;-796
976;243;-265;-512
955
-551;-968;-463
-916;-120;77
6;-716
224;883;-653
611;805;-726;-891
433;-627;-740;-490;777;-847
-952;-672;-896
-216
369;403;469
484;-8
-734
-516;-517;-728
-583;-775;267;653;-559
177;994;-566;283;622
-758;318;927
-674;621;542
-337;241;291;23;200;586
-849;470;666;-782
495
416;-258;-664;748
161;-583;889;-124;-782;-318
-36;893;30;895
899;723;394;427;-909
