995;516;30
867;37;-520;-797;-365
-469;967;295;-782
-961;974
608;-338
-728;999
-534;261
-67;-984;-504
288;273;-122;-459
112;-886;-783
-88;-702
23
283
285
798
-302;285;815
144;399
960;352
-449;-914;899;428
-69;648;-777;-351
-994;870;-958;782
997;70
44
437;-806;102;222
-50;993;-374;-935;924
529;-226
-424;183;-671;334
-437;-918
-690;165;119;-508;-702
707;-789
81
434;900;244;363;894;831
224;-140
822;-736
-258;804;313
-323;67;697;410;13;-512
-197;664;185;-621;-640
449;773;119;778;171;622
721;278;392;-268
330;-224
435;-798
-624
-22;53;890;732
-596;-790;-646;-598;214;-12
-804;615;-489;-541;924;-861
902
-657;562;50;375;829
-410;-496
582;-186
-677;790;681;-891;-816
388;-138;-763;-144
-353;433;-745
593;886;408;570
707;-861
278;647
-753;595
434;426;-62;-910;-47
770;150;794;156;-942
-321;706;276;-201;-621
-417;-306;-971;253
-309;728
530;-426;572
929;548;-600;824
-418;595;565;-938;875
625;315
-688
-210;-534;763;11;-463
-884;-405;645;568;716;-463
-65;-595;-693;-791;171;-509
-691;-768
500;-501;6;-604;237;543
576;-132;566;585;-798;-96
-513;96;641;994;350;671
657;1;354;-339;-36;581
948;-941;189
-837;-806;296;349;542
-419;820;-919;396;-336
-402;-950;382
806;-348
-101;1000;329
-866;195;469;-919;655
211
-562;-72;-864
-418;-579;-933;808;-171;-462
-785;-957;-270
-8;-380;-348
865;894
9;-443;-559
997;937;907;524;332;-399
-433;561;-467;-552;-458;-416
676;68;-551;-796;652;-287
-482;857;380
898;535;92
501
-771;759;985;-603;-123
948;405;278;408
-692;438;872;14;-128
-693;901;186;-332;957
930;858
-673;385;34;725;247;302
508
