433;290;354;444;-239
-51;979;-868;-575
-5
739;371;-341;-695;956
380;910
-535
809;157;-430
-482;-708;-827;-572
28
288
-399;110
905;715;-268;700;-927;-831
-756;-331;-221;-109;-672
-385;-171
-402;-628;-566;-201;-650;-413
-114;-995;-324;298;-366;943
814
-418;-948;294
938;-799;-960
821
401;706;-611;-552
-210;-907;-733
449;865;-506;666;635
112;-185;-332;-44;-381
-834
-449;850;-820;-744;-954
978;263;264;-478;-959
257;-22;603
-967;807;88
-841
-363;-334;-656
-850;674;996;-806;-344
-546;-18;3;891
855
-861
-193;-578;903;-409;-202;827
81;213;954;-640
599;777
-404;-985;427;94
441;764;-847
-212;-378;-411;381
468;709;504;989
-627;-774
-524;-368
-865;416;879;-304
-127
-67;-61
900;-16;207;-448
211;-219;-637
-467;963;406
-395
-470;326;-776;-763
752;-357;-967;-328;-155;908
-403
293;-144
354;-902;701
-709;-217
193;277;341;-350;-303
926
-932;-468;-301
855;-426;649;-670;13
-636;379;236;958
992;883;692;-350
-588;-607
116;618;-476;939
-687
-433
-945
-69;517;949;60
177
-753;3;-151;247;954;-480
-598;-96
144;-323;187;493;-239;175
406;647;921;-221;989
912;-866;562;101;8;-906
-260;-375;43;-366
819;137;-539;-222
-49;-403
256;-930;-629;-827;651
-770;-516;360;-45
498;-790;-679
245;-263;838;-408;-873
973
-721
-632;159
-353;738;-355;-458;381;-686
-257;385;350
-82;-70;22;-952;-857;-846
-933;-279;-42
742
-488
672;-183;615;-312;-573;269
-485;120;456;-617;-475
897;-293;116;261;-311;75
466;872;431
-565;711;859
354;-804;394;-667;-542
948;573
-822;-486;298;252
944;322;-250
704;-773;-950
