-376;-554;108;-541;-431
516
917;111
-883;-679;-171;702
913;-869;119;-793;622
-740;-825;-458;394;-175
784;164;-343;-664;170;669
149;-72;-62
709;489;-669
-530;-804;952;553;-191
661;646;423;-331;156
502;-170;603;-974;319
-161;-418;550
818;-565;886;-778;-171;-988
-900;-551;-875;490
18;344;-731;-781;79
583;776;-329;523;-736
947;420;-729;890;378;-62
-50;-790;892
241;130;998;246;55;-592
-225;-953;92
962;770;277;-234;781;-191
-714;-414;685;509
545;215;217;-446;-464
246;589
16;697;-239;-800
69
335
-274;-576
-305;613;-521;-366;-528
32;-631
242;870
-241;855;-219;974
484;485;-457;603
608;379;-640
80;503;-760;300;-30
-280;123;253
-887;-492;-701;702
-182;-135;406;-702
-873
-691;-1000;-464
-594;261;919;905;157
-532;904
-119
-677;298
-382
129
416;852;-135;439;-412
481;548;-839;-491;298;910
-641;-33;417;916;762
977;-618;43
405
-882;311;-153;683;-862;-783
917
155
561;-403
933;150;458;-607
-995;-535;-907;222
-785;-738;-965;999;-714;-13
-85;423;600;-249;921;349
-68;-310;-119;217;959
851;516;-78;-671;62
-900;-38
-643;-41
388;774;-775;-407;-781;-653
896;529;257;469;730;365
192;751
739;568;-922;302
-694
695
209;612;-999;909;221
-242;-457
339;-421;-282;-764;940
-17;230;490
-545;370;367
-899;149;-982
656;-788;-868;-893;927
135;729;-10;-685;509;-224
455
-202
-100;-903;-992
20;-991
176;341;967
371;357;-954;-972;478
210
-312;-669
356;-264;936;-46
87;649;441;319
753;444;46
-564;-484;-709;-1000;969;799
337;1000;889;300
835;904;-237
482
-225;631;588
626;-155;-269;799
-490
84;-359;808;537;-576
-817;-342;-184;911;-576
-962;36;-861
766
-695;807;143
