-746;-90;318
-83;-116;357;775;472;-366
22
848;-741;-216;-684
-27
812;-510;-431;190;223
-259;-505;-330;187;877
-81;-725
-38
273;-483;-761;877;61;846
162;-499;-661;613;942
-148;532;-438;-8;-764;268
723;-949;-333
179;248;-923;-831
-559
451;-439;-828
-817
-50
821
-481;-388;451;-186;-62;719
995;-965;924;908;-237;-541
318
-713;957;893;430;31
80;68;-791;71;139;-143
244;-582;615;-72;-141
-26;317;799
326;255
-583
70
-231;559
899;292;151;521;300;-31
-770;677;-150;662;-1000;-16
288;-642;578;-541;-333;735
-787;546;852;-310;565;-12
515;-6;-857
20;335
614
-361
-38;999;-585;-14
-406;-154;-237;-592
305;-891;251;955
-883;-435;214;-58;28
-197;885;-557;748
-901;357;173
885
-127
-635;138;-399
-662;374;-346;-299;28
-357;132;-424
-905
-309;486;-792;-554;-861;-158
-130;-342;-953
370;851;-934;710;295;-123
-916
242;-26;700
848;838
933;614;-695;-700
803;659;-200;-556;45;-910
-930;-954;956
192;372;311;487;-125;-814
-99;821;695;-843;875
819;-553;-985;808;-10;858
-483;-392;-576
-706;-627;-346;220;990;639
-961;595;-121;588;-528
-178;965;-315;-45
324;622
-954
903;-491;-909;-462
129;-517;-810;750
867;309;-729
35;-934;-408;-411;-781
-421;-231;215;888
-65;64;432;-915;942
64;116;-293;-350
262;-9;201;538;494
321;915;-791;983;-633;-586
-265;-891;-848
-980
-865;-755;375;343;91;-174
984
-478
922;-219;412;-638
735
417;836;-346;-427;-255
51;984;-683;-700;830
-1000;-766
-835;604
-838;-151;506;718
706;-565;350
-314;460;637;990
493
547;275;-327
-65;179;381
-51;-574;-895
-282;-395;-847
985;-603;170;235;-31
-86;-416
836;-74
272;-121;825;45
-624;-144
