-849;-706;372;389;-743
178;-917;-934;-634
-118;-713;61;334;-591
-772
834;-595;261;-509
640;137
526
273;-711;-615;237;287
530
-37;36;283;-941;383
-791
5;597;959
740;-842;650;-830
-660;-903
283
945;-406;534;-297;10;-814
284
-929;-340;-216;215;473
-288
-457;60;684
-663;151;-172;620;-736
287
-742;774
-609;138;509
-310;605
-577;-805;830
-530;-722;498;899;747;428
-585;287
489;-191
869;968
305
768;312
96;779;-940;796;-589;429
60
368;-424;939;-944
-498;418;373;539
-241;-788;-575
-677;314;783;-96
-657;225;145;-806
386;-822;509
192;305;882;-102;267;-958
529;84;-715;267;174;-928
-235;-251;410;734;446
533;-872
952;156
-407;-447
-422;-55;-935;-215
-93
-864
64;250;-670
-49;-374;86;-536
581;536;937;570;636;941
403;326;-347;30;718
99;519
971;973;-159;-143
875
-193;-118;168;-954;425;-717
-722;903;824;-892;-223
20;348
86;582;-824;937;75;-973
681;462
377
816;-274;916;-743;-80
380
-8;603;61;495
128
-453;597;-237;-174;910
199;830;-128
-648
-978;11;831
-721;496;560;289;572;988
-389;249
-397
884;581;-202;-157;830
254;-400
-374;458;863;991
945;42;395;-974
-181;548;809
998;439;280;-939;399
-355;-660;171;-350;782
115;-974;447
978;40;426;330;943
-505;666
-721;455;-158
-833;-180;-597;-607
7;428
-881;-963;133;-777
-697
-213;39;312;889;186
500;-508;-717;781;-512
-968
560;324;293;823
-211
-277;-520;-458;-350;110
611;-917;-101;-472;408
-823;-615;-636;-446
-738;775;-265
468;534;9;-29;-527;-943
-721;234;-267
834;-148;838
-777;526
