-4
516
-369;898;930;455;700;-816
294;-73;554
673;788;-425
780
976;67;868;-839;253;-287
338;998;-138;-575;-223;639
-690;-876;844;447
534
-851;873
705;-850;708;-38;782
226;313
469;443;-894;397;638
209;615;552;-986;-235;-124
-243;-830;-80;95
370;809;-235;539;-205;-221
272;-549;472;-158
305;-182;-679;810;299;-254
-616;728;187
-758;21;421;-71;475;-908
-564
-568
-316
208;961;-613;-102;358;-496
625;-322;-117;-426;-333
-322
449;-338;614;-107;620;-655
-571;699;-720
-247;666;-44;-462
-841;-587;316
513;-36;-795;79;143
96
-726;-263;-458;-188
290;146;-456;-26;-282;431
481;-195;-631;616;-42;394
-883
723;180;-9;905;780;-927
-914;-964;-181;374;-168;-58
784;-533;773;-26;-367
368;8
892
852;837;-359;396;191
383
-674;-582;55;-846;894
-19;-112
-273;-66;984
454;-139;13;751;-944
4;-206;-960
-145;-356;618;-256
501;215;-12;-94;-976;223
-399
97;295;776
884;711;855
-308;968
978;-573
-369;-806
406
517;-671
-979;-325;110;783
323;856
-413
874;-671;-47
439;-907;-332;959
-449;-484;-768
-131;295
-839;358;311
211;-247;-715;-380;700
257;-306;919;156;942
-755;635;-316
-10;-172
-387;283;-80
183
-484;852;376;-303
441
16;695;-526
-245;-458
-740;966;-16;479;527
965
50;-38;-935;-712;408
716
-353;-17;-769;678
593;-831;-480
-978;-162;977;-674;-397
531;727;-281
469;510
450;595;-60
-147;-651;-907;699;891;-110
-709;820;-378;-988
865;261;-89;586;399
233
770;723;-26;-464
-339;-540;-125
400;117;-999;974
868;-168;-462
-801;262;-219;186;539;271
209;613;326;294;-16;351
-265;-220;-781
81;683
-738;549;-172;108
-817;-660;-376;318
