-24;731;-447
720;610;361;-699;-957;-46
-398;-639
-195;-698;925;750
-417;-307;566;139
356;-106;265;-428;956;-511
-434;455;-201;58;911
-26
242;996;-700
803;21;120;-556;927
897;770;-453;-501;-9;-157
-258;-36
-162;-552;890;-428;-812
809
421;902
-999;955
-259;98;996;886;-954;814
852;295;-74
151;360;572
-497;896;-555;730;910;-400
80;-400
-120;-77;-382
295;263;199;78
328
585
-840;74;-334
-341;-328;71;778;666
-83
299;-686;301
-342
-84;109;573
768;361;494
725;646
-81;-458;105;-172
-196;-158
12;556;301;-512
279;152;-602;-346;462;670
-314;203
-883;-76;924;-333
-137;249;794;-716;-558
-882
723;-249;664
768;929;211
-533;-490;-330;-428;-62;957
-708;-614;-588
240;391
632
785;-844;-832
-126
-27;410;-459;-60;827;716
128
369;904;-845;652;798;-208
176;914;-679;492
-648
-524;-127
396
397
143
613;-103;952;474
-307;-200;362
-964;-462
-529;753;901;998;587
-515;330;-350;943
-162;485;-615;173;271
-626;506;-108;639
652;-240
928
182;-344
-675
241;-980;-852;37;365
165
833;418;450
-227;-711;776;490;412;-318
801;33;-405
371;-54;-967;838;-622
179
-186
992;-39
859;-173;525
32;-148;-472;-970;185;-351
869;-342;774;-170;-941
-438;854;31
-505;908;46
-67;519
37;-717;-542
561;100;-92;-61;926;47
-897;-349;318;-560
-107;315
727
-721;-419;228;409;30
-268;-208
996
179;374;701
-22;-534;953;-442;-443
-836;602
96;51;-889;-762;-652;-128
196;939;125
-882;132
-755
672;597
-531;-647;125;-735
