-1000;823;567;296;-173
37;-106;332
420;-56;589;-494;-878;686
-119;87;-829;973;254;927
824;-299
454;583
257;-213;-957;-542;927
-899;-647;663;-542;-896
112;7;-395
-363;698;331;-158;285
-177;-147;296
-799
-32
-97;-407;541
802;-761
-157;-144
-814
-940;908;-783
-561
-562
-742;485;870;-990;687
297;10;-619
881;338;-860;-48
64;194;-827
-826
-257;144;753;-699
-61
953;938;188;30
833;-694;986;-78;814
-34;-37
72
-257;178
22;-217;-122;236;-256
-341;-666;411
961;-852;-276;504;-75;335
289;307;-487;283;207
-962;595;-628;-877;-46;-735
-97;189
-441;459;-880
258;-137;280;-751
736;177;584;142
560;656;682
380;-272
-368
-628
-897;-758
-377
704;885;581
891
356;-89;-236;-848;943
-50;530;212;-491;-843
353;-102;136
24;-669
901
314;78
596;116;745;442;382;671
650
-150;-234;779
-533;-550;-330;-571;-974
846;-192
-741;-607;943
499;873;315
727;-62
409
-177;322;372;-586;223
666
-354;-317
-149;823
-401;-738;-829;-270;861;701
163
181;502
592;-994;-756;581;-622
-946
122;-301
818;168;362;572;-30;-430
848;-154
950
-3;-518;-664;-345;828
-737;-324;-213;313;254
-964
-151;-810;-444;-572;-15
-690;-515;185;-972
195;922;-748;862
759;472
-124;460;-111;-16
-433;-136;-490;-687
933;838;919;-944
-498;-485
-218
-897;-663;62
914;551;-476;-511
865;355;845;-47
181;-249;296
98;-660;-360;409;382;878
146;871;264;-719;-95;-704
-242
241
288;624;-92;191
765
864;931;1000;-973;-544
-316;60
