186;-878;-399;-448
259
-376;-713;316
676;-798;639
506;12
-630;-983;-443
179;-443
10
-98;-171
-163;-197;644;710;523;-480
256;-662;678
248;536
-882;354;-566;-902;-844
513;581;-216;311;985;668
688;-435;-795
-885;-203;798
705;-355;-197;-454;-758
-263;-266;494
263;247;905;668
-785;-532;-842;794;-527;831
612;-316
353;-467;762;-92;443;-703
-418;-661;888;-109
336;-875;493
998;-697
303
-857;956;716
-580;340;408;-314;826;-988
144;163
-628;107;-446;-862;-272
656;817;851;-282;574
-59
999;471;567;120;760;-555
149;-89
243;341;246
839;504
594;822;585;-140
-39;810;-188
-801;353;-25;8;-378
-50;566;840
236;-575
931;314;636
-875;782
225;-574
-863
-961;-691;5;71;-58
-105
-405;-885;-219;-364;-365;847
160;-759;-796
-81;-804
-374
-433;-963;739;-501;-496
914;741
54;891;861;686;191
-82;-503;-602;-988
259;135;-312;303
608;-825;574;542
-867;250;106;123
793;282;-892;284;-78
-389;-261
851;-9;-446
-897;213;645;-568;-815
246;-40;-349
926
66;-179;214;825
-739;-958
-932
899;-428;-893
-49;-373
-423
-33;738;-280
429
943
177
-901;-302
996;-374;-646;249;-189;910
834;882;-365;622
353;-931;-615;407;-302;-640
-487;-474
918;775;-729
775;504;-313
208
249;-715
945;-787;-120;939
321;386;884;152;937;859
-850;210;451;-536
-290;-788;-614;-153;94
212;-944
-484;-282;-957;221
-995
944;982;55;570;-827;300
-745
321;-691;789;-91;-507;415
-575;-432
899;117;-683;-92
643;820;-218;-235
87;-488;362;-973
72;683
507
251
-539;411;-381
