-2;290;836;168;-266
-99;94
182;-699
-359;875
-995;57;-861
357;967;-441;-620
-674;216;-830
-780
496;631;-890;-604;-639;-799
-98;-307;-227;899;-324;42
992;788;-650;-602;255
903;-921
-724;-853;-278;-730;-939;-592
-969;216;-298
417;657;-195;-853
291;-745;-139;-300;-672
547;871;-681;603;-32
-630;-102;761
161;898
-406;-714;57
354;-702;350;-47
814
-83;468;429
50
979;616;89;-124;701;-927
-616;233;-443
980;-607;-432
-737;956;95
-753;-454;-713;-956
385;883;695;-112
947;-197;-524;-160
176;643;499;-992
327
333
334
-452;5;759;395;-15;415
786;136;697
133;-199;-985;-570
-602
-117;-134;871;88;-236;-383
-834;-146;679;-89;-315;-670
-570;923
856;265
467;-429;-223;798
-614
-488;-383
-456;-410;-714;-667;346
365
480;197;-248;424;285
-459;619;813;-847
471;686
391
880;797
-226;-837;-971;-159
-193;883;-907;-237;-974
128;696;862
-599;446
-471;-215;-221;-447;-848
-162;145;-43;-864
-882;-57;41;-540
-659;514;-516;729;505;-414
-324;-692;595
305;-437;-550
-194;-340;614;-156;-607
168;-42;556
65;200;297;393;-270
-22;-119;743;-42;125
-595;-8;-249;297;988
-241;-135;-909;-432
1000;393;-142;-559
182
37;-25;-778;-634;846;-656
698
739;-436;947;119;-926
190
960
-899;-110;607;-816
-198;-455;89;-671;-496
-340;-247;-168;-553;856
965
516;-63
-721;705;933;231;203;-894
-970
-866;-22;550;152;-281
561;99;-406;553;619;-192
480;-691
544;677;-23;923;653
-2;236;126;-576
215
724;-861;-848
736;933;-134;479
484;-711
485
998
129;-423;-472;-348;-399
50;820;135
-737;883;-421;-970;491
692;360;187;-108;443;716
-625;-391
787;148;724;967;652;301
883;263;456;956
