69;566;826;75
880;612;502;-457
673;837;725;966;-365;751
-891;-652
-35;-243;199;-250;207;-400
593;-727;262;654
-625;81;-116;999;428;-749
-579;524;991;623
354;-373;-902;54;156;734
772;-749
801;418;-83;425
795
360;-154;-910;-95
272;-834;-163;-587
-580;-219;767
608;-50;-947;569;876
-677;-758;-391
737;771;868;56;-859
-163;-452;307;715;-445
-886;591
-180;-356;518;696;-637
-50
370;950;397;894
-198;-879
232;745;-107;443;-60;-942
-274;-343;824;40;-188
-832
-7;-284;-285
-707;741;-88;-15
581
-945;-918;22;395;91
-150;-954
768;499;-358;293;413
420;-80
-169;-330;-621
356
-966;837;-859;-908
232;-218;90
467;-487;-328;-986;908;-191
-619
-961;434;100;21;837;701
620
256;838;-648;664;201;-172
371
-436;-597;-621
-338;324;134
-331;205
38;-361;-11;971
-164;950;-73;329;622;-512
-721;-482;738;-518;-91;431
-994;-932;515
82;405;670
177;-343;875;-925;413;-64
166;520;474
-241;284;-126;-574
-465;306;265;-251
12;-928
656;-838;-222
-817;-120;-201;477
-671
-745;-921;-285
249;-204;-973
-291;-695;58
293;-216;-495;-271;-496
-593;-753;929
-164
-850;-83
-323;-803;-951;-905
179;-537;-619;-412;-573
-742;125;191
517;-91;-411;668
-5;-949;664;-941;-223
-482;-706;234;668;477;-15
432
-484;724;24;684
951
310;-556;62
947;-757;-407;554;106
-738;787;-728;-73;-554;346
325;-391;872;-330;-428;-752
177;531
965
645;-220;30
455
289;-418;-355;-805;870;878
-947;821;933;-999;-272
371;-582
240;842;283;572;-446
-329;-397
631;41;570
770;-295
736
482
740
529;-836;-676;239
-819;164;-422;-264;666;909
960;993;-949
80;978;-566
752;2
-948;-312;-925;143
-548;41
