-757;-270
-418;39;376
672;449;948;-246;-11;-526
498;-54;-712;443;-861;957
-127;911
-133;773;-423;-57;-460;573
-113;900
128;-404
209;-296;-285;-431
100;-266;-637
913;-697;505;-234;571
304;102;111;31
480;816;-746
-979;-472;423;731
-962;402;6
-554
787;293;-374;-712;585;-878
-258;915;-101
-881;-646;-566
-199;-791;408;986;156;-606
-363;411
-858;-94;-384
209;532;-427
-321;-753;912;613;887
68
-293;123;-924
-611;211;-406;220
-497;-251;-864
-402;754;-343;488;-573
-588
-803;-807;-953;634;573
-871;920;1000;377;442
-292;180;-989
528;-216;-186;-205
609;-949
-194;997;23;411;895
-226;50;-85;-87;871;74
867;-53;-200;-16
995;953;170;-988;188;-207
663;216;-393;268;61;557
-894;287
-129;-898;-297;202;-220;735
720;-818;-253
-961;176;-838;39;974
842;-941
613
-772;390;314;77;95
339;775;90;-76
999;-124
277;-167
145;-965;191
-435;-579;-395;-923;-556;-301
-886
401;-757;990
-635
934;-954;-106;-768
-390
17;-979;-613;-486;-640
-145;287
-836;696;985;-463;-783
-753;-258;-822;-919;-216;-506
-33;994;-149;877
-922;767
864;-198
982;86;-400
560;627;696;-652;973
-683
19;-459;75;109;-942
483;228;-693;857;-187;-863
97;629;316;669
431
385;275;-565;-55;554;605
48;-756;436;-169;-506
-633;-62
614;-430
816;649
421;153;636
-854;-474;-907
442
-801;-961;50;-538
545;-215;-218;908;718
-481;115;599;284;972;253
-993;271
515;-90;492;61
467
-885;805;345;-735
889;236;-909
272;-38;566;955
616;712;-719;-495;-336
-738
-435;-31;238
-338;821
-740
-198;426
50;-541
-83;-564;-874
-34;210;-197;151;-494;606
-833;-547;-153;970;698;877
-918;134;-233
-466;-197;-727;183;649;811
-164;-268;-591
