-246;856;203;-380;847
882;228;805;-122
785;-835;389;-335
726;556;-510
-950;-374;806
562;-518;-857;-460;-652;125
-626;-602;-316
-693;-745;-683;-511;831
-779
450;899;954;987;-207
-930;277;-663;-747
477;-207
-757;325;-7;-604
-81;-744;137;204;461
208;-491
628;-656
784;402;-438;774;-344;-890
-498;263;-217;-605
901;602;-365;-845
-369;229;102
-38
978;181;888;553
-964;-102
339;-165;613;-489
298
-838;487;-505;940;-157;29
44
-305;-69;-298;-315;174
-518;-284;-13
-625;274;-476;699;-944
167;-728
401;195;-933;134;-617
-180;404;-614;486;-43
-915;182;185;602;-108
744;489;-811;-989
-437;598;-985
769;310
497;675;553;475;-608
387;920;234;-589;-462;78
715;365
-753;-881;808
720;17;996;-550;424
-215;-984;-922;-222;991
965;-263;-7;-108
896;406;-105;-607
-963;772;916;859;798
913;872;185;413
-275;-6;235;894
-353;-566;-957
-929;-82;-612
606
-97
-899;183;431;895
345;15
-899;840;-458;877
288;851
-276;356;-709
835;-89;395
611;-21;-454;277;983;-510
-595;-388;997;232;-462;846
-2;-834;962;-317;-381;-574
787;889;507;-525
-705;-3;868;-5;439;-973
-722;-642;-725;-118;-461;-783
-20;-89;-272
320;675;-352
-167;502;-473;-251;778
690;-149;-485;678;686
-912
-359;-972;-862
993;-790;245;-694;-424;510
927
867;772;678;-380;-749;-255
178;597;-106;172;861
17;918
-683
-449;640;961;695;380
-305;-162;-118;-107
-611;-838;-446;-336
-993;466;710
912;961;691;-183;779;863
-852;-394;-735
-121;764;-448
611;-599;733;990
-695;683;-767;-192
-564;358
662;395;-846
-740;69;-823
-534;63
997;-744;456;-491
735
-251;731
741;-121;540;604
759;-989
970;922;-491;-604;203
-465;-217;-575
336;-993;145;151;-443;559
-841;-523;859
-625;-131;117;-379
352;112;817;-8
-163;-602
