-514
-403;-660;-148;500;713
-459;718
903;-120;-346;590;-768
789;-347;478;111
-769;868;-697;716;-383
624;-852;891;-349;-47
691;501;790;-344;42;636
-55;40
-241;498;782
15
24
-885;439;-763;429;-783
83;-111
561;487;923;892;94;-624
83;660;167;-112
-386;-375;-648;910;206
304;128;978;-787;-660
-817
-36;-815;-271;559
-601;654
983;606
740;758;-248;936;412;-749
-130;-99;997;40;-751
-535;345;250
-232;664;-266;395;875;-352
998;-167
69;-488;587;492;173
610;194;211;741;214;655
-838
-549;-504;24;186;-652;910
585
-844
-589
400;548;408
755;394;-557
641;467
660;-486;-186;-443;-446;991
752;-353;-741;-201;-60
161;-510
-948;373;7;588;236;350
-36;645
-818;-978;913;-752
-10;-61;-286
615
-277;-343;-569;-539;-158;-270
-879
-599;-543
-886
595;-476
-370;-791;70;969
994;-853;-213;343;-651
-636
-449;883;201
99;-649;-857
662;136;808;858;-30
208;549;-121;-58;-270;591
-370;-483;86;-652
-242;217;396;461;831;-752
672;403;292;-454
-657;433;-14;383
147
692;870;379
-693;-838;-728;77;239
754;-979;-724;791
-418;-150;-38;632;-442
-97;-308;234
678;-649;-319;462
943
-610;-424;396;172;-478
945;237;-495
-615;-330
864;82
-90;-862
-897;-852;-361;-141;-494
946;-662;-824;-926
176;144;-20;-487
594;-419;995;851;931;822
576;388;-827;315
-36;-712;-731
-561;-129;-611;-133;-234;188
-82;963;-523;-158
358;-839;-270;-398;-78
-519;535;187
725;566;-832
-849;-915;104;942
674;104;-571
763;734
-212;276;980;793;-622;286
479
424;-666;-752
944;472;603
228
66;226;-501;-231;-156;363
-598;953;-844
464;322;-40
916;-428;-253
483;-983
759
-761
506
