595;429
688;721;-383
418;611;932;-278;120
614;678
597;934;-921;429
-227;-550;-727;237;-431;-624
-305;-789;-89;-397;925;125
160;-722;649;-108
114;-195;232;-172
-259;101;-615;730;-635;955
416;977;-40;-377;524;573
135;-296;-379
212;301;622;943
704;-746;-43;-861;-206;-928
806;250
756;933;-575;206
-306;49;-787;-38
211;-231;951;924
993;-392;-26
613;37;-966;-702;174;911
104;222
-840
641;203
116;360;-347;-975
-421;86
-18;-100;-381;-95
-707;-757;647;264;-553
376;58;-95
-49;817;569;717;591
528;-745;329;461;813;493
386;-868;51;519
-854;-234;-282
601
993;675;138;588
-635;283
962;-182;342
952;923;-496
-866;825;734;382;-464
-881;-261;-5;-939;-110;814
-362
982;73;-509;77
-561;-149;-726;838;-111;-432
724;-329;121;-634
-257;914;198;445;-702;543
596;-86;888
1;378
553;-427
400;-148;633;987;-621;412
-481;-275;-149;-585;76
656;417;-917;724;215;574
-906
241;963;950;775;-905;-863
-66;-997;726;199
-522;383
211;326;264;153;-558
-561;-801;-23;826;-141;46
-851;184;313;-779;221
129;18
-987;90;237
403
417;375;-632;345;412
337;810;379;779;-45;-829
453;-699;655
-225;281;-572;-989;493;78
305;644;-726;-457;-558;-910
-163;740;729;-378;778;511
967;239
951
937;843;-829
545;841;-432
-359;-280;794;524;-493
957
354;-517;-822;794
916;42
503;170;287
-81;-667;650;-607
-995;-736
672;804
-819;-391;886;859;-108;285
403;379;-525;-270;-447
977;754;-372;520;-651
835;-631
-462
786;179;-136;-622
-121;-282;-576
-386;99;-180
-514;-265;-474;989;477
-149;887;-268
534;-936;876
978;371;547;-777;-896
704;565;-472;987;604;654
-114;538;-828;988;668
321;149;246;-761;-953
856;143
-740;-120;-184;361;-848;-496
-878;126
818;437;-502
-244
288;452;773;379;-895;15
-771;148;-567;-727;648;767
482;24
