-289;864;-890;-971
262
-913;-273;532;-425;47
525
117;-104
-15
-997;6;1000;681;92
-23
677;-958
816;885;-41;-282;-586
-723;482;852;188
211;376;-204;-748;397
244;-280
561;-108;-160
-259;-820;822;22;-828
-913;-706;-535;-8;-520;-431
640;-772;-677
808
19;901;551;299;-957;764
-814
368;-644;581
295;59;-669;366
-417;984
369;244;-855;775;105;954
-562;-435;821;-38;198;-553
-517;-85;-661;693
-433;49;-445
896;433;-955;397;-703
212;581;326;-538
-231;-891;954;494
592
561;-549;-631;168;13;-671
-369;960;-89;-911;751
177;-260;347;-174
-371;22
-167;646;925;-287
862
737;-898;278;745
-241;-322;835;797;-719
369;-294;-472;363;-831
866
535;603;-528
-100
386;515;211;670;878
418;452
209;226;695
49;853;-540
-466;5;827
147;-213;421;682;-876;206
628
-916;-116;532;-27;907
866;-484
-128
448;-116;564
88;-333;-94;-559
809;91
-385;611;-100;939;860
163;787;995;742;8
480;-35;-950;-750;351
689;466;-424;302;895
-433;-217
467;-729;922
419;-790;-184;-368
-413
226;-550;613;894
-644;-390;-918
-65;417;-835;-775;328
-65;-785;-105;122;349;-447
-332;751
-103;778
-898;514;-453;-703;351
-630;937;-986
993;-502;-365;-560
-195;581;-682;-411;973;685
448;-727;344;-507
517;440
42;-204;-349;-960
453;589;142;-223
950;-219;493
-23;696;301
-37;86;-919;826;-299;-893
-673;459;77;349
913;546;-453;487
852;601;297
771;149;-472;571;478
-930;72;670;-799
987
753;948;663;315;-908;-525
80;-304
205;-942
-995;852;332;-926
-917;-423;217;-618;413;79
-161;-403;519;-361;716;687
-769;538
353;-402;183;-380;14
-49;-955
905;393;-778;523;988
738;885;-870;-256
-705;666;799
421;-521;-202;-463
769;966;-971
