-225;536;889;394;-765;-831
80;865;-108;12;-78
995;-152;445
851;181
-12
-114;-10;651
-713;185
784
705;-642;-84;647;-907
792
960;130;-916;39;315;-556
256;129;-308;216;381;-703
-797
774;695;-618;202
496;932;139
22;246;-301
546
-815
897;-853;775;346;-605
674;899;-135;-167;315;-255
323;-726;-280;-44;924;367
-306;-309;667
-201;-108
754;-183;-920;-475
162;618;109;958
-712;-524;668
-772;458
-804;-549;-295;377;858;733
-713;312;-330;-875;-767
-465;102;-444;875
160;-631;-429;63
-582
585
-529;-372;58
589
345
416;787;-136;-938;-220
-582;-792
374;-312;-46;-367
-609;818;-468;-265;-345;-765
84;631;-393;-42;-155;-479
-609;-594;-432
-569;-59
-642;-278;-926;110;-944
-889
787;501;-390;-363;-79;-336
980;-22;-890;714;108
797;863
-539;669;509
-146;-452;-486;597;-188;-734
-163;-388;-853;-663;-367
-130
-401;-168;-843
-508;639
-98;-419;124
-946;-21;-901;-831
-395
148;-341;59;-380;654
-129;785;600;-857
-298;396;301
833;-982
395;109;157
657;-788;-262;-906;46;335
-921
772;537;463;-80
251;-924
806;345;-475
-641;-178;-163;-692;485
-474;-716
-323;205;-560
677
993;218;746
864;-163;3;-506;-620
-668;14;-800
825;457;780;-352
-615;950;695;-104;-219;748
403;-470;392;-841;-175
659;406;-621;-624
-440
-309;-393
-707
-36;136;-539;-526
-852;-981;-588;171
204
-900;-808;26;-574
-418;788;-951;950;-761;603
695;969;233;-846;926;543
-356;-629
-28;-702
738;356;133;-344;-269;-832
-478
68;840;-123;-318;766;270
-243;585;138
-145;-20;-852;-892;-624
-658;-452;-430;542
720;-802;-164;-244
-652;412
504
-243;-596;-438;999;-111;638
547;916;293;438;105
955;-189
