247;-40;-297;445;957;-543
260
-241;-163;628;998;-584;-633
-673;-377;-46;317
-12
-194;898;-851;-745;508;-399
-355;370;-532;-760;952;-203
-860;286;558
-501;327;-121;-10;-480
627;-492;-412
104;-137;490;587;-350;-672
266;30;495
-386;676;-422;-150;-90;346
-389;-265;106
739;197;-38;-183;348
555
354;434;-407;-398;319
406;856;-940;-877;605
976;945;740;718
149;-649;809
695;-752
577;754;659;-262;763;127
-817;753
193;-325;-190
624;-948;488;925
928;-663;955;638
837
-137;-957
34;-470;-22;-58;587
181;-552;972;-525
386;953;-749
-903;199;-42;298;-604;972
608;-914;901
-852
866;387;185;-140;-191
-984;-126
-209;-339;152;553;636;-880
147;-741;248
91
341;520
-197;102
-613;-917;616;793;474
100
-947;597;-271
318;302
532;-150;-909;365;783
935;712
-609;-835;563
786;323;232;408;925
614;525
867;277
58;319
-119;-297;-27;572;764
179;-117;-855;-75;-285
-753;594;-308;-955
-137;857;958
763;-909;-269;13
928;-11
497;119;46;-512
-922
438;-829;237
225;702
-416
258;772;281;-540;926
130;-293
-978;-242;-119;406
257;181;503;-297;-490;10
675;-5;-329;-782;863
-679
-291;-373;-501;774;557
-866;565;-201;924
376;-800
-777;-666;-154;-363
-692;85;152;-426;-298;-526
404;455;-970;-620;315;-781
-627;-196;739;-967;887;-265
-6;-471;-169;-906;397;463
112;162;-403;475;460;397
976;385;1000;315;-702;253
-754;803;148;-637
87;616;125;895
149;409;-123;300;735
852;823;603;525;813;158
-727;380;76;462
534;-215;-9;655
-453;310;374;-431
-20;375;-313;953;-283
708;679;349
-386;-83;-725;-956;667
663;-394;201;-10
-948;733
-130;690;-649;-366;671
-902;135;-334;-912
-662;184
-707;-532;-457;-363;299
501;-239;479
-563;323;103;905;750
981;933;634
161;-407
-675;-200;312;8;300
254
