-946;-308;-873;971;-125
338;676;-26;251;524;-734
51;-148;233;-912
576;-885;486;-312;-31;174
289;-438;23;392
-849;-547;-756;93
737;-133;-55;-185;510;-863
656;997;313;-493;-863;-880
-168;475;91;-93;479
-803;932;-166;-766;-95;-656
-275
98;563;452;-509;958
850;212;505;-512
565;-349;749;606
-179;407;-620;254;847;351
420;487;359;-970
579;186;875;-127;-192
500;-838;201;95
-919;248;794;943
672;-828;-912
-737;-376;40
-305
544;-584;-505;26;-268;-31
-39;-106;89
68;-13
166;299;-525
289;979;-903;-23;503;-910
689;-471;874;330;-700;879
-771;-468;884;-606;894
-886;-232;-235
335
80
82
-859
-603
-981;-314;-491;670
195;840;1000;-876;-461;-94
688;-453;-839;743;-235
-209;-883;-460;943
-935;-55;-616;-124;-430;15
7;603
-106
626;550;551;-715;379
2;-820;191
177;354;-183;791
417;547;836;70;-810;-176
-630
-133;511
-129;-130;382
-344;220
400;291;166;-410;447;767
183;-600;330;-60;-240
-726;758;984;200;-315
-563;-795;-174;365
224;-865;880;-876;667;-174
-82;-617;297
150
-883;-553
-652;-973;270;687
688;363;-125;511
-225;-373;-329
-721;-740;522;204;893
-247;-680
641;-883;898;967;328
-372;231;-488;-184;396
-961;450;-468;555;412;685
228;-444;-973
32;-949;-54;-474;507
948
-273;695;782
-950
156;557;238
75;398;735
498;280;687
-521;987;-655
994;540;446
208;239
-314;732;286
244;117;-406;506;-13
-50;979;376;681
-466;851;-405;-167;-10
-407;838;422;-141
-231;687
-114;-387;-503;806;911
96;181;-76
848;-498;-514;-258;82;136
71;155;-687;254
-177;-323;707
-979
469
-217
952;-27;826;-252
-356;19;-757;-998;-776;-428
992
-707;371;728;924;959
-931;-196;517;909;717;-782
-556;-478;542
-146;-486;873
500
707;185;348;365;-446;-143
674;179;244;950
