-554;-155;-831
-150;-111
307;-313
-153;555;-270;-910
3;-651;811;-431
400;-668
848;38;264;956;-46
-339;-196;-74;-941
-49;580;-390;-556;143
-338;-70;936
-786
-884;488;652;-190;719
-787
235;-254
341;334;-863;719
-279
338;50;482;323;-765;364
851;-825
786;-677;-76
-21;-614;343;-254
-865;-114;-274;375;10;-191
-83;102;233;474;254;591
309;-272
-993;596;-278;121;-44;45
532;-471;-391;-73;105
-275;-244;-36
-931;-134;888;-894
-82;-570;701
232;-107;-574;557;-927
-418;340;936;-633;-825;-477
-842;-749
736;146;460
938;-107
-259;253;-830
-692;588;-223
-834;-115;-391;-171;-352
-82;-875;492;397;-127;271
-54;182;-207
226;-822;-135;150;-267
-690;-755;-740;-934;-143;366
224;-547;-294;-491
597
-258;835;58;493;239
305;-214
-435;612;-85
-354;-635;555;-93;-847
880;392;-410
-929;-131;-212;-728;108
-88;-250;-922;-397;-496
960;34;211;867;-566;903
97;-755;836;-567;282
336;337;252;989;-528
359;-169;-217;392
-115
-980;-297;601;-539;587
-20;648
-68;-856;-392;941
790;454;854;-395;975
486;248;-699;-415
-946;-507;813
304;-930;-133;581;-207
-116;-345;24;-974
96;-955;-812
-145
726;443
-915
785;441;-284;27;587;-640
-485;-827;59;860;798
434;-197;821;-702;286;798
-419
-932
818;-583;904;648;268;669
-347;-846
-169
938
-882;-965;474;428
-37;726
272;-792;-857;570;-252;365
-951
32;409
610;996;-649;347;-93
-470;38;985;-749
800;548;-640
-258;-872;666;11
-242;-162;-109;300;670
353;364
-241;81;-773;116;-490;587
52;590;431;-608
466
212
981
472
-754;-887;776;-635;-765
988
49;947;124;380
-18;-524;507;299;238;-272
467;-553;-921
-803;562;55;-712;938;-544
210;419;-686;-448
256;-435;-55;392;348
629;-807;-334
