963;772;-967;954;-12;-941
-113;120
-322;-182;-792;200;62
112;-99
-161;352;-39;537;106;-11
465;-51;327;-234;-542;14
867;-79
816;-725;-839;838;954
224;675;772;631;375;-607
-946;-378;271
-132;357;828
419;-457;219;111
-83;931;886;-552;155;-16
-812
-306;787;-292;-70;-822;-366
-813
-500;-886;-134;345;-604;-829
658;-676;-133;974
-337;-745
-375;280;-589;108;-254
642;137;-574;-575;687
336;259;-164;629;538;-254
503;619;-462;685
48;397;-768
674;-5;841;607
-968;-376;250
-340;458;-48
642;-613;815
53;-152;-364;-813;620;988
-286;206
851;-917;616;249;314
-91
-930;211;917;923;763
-18;34;-677;-968
-465;-397
708;935
879
-805;-265;702
-977;884;164;-44;683;939
-180;-342;-601;-527
370
486;-472;619
418;216
161;982;-681;430
277;53;711;-474;-443
-577;-279;-904;-809;-106;-523
384;-882;-946;725;-943
-503;89;889;-299;463
768;-183;54
-385
964;620;-814;895
-259;-327;-266;682;812
134
1;-136
-642;-531;270
-314;554;-636
399
65;196;397
-946;600;-58
437;-231;-55
208;-555;-830
258;995;-549;-299;-816
-375;426;-207
514;668
-419
646;-811;-768
932
-570;-862;-16
680
-265;444
-397;-45
-482;-52;166;-558;-798
-195;931;5;217
-960
339;172;-238;-80
-595;131;917
-248;-719
337;67;-612;310;168;191
996;-279
-338;-375;249
-433;-727;-584;267;-76;-959
-881;258;-132;292;683;-941
-424;567;776;59
631;268;-685
472
731
464;-243
-979;-169;456;-282;751
225
-801;10;-972
-658;547;566;-683
228
-599;375;312;-576
96;497;885;-988
-833;-349;-336
338;-470;661;-973;861;334
-625;-67;341;-407
757
65;-261;-167;-398
613;828;348
629;-376
