784;564;-982;504;-538;-330
400;-436;709;-348;509;-64
-410;510;159
546;-532;436;228;-939
-522
496;-482;-457;-634;810
-6;-776
608;-674;-397;-829;766
785;507;-46;-464
-914;-612;-132;332;798
-757;-221;957
610;919;474;346;730;-238
-420;-708;520;-538;-160
283
-340;-167;790
704;548;103;-427;381
-308;295;729;-670;-335
-290
-339;920;988
-547
-850;-373;487;-314;-780
146;770;136;-106;-683;-302
616;-318
-579;-198;-380;-413;495
-73;-572;958
-764;-831
-730;669
480;850;-472;-969;-971;764
-423;822;572;-400;-560;-80
-849;867;133;344;412;446
-161;98;-715;447
331
85;694;-192
-658;180;-220;75;701
-130;339;187;-220;126;-640
-853
-583;-270
-145;-969;-236;-622;13;-431
-485;829
-707;-84;78;-144
665;-555
879
-631
630
356;852;757;189;111;-864
933;-554
-227;-869;-823
608;995;124;-320
-81;-741;329;106;-731;477
-867;325;437;-507;478
672;304;-932;-250;89;507
401
529;306;-261;246;318;-736
-209;-484;900;230;744;-777
722;196
-147;-676;-69;-70;40
-865;948;326
208;-981;872;-510
-562;-838;-967;-60;988
671
565;-504;-974;-271
-772;-509;92
993;-840;471;363;972
769;34;-948;-777;936;410
130;292;-592
340;518;919;921;-639;670
-327;-360
348;-526
627;-360;729;-218;-959
-209;-65;714
-802;357
-890;796;413;-511
-689;882
609;675;599;104
196
-17;-674;-694;536;138
370;-853;-8;-475;61;-318
-385;-955;110
422;888;-589
817;-919;24;-60;-845
820;869;262;-265;-448
864;-561;499;-823;156;591
229;75;763;429
473
-9;473;266
865;645;423;77
739;455;905;-154;-702;-256
987
-600;-905
-821;-432
340;663;255
656;-469;375;184
982;-235
901;-982;-156
-310;-440
-34;658;-870;491;-141;142
272;-673;-321;20;199
-577;369;-554
250
-6;-760
929;539;-703
