256
-564;-215;199;-329;873;-223
476;-816;-176
515
-130;-453;135;137;-208
-371;-822;-121;25
200;-473
21
648;-399;574;447;287
99;-123
514;754;772;86;970
725;204;141;494
752;-920;-649;-237;510
-481;993;-206;-16
36
741;-151;727
-17;599;39;-249;-335
-788;-916;376;892;141
-888;927
-304
559
49
565
-898;930;-340;-71;-92;526
-513;-739;-807;-47
-641;498;-684
-19;163;-117;646;301;877
817;-964;499;-292
65
74
-75
808;-219
-75;859;-879;687
-737;-86;938;93;14;-816
-273;790;985;-140
-795;381;62
-794;697
432;784;-339;-727;-249
-721;529;642;402;-217;746
64;535;-703
-914;102;696;-27;139;364
-131;-454;38;-73
-130;-195;-115;-823;380
-743;623
-298;-46;61;-159;-704
292;-743;573
401;-291;835;394;-428;235
535;280;332
-279;-856;-270
304;960;721;-710;-125
353;-227;-372;439;202;-782
-66;602;619
904
882;74;205
580;709;277;-153;-763;-256
193;969
-278;107;-480
-899;516;-784
-66;-902;568
-148;-869;-920
-231;-944
976;880;-391;-219;954
118;-188;-29;654;-144
263;-504;-395;-220;444
-371;434;388;-437;-870;187
37;-614;535;295;-222;-447
163
-819;866;-761;879
99;-261;104;-111
52;885
98;723;-534;389;617;670
-738;804;91;379;-365
-578;628;-85;-141
-56;-889
-509;685
913;808
-957
192
489;27;-320
866;148;406;-938;-508;-685
498;738;-329;762;-958
384;-803;246;-30
19;996;-556
463
-723
343;895
-385;-517;-855;-253
-645;935;440
848;496;-741;903;761
-477
129;-227;-326;185;462
-897;545;459;-590
-741
-979;-708;324;-328;-584;504
-21;-975;751
-600;-670
179;837
630;-311;955
848;974;-800
561;690;-789;135;938
-837;-983;-26;-939;-399;-912
