368;-258;-723;835;-457;495
277;-95;-176
-337;960;-123;-765
482;-496
781
-529;914;399
179;936;-409;-331;923
115;-441;200;-250;-157
-665;-126
-899;660;-296
736;321;-10
-246;222
-673;887;-240
183;744;540;-830;671
-147;-442;47
-710;326;344;-537;810;59
778;283
962;-373;790;854;878
-434;-772;-327;-680;105;-493
977;-407;87;796;893
888;-77
-917;-246;103;376;-43;171
-371;-884;-488;380;-253;-222
192;-310;-700
-66;-836;956
320;-244;445;-464
73;588;-975
-472;87;120;206
50;212;485;-377;969
834;626;-601;329;-59;-300
864;791;252;445;-447;-304
-370;289;-393;-683;-703
-806;-542
960;-740;-813;173;95
-504;-592
330
-78
-435;-531;438;-64
848;-373;-136
962;-621
770;-117;-358;-263;-330;-557
-347
606
368;-580;83;19;-631;-636
97;-758;-983;151;-30;143
-260;-422;581
372;-988
-78;-799
-529;610;243;-376;-57
112;163;359;-253;-733;-16
-321;288;961;-531;-247;731
897;502
-895
-898
-178;-20;424;457;538;957
945;33;-524;254;191
434;-213;648;-268;-735
-708;-693;-776;108;910
-297;156
661;613;-377;-490;106;-656
146;357;427;749
771;949;470;-494;-271
-407;428;126
659
613;342;-409;-442;718;350
-707;411;27;-398
-386;799
-646;-940;909
421
-50;434;-377;537;-795;-427
169
341;-920;399
992;-37;69;-889;751;-704
867;-838;-950;663;698
707;-788;-839;-763;956;540
-599;407
-705
377;-620;-206
961
481;113;453;742;-315
-546;-54;-876
-710
322;388;-391;-808;-477
-369;251;-301;765;-143
450;441;-170
-465;-946;565;-777;377;-765
-67;676;633
642;-277;-342;966
-417;-213;970;509;-367
995
214;-24;200;-317;-302
192;-261;328;-315;286
-353;546;403;-908;-366;447
-489
-238
482;579;-185;-908;526
-354;948;-917;-198;24
499
-930;-260;-256;-80
496;-86;604
-255
