-850;610;277;89;569;-956
-210;597;951;237;-800
786;-563;313;-972;959
-579;-3;-166;-777;-795
241;-546;-480
617;-476;-767;351
-279;633;-732;652
19
247;-827;523;-476
-54;694;-795;-542;-207;926
-523;-525
-27
-289;160;866;-446
37
384;-936
-563;679;697
-84;-525;573;-527
-353;-164;840;-59;-828
-754;-180;168;426;586;574
-824
-213;249;-556;427;-222
-965;711;712;-473;-302
-360;-985
-787;-663;199;840;-858;-589
834
-235;814
-74;655
634;972
-370;-727
497;182;168;-925
819;-470;454;699;-399
-435;790;-777;-269;-30;382
595
-82;213;262;-48
978;-885
-682;316;-847;862
-806;-279;616;410;667
-518;745;476;-815;670;63
116;567;-938;142
209;-713;-651;-636;397
769;245;-950;186;-878
49;68
816;-133;-441;-124
-189;-192
3;-37;-557;972
275;-149
-561;864;452;501;918
-4;660;-182;166
-644;-532;-666;410;-748
853;-492;28
-646
213;-12;957
96;-184;-816
-898;-777;511
486;-265;-620
-400
-133;709;696;507;-863
-919
-322;-630;53;-331;619;203
357;390;823;-168;-992
642;22;841;74;-459;827
513;375;346;973
613;-759;614;-799;750
-67;508;764;495
936
453;150;-843;-923;-287
-172
-481;995;556;46;-944
-174
-530;-643;-539
-119;72;457;-715;-639
-690
707;-886
-818;116;9
896;-795;939;-848;-640
449
304;-150;983;-430
-145;-823
-483;-870;-630;728;523;-749
304;680;-272
352;-555
352;322;710;-105;205
16;-221
17;-8;-941;-302
897;-244;-820;-206;-351
64;-915;-805;-345;762
386;84
-986
986
220
-850;24;346
770;37;-957;-112;31
784;-995;-25
237
758
-881;-694;606;-304
928;481;-546;193;-635;-173
-762
209;-165;342;121;-254
-522;171;157;-574
-881;802;-986;396;157
