180;77
-833;-113;177;247;381;398
-627;185;957
274;-796
176;-740;298
-915;-636
-227;-52;755;-752
160;-693
-838;902;-264;-121;809;-512
-241;720;-498;-232;-799;-512
-738;-473;-938;795;44
-545
-196;36;-763;957
753;-788
403;566;-984;88;-877
-438;614;538;-892;973;-832
-883;-837;981;614;-171
356;-374;569
-209;-354;-760
-43
899;-87
-36;-10
563
-68;916;889;908;-286
403;84;-956;780
-313
439;-456;842
826
-885;661;469;950;-510;141
60
161;-52;842;-635
-830
-645;68
-866;150;585;974
-131;-741;4;774;-909;157
150;998;247;874;-396
966;606;815
851
598
-348
-92
606
-433;-934;-183;-121;-42;-688
560;562
-247;650;-303
-865;503
-365
-594;-540
311;682;652
54;-633;-299
-103;-520
272;-837;983;364;-893
-113;-5;932;662;-732;397
-49;610;612;-894;-655
-961;387;-486;119;-251;303
-889
-890
378
886;-424;685
387
395
-786;340;123;463
982;-74
500;-504;887;-14;46
-595;-981;-328;-297;536;493
-769;306;-324;355;746;92
913;261
514;-869;-665;893;-959;-352
-984;505;879;-560
724;709;552;735
736;-103;-648;569;-684;-543
-424;-619;-144
-421
-103;780
594;-168
993;-723;19;-118
-681;506
430
133;183;-139
-277;-838;-988;-638
-898;-855;-224
224;83;308;-569;-827;-940
-704
-436;135;494
784;244;957
228;-938
592;-805;410
-713
291;503;810;-364;-734;974
-338;-996;-477;126;703
-295;79
-482
449;-603;-300;-846;-207
-642;-740;147;148;-165
-727;-364;351
337;994;340;604
229
-790;488;-74;-363;253
978;502;-844;-861;-782
502
96;-493;-861;13;223
