-81;-103;185
930;130;633;186;220;221
176;-647;-679;-680;-606;-400
-260;-388;-990;-654;-288
896;898;-70;360;-527
-791;814
849;-580;-215;409;585
228;-200
-3;-982;188
849;598;-680;-392;936
608;-548;457;-10;298
498;308;-85;599
-337;643;-310;265;-302
-72;119;728;-109;-175;830
946;-967;439;-809;-430
931;-853;-749;957;-224
577
-390;501;10;252;205
739;309;700;-607;207
451;-382
-433;-866;420;104;844
-577;849;866;-206;-607
70
73
640;998;422;830
587
-592
592
-100;-405;949;-552;696;-925
852
897;-787;793;489;-142;-398
-211;685;317;-111;-80
858
912;-194;-946;-633
-177;-684
311;553
96
-596;-617;-873;750;462
-193;451;694;-683;861
69;202;94
-290;-980;934;-479;191
378;-733;-782
-314;-411;-668
744;187;94;-912
108;-893;878;-975
-881;-673;-369;-806;-888;427
916;-742;566;-87;778;991
65;-356;-966;599;281
-883;-454;94;-159
-594;98;618
564;-137;-153;616
-755;-899;505
-36;868;391;-569;-13
803;548;725;-922
545;-842;-90
148;566;701
213;-861
905
89;-410;975
977;-244;-968;-217;474;-684
-498;-34;-490;-672
-309;917;360;729
630;556
-561;-104;-779
803;468;454;-764;-286
-177;-985;74;875;716;430
-274;-471;-682;491
352;-562;-419;-708;518;394
-354;-184;952;346;698;764
-248;-697
964;-871;297;284;15
784;-9;682
-888;-570
994;-563;292;-908
-442
-444
745;730
-114;515;583;906;-927
-503;-720;767
972
-161;-625;352;819;-518;341
-227;-766;15
977
865;691;55;891;732;-207
723;-776;761;-494
752;1;745
162;-893
3;-601;-665;-750
743;247
321;-309;-166;-265;-92;284
-979;438;682;699;413
-674;-20;-646;-312;588;-446
-931;186;-813;606;-304
688;-467;3;228;-989;302
584;-345;398;878
113;57;-75;654
636;-909;-223
-564;717;862;254
-162;873;815
67;548;-471;-201;-959
-386;-84;24;699;-477;-542
