262
-753;-930;787;297;-543;623
-385;-932;-54;-430
-521
119;-409;812
272;514
275
691;-169;-543
762;795
-53;198;392
543
-290
498;392;619;428;-109
-806;251
678;390
580;935;-75;652
496;593;-293;-200;-654
-834;-818;-837;346;-732
-261;-825;-509
-161;81;-812;-205;13
27;-60;94
-630;-712
-43;875
-772;836;792;942;831
341;-455;44
-385;-539;-428
961;-695;376;682;285
-680;-425;-299;302
82
852
393;459
616;750
374;375;874
90
604;766
-740;-807;409;-667;-428;93
459;-29;686
803;-869;389;437;614
-892;332;-815
-357
-436;-852;-94
481;-840
851;19
-361
721;662;-204;-767;254;462
-881;997;149;487;634
-268;110;990;303
114
-177;724;-343;551;-383
888
-68;-869;37
-705;-260;-447
448;-650;-698
-695;462;94
397
910
26;730;667
-405
-963;692;85;-360;602;860
144;785;-372;359
-754;-649;-220;-319
-755;-502;-376;-524;-813
-994;259;-504;828
672;-515
304;877
-66;-867
215;-523;539;-93;-816;-768
291;293;-696;327;-192;143
528;-979;499;-727
-514;-712;31
438;39;238;479
-181;-920;-13;685
192;448;614;809;428;-14
614;-797
-370;-887;-445;-511;126;623
-580;163;-453;-346
-386;-915;852
473;492
211;-933;-251
-646;-393;-446
-787;190;-127
419;-781;-174;-191
-988
849;247;72;332
-477
-130;-244;-373;-536;-620;-111
837;668
385;-387;-902;-151;-200
232;255
-65;229;-141;-767
-322;809
981;21
-499;-919;-984;88;206;-943
768;-708;391;873;-576
-746;988
433;930;-313;-974;-831
-520;763
-247
451;568
-741;517;732
767
