-801;542
897;2;178;-407;28;590
-867;-376;-972;411;-973;719
896;673;130;-404;388;-392
422;377;-524
-41;746;-731
-246;-998;-318
276;-693;501;759;975
997;250;573
-771;275;-749;447
-835;934;-42;-670;-990;-479
-642;349
5;-443;989
288;817;983
-522;223
-593;-39;327
-417;-3;-750;-416
595;-950;791;-633;-623
-929;147;-294
-309
564
933;-775;-343;-64;-576
787;-870;-25;-208
657;-218;-379
-817;-558;29
-406;-429
931;-342;-904;778;-29;-109
107;988
-993;-184;-986;-506;-988
208;818;-376;-989;717;974
672;480;-933;150;662;-446
401;934;379;-108;-429;-335
-77
449;850;855;120;604;-239
594
-769;-227;-470;-301;-622
561;230;-188
-321;257;757;542;-912;-416
484;805;373;744
-129;-458;-908;-429;797
208;945;-578;229;-702
-856;-25;-511
695;-328
380
25;201;671
899
-38;967;-157;127
132
739;217;-733;332;605
663;-270
64;305;869;-24;249;-301
-929;497;-163;-361;-143;-320
-658
403
819;-405;709;-572;110
-292;-950;-444
408
337;-360;217;-349
-120;-219;-428;926
627;488;-650;891;301;815
-429
173
513;-203;636
-328;-620
18;-200
-324;-245;920;379;-288
243;548;-727;637
-314;874;654
593;515;729;-908;285
-200;679;-285
52;-5;266;-108;-656
-707
-483;-575;862
-309;-231;198;-890;11
-966
200
377;-364;444
674;-876
-611;-835;-823;271
-968;-72;-366;909;-480
8;-986
-466
-290;664;-170;270
548;-768
946;-998;-168
379;-159
-569;-955;-923;-847
323;-245;-534;-647;394;-285
513;515;777;-685;-639
658;-175
592;561;-547;646
-854;-57;682
146;-475;815
-148;697;-62
-722;-24
-387;-408;-392;953
-180;-138;-429
1;-214;565;-518;-10;-315
496
-641;-165;-743;-90;-559;-95
-338;37;-871;394;526
