417;-425
80;-244;-152;586
931;-446;525;-735
-322;545;146;-26;459;-781
-326;47
822;-798
88;-57;-569
673;818;-548;189;942
648;922
740;533;168;-895
449;-582;505;-189;878
929;529;-856;717
-849;-530;466;-519;623
-994;-108;-736
640;449;-437;-397;-687;-127
-821;501;665;-43
592;258;242;854;-633;270
-885;-375;699
-385;-437
84;-143
-503;-840
832
883;-939;-173;-94
-130;195;-741;38;649;-336
786;680;872;-987
337;-310;886;-491;-796;300
847
352;-109;-846
752;-241;163;956;781;-16
-49;19;-831
-605
706;-308;201;-91;-413;-959
-245;-219;-656
592;179;199;872;-207
373;-507;-845;110
643;-665;-80
855;-236;44;207
-116;-1000;-15
945;665;-268;-620;-527;-816
-548;-296;952
977;-355
-83;330;379
-410;-733
358;-478
-978;166;-606;-750
-716;-942
-124
34;-499;-420;-889;111
721;-691;-180;666;637
-130;901;746;123;-476
65;-274;631;247;-653;382
-260;903;615;-859
69;-935;-204;348;-191
755;879;303
-610;-869;565
807;-400
-802;436;89;350;846
-657;640;-18;-886
849;-630;-64
-371;214
855;826;796;-638;831;815
159
-306;-903;-24;350;718
-310;72;-298;-397
-801;657;856;-699;427;237
-947;933;918;-714;329;670
-680
-354;-436;262;-58;-864
134;-847;287
288;-210;-700;-781;975
172
-901;-137;537;-187
-180
2;437
16;-706;-376;795;-61;-622
-514;836;-390;378;58;331
459;-16
-188
967;839;942
295;-522;-507;543
577;-649;-123
899;-680;855;407;-73;-186
456
-242;-727
-464
-985;-668;606;-959
725
-727
755;692;-887;422
663;575
-86;102;-924;-94;-768;-240
-274;-597;-886
756;-839;559
-868;984;874
336;385;-56;840
-130;66;-613;-828;252;511
923;588
-225;-580;-341;-101;-395;-638
432;312
755
369;706;710
