456;-971
519
-433;697
-2;500;997;-439;-746;-831
597;-332
-267
-195;213
-849;659;-25;491
421;-143
-820;745;-460
24
883;-39;-444;987;174
-29
355;410;-798
-742;-249;489;-731;175
-977;529;452;-233;-830
-84;-469;500;-711;471
-899;-244;-564;644
931;264;-970;586
71;858;907
-304
-536;682;925
961;278;-359;871;-200;-733
931;-107
704;-99;901;-584;-569;-412
608;-915;-204;-509;-607;542
834
-625;-390;457;-394;-139
976;-135;-983;312;-142;-863
-401;578;73;-622;-464
688;562;-212;-564;-725;-329
160;165
-370;-567;347;-446;-64
84;969;814
227;836;42;219;-431;975
-787;165;439;-201;-205
-2;-587
912;-418;280;683;876;-720
-982;-983;183;-857
-80
121;-459
-961;593;921;331;910;-431
-338;979;613;-702;-30;846
858
672;-691;452;-486;182;-478
-261;837;536;-955;-253
160;705;708;906;634;317
-615
-577;832;-740;-405;-5;-746
-70;-745;-59
647;-474;493;-830;782
358;679;455;632;-731
279;-808;956;-798
-436;858;-764;-29
-378
755;344;56;-889;-461;317
850;980;-392;667;-45;-911
639
-435;454;-984;-553;620
-570;-203;-638
-83;454;342;-281;986
-948;-141;428;-253
401
-296;-112
-923
837;-823;-350;-592
-194;946;-840;667;605
-194;-792;88;-287
-291;-492;190;174
-401;993;738;-489;94
224;-859;-302
656;626;-836;746
965;262;56;-972;-140
684
368;-578;-548;485;-127;223
567;-128
834;-777;378;-971;-686
710
800;532;-998;-136
-65;-649
193;130;457;523;-332
-49;-118;742;332;-448
321;-501;-886;23;-699
-513;-244;932;-805;-492;-622
-177;-167;810
-134;-312;-793
72;799;-656
216
145;49;-276;756;59
833;617;574
-65;546;962;-648;809;170
815;703
-627;823;-74;618;717;63
-247
-504
-694;73;-140
761
-84;504;-9;-158
-241;674;341;-521
272;289;791;986;476
404;107
