-773
-649;910
-306;348;-928;-400
-49;834;-76;-191;-256
162;579;-105;-841;-570
867;567;623
17;390;270;-688
944;-596;293;138
-193;-147;-536;861
-724;-316;795;-543
-3;41;-941;-382;-272
992;103;328;-635
800;213;198;602;-765
768;-113;578;-933;-664;395
-210;677;295;313;238
-323;868;309;-790;406;590
-647;-318;671
620;525;687
-472;175
162;900;-720;-384
341;902;590
-868;-569;-398
-311
-103;551;249;-124
-279;-972;-864
-433;216;540
-322;133;870;410
-106;-733
-72
-148;580;356;55
-916;581;-602;601
706;70;-441
-135;-824;106
786;-308;680;-809
-211;84;-367;591
-149;581;343;602
-102
613
870
-676;628;-503;-423;474;395
40;-301;621
-177;-22;91
496;199;315;126
133;-601;250;843
114
594;41
288;-35;382
497;-884;756;393;-429;-973
-225;-772;-725;566
-841;-766;-63
-378;-780
-998;-103;-59
211;-629;136;-654;31
480;130;-967;439;311
-726;713;-382
-985;205;383
-657;-509
738;-807;316;-142;-94;-927
711;-873;377;188
-51;837;215;860;591
-406
-691;421;-136
882;-740;503;-796
-667
-248;152;-125;572;830
-160
817;-726;-256
-100;484;-890;-302;-414;-992
422
195;535;-382;493;446;671
-484;314
-171
512;162;852;342;351
723;984;-77;-175
580;-70;-942
-644;-88;300
-610;-823;-647;269;-671
977;465;-233;249
181
3;-186
-133;212;452;-22;155;799
-849;498;-148;54;-796;285
962
608;360
225;743
-994;253;942
458
290;756;-949;-489;809;-877
-81;422;-487;-74;571;622
437;-745;-649;666;-717;798
-733
838;410
-742
-610;177;-520;-201;169;-525
17;-916;-852;76;-942;-430
-987;-14
-322;-563;346;-463
-962;726
-932;-772;420;116;-621;-496
-690;409;-506;-285;-958;510
-465;-931;-628;-470;8;-316
