945;-890;-58
311;-48
-82;-675;-86;-505;140;429
593;-260;-916;-745;-475
-18
-149;-534;-600;839;-347
-530;554
25
26
-324;675;-905;235;-989
-693;853;-831;-896
450;-403;522;748;286;991
290
727;44;-736
-371;-997;-618;668
-552
45
598;219
-584;638
-370;-566;294;742;-349;815
-995;-421;-184;8
-56
-404;538;-508;430
378;190
-993;355;821;107;-606
-576
-916;-7;566;92;574;15
18;147;310;-376;-634;459
528;976;707;170
-801;327;74;61
386;-303
-136;727;-251
906;394;-447
-483;756;74
233;-142
306;42
838;-745
-580;-984;-650;953;349;814
531;-240;831
-275;175
-869
132;244;749
-3;-822;-632;967;-60;652
659;806;-425;954;-351
928;-678;-743;525;77
-366
-657;-305;-897;-115;838
709;394;-224
-625
2;515;-165;791;218;-987
177;-789;493
-962;194;763;477;927
-457;-778;857
48;753;-946;-948;997;218
370;770;-101;622
-498;227;356;809
-869;-412;-430;-976
803;493;-494;95
-209;-647;-811
-2;840;-192
848;325;-271
394
-902;74;972
321;-434;-500;-997;12;685
-788;934
585;73
240;913;-712;985
918;360;-874
-531;659;-441;-445;351
818;-723;-892;-287;-863
915;22;-695;876;-703
17;950;891;-30;126
-242;742;687
261;-632;-750;77;702;-336
83;291;-391;-731;-959
55;617;-843
834;-933;-348;717;670
689
52;244;-520;491;174
992;-803;-203;-941
-834;-122
190
261;535;-90
-596;-493;638
51;-138;-364
712
-979
321;-538;-511
387;723;154;187;251;-718
473
608;642;764
229;-854;-638;526
-883;-488;919;935;-186;-782
2;-727;743;-442;-575
388;183;-332
-306;117;600;-428;-367;-112
-38;653;655
946;67;-716;463
-803;148;693;119;-349;-829
-274;436;92
100;460;-798;238;-256
