-771;-855;-936
490;-382;-495;-127
130;434;23;-136;567;522
402;-955;751;319
-362;-157
854;703
272;-587;-220
-870;-106;522;795;-829;-48
-786;230;632;456;-895;-688
-131;19;476;398;-480
-37
-689;-118
512;848;-18;24;-556
768;-709;235;155;636;493
-170;127
43
-354;839;76
581;-923;27;-956;-316
564
-58
-194;-530;-484;-988;491;876
-902;-135;-136;-429
499;455;778;-763;636
-145;613;-542
149;472;-285;-413
644;468;-389;-424;-77;-143
-929;8;-189
964;950;430;303
-404;137;-459;814
771;-616;-891;-605;222
-369;-41;-905;-798;733
-321;-360;-189
-609;-471;-411;906;987;-44
19;-383
-364
915;986
131;-757
-757;-135;536;-138;443;-64
-895
992;-242;-792;-345
-836;968
64;674;-93
390
-485;-265;-160
258;-821;708
228;109;-191
945;-286
192;-19;852;-729;107
-243;901;-423;-875;-285
-849;468;101;-343;-761;203
-104;87;-730;-556;156;221
-306;-620
514;222;702
917;72;-970;461;447
-993;-546;899;-341;-151;-570
338;-509
-210;-179;-157;974;254
-502;795;907
791;-651;-318
-243;-478;31;-256
180
480;-331;924;-109;-270;766
-579;-118;85;-969;728;-864
-232;-811;-779;458;461;-303
176;322;198;767
-388;-1000;-333
-341;629;-12;-751;-480
-212;308;293;294;-239
-513;-178;417;-714;284
-353;868;-854;411;-573;-719
180;-758;-806;614;459;-910
-340;148;792;635
-274;998
658;-883;-982;-287
772;150;-824;-104;-956;491
-216
-475
-755;-775;29
385;-661;-443;-923;61;335
-550;888;652
822;999;-73;-281;-989
528;-914;866
199;539
177;229;6;-185
-786;374;-795;-302
996
897;727;655
80;-54;-102;517;-207
-439;-664;-415
-673;769;150;761
243
-497;742
55;191
80;-818;547;438
832;-73
352;993;-611;468;71
306;-659;-117;661;792;-478
551;264;-413;-909
-931;678
-945;721;-570;827;220
-608;-928
