-579;-342;410;683;-621;-64
-514
370;53;-295;-87;-729;699
-129;140
54;535;248;636;750;-159
17
-69;-806;11;590
-20
273;-470;477
26
-743;487;-733;285;127;287
98;707
-338;53;965;-264;876;542
785;-838;-989;-478;734;-31
-273;-312;-24;-520;-203
119;-768;-176
512;487;89;252
1;-196;216;201;-542
-924;604
114;-691;-652;347;-206
465;-22;903
578
810;-668;603;-477;-336
-726;343;458;986;430;-399
-8;78
-901;573
611;-955;154;-908
-340;-505
-407;903;348
353;-375;-824
866;-934;40;361
548;935;873;-524;315;235
-754;-350
79
-635;43
325;581;762;461
-99;181
-641;180;-810;-863
-709;501;731;335
-805;-326;572;-815
-215;327;-206
413;-318
33;425;-831;271
-358;-295;951;779;-174;991
-792;428
640;130;619
-903;-136;924
-472;-137;-185;-121;28
401;870;383
-531;-149;312;668;77
176;100;-10;-331;958
-762;-347;-300
421;697;-734
867;572;540;302;-863
545;835;-813;605
-914;-498;850;20;-379
289;-197;-997;327;639;-224
675
-377;-605;686;126
-939
-901;-422;-185;313
-81;305;-148;-520;798;-784
464;406;567;232;40
-355;-333
569;889
977;553;285;670;254
368;420;-278;-265;985;492
353;-185;729;58
-114;867;717
-929;789;-681;-843;-269;718
-192
641;197;716;-333
-645;677;-938;713;298;-816
321;646
-584;-26;-876
480;-662;840;972;-13;894
-331;542
-514;773;-794;-976;-752
51;-650;314;427;507;846
-162;556;78
148;326
912;-535;599;779
-480
851;661;-394;-893
71;-553
226
-646;-351
-2;147;-952;-702
-963;819;773;-953;508;814
739;659;629;-666;-267;-861
192;-753;-322;998;969;-335
466;-407;-553
666;-748;-669
272;-232;-538;874;922;476
-51;-106;861;-207
817;899;356;-142;-144
563;-341;798
-690;787;633;345;299;415
766
-225;-838;-472
-226;-173;-368
