-65;-611;-873
-14
449;-470;-856;316;31
-481;-146;361;797
536
519;-495
992;289;-5;329;-556
849;-219;-539;190
149;23;-153;-717;-30;702
282
-241;-51;212;825;-718
128;466;648;-682;239
487;-249;889;491;686;31
-546
-705;771;-232;-381
-39;296;-794;-460;92;-925
321;436;263;139;671
552
-277;-6;73;508
-625;673;861;670
582;745
706;899;492
503;-891;-447;-560;-320;-128
867;-48
743;-93;428;-766
-241;872;-106;557
-386;775;170;-701;-174
80;-402
-69
-886;997;-968;8;685;94
-22;550;890;235;-382;847
74;764
-465;-892
-755;138;603;829;-895
-933;986;78;462
848;593;422;-361;905;495
-93
326;534
-33;642;691;-295;-911
337;782
-225;433;-834;856;378
-417;518
-535;-634;878;910
-880
-522;412;333;-336
-547;85;574;463;-944
-306;-885;5;456;847
480;-106
928;537;-603;77;477;751
192;394;815
416;771;740;102;680;233
-135;890;-111
-498;849;743;-12;845
-509;-813;-974;-688;-992
-449;-386;-340;-710;951;284
-395
484;997;-954;-144;-528
-668;813
-42;-110
-449;132;725
-515;438;-890;43
156
16;483;-328;-585
-904;-543
481;371;-646;907;77
-369;-498;98;228;-395
-901;-745;-506;794;-605
960;-563;-371;980;-415;606
-639;-992;687
-962;915;967;28;255
356;294;841;-606;62
944;-983;615;-633;-379
-22;-203;444;-912
789;-572;731
800;707;-885;245;-174
-696
-913;468
928;-917;-582;507;-384
448
545;-89;203;-860
-462
512;-197;436;247;808;-573
-232;-331;-160
24;-330;825;-715;-272
-502;236;991
214
-120;-409;-206
-275;742;598;-842
80;379;-941
481
290;-901;-127
146;326;-535;-219;763
352;-345;906;412;-685;-158
-338;-668
691;-454
898;532;41;-507;623;-576
278;222
977;724;549;-471;-766
251
774;-631;878
-36;-475
