641;215;-697;539;-957
-7
-520
775
123;399
-810;-286;829
-593;993;892
12
258;52;-58;-92;623
-611;771;-646;343;-444;607
176;770;-755;645;-859
948;-414
280
-435;717
797
-727;-74;297;-235;987;814
-387;-971;-957;895;-928
-150;-604;-28;-893;350
48;-963;-772;-439;-877;910
864;975
-418;679;953;730;154;-766
868;-678;695;-745;-378;-586
-242;-613;-537;201;172;-317
-865;66;827;286
-834
-599;763;-844;747
-98;203;-173
116;-985;-479
800;37
-802;-292
326
-21;-439;360;970;-800
-169;-671
51;-788;-309;-454;-364
-843
-485;-554;-907;444;829;-943
64;529;836;757;841;125
819;-743;-699;284
-599
-600
65;-160
-610
-105;-764
-965;750;830
-342;702
757;823;-40;-411
-161;-370;933;310;-95
419;293;635;287;15
631;507
977;-387;-499;773;-168;955
-164;932;-938;-236;-991
465;-39;310;-106
647;-232;220
-49;-131;995;-312;57;-685
122;781
-67;-484;-616
-146
-529;104;-330;-796;637
118;327;-671;-432
-881;-977;-133;-525;318
-530;-902
-435;612;-587
832;-865;-92;-542
-802;961;-374;198;941
240;432;-292;265;651;143
-913;-642;-387;-522
-930
545;-579;230;839;921
928;773
347;331
672;6;-424;282;-973;13
-37;165;581;-909;-366;734
-850;-546;792;-591
683
995;278;-844
896;242;-259;-118;694
-871;-280;813;-942;-688
832;882
544;-584;477
-135;494;558;-735
-899;600;-874;989
561;-563;-55;631;444;-320
-132;-789;729;-845;-733;47
-99;325;-472;58
-213;-39;967;-281;-623
-609;-404;-747;287
-699;-107;-412
806;-329;744
-711
-497;-948;219
-289;-943
-977
-899;307;380
641;402;-564;502
-610;380
485
842;670
835;428
928;323;-647;-730;878
400;-949;778;780
-257;773;-764;235;524
