780;-61;-719
-514;-642;326;696;-906;14
-5
519
-577;844
800;147;347;511
-787
115;-5;-904
-342;294;-234
448;-930;69;696
-307;245;918;168;-750;-559
285
542
483;364;719
33
801
-135;-159
-218;521;254
-164;-708;644;-249;536;-14
944;289;310;172;892
704;-728;587
-503;-791;472
-822
480;-187;-284;-30;846
57
570
593;86;232;-395;650;-333
917;998;-57
661;-922;-63
-836
-873;-475
540;-864
-787;56;-941;-704
-598;-569;-923;-798
-839;199;380;844
-27;107
-994;932;-551;40;655
800;-997;-727;-697
-934;326;-887;568;-106;-844
-858
-346
385;-3;-170;137;-256
-242;-611;70;-904;-459
-869
-870
-374;476
160;450;-771;590;191
-731;843
576;307
979;793;-876;667;-414
-418;-263;-922;393;267;-720
389
537;879
-371;-643;230;-186;429;-622
-17;919;680;747;-399
907
-387;-268
910
132;86;-139;-224;-768
150;-761;-560
816;-449;679;-76;206
49;165;199;-345;-222
258;888;-601;632
-265;622;-511
-925
500;948
432;165;314;540
-817;-658;806;551;424;635
-687
698;-11
-946
698
957
984;749
576;-774
-150;133;983
533;-79
-679;56;809;782
-716
342;-25;-827;-942;-288
-293;-854;405;-76;-653;-14
-964;502
-737;530
148;-39;777;409;-813;749
-674;29;-334
-119;-606
-850;-4;-551;410;267;-256
240;-441;282;-813;-510
819;588;93
-129;99;150;-231;333
-241;402;-900;551;411
-915;628;-140;413;751
-597;136;-570;-860;349;543
336;866;-581;-315;954
932;374;966;759;280
572;-271;-800
321;-565
-529;465;-893;-525;975
225;25
257;196;504;-475;795
767
