-545;-17;-725
-897;850;114;-78
-134;-823;806;140
-755;-5;-102;557;670;926
-742;-38
-525
454;-664;991
-753;-773;823;-652;827
629;-647
-193;-530;338;405;-812
451;-196;-282
-505;395;-175
-31
-579;-151;-75
-981;-537;489;937;347;302
-815
880;50;-483;-69;-830;399
-481;706;650;155;909;-351
352;-84;70;-652;-254
32;576;613;454;942
768;948;843;206;366
-753;-803;-460;-608
976;661;872;490;331;-959
977;-394
-585
625;821;-350
941;927
500;325;-472;474;-751
-849
595
-340
-321;-486;488;-681;-109
-969;-427;-302;589
-665;346;-797
-321;670
-626;-807;314
640;735
96
-355
33;-226;-850;274;489;378
689;-392;103;252;940;-462
64;547;747;797
-741;855;-223
273;709;662;871;107;815
-625;-262;7
290;847
-628
629
-883;612;292;-331;-320
-625;745
-165;-376;-557;492;479
-850;-492;957
480;169
865;-919;-537;985
706;-803;675;183;-745;-413
416;-769;-437;-471;92
-133;-653;126
-913;678;424;812;-847
-156
64;241;-27;10;812;-173
400;-548;-217;123;-432
-194;599;937;-364;-560
757;-394;-651;491;-623
165
-980;537;-861;-143
-936
256;-84;-615;-621;892
-241;326;519;-64;143
130;776;-732
788;938;-731;972
-984;152;-426;234;267;-446
438;-760;811;861;365
371;102;886;-664
-700
241;-887;774;745;-459;29
786;701;749
320;682;299;173
417;-948;105;-828;300;-782
-201
-906;703
-515;-595;-389;-570;74
-963;371;387;308;922;-46
50;-774
689;182;634;-238;-543
-545;-276;484;-139;573;-831
195;-325;-862
659;851;-826;-411;-48
744
160;19;-389;-264;-1000;728
562;148;-477
-324;-283;-396;-512
949;-775;473;553;172;-366
27;-780
-580;404;421
979;-217
-888;125
-995;741
-274;-260;-73;861
515;-5
-456;586;893
977;-130;-483;514;-917;806
