322;-644;-703
624;785;-324;-677;-265;-143
791;490
-516;436;710;347;-79;127
-370;628
772;-923;-109
693;181;485;581;-652
432;-929;849;-892;527
178;-311;-265;383
704;-899;-740;919
-707;323;-88;138;318
-162;583;218;-93;750
177;242;86;265;-250;9
-385;209;611;600;808;-543
568;-845
-178;713
-539
530;534;-201;328;632
608;-433;-995;-26;811
482;600;-10
273;-402;54;-494
465;-510;973;925
-321;53;155;-463
-195;-878;-783
146;-904;-586
-930;938;955;-382
-325;645;7
311;-154;-491;-748;-272
588
-520;-584
-900;965;-134;412
-338;-148;215;-331
464;-660;-598;191
-609;5
336;-514;81;-548;-919;-583
-225;35;-53;169;-682;-624
357
616
388;773;170;-172;-287
361
962;-564;317;-111;14
-803;-437;-809;280;430;463
-805;927
304;-898;-52;519
676;-216;474;826;-95
-580;-64
196;-395;843
-594;962;51;-887;519;-185
117;870;648;105;698
-849;-275;-296;-73;-187
-66;977;260;218;-990
-5;-584;-650;-28;-334;-848
-81;136;778;-688
450;213
336;277;921;668
-243;-585;1000;909;-159
-321;660;650;445
839;473;123
549;437;280;-697;-762;861
310;365
-741;717;446
293;-444;910;687
-69;236
626;-939;-639;271
-865;-519;168;296;366;127
375;-361;701;991
-642;-482;55;203;-590
885;571
390;-875;-251;220;-942
96;-378;14;702
549;-955;-798
928;258;-278;74;733
-504;317
-209;839;-10;747;109
641;584;254
-236;-732
-849;854;920;-140;-444;-798
-482;605;77
-691;-676;-935;-423;-90;-205
561;411
973
-35;-172
-915;-725;-780;-718;-383;-528
-17;884;-632;-448
819;-183;525;847
-54;439;829;285
-908;-287;495;479
-562;-471;141;494;-336
49;372;-885;-149;-633
851;-533;280;392
-933;-424;-345;-314
375;568;877;-48
997;519
48;-76;380;-590
99;-949;932;-873;-940;-559
253;-752
-146;-610
-757
246
502
-483;-278
