356;-952;-686
759;-89;793;843
-165;487;-64
-114;-597;-951;375;855;427
242;-803;566
-945;648;-863;-896
-97;533;682;-780;-860
265
522
-535;907;493;-736;-112
131;-57;955;-238
809;-15
464;-455;-392;411
542
-581;116;891;-140;-255
128;323;93
546
257;-344;282;-304;143
-729;539;-765;398
804;875;670
-961;265;-522;-93;-272
643;683
272;37;-444;764;845;110
-196;838;7;-700
-321;-85;-316;702;-800
-961;834;-524;-174
433;-244;604;31
57
570
976;432;-500;-570;172;61
368;661;-712
-549;-25
-529;484;-121;346;906
996;536;-700
-834;-221;478
229;-950;-615;-9
-405;969;270
-930;563;725;-826;490;557
-837
369;-179;314;590
-585
-2;-421;-328;-346
-657;547;-224
343
-136;782;-991
627;486
-754;370;476
94
242;355;-148;453;-39
-739;856;-827;-667
-961;131;-422;-410;795
181;-378;-654;-528
-177;337;291;325;695;-346
161;694;183;-414
-578;-346;-959;223
-127
68;438;-890
470;662;-121;-859;237
610;887;-217;-940;-493;14
138
-457;856
-400
-657
-486;-119;-939;-651
152
640;193;585;-846;605
539;-190;830
-968;298
-143;-783
-833;-728;120
-372;391;952;731
-675;643;-666;-218;377;-655
976;994
-438
434;772
739;632;-425;121;396
459;364;-384
-372;-583
839;696;702
-963
-707
738;-344;632;-320
-808;-312;-617
720;-439;-120;-460;-672
-598;216;585
529;-519;807;157
816;-1000;730;285;-111
977
-598;854;985
912;-514;-636;-829;-687
-733;-766
-306;-212;-358;-492;316;-960
-497;-951;-56
-738
868;198;26;-860
-194;829;622
-310;-872;-589
-723;325;-711;185;687
-753
580;679;967;-27;-111;-815
-147;915;-677;596;232;-413
