-498;930;-469;-935;458
771;-74;-11;186;874;-719
51;-836;-551;-717
261
529;297;463
-849;-835;153;-159;143
-58;505;717;383
-881;-625;-402;-715;-779;62
952;-427
-167;422;-952;-858
404;-935
275
-961;871;-446
-530;385;407;-616;382
-126;-671
241;-630;121;235
40;505
290
336;7;743;-953;-96
-469;-678;343;360;-650;797
19;-485;886;923;748
336;707;-998
-819
-977;-418;522;-63;-911
826
-786;-515;835;-980;859;269
-64
832
896;707
-596;-808;-458;-459;973
385;57;138
881;290;597;-925
84;248
-885;808;475;-110;558
-3;-280;874
867;-388;-693;533;-602;202
-241;583
82;-426
-940;-687
402;-55
753;72;120;699;-526
470;822;-12;351
498;-100;-496
-932;979;824;680;-75;-95
448;341;982;892
610;-467;-931;691;201
646;-541
110
-995;407;-220;571;604
-929;290;-133;308;358;477
-227;-869;-494;77;-655
209;-290;-901;633;-843;815
-674;-217
-901
-227;-212;677;137;-540;-992
99;-745
611;-471;-792
193;-210;706;-525;348;-656
-917
240;851;-808;-744;-669;-45
-919
-369;913;-248;312;729;-159
-406;-57;-976
-819;262;-521;201;459
-627;-304
129;649;569;-861;701
806;-970
-529;-385;35;584;458
618;826
978;853;-793;-618
-695;-217;-425;-368
-644;-166;-902;519
-277;-285;735
-209;-82;-403
-446
446
-18;931;659;-311;-555
304;916
-562;933;280;314
-225;914;789
161;-873
849;-550;-378;-384
64;289;-181;-892
-595;-638
-355;-515;-493;-287;415
498;-533;772;-890;-318
307;-327;-843;682;940;-32
-930;-599;711;-251;-141;-543
734
800;709;117;198;351;-928
-199;425
-196;-136;167;391
-310;-430
656;-259;603
-603;-912
66;-680;-347;-444;-572;716
162;41;698;108
-411;-989;126
-786;-6;-199;168;-746;-730
-996;233
405;-153
