81;-355;-69;343
-674;-997;-390;-902;918;507
-946;-327;295;873;620
801;-506;-204;-879;798;-527
497;280
-321;-790;825;553
-594;979;-488;-123;-252;-559
436;345
-962;-514;-534;202
466;-627;900;853;215
740;644;-599
-293;-444;59;-685;-192
881;-606
915;692;761;-812
-514;-20;555
305;853;-40;440
-179;-867;-356;340;948;-937
108;-80
390;666
865;-866;-582;-687;-559
708;376;747
885;-823;-552;215;-751;719
994;-455;444;93
82;-211;355;-388;-917
964;311;-959
-436;-568;9;-315;731
832;-764
946;179;-362;778;-717;-894
-827;-188;175
-5;845
72
384;-462;671
59;-909
-99;437
288;-627;-8
832;384;922
90
536;-446
-610;-323;-859;-862
468;-583;-752
355
-146;43
-947;-295;-920;779
-259;-614;-298;138;-94
700;238;447
-900;-105;540;830
83;-933;984;585;525;-878
-180;-901;23;-77
945;197;695;-571;381
-105;-762;-15
-372
-441;558
-753;857;-444;460
-60;-126;-447
841;-10;426;-111
-338;197;581;-664;603
646;183;-464;527
-18;262;585;-478;318;991
676;-185;-489;-746;363
-639
-127
-938;601;719
951;971
-119;-13
193;-994;-40;-205;-880
-530;884;68;949;589;735
384;-119;-412
-502;-39;-393;-765;-272;-224
-149
-500;67;-628;-118
-670
930
675
-835;-103
867;844
524;-704
-115;597;920;41;-750
-951
-422;-715;-589
-4;-858;606;-703
945;-749
-675;531;-969;-987;43;-960
-162;-587;30
-465
-419;132;425;-685;-176
912;-187
-472
-373;245;-119;-583;-272;-144
-87;-650
-595;-996;-648;-74;-828;-413
-739
-232
-691;260;599;-926;990
96;-226;951;152;-733;253
160;-178;-309;-216;887;664
-35;-573;366
131;-266;890;-252
-321;818;519
730;30
760
640;736;258;-115;781
