-72;-697
100;668
467;-987
-692;700;-272
-643;-676;542
80;470;-602;573
449;73;-255
500;-554;-653;974
784;766
707;-724
17
529
786
-899;835;-54;-415
278
-129;-745;-941
49;310;935;125;-622
-887;-266;-672
-997;-570;505;-510
-808
-33;72;873;891;286
562;-198;-551;777;478
-243;-728;489;-590
802;227;919;-825;878;862
-227;279;840;-875;429;-398
-665;-668
-578
416;305;-969;684;142
67
154;860;-941;-94;-303
-54;121
-338;-467;-800
73
931;165;777
-851
362;235
803;838;573;-80
928;676;277
576;116;-602
368;4;-374;-605
-451;786;-532;264;798
874;412;-670
165;-231;940
-753;321;68
-341;-824;508;-223
-627
97;898;84;-27;862
485;508;158
-646;774
-897
-834;-576
-468;294;303
225;-86;885;-124
-695;-719
400;406;375;489
-584;-828;508
-116;-361;-909;989
807;-667
-853;-219;-255;334;79
195;169;-622;111
915
-149
421;806;406;824
-450;-67;-188;859
-756;911
928
-530;-735;334
-306;583;-169;970;876
-851;-491;-110
502;-648;-540;-462;-560
174
772;-615;891;926
160;453;-633;715
-933;951;-955;907;-926
-644;-390;-919;667;171;156
820;397
705
136;-587
-87;249;-879
-463
514;-660;-486;-346;-699;190
-720
469
66;-137;-298;218;365
-177;-833;5;-954;190;-239
442;797
209;-917;86;155;940
-422;838;7;-857;893;526
931;485;-647;476
994;36;476
-549;-311;-825;153;-751
491
-898;658;-965;-954;237;398
-244
-485;551;40;-864
704;227;-856;426
-979;-292
-324;-437
192;-818;38;266;-268;-175
-22;102;172
-765
