49;38;791;-169;314;-765
208;-659;-35;-454;-603
-713;-831
502;-685;191
-434;805;-887;-792;344;973
522
913;-501;-747;-125;943;-496
841;-61
258;-341;-503;570
-515;-435;-325;980;85;-319
243;-582;-191
-342;-488;-840;-26;397
-721;-839
-797
-227;-519;8;232;218
549
-806
-297
-692;-101;778;-32
-703;-112
993;68;-347;42;284;799
-805;-255;-15
-753;-854;-570;845
-451;396
935;-623
433;-119
-167;135;-603;90;-796
914;-230;935;-92;79
-467;-119
961;712;202;683;398;-64
-581;501
-231;-364
933;-107;-909
-84
801;-372;-743;-345;426;-364
-177;-42;-379
-305;-434;-578;-84;-12;302
19;344;-858;283;-124;942
-103;-250
-97;-930;-227;-153;285
-214;567
92;-591;-112
201;666
-101
-243;233;-538;908
-339;444
-278;393;810;155;-621;-351
-676;407;-944;223;879
111
-129;-529;-988;253
371
34;247;568;713;90
-885
978;-726;-264;-362
-99;-452;262;-375;-970;491
126
24;-922
-442;46
-369;-515;-837;301
704;-305
213;843;-144
-547;678;667;-220;-862;430
181;940;-462
465;-282;-589
-662;-173;524;460
-155
801;-165;21;-970;268;-879
-281;-91;-299
-514;-245;967;777;-686;-718
67;70;-90;26;-780;543
521;-522;-733;-974
-174
-730;300
-643;82;131
-688
-185;879
658;-583;888;-12;-765
-234;-717;764
34;-989
897;853;-795
385;154;378;413;142
402;-965;-809;221;702
-974
-721
-531;-958
977
274;324;422;985
802;-436;-456;815
-217
-584;904;668;462;559
33;820;901;917;267;-669
-993
690;-581;-846
-69;536;527
916;-807;-857;-509
-746
-491
239
69;684
-68;918;-605
-18;-583;551;-586;-780;908
