-52;806;-93;-400
-916;-25;-859
707;711;382
9
-707;309;-393;267
995;388;-23;955
208;805;-183;-361;-446
-900;-501;-856;25;410
-547
-35
290
-548
806;-632;311;396;-78
389;-766;-687
-577;-803;907;-79
-678;-262;125
816
-306
-418;114;-118;790;-187;383
-455;509
-824
-678;-871;-813
579;-10
-827
-375;315
319
-305;88;266;526
-577
-209;530
-420;-668;253;-512
-740;806
-790;522;-347;-991
-546;-883;-4;-270;-671
561;-835;390;-699
-18;373;-872;218;-572;799
-996;-7;-391;-715;-528
-145;-533;-807;-600;-76;-989
-881;803
801;963;517;-666
-595
-994;-24;-858
440;30;127
342
-722;378
-897;-913;-391;-200
-885;-474;236
-609;212;-792;-137;349;109
-884
-226;-338;-137;392;-842;523
-341;996;-792;104;926
977;695;698;830
-292;-695;583;-751
276;249;-683;-78;879
-147;571;-47;271
-269;348;317
-116;-407;535;904
-662
-407
667
-375;490;347;303;415
112;-807;-232
114;-228;-295;823
772;-54;-560
999;-904;-249;830
-934
-321;-870
229;-399
-642;872;-571;-763;-861
864;-535;-763
443
-702
-212;664
-901;-406;102;237
160;-748;399;-528
865;226;557;397;-303
-978
130;852
-731
130;-564;-892;-176
-469;-521
-740
484
-466;951
-258;-229
23;-362;-986;-685;-670;143
307;21;965;475
-593;965;-139
181;215;-890
-750
404;-821;-334
208;-246;-999;-255;462;79
33;-22;134;94
496
-914;-899;291
71;-620;-717
-228;-783
866;-109
-373;-167;135;907
-718;207
510
-511
