954;-859;-96
240;-499
377;911
438;349
928;883;3
965;-7;-920;-40;-29
262;25
-835;328;-570;441;91
-210;161;-771;-238
23;474;-235;411;-639
-474;-587
96;257;-707;408;-764;-352
192;809;-27;95
453;903;487
-499;51;-694;-654;-48
-242;-362;985;841;111
65;259;-296;-58;-59;-224
339;-7;-443;-11;-703
505;-507;559;831;463
572
-321
512;-804;-774;965;-791;313
-370;886;-41;109
-645;571
531;-247;814
-979;-227;-181;-101;-411;542
472;-570;-236
210;532;-744;-669;-175
48;38;-391;-798
57;538
-343
323;149;-887;-300;-668;783
532;471;75;-493;15
371;-27
-603
-679;775
-897;-20;903;367
-965;-842;508;173
480;-149;169;-399
-610;-842;-702
488;-666;-811;-670;782
-787;-580;-200;-78
-757;-313;-398;415;943
385;-114;486;-666;-715
851;541
-563;680
112;-489
274;787;37;261;270;542
898;-249
-664;248;552;-729;94;895
517;-315;-348
-212;-447
821;-268;-702
913;948;-584;-442;-428
432;571;301;-895
454;-43
-529;87;-827;-571;-108
157
-417
-930
-403;871;393;-92;-350
918;-633;905;509
65;961;-515;-473;-970
931
914;22;455;-459
-531;-612;61;398
-50;-435;-37;-405;-16
-562;356;37;-950;-592
-833;848;-451;-728;443;31
243;404;-442;-911;-496
-517;806;791;892
883;134;973;494
-803;-135;-16
372;299;31
-372;918;59;-796
-447
-626;151;524;543;111
-819;310;-968
64;323;-842
-212;-137;-879
-972
-563;-179;933;-908
-207
544;-770;434
-219;941
545;929;-293;-839;-844;-478
-727;-572;316
214
692;902;697;-541
48;-211;37;-344;264;-10
984
64;409
242;-25
478
-736
225
-645;-473;-124;-269
-627;683;430
-628;-517;-617;906;-656
288;896;77
416;962;-611
