-817;-720
704;-242;-906;959
-97;-547;-186;-220;-752
-933;317;93
853;955
112;50;312;-668;-336
-786
-276
280
417;378
286
-390;248;681;-572
33
53;236
772;22;263
-802;-932;-649;523;-990
193;402;-341;292
-418;101;-311;-570;139
37;-230;537;-426;251;-461
-513;369;275;-637;-399;-671
-625;-268;-445;-494
792;-425;-59;-862
-4;-198;157
912;-370;823;-665;-558;159
338;35;-597;296;202;540
-114;841;889;223
561
529;-260;-56;-603;524;428
-56
807;-329;-796;381
432;-496
10;-333
521;60
-73
896;-684;-655;-144
-836;932;581;940
469;-88;120;-587
256;-170
-956;-701;-223
960;-33;-786;-354;-452;-704
904;-810
-653;46
355
870
-962;802;135;792;-570;-94
-873
-418;706;953;-623
-968;186;875;270
500;924;-414;-384
323;-378;446;495
-49;565;-391
817;962;-212;950;169
387
881;210;946;488;943
-17;-466;311;891;445
784;-642
910
-977;-706;-920;955;-544
-824;681;543
915;69;-326
84;694;136
-547;-822;-826
-818;390;923;-348
-45;-112
-413
-229;-710;77;-831
-661;-469;-552;-267
-515;-840;552;-665;25
359;62
944;819;-613;41
113;-419;-631
-171
545;66;-436
932;-871;-439;202
-803;-102;-87;300;-767
918;-616;-952;-793;237;767
-483;182;-426;-480
-52;883;-986;-797
-833;-375
448;-791;-328;-27
32;-978;-245;377;-396
266;-187;877
-661;-558
901;-201;777
-616;-862
-716
364;-159
462
-722
-467
368;168;-990;-14
-450;949;967;281
-771;341;677;-378;-124;-222
-545;418;-292;553;94
-1000
-515;-820;-901;-613;-457
-450;86;297;300
918;28;61
-217;237;991
-210;-503;905;203;367
413;863
