-228;422;-232;-859;813;-687
-49;-561;-99;-798;991
578;-731;159
-257;-246;952;-988;-173;447
-21
-424;-111
865;439
768;-788;-518
184;-300;142
704;-66;-247;234;938
553;-506;-155;474;942
-561;-792;217;-431
32
544
-148;-656
-807
-551
-819;-291;83;-662;776;954
-500;798
548;-711;923;-716
769;-210
47
-308
96;-851;-357;776;-362;-638
-993;356;358;408;-187
-316
32;230;327;168;-11;-429
61
-609;864;-51;-758;188;303
19;-952;-410;573;-319
-917;-662;-377;-157
112;-793;60;942
-581
-980;909
791;-860;908
-257;967;-844;109;-815
-18;949;-25;702
-483;-883;-517;38;236
-934;585;429
-722;369;386;216;346
-343
-707;-661
-994;547;-891;476
960;-786;180;-838;1000;92
100
-872
48;434;-755;293;118;991
-625
-386;-51;-742;552
884
888
229;72;-427
130;-217;-810
-982;150;680;74;207
272;-914;-3
386;-935;506;891;108;462
-707;-985;824;700;60;-287
-20;-379
434;-934;-631;173;46
32;-932;-541;-624;-640
995;963;20;-373;53;-746
677;-38;-490;253
-481;-610;885;-246;-960;-784
915;-597;-203;-604;-432
-667
996;-329
880;-468
-520;106
417
418
129;504;-875;572;797;63
-612;117;-167;494
-103;-343;-891;479;-848
-546;-156;445;686
-686
384;-326;-714;-250;970;-752
257;-532;343;121;-701;-176
-21;-157
-407;585
180;181;249;-176
-593;-567;-919;988;-112
-501;-126;447
-185
50;-570;442;-63;-816
374;439;1000;174
-310;694;585
-715
216;296;-972
768;469;134;-520;-392
-199;-105;429;79
-753;276;119;215;507;-830
-375;-861
-470
-513;-102;-375;-411;668
-961;820;423;201
-819;500;-667;-12
-738;-489;-427;-364;237
512;-584;-108;685
945;-439
689;-492;-960
864;924
