218;364;-413;-944
228;-236
-55;-265;-650;958
338;418;-501;-666;142
-98;-37;949;-732;-607
272;-147;-109;557;-303
-547;148;61;365;-47
448;584;475;-205
792
475;573
-801;6
65;-774;39;955
217;-255
272;-117;-821;905;-715;-76
-460;-93
-674;818;152
-773;-919;887;519;667;430
-257;65;82;-965;-109;-399
-337;-282;697;122;367
400;981;-558
50;-613;-598;-793;872
872;-106;-204;-190;-704;-752
-316
318
-454;-120;-682;-890;201;-171
688;-450;-822;-766
260;-711;966;-666;221
-73
-165;-504;-684
-481;817
950;-91
-351
82;211;227;-380;-493
-278;999;-749;237;-174;831
-113;993;481;194;-919;233
105
557;317
-371
-625;944;676;-729;171;702
576;769;-70;-826;-637;815
-67;694
-393;765
149;-535;-443;-316
-638
783;111
-384
145;-644;-996;-44;-286;-864
-501;-909
-819;-636;-765;44;254
-248;378
329;-779;63
899
-33;-35;-787;-694;903
-133;-279;-284;318;238
-694;-119;954
-433;386;-867
-226;-730;-828;-157
-565;-40;-313
-418;-52;-102;-460;-685;540
-353;-829
916;-679;-909
310;-648;-78
-690;402;-249;-141
-129;-706;146;-917;-864
-852;967;488;958;910
-580;-996;171;-445;-624
-289;-921;122;-621
944;710;-712
176
-691
-244;963;-823;799
529;-498;-185;-800
288;133;-235
-97;-489;140
-446
466;274;-234;-315
246;311;-203;-220;830
-723;515;-616;879;143
-530;-761;-829;-383
-171;-28
881;-755;482;1000;-894
162;-996;-85;253;207
-19;691;-201;584;-218;-378
-531;231;-152;952;299;-589
805;553;507;908
-729
-183;-281;937
991
-434;198;-312;-333;141
352;-515;-454;-391;776
-258;-599;780;-670
791;312;-841;-28
-917;265;218;266;379;-704
-496
101;-587;-125;-685;-480
706;37;-183;888;410;942
48;499;231;506;478;-752
-507
251
582;-746;-91
-835;660;685
