-738;883;-602;-652;-684
-69;-134;-331;827;222
467;567;-345;488;875
161;-507;350
994;547
-51;-339;82;-150;40;680
-519
-151;-88;-24
-313;-905;697
265
-177;385;-356;926
-548;-233;795
116;158
-709;470;-808
541
797;-334;-494
801
-165;-896
805
-403;-870;-716;670
870;-808;232
808
485;-527
-356;-708;-390;-518;412;492
-556
-498;297;42;812;-352
-84;-268;-574;111
-212;-310;-523;-31
529;-571;95
-229;-649;-204
-473;428;-16
578
-99;168
859;236;255
801;6;-736
-834;-519
-74
896;228;-41;-190;350;367
-742;-567;974
-438;58;300
-357;276
-184;-491;318;-496
-467;370;469;-286
343
-872;-496
-873;286;942
272;892;301;862;991;-144
432;694
66;-525;-158
443;686
-180;982;-233;-460
-833;-23;488
693;447
-914;-85;868;877;399
-18;-361
-673;919;-527;158
547;426;429
982;-953;-985;575
382
-920;-41;-635;-304;-672;127
-655
-801;528;499;29;-400
147
928;-177;-210;-53;-670;-735
354;-183;952;474;250;95
452;-410;876
665
-962;242;-823;-249;-218;319
901;971;846
323;-6;-697;797
-691;-933;373;63
818;467;-935;584
178;660;-248;-766
820;331;-766;-991;782
-739;932;-245;-638
-305;-945;814
-694
-580;327;-428;-527
-651;-302
-444
187
-197;901
-274;417;658;675;-762;-907
313;858;46
-165;-357;-71;395
712
-362;-607
699;-590;349
284;942
965;-888;139
-988
-676;-569
-867;-820;403;-103;458;-576
-347;574
932;-11;847
132;-534;791;-538;-107;-236
-579;786;773;-408;-638;-432
679;957;-95;495
51;-519;-425;-123;-669;-864
-997;36;711
-507
