65;296;-364
499;966;-152;-456;-862;-255
-676;937
-674;-852;-21
-450;-886;-982;55;971
-625;99;-148;805;905
-548;970;110
-790
704;454;-839;-392;-976
-897;-38;-198;-428
-282
-577;294
438;902;346;-141;-237
-389;312;47
-727;-617;841;313;11;-877
-11;301
-245;-560
295
820;-8
-956;142
-822
5;-166;-392;862
-313
563;777;-256
-610;-43;-944
561;307;116;902;-701;-864
-202;269
-644;715
-978;546;867;515;-622
-364;59;-542
448;-802;131;474;-859;269
339
-482;198;375;-687
-853;-216;-808;-953;859;351
-49;824;844
49;-171;-476
865;947;41;973;846
-900;-661;-232;-347
859
258;85;396;173;766;462
-452;711;250;397;-814
-433;-438;296;219
875
-497;-139;27;-527
-195;452;501;361;-495
-465;-701;77;975
240;149;-906;143
-890
-49;-763;-592
275;-248;-297;905
-577;546;152;-266;-237
410;-347;319
-353;-117;487;-554;-427;-444
-776;360;-780;908;-352
468;-773;247;777;-74
160;928;241;-79;222;-304
-353;660;-858;713;442;-459
881;-996;699;397;845;-143
400;518
182;-809;476
339;118;461
96;-210;437;-200;-587;-203
-887;-312;-495
-546;959
-159
-81;-353;-340;-76;-335
929;-467;-490;314;-704
-881;774;-313;863;-16
951
-770;117;840
-306;-483;-614;-8;711
-579;-636;700;959
-20;71;361;-858
-190
848;30;-176
-666;858
-273;78
24;-992
202
871;296;-956;284;892;863
-261;-651;-62
976
-468;-375;40;808;-731
991
224
481
483;966;-456
489
840;-732;942;975
-353;-651
497;-324;262;-711;-474
-456;-858;-987;778;-96;95
546;67;472;568;62;-960
840;172
354;-601
-803;-726
962;-900;443
764
707;395;686
276;682;575
767
