-167;424
384;-127
-339;870;-16
963;-902;968
-133;844;574
-309;149;92;572;158;-399
-819;315;206;-479
-241;976;7;279;462;62
-131;-934;-342;-410;297;-539
453;70
850;-302;-560
-811;284
-407;-639
-662;397;-974;-64
483;-762
20;200;829
355;-903;574
22;262
-21;217;831;287
949;861;-238
419;-677;184;-731
545;-507
-216;-169;-171
65;-880
-625;-996;-500;123;670
-609;822;297;-954;396
192;-340;-670
-306
-83;-813;77
-177;684;316
-569
-292;515;373;-654
981;-409
828
-371;548;-104;-649
272;-848
389;282;-941;847
-67;123;13;510
-401;-386;803;997;334
-737;-871;-281;-846;221;141
-179;108
689;-514;-485;-933;-6;151
64;553;-27
335
79
363;-959
-914;342;844;973;127
851;-903;522;236;140;526
-306;-584;924;957;895
-130;-105;461;-128
145;194;115;980;166;-464
-100;469
-85;-40;-31;527
387;-327;443;-765;269;367
193;434;437;-639;974
380
-203;811;-461;-528
-326;102;-382;-544
130
768;-4;7;520;8;-910
578;406;-79
-85;-614;-23;-73;-122
-516;935;791;778;-92;46
192;-806;205
-18;-371;979;-91;971;221
-671
-340;-168;346
-882;461
465;177;551
-898;-86;950;-137
-171
129;-357;72;-784
-685
-433
402;-537;-572;-334;-416
451;-282;-858
832;913;360;-665;888;669
865;88
958
34;965;-664;552;77
-337;-532;917;184;221
-915;-310
-148;-57
1;207
-401;-596;-342;-874;-301
-210
-758;-935;459
-881;36;-393
-707;-678;-443;794;-460
-755;772;200
137;-714;-415
-634;861
-851;197;168
-53;-476;764
-492
-765;-496
-417;548;712;-95
544;974
-495
-754
2;946;258;-324;127
