-3
-884;933;-807;-526
-661;-112
-994;806;262;374;360;-288
-281;-217;971;815
-777
-913;-259;693;-520;988
-16
-8;25
354;691;-373;-856;-589;-271
50;950;-824;-203
-999;-889;684;-638;-830;-942
-529;387;-400
97;785;-870;806;168;-187
-114;-250;219;-349;462
-802
128;768;-435;-724;-861;318
-553
-822;-253
-145;-611;-63
-51
825
-851;547;661;-332;540;-623
371;661;-982;9
786;-548;-149;-700;927
275;554
32;978;-537;-800
-259;-582
117;-346;815
-436;-117;346;-892
456;555;254;351
-82
822;666;-382
834;438;94
-930;-373;-6;-745;700;-781
-305;36;-794;329;826
-225;-125
-601;-779
355
-417;-273;28;-976
202;412
873
361
110
-913;802
-623
-867;679;558
579;-150;-664;-137
8;-125
454;431
-772;141
-386
-833;-583
336;16;-50;-259;351
161;343;-25;428
-38;518;856;-684
-689;-10;797;815
48;-226;914;-693;-807;359
-706;-724
412
-597;-199;-985;-170
-547;-380
931;189;-192
123;-799
-678
-838;-378;-682;-317
50;562;245;5;584
678
121;302
-881;661;-264;-379;-61;-270
99;681;203;-13;-800
-287;-399
-150;-282
-404;843
514;568;91;-206;-270
944;965;-872;220;-559
957
690;-979;-159
-724;-86;-571;-94
-273;-435
-454
907;59
-37;869;-377
-460
-390;438;924
451;-310;841;394;555;-956
-403;-340;-231;-266
513;-148;-968;-383
485;133;-397
-530;-499;-38;332
-746
-235
369;-606
-214;-22;985
-591;846;-15
-361;26;-267;-219;476;-670
-203;-814
417;-243;333;254;767
305;-324;-516;-174;927;287
-344;568;29
304;-469;-857;-459;427;31
