-771
-321;144;658;-486
67;-842;-511
-625;181;-297;222
547;108;204;687
-433;-286;-830
881;100;-204;-509
769;13
-705;-899;51
-66;515;266;203;-541;413
-66;945;-419;-101;-895
368;-183;-719;558
977;-436
-852;-311;-185;-731
-801
-803
16;-996;-918;-955
-408;-655
923;910
562;-583;166;157
337;321;-405;-343;-39;943
-675;-356;25;-586
-51;-803;-741
-289;667;-61
-775;-621;-719
180;-760
835
-149;217
-584
801;491;319
149;-904;-602
-865;-548;-969;-287;-159;446
-642;-340;-644;268
-387;293;12
897;-554
88
-167;920;458;-29;908;559
-346
348
-862
241;213;679;-14
-612
-100
-68;249;-794
944;-515;-980;165;998
-275;-935;150;-585;-797;-992
877
-301;333;845
670;-48
816;-932
144;-867;-788;-59;682
227;677;56;154;-477
-402;242;19;9
-486;566;-251;-223
393
817;351
-629;775
487;-508;907;540
-213;692;27;-63;-848
-745;895
98;565
843;-12;859
-778;-732;141;254;191
416;-261
-884;-824;14
914;-424;505;188
-672
929
-931
419
-537;472;-617;-378;907;-269
-427
-697;9
417;-642;-681;-62;-799;-464
693;712;314
-817;17;306;279;696;-666
-677;-875;-460;-990
-931;488
-699
65;890
-191
850;-409;-585;268;-734;-863
915;-216;520
-452
435;357;7;411;15
202
-593;-742;-616;-856;-44;-686
-906;-589;-287;-576;-672
-246;-422;343;-840;-845
372;-154
991
-601;-314;-619;477;-704
866;402;-584;827;381;127
-146;-643;451;120;-267
-257;-197;223
182;8;811
689;675;-618
-723;582;-840;490
659;-742;-922
-495
291;869;876;509
