-897;676;-263;-797
-519
100;-621
358;-233;-506;204;-173;-942
962;-759;-968;72;362;63
523
12
-963;294;55;-664;-841;824
163;180;-394;-494;-238
-490;381;382
516;-374;-27;-95
791
-578;-472
-945;960;386;-660;797
-580;-985
28
797
-195;-965;-277;382
-225;164;-12;-540;-94;-862
992;-136;-893
950;-400
304;450;-181;495
832;-852;996;-326;-56;478
416;912
-817
-49
835;996;522
-563
704;-229;-102;-28;475
65;323;-740;-233;269
512;-626;-819;347
-741;-823;-359;-394;-746;683
-29;-254;126;-944
76
-535;-572
-339
-353;-135;827
-488;827
277;664;200;555;-333
-10;667;-781;-701;910
359;-447
-721;114;549;806;390;231
-347
-836;772;-319;-480
512;-619;765;494;-544
-4;-861
865
-466;-102;-634;-735;559
-103;298;927
16;6;152;345;972;-112
-882;146;-646;694;-695
533;-27;540;-942
-146;-870;-407;806
-654;-991
-113;480
-179;514;-727;507
358;-732
-379
906;-271
-229;-24;984;969;380;95
838;950;-120;844;-591
-389
-691;506;430;911
354;-222
307;296;554
-644;661;476;414
-397
452;-155;-702
-657;867;-228;440;472;26
671
710;473
419;901;906;-272
-500;-676;355;-325;-298
97;977;-710;-744;-299
260;-360;-781;190
-199;-792;555
-535;-158
696
188
-801;993;-644
995;-585;811
-714
885;840;330;58;283;-895
968;265;268
676;505;-797;-286;382
-107;335
-120;-621
996
-376;863
-402;-964;-197;-905;-121;-462
-293;-664;-493;703
234
-786;37
-564;-988;-734
498;6;-985;-525
64;-353;-305;-917;-553;-736
-785;40;-891;-910
-497;-775;-508
-969;-814
432;-930;354;-84;808;-75
231;24
