-433;175
-65;579
2;-729;-220;943
-781
269
528;257;-684;428
-596;-960
16;-386;901;-810
714;-829;142
541
209;485;662;-44
582;937;-859;-989;-61;-926
288;265
-819;568;-560
944;-327;88;-731;906;956
-659;-149;-345;233;874
-578;275;117;232
-690;-382
712;363
-516;202;362;203;-719;-96
-740;375;-713
-466;916;-507
369;-303
-582
985;666;-46
514;-340;-901;-766;190;207
-533;-645;-907;474
-590
673;-340
147;229;-154;-332;31
-837;6;-792;8
-567;-585;40;520
805;7;-476
-369;-500;563;293;-70
420;-633;525;29
-344
-88
-116;975
-604
-117;25
-853;536;57;351
-96
928;-576
-354
356
-132;85;165;-424;952;-544
-273;146;116;-607
363
801;881;195;-69;350
-706;-199;38;-185;171
-115
216;-282;-910;349
-393;-490
-117
379
-273;-497;998;856;-10;76
-294;906;286
-403;346;351;863
672;-626;353;843;571;-143
-707;-916;-725;-941;79
137
-140
913
-132;279
144;49;322;-779;-652
182;-503;-90
-152;-265
576;-260;-457;302
992;-674;659;-313;715;62
65;805;398;-831;-15
-5;431
65;-771;-644;-870
82;147;419;808
-120;989;846
353;-994;-291;883;-166;-222
-693;566;953;381
-252;-445
-953
914;-788;-660;410;-832
272;893;558
40;841;-143;-287
-115;-660;-134;-840
981
-801;994;-614;-566
-987
-553;344;431
-22;-518;172;-624
-87;314
-789;277;-121;-621
69;-570;411;319
-227;40;-556
231
-746
-252;492
-465;711
-401;-459;-926
260;-311;-552;-88;941
864;499;-410;-15;-176
-465;-500;-584;-751
508
-768
