784;-289;785;-840;75
-756;792;223
99;-197;-694;-892;-880
-337;309;437;553;-319;-384
160;356
-786;-755;8;-475;-814
-402;152;-780
873;927
10
998;-615;366;543
840;889;393;-76;-495
-697;154;271
16
-537
480;290;281;-507
-70;695;-336
-996;474;-668;-126
38
-852;-313;-414
-753;-117;570
-846;-479
-557
307;276;137;-364;29;431
493;-799
467;-415;510
-565
197;-473;365;318;671
-548;-278
-867;-759;287
-316
-916;-521;-635;-587;-987
-529;-978;805;-792;-682;-191
-995;-486;-902;-887;-636
851;-293;459;285;46
325
451;-571;-976
-306;-531;-21;391;439;107
-724;148;923;-382;-816
416;994;-20;-408;217;-860
-129;466;-933
105;-219;-559;-959
280;-26;-237;846
53;678;-167;-842;-62;-783
99
-356
370;-12
-587;-796
-802;-378;-348;140
879
-764;139
580;-775;-664;-300;-413;-845
-723;211;120;858;-268;427
-611;-276
160;-536
-722;89
-183;-807;-856;72;-651
839;-941;991
146;-294;-183;-560
-124
-866;-794
-913;-804;56
915;491
673;482
672;-243;-296
897;54;-560
690;91;383
224;-641;-609;-506;107
945;-646;104
404
64;-149;405;312;893;-351
81;452;53;854
-519;-105;506;-812
-641;-68;436;-487;182;-864
945;-359;361;-223;462
418
802;-966
167
679;-233;-59;106;-237;940
484;-46
-324;507
-517;23;121;986;-254;-176
337;-391;237
-706
883;-167;310;-506;332;-144
-715;-699;506;-766;190
-913;442
-516;294
-917;-789;469;-779
-484
49;-228;-839;777;490;492
-467;565;-970;-126
-306;898;-362;921;331;799
-3;-564;423;-92
86;361;-509;141;-302;462
451;343;-284;-270
288;465
-323;-996;392;681;-396;140
802;211
-877;-15;-896
-822;789;856;-138;-411;-528
-118;150;-543
