243;-119;-728;91
497;-611;19;-812;-125
103;-987;363
-273;-914;-117;-857;-219;63
-16
204;-479
529;323;-64
-529;551;766
-284
-540
547;-148;-964;531;229;347
-789;-489;377;-474;828
-852;-916;20;-80
132;805;-201;313;525
551
923;-509;972;573;-896
295
283;269
-899;131;-469;-406;-203;524
-421;975
812
-757;215;-735;398;-960
-560
-100;298;-251
-829
-58;124
-324
-340;-999;-39;798
-69
-420;396;93
-50;564;-556;-317;-479
513;102;-537;-795;266;379
-913;68;-299;303
-994;-451;-547;894
-369;-306;-708;-664;-814;991
926;-336
-548;-123;-765;284;-719
-971;349;702
-84;-253
948;279;-634
-674;-615;-907;63
84
400;864;-129;488
-612;-744;268;461;46;671
-860
-739;-999;551;-296;279;-685
-873
-146;-364;-156;-832;111
-583;94;126
-321;818;277;-668
913;-82;-19;903;843;-399
64;-611;-675;-340;-343
-968;264;537;-459
-421;-342;878
20;101;-694;437;454;571
-892
-210;-20;277;-812;-384
-337;241;-541
928;-34;-246;-792;-493
-434;213;408;-570
-127
-642
146;420;248;857
209;-356;283;-636;-956;-221
-310;-538;-125;60
-404
-834;-84;90;378;46
528;163;423;318
-196;41;-14;-479;-288
-881;-996;-502;415
-756;-185
-534;135;573
-258;-594;-55;475
-129;819
99;-855;-599;-203;-414
20;767;-352
147;-165;-391;158;430
517;-823;1000
515;132;965;-459;267;46
961
-214;407
-372;823
-514;419;373;-525;12;-992
-259;342;-879;-688
-835;55;-744;-732
288;-323;690;563;-390;-364
-626;-387;7;796
244;-408;-602;975
-212
577;-453;518;-888;222;495
195;-756;-427
864;-996;308;343;-361;830
898;-132;-808;680;-156
835;-277;-541;-109;831
998
-690;-370;791;-474
-390;133;-489
-495
-601;94
-611;-243;871;-525
852;-773;582;311;-255;559
