551;487;-270
234;-492
48;292;439;504
336;949
-353;563;-728;575;-64
80;-93
-953;682;539
-547;838;239
903;-584;24;-538;-527;446
534
-21;-138;-635
240;-357;-297;-973;-432
-210;-629;965;-87;311;445
370;-533;102;31
-801;776;825
-130;666;-572
-19;562;-389;309;-106;-651
-69;26
304;-131;-540;-190
-626;-964;264;281;-797
-818
-307
-818;453;-747;-220
310
-353;897;-268;-718;-127
321;-262
59
-194;882;-823;123;331
368;-181;-120
-168;907;-415
324
706;-154;28
869;-391;-295;-269;-46;63
436;-805;437
-82;965;-812;-910
-459;-636
-609;20;40;477
513;306;677;135;1000
-958;-143
-79
713;-155;-94;-800
-212;-132;998;-153;349
-865;522
960;-741;-845;-574;-175
-35;-172;-912
435;-8;955
106
221;399
130;581;154;14
-307;851;-656
488;825;-874;-106;-448
785;-5;505;554;-141;-46
97;566;-958;-79
-451;-566;-894
120
388;502
84;41
-603;811;175
-979;-431
-357;-471;959
50;-644;-982;-123;286
-771;-467;-235;570
-648
137
-909
144;243;164;103
294;874
402
-706;-442;-411;-300;251;-590
369;-531;502;-248;-601;-411
225;-101;31
-34;-772;-38;101;-696
158
-56;-617
48;352;273;-853;-892;910
-421
-785;-374;121;-956;541
-433
-696;830;46
-881;-857;-238
202;494
136;312;-217;-509;-941
453
483;-133;166;-526;-446
837;-393;-587;-828
-306;662;104
-481;338;-576
-182;-539
976
16;785;430;270
563;211;217
419;-806;-103;264
-88;-910
-273;-82;-596;582;-122
491
-751
369;467;173
-836;-687
282;-526
404;824;-186;-798
-897;-890
