99;-617
-836;842
106;31;-400
563;472
-434;421
-963;438
-502;-136;219;-175;863
862;-592
193;374;983
181;779;334
-561;-245;-983;-265;537;988
851;-710;-169;-618;-683;542
-822;-247;806;-379;858;62
-766;-287
115;852;695;975;-304
-146;-7;951
-697;-988;-141
-547
-417;-788;-299;858;92
-418;980;-604
785;-597;407;-637
512;311;507
966;876
565
-822;-777;9
-152;-536;969;285
-662;235;-141
574
-660;119;333;430;-31;-767
-549;-285
-264;-826;142;111
853;-599;-41;-649;171;334
-840
834;-229;293;968
-335
-65;145
850;-195;-628;-903;23;-253
-433;94
-273;-372;-391;-712;-891;764
258;451;-490;-559
-731;-640
448;848;226;-723;196;380
771;269;-432
-888;984
-344;-265
915;973
418;-436;119
-676;-662;487;-793
386;535;824;60;351
-878
69;-568;-128
-417;-612;663;7;-269
-885
-977;497;56;302
509;-127
-18;658;-255
-884;-239;-128;351
931;955;300
933;234
-97;-692;-150;537
-555;703
129;113;538;235;350;-960
-310;72;-635;-814
919
528;804;213;-536;891;47
-61;-863
914;171;795;110;479
896;-177;-321;789;553;-32
853;343
-833;147
886;568;767
691
-994;-470
-388;-469;-166;42;317;478
698
-129;-60
-677;-470;701
-190
-260;-283;-396;492
401;-310;-749;-46
-645;-775;118;-122;-58;-253
-594;884;-170;266;-908;319
80;381
-227;-643;-683;575
32;-216;-264;235
432;-634;-267
708;-922
983
402;-181;-155;-539
-11;-208
-222
198;282
-481
272;-521;474
-819;79
-386;513;358
-369;-230;-694;-25;317
820;453;347;365;-126;431
-417;452;-730;-832
-509
-278;-998;509
