-803;-69;-166;-668;-349
891;-860;444;46
400;-852;790;87;152;203
225;-547;132;445;526
-466;-829
-533
-762;-701;-398;814
538
794
567;-280;-315
-771;359;809;-76;-606
566;-279
41;-589
-805
104;958
49;184;-635;-156
-303
816
-721;-754;-902;-311;332
112;-833;-804;-532;997;239
-823
967;-400
823
146;-472;23;-638;-143
-309;-7
411;-95
81;309;885;-347;508;-864
-275;212
-74;10
-600;-778;-779;507;-976
402;-670;847
-513;853;-329;315
329
74
514;-39;-859;459
-98;19
372;885;-359;204
-722;-963;-676;-684;-622
-98;952
-421;329
-21;-426;-669
-993;-127
-210;-402;436;-736;-208
-657;499;243;-679;-813;542
278;330
-737;-707;-967
-433;-293;-56;-829;478
960;-790;-650;109
-614;-171;364;-207
995;-309;-347;699;-509;-157
400;145;-599;-477;414
1;374
953;447
-275;-920;-208
891
868;-215;-267;-511
-210;261;-954;460;173;-880
-484;932;567;26;766;367
-689;-471
-115;-181;-917;309
866;812
-403;547
-660
667
-412
-129;545;677;-810;-205;846
-158
158
161;771;995;6;-494
417;359;-617
-356;181;712;-59;-172;-141
-679
-841;-732;381
-551;-505;953;-74
694
-721;328;204
-50;-483;-117;42;-864
937;282
-196
112;-884;-725;805;-569;-729
-435;-453;-823;-23
711
673;-147;580;-310;-537;-464
974
-737;950
-504;-347;123
-977;901;551
992;113;664;-732;-397;-863
866;359;-681;-62
803;-575
337;404
581;246;-860;140;573;62
488
897;-179;-228
-197;808;202;-558;-494
-433;-359;345;942
-498
708;-840;-639;-495
-499
-468;-544
-256
