-182;-230;-634;-496
-566;-249;-732
358;873;319
288;353;-671;15
-770;-341;570
-898;-805;137
211;517;296;-44;332
802
949;-599;-76;-143;159
323;-709;126;-544
547
-370;290;-68;-151;-252
-717;-94
456;953;938
-387;-179;660;-395
965;872
-324;-235
-303
-565
305;11
317
573
454;-73;-508;876;-174
-236;301
-817;932;-155;203;414
-327;-510
566;-636
-900;59
-471;299;-669
73
949;-919;-860;-269
899;39;-93
-659;341;-664;-344;-544
833;838;918;-463
-902;55
-932;-852;148;-590;813;-207
-402;-647;262;506;-411;95
-737;48;564;566;568;-656
-806;-574
-707;350
705;898;-106;714;-252;447
-449;-169
-934;825
163;660;72;170;939;925
49;-757;-283;667;-816
549;847
934;-766;-399;-47;911
-450;834;-980;-309;-201;-811
-323;-220;-864
-128
-563;434;-387;149;-186;941
-916;-884;883;471;-347;-620
-529;-754;893
-583;135;-715
-908
-919;521
-399
-663;-761
-373;966;-616;-666;253;-735
272;-180;56
-211;872
-730;-445
-920
411
-369;-562;-534;-902;924
806;892
-585;-922;63
-211;339;-165;535;-332
-499;948;-332;-124;-672
-169
-402;-980;-69
-380;364;957
687
834;879
-180
-441
122;574
-977;193;-536;-42;-59;975
-661;-969;-794;186
-643;-517;201
-35;-788;-468;-571;-492;-654
-706
502;924;-175;-799
154;299
-711
128;-834;963;-900;117;-185
786;915;-808;-472;363;-317
-330;970;-491;-364
-172;-559
-881;785;773;-470;424;-155
-225;691;-278;40;-573;829
528;-695;-831
564;-905;107
513;821;279;669
-750
-242
833;312;-249;-649;508;511
247
-354;-390;-878;862
-274;-233
-625;680;539;683
