-504;-267
769;-466;34;-196;970;941
91;-864
-820;316;766
519
-513;821;-317
-322;-418;779;-13;494
-755;-668;-894
-993;-168;378
-118;103;-553;-426;-60;269
320;371;133;972;270
51;-586;554
134;120;-235
-417;96;-571;-475;319
-717;558;-640
288
-515;-934;-39;174
-803
-259;243;53
-353;-965
36;101;-267;684
-643;-505;-688
-967;406;255
-273;180;-809;-74;458;-44
-626;354;233;298;815
53;-550;444
881;965
482;116;-103;-761;-138;458
-597;-40;681;121;-988
-580;-775;86;-648;-968;524
-826
770;856;-778;397;349
-426;556;-190
-583;-760
-483;962;-532;917;-538;509
202;126
-435;-983;298;-843;-158
-51;461;-336
710;-730;-59
-848
817;-223
-610;-340;22;-188
-607
-358;538;174
279;-328;24;-330
-871
498;-428;-944
790;-683
-769;405
-545;-488;-874
384;243
35;-340;677
-551;-168;-88;-907;570
-380
496;-705;100;-15
-770;324;-613;-805;-565
-308;389;-186;-362;-944
-136
-435;467;-708;-906;891;830
112;384;275;-344;-985;-607
-307;-859
-67;470
304;357
-854;446
864;-9;857;-762;-477;702
-3;196;-872;269
817;-434;-821;282
516;-822;534;185
-519;376;252;-734;-46
850;333
-996;-517;-952
930
899;966;-859;158;543
939
174
690;710;316
-99;-340;-773;-638;-127
-470;25
980;266;-797
-65;280;-921
-883;179;-612;452;852;207
-711
-259;-69;870;38;-168;-872
240;988
-917;-584;170;298;-829;-655
240;-482;417;-698;-382;-335
216
985
290;-37;-794;-959
230
-386;-18;900;136;-926;525
-994;-809;-222
-750
997;168;-861;701
495
-90;106;-256
-499
244
-617;-909
-451;699
583;-331
