514
-145;-119
18;-807;269
-866;-692;427;-797;367;-240
521
-882;419;868;377
818;478
-865;675;-853
49;-581
-180;-874;521
418;21;-231;585;987;-222
307;-965;-119;-784
2;-519;455;313;797
-322;-423;822;-889;-493
-323;83;-582;54;794
-322;-210;-661;823;-810;-895
287
-7;794;-239
-354;-322;-835;435;15
-689;-374
-40
835;-926;-718
552
786;27
-348;301
852;550;-120;27;-237
-785;309;524
-401;-386;479
52
147;440;-522;-123;-768
-61
516;533;-218
-742;-347
513;577
-226;228;918;311;-141
580
213;998;10;-640
-10;-572
-772;979;-471;-378;571
914;-985
-73
-588
225;117
-211;-340;-390;-10;-126;222
-344
417;552;-187;268;-46;111
352
960;129;514;552
-177;502;41
466;227;407;-780;-687
691;-357;950;-794;-474;-640
-425;-969
449;433
-358;-551;281
180;-598;-793;-448
-898
193;-354;550
272;691;-919;374;-733;-845
-392
-138
-999;-904;-408;-361;-794
-139
64;-676;-202;555;910
988;-272;-576
142
-145
919
-154
-579;-101;-646;-622
240;-661;693;-167;-569;-719
421
-259;-166
-681
-171
851;90
304;-626;465;-57;27;316
-705;-852;-294;140
307;-203;-798
-377;713;-75;-861;158
483;-670
-959
-88;-25;-186;890;-29;397
195
880;-657;380;-399
-450;468;-133;-504;157
-561;346
308;-309;-727
-370;-962;484;-396
241;-464
-723;-934;-667;-990;15
451;484;582;327;124;-461
68;440;-921;-862;270
-239
488;-537;-142;-879;319
418;934;-345
546;-292;518;506;-526
224;-353;-835;-36;-717;-319
658;-757;343
-827;-460;-752
374;503;394
833;-69
