-817;806;43;875;860;799
-612;-581;997;395;-463
-405;-968;-942
13
-783
-869;-427
-133;-651
-457;-316;-270
224;-354;-835;-213;-261;-633
-228;232;-798
-755;805;-999;-844;-653;-654
-564;-748
-407;-746;-941;975;63
371;173
-369;-658;-581;404;-519;154
946;-195;-462
-690;211;169;538;318
-978;-771;-742;-409;-719
-135;-285;383
960;-804;503;-696
-626;-824;987;-332;831
-760;90;395;238
-117;158
-868;133;151;26
535;791
559
176;127
882;68;-902;-781;444;-784
-276;-286
562
817;516
-917;-791;311;-504;-457
865;455;239;287
-549;180;-711
578
146;-467;296;348
777;861;991
-327
-305;-917;-524;907
-506;-618;314;-32
-994;931;708;-538;222
-68;-325;-903;-94;-990
500;841;-635;860;-719
880;-521;233
194;-120;27;-959
880;386;-309;159
-350
94
863
-608
701;-911;206;-864
496;-503;-765;-864
100
-103
872
-737;-868;-548
-230;870;-471;154;-684
-422;343;-28
-220;846
116
561;-788;-868;-677;-328;702
-601;-895;-672;-256
122
-437;-407;504;-734;174
-275;-794;-395;830;-271
-19;-887
394
321;-339;-173;-718
-38;-536;-330;-795;526
-945;-818;-645;-335;-992
-611;134;552;844
-241;289;708;-358;474;-463
-34;-51;-714;-639
-17;185
-632;168;350;287
-194;67;-560
943
161;164;678;236;-63;287
-753;-54;-983;-377;703
-962;803;-503;871;-654
-822;-136
446
291;-805;-200;8
452
120;-265;-154;-669
-663;-71;-540;-206
276;-743
-212
-403;230;-811
985
-241;22
398;335
401;338
-168;-363;302
370;-724;276;23;-664;-281
-867;692;-95;-735
437;568
240;433;3;844
-246
-547;43
765
