-225;-135;539;814;543
102;412
-5
432;889;475
227;-25;392;489;459
819;43;686
-434;-917;837;-60;303
-294;311
-372;212;-214;-935;265
994;891;827;892
-994;-34;-388;-384;-272
-267;-364;911
-151;409;794
857;-571
404;217;-412;-893;301;415
469;-424;-12
-553;-349;-669
832;-408;-440;345;-972;350
-577;931;-525;-285;-349
-554
-742;-327
48;-307;275;-980;-157;-975
992;325;887;413
818;521
-899;786;940
913;22;887;-729
544;40
688;-881;514;-979;-187
-626;786;441;-11
-689;704;-754;-873;-955;-75
423;-169;-505;-58;394;765
-772;-335
2;153;-218;157
-608
-353
-35;-596;-240
102
-195;371;533;-473;124
-196;-710;541
-674;-4;-821;-229;-245;71
-499;150;459
295;313;-720
-961;578;131;-85;-809;9
-242;356;-537;12;780
946;-567;-190;-816
-306;329;349
-353;-825;-652;-911;575
-226;-435;-121;-185;-731;299
486;-862
321;-660;901;-438
896;766
-322;-424;-43;-619
530;387;-85;823;826;-559
-390;-192;191
179;515;-69;4;-238
245;-232;841;-459
366;31
-917
278;-491;874
-920
308;580;-743;361;459;-813
805;-360;-985;-43;-127;863
165;503
113;343;121;-955;-300
-680
-673;-678;413
426
-369;51;120;57;572
-290;-399
-437;-511
-197;133;-392;-648;776;-620
-964;781
-802;-820;415
768;-146;439;-301;958
807;-110
-18;204
-698;298;-46
226;-5;-667
33;-788;-312;108
-960
-690;264;-379;523;974;15
708
-305;-410
-463
-408;-953;-169;553
32;422;-216;200;-650
197;-151;-616;-666
354;-629;24;-41;-188;12
96;-550;-823;-216
-876;-111
178;810
305;-75
-465;-408;-652;811;-30
-34;-201
-229;-137;-638
-881;786;-710;185;60;-446
-920;-312;-393;-619;-891;-688
-20;-223
-377;-554;-48;-32
562;-357;-568;-347;-892;77
-674;-854
