402;932;461
-738;39;-873;158;383
-777
375;423;-272
-710;-471;812;-158
-276;823;471;24
531
166;665;250;221
180;489;474;-606
49;-802;355;-934;792
-99;-4;-73;811;-14;-335
288
33;-514;83;-133;229;846
-555
-67;-387;579;-616;-969;904
364;284;-702
822
-572
529;813
-403;-340;904;414
-628;-462
369;675;148;-549;-682;-798
224;-198;-352
896;837;-538;844;846
449;537;-427;-43;764;332
-965;-652
-42;-300
434;-83;-869;861
-210;-187;-461
-348
-226;-200;78
-18;-518;-328
-918;261;374;-874;-362;394
-247;310;120;-797
272;305;194;-871;379;334
819;-853;-325
-795;-845
-323;-24;-347;334
-83;-184;-25;-570;-13
-17;-91
240;-404;213;-968;857;-47
-481;-199;-970
-452;153;986;-60
-67;8;942
32;663;958
376
-625;131;-998;-442;-238
123
-126
-809;-970;-651
944;206
-490;362
-131
976;417;-74;205;798;-400
-502;366
320;679;-204;365;-767
-979;-954
-156;557
497;-346
-867;-116;-458;521
-411
-165;870;471;-174;-847
676;692;165;509;-79;-16
-390;-348;-700
-935
912;-865;-290;-181
-598;167;-619;-910
-695;269
-308;-598;934;-700;-13
-688
-434
433
147;279;217;559
-437
692
784;88;78;-256
-883;40;-570;377;-174
481;-516;-68;5;-328;238
-266;233;-157
80;313;826;12;238
-448
82;-821;-473;217;-335;-399
-898;-31;479
450
712
-972
193;-661;213;-283;571;-494
484;532;-90;938;571;-431
982
-467;-372;-829;428
-865;-68;-827
154;-892
467;-700
161;-404;-504
368;201;-987;-332
548;-790
-631;-455;425;-778;683
-419;533;-119;505
178;-118;-648;-508;-431
-401;915;-266
252
