-826;-732
-785;544;-899;792;-188
-489;474;-525
146;42;351
-541
171;-413;-302;-511
289
-594;-420;-12;479
-550
485;-726;329;108;-158
-197;554;-797;990
182;-990
-385;-594;51;-953;477;79
-449;258;374;-137
-305
131;115;339;1000
-310
163;-26;172;-254
309;390;572;-911;-304
-837;-107;-988;-352;943
916;-534;-445;-655;-112
-658;-679;-265
-742;-93
-881;86;-395;-315;476;-576
52;199;-589;461;-960
-563;282;-304
-531;962;853;-44;-429;799
331
76
-547;489;107;-896
312;-395
-40;487;-296;361;-173
-85
192;-257;-19;547;-645;778
81;260
512;-362;857;154;205
-437;877;-784
545;-789;-9;248;93
561;297
962;-21;88;-426
861
947;393;-990
-26;125;509
102
553;-506;155;414
882;249
-921;-843;-910
-546;178;-551;-457;494
-657;563;-469;-990;669
241;678;-954;668;254
581;-760;57;953;765;63
-893
-267;-892
-652
-398
49;-24;-681
-279;950;166;-328;-654
-565;36;380
-667
-614;-26;-795
-130;677;-960
-416
-465;-866;998;200;-970;682
73;-715;476
-727;94;207
704;950;-155;-560
-176
-760;-953
17;-501;789;-650;-92
304;133
486;808;424;-61;-448
-581;166;-285
189
-129;-789;680;570;-701;-846
705;-262;-362;398;479
967
-281;42;-893;-607
-901;-541;941;-223;927
-579;-135;-856;-505;79
460
481;-676;-630;-135;-328;569
817;-419;-629;950
293;-438;231;380
-449;-965;869;333
-726
-296;-297;120
530;965;681;346;-460;-47
182;23;-686
-691;453;-186;891;-574;845
448;883;-986;570;-175
-613;-301;429
-977;103;-216;29;831
-849;-258;-757;-537;-909
791;216
33;405;314
817;-56;-285;-718
292;791;186
362;395
-760
225;-56;-872;-460;-812;447
-985;473
