5;167;-408;-41;584;-315
-29;-749
372;407
-318;-464
-769;-850;209;-999;-175
-146;-598;-407;-155
-522;123;-911
29
32
65;296;-475;108;-862;-191
-594;981;-474;942;-560
195;438;234;-587;332;-573
-42
-556
-369;-564;-934;667;-556;431
-747;490;-812
-905;-569;11;715;526;-848
193;810;-907;941;-480
38;-601
-276;-596;-213;-24;-861;127
-179;973;798
541;799
-632;-139;-316
576;-101;-266;892;-525
-897;193;955;-832
837
838
-632;810;-765
-722;161;-994;965
-897;33;-136;152
232;664;-300
976;-891
146;674;-293;234;492;-400
-599
465;-376
353
-562;-436;-382
885;965;440;-186;43
-514;307;292;807;1000
-818;-53;-297;554
683;191
388;-90;-827;-605
886;-823;-430
928;785;-372;67;149;350
-323;455;-763
-616;-271
-401;-149;919;-380;-623
147;361;-381
275;-916
11;-573;141;-224
705;458
986;-591
-743;442;958
-664
-962;130;674;695;-381;253
-530;197;-279;-311
-387;-327;-345;-379
925
928
266;-427
-673
528;-851;-245;-618
-916;356;186;-303
401;789
169
66;291;-376;-508;-237;78
385;930;-723;965;-90;-10
944;305;547;-405;-699
-513;-695;-254
-786;-22;111
500;-533;-152
153;347;-942
-529;433;-195;-919
929;-564;-136;184;-222
-248;-506;-463
960;-920;-892;-878
-872;-605
-586;265;777;508
562;-109
513;-851;-136;-701;461
969
192;523
-535;411;204;893
128;-641;-747;908;-111
-649;857
176;-945;557
658;183;907
980
838;-380;539;-14
960;-553;-125;846;367
-787;-839;281;-669
-222
-470;965;102;765;143
-385;-289;848;-81;-576
992;803;-150;107;524
-785;-643;969;-475;-861;29
80;-421;809;282
322;98;244;857
128;435;340;-655
474;-222
254
