468;-524;572
-388;215;-73;794;-811
-259;780
164;-216;24;-495
269
-67;-719
-114;442;-603
787
-339;709;-379;28
-993;-898;917;-6;875;382
402;-533;77;61;271
-594;284;31
-152;777;826;877
134;-185;-745
148;-118
801
152;-186
837;-119;918;-889;-714
-673;888;-508
962;995;56;138;349;-416
-277;-229;-982;549;-635
551
-552
-817;518
690;514;-230;309;-216
46
50
821
-344;-895;-608
-689;119
570
229;664;30;-751;143
-921;715;-624
-434;52;-704
455;-393
-837;550;794;-447;-384
-70
134;-557;93
-908;-959
844
497;-985;-170;-448
338
224;-200;199;-380;239
-118;-248;167;846;-767;207
-187;-158
-897;-435;234;-30
103
312;-204
-342;-313;-735
-710;-653;-31
131;-676;-197;183;187
-866;-290;-755
375
-534;-328;-283
20;1000;-173;237;829
-212;-681;988;-991
-640
819;964;76;61
-769;-612;-971;556;-128
912;-778
981;952;668;255;-672
697;-43;508
-353;352;-835;-21;-263;-300
-980;837
-854;-296;237
-532;-350;221
192;289;-587;-157;413
964;261;-230;-554;-221;959
775;-108
-671
677
421
3;-683
850;85
517;-89
-471;76;220
-641;835;279;969;13
246;538;-396;556
850;853;774;-759
-620;-592
958
-742;-730
-452
-711
-241;578;932;-814
951;535;840;-171;860
456
-627;355;478
-802;88;-491;-31
221
224;-962
-995;-314;59
474;-380;239;-416;-400
-740
386;243;935;-520;-47;510
-742
-627;-120
-699;170;-877;141
416;-505;584;-187;446
-740;-271
881;-691;-295;-200;247;-445
