-597;-54;-919;-43;443;-112
704;35;286
-19;946;386;484;380;-895
-471;-135;279;-446
309;-505;312;-635
819;662;-958
577;903;-186
145;179;-760;424;284
-497;773;87;-893
323;-406;-247;-201
-197;223
-642;582;-224
800
213;-256
-558
-114;933;-264;-857
-844;29
307
-500;-549;390;-56;-45;-63
-823
-356;-37;-9;218;-223;-416
-827
-572
-337;-465;-27
-573
-831
898;-323
-520;186;269
-755;-966;-394
-545;801;386;-319
853;-783
673;-213;885;537;-272
233;506;874
-851
371;-378;348
769;341
-913;-597;-39;-344
-515;-103
-619
-385;-197;677;983;56
195;456;-875;395;-652;-144
-882
930;948;-40;-810;109
993;242;67;-581;-998;158
886
208;-329
314;-192
928;548;71;-43;926
33;-931;236;-463;-32
900
-390
976;149;-749;781
-497;-667
-259;-9;105;153;-170;-220
-146
-147
949;-184;152
405
64;-995;434;-548;-138
498;996;203
-139;558
960;-740;-340;-970;506;-862
-979;86;-248;172;-734
-686
16;-250;444;-479;14;79
-438
-696
-530;915;147;-774;-716
438;-631
901;315;-767
-394;-557;-783
-851;-295;-77
-900;-69
969
-244;-283;250;75
880;103;905;364
520;90;138;-558;254;-240
-719
432;-882;-517;-520;830;-64
-708;-124;-480;847
705;-499;391;-811;-255
-673;-854;231;824
18;713;844;-591
-76;-654
-273;-786;163;956;-30;701
-721;658;283
512;997;216;572;-429;-624
-989
-326;278;152;-331
883;677;365;-671
160;-979;510;542
545;868;56;556
-433;997;-119;904;938
-594;580;948;74
-497
182;-424
-756;515;-615;-154
242
-97;-132;-728;-506;-576
-786;-100;-663;-490
-721;48;-310;230;-526
