-369;-530;-724;679;431
387;-521;-893
-98;883;504;-985;-300
-722;-275;677;-747;-477
-769;-805;29
-527
-114;-408;-714;11;-573;-15
533
-999;-311
-146;-786;-379
-530;-649;681;-282;188;-976
161;-824;-76;-829
800
225;-515
-425;-634
209;851
-806
120;-187;27
-289;149;534;-95
-302
-565
-998;487;-56
-835;83;441;123;-896
-227;361;857;-397;300;702
840;-522;-335;846
273;422;108;13;-640;911
-615;-731
-313;-525
73
-844
480;-556
817;541
945;914;-312;-139;-557
-3;165;-247
177;-265
577;-666
-604
-497;257;-691;-443
242;-741;213;318;110;207
-507;412
96
896;-23;904;-652
-965;861
662;-472;216;-510
-310;262;-826
112;-5
-692;-630;981;376;330
-722;-311;154
-243;-103;-840;-206
-789;356;891;-541;-543
375
708;-725;918;-58;557
661;-540
305;-133;-967;-505;-880
848;-377;507;-78
-903
-872;-543
-772;564;-520;-1000;57
-755;517;-970;810
912
-932;-37;-457
800;820;951;296;862
72;-986
-449;881;-253;991
-842;989
-294;-222;285;-431
-995;949;967
-412
-415
-675
855;332
465;961;-979;695;347;-558
11;173;301;-912
-34;468
-643;904;174
547;102;-712;-859;-799
-594;-498;-229;111
-547;103
506;-319
384;183;-970;-44
958
-753;483;547;772;-25;-832
-709
50;296;362
198
-498;-772;-742;970;-491;-716
713
-744;840;-985;-890;41
-501;41
-34;-428
-979;-821;-953;138;-668
114;226;375;264
-49;522
-531;-536;844
-837;-457;302
-762;857;11;-398;62
-771;-596;-582;216;-809
-81;321;563;966;267
-424;-78
-8;778;-508;-992;223
-840;330
