-930;-932;41;-490
113;-888
119;-111
11
193;695;-904
401;209;-964;195;-808;-73
-538
532;900;-316;-750;431
544
69;-358
34;98;294;-844;-556;940
-60;-752
-852;-231;-649;889;287
689;-855;215;681;-62;-623
-434;802;404;155;-398;-224
-833;-50;-708;-266;14
-261;-985;-123;-476
505;572
258;-564;-774
19;536;-187;539;-733;140
-343;-393;-489;380;527
470;-779;-892;-141
510;-447
-298;-43;811;108
331
-844
-847
439;926
-742;712;-138;-479;-719
34;-633
470;906
-386;332;157
-530;867;-598;904;938;828
-836;58;-893;830;-991;190
305;-690;786;-678;566;-653
-371;262
814;-704
343;-638;-239;159
82;868;200;766
-629;-390;894
488;584;-223;-224;-752
496;-132;-7;424;56;57
-882;69;134;296
901
-532;-885;-553;299
-135
-437;-390;-590
-651
960;-118;-781;78
989;431
659;324;-999;927
-246;-922
835;-102;842;684;701
547;531;534;312;138;-637
-818;820;-646;-794;524
-65;-35;218;-268
67;-597;-743;199;155
17;-820;-358;492
214;204
563;-524;-158;-558
85;70;-809;-539
581;-470;827
370;935;-875
-776;-267;-156
-175
396;-797;-288
773;858;-431
-203;893
-870;39;475;-751;927
-33;-931;583;330;-956;-460
315;383
-739;85;389;821;-731;-13
-212;485;170
-689;432;-533;122;461;397
976;802;-404;-303;-336;991
-66;245;524
-962
-241;368;-182;379;894
710
-969
-952;-264;-522
-499;836;132;807;974
528;33;-551;375;-764;175
280;-779;955;-781;-909
-833;-341;25;90;-76;157
-979
980
-6;-56;-281;-155;110;175
320;695;521;-300
-761;-729;-234;122;859;-751
-644;83;-428
-757;85;-345;-489;-511
306;-903;-654
-887;-922;554
-298;524;-895;-592;-512
464;285
240
-297;-974
-904;-624
33;914;662;470;478
-955;699
