-625;900;-890;124;492
-263
-357;295;107;267;463
-475;-398;863
944;-851;-713;-523;364
-782
401;-452;-692;-827;-236
21;-566;56;-699;-284;-80
528
784
963;333
376;923
-277
-657;-434;-531;20;-1000;-747
-872;-333;924
536
704;346
-17;567;889;57;-618;429
448;832;-130;-219;522;-656
865;-765;13;-656
855;-890
-38
39
42
705;-132;-5;246
484;-437
-406;694;-233
-721;513;197;-47
-738;-626;-999;-511
-576
881;-152;-797
-325
-145;-43;-989;-430
824;348;-861;-640
129;-467;452;-389;-822
-721;-386;886;168;925;-799
17;387;531;137;799
-935;135;-42;-410;-111
-34;123
-801;-324;522
115;-965;-390;775;-281;397
-350
-340;-175;-352
-870
546;-859;927
-339;805;853;569;27;239
-4;486;667;495
-889;11
-880
984;-666;-942
706;-333;508
-70;-46
-113;-264;-697;906;-463
256;-380
-35;482;-791;-904;-283;126
-896
-485;500;-296;-602;553;714
120;-768
150;-904;-747;-428
279;391;-271
913
-658
224;21;455;-344;301
-837;982
996;-325;-453;-860;239
-151
-322;-195;365
577;209;-261;-856;-590
17;132;696;-331;-926
572;957;-606
412
899;-521;-221
-669;254
672
674
419
-738;58
-404;-293;694;431
431
176
-531;-952;-41;-668;107;-910
528;307;-326;-662;-26
770;-214;-841;-219;319
955
965;-266
-446
-241;-206
961
-67;780
226;-24
-436;963;519;954
-788;570
-707;-198;309;378
-219
-177;343;-874;507;173;-960
-210;772;566;554;846
-188;670
-515;100;-589
244;213;-222
-71;264;555
-66;-679;237
