496;675;20;693;295;-640
262
242;-823;312;-844;-688
562;-998;73;316;-733
483;-133;-334
-417;-723;-133;-53;534
-625;-34;117
285
-241;-562;-628;203;429
-549
-340;-725
-42
354;968
419;143
-325;-390;297;828;-720
468;-413;-990;-144
-570
473;-330;684
16;-885;218;76
-171;108
242;468;564;-953
932;-907;811
4;164;-842;108;-272
32;384;-998
434;-740;-534
176;482;981;-807;24;-781
240;865
180;710;584;920;90;158
-18;451;691;548;971
-738;-147;900;118;-12;-207
-277;986;-604;-526;333
-858
-82;-838;505;-300;-399
914;-557;-909;124;-176
548;568
561;-208
555;-654
-867;971
220;399
944;-961;563;331
262;406;-747;-207;175
-885;-38;42
-132;-374;-427;-652;445
-722;471;-237;-446;-208
19;-917;-248;-844;284;-719
-891
-33;290;-640
-384
-66;-114;-376;686
-644
-657;-508
16;385;-934;454;990
-328;-970;-603;988
816;178;-697;905;-620;75
402;340;-70;-206;-623;559
658
232;-636
96;-278;-103;359;-301;78
916
663
-922
-339;494
-257;-324;-603;-396;-284;-351
529;-599;-103
369;-189
163;-776;201;809;301
-488;300
64;275;-808;280
272;147;997;998;-377;456
-245;-391;775;-155;205
-919;441;924
-760;345;223
-859;667
-819;-398
-627;-391;822
547;-388;953;779;-157
897;-244;-533;695;153
-737;-403;-869;20;893;127
-317;92;541;-431;-864
967;190;335
407;-877
180;90;715;509
473
994;-660;-852;-972;-141;-894
-598;-633;441;921;445;927
832;928
432;241;-243;293;-201;-749
548;-326;342;-62;494
392;348
-337;-97;-307
-890;-621
-705;-578;275;-504;-511
-369;665;-671;863
993;779
864;866;-22;-875;-813;477
-241;513;-200;681
-913;373;263;520
69;679;521
-759
-839;390;953
694;-296;107
