833;-222;413
-228;-799
-737;-73;-475
215;558
-218;-28;284;-45;-511
-8
-780
-740;53;-523;235;-62;-768
-12;686;110
85;124;319
-28;302
531
309;-412;125
470;150;-795;-108
772;117;-505;936
-810
112;227;-165;-519;168;219
661;151
-705;692;-21;-408;42;701
580;566;-748;-879;-848
-258;419;-890;-588;-13
64;-113;-262;-254
-66;211;-121;-573;495
-516;693;-200;335
-569
788;-846
57
96;-34;555;-304
-449;-633
816;787;216;507;-269;-719
-114;423;920;365
-516;-469;-263;-351
208;-818;-885;-317;-557
-370;-643;994;-525;477
-449;-52;-596;517
434;552;-155;-141;-509;-510
177;817;-885;-263;-944
-675;-531;215;857;938;298
-482;820
406;-747;444;-16
-209;50;-571;-302;430
-914;531;-732
-595;467;-736
-785;338;-491;-156;-397;-654
-610
-324;-373;405;-247;-328
-545;-834;-803;-265;811
464;-307;-58
-877
-582;823;-272;399
65;-787;-245;-13;812;-720
306;-972;31
851;-950;661;311;-748
-642
-897;993;69;814;-591
-481;-436;-143;575;-416
245;280;585;702;-912
-98;-280;-664;-296;-76
87;-124;190;-16
387;-806;-694;69;905
-609;112;-669
-515;168;-331;-318;-687
-406
-681;-249
816;-53;934
848;-691;-47;-784
-804;679;-394;-846;942
937
-170
36;122;-317;845
781;-94
-434;322;-739;-419;570;875
433
933;-471;790;-56;-123;-384
949
394;557
-131;66;-916;179;932;566
-189
-737;-733
-594;274;-397
-100;440;-553;666;507;12
917;312
-840;-61;-78
434;340;-985
-177;142;-944
-562;659;-677;-144
221
961;-41;-266;847
-965;663;-555;-494;-526;367
-807;-103;-91
-721;-534;262;-265
-486;246
257;-724;-309;-328;30;-960
-982;-284
497
501
-6;764
469;-327;-808;71;-57;-109
423;139;363;95
-377;-858;-621;-702
835;-166;74;-12;-222
