517;252
192;-963
515
-657;917;-633;-29;397
935;-397;236
-181;-985;-267;-622
960;-115;-643;500;-506;-208
979;826
866;-644;51
-21
20
192;-983
-24
-281
359;-328
436;-730;923;684
531;842;429;542
-814
375;951
562
-691;-325;-966;903
678;552;-699;-843
-466;148;953;958
-384;-960
-744;1000;831
65
-68
-963;276;-153
-369;806;-109
72
329
-674;-55;-888
-3;-915;836
-19;-532;-582;-217;-141;382
-471;-856;-460;-685;-176
273;179;68;-23;-844
-375;-185;907;511
288;318
-352
-612
885;-154;315;956;-878
994;245;-872;-57;302
354;-744;-480
308;809;9
-689;-756;-199
450;231;-60
50;-437;-710;198;-74;862
880
-354;773;974
-338;162;467;-421;-585;830
-119
-935;-464
-857;873;585;30
-214;-774;24;476;863
-98;148;59;45;-32
-349;-542
803;245;-855;-522;571;141
65;283;-733
45;-944
193;-839
705;-181;126
-653
401
450;-341;-488;859;-333
296;-170;-42;-172;-896;-704
-17;53;823;-191
-416
-327;-91
176;-693;-886;56;553;-650
-321;-617
-682
427
64;366
984;-42
214;220
482;-665
5;245;-521;-173
-447
673;279;187;-941
370;-570
-593;-308;-565;-527
196;775
-50;-994;502;887;-477;-589
210
658;-548;949;-876;-400
-113;-514;-52;-73;-746
-577;881;834;360
946;-728
304;-963;-375;811
577;443;-285;-511
418;574
-277;824;42;-926;109;-511
-689;-51
232
-167;680;-732;-14
-577;356;-254;-528
-195;-982;213;215
199;89;206
-820;548;-490
516;423;-541;366
508
