-402;-739;-645;503;-427;429
-86;344
16;-817;67;948;-729
849;180;904;-473;-688
848;-841
-274;540
304;-100;-730
-919;-121
-786
275;920;104
485;229;-520;-248;922;-590
-33;660;-824;-762;-123;30
-833;-801;-955
-54;53;808;-841
836;-287
37
530;287
818
259;-486;805;-271
-274;-454;-797;190
-917;874;-14;-767
-401;902;-188
-69;-647;-880
572
828
-49;387;500;-263
-835
-324
323
-582;406;-234;989
389;-828;-205;63
333
-345;-394;938;-701;-93
-133;-711;246
-5;491;221;-110
823;-735
-395;-208
20;583
-606
95
-337;996;455;585;-412;92
-289;-629;-249;-714;-525
67;-859;-428;349
465;-930;-868;-853;-886;918
-532;485;-232;-489;-845;-29
-197;84
-258;100;52;-280;-93;365
-627
-661;-873;-377
-500;-903
964;358;-461;287
304;-609;-165;-870;445
263;-905
233;-620
865;962;-154
-324;-583
-306;533;380;-46;-702
290;164;277;695
658
708;-857
-465;-964
466;282;171
81;-37;309;-201
-156
-65;323;-980;324;-783
929;264;505;154;-974;46
929;-338;532;951;-90;990
880;814
-594;-789;421;-887;666
512;-457;-685;-46
-931;-518;358;376;282;12
-803;85;152;-111
-942
-433;-767
-179
-450;-138;-155;-972
183
243;-213;-504;-890;121;-222
694;-139;397
-698
-445
189
-179;-792;984;-972
-704
480;456;-634;249;-506;-494
151;-861
211;-86;390;551;684
-213;-8;-665;684;-16
405;-407;-59;539
-580;-972;303
208;243;579;5;-42
130;693;422;8
353;-516;-325
-693;424;88;-730;426;972
-177;-104;711;569
-98;-775;-680;184;-573;941
-34;324;200
490
261;-171;923
502
-277;-695;-45
