-324;840
-673;-617
-869;660;-534;-330;-477
673;582;-234;-490;442;-703
-469;-649;940;-350
-710;983
585;969
-996;-425;-953;-766;-719
532
-278
536
116;-406;-247
211;-471;-25
448;-790;312
81;-111
-31
-55;-41;-651;-59
4;-666;700
-273;568
-809
562;-470;461
-558
-796;317;-336
369;-319
-359;-298;94
-610;468;-170
-465;257;-211;260;102
336;-394
-363;-555;347
315
60
-134;358;441;-92
318
-542;861
-833
323
-74
225;-291;822;-682
-595;-454;374;-573;172;-799
994;377;506
-88
291;-165;150;330
-546;-328;90;683;-336;79
3;-869;470;-220
290;-650
832;-293;-186;-462
676;457
-194;836;107;-382
993;419;-228;-5;-428;-381
883
-657;-486
-531;-613
-890
23;-826;-188;379;-316;-989
124
-659;578;-757;443
396
-244;-75;-79
-699;205;221;-542;-96
929;-272
384;-514;-7;-14;62;239
-660;-517
159
160
370;47
-307;308;343;776;-74;397
424
114;-540
-242;83;195;137
-688
-275;-712;-478;-655;-48;-64
-727;-171;-861;-990
869;-998;-646;-823;317;-447
-833;499;539;-910
-545;-899;-27;-271
560;901;283
950;-222
-449;-803;354;421
226;-454;215;-464
-992
-388;-861
963;-378;201;-558
-888;-125;-752
803;-585;-79;-880
-595;120;-780
416;480;103
-913;-340;428;-944
-721;-970;-590
882;-246;903;-281
264;120;-810;557;878
-852;-740;998;-783;111
-628;874;253
-759
-874;170;-108;-974
-148;-421;119;199
700;831
663;952;173
944;-691
290;-136;-618;249;-139;-157
245;521
511
