-769
-513;325;-335
-277;-758
-426;159
272;38;-743;215;424;-475
-334;318
880;464;-616;-282;-397;990
-359;934;698;283
168;-172;524;-431;-895;-752
225;392;687
-753;-808
834;-307;70;-136;103;-539
330;-303
80;901;951;-249;139
-226;-61
543
800
932;683;-303
-243;276
90;-445;-960
-248;503;-731;511
-377;936
-888;73;-10;-142;766;-880
56
-482;82;-611;105;-431
569
-4;-88;409
288;30
416;-994
-665;505;814;47;-768
384;104;93
-434;-343;-318
453;437;123;-350;-735
327
-87
-547;-86;-439;408;572
401;-326;504;-671
65;-54;949;534;809;860
349
567;56;239
-864
-357;553;333;-158;-16
564;-207
-103
-965;790;390;-320
107
817;107;-813
818;420;329;-46;383
128;-386;-902;502;-124;156
-818;-341;822;-232;-59
178;-811
-261;228;411
-705;-804;-200;890;-875;-224
-469;87
126
260;379;-29;286
202;-285;-670;367
243;262;-892
-722;548;246;522;-12;830
-423;473;-523;-175
-392
-137
177;216
-490;349
-870;182;-442;218
148;-231;-361;-794;-698
-867;932;855
-668
411
-839;170
-515;-683;-591;95
-965;37;485;283
-674
161
-274;-147
-353;498;532
-695;-487;-474;-75;794;-766
260;-245;152
257;-427
427
-770;708;86;-249;-459
64;675;-408;-347;703
-165;-631;556;-192
-568;520;-346;-331;-219
-19;981;678;-24;-409
-361;696;958;111;319
834;181;823;455;808;-90
528;467;277;460
-375;-664;-620;-332;-62;575
946;19
-917;-63
-498;198;-920;169;-28;-926
945;-519;-762;-891;-12
-474
-989;767
489;-268;-317;990;95
-888;475;252;-575
-97;-199;854;-77
-818;-115;-132;-261;-442;-256
-1000
-385;-837;901;822
