0
33.13325330132052
53.661464585834324
63.98559423769507
65.18607442977189
78.39135654261703
78.51140456182472
87.27490996398558
91.71668667466986
92.19687875150059
94.9579831932773
95.91836734693877
96.3985594237695
97.71908763505401
98.4393757503001
98.55942376950779
98.67947178871547
99.39975990396157
99.39975990396157
99.51980792316925
99.63985594237694
99.63985594237694
99.75990396158463
99.75990396158463
99.87995198079231
99.87995198079231
99.87995198079231
99.87995198079231
100.0
100.0
100.0
100.0
100.0
100.0
100.0
100.0
100.0
100.0
100.0
100.0
100.0
100.0
100.0
100.0
100.0
100.0
100.0
100.0
100.0
100.0
100.0
100.0
100.0
100.0
100.0
100.0
100.0
100.0
100.0
100.0
100.0
100.0
100.0
100.0
100.0
100.0
100.0
100.0
100.0
100.0
100.0
100.0
100.0
100.0
100.0
100.0
100.0
100.0
100.0
100.0
100.0
100.0
100.0
100.0
100.0
100.0
100.0
100.0
100.0
100.0
100.0
100.0
100.0
100.0
100.0
100.0
100.0
100.0
100.0
100.0
100.0
