0
4.359333333333333
8.504666666666665
12.302666666666665
13.749999999999998
17.813333333333333
18.732
22.550666666666665
25.83533333333333
28.022666666666666
30.947333333333333
32.556666666666665
34.628
36.75533333333333
39.065333333333335
40.50533333333333
41.47666666666667
44.102
45.69
47.397999999999996
49.11266666666666
50.77266666666666
52.69866666666666
53.276666666666664
54.86666666666667
56.35733333333334
57.99866666666667
59.40866666666667
60.99
62.066
62.74466666666667
64.04933333333334
64.33133333333333
64.71133333333333
65.11133333333333
65.606
66.79333333333332
68.1
69.11999999999999
69.82199999999999
70.84466666666665
71.39799999999998
72.03666666666665
73.00199999999998
74.08466666666665
74.53933333333332
74.81999999999998
75.53399999999998
76.20199999999998
76.60933333333331
77.00866666666664
77.30266666666664
77.9233333333333
78.42133333333331
78.91999999999997
79.48399999999998
79.89266666666664
80.26466666666664
80.52599999999998
80.69866666666665
81.28999999999999
81.43599999999999
81.68733333333333
82.11
82.47
82.694
82.90066666666667
83.144
83.20933333333333
83.592
84.10933333333334
84.68066666666667
84.97266666666667
85.42733333333334
85.59933333333333
85.78466666666667
85.98466666666667
86.388
86.58266666666667
86.73533333333333
86.92066666666666
87.30199999999999
87.35733333333333
87.53066666666666
87.85133333333333
88.04533333333333
88.33466666666666
88.39666666666666
88.54866666666666
88.93933333333332
89.014
89.16199999999999
89.23466666666666
89.34533333333331
89.41399999999999
89.55666666666666
89.73666666666666
89.96133333333333
90.02133333333333
90.20533333333333
90.45066666666666
