-81;101;89;-176
256;-263;-253;237;143;-112
-162;-212;-213
-242;212;-264;204;78;-64
80;72;169;-173;124;126
78
10;-155;-171;44
69;-264;265;109;126;159
145;19;53;122
-83;274;198;143
240;-225;209;-116;-38;-91
92
208;142
-68;-55;90
-241;49;-136;202;27;-128
194;131;196;120;-156
168
105
-33;225;193;-35;45;-95
192;-250;13
48;-54;-156;-205;-127
98;228;-8;-77;-126
-33;-179;-20;-171;142;-112
-275;142;78
2;-228;-165;86;220;140
256;208;-227;214;150;31
263;232;137
-209;-68;99;-200;-172;173
-83;70;-23;89;92;45
63
